20000.0002	4.89507	4.7459	4.74799	4.93064	5.14739	4.87917	4.89026	4.78259	4.99569	4.88515	4.91687	5.09179	4.87491	4.87339	4.93679
20000.0002	5.42909	5.36307	5.31013	5.28929	5.3874	5.42526	5.39198	5.51818	5.26619	5.20704	5.29247	5.56914	5.56334	5.28162	5.3732
20000.0002	5.91966	6.29929	6.07002	5.85409	5.90141	5.83302	6.12533	6.08765	6.09412	5.94427	6.16817	6.14292	6.06287	6.05066	6.05984
20000.0002	6.99032	7.45231	7.47364	7.27386	7.23246	7.15987	7.26118	7.22829	7.31221	7.24929	7.04929	7.29574	7.07749	7.11785	7.2201
20000.0002	8.83855	9.0194	9.02189	9.14014	8.90102	9.10424	8.958	8.77712	8.92575	8.93639	9.00983	8.9837	9.05237	8.76578	9.00175
20000.0002	11.4838	11.7118	11.7141	11.6761	11.5924	11.9445	11.5616	11.3467	11.5918	11.4224	11.5533	11.754	11.4701	11.6496	11.614
20000.0002	15.5265	15.2039	15.1564	15.1055	15.2125	15.2698	15.3802	15.5818	15.2906	15.4945	15.5887	15.659	15.5928	15.699	15.1278
20000.0002	20.7518	20.8084	20.3615	20.4316	20.7363	20.6142	20.8496	20.8111	21.0784	20.6201	20.5176	20.7281	20.5704	20.7523	20.6947
20000.0002	26.3038	26.7667	26.4331	26.4866	26.4206	26.2999	26.5933	26.9221	26.1989	26.3911	26.5828	26.3054	26.5298	26.8327	26.5227
20000.0002	31.2463	31.6928	31.52	31.3528	31.1229	31.2333	31.2591	31.7197	31.3749	31.5561	31.3836	31.5697	31.6048	31.6358	31.613
20000.0002	34.2285	34.3418	33.951	33.9531	34.1589	33.9582	34.1438	34.3196	34.011	34.2671	33.7095	34.0943	34.5043	34.1134	34.2821
20000.0002	35.4806	35.6122	35.14	35.4988	35.593	35.0626	35.2526	35.3351	35.1696	35.7009	35.259	35.6638	35.5026	35.5355	35.5338
20000.0002	36.5525	36.1938	35.9787	36.151	35.7885	36.2317	35.971	36.1378	35.982	35.7521	36.1393	36.2434	36.072	36.0355	36.0047
20000.0002	36.6844	36.2397	36.7524	36.5044	36.6639	36.4003	36.3587	36.2947	36.2094	36.0528	36.4337	36.6523	36.3607	36.2539	36.6911
20000.0002	36.3847	36.8872	36.963	36.9902	36.5638	36.897	36.6747	36.6086	36.7576	36.3396	36.2817	36.6863	36.6332	36.7043	36.6217
20000.0002	36.7706	36.6418	36.7426	36.8689	36.4533	37.0138	36.5461	36.6931	36.9057	36.93	36.5041	36.9728	36.7006	36.6717	36.7477
20000.0002	36.7658	36.695	36.7806	36.3269	37.1799	36.6876	36.8809	36.9751	37.0449	36.8545	36.7641	36.6696	36.9781	36.7614	36.9877
20000.0002	36.7035	36.91	36.6424	36.8333	36.7738	37.1922	36.5583	36.6296	37.0233	36.7506	37.0878	36.6911	36.7484	36.8894	36.8459
20000.0002	36.8883	36.8081	36.9501	36.5596	36.6615	36.6128	36.6402	36.951	36.698	36.7774	36.2587	36.8271	36.7383	36.5617	36.3675
20000.0002	36.5048	36.6073	36.0586	36.7392	36.7117	36.5764	36.8006	36.3735	36.2749	36.393	36.5048	36.5092	36.4	36.6302	36.3424
20000.0002	36.0121	36.2358	35.7564	35.9256	35.7406	36.2341	36.1111	35.5568	36.3629	35.745	36.1827	35.8904	36.136	36.0032	36.1316
20000.0002	35.5082	35.3189	35.1127	35.3884	34.9103	35.3349	35.1107	35.4357	35.3771	35.0452	35.546	35.1333	35.1818	35.3817	35.4708
20000.0002	34.0028	33.799	34.0618	34.188	33.8343	33.9475	33.8309	33.4976	34.2846	33.9721	34.1274	34.1134	33.7487	34.3513	33.7537
20000.0002	32.5423	31.8095	32.2095	32.0224	32.4293	32.0196	32.1021	32.2459	32.2824	32.2662	32.3406	32.5014	31.9452	32.1675	32.2199
20000.0002	30.0222	29.8312	29.9794	30.074	30.0477	30.3669	30.0047	30.121	29.9991	30.1586	30.4691	30.067	30.0466	30.214	30.0915
20000.0002	27.5812	27.7808	27.4745	27.6814	27.8191	27.6453	27.9641	27.4144	27.7774	27.6948	27.4403	27.9553	27.509	27.3642	27.459
20000.0002	24.7881	24.9205	25.4592	25.0222	25.0265	25.0162	24.9739	25.0269	25.2303	24.9309	24.6407	25.3613	24.9913	24.9697	25.0007
20000.0002	22.6997	22.7889	22.5431	22.5903	22.3566	22.6323	22.2539	22.4308	22.4483	22.5305	22.7844	22.7367	22.7629	22.7411	22.2567
20000.0002	20.3776	20.1491	20.2056	20.3181	19.962	19.9893	20.1021	20.3481	19.9683	20.0336	20.0255	20.1949	20.2089	20.0222	19.9489
20000.0002	18.1683	17.6484	18.0233	17.938	18.088	18.0798	17.8206	18.3033	17.7591	18.1189	18.2481	18.268	18.1848	18.0415	17.9236
20000.0002	16.1872	15.814	16.4155	16.0468	16.1071	15.9217	15.9055	16.3245	15.9745	16.2899	16.181	16.2267	15.9779	15.6712	15.9354
20000.0002	14.4077	14.3728	14.3669	14.0222	14.1708	14.1829	14.2264	14.4304	14.5861	14.1305	14.2215	14.3122	14.4787	14.1303	14.3287
20000.0002	12.7715	12.8819	12.8609	12.847	12.6767	12.814	12.9471	12.5929	12.7528	12.5912	12.7606	12.7069	12.856	12.5934	13.0255
20000.0002	11.3396	11.2477	11.4456	11.4483	11.4872	11.4641	11.6225	11.4052	11.2479	11.4305	11.1798	11.4043	11.2237	11.4756	11.244
20000.0002	10.1392	9.99832	10.4188	10.434	10.0769	10.3347	10.317	10.333	10.4866	10.2413	10.1892	10.232	10.3177	10.2184	10.2158
20000.0002	9.28626	9.32603	9.58986	9.15166	9.17778	9.36042	9.18383	9.46341	9.37009	9.32869	9.46096	9.45476	9.36017	9.39485	9.37755
20000.0002	8.42973	8.49233	8.43383	8.3707	8.52792	8.58778	8.44788	8.63248	8.4594	8.64585	8.49984	8.42968	8.58109	8.37686	8.31758
20000.0002	7.65082	7.70497	7.83449	7.68302	7.71574	7.81318	7.93422	7.80618	7.89529	7.70185	7.81972	7.74284	7.88862	7.84513	7.79063
20000.0002	6.99048	7.01401	6.92633	6.96624	7.28441	7.24936	7.13414	7.00711	7.29064	7.05119	6.92279	7.23928	7.13431	7.00486	7.08377
20000.0002	6.54319	6.81081	6.62553	6.71095	6.687	6.49019	6.64783	6.47652	6.64718	6.62904	6.62352	6.84128	6.67872	6.53927	6.60379
20000.0002	6.028	6.22238	6.23436	6.24107	6.14569	6.31855	6.1227	6.06776	6.05549	5.82367	6.12987	6.47636	5.99197	6.21698	6.21539
20000.0002	5.61546	5.80557	5.76673	5.78434	5.83538	5.68318	5.84114	5.89142	5.69966	5.66775	5.9154	5.75111	5.73715	5.59053	5.80014
20000.0002	5.33785	5.41784	5.348	5.38673	5.19826	5.38751	5.34841	5.24994	5.28319	5.32472	5.44555	5.55079	5.46901	5.42074	5.55119
20000.0002	5.06558	5.09039	5.25435	5.29581	5.24066	5.24674	5.1146	5.1777	4.9937	5.10244	5.09768	5.03774	5.12991	5.33069	5.22229
20000.0002	5.00747	4.81409	4.79131	4.95238	4.77583	4.90827	4.95487	4.935	4.89413	4.85516	4.63451	4.84647	4.92518	4.90891	4.85951
20000.0002	4.71981	4.74753	4.69675	4.61679	4.7088	4.73481	4.8217	4.70271	4.80817	4.60604	4.75742	4.86983	4.7318	4.8375	4.72345
20000.0002	4.62169	4.68206	4.5033	4.34903	4.66796	4.53408	4.6683	4.47139	4.42419	4.34701	4.57006	4.61524	4.50937	4.41095	4.7197
20000.0002	4.56081	4.6016	4.49497	4.44094	4.4127	4.32445	4.4332	4.46417	4.52021	4.46758	4.32825	4.49015	4.4293	4.39543	4.24724
20000.0002	4.38887	4.40508	4.36935	4.46014	4.29482	4.55711	4.45953	4.59043	4.34549	4.64328	4.08262	4.48745	4.28822	4.25565	4.33708
20000.0002	4.31753	4.37726	4.08567	4.27009	4.17947	4.41353	4.40818	4.31944	4.42787	4.32926	4.34715	4.45928	4.20689	4.26833	4.33076
20000.0002	4.41656	4.15066	4.3621	4.31371	4.18738	4.27483	4.34781	4.28107	4.22478	4.19458	4.33708	4.28812	4.22108	4.19585	4.2008
20000.0002	4.28027	4.26007	4.3061	4.42346	4.14326	4.16175	4.24622	4.28257	4.27693	4.28861	4.43616	4.15802	4.3179	4.13613	4.20859
20000.0002	4.33247	4.44223	4.43996	4.19615	4.25169	4.24611	4.31044	4.20626	4.14533	4.10337	4.25019	4.3346	4.35669	4.18923	4.30903
20000.0002	4.22124	4.06086	4.39225	4.30033	4.38636	4.32852	4.2702	4.34625	4.2204	4.29222	4.34216	4.28752	4.0962	4.2853	4.26187
20000.0002	4.19351	4.29667	4.46702	4.17669	4.20527	4.2394	4.2542	4.27966	4.42754	4.29426	4.26922	4.14746	4.22487	4.18889	4.22446
20000.0002	4.2604	4.17525	4.23145	4.08106	4.36548	4.28429	4.30797	4.42934	4.4056	4.20031	4.37292	4.20713	4.48367	4.30719	4.33274
20000.0002	4.43816	4.15748	4.48713	4.35736	4.38999	4.35024	4.27805	4.3313	4.36419	4.43153	4.41091	4.20674	4.22268	4.59574	4.27818
20000.0002	4.37196	4.30048	4.48297	4.47392	4.45596	4.38441	4.15513	4.2966	4.41173	4.37941	4.41904	4.39317	4.44129	4.42967	4.42505
20000.0002	4.60905	4.51772	4.5472	4.53375	4.4524	4.62392	4.29012	4.4464	4.43026	4.41392	4.3501	4.42027	4.512	4.44088	4.49937
20000.0002	4.65678	4.69166	4.68541	4.73225	4.49108	4.53444	4.48101	4.51388	4.74212	4.59255	4.7583	4.67859	4.58953	4.71963	4.55706
20000.0002	-0.027021	-0.0132337	-0.0497254	0.0238436	0.0643806	-0.0208255	-0.0567293	-0.0215935	0.0696458	-0.00883463	0.0578909	0.0199104	0.00853289	0.0273784	-0.0828939
20000.0002	-0.00117217	-0.0111644	0.027713	0.0514186	-0.000573916	0.127652	-0.0624726	-0.0151423	0.00151937	-0.0756136	0.0155377	-0.119547	0.0586141	0.02546	0.0284517
20000.0002	0.0376364	0.0379338	-0.0154909	0.00527038	0.0365416	0.0333509	0.0522281	-0.0276356	-0.0351952	0.026101	-0.12725	0.0988067	-0.0706741	-0.0747461	-0.0277466
20000.0002	-0.00358372	0.06028	-0.00824241	-0.0411668	-0.194972	0.0344211	0.0624057	0.0255803	-0.0907293	-0.0172109	-0.0498429	0.0307692	0.0527227	0.0703264	-0.0116061
20000.0002	0.0196142	-0.00581419	0.0791511	0.00234561	0.0950772	0.0408827	-0.110631	0.0119135	0.0494406	-0.0837744	0.0965269	0.0865529	0.178079	-0.0706429	-0.0700666
20000.0002	-0.0120041	-0.146681	0.078562	0.0693046	0.163584	-0.0390283	0.0395956	-0.105413	-0.0175755	0.0410366	-0.0102838	-0.00173749	0.166774	-0.0612367	-0.0990279
20000.0002	-0.0220903	-0.108476	0.100358	0.0348693	-0.0278614	-0.0471132	0.108437	0.00743236	-0.0639373	0.0178809	0.0323557	0.0769323	0.0872533	-0.0117711	0.00444297
20000.0002	0.0297887	0.0146585	0.0995121	0.137964	-0.078695	0.0947416	-0.109433	-0.0541319	-0.0280041	-0.0487612	0.08861	-0.179973	-0.112597	-0.0813592	-0.0719836
20000.0002	-0.172816	0.0887156	0.103688	0.10339	-0.00267573	-0.106586	-0.130804	-0.0309383	0.0317161	0.0217803	-0.0723671	0.071676	-0.00390182	-0.103399	0.0236167
20000.0002	-0.157294	-0.0875906	0.0531865	-0.0638699	0.00746119	-0.108271	-0.0683509	-0.126237	0.057615	0.0641776	-0.00419252	-0.139221	-0.0677974	0.0253132	-0.0491335
20000.0002	0.133128	-0.0905422	0.171586	0.133845	0.0128128	-0.109856	-0.0516176	-0.138981	0.12889	-0.0997542	0.12319	-0.0167156	0.106634	-0.0133502	0.0418832
20000.0002	-0.0991186	0.0884812	0.0763732	0.0449821	0.0403554	0.000780283	-0.0655046	0.0535146	-0.143461	-0.0339143	0.114697	-0.154601	0.12747	-0.00522037	0.00214949
20000.0002	0.0515344	-0.0522029	-0.0782686	0.037173	0.173709	0.157065	0.115678	-0.0545929	0.119994	-0.0110229	-0.00896391	-0.0619673	-0.0843723	-0.0905127	0.0262968
20000.0002	0.0937607	0.0744534	0.0617777	0.0752626	0.098143	-0.0227675	-0.0368523	0.358135	-0.055448	-0.144379	0.0974628	-0.059021	0.043921	-0.0225321	-0.128509
20000.0002	0.0478034	0.0697065	0.120385	0.192394	0.0908251	0.00734348	0.137291	-0.0987935	-0.0937394	0.0321717	-0.0174943	0.0100113	-0.000613198	-0.0362371	0.118341
20000.0002	-0.118954	0.10439	0.00121169	-0.12362	0.226654	-0.0717432	0.139312	-0.136726	0.00932534	-0.100372	0.0573256	0.0266959	-0.183991	-0.0782883	-0.0438786
20000.0002	-0.0812536	0.0949569	0.0130057	0.0958283	-0.0662321	-0.00501807	-0.19089	0.0805002	0.0157066	0.0197944	0.0299193	-0.109586	-0.0301818	-0.0127836	0.0382172
20000.0002	0.13456	0.0251445	0.148958	0.0630122	-0.0849529	0.00457717	-0.0269018	-0.0605307	0.0321801	0.0326452	-0.0109557	0.0564374	0.0400571	-0.0412615	-0.125503
20000.0002	0.127664	0.0542313	0.0124067	0.0752188	-0.0573806	0.0402049	-0.0717891	0.0214673	0.150045	0.0264905	0.094205	-0.050333	-0.0314837	0.00318037	0.0561293
20000.0002	0.0228147	0.00644404	0.0322443	-0.0980024	0.0680941	-0.130905	0.0690577	0.0518987	0.0793234	0.0325889	-0.0795979	-0.22293	-0.066277	0.0430966	0.0739976
20000.0002	-0.158493	0.0155557	-0.0324362	0.203801	-0.0373309	0.0343165	0.112112	0.0767292	-0.0507771	0.109038	-0.00346972	0.0286723	-0.00589819	-0.017634	-0.0245283
20000.0002	0.0608342	0.00169967	-0.0490269	-0.115298	-0.0977039	0.0591231	0.033921	0.0334569	0.126299	-0.0340477	-0.0586764	0.0597889	0.0739893	-0.0481377	-0.049042
20000.0002	0.0149296	-0.0439098	-0.000418554	-0.0017146	-0.0601766	0.132136	0.0840226	0.119123	0.00811639	0.00192208	0.0317101	-0.0541827	0.0224949	-0.1224	-0.162727
20000.0002	-0.038307	-0.0384664	0.000976487	0.0141718	0.0422485	0.129354	-0.0265831	0.053675	0.0478289	-0.012434	-0.0220162	-0.0222049	0.10431	0.0218227	-0.0420652
20000.0002	0.000497358	0.0255894	0.0329182	0.00183251	0.102614	0.0143727	-0.0635804	-0.110985	-0.0749121	0.0572713	0.0450503	-0.0467842	-0.0388638	-0.0242864	0.150849
20000.0002	0.0771178	0.10547	-0.0792772	-0.0264776	0.124483	-0.114893	-0.0129215	-0.129014	-0.000118618	-0.0208398	-0.0118194	0.13185	-0.0402382	0.0459643	0.0909774
20000.0002	-0.0391003	-0.0821817	-0.098308	0.0812075	-0.0899207	0.141752	-0.00649535	0.0376358	-0.0708782	-0.0308101	0.0538602	-0.129324	0.142319	0.00310957	-0.103135
20000.0002	-0.0503089	0.0101575	-0.0841118	0.121976	0.00621369	-0.000824834	0.0351818	0.0139362	-0.0698984	0.307412	0.0556584	-0.0462814	-0.219808	0.11921	0.0559452
20000.0002	-0.0307126	-0.00437623	0.10718	0.000896966	0.0623655	-0.00988554	-0.0648056	0.0122574	0.0704248	0.0302479	-0.00969066	0.0712105	-0.0161581	0.00906953	-0.00648653
20000.0002	-0.0570656	0.0579387	0.176689	-0.0574037	0.0354976	0.121089	-0.0173674	-0.0811563	-0.104334	0.0315472	0.137706	0.000654796	-0.113991	-0.0605271	0.111663
20000.0002	-0.0607925	-0.224521	0.0516837	0.0134307	-0.0731494	-0.0165196	0.104049	-0.0548052	-0.0712686	-0.047483	-0.0373962	-0.036845	-0.0561034	-0.0549312	0.0765244
20000.0002	0.00692694	-0.0332073	-0.162945	-0.0256578	0.135797	0.0097265	-0.148383	0.0384512	-0.145581	0.0360225	-0.0689974	0.00302446	-0.0102041	-0.113277	0.122428
20000.0002	0.126405	-0.0640725	0.0649658	-0.0135395	-0.0449748	-0.0685089	-0.0337652	0.07923	0.0578369	-0.00986463	-0.00383196	-0.0574197	0.0256855	-0.0450408	0.10166
20000.0002	0.00266374	-0.0365785	-0.107633	0.0592758	-0.0285724	0.0267277	-0.00201775	0.0571205	0.0118207	-0.0171112	0.0188837	0.0497067	0.04477	-0.117997	-0.0109841
20000.0002	-0.00860888	-0.106398	-0.00579193	0.100055	0.0353775	0.000378538	-0.0816223	0.0782042	0.00150621	0.0771542	0.013495	-0.00955116	-0.0393101	0.0545091	-0.113085
20000.0002	0.0263385	0.087062	-0.246274	0.0652269	0.0462191	0.0398075	0.0249527	-0.0334002	0.00822093	0.00388514	0.0894578	0.00866283	-0.147885	0.0373411	-0.0313596
20000.0002	0.0358308	-0.0441439	-0.0330855	-0.00962541	-0.0425689	0.0195596	-0.00843681	0.0722744	-0.0766699	0.0367524	-0.0184996	0.075212	0.0301888	0.00485756	-0.0375571
20000.0002	0.0180934	0.0485154	0.0448362	0.105441	0.0646845	0.0412208	0.00987345	-0.00875263	0.0544099	-0.107929	0.0289385	0.0960655	-0.0921974	0.0726814	0.0249268
20000.0002	-0.0580005	0.0913204	-0.00185408	-0.0215434	-0.0544173	0.0312556	0.00600115	0.00213442	0.0227208	-0.0455741	0.0508388	0.0352775	-0.00216503	-0.0455903	0.0648584
20000.0002	0.0491937	0.00730295	-0.0554942	-0.0479531	0.0340888	-0.074376	0.0412519	-0.032831	0.0746817	0.0745385	0.142179	-0.00312058	0.00302589	-0.0805039	0.0256234
20000.0002	-0.0227251	0.0852421	-0.0363592	0.0283252	-0.00222478	-0.0179456	0.00129816	0.0527691	0.0995945	0.0103384	0.0175621	-0.0288748	0.0137721	0.126153	0.0186879
20000.0002	0.036447	-0.04426	0.0343412	0.0196744	-0.0435361	0.11072	0.0862574	-0.000722148	0.0202745	0.098438	0.0135831	0.0616736	0.00934934	0.00966248	-0.0197419
20000.0002	-0.0120101	-0.0953837	-0.0292082	-0.0334172	-0.00216599	-0.0251747	-0.0114112	0.0151317	-0.0628534	-0.0106082	0.0145548	0.0483403	0.0454185	-0.00835558	0.0134084
20000.0002	0.053357	0.0169088	-0.00567694	0.0294552	-0.00681488	3.70822e-05	-0.0181818	0.00858051	-0.0469539	0.0120984	0.0251671	-0.0336059	0.00243458	0.0400654	0.0512192
20000.0002	0.103313	-0.000327404	-0.022177	-0.0796315	0.0329312	-0.0286779	-0.0533551	0.043167	0.0442209	-0.0526374	-0.028933	-0.0132582	-0.0139847	0.0348317	-0.0856931
20000.0002	0.0559149	0.0445267	-0.0426028	0.0255925	0.00913242	0.0472952	0.0460166	0.099336	0.0447054	-0.0265287	0.0402496	0.0384545	0.0497698	-0.0624038	0.0898483
20000.0002	-0.00872403	-0.0279127	-0.0188734	-0.0366509	0.00764767	-0.0012839	0.0384697	0.0659795	-0.0667928	0.0146309	-0.045216	-0.0212461	0.00622491	0.0981785	-0.0477405
20000.0002	0.0381344	-0.0359584	-0.0349378	0.0339266	0.00370432	-0.0572243	-0.0660781	-0.0315306	-0.0967027	-0.00206782	0.00564714	0.0177052	-0.000287256	-0.109353	0.0392155
20000.0002	0.0291034	0.0244333	-0.0316811	-0.0770629	0.0696366	-0.0593151	-0.0365389	0.0371231	0.0292351	-0.0681831	0.0305553	0.0267364	0.0162709	0.0391699	-0.0928187
20000.0002	0.0396924	-0.0061455	0.01718	0.0625631	-0.0189174	0.00235485	-0.0382334	-0.0575558	-0.0222568	0.0137664	0.025513	-0.0298817	0.00245415	0.0807196	0.0409947
20000.0002	0.0324021	0.0833119	0.011049	0.00213844	-0.019223	-0.0482693	-0.0165127	-0.0171952	-0.0232717	-0.0719161	0.0118477	0.037149	-0.0100226	0.0544668	0.0435577
20000.0002	0.0209761	-0.0298682	0.0428881	0.0787232	-0.0528035	-0.0151508	0.0331894	0.0295472	-0.0551344	0.0641824	-0.0321229	0.031445	-0.023857	0.0506006	-0.0320581
20000.0002	-0.0516469	-0.0839444	0.0872895	0.0243164	-0.006585	-0.038027	0.0297754	-0.0727732	0.047328	0.0845679	-0.0471144	-0.0276626	-0.0389323	0.0140817	-0.0142889
20000.0002	0.0446391	0.0668178	0.0495569	0.0376943	0.00386333	-0.0536608	-0.0210722	-0.0165205	-0.0871497	0.0489721	0.0345765	0.0541412	0.0932636	-0.02089	-0.0707624
20000.0002	-0.0203834	-0.0928992	-0.0324051	-0.0611361	0.0148361	0.0764942	0.0717585	0.03674	-0.0530624	0.0579865	-0.0958025	0.0652954	0.050279	-0.04143	-0.0135928
20000.0002	-0.0620709	-0.0102976	-0.0331461	-0.0176349	0.0132046	-0.013035	0.0312668	0.026348	-0.0125368	-0.0970108	0.120115	0.0502968	-0.0374777	0.0270093	-0.0126502
20000.0002	-0.0242333	0.0270994	0.0582015	-0.025632	-0.0372136	-0.00429426	0.0559488	0.0376368	-0.0165534	0.0412794	-0.0798637	0.050035	0.039625	-0.0280084	-0.0443874
20000.0002	0.0269224	-0.00533073	-0.0274165	0.00529231	0.0593323	0.0186575	0.0453754	-0.0177458	0.0274458	0.0242463	0.0774143	-0.00415715	-0.0318805	0.0477132	-0.0163935
20000.0002	0.0522782	0.0156659	0.0133763	-0.0216781	-0.0175659	0.115486	0.0514555	0.0547403	-0.00625874	-0.0397781	0.0197086	0.00701585	0.0192149	-0.0271128	0.0141676
20000.0002	-0.106989	-0.0382373	0.0226103	0.0233419	0.0139945	0.0010239	0.0685213	-0.0274869	0.00787446	-0.058824	0.0974521	-0.0379611	0.0360276	-0.0190168	-0.0154617
20000.0002	4.81306	4.75084	4.62017	4.92696	5.07981	4.9371	4.95998	4.95011	5.0266	4.93053	4.85515	5.14998	4.85649	4.79814	5.09439
20000.0002	5.46366	5.31191	5.38105	5.30373	5.4089	5.41663	5.46527	5.42585	5.2351	5.22781	5.31635	5.47328	5.37282	5.3356	5.34013
20000.0002	5.95691	6.25169	6.14518	5.92412	6.13495	5.89406	6.15204	6.07518	5.98215	5.93423	5.95495	6.15539	5.91153	6.05082	5.99982
20000.0002	7.13626	7.31562	7.27408	7.21251	7.14755	7.32063	7.12212	7.09384	7.17686	7.18713	7.06301	7.28554	6.98235	7.08965	7.17144
20000.0002	8.82227	8.99511	8.85813	9.02423	8.96108	9.00837	8.97108	8.73755	8.88319	8.83295	8.76716	8.94258	9.03088	8.77662	8.62715
20000.0002	11.5296	11.7184	11.5718	11.4734	11.5349	11.765	11.6194	11.3489	11.6221	11.3786	11.6457	11.7458	11.4648	11.5417	11.5136
20000.0002	15.5702	15.2857	15.2145	15.3086	15.1832	15.1597	15.3552	15.5795	15.4377	15.5034	15.6581	15.6031	15.5638	15.3752	15.2462
20000.0002	21.1614	21.1305	20.8116	20.6794	21.0903	21.0095	21.021	21.0028	20.958	20.932	20.8033	21.082	20.6879	20.9785	20.8155
20000.0002	26.967	27.1392	27.1658	27.1043	26.9004	26.7963	27.071	26.9881	26.6089	26.736	27.0345	26.6528	26.9987	27.3171	26.9132
20000.0002	31.9019	32.287	32.0259	31.7767	31.7519	32.0244	32.0247	31.9665	32.2811	32.0502	32.3259	31.7178	32.143	32.297	31.8064
20000.0002	34.6259	34.4488	34.5768	34.4241	34.382	34.3662	34.8336	34.5804	34.4903	34.5999	34.4609	34.4614	34.6926	34.6114	34.4162
20000.0002	35.7606	35.6546	35.757	35.6231	35.8234	35.4295	35.687	35.5193	35.5149	35.7341	35.1771	35.4244	35.5098	35.5871	35.6743
20000.0002	36.4256	36.4153	36.2948	36.0961	35.8554	36.4217	36.0341	36.1356	36.1464	36.1629	36.362	36.22	36.2899	36.1428	36.3222
20000.0002	36.8822	36.2529	36.7723	36.6189	36.6681	36.2713	36.6103	36.4739	36.5026	36.2625	36.4403	36.6021	36.3949	36.1703	36.845
20000.0002	36.7219	37.181	36.8697	36.9367	36.591	36.9258	36.8135	36.7171	36.7167	36.6732	36.2134	36.7947	36.5471	37.0486	36.5221
20000.0002	36.7102	36.4183	36.7365	36.6011	36.4192	36.8532	36.6557	36.9632	36.7133	36.8997	36.7274	36.8067	36.9017	36.4497	36.7433
20000.0002	36.9413	36.7654	36.691	36.6912	37.0038	36.7323	37.1476	36.9558	37.2535	36.6821	36.6759	36.5018	36.8807	36.904	36.8817
20000.0002	36.7306	36.8002	36.5525	36.6652	36.7508	37.0112	36.7268	36.9383	37.1193	36.8304	37.1838	37.0005	36.6087	36.8741	37.0564
20000.0002	36.9386	36.8591	36.7197	36.6413	36.7366	36.5859	36.5551	36.5862	36.6543	36.9382	36.2709	36.8086	36.9534	36.8866	36.6527
20000.0002	36.6803	36.568	36.3691	36.6719	36.78	36.7888	36.7848	36.3937	36.5555	36.8237	37.0424	36.5681	36.6165	36.802	36.3046
20000.0002	36.3397	36.3442	35.8761	36.287	36.1594	36.378	36.2072	35.8573	35.8285	35.8876	36.193	35.9216	36.3588	36.0376	36.1206
20000.0002	35.5013	35.5137	35.4561	35.6381	35.3367	35.5861	35.246	35.5906	35.4278	35.3427	35.6286	35.7441	35.2974	35.7198	35.6465
20000.0002	34.2425	34.0632	34.436	34.6585	34.2435	34.2084	33.9339	33.8402	34.258	34.173	34.0943	34.1255	34.2372	34.4529	34.2523
20000.0002	32.5747	32.3071	32.5019	32.2043	32.3756	32.0685	32.2503	32.2087	32.267	32.3765	32.3256	32.4392	32.3989	32.2018	32.2837
20000.0002	30.5502	30.0114	29.7889	30.0189	30.3721	30.2568	30.2811	29.9747	29.8223	30.3715	30.5819	30.4499	30.3407	30.3519	30.2461
20000.0002	27.7691	27.7416	27.425	27.8561	27.8657	27.906	27.8699	27.8274	28.0648	27.6337	27.5734	27.8743	27.6024	27.198	27.7265
20000.0002	25.063	24.9515	25.1283	24.7634	25.0356	25.0665	25.1232	25.0949	25.2909	24.9204	24.8634	25.1123	25.0428	25.1742	25.1663
20000.0002	22.7529	22.5079	22.5464	22.4282	22.5327	22.2433	22.7275	22.2477	22.3875	22.7358	22.8017	22.9315	22.6553	22.7896	22.8411
20000.0002	20.1994	20.2969	20.4233	20.0911	20.0399	20.031	20.4016	20.4463	20.3629	20.0925	19.9597	20.2835	20.2086	19.9364	20.2626
20000.0002	17.9725	17.8796	18.19	18.1837	18.0491	17.9472	17.9593	18.3442	17.866	18.0669	18.3082	18.2583	18.2418	18.3576	18.0925
20000.0002	16.1522	16.1265	16.3138	16.2435	16.2653	16.2268	16.0919	16.4329	16.1882	16.1	16.1416	16.0737	16.1174	15.7277	15.751
20000.0002	14.2174	14.0644	14.3706	14.1779	13.9676	14.0441	14.0927	14.2654	14.353	14.1964	13.9846	14.4337	14.6333	14.2621	14.3435
20000.0002	12.8072	12.7055	12.9378	12.8977	12.631	12.8959	12.9146	12.8067	12.6069	12.4733	12.5869	12.7382	12.7888	12.5271	13.057
20000.0002	11.5048	11.3047	11.5466	11.4104	11.5149	11.5753	11.4189	11.4296	11.3975	11.3527	11.2495	11.2852	11.2237	11.37	11.5296
20000.0002	10.1708	10.0872	10.328	10.5576	10.331	10.2332	10.4752	10.5545	10.4798	10.4202	10.2584	10.3226	10.4138	10.2999	10.132
20000.0002	9.23162	9.34178	9.35047	9.19105	9.1285	9.23107	9.4296	9.52103	9.41166	9.21353	9.43914	9.48951	9.22401	9.43775	9.45549
20000.0002	8.69022	8.47347	8.40419	8.43668	8.69657	8.44914	8.457	8.47738	8.47557	8.39734	8.59202	8.5451	8.55087	8.40296	8.2723
20000.0002	7.51224	7.77138	7.88695	7.70453	7.70906	7.87482	7.81274	8.0593	8.03461	7.73298	7.91421	7.84673	8.03071	7.80112	7.69737
20000.0002	7.16423	7.12356	6.86096	7.02623	7.17459	7.11508	7.20478	6.9769	7.414	7.04986	6.93964	7.23778	7.21713	7.00214	7.15561
20000.0002	6.57209	6.81795	6.63916	6.7389	6.71572	6.47525	6.46531	6.55648	6.66978	6.60441	6.36099	6.6524	6.65294	6.52274	6.57615
20000.0002	5.9445	6.32431	6.30782	6.30457	6.11205	6.14253	6.23032	6.13991	5.94945	5.83839	6.04925	6.39695	5.85512	6.25505	6.01174
20000.0002	5.65138	5.60207	5.80257	5.74002	5.98693	5.67038	5.82205	5.84579	5.56735	5.6426	5.75078	5.95341	5.73346	5.59768	5.94534
20000.0002	5.39363	5.43371	5.52212	5.42894	5.28051	5.47998	5.47389	5.315	5.42288	5.51434	5.39897	5.38203	5.43605	5.63519	5.56315
20000.0002	4.9918	5.2755	5.29574	5.29928	5.24631	5.40057	5.23909	5.17761	5.18225	5.04078	5.17098	5.12	5.03827	5.11024	5.31402
20000.0002	5.03016	4.68664	4.73945	5.03175	4.82688	4.89551	4.90689	4.85479	4.96321	4.88383	4.77635	4.72049	4.85614	4.99377	4.86331
20000.0002	4.64112	4.52552	4.72331	4.74467	4.75312	4.81563	4.82876	4.74094	4.72847	4.72415	4.6486	4.73026	4.75619	4.71152	4.77123
20000.0002	4.64745	4.57028	4.30898	4.38745	4.6989	4.53146	4.5628	4.48917	4.71	4.49896	4.41386	4.55214	4.5532	4.48431	4.66087
20000.0002	4.5385	4.6252	4.35188	4.46663	4.53468	4.48958	4.48307	4.35032	4.52472	4.45871	4.30945	4.4553	4.36347	4.43467	4.21839
20000.0002	4.42133	4.52079	4.51228	4.4041	4.38149	4.43601	4.44566	4.40392	4.39782	4.57626	4.18304	4.41454	4.40907	4.34999	4.28639
20000.0002	4.1387	4.61786	4.39705	4.35587	4.17592	4.34493	4.20541	4.32851	4.29039	4.44269	4.43527	4.38006	4.16766	4.26182	4.46443
20000.0002	4.29939	4.25013	4.33387	4.28814	4.32774	4.2544	4.35436	4.23919	4.24219	4.23175	4.30277	4.47059	4.4485	4.37346	4.20734
20000.0002	4.27581	4.21078	4.29811	4.2703	4.08898	4.18192	4.34965	4.21873	4.31563	4.13216	4.21701	4.17227	4.33029	4.16123	4.23695
20000.0002	4.17392	4.36247	4.33466	4.23988	4.15253	4.34458	4.21079	4.30298	4.17304	4.09342	4.30087	4.45204	4.2202	4.36664	4.44278
20000.0002	4.26143	4.0609	4.1844	4.11139	4.33044	4.22046	4.30484	4.29956	4.35805	4.11416	4.29781	4.34471	4.23395	4.27231	4.28087
20000.0002	4.25667	4.28079	4.37257	4.28693	4.29057	4.2823	4.40397	4.30054	4.32957	4.29398	4.17821	4.22248	4.24447	4.34321	4.24077
20000.0002	4.29824	4.23455	4.20766	4.31321	4.40421	4.33774	4.29703	4.38271	4.40348	4.31864	4.37542	4.17823	4.37626	4.29229	4.15056
20000.0002	4.41953	4.32742	4.41475	4.30431	4.33907	4.27704	4.34097	4.28884	4.33622	4.48251	4.4374	4.16862	4.17569	4.45036	4.37105
20000.0002	4.27609	4.20306	4.3711	4.357	4.40474	4.48624	4.26579	4.33028	4.35788	4.3758	4.49991	4.31721	4.32082	4.37595	4.44549
20000.0002	4.58515	4.60306	4.55783	4.47824	4.48746	4.5828	4.4317	4.4754	4.30557	4.36731	4.24971	4.43582	4.44383	4.51823	4.46932
20000.0002	4.68461	4.53978	4.7173	4.65204	4.5095	4.53792	4.52676	4.50328	4.72726	4.63724	4.68873	4.70655	4.68221	4.76561	4.60456
