20000.0002	5.1315	4.87152	5.01034	4.66975	5.00945	5.05792	4.81388	4.90336	4.90211	4.79662	4.99151	4.83303	4.77202	4.84723	4.94687
20000.0002	5.36586	5.23105	5.49402	5.40389	5.30935	5.39116	5.26984	5.50877	5.35683	5.31758	5.2358	5.41907	5.40625	5.2121	5.36802
20000.0002	6.00496	5.94134	6.18125	6.31176	5.98041	6.00575	5.9153	6.01471	6.08548	6.19975	6.04308	6.11334	6.14394	6.0476	6.0531
20000.0002	7.21442	7.14149	7.22886	7.19326	7.32614	7.22097	7.15921	7.24621	7.25185	7.4289	7.29498	7.28272	7.15356	7.19611	7.32127
20000.0002	9.22814	9.07329	8.7992	8.93708	8.87395	9.2579	9.07801	8.73775	9.18255	8.97422	8.97188	8.9382	9.24592	9.05908	8.71841
20000.0002	11.4208	11.7292	11.7647	11.5408	11.5916	11.6425	11.7877	11.9188	11.7684	11.6546	11.3349	11.5457	11.6788	11.5431	11.3522
20000.0002	15.5833	15.5385	15.3742	15.6148	15.3266	15.1888	15.5749	15.4089	15.7662	15.5293	15.5289	15.2702	15.4072	15.763	15.4459
20000.0002	20.3219	20.7085	20.7093	20.4242	20.9959	20.8273	20.8055	20.68	20.2796	20.8057	20.7504	20.7082	20.8129	20.54	20.3538
20000.0002	26.4983	26.3253	26.7254	26.6536	26.4819	26.9698	26.6106	26.6039	26.4557	26.7359	26.6678	26.428	26.3094	26.2786	26.1996
20000.0002	31.6267	31.361	31.3524	31.4778	31.4959	31.4707	31.5989	31.4072	31.5532	31.3128	31.378	31.3603	31.4037	31.6104	31.3186
20000.0002	33.9286	34.1603	34.2694	34.1682	34.0958	34.4329	34.0668	34.1009	34.4122	33.8362	34.0615	33.8562	33.6265	34.1507	34.1513
20000.0002	35.3683	35.3803	35.2493	35.4269	35.4121	35.4573	35.3082	35.2002	35.0955	35.5303	35.463	35.2107	35.1416	35.5231	35.3397
20000.0002	36.1964	35.6626	35.696	36.3086	35.9055	35.8887	35.9724	36.086	35.8563	36.1183	35.8592	36.0271	35.7866	35.8982	36.0505
20000.0002	36.6893	36.1396	36.1911	36.6449	36.2461	36.5269	36.2697	36.1784	36.0194	36.4761	36.4976	36.3968	36.5686	36.0604	36.3109
20000.0002	36.3052	36.7685	36.6744	36.7951	36.5081	36.6155	36.6307	36.5969	36.4838	37.0174	36.2319	36.6738	36.242	36.2327	36.3602
20000.0002	36.931	36.5095	36.9701	36.5633	36.7881	36.3974	36.5969	36.6902	36.8874	36.4648	36.8671	36.68	36.8444	36.4834	36.5807
20000.0002	36.7386	36.8264	36.9195	36.4788	37.0823	36.6106	36.4157	36.6886	37.1313	36.5555	36.7652	36.8389	37.2051	36.8414	36.4039
20000.0002	36.9211	36.4955	36.7664	36.5667	36.8773	37.1497	36.376	36.6663	36.5749	36.4981	36.6202	36.81	36.7814	36.7839	36.8675
20000.0002	36.4671	36.6162	36.7308	36.3535	36.5193	36.7158	36.8859	36.6321	36.6454	36.7166	36.4178	36.6698	36.7714	36.5555	36.7547
20000.0002	36.4198	36.5495	36.2536	36.5617	36.3855	36.6021	36.0231	36.7073	36.3552	36.3804	36.3973	36.1591	36.2438	36.643	36.4913
20000.0002	36.2227	36.0782	35.6264	35.8985	35.9121	36.1405	35.923	36.0961	35.8652	36.183	36.528	36.414	35.9727	35.9218	35.7272
20000.0002	35.1463	35.134	35.2439	35.3499	35.0226	35.3936	35.1067	35.1245	35.2562	35.3972	35.2062	35.364	35.4098	35.1694	35.0378
20000.0002	33.7707	34.1502	34.0016	33.9191	34.0568	34.0653	34.0346	33.9968	33.7698	33.7985	33.7365	34.0511	34.0785	33.9148	33.9329
20000.0002	32.1057	32.1281	32.4037	32.44	32.3019	32.3145	31.9051	32.2081	32.2638	32.1612	32.3181	32.3504	32.0244	32.1603	32.2705
20000.0002	29.6728	29.9108	30.1376	30.1432	30.2104	30.0667	29.7069	30.2437	29.9569	30.3902	29.7701	29.8328	29.8207	30.1611	30.2192
20000.0002	27.503	27.5984	27.6994	27.8304	27.8894	27.447	27.4404	27.9086	27.8563	27.6985	27.7977	27.6318	27.5998	27.4259	27.6584
20000.0002	24.93	24.837	25.0431	24.9958	24.9052	24.8383	25.1002	25.159	24.7456	25.4229	25.2852	24.7682	25.1914	25.2203	24.8559
20000.0002	22.721	22.5492	22.6312	23.105	22.6389	22.6128	22.4807	22.8204	22.3667	22.545	22.3989	22.5378	22.8277	22.2686	22.5485
20000.0002	20.6805	20.1767	20.4959	20.0726	20.1099	20.2374	19.8819	20.2296	20.2201	20.0538	20.3341	20.2253	20.115	20.5685	20.2154
20000.0002	18.1919	18.2575	17.8505	18.4141	18.2584	18.2169	17.8679	17.9073	18.1023	17.9847	18.0219	18.0121	17.9327	18.1544	17.8384
20000.0002	15.9333	15.8366	16.0804	16.3198	16.317	16.1061	15.8424	16.0468	16.1558	16.3066	16.2396	16.1583	16.0473	16.5435	16.1818
20000.0002	14.3921	14.268	14.2982	14.2493	14.4459	14.4252	14.4165	14.553	14.4935	14.4803	14.4817	14.3551	13.9906	14.2535	14.0989
20000.0002	12.5285	12.9562	12.8878	12.83	12.9755	12.9461	12.7497	12.9888	12.9195	13.0066	13.083	12.8325	12.7546	12.6712	12.8103
20000.0002	11.402	11.4023	11.5011	11.8475	11.4	11.5034	11.5157	11.5678	11.5879	11.6508	11.6506	11.5163	11.4438	11.6959	11.429
20000.0002	10.0936	10.0289	10.2386	10.5473	10.1437	10.3573	10.2639	10.3022	10.2623	10.5857	10.3399	10.1888	10.405	10.2913	10.7145
20000.0002	9.35483	9.47111	9.33506	9.40795	9.24062	9.35956	9.34963	9.38508	9.37762	9.27609	9.49248	9.34945	9.53483	9.03974	9.41309
20000.0002	8.27192	8.60455	8.48643	8.49072	8.64619	8.51562	8.39843	8.31008	8.50955	8.51728	8.32858	8.70908	8.40487	8.2611	8.56431
20000.0002	7.73477	7.64843	7.75964	7.66815	7.73861	7.8516	7.69714	7.84417	7.66472	7.69649	7.73158	7.8749	7.77393	7.71895	8.02815
20000.0002	7.07652	6.90405	6.92274	7.22179	7.08022	6.95715	7.12417	7.22524	7.26558	7.26893	7.05391	7.36995	7.12689	6.91277	7.19466
20000.0002	6.78021	6.45231	6.46669	6.54187	6.79971	6.5215	6.53392	6.63931	6.71409	6.42524	6.51116	6.76339	6.44317	6.51361	6.38128
20000.0002	5.99335	6.19956	6.02708	6.07115	6.25341	6.1011	6.0704	6.1458	6.45291	6.08407	6.14107	6.08059	6.0113	6.21798	6.33474
20000.0002	5.75483	5.75394	5.76429	5.85716	5.95959	5.75163	5.74462	5.76032	5.90728	5.77247	5.73099	5.73197	5.77371	5.84553	5.86951
20000.0002	5.39801	5.30407	5.35382	5.56687	5.32568	5.43156	5.36272	5.28794	5.44935	5.57828	5.41001	5.15515	5.1629	5.51958	5.5182
20000.0002	5.29235	5.18111	5.12967	5.40612	5.10467	5.01033	5.25161	5.14497	5.13796	5.23864	5.04117	4.93618	5.23828	5.04684	5.21411
20000.0002	5.14367	4.81949	4.77475	4.83506	4.88188	4.87659	4.93146	4.73347	4.83553	4.97838	4.85688	4.85285	5.05191	5.026	4.79802
20000.0002	4.75238	4.63646	4.75239	4.69407	4.78835	4.75489	4.63957	4.67719	4.66884	4.8411	4.60419	4.69753	4.64638	4.45213	4.71947
20000.0002	4.52238	4.73572	4.61748	4.53742	4.6465	4.55206	4.42845	4.6957	4.61181	4.62737	4.58017	4.5357	4.58386	4.30965	4.52215
20000.0002	4.59227	4.34692	4.45354	4.37969	4.53296	4.50309	4.43949	4.39245	4.4671	4.41771	4.33713	4.42067	4.39032	4.49129	4.45091
20000.0002	4.44194	4.46852	4.44539	4.35718	4.33896	4.39287	4.22344	4.45537	4.32455	4.5242	4.42177	4.24634	4.288	4.27804	4.20538
20000.0002	4.38152	4.3963	4.34228	4.1824	4.52228	4.2447	4.23753	4.31271	4.30186	4.22528	4.45166	4.21002	4.33431	4.28914	4.21868
20000.0002	4.251	4.266	4.35544	4.15773	4.19675	4.20945	4.19678	4.21222	4.41034	4.26084	4.44871	4.33679	4.22006	4.26771	4.35692
20000.0002	4.2538	4.26999	4.1443	4.21418	4.07053	4.35866	4.32912	3.97762	4.3344	4.39024	4.27427	4.37733	4.24794	4.40595	4.22937
20000.0002	4.15663	4.22992	4.1747	4.2334	4.15496	4.29738	4.1988	4.1561	4.3338	4.14875	4.19498	4.25873	4.27911	4.23923	4.16338
20000.0002	4.33888	4.19113	4.21795	4.233	4.302	4.36742	4.36818	4.21502	4.3118	4.36076	4.11232	4.3121	4.28022	4.25536	4.2113
20000.0002	4.31585	4.34546	4.34981	4.24011	4.25525	4.34775	4.32299	4.18606	4.26869	4.37468	4.18319	4.26413	4.19609	4.38097	4.19529
20000.0002	4.38311	4.31413	4.2325	4.22227	4.24176	4.1875	4.32637	4.35626	4.32377	4.31081	4.24556	4.52747	4.41133	4.51429	4.30525
20000.0002	4.19119	4.4358	4.25342	4.15964	4.31891	4.26354	4.42364	4.36581	4.52212	4.44816	4.31302	4.28165	4.40413	4.46371	4.56641
20000.0002	4.27711	4.47213	4.45733	4.40301	4.41923	4.30531	4.58495	4.53789	4.4091	4.36716	4.5688	4.34832	4.52058	4.58067	4.46049
20000.0002	4.56495	4.55847	4.43743	4.65222	4.54867	4.50032	4.6453	4.37449	4.71553	4.4871	4.54404	4.45744	4.47967	4.3471	4.59513
20000.0002	4.94988	4.58811	4.6354	4.67393	4.67537	4.49247	4.55876	4.57276	4.78488	4.67482	4.63312	4.68639	4.62425	4.64293	4.72636
20000.0002	0.0403919	0.0213653	-0.0113436	-0.0748558	-0.0797362	-0.00265151	0.00807093	-0.0382843	-0.0700229	0.0206869	0.101976	-0.0692714	-0.103842	0.050346	0.0560929
20000.0002	0.0728656	0.0354015	-0.0221085	0.118117	-0.0128407	0.0459289	-0.071343	-0.00931369	-0.0427053	0.0246145	0.0421266	0.0604742	0.0367997	0.0409055	-0.0279854
20000.0002	-0.0467108	0.0188237	-0.0449341	-0.0904046	-0.0178648	0.0345918	0.0513645	0.0268206	0.0330565	-0.0442292	0.0241132	-0.022083	0.0230187	-0.0103414	0.0549774
20000.0002	0.0761718	0.0229673	0.0422911	0.0572092	0.0161156	-0.0817587	0.0468367	0.00294503	-0.117168	-0.0374464	0.0307411	0.0136677	0.0693772	0.1115	0.0579094
20000.0002	0.0240116	-0.0239526	0.034162	0.00339627	-0.0657587	0.00166007	-0.129438	-0.0380527	-0.0257365	0.0322308	-0.0463353	-0.0681425	-0.0406275	-0.0470633	-0.0321589
20000.0002	-0.0857057	-0.0267196	-0.0088943	-0.0767518	0.00693624	-0.0401768	0.00246473	-0.0974854	-0.0516311	-0.0810128	0.0190681	0.0244918	0.0555191	-0.00453274	-0.185634
20000.0002	-0.0817501	0.1553	-0.07808	-0.0187918	0.10943	-0.0720305	-0.0289243	-0.0529887	0.0677517	-0.0360076	0.0471892	-0.0303688	0.0324037	0.0117575	0.0727861
20000.0002	0.0401283	0.103359	0.0240102	0.0165769	0.0779733	-0.00990808	-0.0562096	0.0595367	-0.0577804	0.0751933	0.107003	-0.0623025	-0.059158	0.0608566	0.152869
20000.0002	0.106751	0.204444	0.146219	-0.041601	0.00650545	0.0526757	0.168542	-0.0930862	-0.062716	-0.0883498	0.00405168	0.167998	-0.0517082	0.0677184	0.0737979
20000.0002	0.0417497	0.0734579	0.0297373	0.0135775	-0.0906914	-0.0773518	0.0128013	0.0768008	-0.00956008	0.0603058	0.00485499	0.0314948	0.171414	-0.0264278	0.021137
20000.0002	-0.118068	0.0206466	0.00518903	0.0649106	0.0193672	-0.0135231	-0.157942	0.0457136	-0.00154402	-0.0635258	0.0461452	0.0684608	-0.0694601	-0.139557	0.0431793
20000.0002	-0.062075	0.0806536	0.0406534	0.0203698	-0.135735	0.032527	0.098634	-0.0929501	0.0248377	-0.0693389	-0.0604322	0.213734	-0.0178681	-0.0695007	-0.0299249
20000.0002	-0.0513498	-0.044851	0.166048	0.0514611	-0.0876285	0.0704348	-0.00851045	0.0416439	-0.115684	0.150539	0.185437	0.112166	-0.0695655	0.0419255	0.120781
20000.0002	-0.0288282	0.0962687	0.0228734	0.0266075	0.0159984	0.0142074	-0.0516173	-0.074528	-0.0751808	0.00463668	0.0320676	0.0411809	0.12824	0.141489	-0.0223108
20000.0002	-0.0397357	-0.101151	-0.0194031	0.0261072	-0.0490297	-0.13209	0.222631	0.0614162	0.0689176	-0.102326	-0.0243951	0.0604847	-0.0830721	-0.115029	-0.126255
20000.0002	0.0403926	0.0289537	0.109526	0.132095	-0.051804	-0.037622	-0.0978009	0.133824	0.0618718	0.0106664	-0.0869146	-0.0168234	-0.0554408	0.0578	-0.0663505
20000.0002	-0.131636	-0.0862135	0.00866031	-0.0543313	-0.173327	0.00881283	-0.133538	-0.0423079	0.0863217	-0.0211491	-0.0747975	-0.0792409	0.0727436	-0.0713947	0.0855703
20000.0002	0.0308966	-0.00458791	0.0486459	0.0810065	-0.165409	-0.0128518	0.0200194	-0.0296497	0.106172	-0.022661	0.0618413	0.0556019	-0.0322006	0.0633859	0.0492081
20000.0002	-0.0735956	0.121454	0.0541316	-0.018729	0.0382256	0.106362	0.0553949	0.0592094	-0.100487	-0.0346905	-0.040344	0.0113577	-0.0571939	0.0554522	-0.0684199
20000.0002	-0.0362117	-0.058475	-0.0694361	0.0410448	0.00348386	-0.0608342	-0.0260191	-0.137777	0.0128535	0.0767913	0.0931039	-0.173351	0.139925	0.0211731	-0.00448718
20000.0002	0.0179268	0.308427	-0.077458	-0.0357544	-0.121006	-0.0735214	0.093854	-0.170805	0.101531	0.0199499	-0.0743064	-0.0507419	0.0618033	-0.0253328	-0.111471
20000.0002	-0.127876	0.0766838	-0.0281924	0.0167313	-0.133031	0.209368	0.0829581	-0.0768199	-0.0714043	-0.0368919	0.0550667	-0.0330328	0.0201506	0.0326292	0.0496549
20000.0002	0.0700381	0.0243173	-0.0582977	-0.00342189	-0.126514	0.0279908	-0.123006	0.00599935	-0.0437052	0.0425036	-0.0255968	0.0525883	0.000743688	-0.0177497	0.0352854
20000.0002	-0.111621	-0.00821723	0.0929018	-0.116879	0.108083	-0.182218	-0.0205294	0.0576486	0.106695	0.0582601	-0.136049	-0.0209404	-0.0158299	-0.0343096	0.0320342
20000.0002	-0.0592531	0.0329203	0.0459359	0.16866	-0.0350852	-0.0896297	-0.118423	0.0360244	-0.0202319	0.0964222	0.027503	0.0865914	-0.24054	0.0325316	-0.00492464
20000.0002	0.0535882	0.0215784	-0.0913963	-0.14794	0.0744121	0.0191432	0.0443136	0.0460524	0.0747137	0.137291	0.0642565	-0.152652	0.105906	-0.0228665	-0.0101707
20000.0002	-0.0356982	-0.10357	0.0502188	0.0888562	0.166243	0.0503185	-0.0732632	-0.132491	-0.0103005	-0.0541377	-0.0134858	0.0395341	-0.0264894	-0.158668	0.0283159
20000.0002	0.01342	0.108361	0.167302	-0.0558239	0.121656	0.111674	-0.0547553	0.0796306	0.0707449	0.100092	-0.0559435	0.189659	0.121558	0.076303	-0.0814319
20000.0002	-0.141997	-0.0509141	0.0646028	-0.0966341	0.166038	-0.242106	0.0530714	0.063138	0.0569763	-0.0265078	0.153204	-0.114034	0.0323096	0.207439	-0.108565
20000.0002	0.0122322	-0.0667523	0.0944226	-0.00271661	-0.0508148	0.0177395	-0.033116	-0.0209324	0.102934	0.0731014	0.0289994	0.0494574	0.0185282	0.125545	-0.0798684
20000.0002	0.0366804	0.0259967	-0.0889929	-0.0278035	0.0873148	-0.0274041	0.0904806	0.0634504	0.00774229	0.0402351	0.0732719	-0.032091	0.101473	-0.0270282	0.0252619
20000.0002	-0.000967133	-0.0267088	-0.0731276	0.0174632	0.00813618	-0.036077	-0.0629288	0.0452144	-0.0641013	-0.112028	0.0025324	-0.0558604	-0.0038361	0.172013	0.0283727
20000.0002	-0.0403086	0.0923777	0.0719531	-0.000302865	-0.0870288	-0.038291	0.0347825	-0.0909122	0.00895877	0.0866457	0.0468756	0.0312939	0.0323992	-0.0641883	0.000245619
20000.0002	0.0323113	0.03117	-0.00497935	-0.0167807	0.0136122	0.0313281	-0.00597035	-0.0958898	-0.0357194	-0.0680044	-0.0696878	-0.0239443	-0.102222	0.0920951	0.00803216
20000.0002	0.076891	0.0131607	0.00862022	-0.000761036	0.103243	-0.0148003	-0.00688016	0.00981234	-0.0508914	-0.131822	-0.0147626	0.0690262	-0.114184	-0.0277528	-0.0293166
20000.0002	0.0331823	-0.00722077	0.0635671	-0.0109712	-0.0809904	-0.0932702	-0.0611025	-0.0731161	0.0103757	-0.0043064	0.0827622	0.00192834	-0.0430648	-0.0417408	-0.0804299
20000.0002	0.0700159	0.00697864	0.0526191	-0.0203335	0.0284602	0.0211509	0.0479291	0.00440912	-0.0810504	0.0115931	0.00706434	-0.0335766	0.0116382	0.0318367	-0.121802
20000.0002	-0.0554454	-0.0749933	-0.0777877	-0.00309181	0.0743547	-0.0160559	0.0207406	0.0216141	-0.00515639	-0.0185331	0.0473938	-0.175664	0.0391698	0.00714005	-0.0589279
20000.0002	0.0661759	-0.0194121	-0.0460509	-0.00969682	-0.0660546	-0.0456355	0.0490855	-0.0423302	0.0451628	-0.0639897	-0.111293	-0.0513981	0.0494574	0.101735	-0.0403623
20000.0002	-0.02797	0.00997393	0.0168815	0.0367202	0.0100186	0.0208296	0.0380826	-0.0187789	-0.0735284	0.0174062	0.050174	-0.0335625	-0.0640187	0.0805128	-0.0451003
20000.0002	0.045362	0.0184011	0.0222053	0.0547842	-0.0149081	-0.00564248	-0.0380133	-0.00181011	0.123391	-0.0371821	-0.0471891	0.0167035	-0.0299759	0.0340327	-0.0102088
20000.0002	0.0273827	0.00672523	-0.0413137	-0.0520627	0.00531122	-0.0121262	-0.0200285	-0.0440236	0.0214231	-0.0616805	-0.0707144	0.0115724	-0.0496557	0.0368184	0.0134259
20000.0002	-0.0386567	-0.0708725	0.0250913	-0.0203153	0.0314403	-0.00683158	0.0547216	0.0258421	-0.0567512	-0.05598	-0.0109383	-0.0034094	-0.00878318	-0.0150798	-0.0100893
20000.0002	-0.0470416	-0.0566943	-0.0500257	-0.00419559	-0.0348748	0.0229475	0.0104767	-0.00164532	0.000213686	-0.081672	-0.0140952	0.0013915	0.0204826	-0.0594969	-0.016818
20000.0002	0.0385566	-0.0397855	0.000133427	-0.0365792	0.0495283	-0.0564343	0.056021	0.0325946	0.128659	-0.0406244	-0.102802	-0.0852332	0.00112749	-0.0391667	-0.043958
20000.0002	-0.0288943	0.0861681	0.0158162	0.0635301	0.00768573	-0.00126626	0.0874049	-0.00023514	-0.0215287	-0.0276341	-0.134377	-0.0512459	0.0162081	-0.0377682	0.0439107
20000.0002	-0.0527694	0.0470836	-0.0310935	0.00636896	-0.0398669	0.0135292	0.0186908	-0.0741061	-0.0392604	0.0171586	-0.0085026	0.0713571	0.0675947	0.057455	0.0380039
20000.0002	0.0062977	0.101141	-0.110995	-0.0542267	-0.104511	0.0352385	0.0701097	-0.0217294	-0.0277517	0.00948098	0.020932	-0.0313455	-0.0201084	0.0276222	-0.0631071
20000.0002	0.0623419	0.1266	-0.0382011	0.00148089	-0.039811	0.0507388	0.00543279	0.0946517	-0.136487	0.0845665	-0.020477	-0.0666106	0.000172558	0.0844869	-0.048793
20000.0002	0.00752324	-0.0860126	-0.039474	0.0254088	0.0797714	0.0441329	0.00460254	0.0316869	0.0217832	-0.0507052	-0.0408791	-0.11441	-0.0106667	0.0436776	0.0519723
20000.0002	0.0400762	-0.0685963	-0.031518	0.000302413	-0.0449586	-0.0153981	-0.0330051	-0.0243703	0.0607006	0.00740948	-0.050471	-0.00557878	-0.0783345	0.0557435	-0.0764347
20000.0002	-0.0535065	9.53786e-05	0.0211854	0.038319	-0.00634984	-0.0312896	0.00288563	0.0133402	0.0317679	-0.0501487	0.00784327	0.0153161	0.066659	0.0356643	-0.0623916
20000.0002	0.0491104	-0.0476048	-0.0284011	0.0203761	0.151184	-0.0294973	0.0105334	0.0183018	-0.0213539	0.00690282	0.00340871	0.0222128	-0.0146124	0.0375875	-0.0275901
20000.0002	0.0615273	-0.0452593	-0.0850355	-0.0587813	0.0109384	0.0175682	-0.0525975	0.0855567	-0.00956337	-0.0337771	-0.0145189	0.0297429	0.0531807	0.0153377	-0.00759349
20000.0002	-0.0109508	0.0648317	-0.00530522	-0.0119742	-0.00165582	-0.0487367	0.148455	-0.072809	0.0239811	-0.00137366	-0.00933483	-0.0490256	0.0274408	0.040911	-0.0130348
20000.0002	-0.0294058	0.0129281	0.0625444	-0.146775	0.0191992	-0.00739713	-0.0354844	0.0198073	-0.0337651	0.0393511	-0.00950795	-0.0599764	-0.0112844	0.0411763	-0.0210531
20000.0002	0.0230711	0.0307651	-0.0835148	-0.00425893	-0.00975518	-0.0919481	-0.0182901	-0.0365209	0.0383355	-0.0206444	-0.0978299	0.0491745	0.0102171	-0.0576607	-0.00912393
20000.0002	-0.00256584	0.047614	0.0765984	0.0254875	-0.0166368	0.112617	0.0253518	0.0259679	-0.0718679	-0.0104742	0.00600562	-0.0119296	-0.0597893	-0.0148125	0.101053
20000.0002	0.0651133	0.00364508	0.0116184	-0.0814714	-0.015392	0.0387786	0.0178229	0.0419113	0.0409216	-0.0251763	-0.00110791	0.0574663	-0.0514596	-0.0444179	0.0599023
20000.0002	0.0687243	0.0327875	-0.0941538	0.0162286	-0.0143507	0.0763936	0.0346523	0.0757022	-0.0403899	0.0198968	-0.0366747	0.00327228	-0.0503939	-0.0467065	0.0266413
20000.0002	5.04064	4.83672	4.85838	4.71617	4.93041	4.9296	4.84671	4.94156	4.78033	4.84627	4.87953	4.77261	4.7522	4.81799	4.95199
20000.0002	5.32265	5.38052	5.42282	5.28466	5.35824	5.31561	5.26615	5.46696	5.26767	5.24297	5.2587	5.33422	5.48283	5.23261	5.3211
20000.0002	6.09484	5.86587	5.95179	6.05362	5.91707	6.0185	5.99156	6.07733	6.03679	6.03785	6.05298	5.91633	6.03279	6.04605	6.00467
20000.0002	7.31185	7.10501	7.26446	7.07859	7.25057	7.05631	7.15326	7.17344	7.10057	7.20318	7.40199	7.16726	7.26944	7.21131	7.29356
20000.0002	9.18194	8.88629	8.64361	8.86418	8.95262	9.03368	8.97468	8.99892	9.25198	9.04617	8.82731	8.949	9.07728	8.96434	9.00509
20000.0002	11.2972	11.7262	11.5436	11.3777	11.6523	11.678	11.6033	11.5636	11.6768	11.6499	11.3555	11.34	11.5429	11.4802	11.2227
20000.0002	15.6242	15.2404	15.3413	15.928	14.9712	15.2842	15.5114	15.4913	15.7441	15.3128	15.424	15.3544	15.3136	15.6005	15.4944
20000.0002	20.5423	20.9498	20.648	20.7039	21.1424	20.9617	21.0342	21.0829	20.575	20.9152	20.6987	20.6978	21.0699	20.7332	20.7735
20000.0002	27.0241	27.1491	27.2221	27.1451	26.7464	27.2572	26.8961	26.7819	27.1048	27.2228	26.7858	27.103	26.84	26.5641	26.6664
20000.0002	32.0448	32.1943	31.9342	32.2787	32.1717	31.7435	31.6914	31.943	31.8045	32.1322	32.06	32.0338	32.1349	32.0737	31.8439
20000.0002	34.4822	34.5469	34.4139	34.113	34.6016	34.6432	34.3534	34.5466	34.4877	34.4333	34.4094	34.1836	34.2214	34.6991	34.7021
20000.0002	35.7458	35.7301	35.2161	35.5817	35.7128	35.531	35.6404	35.4959	35.4711	35.8316	35.5422	35.5081	35.5394	35.7731	35.6166
20000.0002	36.0674	35.8894	36.2078	36.4084	35.9926	35.8265	36.0022	36.0753	36.2011	36.0434	35.9942	36.1549	35.9997	36.0887	35.9614
20000.0002	36.661	36.2921	36.2378	36.4001	36.3291	36.523	36.5558	36.5104	36.2204	36.1929	36.5446	36.2738	36.471	36.3028	36.6109
20000.0002	36.6073	36.95	36.6611	36.8143	36.6435	36.637	36.6626	36.642	36.6997	36.7253	36.3861	36.7217	36.5788	36.1097	36.5697
20000.0002	36.9747	36.7875	37.0595	36.5643	36.7507	36.8599	36.6515	36.685	36.8174	36.5617	36.8904	36.6555	36.7519	36.6729	36.7293
20000.0002	36.7788	36.9198	36.5514	36.345	36.7862	36.6013	36.4862	36.7868	37.067	36.6439	36.8018	36.7501	37.0088	36.6597	36.4957
20000.0002	36.9381	36.6431	37.019	36.7796	37.1067	37.183	36.3095	36.6328	36.6604	36.4946	36.2893	37.0343	36.8619	36.9272	36.7031
20000.0002	36.8149	36.8336	36.7434	36.5992	36.6725	36.6511	36.9318	36.5823	37.002	36.7106	36.4612	36.9045	36.592	36.5213	36.6763
20000.0002	36.6991	36.7905	36.3724	36.6462	36.4382	36.305	36.3593	36.8137	36.7298	36.638	36.5727	36.335	36.3244	36.6146	36.7034
20000.0002	36.199	36.075	35.7877	36.0046	36.1233	36.0258	36.1104	36.0199	36.0329	36.3587	36.3594	36.5233	36.1359	36.0767	35.8466
20000.0002	35.4469	35.3699	35.607	35.3696	35.4081	35.5576	35.4554	35.1511	35.4002	35.5345	35.6657	35.5258	35.367	35.1087	35.5643
20000.0002	34.0425	34.5511	33.9873	34.2231	34.5635	34.466	34.1705	33.9255	34.0281	34.0177	33.8663	33.924	34.3233	33.9626	34.182
20000.0002	32.5503	32.3342	32.4863	32.367	32.2743	32.2182	32.2223	32.658	32.4547	32.0461	32.4336	32.216	32.0518	31.9556	32.3235
20000.0002	29.9749	30.001	30.1598	30.3597	30.5569	30.4493	29.9404	30.1403	29.7331	30.4859	29.8691	29.6583	29.6897	30.1686	30.3369
20000.0002	27.9456	27.7107	27.8328	27.8524	27.8867	27.7489	27.49	27.7867	28.0196	27.5453	27.6193	27.9292	27.791	27.5176	27.4172
20000.0002	25.0686	24.874	24.9455	25.0531	24.869	25.0511	25.0782	25.3575	24.7413	25.2819	25.2835	25.1115	25.2036	25.386	25.25
20000.0002	22.6629	22.6688	22.8504	22.9598	23.0846	22.8165	22.8403	22.6934	22.5072	22.1245	22.4207	22.6073	22.7467	22.2696	22.4127
20000.0002	20.5557	20.355	20.3925	20.0298	20.2413	20.281	20.0635	20.3762	20.2963	20.1374	20.3692	19.9652	20.091	20.7303	20.3487
20000.0002	17.9614	18.1686	17.9094	18.468	18.2809	18.0205	18.1992	17.792	17.8168	18.034	18.0529	18.0402	17.799	18.0512	17.8493
20000.0002	15.7645	15.7094	16.4818	16.3567	16.2088	16.2622	16.0406	15.9226	15.962	16.1409	16.0763	16.2281	16.1547	16.2612	16.0892
20000.0002	14.1763	14.3239	14.3727	14.2066	14.4397	14.5775	14.5503	14.2936	14.3968	14.3838	14.335	14.2852	14.0816	14.2801	14.0041
20000.0002	12.6109	12.8806	13.0544	12.8565	13.0396	12.859	12.6404	12.9043	12.8373	12.9359	12.854	12.8525	12.8264	12.8397	12.8477
20000.0002	11.5039	11.499	11.6151	11.5768	11.4028	11.462	11.3875	11.562	11.442	11.6615	11.513	11.481	11.6151	11.3391	11.4263
20000.0002	10.3238	10.1658	10.215	10.4848	10.3808	10.3255	10.3413	10.3365	10.2057	10.5618	10.2737	10.0518	10.0818	10.3761	10.5066
20000.0002	9.31208	9.33238	9.4314	9.54567	9.33157	9.52681	9.46434	9.54558	9.41076	9.33251	9.32428	9.38217	9.47625	9.21692	9.41132
20000.0002	8.33374	8.59423	8.69379	8.6052	8.54124	8.42734	8.37146	8.3102	8.49573	8.55922	8.41259	8.70769	8.40659	8.27982	8.75703
20000.0002	7.54102	7.59592	7.66145	7.81295	7.63226	7.67216	7.77281	7.75209	7.69858	7.65715	7.84547	7.80165	7.7336	7.66689	7.76515
20000.0002	7.07916	7.15119	6.9284	7.18409	7.15413	7.02771	7.31431	7.0966	7.59429	7.27819	7.10796	7.32128	7.02913	6.88034	7.13471
20000.0002	6.64206	6.45163	6.52599	6.45164	6.7379	6.61291	6.50401	6.44182	6.6587	6.45142	6.49982	6.7033	6.48034	6.45398	6.38376
20000.0002	5.91766	6.03638	6.07219	6.20596	6.22149	5.97483	6.0306	6.13677	6.33554	6.1125	6.32699	6.11518	5.98078	6.24894	6.17311
20000.0002	5.83654	5.70636	5.78415	5.82728	5.87794	5.78971	5.77303	5.78689	5.64442	5.81448	5.81869	5.59614	5.74182	5.8845	5.80789
20000.0002	5.45066	5.42858	5.52549	5.36922	5.42674	5.47979	5.37882	5.25405	5.42732	5.48532	5.49567	5.07924	5.22615	5.39831	5.40787
20000.0002	5.1391	5.25151	5.35377	5.28735	5.07895	5.08715	5.19575	5.11147	5.14325	5.21998	5.15368	5.09145	5.14997	5.2246	5.18605
20000.0002	5.10128	4.78508	4.93875	4.79191	4.94846	4.87224	4.84617	4.84929	4.83693	4.87671	4.78008	4.93318	4.95392	4.72763	4.80516
20000.0002	4.59334	4.59859	4.73281	4.80954	4.8748	4.7407	4.63345	4.6594	4.57998	4.79674	4.43163	4.60432	4.79698	4.63781	4.81899
20000.0002	4.61201	4.67124	4.62179	4.6271	4.52037	4.67867	4.55246	4.55658	4.61558	4.61469	4.36661	4.58134	4.66442	4.46472	4.50391
20000.0002	4.47775	4.40893	4.51098	4.41461	4.50709	4.39066	4.44711	4.28521	4.29276	4.46124	4.46386	4.3979	4.47317	4.43187	4.34147
20000.0002	4.34534	4.52062	4.38526	4.32184	4.29118	4.41239	4.37281	4.31763	4.35286	4.4899	4.56065	4.25903	4.33104	4.3632	4.36718
20000.0002	4.36217	4.42026	4.35865	4.1137	4.2369	4.46489	4.27027	4.27926	4.10404	4.21315	4.34491	4.17674	4.20094	4.38935	4.30025
20000.0002	4.20502	4.38973	4.22255	4.23808	4.34175	4.08821	4.18935	4.28474	4.43777	4.24554	4.42381	4.44651	4.18978	4.25524	4.3107
20000.0002	4.10683	4.37386	4.20433	4.21313	4.08188	4.41059	4.42806	4.00336	4.29387	4.48653	4.31229	4.37358	4.11283	4.29856	4.27004
20000.0002	4.27715	4.27628	4.13888	4.22737	4.20235	4.31642	4.16498	4.23332	4.3689	4.28903	4.27054	4.42714	4.13868	4.16674	4.20842
20000.0002	4.37017	4.19512	4.17351	4.23285	4.40692	4.41017	4.46268	4.34628	4.29322	4.29314	4.08931	4.12417	4.21991	4.05429	4.24721
20000.0002	4.43041	4.28869	4.38194	4.24791	4.21507	4.31583	4.29759	4.0998	4.20029	4.21414	4.18286	4.29913	4.24274	4.33927	4.30752
20000.0002	4.24776	4.37116	4.09687	4.33404	4.24925	4.18912	4.39324	4.20243	4.39824	4.39642	4.31078	4.46105	4.31568	4.43915	4.30079
20000.0002	4.18889	4.28765	4.38606	4.20215	4.38981	4.32303	4.27884	4.28726	4.43334	4.39268	4.34109	4.31754	4.3326	4.24286	4.50936
20000.0002	4.39134	4.41391	4.58039	4.57729	4.49319	4.42451	4.39184	4.54542	4.44239	4.31275	4.6132	4.27407	4.4928	4.4168	4.29305
20000.0002	4.65955	4.5844	4.3892	4.51102	4.54384	4.4302	4.56593	4.44236	4.74335	4.54186	4.45701	4.49737	4.58846	4.41692	4.47434
20000.0002	4.7047	4.54877	4.49535	4.71016	4.65728	4.42333	4.66405	4.51311	4.7591	4.65283	4.59573	4.59432	4.72408	4.66176	4.80437
