20000.0002	230288
20000.0002	232774
20000.0002	232016
20000.0002	232181
20000.0002	230769
20000.0002	231959
20000.0002	234208
20000.0002	235880
20000.0002	228989
20000.0002	229761
20000.0002	224540
20000.0002	234432
20000.0002	230101
20000.0002	230869
20000.0002	225169
20000.0002	231623
20000.0002	230676
20000.0002	228690
20000.0002	223438
20000.0002	230922
20000.0002	226801
20000.0002	221461
20000.0002	232222
20000.0002	225744
20000.0002	224934
20000.0002	226886
20000.0002	219134
20000.0002	222983
20000.0002	220594
20000.0002	221239
20000.0002	218380
20000.0002	221188
20000.0002	220139
20000.0002	218312
20000.0002	213992
20000.0002	223099
20000.0002	215296
20000.0002	214789
20000.0002	211320
20000.0002	212579
20000.0002	212076
20000.0002	210797
20000.0002	211930
20000.0002	213084
20000.0002	205538
20000.0002	211273
20000.0002	210454
20000.0002	204254
20000.0002	203410
20000.0002	202389
20000.0002	200616
20000.0002	197817
20000.0002	198426
20000.0002	194363
20000.0002	191647
20000.0002	192232
20000.0002	191198
20000.0002	185995
20000.0002	183739
20000.0002	184121
20000.0002	179920
20000.0002	172473
20000.0002	174486
20000.0002	174960
20000.0002	169358
20000.0002	169428
20000.0002	167022
20000.0002	161037
20000.0002	157642
20000.0002	156562
20000.0002	153553
20000.0002	151692
20000.0002	148332
20000.0002	142273
20000.0002	138882
20000.0002	137892
20000.0002	134989
20000.0002	129864
20000.0002	125743
20000.0002	120330
20000.0002	116674
20000.0002	114128
20000.0002	108744
20000.0002	109140
20000.0002	104382
20000.0002	101153
20000.0002	98975.1
20000.0002	95604.9
20000.0002	90859.5
20000.0002	88750.5
20000.0002	85257.2
20000.0002	82249.5
20000.0002	80244.1
20000.0002	76246.2
20000.0002	73646.5
20000.0002	70836.2
20000.0002	70635.6
20000.0002	67845
20000.0002	65875.4
20000.0002	64875.5
20000.0002	61457.6
20000.0002	61623.2
20000.0002	58986.6
20000.0002	58505.9
20000.0002	58081.7
20000.0002	56036.3
20000.0002	55486.2
20000.0002	54794.3
20000.0002	54066.5
20000.0002	52424.4
20000.0002	52203.9
20000.0002	51105.3
20000.0002	50180.6
20000.0002	50044.5
20000.0002	49982.5
20000.0002	48181.4
20000.0002	50036.5
20000.0002	48560.3
20000.0002	48294.7
20000.0002	47127.9
20000.0002	47126.4
20000.0002	46817.3
20000.0002	46117
20000.0002	46057.3
20000.0002	45743.9
20000.0002	44982.4
20000.0002	45535.8
20000.0002	44481.3
20000.0002	44707.8
20000.0002	44816.4
20000.0002	44870.5
20000.0002	43759.8
20000.0002	43463.2
20000.0002	43062.3
20000.0002	43581.6
20000.0002	43135.1
20000.0002	42434
20000.0002	43461.9
20000.0002	42757.7
20000.0002	42899.3
20000.0002	42516.7
20000.0002	42785.7
20000.0002	42291.3
20000.0002	42269.6
20000.0002	42281.5
20000.0002	41626
20000.0002	42178
20000.0002	42665.3
20000.0002	42579.2
20000.0002	42186.4
20000.0002	42086.4
20000.0002	41821.8
20000.0002	41518.3
20000.0002	40754
20000.0002	41732.2
20000.0002	42583.4
20000.0002	41917.4
20000.0002	41839.3
20000.0002	41807.2
20000.0002	41223.6
20000.0002	42250.1
20000.0002	41149.8
20000.0002	41106.4
20000.0002	41382.3
20000.0002	41929.9
20000.0002	41508.4
20000.0002	41500
20000.0002	41738.6
20000.0002	41406.7
20000.0002	41421.3
20000.0002	41334.1
20000.0002	41270.6
20000.0002	41896.9
20000.0002	41517.2
20000.0002	41938
20000.0002	42183.3
20000.0002	41539.3
20000.0002	41230.6
20000.0002	41557.4
20000.0002	41787.6
20000.0002	41310.6
20000.0002	42041.9
20000.0002	42147.3
20000.0002	41979.8
20000.0002	42191.8
20000.0002	42009.3
20000.0002	41674.7
20000.0002	42741.7
20000.0002	42100.6
20000.0002	43203.1
20000.0002	42181.2
20000.0002	42683.2
20000.0002	43221.6
20000.0002	42658.2
20000.0002	42503.2
20000.0002	43445
20000.0002	43763.5
20000.0002	43359.3
20000.0002	43622.6
20000.0002	43278.5
20000.0002	44659.5
20000.0002	44083.3
20000.0002	45266.2
20000.0002	44808.5
20000.0002	45364.2
20000.0002	46154.3
20000.0002	45713.5
20000.0002	45866.5
20000.0002	46626.6
20000.0002	47557.8
20000.0002	47061.7
20000.0002	48001.8
20000.0002	49054.5
20000.0002	49516.9
20000.0002	50186.9
20000.0002	50443.8
20000.0002	51169.7
20000.0002	51508.9
20000.0002	52045.3
20000.0002	53354.2
20000.0002	54099.3
20000.0002	54378.4
20000.0002	56383.4
20000.0002	56595.5
20000.0002	57313.9
20000.0002	58423.2
20000.0002	59090.7
20000.0002	60339.5
20000.0002	60252.7
20000.0002	62418
20000.0002	63341.5
20000.0002	64159.5
20000.0002	63812.3
20000.0002	67358.7
20000.0002	68792.4
20000.0002	69388.7
20000.0002	70859.3
20000.0002	71551.6
20000.0002	72928.7
20000.0002	73153.8
20000.0002	75641.6
20000.0002	76419.3
20000.0002	77874.3
20000.0002	78535.3
20000.0002	80716.7
20000.0002	81970.3
20000.0002	83200.3
20000.0002	84730.2
20000.0002	85915.5
20000.0002	87375.8
20000.0002	88609.5
20000.0002	89975.6
20000.0002	92985.8
20000.0002	93783.6
20000.0002	94185.5
20000.0002	95392.4
20000.0002	97692.6
20000.0002	99995.7
20000.0002	100191
20000.0002	103126
20000.0002	104988
20000.0002	104817
20000.0002	107593
20000.0002	108393
20000.0002	110077
20000.0002	111399
20000.0002	114367
20000.0002	114463
20000.0002	118029
20000.0002	119389
20000.0002	119462
20000.0002	118806
20000.0002	123446
20000.0002	122878
20000.0002	126116
20000.0002	124721
20000.0002	128640
20000.0002	131034
20000.0002	131952
20000.0002	133396
20000.0002	136221
20000.0002	135820
20000.0002	137185
20000.0002	136448
20000.0002	140231
20000.0002	138610
20000.0002	142683
20000.0002	144754
20000.0002	141362
20000.0002	148019
20000.0002	147286
20000.0002	148789
20000.0002	147518
20000.0002	150779
20000.0002	151855
20000.0002	152245
20000.0002	153230
20000.0002	155355
20000.0002	160128
20000.0002	157567
20000.0002	161908
20000.0002	159544
20000.0002	166352
20000.0002	161105
20000.0002	161552
20000.0002	163914
20000.0002	167123
20000.0002	169614
20000.0002	167728
20000.0002	167560
20000.0002	168265
20000.0002	174349
20000.0002	171035
20000.0002	171946
20000.0002	174632
20000.0002	175011
20000.0002	178264
20000.0002	175464
20000.0002	180084
20000.0002	181060
20000.0002	179187
20000.0002	180058
20000.0002	182757
20000.0002	184175
20000.0002	182580
20000.0002	186102
20000.0002	188769
20000.0002	186435
20000.0002	189576
20000.0002	193038
20000.0002	187427
20000.0002	190523
20000.0002	190591
20000.0002	192093
20000.0002	191890
20000.0002	194315
20000.0002	196707
20000.0002	193992
20000.0002	197078
20000.0002	196226
20000.0002	197742
20000.0002	199271
20000.0002	198987
20000.0002	196766
20000.0002	196569
20000.0002	201739
20000.0002	197892
20000.0002	203279
20000.0002	200353
20000.0002	197518
20000.0002	206677
20000.0002	200806
20000.0002	205896
20000.0002	204961
20000.0002	202858
20000.0002	205472
20000.0002	208236
20000.0002	207117
20000.0002	207705
20000.0002	208798
20000.0002	211169
20000.0002	210700
20000.0002	210553
20000.0002	210707
20000.0002	211748
20000.0002	214450
20000.0002	220199
20000.0002	211571
20000.0002	214726
20000.0002	209623
20000.0002	213889
20000.0002	215078
20000.0002	213583
20000.0002	217467
20000.0002	215590
20000.0002	213132
20000.0002	218785
20000.0002	209991
20000.0002	215958
20000.0002	211855
20000.0002	217306
20000.0002	215153
20000.0002	215188
20000.0002	220639
20000.0002	219328
20000.0002	217096
20000.0002	218785
20000.0002	216834
20000.0002	222736
20000.0002	216634
20000.0002	221333
20000.0002	223992
20000.0002	228334
20000.0002	217800
20000.0002	224094
20000.0002	225039
20000.0002	227195
20000.0002	221738
20000.0002	218462
20000.0002	224319
20000.0002	219008
20000.0002	225801
20000.0002	224305
20000.0002	224065
20000.0002	219768
20000.0002	225716
20000.0002	225536
20000.0002	222464
20000.0002	223245
20000.0002	222245
20000.0002	228453
20000.0002	227546
20000.0002	226318
20000.0002	227897
20000.0002	224605
20000.0002	223507
20000.0002	228532
20000.0002	225835
20000.0002	228624
20000.0002	216386
20000.0002	230158
20000.0002	229023
20000.0002	220686
20000.0002	226329
20000.0002	231192
20000.0002	231171
20000.0002	232775
20000.0002	229816
20000.0002	231972
20000.0002	227075
20000.0002	232693
20000.0002	230549
20000.0002	233155
20000.0002	230740
20000.0002	228183
20000.0002	229897
20000.0002	232752
20000.0002	235121
20000.0002	229833
20000.0002	234696
20000.0002	235222
20000.0002	225155
20000.0002	236829
20000.0002	224684
20000.0002	227365
20000.0002	237741
20000.0002	236692
20000.0002	223085
20000.0002	235591
20000.0002	228403
20000.0002	237662
20000.0002	231205
20000.0002	233848
20000.0002	230816
20000.0002	238142
20000.0002	233232
20000.0002	227844
20000.0002	240026
20000.0002	236385
20000.0002	233804
20000.0002	231121
20000.0002	236130
20000.0002	227635
20000.0002	233677
20000.0002	234642
20000.0002	233002
20000.0002	229951
20000.0002	233564
20000.0002	232131
20000.0002	226003
20000.0002	236687
20000.0002	235357
20000.0002	233446
20000.0002	229367
20000.0002	234040
20000.0002	244766
20000.0002	235573
20000.0002	235860
20000.0002	230379
20000.0002	232402
20000.0002	236473
20000.0002	242193
20000.0002	239416
20000.0002	242342
20000.0002	230262
20000.0002	231409
20000.0002	233877
20000.0002	237913
20000.0002	238174
20000.0002	232831
20000.0002	228203
20000.0002	232968
20000.0002	236487
20000.0002	235766
20000.0002	238797
20000.0002	240653
20000.0002	231681
20000.0002	229386
20000.0002	234022
20000.0002	233707
20000.0002	234929
20000.0002	233813
20000.0002	239642
20000.0002	237155
20000.0002	239026
20000.0002	233568
20000.0002	227905
20000.0002	227680
20000.0002	236759
20000.0002	236553
20000.0002	229879
20000.0002	234713
20000.0002	237804
20000.0002	236081
20000.0002	236733
20000.0002	232727
20000.0002	234870
20000.0002	237927
20000.0002	237532
20000.0002	234795
20000.0002	232302
20000.0002	233369
20000.0002	236409
20000.0002	235321
20000.0002	237973
20000.0002	237064
20000.0002	233682
20000.0002	233575
20000.0002	235874
20000.0002	234907
20000.0002	237452
20000.0002	238771
20000.0002	233299
20000.0002	237803
20000.0002	232852
20000.0002	236126
20000.0002	231782
20000.0002	238193
20000.0002	238947
20000.0002	238566
20000.0002	236572
20000.0002	235581
20000.0002	229846
20000.0002	234492
20000.0002	240480
20000.0002	232313
20000.0002	238645
20000.0002	233546
20000.0002	235492
20000.0002	241079
20000.0002	235297
20000.0002	237566
20000.0002	239917
20000.0002	239120
20000.0002	236516
20000.0002	228426
20000.0002	236767
20000.0002	235669
20000.0002	235434
20000.0002	234589
20000.0002	236867
20000.0002	237733
20000.0002	235713
20000.0002	231799
20000.0002	235618
20000.0002	235081
20000.0002	238730
20000.0002	233605
20000.0002	234925
20000.0002	234059
20000.0002	234550
20000.0002	233629
20000.0002	233371
20000.0002	238112
20000.0002	236619
20000.0002	235632
20000.0002	239510
20000.0002	237973
20000.0002	233285
20000.0002	232006
20000.0002	235504
20000.0002	236763
20000.0002	239197
20000.0002	231235
20000.0002	235151
20000.0002	230542
20000.0002	235520
20000.0002	234359
20000.0002	236447
20000.0002	231490
20000.0002	234674
20000.0002	242625
20000.0002	227990
20000.0002	234082
20000.0002	230060
20000.0002	234321
20000.0002	234743
20000.0002	231996
20000.0002	232035
20000.0002	229814
20000.0002	-2634.96
20000.0002	-774.702
20000.0002	-1509.63
20000.0002	-3387.8
20000.0002	883.911
20000.0002	-924.799
20000.0002	-137.19
20000.0002	1713.63
20000.0002	-2782.35
20000.0002	-1540.17
20000.0002	-1366.92
20000.0002	2919.13
20000.0002	-1249.94
20000.0002	-5786.56
20000.0002	-2011.65
20000.0002	1325.65
20000.0002	1257.3
20000.0002	-5173.39
20000.0002	-1780.13
20000.0002	-755.099
20000.0002	5011.22
20000.0002	855.538
20000.0002	1755.98
20000.0002	-1112.53
20000.0002	596.589
20000.0002	-374.072
20000.0002	-2039.07
20000.0002	-962.983
20000.0002	-365.231
20000.0002	-2515.4
20000.0002	-623.199
20000.0002	-1823.55
20000.0002	-394
20000.0002	-356.832
20000.0002	-438.361
20000.0002	-333.323
20000.0002	-2201.7
20000.0002	-227.119
20000.0002	-67.2431
20000.0002	-973.101
20000.0002	1894.47
20000.0002	2923.6
20000.0002	412.501
20000.0002	-255.823
20000.0002	2091
20000.0002	-1493.74
20000.0002	374.598
20000.0002	-1155.3
20000.0002	-947.198
20000.0002	-804.983
20000.0002	-430.229
20000.0002	-860.679
20000.0002	873.568
20000.0002	23.4404
20000.0002	-428.47
20000.0002	653.048
20000.0002	2371.54
20000.0002	1027.69
20000.0002	-1478.64
20000.0002	514.83
20000.0002	1866.45
20000.0002	1775.2
20000.0002	-321.458
20000.0002	255.751
20000.0002	1378.88
20000.0002	951.893
20000.0002	-1047.85
20000.0002	628.576
20000.0002	411.748
20000.0002	619.778
20000.0002	1183.02
20000.0002	832.081
20000.0002	-866.355
20000.0002	994.714
20000.0002	246.932
20000.0002	-674.952
20000.0002	-6.73013
20000.0002	-470.513
20000.0002	-820.958
20000.0002	-264.705
20000.0002	1191.17
20000.0002	-1378.59
20000.0002	-54.2668
20000.0002	941.869
20000.0002	857.537
20000.0002	695.64
20000.0002	-196.586
20000.0002	594.508
20000.0002	357.517
20000.0002	-562.546
20000.0002	-522.56
20000.0002	-314.156
20000.0002	-98.7805
20000.0002	163.623
20000.0002	408.091
20000.0002	-15.1778
20000.0002	-184.507
20000.0002	760.272
20000.0002	362.244
20000.0002	26.6411
20000.0002	-183.633
20000.0002	265.158
20000.0002	-376.961
20000.0002	-396.338
20000.0002	65.1644
20000.0002	251.867
20000.0002	352.436
20000.0002	197.236
20000.0002	-654.719
20000.0002	211.804
20000.0002	367.194
20000.0002	216.455
20000.0002	-113.64
20000.0002	-303.115
20000.0002	129.386
20000.0002	-31.2866
20000.0002	204.378
20000.0002	-144.551
20000.0002	36.8491
20000.0002	-229.604
20000.0002	-90.6223
20000.0002	91.2888
20000.0002	-465.397
20000.0002	208.567
20000.0002	121.307
20000.0002	-102.238
20000.0002	-29.7533
20000.0002	-58.3484
20000.0002	224.336
20000.0002	203.422
20000.0002	-100.113
20000.0002	-85.1337
20000.0002	-15.862
20000.0002	-521.862
20000.0002	125.605
20000.0002	-89.4987
20000.0002	-88.1766
20000.0002	-42.0187
20000.0002	-342.519
20000.0002	208.308
20000.0002	69.376
20000.0002	307.292
20000.0002	275.981
20000.0002	234.28
20000.0002	-127.733
20000.0002	-520.648
20000.0002	181.316
20000.0002	-239.131
20000.0002	-58.2104
20000.0002	-132.467
20000.0002	-94.6629
20000.0002	-26.4444
20000.0002	335.694
20000.0002	-59.38
20000.0002	-148.328
20000.0002	-165.746
20000.0002	314.558
20000.0002	167.188
20000.0002	193.785
20000.0002	-68.0128
20000.0002	113.5
20000.0002	-117.905
20000.0002	328.992
20000.0002	179.147
20000.0002	-63.9809
20000.0002	-334.279
20000.0002	194.461
20000.0002	-168.393
20000.0002	207.126
20000.0002	-330.439
20000.0002	18.1813
20000.0002	336.712
20000.0002	372.307
20000.0002	66.7461
20000.0002	67.3131
20000.0002	-681.141
20000.0002	-160.104
20000.0002	-345.941
20000.0002	-259.572
20000.0002	-61.9006
20000.0002	82.6533
20000.0002	-402.737
20000.0002	161.763
20000.0002	-480.399
20000.0002	-131.633
20000.0002	-129.822
20000.0002	-79.085
20000.0002	-201.016
20000.0002	-6.23879
20000.0002	-149.478
20000.0002	85.9741
20000.0002	-73.4923
20000.0002	219.25
20000.0002	255.809
20000.0002	162.584
20000.0002	487.908
20000.0002	-287.229
20000.0002	-27.1254
20000.0002	-70.0987
20000.0002	-49.8082
20000.0002	73.6478
20000.0002	182.772
20000.0002	-130.281
20000.0002	-57.7395
20000.0002	-10.4092
20000.0002	125.308
20000.0002	-336.948
20000.0002	-47.2402
20000.0002	46.2434
20000.0002	-284.877
20000.0002	-56.5551
20000.0002	22.6134
20000.0002	-366.881
20000.0002	-9.76434
20000.0002	191.155
20000.0002	67.8742
20000.0002	518.694
20000.0002	-81.5481
20000.0002	-452.519
20000.0002	443.204
20000.0002	79.6811
20000.0002	-356.757
20000.0002	281.94
20000.0002	-389.43
20000.0002	344.643
20000.0002	245.071
20000.0002	-284.421
20000.0002	144.071
20000.0002	-530.341
20000.0002	-119.357
20000.0002	166.001
20000.0002	-107.203
20000.0002	432.693
20000.0002	183.362
20000.0002	-87.4543
20000.0002	294.323
20000.0002	-208.562
20000.0002	-35.3741
20000.0002	264.946
20000.0002	290.834
20000.0002	70.2323
20000.0002	253.821
20000.0002	-322.212
20000.0002	-761.212
20000.0002	342.78
20000.0002	211.243
20000.0002	-214.228
20000.0002	-342.438
20000.0002	-299.928
20000.0002	-75.2806
20000.0002	636.35
20000.0002	393.459
20000.0002	178.003
20000.0002	-246.092
20000.0002	-94.1535
20000.0002	-94.1425
20000.0002	535.064
20000.0002	-625.236
20000.0002	-719.837
20000.0002	-470.225
20000.0002	464.625
20000.0002	1094.07
20000.0002	-283.745
20000.0002	-549.388
20000.0002	109.577
20000.0002	-860.127
20000.0002	51.2313
20000.0002	55.5381
20000.0002	874.939
20000.0002	191.887
20000.0002	239.285
20000.0002	-1089.3
20000.0002	550.997
20000.0002	-1799.64
20000.0002	-498.154
20000.0002	621.246
20000.0002	-1179.42
20000.0002	-811.675
20000.0002	183.402
20000.0002	-435.256
20000.0002	566.297
20000.0002	-329.304
20000.0002	2443.41
20000.0002	43.395
20000.0002	485.265
20000.0002	707.418
20000.0002	-396.402
20000.0002	-1647.06
20000.0002	333.357
20000.0002	-397.343
20000.0002	-428.708
20000.0002	-939.832
20000.0002	-701.592
20000.0002	-1183.4
20000.0002	-744.89
20000.0002	475.949
20000.0002	-598.068
20000.0002	-387.412
20000.0002	-150.389
20000.0002	674.475
20000.0002	761.42
20000.0002	248.004
20000.0002	1346.37
20000.0002	-20.1542
20000.0002	412.59
20000.0002	48.4655
20000.0002	-799.449
20000.0002	-1765.03
20000.0002	16.0977
20000.0002	209.542
20000.0002	1599.17
20000.0002	820.27
20000.0002	-290.897
20000.0002	-242.262
20000.0002	-1478.17
20000.0002	12.4024
20000.0002	1019.42
20000.0002	131.083
20000.0002	2789.34
20000.0002	-133.791
20000.0002	591.246
20000.0002	-2181.87
20000.0002	-984.411
20000.0002	-1239.49
20000.0002	-302.443
20000.0002	-790.413
20000.0002	1479.36
20000.0002	332.902
20000.0002	-2070.74
20000.0002	1995.98
20000.0002	-849.87
20000.0002	1948.52
20000.0002	1060.79
20000.0002	-346.211
20000.0002	-1812.35
20000.0002	-1018.46
20000.0002	-2255.54
20000.0002	-372.402
20000.0002	-1639.25
20000.0002	-282.399
20000.0002	1290.58
20000.0002	1668.42
20000.0002	-916.272
20000.0002	-135.825
20000.0002	1475.14
20000.0002	633.065
20000.0002	214.152
20000.0002	2498.85
20000.0002	3162.72
20000.0002	1151.32
20000.0002	-1442.97
20000.0002	-1711.17
20000.0002	-739.802
20000.0002	-816.167
20000.0002	-117.638
20000.0002	-1500.92
20000.0002	-938.481
20000.0002	751.316
20000.0002	699.545
20000.0002	-2198.98
20000.0002	-630.684
20000.0002	174.894
20000.0002	1216.77
20000.0002	925.38
20000.0002	-1860.99
20000.0002	-348.467
20000.0002	-2861.59
20000.0002	3151.37
20000.0002	410.71
20000.0002	-1415.25
20000.0002	-3998.86
20000.0002	-87.0614
20000.0002	-2805.9
20000.0002	41.2029
20000.0002	-174.178
20000.0002	-1972.5
20000.0002	-3095.88
20000.0002	-653.007
20000.0002	681.249
20000.0002	-1423.17
20000.0002	-1781.56
20000.0002	105.992
20000.0002	-2347.75
20000.0002	-1793.13
20000.0002	1867.72
20000.0002	-456.872
20000.0002	-279.608
20000.0002	1853.43
20000.0002	-1094.81
20000.0002	-826.5
20000.0002	-1339.04
20000.0002	818.928
20000.0002	1198.94
20000.0002	-6227.96
20000.0002	-2865.7
20000.0002	1387.81
20000.0002	985.632
20000.0002	504.8
20000.0002	202.389
20000.0002	-953.911
20000.0002	1466.36
20000.0002	756.882
20000.0002	3039.65
20000.0002	413.931
20000.0002	-1419.47
20000.0002	-863.848
20000.0002	-697.88
20000.0002	881.072
20000.0002	1371.79
20000.0002	-1772.64
20000.0002	-76.4806
20000.0002	-198.128
20000.0002	2022.16
20000.0002	-3516.05
20000.0002	671.299
20000.0002	1445.21
20000.0002	1441.1
20000.0002	2034.47
20000.0002	-264.085
20000.0002	-141.185
20000.0002	949.501
20000.0002	-3904.87
20000.0002	-4460.71
20000.0002	-751.126
20000.0002	-5837.75
20000.0002	-1707.01
20000.0002	1033.49
20000.0002	-209.558
20000.0002	1579.98
20000.0002	-9.58163
20000.0002	2021.15
20000.0002	-135.783
20000.0002	-234.181
20000.0002	-93.199
20000.0002	-1445.87
20000.0002	32.8091
20000.0002	-1279.29
20000.0002	-2319.64
20000.0002	-543.01
20000.0002	233.437
20000.0002	2019.71
20000.0002	-196.351
20000.0002	-1512.56
20000.0002	-4272.63
20000.0002	-254.803
20000.0002	1256.4
20000.0002	1979.85
20000.0002	-169.412
20000.0002	-1491.6
20000.0002	-2963.33
20000.0002	4402.81
20000.0002	982.744
20000.0002	683.947
20000.0002	-2866.06
20000.0002	114.177
20000.0002	355.12
20000.0002	-231.542
20000.0002	1131.85
20000.0002	1621.2
20000.0002	2085.4
20000.0002	-5813.51
20000.0002	-2049.37
20000.0002	-600.108
20000.0002	-3144.66
20000.0002	-775.738
20000.0002	-2917.05
20000.0002	-1225.24
20000.0002	2251.09
20000.0002	-3905.45
20000.0002	-993.894
20000.0002	-83.2728
20000.0002	3358.41
20000.0002	-1412.79
20000.0002	-1029.42
20000.0002	-816.771
20000.0002	1738.21
20000.0002	2808.29
20000.0002	1930.07
20000.0002	-1301.55
20000.0002	1193.31
20000.0002	3063.7
20000.0002	-4235.57
20000.0002	1893.22
20000.0002	-1419.48
20000.0002	-3834.72
20000.0002	-609.281
20000.0002	-1286.09
20000.0002	-1888.97
20000.0002	1776.32
20000.0002	2088.43
20000.0002	162.686
20000.0002	-94.584
20000.0002	27.4859
20000.0002	-1175.17
20000.0002	126.956
20000.0002	1927.3
20000.0002	1691.81
20000.0002	279.453
20000.0002	-2809.27
20000.0002	1730.22
20000.0002	1113.77
20000.0002	2779.74
20000.0002	-1921.87
20000.0002	435.507
20000.0002	1764.29
20000.0002	-1678.3
20000.0002	503.506
20000.0002	574.263
20000.0002	2748.17
20000.0002	-456.099
20000.0002	-1844.69
20000.0002	314.387
20000.0002	-164.259
20000.0002	1398.39
20000.0002	-1860.26
20000.0002	-1743.69
20000.0002	-2515.41
20000.0002	-2286.67
20000.0002	-180.533
20000.0002	-1077.58
20000.0002	-2346.9
20000.0002	6608.76
20000.0002	-745.477
20000.0002	-313.821
20000.0002	1469.07
20000.0002	2887.59
20000.0002	507.381
20000.0002	184.298
20000.0002	-964.888
20000.0002	-779.832
20000.0002	-2968.23
20000.0002	-5304.78
20000.0002	2239.18
20000.0002	1375.32
20000.0002	-372.01
20000.0002	425.724
20000.0002	1079.5
20000.0002	-726.27
20000.0002	-1501.38
20000.0002	82.8992
20000.0002	-3336.7
20000.0002	639.391
20000.0002	4669.22
20000.0002	28.6566
20000.0002	543.199
20000.0002	-969.212
20000.0002	1917.44
20000.0002	-1666.21
20000.0002	-2936.01
20000.0002	-3735.95
20000.0002	-1060.18
20000.0002	-2331.71
20000.0002	175.081
20000.0002	-2742.29
20000.0002	-1890.39
20000.0002	12.5028
20000.0002	-1971
20000.0002	-3774.77
20000.0002	1128.38
20000.0002	-3194.75
20000.0002	218.72
20000.0002	-860.962
20000.0002	157.466
20000.0002	-2931.48
20000.0002	912.974
20000.0002	-76.9059
20000.0002	3467.93
20000.0002	-357.083
20000.0002	1480.38
20000.0002	-3912.72
20000.0002	1024.42
20000.0002	3494.69
20000.0002	2735.81
20000.0002	-1237.46
20000.0002	1391.66
20000.0002	2226.98
20000.0002	1435.95
20000.0002	-2870.04
20000.0002	-2021.38
20000.0002	-1964.26
20000.0002	1253.33
20000.0002	-1683.33
20000.0002	-3952.59
20000.0002	1038.14
20000.0002	-2067.25
20000.0002	2871.93
20000.0002	1391.9
20000.0002	-1643.81
20000.0002	1774.81
20000.0002	-1811.77
20000.0002	-4268.57
20000.0002	-3096.56
20000.0002	-1664.37
20000.0002	3814.64
20000.0002	2688.2
20000.0002	-49.0137
20000.0002	-2630.59
20000.0002	-1401.63
20000.0002	-1272.26
20000.0002	395.999
20000.0002	240126
20000.0002	245477
20000.0002	240177
20000.0002	239392
20000.0002	242651
20000.0002	243647
20000.0002	240398
20000.0002	245017
20000.0002	243394
20000.0002	239107
20000.0002	240726
20000.0002	241908
20000.0002	245529
20000.0002	239865
20000.0002	241978
20000.0002	239247
20000.0002	238589
20000.0002	237985
20000.0002	237408
20000.0002	234429
20000.0002	238042
20000.0002	234298
20000.0002	237401
20000.0002	235339
20000.0002	235163
20000.0002	229836
20000.0002	228999
20000.0002	233415
20000.0002	224040
20000.0002	224762
20000.0002	227491
20000.0002	224383
20000.0002	224898
20000.0002	226688
20000.0002	225517
20000.0002	222479
20000.0002	225729
20000.0002	223209
20000.0002	221951
20000.0002	219533
20000.0002	218844
20000.0002	213972
20000.0002	211472
20000.0002	214956
20000.0002	215628
20000.0002	211139
20000.0002	207138
20000.0002	208962
20000.0002	204636
20000.0002	206806
20000.0002	204099
20000.0002	199778
20000.0002	194310
20000.0002	195839
20000.0002	195339
20000.0002	195241
20000.0002	189917
20000.0002	186287
20000.0002	179273
20000.0002	178542
20000.0002	179404
20000.0002	171612
20000.0002	172006
20000.0002	171470
20000.0002	166960
20000.0002	164995
20000.0002	159364
20000.0002	156271
20000.0002	151428
20000.0002	152050
20000.0002	147370
20000.0002	144125
20000.0002	138650
20000.0002	134989
20000.0002	133307
20000.0002	132709
20000.0002	128841
20000.0002	120763
20000.0002	118407
20000.0002	117567
20000.0002	112252
20000.0002	106983
20000.0002	104317
20000.0002	101490
20000.0002	96902.8
20000.0002	95195.9
20000.0002	91140.2
20000.0002	87451.6
20000.0002	83441.7
20000.0002	81535.1
20000.0002	76703.2
20000.0002	73838.3
20000.0002	73513.4
20000.0002	69536.6
20000.0002	68213.2
20000.0002	65612.9
20000.0002	64018.7
20000.0002	62472.4
20000.0002	59739.5
20000.0002	59554.5
20000.0002	57629.7
20000.0002	57730.2
20000.0002	54586
20000.0002	54286.2
20000.0002	53605.2
20000.0002	52233.4
20000.0002	51594.4
20000.0002	51783.7
20000.0002	50390.3
20000.0002	49900.2
20000.0002	49648.3
20000.0002	47638.2
20000.0002	48189.3
20000.0002	47520.8
20000.0002	47033.6
20000.0002	46339.4
20000.0002	46775.3
20000.0002	45980.9
20000.0002	45603.5
20000.0002	45649.8
20000.0002	44990.9
20000.0002	43995
20000.0002	44618
20000.0002	43892.3
20000.0002	44224.8
20000.0002	43509.9
20000.0002	43677.4
20000.0002	43300.2
20000.0002	42674.4
20000.0002	42804.9
20000.0002	43374.9
20000.0002	42897.6
20000.0002	42962.2
20000.0002	42309.6
20000.0002	42189
20000.0002	41952.4
20000.0002	42080.8
20000.0002	42286.1
20000.0002	42177.5
20000.0002	41608.5
20000.0002	41708.6
20000.0002	41576.6
20000.0002	41998.6
20000.0002	42247.7
20000.0002	40937.8
20000.0002	41540.7
20000.0002	41591
20000.0002	41137.8
20000.0002	42042
20000.0002	41276.9
20000.0002	41421.1
20000.0002	40698.6
20000.0002	41461.9
20000.0002	40743.4
20000.0002	40999.1
20000.0002	41120.6
20000.0002	41010.9
20000.0002	40919.7
20000.0002	41166.9
20000.0002	40992.2
20000.0002	41637.4
20000.0002	41291.6
20000.0002	40733
20000.0002	40589
20000.0002	41766.9
20000.0002	39935.9
20000.0002	41631.4
20000.0002	40919.5
20000.0002	41159.4
20000.0002	41437
20000.0002	41256.1
20000.0002	40152.6
20000.0002	40886.4
20000.0002	40913.1
20000.0002	41516.6
20000.0002	41823.7
20000.0002	41187.2
20000.0002	40957.4
20000.0002	41514.2
20000.0002	41354.8
20000.0002	41511.1
20000.0002	40918.7
20000.0002	41415.9
20000.0002	41494
20000.0002	41866.6
20000.0002	41481
20000.0002	41602.5
20000.0002	41887.2
20000.0002	41751.9
20000.0002	42089.9
20000.0002	42134.5
20000.0002	42266
20000.0002	42136.2
20000.0002	42135.2
20000.0002	41526.2
20000.0002	43246
20000.0002	42404.9
20000.0002	43406.4
20000.0002	42930.3
20000.0002	43215.6
20000.0002	43854
20000.0002	43024.7
20000.0002	44111.8
20000.0002	43773.1
20000.0002	43570.3
20000.0002	45239.1
20000.0002	44275.3
20000.0002	45803.1
20000.0002	45749.3
20000.0002	46699.1
20000.0002	45468.4
20000.0002	46555
20000.0002	47764.3
20000.0002	48798.9
20000.0002	48491.3
20000.0002	49427.6
20000.0002	49771.7
20000.0002	50649.9
20000.0002	50470.8
20000.0002	52903.8
20000.0002	53435.9
20000.0002	53493.5
20000.0002	53980.7
20000.0002	55284.7
20000.0002	56131.9
20000.0002	57246.3
20000.0002	57275.2
20000.0002	58717.6
20000.0002	59894.7
20000.0002	61751.3
20000.0002	62625.7
20000.0002	62637.7
20000.0002	64179.2
20000.0002	66158.2
20000.0002	66824.9
20000.0002	67662.1
20000.0002	69793.6
20000.0002	70672.8
20000.0002	72595
20000.0002	72320.2
20000.0002	73991.3
20000.0002	75405.5
20000.0002	76885.3
20000.0002	78037.6
20000.0002	78691.7
20000.0002	80744.4
20000.0002	82657.3
20000.0002	84750.5
20000.0002	85426
20000.0002	85621.3
20000.0002	87747.9
20000.0002	89589.1
20000.0002	91998
20000.0002	92309.1
20000.0002	94477.7
20000.0002	94375.4
20000.0002	96321.5
20000.0002	98274.3
20000.0002	101319
20000.0002	102539
20000.0002	104726
20000.0002	104832
20000.0002	106999
20000.0002	107377
20000.0002	110509
20000.0002	110619
20000.0002	112495
20000.0002	112557
20000.0002	115445
20000.0002	115963
20000.0002	117480
20000.0002	118923
20000.0002	122949
20000.0002	122636
20000.0002	122914
20000.0002	124087
20000.0002	128697
20000.0002	130789
20000.0002	130455
20000.0002	132937
20000.0002	136618
20000.0002	133925
20000.0002	134302
20000.0002	136839
20000.0002	138745
20000.0002	138314
20000.0002	140834
20000.0002	144232
20000.0002	141841
20000.0002	148130
20000.0002	145756
20000.0002	147462
20000.0002	147462
20000.0002	151671
20000.0002	149816
20000.0002	152668
20000.0002	152044
20000.0002	155288
20000.0002	156808
20000.0002	154685
20000.0002	158021
20000.0002	162291
20000.0002	163576
20000.0002	161609
20000.0002	163828
20000.0002	158988
20000.0002	166987
20000.0002	167990
20000.0002	168320
20000.0002	166397
20000.0002	169364
20000.0002	169205
20000.0002	170376
20000.0002	171939
20000.0002	170613
20000.0002	175592
20000.0002	174744
20000.0002	173824
20000.0002	177418
20000.0002	179181
20000.0002	180552
20000.0002	182255
20000.0002	179195
20000.0002	184006
20000.0002	181875
20000.0002	184872
20000.0002	187355
20000.0002	183212
20000.0002	183833
20000.0002	190686
20000.0002	187690
20000.0002	187938
20000.0002	189274
20000.0002	189555
20000.0002	189776
20000.0002	191815
20000.0002	189148
20000.0002	193088
20000.0002	196047
20000.0002	194949
20000.0002	197230
20000.0002	194308
20000.0002	196534
20000.0002	197305
20000.0002	198039
20000.0002	196596
20000.0002	195779
20000.0002	202677
20000.0002	200773
20000.0002	199465
20000.0002	200132
20000.0002	203132
20000.0002	204645
20000.0002	204549
20000.0002	200464
20000.0002	207450
20000.0002	207860
20000.0002	206516
20000.0002	209539
20000.0002	202285
20000.0002	211331
20000.0002	207800
20000.0002	207175
20000.0002	213210
20000.0002	208322
20000.0002	213076
20000.0002	218013
20000.0002	206310
20000.0002	213445
20000.0002	209219
20000.0002	215197
20000.0002	214811
20000.0002	214556
20000.0002	213840
20000.0002	219624
20000.0002	214563
20000.0002	217680
20000.0002	217570
20000.0002	213387
20000.0002	217068
20000.0002	216662
20000.0002	216307
20000.0002	223834
20000.0002	214286
20000.0002	218542
20000.0002	225720
20000.0002	218394
20000.0002	218001
20000.0002	224970
20000.0002	222414
20000.0002	221532
20000.0002	219833
20000.0002	229672
20000.0002	221366
20000.0002	223343
20000.0002	228586
20000.0002	226689
20000.0002	219756
20000.0002	224935
20000.0002	225138
20000.0002	219538
20000.0002	230750
20000.0002	221642
20000.0002	223408
20000.0002	230626
20000.0002	230153
20000.0002	226618
20000.0002	221822
20000.0002	225311
20000.0002	226139
20000.0002	228522
20000.0002	228890
20000.0002	234480
20000.0002	229651
20000.0002	227397
20000.0002	228862
20000.0002	228973
20000.0002	226366
20000.0002	232173
20000.0002	229159
20000.0002	234931
20000.0002	228792
20000.0002	227778
20000.0002	225256
20000.0002	232854
20000.0002	239980
20000.0002	234123
20000.0002	236867
20000.0002	233296
20000.0002	230850
20000.0002	237489
20000.0002	233752
20000.0002	230094
20000.0002	227904
20000.0002	232759
20000.0002	239423
20000.0002	234302
20000.0002	235793
20000.0002	231883
20000.0002	236092
20000.0002	236257
20000.0002	228289
20000.0002	234505
20000.0002	235723
20000.0002	229068
20000.0002	236177
20000.0002	240575
20000.0002	236264
20000.0002	232401
20000.0002	232764
20000.0002	241084
20000.0002	240821
20000.0002	237914
20000.0002	240295
20000.0002	242359
20000.0002	237583
20000.0002	236369
20000.0002	239908
20000.0002	236573
20000.0002	242538
20000.0002	236357
20000.0002	242668
20000.0002	235980
20000.0002	231302
20000.0002	235551
20000.0002	237047
20000.0002	232307
20000.0002	237342
20000.0002	229789
20000.0002	238185
20000.0002	240717
20000.0002	234383
20000.0002	239009
20000.0002	236733
20000.0002	245079
20000.0002	243200
20000.0002	235081
20000.0002	229925
20000.0002	241178
20000.0002	234469
20000.0002	234539
20000.0002	241869
20000.0002	245022
20000.0002	241311
20000.0002	238907
20000.0002	230905
20000.0002	235251
20000.0002	241838
20000.0002	239506
20000.0002	240962
20000.0002	233871
20000.0002	242473
20000.0002	237814
20000.0002	241634
20000.0002	239475
20000.0002	238889
20000.0002	235134
20000.0002	235695
20000.0002	241408
20000.0002	238514
20000.0002	243838
20000.0002	245908
20000.0002	239889
20000.0002	239418
20000.0002	238308
20000.0002	236614
20000.0002	234341
20000.0002	235397
20000.0002	244485
20000.0002	234006
20000.0002	233784
20000.0002	239206
20000.0002	250105
20000.0002	232403
20000.0002	239209
20000.0002	241525
20000.0002	239242
20000.0002	239355
20000.0002	239520
20000.0002	236400
20000.0002	236165
20000.0002	242701
20000.0002	235103
20000.0002	235311
20000.0002	240661
20000.0002	232804
20000.0002	239002
20000.0002	244633
20000.0002	245415
20000.0002	241944
20000.0002	240051
20000.0002	248394
20000.0002	242143
20000.0002	237314
20000.0002	235734
20000.0002	246727
20000.0002	238347
20000.0002	240495
20000.0002	232815
20000.0002	237913
20000.0002	237258
20000.0002	239275
20000.0002	236660
20000.0002	242717
20000.0002	247960
20000.0002	237338
20000.0002	241509
20000.0002	243445
20000.0002	239224
20000.0002	241557
20000.0002	237251
20000.0002	238289
20000.0002	233590
20000.0002	243916
20000.0002	243891
20000.0002	236201
20000.0002	242234
20000.0002	239325
20000.0002	231979
20000.0002	246523
20000.0002	238904
20000.0002	239775
20000.0002	242294
20000.0002	237207
20000.0002	236691
20000.0002	238997
20000.0002	241046
20000.0002	241641
20000.0002	238352
20000.0002	240167
20000.0002	244258
20000.0002	239379
20000.0002	242917
20000.0002	243889
20000.0002	242526
20000.0002	243290
20000.0002	246220
20000.0002	246649
20000.0002	240160
20000.0002	232289
20000.0002	235149
20000.0002	245907
20000.0002	234455
20000.0002	234161
20000.0002	247273
20000.0002	238583
20000.0002	238431
20000.0002	240684
20000.0002	241294
20000.0002	245605
20000.0002	243735
20000.0002	239479
20000.0002	239401
20000.0002	236815
20000.0002	241331
20000.0002	239083
20000.0002	244696
20000.0002	241660
20000.0002	246589
20000.0002	237804
