4000	0	0	1118
4000	0.1	0	1172
4000	0.2	0	1234
4000	0.3	0	1217
4000	0.4	0	1329
4000	0.5	0	1276
4000	0.6	0	1414
4000	0.7	0	1470
4000	0.8	0	1550
4000	0.9	0	1702
4000	1	0	1887
4000	1.1	0	2065
4000	1.2	0	2257
4000	1.3	0	2704
4000	1.4	0	3031
4000	1.5	0	3457
4000	1.6	0	4106
4000	1.7	0	5076
4000	1.8	0	6130
4000	1.9	0	7657
4000	2	0	10017
4000	2.1	0	12681
4000	2.2	0	16131
4000	2.3	0	18623
4000	2.4	0	19710
4000	2.5	0	18582
4000	2.6	0	17937
4000	2.7	0	17748
4000	2.8	0	17879
4000	2.9	0	17643
4000	3	0	18190
4000	3.1	0	18037
4000	3.2	0	17925
4000	3.3	0	18326
4000	3.4	0	18270
4000	3.5	0	17919
4000	3.6	0	18014
4000	3.7	0	18027
4000	3.8	0	18036
4000	3.9	0	18043
4000	4	0	18112
4000	4.1	0	18049
4000	4.2	0	18048
4000	4.3	0	17979
4000	4.4	0	18138
4000	4.5	0	17926
4000	4.6	0	17974
4000	4.7	0	18028
4000	4.8	0	17984
4000	4.9	0	18044
4000	5	0	18224
4000	5.1	0	18099
4000	5.2	0	17468
4000	5.3	0	17284
4000	5.4	0	16501
4000	5.5	0	15601
4000	5.6	0	14694
4000	5.7	0	13737
4000	5.8	0	12604
4000	5.9	0	11786
4000	6	0	10707
4000	6.1	0	9871
4000	6.2	0	9050
4000	6.3	0	8092
4000	6.4	0	7567
4000	6.5	0	6749
4000	6.6	0	6310
4000	6.7	0	5865
4000	6.8	0	5413
4000	6.9	0	4998
4000	7	0	4728
4000	7.1	0	4200
4000	7.2	0	4108
4000	7.3	0	3919
4000	7.4	0	3634
4000	7.5	0	3531
4000	7.6	0	3236
4000	7.7	0	3131
4000	7.8	0	2909
4000	7.9	0	2762
4000	8	0	2694
4000	8.1	0	2484
4000	8.2	0	2404
4000	8.3	0	2258
4000	8.4	0	2188
4000	8.5	0	2082
4000	8.6	0	2037
4000	8.7	0	1970
4000	8.8	0	1933
4000	8.9	0	1781
4000	9	0	1781
4000	9.1	0	1735
4000	9.2	0	1689
4000	9.3	0	1634
4000	9.4	0	1620
4000	9.5	0	1589
4000	9.6	0	1457
4000	9.7	0	1453
4000	9.8	0	1456
4000	9.9	0	1476
4000	10	0	1388
4000	10.1	0	1383
4000	10.2	0	1336
4000	10.3	0	1317
4000	10.4	0	1347
4000	10.5	0	1294
4000	10.6	0	1313
4000	10.7	0	1187
4000	10.8	0	1206
4000	10.9	0	1257
4000	11	0	1152
4000	11.1	0	1187
4000	11.2	0	1170
4000	11.3	0	1113
4000	11.4	0	1127
4000	11.5	0	1155
4000	11.6	0	1201
4000	11.7	0	1121
4000	11.8	0	1158
4000	11.9	0	1102
4000	12	0	1174
4000	12.1	0	1169
4000	12.2	0	1155
4000	12.3	0	1119
4000	12.4	0	1111
4000	12.5	0	1141
4000	12.6	0	1099
4000	12.7	0	1132
4000	12.8	0	1112
4000	12.9	0	1119
4000	13	0	1141
4000	13.1	0	1131
4000	13.2	0	1094
4000	13.3	0	1158
4000	13.4	0	1100
4000	13.5	0	1240
4000	13.6	0	1125
4000	13.7	0	1149
4000	13.8	0	1120
4000	13.9	0	1122
4000	14	0	1077
4000	14.1	0	1136
4000	14.2	0	1121
4000	14.3	0	1121
4000	14.4	0	1043
4000	14.5	0	1168
4000	14.6	0	1095
4000	14.7	0	1103
4000	14.8	0	1194
4000	14.9	0	1112
4000	15	0	1102
4000	15.1	0	1162
4000	15.2	0	1184
4000	15.3	0	1174
4000	15.4	0	1130
4000	15.5	0	1174
4000	15.6	0	1114
4000	15.7	0	1148
4000	15.8	0	1122
4000	15.9	0	1121
4000	16	0	1094
4000	16.1	0	1168
4000	16.2	0	1160
4000	16.3	0	1160
4000	16.4	0	1109
4000	16.5	0	1116
4000	16.6	0	1134
4000	16.7	0	1133
4000	16.8	0	1146
4000	16.9	0	1175
4000	17	0	1166
4000	17.1	0	1137
4000	17.2	0	1176
4000	17.3	0	1055
4000	17.4	0	1110
4000	17.5	0	1165
4000	17.6	0	1132
4000	17.7	0	1158
4000	17.8	0	1132
4000	17.9	0	1134
4000	18	0	1141
4000	18.1	0	1182
4000	18.2	0	1181
4000	18.3	0	1109
4000	18.4	0	1129
4000	18.5	0	1127
4000	18.6	0	1195
4000	18.7	0	1203
4000	18.8	0	1147
4000	18.9	0	1168
4000	19	0	1128
4000	19.1	0	1112
4000	19.2	0	1120
4000	19.3	0	1104
4000	19.4	0	1152
4000	19.5	0	1159
4000	19.6	0	1218
4000	19.7	0	1125
4000	19.8	0	1169
4000	19.9	0	1174
8000	0	0	1214
8000	0.1	0	1138
8000	0.2	0	1202
8000	0.3	0	1239
8000	0.4	0	1258
8000	0.5	0	1355
8000	0.6	0	1388
8000	0.7	0	1498
8000	0.8	0	1670
8000	0.9	0	1642
8000	1	0	1897
8000	1.1	0	2097
8000	1.2	0	2400
8000	1.3	0	2731
8000	1.4	0	3036
8000	1.5	0	3502
8000	1.6	0	4193
8000	1.7	0	4917
8000	1.8	0	6203
8000	1.9	0	7900
8000	2	0	9871
8000	2.1	0	12633
8000	2.2	0	15990
8000	2.3	0	18694
8000	2.4	0	19642
8000	2.5	0	18649
8000	2.6	0	17913
8000	2.7	0	17745
8000	2.8	0	17748
8000	2.9	0	17890
8000	3	0	17904
8000	3.1	0	17813
8000	3.2	0	18217
8000	3.3	0	18123
8000	3.4	0	18061
8000	3.5	0	18225
8000	3.6	0	18112
8000	3.7	0	17806
8000	3.8	0	18092
8000	3.9	0	18060
8000	4	0	18199
8000	4.1	0	18272
8000	4.2	0	17924
8000	4.3	0	17953
8000	4.4	0	17980
8000	4.5	0	17910
8000	4.6	0	18105
8000	4.7	0	17995
8000	4.8	0	18067
8000	4.9	0	17828
8000	5	0	18295
8000	5.1	0	18058
8000	5.2	0	17681
8000	5.3	0	16987
8000	5.4	0	16508
8000	5.5	0	15678
8000	5.6	0	14796
8000	5.7	0	13803
8000	5.8	0	12608
8000	5.9	0	11640
8000	6	0	10669
8000	6.1	0	9769
8000	6.2	0	8887
8000	6.3	0	8086
8000	6.4	0	7644
8000	6.5	0	6931
8000	6.6	0	6347
8000	6.7	0	5842
8000	6.8	0	5481
8000	6.9	0	5001
8000	7	0	4722
8000	7.1	0	4432
8000	7.2	0	4130
8000	7.3	0	3846
8000	7.4	0	3700
8000	7.5	0	3353
8000	7.6	0	3203
8000	7.7	0	3038
8000	7.8	0	2957
8000	7.9	0	2741
8000	8	0	2630
8000	8.1	0	2540
8000	8.2	0	2430
8000	8.3	0	2292
8000	8.4	0	2208
8000	8.5	0	2089
8000	8.6	0	2000
8000	8.7	0	1888
8000	8.8	0	1914
8000	8.9	0	1884
8000	9	0	1781
8000	9.1	0	1723
8000	9.2	0	1638
8000	9.3	0	1585
8000	9.4	0	1606
8000	9.5	0	1522
8000	9.6	0	1579
8000	9.7	0	1470
8000	9.8	0	1458
8000	9.9	0	1400
8000	10	0	1377
8000	10.1	0	1329
8000	10.2	0	1294
8000	10.3	0	1307
8000	10.4	0	1273
8000	10.5	0	1269
8000	10.6	0	1257
8000	10.7	0	1252
8000	10.8	0	1236
8000	10.9	0	1231
8000	11	0	1200
8000	11.1	0	1196
8000	11.2	0	1210
8000	11.3	0	1167
8000	11.4	0	1147
8000	11.5	0	1166
8000	11.6	0	1150
8000	11.7	0	1143
8000	11.8	0	1138
8000	11.9	0	1087
8000	12	0	1130
8000	12.1	0	1110
8000	12.2	0	1133
8000	12.3	0	1107
8000	12.4	0	1088
8000	12.5	0	1091
8000	12.6	0	1157
8000	12.7	0	1131
8000	12.8	0	1144
8000	12.9	0	1148
8000	13	0	1141
8000	13.1	0	1119
8000	13.2	0	1162
8000	13.3	0	1126
8000	13.4	0	1115
8000	13.5	0	1128
8000	13.6	0	1132
8000	13.7	0	1153
8000	13.8	0	1106
8000	13.9	0	1167
8000	14	0	1114
8000	14.1	0	1157
8000	14.2	0	1103
8000	14.3	0	1100
8000	14.4	0	1117
8000	14.5	0	1100
8000	14.6	0	1133
8000	14.7	0	1142
8000	14.8	0	1156
8000	14.9	0	1159
8000	15	0	1178
8000	15.1	0	1220
8000	15.2	0	1193
8000	15.3	0	1156
8000	15.4	0	1090
8000	15.5	0	1168
8000	15.6	0	1184
8000	15.7	0	1191
8000	15.8	0	1130
8000	15.9	0	1166
8000	16	0	1109
8000	16.1	0	1153
8000	16.2	0	1132
8000	16.3	0	1159
8000	16.4	0	1203
8000	16.5	0	1075
8000	16.6	0	1122
8000	16.7	0	1160
8000	16.8	0	1145
8000	16.9	0	1091
8000	17	0	1182
8000	17.1	0	1129
8000	17.2	0	1228
8000	17.3	0	1132
8000	17.4	0	1127
8000	17.5	0	1185
8000	17.6	0	1116
8000	17.7	0	1141
8000	17.8	0	1110
8000	17.9	0	1135
8000	18	0	1093
8000	18.1	0	1155
8000	18.2	0	1098
8000	18.3	0	1108
8000	18.4	0	1092
8000	18.5	0	1139
8000	18.6	0	1140
8000	18.7	0	1160
8000	18.8	0	1131
8000	18.9	0	1142
8000	19	0	1188
8000	19.1	0	1104
8000	19.2	0	1198
8000	19.3	0	1163
8000	19.4	0	1129
8000	19.5	0	1118
8000	19.6	0	1160
8000	19.7	0	1193
8000	19.8	0	1168
8000	19.9	0	1142
12000	0	0	1164
12000	0.1	0	1065
12000	0.2	0	1209
12000	0.3	0	1235
12000	0.4	0	1229
12000	0.5	0	1275
12000	0.6	0	1482
12000	0.7	0	1497
12000	0.8	0	1559
12000	0.9	0	1629
12000	1	0	1873
12000	1.1	0	2070
12000	1.2	0	2279
12000	1.3	0	2710
12000	1.4	0	3003
12000	1.5	0	3529
12000	1.6	0	4159
12000	1.7	0	4934
12000	1.8	0	6231
12000	1.9	0	7801
12000	2	0	9677
12000	2.1	0	12584
12000	2.2	0	16186
12000	2.3	0	18820
12000	2.4	0	19548
12000	2.5	0	18450
12000	2.6	0	17826
12000	2.7	0	17707
12000	2.8	0	17574
12000	2.9	0	17892
12000	3	0	18062
12000	3.1	0	18138
12000	3.2	0	18211
12000	3.3	0	18321
12000	3.4	0	18180
12000	3.5	0	17874
12000	3.6	0	18201
12000	3.7	0	18043
12000	3.8	0	18155
12000	3.9	0	17962
12000	4	0	18205
12000	4.1	0	18007
12000	4.2	0	17994
12000	4.3	0	18007
12000	4.4	0	18065
12000	4.5	0	17956
12000	4.6	0	17978
12000	4.7	0	18156
12000	4.8	0	17981
12000	4.9	0	18013
12000	5	0	18046
12000	5.1	0	18022
12000	5.2	0	17783
12000	5.3	0	17121
12000	5.4	0	16635
12000	5.5	0	15645
12000	5.6	0	14503
12000	5.7	0	13959
12000	5.8	0	12775
12000	5.9	0	11791
12000	6	0	10609
12000	6.1	0	9968
12000	6.2	0	9021
12000	6.3	0	8169
12000	6.4	0	7510
12000	6.5	0	6818
12000	6.6	0	6378
12000	6.7	0	5841
12000	6.8	0	5388
12000	6.9	0	5034
12000	7	0	4743
12000	7.1	0	4479
12000	7.2	0	4047
12000	7.3	0	3933
12000	7.4	0	3622
12000	7.5	0	3383
12000	7.6	0	3217
12000	7.7	0	3065
12000	7.8	0	2936
12000	7.9	0	2708
12000	8	0	2637
12000	8.1	0	2514
12000	8.2	0	2397
12000	8.3	0	2208
12000	8.4	0	2252
12000	8.5	0	2123
12000	8.6	0	2064
12000	8.7	0	1908
12000	8.8	0	1917
12000	8.9	0	1895
12000	9	0	1815
12000	9.1	0	1724
12000	9.2	0	1667
12000	9.3	0	1679
12000	9.4	0	1634
12000	9.5	0	1543
12000	9.6	0	1494
12000	9.7	0	1509
12000	9.8	0	1436
12000	9.9	0	1365
12000	10	0	1364
12000	10.1	0	1312
12000	10.2	0	1347
12000	10.3	0	1307
12000	10.4	0	1261
12000	10.5	0	1276
12000	10.6	0	1199
12000	10.7	0	1222
12000	10.8	0	1231
12000	10.9	0	1237
12000	11	0	1165
12000	11.1	0	1180
12000	11.2	0	1156
12000	11.3	0	1139
12000	11.4	0	1166
12000	11.5	0	1145
12000	11.6	0	1088
12000	11.7	0	1142
12000	11.8	0	1153
12000	11.9	0	1148
12000	12	0	1078
12000	12.1	0	1213
12000	12.2	0	1140
12000	12.3	0	1188
12000	12.4	0	1143
12000	12.5	0	1153
12000	12.6	0	1091
12000	12.7	0	1130
12000	12.8	0	1196
12000	12.9	0	1177
12000	13	0	1148
12000	13.1	0	1093
12000	13.2	0	1117
12000	13.3	0	1183
12000	13.4	0	1149
12000	13.5	0	1144
12000	13.6	0	1121
12000	13.7	0	1092
12000	13.8	0	1097
12000	13.9	0	1117
12000	14	0	1182
12000	14.1	0	1168
12000	14.2	0	1135
12000	14.3	0	1155
12000	14.4	0	1118
12000	14.5	0	1131
12000	14.6	0	1180
12000	14.7	0	1132
12000	14.8	0	1123
12000	14.9	0	1170
12000	15	0	1121
12000	15.1	0	1151
12000	15.2	0	1095
12000	15.3	0	1131
12000	15.4	0	1159
12000	15.5	0	1130
12000	15.6	0	1176
12000	15.7	0	1181
12000	15.8	0	1099
12000	15.9	0	1129
12000	16	0	1114
12000	16.1	0	1108
12000	16.2	0	1158
12000	16.3	0	1055
12000	16.4	0	1151
12000	16.5	0	1123
12000	16.6	0	1092
12000	16.7	0	1083
12000	16.8	0	1163
12000	16.9	0	1163
12000	17	0	1103
12000	17.1	0	1217
12000	17.2	0	1139
12000	17.3	0	1133
12000	17.4	0	1201
12000	17.5	0	1089
12000	17.6	0	1152
12000	17.7	0	1161
12000	17.8	0	1106
12000	17.9	0	1182
12000	18	0	1118
12000	18.1	0	1188
12000	18.2	0	1122
12000	18.3	0	1141
12000	18.4	0	1104
12000	18.5	0	1151
12000	18.6	0	1149
12000	18.7	0	1130
12000	18.8	0	1129
12000	18.9	0	1157
12000	19	0	1114
12000	19.1	0	1191
12000	19.2	0	1082
12000	19.3	0	1063
12000	19.4	0	1164
12000	19.5	0	1129
12000	19.6	0	1164
12000	19.7	0	1207
12000	19.8	0	1104
12000	19.9	0	1190
16000	0	0	1211
16000	0.1	0	1144
16000	0.2	0	1225
16000	0.3	0	1145
16000	0.4	0	1284
16000	0.5	0	1298
16000	0.6	0	1369
16000	0.7	0	1505
16000	0.8	0	1592
16000	0.9	0	1754
16000	1	0	1930
16000	1.1	0	2099
16000	1.2	0	2288
16000	1.3	0	2591
16000	1.4	0	3083
16000	1.5	0	3550
16000	1.6	0	4113
16000	1.7	0	4995
16000	1.8	0	6359
16000	1.9	0	7731
16000	2	0	9951
16000	2.1	0	12796
16000	2.2	0	15943
16000	2.3	0	18715
16000	2.4	0	19502
16000	2.5	0	18523
16000	2.6	0	17931
16000	2.7	0	17694
16000	2.8	0	17958
16000	2.9	0	17751
16000	3	0	18066
16000	3.1	0	17893
16000	3.2	0	18034
16000	3.3	0	18033
16000	3.4	0	18405
16000	3.5	0	17986
16000	3.6	0	17943
16000	3.7	0	18187
16000	3.8	0	18272
16000	3.9	0	18024
16000	4	0	18114
16000	4.1	0	18018
16000	4.2	0	18257
16000	4.3	0	17950
16000	4.4	0	18175
16000	4.5	0	17866
16000	4.6	0	18192
16000	4.7	0	17983
16000	4.8	0	17982
16000	4.9	0	17943
16000	5	0	18141
16000	5.1	0	17873
16000	5.2	0	17510
16000	5.3	0	17308
16000	5.4	0	16615
16000	5.5	0	15417
16000	5.6	0	14864
16000	5.7	0	13924
16000	5.8	0	12830
16000	5.9	0	11794
16000	6	0	10580
16000	6.1	0	9850
16000	6.2	0	8741
16000	6.3	0	8325
16000	6.4	0	7591
16000	6.5	0	6770
16000	6.6	0	6316
16000	6.7	0	5858
16000	6.8	0	5506
16000	6.9	0	5003
16000	7	0	4701
16000	7.1	0	4396
16000	7.2	0	3972
16000	7.3	0	3862
16000	7.4	0	3530
16000	7.5	0	3368
16000	7.6	0	3295
16000	7.7	0	2988
16000	7.8	0	2913
16000	7.9	0	2767
16000	8	0	2578
16000	8.1	0	2476
16000	8.2	0	2410
16000	8.3	0	2321
16000	8.4	0	2266
16000	8.5	0	2086
16000	8.6	0	2101
16000	8.7	0	2047
16000	8.8	0	1928
16000	8.9	0	1846
16000	9	0	1842
16000	9.1	0	1742
16000	9.2	0	1638
16000	9.3	0	1620
16000	9.4	0	1506
16000	9.5	0	1506
16000	9.6	0	1499
16000	9.7	0	1463
16000	9.8	0	1375
16000	9.9	0	1505
16000	10	0	1354
16000	10.1	0	1329
16000	10.2	0	1276
16000	10.3	0	1294
16000	10.4	0	1249
16000	10.5	0	1308
16000	10.6	0	1248
16000	10.7	0	1231
16000	10.8	0	1190
16000	10.9	0	1206
16000	11	0	1212
16000	11.1	0	1213
16000	11.2	0	1116
16000	11.3	0	1161
16000	11.4	0	1147
16000	11.5	0	1177
16000	11.6	0	1175
16000	11.7	0	1157
16000	11.8	0	1095
16000	11.9	0	1153
16000	12	0	1067
16000	12.1	0	1093
16000	12.2	0	1171
16000	12.3	0	1084
16000	12.4	0	1116
16000	12.5	0	1186
16000	12.6	0	1180
16000	12.7	0	1109
16000	12.8	0	1130
16000	12.9	0	1147
16000	13	0	1094
16000	13.1	0	1158
16000	13.2	0	1181
16000	13.3	0	1110
16000	13.4	0	1108
16000	13.5	0	1116
16000	13.6	0	1144
16000	13.7	0	1175
16000	13.8	0	1174
16000	13.9	0	1187
16000	14	0	1138
16000	14.1	0	1119
16000	14.2	0	1120
16000	14.3	0	1113
16000	14.4	0	1188
16000	14.5	0	1131
16000	14.6	0	1117
16000	14.7	0	1102
16000	14.8	0	1112
16000	14.9	0	1114
16000	15	0	1142
16000	15.1	0	1193
16000	15.2	0	1071
16000	15.3	0	1128
16000	15.4	0	1148
16000	15.5	0	1132
16000	15.6	0	1114
16000	15.7	0	1102
16000	15.8	0	1150
16000	15.9	0	1127
16000	16	0	1087
16000	16.1	0	1232
16000	16.2	0	1103
16000	16.3	0	1101
16000	16.4	0	1074
16000	16.5	0	1163
16000	16.6	0	1119
16000	16.7	0	1170
16000	16.8	0	1122
16000	16.9	0	1126
16000	17	0	1200
16000	17.1	0	1134
16000	17.2	0	1181
16000	17.3	0	1136
16000	17.4	0	1118
16000	17.5	0	1193
16000	17.6	0	1179
16000	17.7	0	1154
16000	17.8	0	1130
16000	17.9	0	1114
16000	18	0	1158
16000	18.1	0	1136
16000	18.2	0	1118
16000	18.3	0	1142
16000	18.4	0	1110
16000	18.5	0	1123
16000	18.6	0	1142
16000	18.7	0	1147
16000	18.8	0	1156
16000	18.9	0	1130
16000	19	0	1112
16000	19.1	0	1152
16000	19.2	0	1162
16000	19.3	0	1118
16000	19.4	0	1179
16000	19.5	0	1147
16000	19.6	0	1189
16000	19.7	0	1139
16000	19.8	0	1171
16000	19.9	0	1135
20000	0	0	1212
20000	0.1	0	1204
20000	0.2	0	1196
20000	0.3	0	1234
20000	0.4	0	1269
20000	0.5	0	1321
20000	0.6	0	1392
20000	0.7	0	1475
20000	0.8	0	1584
20000	0.9	0	1715
20000	1	0	1910
20000	1.1	0	2106
20000	1.2	0	2304
20000	1.3	0	2671
20000	1.4	0	2874
20000	1.5	0	3432
20000	1.6	0	4169
20000	1.7	0	4964
20000	1.8	0	6066
20000	1.9	0	7858
20000	2	0	9644
20000	2.1	0	12637
20000	2.2	0	15733
20000	2.3	0	18757
20000	2.4	0	19531
20000	2.5	0	18568
20000	2.6	0	18003
20000	2.7	0	17602
20000	2.8	0	17677
20000	2.9	0	17706
20000	3	0	17927
20000	3.1	0	18095
20000	3.2	0	18290
20000	3.3	0	18031
20000	3.4	0	18156
20000	3.5	0	17986
20000	3.6	0	18052
20000	3.7	0	18283
20000	3.8	0	18163
20000	3.9	0	18024
20000	4	0	17908
20000	4.1	0	18233
20000	4.2	0	18215
20000	4.3	0	17996
20000	4.4	0	18112
20000	4.5	0	17981
20000	4.6	0	18220
20000	4.7	0	18021
20000	4.8	0	18004
20000	4.9	0	17900
20000	5	0	18199
20000	5.1	0	18015
20000	5.2	0	17954
20000	5.3	0	17195
20000	5.4	0	16532
20000	5.5	0	15669
20000	5.6	0	14659
20000	5.7	0	13867
20000	5.8	0	12462
20000	5.9	0	11724
20000	6	0	10881
20000	6.1	0	9789
20000	6.2	0	8897
20000	6.3	0	8198
20000	6.4	0	7566
20000	6.5	0	6911
20000	6.6	0	6427
20000	6.7	0	5894
20000	6.8	0	5405
20000	6.9	0	5040
20000	7	0	4712
20000	7.1	0	4430
20000	7.2	0	3988
20000	7.3	0	3768
20000	7.4	0	3692
20000	7.5	0	3400
20000	7.6	0	3263
20000	7.7	0	3059
20000	7.8	0	2973
20000	7.9	0	2776
20000	8	0	2604
20000	8.1	0	2453
20000	8.2	0	2401
20000	8.3	0	2285
20000	8.4	0	2158
20000	8.5	0	2142
20000	8.6	0	2004
20000	8.7	0	1960
20000	8.8	0	1951
20000	8.9	0	1851
20000	9	0	1736
20000	9.1	0	1649
20000	9.2	0	1742
20000	9.3	0	1651
20000	9.4	0	1517
20000	9.5	0	1506
20000	9.6	0	1525
20000	9.7	0	1449
20000	9.8	0	1382
20000	9.9	0	1442
20000	10	0	1364
20000	10.1	0	1347
20000	10.2	0	1382
20000	10.3	0	1366
20000	10.4	0	1307
20000	10.5	0	1302
20000	10.6	0	1236
20000	10.7	0	1259
20000	10.8	0	1137
20000	10.9	0	1204
20000	11	0	1207
20000	11.1	0	1176
20000	11.2	0	1134
20000	11.3	0	1125
20000	11.4	0	1171
20000	11.5	0	1136
20000	11.6	0	1175
20000	11.7	0	1102
20000	11.8	0	1097
20000	11.9	0	1117
20000	12	0	1118
20000	12.1	0	1189
20000	12.2	0	1145
20000	12.3	0	1129
20000	12.4	0	1136
20000	12.5	0	1090
20000	12.6	0	1107
20000	12.7	0	1159
20000	12.8	0	1172
20000	12.9	0	1148
20000	13	0	1108
20000	13.1	0	1169
20000	13.2	0	1176
20000	13.3	0	1159
20000	13.4	0	1169
20000	13.5	0	1082
20000	13.6	0	1097
20000	13.7	0	1151
20000	13.8	0	1179
20000	13.9	0	1139
20000	14	0	1199
20000	14.1	0	1130
20000	14.2	0	1156
20000	14.3	0	1165
20000	14.4	0	1085
20000	14.5	0	1152
20000	14.6	0	1134
20000	14.7	0	1116
20000	14.8	0	1085
20000	14.9	0	1197
20000	15	0	1170
20000	15.1	0	1109
20000	15.2	0	1109
20000	15.3	0	1166
20000	15.4	0	1128
20000	15.5	0	1150
20000	15.6	0	1136
20000	15.7	0	1139
20000	15.8	0	1159
20000	15.9	0	1083
20000	16	0	1107
20000	16.1	0	1120
20000	16.2	0	1125
20000	16.3	0	1117
20000	16.4	0	1114
20000	16.5	0	1155
20000	16.6	0	1104
20000	16.7	0	1187
20000	16.8	0	1109
20000	16.9	0	1151
20000	17	0	1140
20000	17.1	0	1174
20000	17.2	0	1204
20000	17.3	0	1151
20000	17.4	0	1074
20000	17.5	0	1097
20000	17.6	0	1150
20000	17.7	0	1185
20000	17.8	0	1122
20000	17.9	0	1112
20000	18	0	1137
20000	18.1	0	1123
20000	18.2	0	1226
20000	18.3	0	1196
20000	18.4	0	1120
20000	18.5	0	1151
20000	18.6	0	1170
20000	18.7	0	1169
20000	18.8	0	1067
20000	18.9	0	1089
20000	19	0	1169
20000	19.1	0	1196
20000	19.2	0	1216
20000	19.3	0	1154
20000	19.4	0	1142
20000	19.5	0	1183
20000	19.6	0	1151
20000	19.7	0	1160
20000	19.8	0	1163
20000	19.9	0	1222
