100000.0000	465420
100000.0000	423740
100000.0000	399570
100000.0000	379670
100000.0000	360110
100000.0000	344140
100000.0000	332430
100000.0000	321680
100000.0000	312220
100000.0000	306600
100000.0000	307610
100000.0000	309070
100000.0000	310110
100000.0000	316450
100000.0000	325900
100000.0000	332460
100000.0000	353080
100000.0000	367620
100000.0000	391490
100000.0000	418780
100000.0000	448940
100000.0000	483340
100000.0000	513470
100000.0000	538690
100000.0000	566000
100000.0000	587780
100000.0000	601770
100000.0000	614510
100000.0000	622210
100000.0000	627830
100000.0000	622000
100000.0000	619120
100000.0000	606430
100000.0000	592330
100000.0000	571110
100000.0000	542370
100000.0000	512540
100000.0000	486990
100000.0000	459890
100000.0000	426595
100000.0000	393491
100000.0000	360903
100000.0000	337828
100000.0000	314677
100000.0000	294284
100000.0000	282361
100000.0000	270964
100000.0000	261720
100000.0000	253417
100000.0000	249556
100000.0000	248256
100000.0000	248972
100000.0000	254256
100000.0000	263625
100000.0000	277939
100000.0000	299861
100000.0000	328939
100000.0000	372355
100000.0000	429014
100000.0000	515206
100000.0000	623721
100000.0000	741864
100000.0000	867812
100000.0000	995816
100000.0000	1.12162e+06
100000.0000	1.23934e+06
100000.0000	1.33957e+06
100000.0000	1.41915e+06
100000.0000	1.47415e+06
100000.0000	1.51108e+06
100000.0000	1.5061e+06
100000.0000	1.47349e+06
100000.0000	1.41278e+06
100000.0000	1.33083e+06
100000.0000	1.22354e+06
100000.0000	1.10126e+06
100000.0000	977352
100000.0000	848116
100000.0000	723512
100000.0000	604784
100000.0000	495064
100000.0000	411792
100000.0000	347416
100000.0000	299928
100000.0000	264964
100000.0000	238256
100000.0000	218128
100000.0000	202736
100000.0000	193388
100000.0000	188676
100000.0000	186332
100000.0000	187940
100000.0000	194032
100000.0000	204616
100000.0000	217692
100000.0000	239536
100000.0000	267356
100000.0000	306040
100000.0000	360100
100000.0000	427288
100000.0000	517032
100000.0000	616952
100000.0000	721492
100000.0000	828584
100000.0000	931336
100000.0000	1.03019e+06
100000.0000	1.11318e+06
100000.0000	1.17767e+06
100000.0000	1.22449e+06
100000.0000	1.24325e+06
100000.0000	1.24726e+06
100000.0000	1.22066e+06
100000.0000	1.16688e+06
100000.0000	1.0966e+06
100000.0000	1.01347e+06
100000.0000	917340
100000.0000	810156
100000.0000	704280
100000.0000	596428
100000.0000	498072
100000.0000	408908
100000.0000	339388
100000.0000	288012
100000.0000	249060
100000.0000	217808
100000.0000	195676
100000.0000	179432
100000.0000	166320
100000.0000	158116
100000.0000	153700
100000.0000	151084
100000.0000	153252
100000.0000	155936
100000.0000	164248
100000.0000	177340
100000.0000	193748
100000.0000	215516
100000.0000	247268
100000.0000	286316
100000.0000	342555
100000.0000	411118
100000.0000	488655
100000.0000	572164
100000.0000	645521
100000.0000	711422
100000.0000	774754
100000.0000	819393
100000.0000	855527
100000.0000	873605
100000.0000	882898
100000.0000	880038
100000.0000	869498
100000.0000	848908
100000.0000	823451
100000.0000	791674
100000.0000	761042
100000.0000	713734
100000.0000	680138
100000.0000	628582
100000.0000	585303
100000.0000	535882
100000.0000	500490
100000.0000	466090
100000.0000	438730
100000.0000	415960
100000.0000	399290
100000.0000	385410
100000.0000	375060
100000.0000	364550
100000.0000	359480
100000.0000	357450
100000.0000	364850
100000.0000	364300
100000.0000	372800
100000.0000	380330
100000.0000	394580
100000.0000	412150
100000.0000	434450
100000.0000	462080
100000.0000	493000
100000.0000	534130
100000.0000	569810
100000.0000	600510
100000.0000	642900
100000.0000	666990
100000.0000	688820
100000.0000	712000
100000.0000	726820
100000.0000	743440
100000.0000	742390
100000.0000	737330
100000.0000	728600
100000.0000	718860
100000.0000	705720
100000.0000	672620
100000.0000	646550
100000.0000	617800
100000.0000	576160
100000.0000	547070
100000.0000	503350
