4000	0	0	1192
4000	0.1	0	1199
4000	0.2	0	1171
4000	0.3	0	1281
4000	0.4	0	1268
4000	0.5	0	1425
4000	0.6	0	1482
4000	0.7	0	1581
4000	0.8	0	1658
4000	0.9	0	1804
4000	1	0	2063
4000	1.1	0	2280
4000	1.2	0	2535
4000	1.3	0	2909
4000	1.4	0	3481
4000	1.5	0	4013
4000	1.6	0	4992
4000	1.7	0	6200
4000	1.8	0	7532
4000	1.9	0	9555
4000	2	0	11965
4000	2.1	0	14706
4000	2.2	0	17062
4000	2.3	0	18757
4000	2.4	0	18289
4000	2.5	0	17356
4000	2.6	0	16638
4000	2.7	0	16814
4000	2.8	0	17274
4000	2.9	0	17154
4000	3	0	17534
4000	3.1	0	17564
4000	3.2	0	17767
4000	3.3	0	17455
4000	3.4	0	17617
4000	3.5	0	17747
4000	3.6	0	17497
4000	3.7	0	17657
4000	3.8	0	17684
4000	3.9	0	17649
4000	4	0	17782
4000	4.1	0	17511
4000	4.2	0	17599
4000	4.3	0	17622
4000	4.4	0	17695
4000	4.5	0	17381
4000	4.6	0	17382
4000	4.7	0	17288
4000	4.8	0	17328
4000	4.9	0	17332
4000	5	0	17418
4000	5.1	0	17278
4000	5.2	0	16944
4000	5.3	0	16527
4000	5.4	0	16104
4000	5.5	0	15397
4000	5.6	0	14838
4000	5.7	0	14058
4000	5.8	0	13067
4000	5.9	0	12215
4000	6	0	11336
4000	6.1	0	10344
4000	6.2	0	9485
4000	6.3	0	8840
4000	6.4	0	7911
4000	6.5	0	7217
4000	6.6	0	6951
4000	6.7	0	6078
4000	6.8	0	5754
4000	6.9	0	5277
4000	7	0	4899
4000	7.1	0	4548
4000	7.2	0	4197
4000	7.3	0	4033
4000	7.4	0	3783
4000	7.5	0	3412
4000	7.6	0	3241
4000	7.7	0	3111
4000	7.8	0	2975
4000	7.9	0	2805
4000	8	0	2683
4000	8.1	0	2527
4000	8.2	0	2392
4000	8.3	0	2332
4000	8.4	0	2162
4000	8.5	0	2128
4000	8.6	0	2079
4000	8.7	0	2070
4000	8.8	0	1855
4000	8.9	0	1892
4000	9	0	1754
4000	9.1	0	1752
4000	9.2	0	1705
4000	9.3	0	1631
4000	9.4	0	1641
4000	9.5	0	1585
4000	9.6	0	1554
4000	9.7	0	1456
4000	9.8	0	1427
4000	9.9	0	1435
4000	10	0	1375
4000	10.1	0	1333
4000	10.2	0	1287
4000	10.3	0	1313
4000	10.4	0	1287
4000	10.5	0	1274
4000	10.6	0	1279
4000	10.7	0	1202
4000	10.8	0	1273
4000	10.9	0	1181
4000	11	0	1161
4000	11.1	0	1203
4000	11.2	0	1168
4000	11.3	0	1128
4000	11.4	0	1123
4000	11.5	0	1152
4000	11.6	0	1182
4000	11.7	0	1130
4000	11.8	0	1118
4000	11.9	0	1101
4000	12	0	1143
4000	12.1	0	1105
4000	12.2	0	1091
4000	12.3	0	1133
4000	12.4	0	1115
4000	12.5	0	1104
4000	12.6	0	1125
4000	12.7	0	1049
4000	12.8	0	1092
4000	12.9	0	1122
4000	13	0	1143
4000	13.1	0	1124
4000	13.2	0	1205
4000	13.3	0	1099
4000	13.4	0	1137
4000	13.5	0	1128
4000	13.6	0	1129
4000	13.7	0	1078
4000	13.8	0	1078
4000	13.9	0	1125
4000	14	0	1066
4000	14.1	0	1189
4000	14.2	0	1159
4000	14.3	0	1201
4000	14.4	0	1060
4000	14.5	0	1098
4000	14.6	0	1124
4000	14.7	0	1170
4000	14.8	0	1068
4000	14.9	0	1087
4000	15	0	1073
4000	15.1	0	1158
4000	15.2	0	1169
4000	15.3	0	1108
4000	15.4	0	1148
4000	15.5	0	1106
4000	15.6	0	1138
4000	15.7	0	1186
4000	15.8	0	1134
4000	15.9	0	1110
4000	16	0	1150
4000	16.1	0	1109
4000	16.2	0	1098
4000	16.3	0	1075
4000	16.4	0	1121
4000	16.5	0	1087
4000	16.6	0	1161
4000	16.7	0	1136
4000	16.8	0	1196
4000	16.9	0	1167
4000	17	0	1137
4000	17.1	0	1106
4000	17.2	0	1111
4000	17.3	0	1072
4000	17.4	0	1116
4000	17.5	0	1128
4000	17.6	0	1123
4000	17.7	0	1185
4000	17.8	0	1202
4000	17.9	0	1106
4000	18	0	1137
4000	18.1	0	1141
4000	18.2	0	1197
4000	18.3	0	1120
4000	18.4	0	1133
4000	18.5	0	1166
4000	18.6	0	1198
4000	18.7	0	1158
4000	18.8	0	1157
4000	18.9	0	1203
4000	19	0	1175
4000	19.1	0	1179
4000	19.2	0	1150
4000	19.3	0	1196
4000	19.4	0	1226
4000	19.5	0	1216
4000	19.6	0	1160
4000	19.7	0	1171
4000	19.8	0	1207
4000	19.9	0	1147
8000	0	0	1247
8000	0.1	0	1168
8000	0.2	0	1266
8000	0.3	0	1248
8000	0.4	0	1335
8000	0.5	0	1439
8000	0.6	0	1535
8000	0.7	0	1587
8000	0.8	0	1657
8000	0.9	0	1882
8000	1	0	2098
8000	1.1	0	2284
8000	1.2	0	2598
8000	1.3	0	2939
8000	1.4	0	3443
8000	1.5	0	4060
8000	1.6	0	5067
8000	1.7	0	6089
8000	1.8	0	7598
8000	1.9	0	9478
8000	2	0	12018
8000	2.1	0	14719
8000	2.2	0	16998
8000	2.3	0	18621
8000	2.4	0	18295
8000	2.5	0	17303
8000	2.6	0	16627
8000	2.7	0	16659
8000	2.8	0	17183
8000	2.9	0	17413
8000	3	0	17501
8000	3.1	0	17366
8000	3.2	0	17703
8000	3.3	0	17569
8000	3.4	0	17620
8000	3.5	0	17616
8000	3.6	0	17478
8000	3.7	0	17699
8000	3.8	0	17565
8000	3.9	0	17696
8000	4	0	17744
8000	4.1	0	17557
8000	4.2	0	17657
8000	4.3	0	17636
8000	4.4	0	17477
8000	4.5	0	17531
8000	4.6	0	17289
8000	4.7	0	17552
8000	4.8	0	17475
8000	4.9	0	17184
8000	5	0	17310
8000	5.1	0	17296
8000	5.2	0	16821
8000	5.3	0	16564
8000	5.4	0	16126
8000	5.5	0	15380
8000	5.6	0	14722
8000	5.7	0	13840
8000	5.8	0	13205
8000	5.9	0	12135
8000	6	0	11222
8000	6.1	0	10367
8000	6.2	0	9600
8000	6.3	0	8814
8000	6.4	0	8191
8000	6.5	0	7357
8000	6.6	0	6698
8000	6.7	0	6086
8000	6.8	0	5737
8000	6.9	0	5390
8000	7	0	4883
8000	7.1	0	4490
8000	7.2	0	4211
8000	7.3	0	4095
8000	7.4	0	3770
8000	7.5	0	3567
8000	7.6	0	3267
8000	7.7	0	3087
8000	7.8	0	2949
8000	7.9	0	2780
8000	8	0	2641
8000	8.1	0	2629
8000	8.2	0	2451
8000	8.3	0	2372
8000	8.4	0	2247
8000	8.5	0	2114
8000	8.6	0	2067
8000	8.7	0	1985
8000	8.8	0	1880
8000	8.9	0	1879
8000	9	0	1852
8000	9.1	0	1783
8000	9.2	0	1670
8000	9.3	0	1577
8000	9.4	0	1620
8000	9.5	0	1538
8000	9.6	0	1555
8000	9.7	0	1444
8000	9.8	0	1420
8000	9.9	0	1400
8000	10	0	1354
8000	10.1	0	1339
8000	10.2	0	1332
8000	10.3	0	1342
8000	10.4	0	1261
8000	10.5	0	1191
8000	10.6	0	1255
8000	10.7	0	1271
8000	10.8	0	1200
8000	10.9	0	1202
8000	11	0	1213
8000	11.1	0	1152
8000	11.2	0	1185
8000	11.3	0	1125
8000	11.4	0	1142
8000	11.5	0	1118
8000	11.6	0	1119
8000	11.7	0	1097
8000	11.8	0	1166
8000	11.9	0	1138
8000	12	0	1137
8000	12.1	0	1083
8000	12.2	0	1149
8000	12.3	0	1156
8000	12.4	0	1082
8000	12.5	0	1056
8000	12.6	0	1086
8000	12.7	0	1113
8000	12.8	0	1138
8000	12.9	0	1125
8000	13	0	1123
8000	13.1	0	1093
8000	13.2	0	1130
8000	13.3	0	1127
8000	13.4	0	1134
8000	13.5	0	1134
8000	13.6	0	1092
8000	13.7	0	1171
8000	13.8	0	1085
8000	13.9	0	1108
8000	14	0	1103
8000	14.1	0	1087
8000	14.2	0	1158
8000	14.3	0	1200
8000	14.4	0	1069
8000	14.5	0	1070
8000	14.6	0	1152
8000	14.7	0	1164
8000	14.8	0	1127
8000	14.9	0	1219
8000	15	0	1155
8000	15.1	0	1106
8000	15.2	0	1127
8000	15.3	0	1091
8000	15.4	0	1094
8000	15.5	0	1100
8000	15.6	0	1172
8000	15.7	0	1142
8000	15.8	0	1193
8000	15.9	0	1113
8000	16	0	1105
8000	16.1	0	1091
8000	16.2	0	1157
8000	16.3	0	1120
8000	16.4	0	1153
8000	16.5	0	1147
8000	16.6	0	1095
8000	16.7	0	1106
8000	16.8	0	1082
8000	16.9	0	1100
8000	17	0	1128
8000	17.1	0	1092
8000	17.2	0	1107
8000	17.3	0	1102
8000	17.4	0	1128
8000	17.5	0	1154
8000	17.6	0	1140
8000	17.7	0	1110
8000	17.8	0	1130
8000	17.9	0	1203
8000	18	0	1096
8000	18.1	0	1155
8000	18.2	0	1205
8000	18.3	0	1159
8000	18.4	0	1160
8000	18.5	0	1147
8000	18.6	0	1147
8000	18.7	0	1206
8000	18.8	0	1197
8000	18.9	0	1187
8000	19	0	1170
8000	19.1	0	1168
8000	19.2	0	1181
8000	19.3	0	1257
8000	19.4	0	1205
8000	19.5	0	1156
8000	19.6	0	1163
8000	19.7	0	1191
8000	19.8	0	1201
8000	19.9	0	1180
12000	0	0	1207
12000	0.1	0	1271
12000	0.2	0	1215
12000	0.3	0	1289
12000	0.4	0	1273
12000	0.5	0	1376
12000	0.6	0	1372
12000	0.7	0	1547
12000	0.8	0	1725
12000	0.9	0	1824
12000	1	0	1972
12000	1.1	0	2280
12000	1.2	0	2629
12000	1.3	0	2890
12000	1.4	0	3373
12000	1.5	0	4095
12000	1.6	0	5024
12000	1.7	0	6104
12000	1.8	0	7621
12000	1.9	0	9557
12000	2	0	11998
12000	2.1	0	14793
12000	2.2	0	16983
12000	2.3	0	18452
12000	2.4	0	18497
12000	2.5	0	17224
12000	2.6	0	16627
12000	2.7	0	16813
12000	2.8	0	16924
12000	2.9	0	17398
12000	3	0	17410
12000	3.1	0	17516
12000	3.2	0	17733
12000	3.3	0	17572
12000	3.4	0	17486
12000	3.5	0	17581
12000	3.6	0	17685
12000	3.7	0	17522
12000	3.8	0	17681
12000	3.9	0	17419
12000	4	0	17744
12000	4.1	0	17547
12000	4.2	0	17606
12000	4.3	0	17612
12000	4.4	0	17589
12000	4.5	0	17500
12000	4.6	0	17461
12000	4.7	0	17473
12000	4.8	0	17350
12000	4.9	0	17093
12000	5	0	17320
12000	5.1	0	17315
12000	5.2	0	16877
12000	5.3	0	16410
12000	5.4	0	16149
12000	5.5	0	15618
12000	5.6	0	14594
12000	5.7	0	14061
12000	5.8	0	13105
12000	5.9	0	12171
12000	6	0	11168
12000	6.1	0	10324
12000	6.2	0	9688
12000	6.3	0	8683
12000	6.4	0	7992
12000	6.5	0	7413
12000	6.6	0	6752
12000	6.7	0	6352
12000	6.8	0	5716
12000	6.9	0	5205
12000	7	0	4826
12000	7.1	0	4531
12000	7.2	0	4269
12000	7.3	0	3975
12000	7.4	0	3778
12000	7.5	0	3474
12000	7.6	0	3374
12000	7.7	0	3096
12000	7.8	0	3001
12000	7.9	0	2785
12000	8	0	2540
12000	8.1	0	2478
12000	8.2	0	2417
12000	8.3	0	2263
12000	8.4	0	2292
12000	8.5	0	2104
12000	8.6	0	2041
12000	8.7	0	2127
12000	8.8	0	1936
12000	8.9	0	1919
12000	9	0	1811
12000	9.1	0	1730
12000	9.2	0	1686
12000	9.3	0	1633
12000	9.4	0	1581
12000	9.5	0	1553
12000	9.6	0	1473
12000	9.7	0	1480
12000	9.8	0	1498
12000	9.9	0	1408
12000	10	0	1448
12000	10.1	0	1335
12000	10.2	0	1299
12000	10.3	0	1364
12000	10.4	0	1221
12000	10.5	0	1258
12000	10.6	0	1253
12000	10.7	0	1206
12000	10.8	0	1237
12000	10.9	0	1202
12000	11	0	1154
12000	11.1	0	1156
12000	11.2	0	1196
12000	11.3	0	1147
12000	11.4	0	1128
12000	11.5	0	1157
12000	11.6	0	1173
12000	11.7	0	1155
12000	11.8	0	1180
12000	11.9	0	1048
12000	12	0	1130
12000	12.1	0	1084
12000	12.2	0	1164
12000	12.3	0	1150
12000	12.4	0	1119
12000	12.5	0	1114
12000	12.6	0	1147
12000	12.7	0	1081
12000	12.8	0	1177
12000	12.9	0	1064
12000	13	0	1110
12000	13.1	0	1147
12000	13.2	0	1152
12000	13.3	0	1156
12000	13.4	0	1112
12000	13.5	0	1182
12000	13.6	0	1103
12000	13.7	0	1088
12000	13.8	0	1124
12000	13.9	0	1116
12000	14	0	1131
12000	14.1	0	1188
12000	14.2	0	1138
12000	14.3	0	1151
12000	14.4	0	1145
12000	14.5	0	1083
12000	14.6	0	1204
12000	14.7	0	1156
12000	14.8	0	1147
12000	14.9	0	1137
12000	15	0	1137
12000	15.1	0	1136
12000	15.2	0	1172
12000	15.3	0	1121
12000	15.4	0	1175
12000	15.5	0	1071
12000	15.6	0	1118
12000	15.7	0	1172
12000	15.8	0	1113
12000	15.9	0	1133
12000	16	0	1150
12000	16.1	0	1130
12000	16.2	0	1167
12000	16.3	0	1144
12000	16.4	0	1131
12000	16.5	0	1093
12000	16.6	0	1151
12000	16.7	0	1177
12000	16.8	0	1162
12000	16.9	0	1171
12000	17	0	1157
12000	17.1	0	1080
12000	17.2	0	1164
12000	17.3	0	1155
12000	17.4	0	1137
12000	17.5	0	1115
12000	17.6	0	1092
12000	17.7	0	1157
12000	17.8	0	1174
12000	17.9	0	1169
12000	18	0	1183
12000	18.1	0	1193
12000	18.2	0	1125
12000	18.3	0	1142
12000	18.4	0	1164
12000	18.5	0	1116
12000	18.6	0	1118
12000	18.7	0	1159
12000	18.8	0	1156
12000	18.9	0	1182
12000	19	0	1202
12000	19.1	0	1148
12000	19.2	0	1215
12000	19.3	0	1176
12000	19.4	0	1222
12000	19.5	0	1219
12000	19.6	0	1198
12000	19.7	0	1234
12000	19.8	0	1184
12000	19.9	0	1198
16000	0	0	1207
16000	0.1	0	1253
16000	0.2	0	1285
16000	0.3	0	1258
16000	0.4	0	1305
16000	0.5	0	1390
16000	0.6	0	1459
16000	0.7	0	1514
16000	0.8	0	1727
16000	0.9	0	1927
16000	1	0	1917
16000	1.1	0	2176
16000	1.2	0	2530
16000	1.3	0	2956
16000	1.4	0	3414
16000	1.5	0	4090
16000	1.6	0	4943
16000	1.7	0	6154
16000	1.8	0	7664
16000	1.9	0	9653
16000	2	0	12009
16000	2.1	0	14496
16000	2.2	0	17246
16000	2.3	0	18479
16000	2.4	0	18434
16000	2.5	0	17092
16000	2.6	0	16734
16000	2.7	0	16826
16000	2.8	0	16823
16000	2.9	0	17261
16000	3	0	17727
16000	3.1	0	17333
16000	3.2	0	17693
16000	3.3	0	17599
16000	3.4	0	17565
16000	3.5	0	17680
16000	3.6	0	17530
16000	3.7	0	17565
16000	3.8	0	17632
16000	3.9	0	17681
16000	4	0	17673
16000	4.1	0	17695
16000	4.2	0	17419
16000	4.3	0	17553
16000	4.4	0	17683
16000	4.5	0	17630
16000	4.6	0	17423
16000	4.7	0	17407
16000	4.8	0	17362
16000	4.9	0	17178
16000	5	0	17390
16000	5.1	0	17347
16000	5.2	0	16916
16000	5.3	0	16773
16000	5.4	0	15981
16000	5.5	0	15476
16000	5.6	0	14856
16000	5.7	0	13896
16000	5.8	0	13061
16000	5.9	0	12209
16000	6	0	11360
16000	6.1	0	10227
16000	6.2	0	9483
16000	6.3	0	8863
16000	6.4	0	8092
16000	6.5	0	7347
16000	6.6	0	6736
16000	6.7	0	6277
16000	6.8	0	5628
16000	6.9	0	5198
16000	7	0	4877
16000	7.1	0	4484
16000	7.2	0	4267
16000	7.3	0	3960
16000	7.4	0	3698
16000	7.5	0	3605
16000	7.6	0	3315
16000	7.7	0	3141
16000	7.8	0	2953
16000	7.9	0	2856
16000	8	0	2730
16000	8.1	0	2463
16000	8.2	0	2474
16000	8.3	0	2318
16000	8.4	0	2172
16000	8.5	0	2145
16000	8.6	0	2127
16000	8.7	0	2022
16000	8.8	0	1949
16000	8.9	0	1808
16000	9	0	1820
16000	9.1	0	1702
16000	9.2	0	1775
16000	9.3	0	1664
16000	9.4	0	1595
16000	9.5	0	1550
16000	9.6	0	1523
16000	9.7	0	1482
16000	9.8	0	1417
16000	9.9	0	1408
16000	10	0	1400
16000	10.1	0	1354
16000	10.2	0	1335
16000	10.3	0	1244
16000	10.4	0	1246
16000	10.5	0	1279
16000	10.6	0	1277
16000	10.7	0	1216
16000	10.8	0	1171
16000	10.9	0	1219
16000	11	0	1186
16000	11.1	0	1239
16000	11.2	0	1219
16000	11.3	0	1080
16000	11.4	0	1142
16000	11.5	0	1102
16000	11.6	0	1193
16000	11.7	0	1068
16000	11.8	0	1168
16000	11.9	0	1166
16000	12	0	1138
16000	12.1	0	1137
16000	12.2	0	1134
16000	12.3	0	1080
16000	12.4	0	1125
16000	12.5	0	1088
16000	12.6	0	1115
16000	12.7	0	1142
16000	12.8	0	1145
16000	12.9	0	1112
16000	13	0	1157
16000	13.1	0	1114
16000	13.2	0	1088
16000	13.3	0	1130
16000	13.4	0	1101
16000	13.5	0	1147
16000	13.6	0	1094
16000	13.7	0	1137
16000	13.8	0	1166
16000	13.9	0	1205
16000	14	0	1172
16000	14.1	0	1141
16000	14.2	0	1090
16000	14.3	0	1178
16000	14.4	0	1098
16000	14.5	0	1129
16000	14.6	0	1098
16000	14.7	0	1148
16000	14.8	0	1094
16000	14.9	0	1165
16000	15	0	1114
16000	15.1	0	1138
16000	15.2	0	1140
16000	15.3	0	1100
16000	15.4	0	1115
16000	15.5	0	1107
16000	15.6	0	1147
16000	15.7	0	1151
16000	15.8	0	1157
16000	15.9	0	1165
16000	16	0	1086
16000	16.1	0	1187
16000	16.2	0	1190
16000	16.3	0	1123
16000	16.4	0	1095
16000	16.5	0	1115
16000	16.6	0	1106
16000	16.7	0	1110
16000	16.8	0	1092
16000	16.9	0	1133
16000	17	0	1137
16000	17.1	0	1093
16000	17.2	0	1096
16000	17.3	0	1140
16000	17.4	0	1151
16000	17.5	0	1108
16000	17.6	0	1136
16000	17.7	0	1185
16000	17.8	0	1185
16000	17.9	0	1173
16000	18	0	1193
16000	18.1	0	1171
16000	18.2	0	1155
16000	18.3	0	1126
16000	18.4	0	1210
16000	18.5	0	1162
16000	18.6	0	1141
16000	18.7	0	1164
16000	18.8	0	1110
16000	18.9	0	1135
16000	19	0	1139
16000	19.1	0	1168
16000	19.2	0	1105
16000	19.3	0	1129
16000	19.4	0	1172
16000	19.5	0	1144
16000	19.6	0	1209
16000	19.7	0	1152
16000	19.8	0	1184
16000	19.9	0	1218
20000	0	0	1184
20000	0.1	0	1180
20000	0.2	0	1247
20000	0.3	0	1258
20000	0.4	0	1380
20000	0.5	0	1376
20000	0.6	0	1378
20000	0.7	0	1482
20000	0.8	0	1664
20000	0.9	0	1790
20000	1	0	1993
20000	1.1	0	2219
20000	1.2	0	2589
20000	1.3	0	2969
20000	1.4	0	3582
20000	1.5	0	4124
20000	1.6	0	4810
20000	1.7	0	6178
20000	1.8	0	7596
20000	1.9	0	9680
20000	2	0	11988
20000	2.1	0	14526
20000	2.2	0	17034
20000	2.3	0	18571
20000	2.4	0	18467
20000	2.5	0	17152
20000	2.6	0	16683
20000	2.7	0	16863
20000	2.8	0	16867
20000	2.9	0	17269
20000	3	0	17483
20000	3.1	0	17632
20000	3.2	0	17756
20000	3.3	0	17502
20000	3.4	0	17734
20000	3.5	0	17575
20000	3.6	0	17460
20000	3.7	0	17687
20000	3.8	0	17754
20000	3.9	0	17482
20000	4	0	17644
20000	4.1	0	17754
20000	4.2	0	17751
20000	4.3	0	17356
20000	4.4	0	17786
20000	4.5	0	17564
20000	4.6	0	17296
20000	4.7	0	17160
20000	4.8	0	17411
20000	4.9	0	17419
20000	5	0	17253
20000	5.1	0	17296
20000	5.2	0	16997
20000	5.3	0	16701
20000	5.4	0	16044
20000	5.5	0	15385
20000	5.6	0	14694
20000	5.7	0	14006
20000	5.8	0	12964
20000	5.9	0	12060
20000	6	0	11257
20000	6.1	0	10475
20000	6.2	0	9684
20000	6.3	0	8710
20000	6.4	0	8021
20000	6.5	0	7399
20000	6.6	0	6757
20000	6.7	0	6217
20000	6.8	0	5633
20000	6.9	0	5186
20000	7	0	4827
20000	7.1	0	4657
20000	7.2	0	4321
20000	7.3	0	4090
20000	7.4	0	3651
20000	7.5	0	3618
20000	7.6	0	3333
20000	7.7	0	3139
20000	7.8	0	2936
20000	7.9	0	2721
20000	8	0	2768
20000	8.1	0	2506
20000	8.2	0	2383
20000	8.3	0	2421
20000	8.4	0	2222
20000	8.5	0	2098
20000	8.6	0	2102
20000	8.7	0	1995
20000	8.8	0	1956
20000	8.9	0	1870
20000	9	0	1754
20000	9.1	0	1808
20000	9.2	0	1648
20000	9.3	0	1616
20000	9.4	0	1552
20000	9.5	0	1584
20000	9.6	0	1508
20000	9.7	0	1453
20000	9.8	0	1393
20000	9.9	0	1431
20000	10	0	1405
20000	10.1	0	1363
20000	10.2	0	1276
20000	10.3	0	1290
20000	10.4	0	1284
20000	10.5	0	1231
20000	10.6	0	1275
20000	10.7	0	1210
20000	10.8	0	1220
20000	10.9	0	1149
20000	11	0	1071
20000	11.1	0	1218
20000	11.2	0	1157
20000	11.3	0	1192
20000	11.4	0	1055
20000	11.5	0	1157
20000	11.6	0	1138
20000	11.7	0	1107
20000	11.8	0	1112
20000	11.9	0	1141
20000	12	0	1112
20000	12.1	0	1098
20000	12.2	0	1196
20000	12.3	0	1072
20000	12.4	0	1132
20000	12.5	0	1079
20000	12.6	0	1176
20000	12.7	0	1177
20000	12.8	0	1116
20000	12.9	0	1133
20000	13	0	1048
20000	13.1	0	1100
20000	13.2	0	1183
20000	13.3	0	1162
20000	13.4	0	1161
20000	13.5	0	1104
20000	13.6	0	1083
20000	13.7	0	1141
20000	13.8	0	1141
20000	13.9	0	1154
20000	14	0	1159
20000	14.1	0	1131
20000	14.2	0	1120
20000	14.3	0	1120
20000	14.4	0	1137
20000	14.5	0	1141
20000	14.6	0	1093
20000	14.7	0	1167
20000	14.8	0	1084
20000	14.9	0	1129
20000	15	0	1137
20000	15.1	0	1107
20000	15.2	0	1083
20000	15.3	0	1160
20000	15.4	0	1115
20000	15.5	0	1125
20000	15.6	0	1122
20000	15.7	0	1180
20000	15.8	0	1152
20000	15.9	0	1174
20000	16	0	1117
20000	16.1	0	1164
20000	16.2	0	1130
20000	16.3	0	1221
20000	16.4	0	1139
20000	16.5	0	1196
20000	16.6	0	1137
20000	16.7	0	1141
20000	16.8	0	1090
20000	16.9	0	1154
20000	17	0	1120
20000	17.1	0	1097
20000	17.2	0	1202
20000	17.3	0	1167
20000	17.4	0	1143
20000	17.5	0	1083
20000	17.6	0	1144
20000	17.7	0	1159
20000	17.8	0	1137
20000	17.9	0	1205
20000	18	0	1115
20000	18.1	0	1175
20000	18.2	0	1227
20000	18.3	0	1150
20000	18.4	0	1201
20000	18.5	0	1171
20000	18.6	0	1175
20000	18.7	0	1121
20000	18.8	0	1171
20000	18.9	0	1195
20000	19	0	1137
20000	19.1	0	1179
20000	19.2	0	1151
20000	19.3	0	1136
20000	19.4	0	1149
20000	19.5	0	1215
20000	19.6	0	1151
20000	19.7	0	1201
20000	19.8	0	1162
20000	19.9	0	1212
