2.0000e+05	8.3042e+04
2.0000e+05	8.3136e+04
2.0000e+05	8.3225e+04
2.0000e+05	8.3935e+04
2.0000e+05	8.4990e+04
2.0000e+05	8.6531e+04
2.0000e+05	8.7596e+04
2.0000e+05	8.8924e+04
2.0000e+05	9.0528e+04
2.0000e+05	9.2635e+04
2.0000e+05	9.4141e+04
2.0000e+05	9.6550e+04
2.0000e+05	9.8659e+04
2.0000e+05	1.0072e+05
2.0000e+05	1.0376e+05
2.0000e+05	1.0576e+05
2.0000e+05	1.0821e+05
2.0000e+05	1.1082e+05
2.0000e+05	1.1293e+05
2.0000e+05	1.1500e+05
2.0000e+05	1.1716e+05
2.0000e+05	1.1897e+05
2.0000e+05	1.2021e+05
2.0000e+05	1.2180e+05
2.0000e+05	1.2070e+05
2.0000e+05	1.1838e+05
2.0000e+05	1.1705e+05
2.0000e+05	1.1732e+05
2.0000e+05	1.1878e+05
2.0000e+05	1.1866e+05
2.0000e+05	1.1942e+05
2.0000e+05	1.1850e+05
2.0000e+05	1.1879e+05
2.0000e+05	1.1817e+05
2.0000e+05	1.1836e+05
2.0000e+05	1.1841e+05
2.0000e+05	1.1798e+05
2.0000e+05	1.1859e+05
2.0000e+05	1.1848e+05
2.0000e+05	1.1841e+05
2.0000e+05	1.1832e+05
2.0000e+05	1.1776e+05
2.0000e+05	1.1731e+05
2.0000e+05	1.1801e+05
2.0000e+05	1.1813e+05
2.0000e+05	1.1763e+05
2.0000e+05	1.1771e+05
2.0000e+05	1.1713e+05
2.0000e+05	1.1731e+05
2.0000e+05	1.1696e+05
2.0000e+05	1.1703e+05
2.0000e+05	1.1705e+05
2.0000e+05	1.1697e+05
2.0000e+05	1.1602e+05
2.0000e+05	1.1638e+05
2.0000e+05	1.1593e+05
2.0000e+05	1.1629e+05
2.0000e+05	1.1572e+05
2.0000e+05	1.1540e+05
2.0000e+05	1.1549e+05
2.0000e+05	1.1451e+05
2.0000e+05	1.1480e+05
2.0000e+05	1.1482e+05
2.0000e+05	1.1433e+05
2.0000e+05	1.1384e+05
2.0000e+05	1.1405e+05
2.0000e+05	1.1402e+05
2.0000e+05	1.1278e+05
2.0000e+05	1.1263e+05
2.0000e+05	1.1285e+05
2.0000e+05	1.1275e+05
2.0000e+05	1.1183e+05
2.0000e+05	1.1229e+05
2.0000e+05	1.1116e+05
2.0000e+05	1.1119e+05
2.0000e+05	1.1075e+05
2.0000e+05	1.1095e+05
2.0000e+05	1.1066e+05
2.0000e+05	1.1070e+05
2.0000e+05	1.0984e+05
2.0000e+05	1.0938e+05
2.0000e+05	1.0901e+05
2.0000e+05	1.0881e+05
2.0000e+05	1.0832e+05
2.0000e+05	1.0858e+05
2.0000e+05	1.0740e+05
2.0000e+05	1.0740e+05
2.0000e+05	1.0694e+05
2.0000e+05	1.0714e+05
2.0000e+05	1.0652e+05
2.0000e+05	1.0580e+05
2.0000e+05	1.0550e+05
2.0000e+05	1.0543e+05
2.0000e+05	1.0470e+05
2.0000e+05	1.0456e+05
2.0000e+05	1.0471e+05
2.0000e+05	1.0380e+05
2.0000e+05	1.0367e+05
2.0000e+05	1.0325e+05
2.0000e+05	1.0354e+05
2.0000e+05	1.0230e+05
2.0000e+05	1.0248e+05
2.0000e+05	1.0187e+05
2.0000e+05	1.0198e+05
2.0000e+05	1.0123e+05
2.0000e+05	1.0072e+05
2.0000e+05	1.0017e+05
2.0000e+05	1.0013e+05
2.0000e+05	1.0022e+05
2.0000e+05	9.9717e+04
2.0000e+05	9.9735e+04
2.0000e+05	9.8875e+04
2.0000e+05	9.8351e+04
2.0000e+05	9.8621e+04
2.0000e+05	9.7880e+04
2.0000e+05	9.7724e+04
2.0000e+05	9.7555e+04
2.0000e+05	9.7168e+04
2.0000e+05	9.6565e+04
2.0000e+05	9.6409e+04
2.0000e+05	9.6371e+04
2.0000e+05	9.6065e+04
2.0000e+05	9.5634e+04
2.0000e+05	9.5762e+04
2.0000e+05	9.4976e+04
2.0000e+05	9.4985e+04
2.0000e+05	9.4471e+04
2.0000e+05	9.3620e+04
2.0000e+05	9.4058e+04
2.0000e+05	9.2921e+04
2.0000e+05	9.2964e+04
2.0000e+05	9.3185e+04
2.0000e+05	9.3432e+04
2.0000e+05	9.2572e+04
2.0000e+05	9.2066e+04
2.0000e+05	9.1617e+04
2.0000e+05	9.1678e+04
2.0000e+05	9.1712e+04
2.0000e+05	9.0977e+04
2.0000e+05	9.1346e+04
2.0000e+05	9.0967e+04
2.0000e+05	9.0503e+04
2.0000e+05	9.0208e+04
2.0000e+05	8.9905e+04
2.0000e+05	8.9467e+04
2.0000e+05	8.9391e+04
2.0000e+05	8.9709e+04
2.0000e+05	8.8935e+04
2.0000e+05	8.8732e+04
2.0000e+05	8.8410e+04
2.0000e+05	8.7944e+04
2.0000e+05	8.7865e+04
2.0000e+05	8.8252e+04
2.0000e+05	8.7575e+04
2.0000e+05	8.8240e+04
2.0000e+05	8.7281e+04
2.0000e+05	8.7630e+04
2.0000e+05	8.6672e+04
2.0000e+05	8.7400e+04
2.0000e+05	8.6244e+04
2.0000e+05	8.6719e+04
2.0000e+05	8.6466e+04
2.0000e+05	8.6295e+04
2.0000e+05	8.6227e+04
2.0000e+05	8.5609e+04
2.0000e+05	8.5995e+04
2.0000e+05	8.5970e+04
2.0000e+05	8.5350e+04
2.0000e+05	8.5481e+04
2.0000e+05	8.4890e+04
2.0000e+05	8.4675e+04
2.0000e+05	8.5212e+04
2.0000e+05	8.4370e+04
2.0000e+05	8.4286e+04
2.0000e+05	8.4004e+04
2.0000e+05	8.4062e+04
2.0000e+05	8.4084e+04
2.0000e+05	8.3919e+04
2.0000e+05	8.4148e+04
2.0000e+05	8.3560e+04
2.0000e+05	8.4312e+04
2.0000e+05	8.4128e+04
2.0000e+05	8.3642e+04
2.0000e+05	8.3856e+04
2.0000e+05	8.3217e+04
2.0000e+05	8.3740e+04
2.0000e+05	8.3252e+04
2.0000e+05	8.3281e+04
2.0000e+05	8.4199e+04
2.0000e+05	8.3325e+04
2.0000e+05	8.3700e+04
2.0000e+05	8.3044e+04
2.0000e+05	8.3294e+04
2.0000e+05	8.3024e+04
2.0000e+05	8.3075e+04
2.0000e+05	8.3774e+04
2.0000e+05	8.2725e+04
2.0000e+05	8.2930e+04
2.0000e+05	8.2990e+04
2.0000e+05	8.2727e+04
