2.0000e+04	3.4024e+02	1.3629e+02	1.5503e+01	1.1926e+02	7.0893e+02	3.3768e+02	-2.1912e+02	-6.9647e+01	-6.4981e+02	7.9240e+00	-1.1070e+02	-1.2675e+01	2.8629e+02	3.9320e+02	2.9405e+01	3.6307e+02	2.9716e+02	8.4663e+02	-2.3878e+02	4.5311e+02	8.0662e+01	1.2458e+02	3.0660e+02	-6.7912e+01	4.1404e+02	1.3297e+02	4.9652e+01	-3.0998e+02	-4.4758e+02	-4.1154e+02	5.5595e+02	1.2031e+02	2.4684e+02	-2.2003e+02	-6.5054e+01	-1.2544e+02	-5.7671e+02	1.1862e+02	-3.7532e+02	3.4744e+02	-1.1616e+02	-1.1317e+02	-1.8496e+02	2.9322e+02	3.8554e+02	-4.0631e+02	3.8648e+02	-3.9267e+02	-4.5773e+02	-8.0767e+02	3.2329e+02	-1.9191e+02	-4.5165e+02	-3.7699e+02	-2.6545e+02	6.3289e+01	3.0137e+00	5.2612e+02	3.7493e+02	-5.3436e+02	4.2447e+02	-3.6119e+01	9.7656e+01	7.2219e+01	-2.0456e+02	3.9167e+02	1.5680e+02	-1.3811e+02	-3.0861e+02	-2.3791e+02	-3.5321e+02	-2.5019e+02	-7.7744e+01	-4.0391e+02	-1.1110e+02	-2.2955e+02	-5.3062e+02	-4.1089e+01	-4.8576e+02	5.2514e+02	-7.1357e+00	3.3486e+01	-3.9954e+02	-1.3143e+02	-3.3067e+02	5.2019e+02	2.4951e+02	8.0415e+01	8.0573e+02	-6.7569e+02	5.5982e+02	-5.3709e+02	-3.7950e+02	1.3272e+02	-8.6994e+01	-4.8411e+02	4.5364e+02	3.1346e+01	-6.8427e+02	-2.3030e+02	-5.7430e+02	1.4926e+02	6.4249e+00	4.3300e+02	6.6965e+02	-4.8905e+02	-1.6857e+02	-2.5074e+01	4.2219e+02	1.5683e+02	-2.2993e+02	-3.3199e+01	4.4471e+02	-4.8411e+02	-8.1916e+00	5.2351e+02	5.9793e+02	-4.0798e+02	-4.7714e+02	6.5434e+02	-4.0020e+02	-6.1418e+02	-4.2264e+02	-2.8881e+02	-3.2888e+02	6.2542e+02	1.7347e+02	9.4795e+01	-1.4777e+02	4.7255e+02	2.1232e+02	2.5664e+02	3.3957e+02	1.8532e+02	-3.9658e+01	-2.4913e+02	-2.5439e+02	-4.2342e+01	1.7289e+01	-8.4801e+02	2.4909e+02	-4.0748e+02	-4.1741e+02	1.4659e+02	-3.6882e+02	1.9670e+02	-1.6904e+02	1.3488e+02	-2.1241e+01	-1.7973e+02	-1.5152e+01	5.6683e+02	-6.2040e+01	-8.5026e-01	-8.2695e+01	-8.0198e+01	2.9780e+02	4.0146e+02	-5.4816e+02	3.2962e+01	-3.8639e+02	-4.7531e+02	-6.8925e+01	-1.2931e+02	2.6939e+02	5.8735e+02	2.8408e+02	7.8516e+02	4.3077e+02	3.3885e+02	6.3053e+02	3.7829e+02	4.2897e+02	1.8561e+02	-1.8211e+02	7.6125e+02	2.3276e+01	1.2556e+02	1.5037e+01	-3.6215e+02	2.5165e+02	1.9313e+02	9.8008e+02	-4.3280e+02	2.5307e+02	-5.0634e+02	-2.7316e+02	-2.9635e+01	6.8263e+01	1.8797e+02	2.6534e+02	-2.3519e+02	-4.4628e+02	-1.7190e+02	-8.7558e+01	4.5584e+02	-9.1011e+01	3.7627e+01	-1.9302e+02	4.9120e+02
2.0000e+04	-2.6628e+02	1.7911e+02	-7.1307e+02	-6.5800e+02	7.6524e+02	1.1498e+03	-9.2886e+01	-1.6905e+03	-3.1064e+02	-7.3890e+01	-3.2665e+02	2.0976e+02	-4.9621e+02	8.0065e+02	2.4165e+02	3.6506e+02	7.6955e+01	-5.8707e+02	-4.0298e+02	5.9581e+02	-1.2394e+02	2.4521e+02	8.8670e+02	-1.0582e+01	6.6392e+00	1.0910e+02	-3.5681e+02	8.5473e+02	7.6819e+02	-3.7902e+02	-6.1739e+01	5.5222e+01	-3.4363e+02	-1.3117e+03	-8.2699e+02	-4.8849e+01	1.3293e+03	-2.2302e+02	4.5707e+02	2.8419e+02	-2.8389e+02	-3.7020e+02	3.7062e+02	3.2740e+02	2.6541e+02	-7.6116e+02	5.6853e+01	-5.6066e+02	3.6946e+02	-1.4716e+02	-6.5356e+00	-2.5561e+02	7.2388e+01	-7.0732e+01	3.1458e+02	9.1141e+02	7.6263e+02	-1.1429e+03	-2.7490e+02	-8.7136e+02	1.1342e+02	8.3430e+02	-8.6994e+02	4.4600e+02	-6.3176e+02	5.9682e+02	-8.7088e+02	-6.2292e+02	-8.9982e+02	1.2248e+02	-1.1019e+02	-6.7999e+01	-4.9620e+02	-1.3832e+03	-1.2371e+03	1.4853e+02	3.0422e+02	-1.4959e+02	5.2529e+02	3.9699e+02	-4.1766e+02	-2.1860e+02	-7.9977e+02	-1.0843e+03	-4.0275e+02	-4.1227e+02	2.7341e+02	-4.9426e+02	6.0100e+02	-5.6898e+00	1.6940e+02	-4.3780e+02	1.5404e+02	-1.7235e+02	5.9796e+02	4.8209e+02	1.7557e+02	-3.8158e+01	-3.3186e+02	-3.2670e+02	-6.7140e+02	1.3405e+02	-3.1738e+02	-8.3542e+02	-6.6510e+02	-6.3302e+02	2.2487e+00	2.2144e+02	-6.1324e+02	7.9016e+02	9.0121e+02	2.7854e+02	6.3343e+02	4.1973e+02	-6.1322e+02	4.1295e+02	-4.1587e+02	1.9029e+02	9.6902e+01	4.5210e+02	-5.8249e+02	-9.5760e+01	-7.3915e+02	-3.0165e+02	9.7621e+02	-3.7670e+01	5.2476e+02	-8.5028e+02	-1.0009e+03	-8.9921e+02	4.0088e+01	5.3057e+02	5.0159e+01	-4.2134e+02	6.5417e+02	-1.3426e+03	-1.9932e+02	1.1468e+03	5.1370e+02	2.3969e+02	-1.4835e+02	-3.4785e+02	2.0894e+02	-3.3025e+02	-8.7832e+02	2.0895e+03	4.6861e+01	-4.4185e+02	-8.4803e+01	-3.2783e+02	3.0158e+02	2.9347e+02	7.9240e+02	7.2766e+02	-7.5401e+02	-9.7851e+02	5.4184e+01	-7.4618e+02	-3.3842e+02	-1.3762e+02	3.7419e+02	6.7725e+02	2.2413e+02	-3.5087e+02	-2.0992e+03	-7.0910e+02	-3.3558e+02	-2.0255e+02	1.3900e+03	-4.9401e+02	-8.3039e+02	7.9525e+01	-5.2175e+02	4.9466e+02	-3.5241e+02	-6.0229e+01	2.6679e+01	-3.7950e+02	-5.4060e+02	-8.9283e+02	6.7779e+02	-5.3236e+02	-7.1364e+02	-9.0619e+02	-6.2565e+02	-9.2011e+02	6.0339e+02	-4.4213e+02	7.5413e+02	-3.7612e+02	5.9785e+02	1.2780e+02	2.1138e+02	-3.4829e+02	-1.1707e+03	-1.1129e+02	3.0974e+00	1.9944e+02	1.7680e+02	-7.3055e+02
4.0000e+04	9.8703e+01	-1.1429e+02	2.6589e+02	1.1473e+02	1.0907e+03	-3.1924e+02	-2.1395e+02	-4.7126e+02	-9.6917e+02	-4.0833e+02	-3.1640e+02	1.9730e+02	7.3673e+02	-3.3637e+02	-1.1075e+02	-1.5204e+02	5.4452e+02	8.3604e+02	-4.8354e+02	4.2917e+02	-1.6411e+02	2.3269e+02	8.4484e+02	-3.5318e+02	-1.4967e+02	1.2379e+01	-1.4519e+02	-3.2471e+02	-3.8325e+02	-5.1424e+02	-4.1259e+02	-4.5861e+02	1.9154e+02	5.6243e+01	-9.5242e+02	-2.6187e+02	-6.7385e+02	2.5629e+02	-6.3166e+02	-9.7990e+01	-1.7827e+02	-6.8615e+01	-5.1954e+02	6.6613e+01	1.0792e+03	2.6280e+02	7.2171e+02	-1.2427e+02	-7.0173e+02	-6.2520e+02	2.3791e+02	9.9150e+01	-8.5149e+02	-2.4619e+02	1.7176e+02	-1.4369e+02	-1.2636e+01	6.5733e+02	4.1655e+02	-2.8503e+02	3.1993e+02	-6.8575e+00	-2.3236e+01	-5.9316e+02	-3.6033e+02	4.8494e+02	4.7827e+02	7.0470e+02	-6.8095e+02	-5.6520e+02	5.6169e+02	-7.6746e+01	2.8775e+02	-8.2818e+01	-1.6179e+02	-9.0658e+02	1.8101e+02	-2.3230e+01	-9.1355e+02	5.9228e+02	1.9915e+02	-4.2384e+00	-4.4599e+02	4.8684e+02	-3.8376e+02	5.4944e+02	4.7962e+01	1.5349e+02	5.2999e+02	-1.0670e+03	3.4460e+02	-7.1381e+02	-3.5733e+02	1.2065e+02	2.5267e+02	-5.7803e+01	1.4137e+02	-3.3047e+02	-1.3859e+03	-4.8981e+02	-7.7874e+02	5.5374e+01	-4.4729e+00	6.3965e+02	6.8633e+02	-1.9760e+02	-2.6986e+02	-1.5643e+02	-1.6000e+02	6.9073e+01	-1.6604e+02	-1.8347e+01	7.8576e+02	-3.5517e+02	-8.5342e+02	4.2569e+02	8.7657e+02	-8.3277e+02	-7.8095e+02	8.2537e+02	-5.8330e+02	-8.8499e+02	-6.6991e+02	2.7393e+02	3.0897e+02	1.5452e+03	2.3883e+02	1.3979e+02	-8.0661e+02	7.5175e+02	4.0869e+02	-2.2577e+02	3.4351e+02	1.9541e+02	1.0416e+02	-4.8244e+01	-1.8302e+02	-2.8114e+02	2.5438e+02	-5.0079e+02	-2.1144e+02	-4.0045e+02	-3.9965e+02	-1.2796e+02	-3.9652e+02	1.7697e+02	-7.8770e+02	-7.5939e+01	-5.4943e+02	-4.7484e+01	-8.8457e+02	2.9558e+01	-4.5317e+02	1.8972e+02	8.9500e+02	2.3715e+00	-1.0724e+01	1.2031e+03	-5.9632e+02	4.1262e+02	-1.2878e+02	2.5296e+01	-9.8881e+02	-1.6977e+02	1.6453e+02	1.1743e+03	-1.5917e+02	1.1165e+03	6.6352e+02	4.8882e+02	5.4972e+02	7.3945e+01	8.2452e+02	1.3478e+02	2.2238e+02	5.2108e+02	4.4753e+02	4.1656e+02	-1.8702e+02	-5.0088e+02	6.6461e+01	3.2742e+02	4.1880e+02	-1.6099e+02	3.2001e+02	-2.6609e+02	-3.6908e+02	-4.4020e+02	-9.3764e+01	1.9079e+02	3.9551e+02	-2.2699e+02	-5.1539e+02	1.2328e+02	1.2577e+02	2.3131e+02	-9.5654e+01	-8.0364e+02	-3.0002e+02	6.9466e+02
4.0000e+04	-7.8489e+01	-2.4513e+02	-2.0414e+02	2.0405e+02	1.3463e+03	2.6590e+03	7.8841e+02	-1.4001e+03	4.5233e+02	7.2570e+01	6.8370e+02	1.1863e+03	-6.7346e+02	-1.0977e+02	3.2007e+02	-7.3997e+02	1.0599e+03	1.3655e+02	-3.9146e+02	-1.7131e+02	2.5573e+02	1.0617e+03	7.4669e+02	-2.2509e+02	7.8582e+02	3.3093e+02	1.2593e+02	7.3823e+02	1.0400e+03	-1.9293e+02	-8.4375e+02	-3.3963e+02	-4.2519e+01	-7.3226e+02	-5.7581e+02	6.3912e+02	1.6597e+03	-6.9475e+02	1.0593e+03	3.2962e+02	2.8714e+02	2.0859e+02	9.9306e+02	4.8778e+02	6.7842e+02	-1.2344e+03	-1.1218e+03	-3.7920e+02	-6.5925e+02	3.1025e+02	-6.2358e+01	5.5194e+01	1.2076e+02	1.1087e+02	1.5096e+03	-1.9484e+02	8.5961e+02	-2.8428e+03	-8.8375e+01	-1.3364e+02	7.6224e+02	3.1910e+01	-1.1028e+03	5.9214e+02	4.3021e+00	1.1478e+03	-4.7599e+02	-1.4730e+03	-1.2624e+03	-2.8199e+02	-3.0541e+02	-9.0195e+02	-9.6924e+02	-1.9262e+03	-2.2406e+03	4.0144e+02	2.6606e+02	3.9807e+02	-4.0656e+01	1.0230e+03	-3.0081e+02	-1.6330e+03	-1.4915e+03	-5.4197e+02	1.2797e+02	-4.5957e+02	4.9619e+02	7.4916e+02	7.4475e+02	4.0859e+02	-4.0731e+01	-1.3903e+02	3.8233e+02	-2.9596e+02	1.1746e+03	9.8086e+02	1.3904e+03	4.8239e+02	-3.4731e+02	4.4167e+02	-1.9547e+02	5.4871e+02	-8.1121e+02	-7.0900e+02	-1.1103e+03	-5.3437e+02	-1.8465e+02	-6.5106e+02	-1.3824e+03	9.8094e+02	1.1102e+03	-4.9020e+02	4.6805e+02	-1.3809e+02	-7.9515e+02	-3.6359e+02	5.0576e+01	-3.3984e+02	-2.5240e+02	1.5156e+03	-5.5751e+02	1.6769e+02	-1.1383e+03	-1.2476e+03	8.8497e+02	-1.7857e+02	4.4829e+01	-1.3982e+03	-1.2067e+03	-1.6277e+03	-6.1419e+02	1.2328e+03	-3.4247e+02	-1.1506e+02	7.5279e+02	-4.7379e+02	-1.3389e+03	1.4985e+03	4.6312e+02	-4.6375e+02	1.8896e+02	-3.3170e+02	1.1339e+03	-3.6038e+02	-5.5581e+02	2.1976e+03	-2.8539e+02	-3.1211e+02	3.5736e+01	-7.4242e+02	4.6016e+02	1.1427e+02	1.4686e+03	1.0986e+03	-4.9447e+02	-8.2112e+02	2.0208e+02	-1.7239e+03	-6.0560e+02	-1.8678e+02	1.0173e+03	9.2792e+02	8.2460e+02	-3.8091e+01	-2.4783e+03	-8.0181e+02	3.6730e+02	-6.0013e+02	1.1430e+03	-6.5229e+02	1.2193e+02	2.4588e+02	3.1050e+02	1.2766e+03	-1.1521e+02	3.4526e+02	-6.2605e+02	-6.0206e+02	-1.2104e+03	-4.8579e+02	2.4457e+02	-1.2209e+03	-5.3934e+02	-1.8803e+03	-1.3497e+02	-1.6385e+03	5.3689e+02	-5.6231e+02	1.2925e+03	-1.0338e+03	6.8794e+02	7.5435e+02	-5.0134e+01	-5.9142e+02	-5.1242e+02	-6.1598e+02	5.9078e+01	-4.9279e+02	3.6054e+02	-4.3531e+02
6.0000e+04	6.3525e+02	1.4224e+02	1.2568e+02	2.7099e+02	8.2868e+02	-3.0970e+02	-4.5142e+02	-1.9018e+02	-1.1310e+03	-8.6272e+02	-2.5712e+02	3.8003e+02	7.4597e+02	-2.5119e+02	-4.4884e+02	1.3547e+02	9.3574e+02	8.3934e+02	-5.9393e+02	5.4916e+00	-2.4234e+02	-2.6548e+02	4.5510e+02	-3.9481e+02	-1.4879e+02	2.2729e+02	7.6941e+02	-6.0172e+02	-3.2637e+02	-9.4018e+02	-4.2957e+02	-3.7861e+02	2.4535e+02	6.8236e+01	-1.0893e+03	-1.5570e+02	-8.2637e+01	-2.7807e+02	-7.9572e+02	-5.6912e+02	-2.2398e+02	3.0412e+02	-1.0338e+03	1.1489e+02	1.1670e+03	6.6373e+02	3.8674e+02	8.5225e+01	-5.2131e+02	-8.0610e+02	7.5885e+02	2.6916e+02	-1.1167e+03	3.9587e+02	-1.2019e+02	-2.3517e+02	-2.2099e+00	7.6089e+02	1.0576e+02	-8.1720e+01	-1.6003e+02	-1.0038e+02	-3.6537e+02	-6.4687e+02	-4.6329e+02	4.7078e+02	1.1050e+02	5.9318e+02	-1.7839e+02	-8.6339e+02	4.4445e+02	-2.8150e+02	5.0958e+02	-2.3616e+02	-2.6351e+02	-3.9458e+02	1.4504e+02	-2.2307e+02	-1.2656e+03	3.9741e+02	-3.7134e+02	1.2727e+02	-1.3629e+02	7.0004e+02	2.4609e+02	4.5207e+02	-3.1237e+01	1.1137e+03	2.9029e+02	-1.5450e+03	-2.2910e+02	-7.6566e+02	-2.2075e+02	2.9471e+02	5.5568e+01	-2.9198e+02	-3.4697e+02	-1.1227e+03	-1.4261e+03	-2.5677e+02	-9.9120e+02	2.5343e+02	-4.1419e+02	6.4464e+02	1.2371e+03	3.3719e+01	1.0678e+02	8.0163e+02	1.3162e+02	7.6885e+02	1.6489e+02	-5.6074e+02	1.0257e+03	-6.7286e+02	-8.8636e+02	-7.4899e+01	1.1989e+03	-7.8620e+02	-7.3610e+02	1.0926e+03	-3.7216e+02	-4.7498e+02	-8.7864e+02	3.0756e+02	7.2688e+02	1.9051e+03	2.4789e+02	-9.2109e+01	-1.2324e+03	6.0790e+02	5.4080e+02	-1.8869e+02	6.0912e+02	4.2289e+02	-2.2629e+02	-7.1300e+02	8.1580e+01	-6.7045e+02	2.9801e+02	-2.4909e+02	5.0978e+02	-2.6818e+02	-9.4356e+01	-2.4979e+02	-7.7430e+02	-1.1507e+02	-1.1911e+03	-3.3822e+02	-1.1126e+03	-4.0764e+02	-8.2351e+02	3.0183e+02	-2.5545e+02	4.1301e+02	9.5559e+02	4.3812e+01	1.2919e+02	8.3450e+02	-1.0618e+03	2.4813e+02	-7.4623e+01	-5.3190e+01	-1.0187e+03	-9.7572e+02	3.1044e+02	1.5854e+03	-6.1987e+02	1.4107e+03	4.5992e+02	6.4470e+02	5.5715e+02	-1.4138e+02	7.6462e+02	-6.9964e+01	1.7668e+02	9.3483e+02	3.4230e+02	1.9750e+02	1.0364e+01	-1.4183e+02	4.0876e+02	5.6087e+02	3.6742e+02	-1.2790e+02	6.6090e+02	-5.4136e+02	-6.6820e+02	2.6806e+01	-5.5410e+02	1.2036e+03	2.1250e+02	3.4049e+02	-6.3618e+02	6.2114e+02	-4.2463e+02	8.9581e+02	4.3015e+02	-7.7744e+02	-5.8097e+01	7.5006e+02
6.0000e+04	2.8654e+02	-4.5462e+02	-6.0058e+02	8.0073e+02	2.2461e+03	2.7646e+03	1.3817e+03	-3.0802e+03	9.3518e+01	6.5456e+02	8.0157e+02	1.7040e+03	-7.0937e+01	-1.9780e+02	3.6902e+02	2.2015e+02	1.2428e+03	-6.3507e+02	-8.3757e+02	-4.2546e+02	3.4455e+02	1.4708e+03	-7.3398e+01	-2.7172e+02	2.2599e+02	7.7768e+00	9.3495e+02	1.2845e+03	6.9993e+02	-2.1493e+02	-2.0446e+02	-8.2062e+02	-2.7432e+02	-5.6941e+02	-1.4194e+03	4.0973e+02	1.9575e+03	-1.0661e+03	1.1090e+03	7.3165e+02	-2.5178e+02	1.9866e+02	6.4442e+02	5.3756e+02	7.3823e+02	-1.5865e+03	-9.5976e+02	-6.2265e+02	-4.9200e+02	3.3254e+02	4.1440e+01	-6.8254e+02	-1.2481e+03	-6.5442e+02	1.5678e+03	-2.8015e+02	1.7396e+03	-4.0268e+03	-5.7145e+02	-1.3524e+02	-3.6382e+02	1.2892e+02	-2.2852e+02	7.1443e+02	5.7387e+02	1.3116e+03	-5.9760e+02	-1.3343e+03	-5.6753e+02	-4.1859e+02	-9.1869e+02	-5.1407e+02	-4.4933e+00	-1.1041e+03	-2.7626e+03	4.0500e+02	3.1139e+02	2.3636e+02	2.3958e+02	-7.7995e+01	1.6486e+02	-1.2226e+03	-9.1774e+02	-5.4328e+02	4.6321e+02	-1.8435e+03	1.1807e+03	7.2999e+02	3.0383e+02	5.9307e+02	8.2555e+02	1.7583e+02	1.1959e+03	-6.1770e+02	4.0083e+02	8.5013e+02	1.5610e+03	1.2215e+03	3.8879e+02	9.9951e+02	-4.4841e+02	1.7150e+02	-8.2378e+02	-1.1412e+03	-1.5634e+03	-9.1285e+02	1.1863e+02	-1.1510e+03	-1.5736e+03	5.4290e+02	2.0940e+03	-5.7630e+02	1.0901e+03	-2.7677e+02	-5.0996e+02	2.9187e+02	3.4528e+02	-6.6590e+01	2.9230e+02	1.7462e+03	3.4128e+02	-5.1163e+02	-4.8134e+02	-1.6094e+03	2.8527e+02	1.2648e+02	-6.2122e+02	-1.9887e+03	-1.3191e+03	-2.2598e+03	-1.7443e+02	7.6731e+02	-6.3238e+02	-9.4301e+02	1.1220e+03	1.9516e+02	-4.0505e+01	1.6088e+03	9.6438e+00	-6.7013e+02	-2.2626e+02	-6.6953e+02	1.5734e+03	9.4579e+02	-8.3570e+01	1.7494e+03	-7.2573e+02	1.4892e+02	-5.4377e+02	-2.6601e+02	9.3014e+01	-7.5867e+02	2.9717e+03	1.4759e+03	-1.1376e+03	2.7044e+02	-3.8768e+02	-1.2129e+03	-1.4982e+03	1.7597e+02	1.6868e+03	1.3313e+03	5.3550e+02	-4.5964e+02	-2.4281e+03	-1.3867e+03	6.1843e+02	-1.9632e+02	9.0116e+02	-3.4304e+02	2.9976e+01	5.5345e+02	2.9727e+02	9.5168e+02	3.1886e+02	1.4007e+03	-4.2470e+02	5.3019e+02	-1.0172e+03	-7.0977e+02	-5.3076e+02	-1.0932e+03	-6.1322e+02	-2.1691e+03	4.6696e+02	-9.2959e+02	5.1088e+02	-1.3800e+02	1.4652e+03	-1.7253e+03	9.9657e+02	3.8621e+02	9.2252e+02	-1.0337e+03	-1.6800e+02	-1.8456e+02	-5.3592e+01	4.5010e+01	1.6714e+02	-5.1157e+02
8.0000e+04	6.8210e+02	-1.0556e+02	3.2435e+02	6.0460e+02	7.2870e+01	-1.1212e+03	-5.2852e+02	1.0692e+02	-1.2899e+03	-7.3020e+02	-3.6512e+02	-2.2599e+01	4.3819e+02	-8.4871e+02	-4.1194e+02	-3.2955e+02	6.0582e+02	5.4535e+02	-4.2806e+02	2.3618e+02	-4.9752e+02	-5.1583e+02	8.6894e+02	-7.9215e+02	-3.0470e+02	1.0422e+03	1.0560e+03	-6.6094e+02	-4.6869e+02	-9.6831e+02	-1.0913e+03	-3.0684e+02	6.3908e+02	4.0057e+02	-8.9827e+02	-2.1262e+02	4.6385e+02	1.0584e+02	-3.9990e+02	-4.4346e+02	-4.3759e+02	3.3650e+02	-3.8034e+02	3.4238e+02	1.1830e+03	6.3825e+01	1.0033e+03	-4.9964e+02	-1.0897e+02	-9.6327e+02	2.5619e+02	4.4580e+02	-6.4694e+02	9.1685e+02	3.7584e+02	-2.5878e+02	-2.0294e+02	9.1390e+02	-8.8001e+01	-4.2531e+01	-5.1125e+02	1.9603e+02	-3.7276e+02	-1.0683e+03	-1.8479e+02	8.4765e+02	2.3864e+02	9.3578e+02	-4.1924e+02	-1.1241e+03	7.1462e+02	-4.8465e+02	1.6788e+02	-9.3168e+01	-2.9704e+02	-3.6468e+02	-4.3834e+02	4.7639e+01	-1.6677e+03	3.5040e+02	-6.4359e+02	-4.6420e+02	-6.6238e+02	5.3692e+02	1.9379e+02	4.9802e+02	2.2770e+02	2.2226e+03	-1.0273e+02	-1.5356e+03	-5.8822e+02	-9.7868e+02	4.5810e+02	8.0369e+01	-4.0956e+02	-1.4971e+02	-8.0314e+02	-1.0464e+03	-2.0529e+03	1.0147e+02	-8.6069e+02	6.9246e+02	2.5451e+01	1.0159e+03	1.5133e+03	2.7198e+02	2.1105e+02	6.3914e+02	4.5934e+01	9.2666e+02	1.2891e+03	-3.8146e+02	6.9278e+02	-6.1841e+02	-6.6534e+02	-7.9607e+01	1.4542e+03	-1.1637e+03	-1.3838e+03	9.3433e+02	-8.3673e+02	-3.1488e+02	-9.5609e+02	6.9367e+02	9.8337e+02	2.2080e+03	2.8483e+02	-1.4907e+02	-1.5923e+03	6.2064e+01	5.4214e+02	9.9793e+01	1.0467e+03	7.2868e+02	-9.7708e+01	-6.4303e+02	3.3539e+02	-3.8533e+02	8.6989e+02	-8.5228e+02	1.7396e+02	3.1379e+02	2.1118e+02	-4.1993e+02	-4.3193e+02	-7.2345e+02	-8.8933e+02	-7.6006e+02	-1.0112e+03	-6.4237e+02	-7.3011e+02	5.4717e+01	1.0425e+01	-1.5033e+02	1.0152e+03	-1.6354e+02	1.1334e+02	8.4518e+02	-8.1282e+02	1.5605e+02	-8.9112e+01	3.1967e+02	-1.5482e+03	-1.4106e+03	4.0404e+02	2.0233e+03	-3.3173e+02	1.1356e+03	7.4937e+02	1.1628e+03	5.7608e+02	1.2976e+02	1.4755e+03	-1.4299e+02	6.3294e+02	1.1482e+03	5.7483e+02	-9.6120e+01	1.6137e+02	-6.4122e+02	2.6667e+02	8.7833e+02	-4.4152e+02	-1.3653e+02	1.0246e+03	-7.1683e+02	-7.5300e+02	-8.7509e+01	-5.8619e+02	9.5430e+02	4.0906e+02	5.4133e+02	-9.0697e+02	5.3975e+02	-3.0563e+02	6.8858e+02	1.0355e+03	-6.8712e+02	1.0923e+02	7.1216e+02
8.0000e+04	1.2278e+03	-1.0704e+03	-5.1658e+01	1.0787e+03	2.1778e+03	2.4636e+03	1.3583e+03	-3.4631e+03	-7.6506e+02	7.7711e+02	7.1107e+02	2.5852e+03	-5.5375e+02	-7.0283e+02	5.6325e+02	1.9409e+02	1.7265e+03	-1.1066e+03	1.6484e+02	-5.1919e+02	2.7503e+02	6.3455e+02	1.7634e+02	-2.8983e+02	-6.5780e+02	-6.4800e+02	2.5897e+02	1.1128e+03	1.4022e+03	2.4225e+02	2.4567e+02	-1.7706e+03	-7.7818e+02	-3.3713e+02	-6.2659e+02	-5.4938e+02	2.9396e+03	-9.6660e+02	1.0382e+03	6.1222e+02	-1.1995e+03	-3.6409e+02	-4.8611e+01	-7.1157e+02	8.6035e+02	-1.5936e+03	-1.0249e+03	8.7584e+02	5.6449e+01	-5.3057e+01	-4.7798e+02	-1.7344e+02	-1.2194e+03	-6.2639e+02	1.4389e+03	3.1452e+02	1.8910e+03	-4.5868e+03	7.8606e+02	-8.2957e+01	3.2088e+02	1.8539e+02	-5.7100e+02	3.2386e+02	7.3758e+02	1.6891e+03	-9.5735e+01	-4.7137e+02	-3.7793e+02	-1.3973e+03	-1.1839e+03	-5.9618e+02	-5.1663e+02	-4.5670e+02	-3.2562e+03	-5.0927e+02	-1.9690e+02	8.7100e+02	-2.2906e+02	1.7818e+02	-1.4873e+02	-6.9621e+02	-5.5003e+02	-1.2058e+03	1.0782e+03	-1.6504e+03	1.6940e+03	5.9949e+02	6.8784e+01	4.0606e+02	1.1388e+03	-6.9345e+01	1.2797e+03	-3.0099e+02	-2.8938e+02	1.1605e+03	1.1894e+03	3.2711e+02	5.0143e+02	1.2942e+03	-1.5399e+02	9.0309e+01	-8.6225e+02	-1.1601e+03	-1.5592e+03	9.9193e+01	1.3887e+02	-1.0008e+03	-2.4606e+02	8.2399e+02	2.1058e+03	-3.3617e+02	1.0579e+03	-6.2408e+01	-1.9521e+02	1.1489e+02	1.5932e+02	-8.9893e+02	-2.6373e+02	2.4080e+03	3.9511e+01	-8.7714e+02	-1.3134e+03	-1.2715e+03	-4.3908e+02	-2.3392e+02	-2.8697e+02	-1.3209e+03	-1.1451e+03	-2.1422e+03	4.4583e+02	9.4430e+02	3.7744e+02	-1.4252e+02	8.9715e+02	2.1673e+01	-9.4221e+02	2.4336e+03	-1.8763e+02	-9.1463e+02	5.8720e+02	-6.2043e+02	1.3910e+03	2.2029e+03	1.6188e+02	7.9565e+02	-1.6867e+03	-1.3894e+02	-8.5105e+02	1.5894e+02	-1.0992e+03	-6.7116e+01	3.0308e+03	6.3167e+02	-1.3110e+03	-3.4776e+02	-7.8836e+02	-1.0162e+03	-1.1112e+03	1.3433e+03	9.8798e+02	1.8611e+03	1.2590e+03	-2.9740e+02	-2.0427e+03	-2.2673e+03	-2.2923e+02	4.4385e+02	-4.4432e+02	-1.4242e+03	-2.5977e+02	-1.2305e+02	5.6369e+02	1.8222e+02	4.4604e+02	2.2091e+03	-2.3233e+02	-3.1972e+02	-1.1991e+03	-1.7218e+02	-8.9123e+02	-8.3650e+02	-9.3532e+02	-3.3053e+03	7.8995e+02	-3.2451e+02	3.1596e+02	5.2174e+02	2.0549e+03	-2.4132e+03	1.1747e+03	2.8188e+02	9.1920e+02	-4.1828e+02	9.3418e+01	-4.1870e+01	-7.4021e+02	5.2823e+02	-3.5237e+02	-1.1290e+03
1.0000e+05	7.1139e+01	-5.2197e+01	5.1500e+02	9.3913e+02	3.2665e+02	-1.1409e+03	-5.3360e+02	8.4798e+02	-1.9684e+03	-4.5201e+02	-7.0049e+02	-1.3534e+02	3.3525e+02	-4.0102e+02	-6.6012e+02	-4.0240e+02	8.8085e+02	3.0909e+01	-7.9226e+02	4.9888e+02	-1.5161e+02	-6.7743e+02	6.2523e+02	-1.1747e+03	5.0443e+01	9.8624e+02	1.1394e+03	-1.5042e+02	-7.6413e+02	-1.0868e+03	-4.0772e+02	-7.3446e+02	7.9032e+02	6.4337e+02	-9.6444e+02	1.1942e+02	-1.7486e+01	-2.8264e+02	-6.9434e+02	-1.0600e+03	-8.4214e+02	-3.0403e+01	-1.0629e+03	4.7266e+02	9.5821e+02	7.2896e+00	7.2136e+02	-5.1005e+02	-1.7175e+02	-1.3084e+03	1.1539e+03	2.8540e+02	-3.1333e+02	5.5831e+02	4.7496e+02	-3.3501e+02	-3.0700e+02	1.0751e+03	-2.9075e+02	-4.3796e+02	-1.1023e+03	-3.2849e+02	-6.5506e+02	-6.4428e+02	2.5174e+02	8.1516e+02	-2.0107e+02	4.3245e+02	-3.3629e+01	-1.5204e+03	5.8979e+02	-9.1429e+02	2.8366e+01	-1.5377e+02	1.5426e+02	-6.8585e+02	-5.4487e+02	2.6399e+02	-1.5694e+03	5.8093e+02	-7.0705e+02	-4.6204e+02	-4.6578e+02	6.2484e+02	4.6706e+02	3.5151e+02	3.5142e+02	2.5347e+03	3.3697e+02	-1.7497e+03	-1.3737e+02	-1.3343e+03	2.8868e+02	-1.2966e+01	-7.0253e+02	-3.0262e+02	-1.0208e+03	-3.1817e+02	-2.2343e+03	5.6013e+02	-8.9389e+02	1.1455e+03	-4.5338e+02	4.8748e+02	1.2560e+03	4.5716e+02	-1.5456e+02	4.1181e+02	-3.1875e+02	6.1287e+02	1.5875e+03	-3.9705e+02	1.4065e+03	-9.1063e+02	-2.8317e+02	-2.6430e+02	2.6688e+03	-1.0890e+03	-1.1090e+03	1.4156e+03	-7.0866e+02	-5.8939e+01	-1.2086e+03	1.1700e+03	1.3091e+03	2.4984e+03	1.8121e+02	8.8853e+01	-1.3132e+03	6.2034e+02	2.5858e+02	-6.6871e+00	9.9677e+02	3.1081e+02	-3.3712e+02	-6.8823e+02	-1.1068e+01	-2.9095e+02	1.3511e+03	-1.0452e+03	-3.0863e+02	5.6991e+02	4.0956e+02	-7.4954e+02	-3.8275e+02	-5.3409e+02	-7.4747e+02	-3.6904e+02	-1.4190e+03	-2.3759e+02	-2.7699e+02	3.8413e+02	-2.6830e+01	-3.4692e+02	1.2929e+03	-6.9050e+01	-5.1440e+01	1.6449e+03	-6.6963e+02	-2.5243e+02	-7.7549e+01	4.4419e+02	-1.2542e+03	-1.1015e+03	5.3791e+02	2.7456e+03	-6.9758e+02	1.0524e+03	-1.0203e+02	9.2802e+02	2.0086e+02	-1.0982e+02	1.9258e+03	-2.8419e+02	1.4090e+03	9.3670e+02	1.3127e+02	-4.5668e+02	5.3901e+02	-6.3431e+02	4.5906e+02	1.0110e+03	-4.9710e+02	-1.7931e+02	8.5110e+02	-4.8541e+02	-7.2743e+02	-8.0932e+00	-3.8082e+02	1.0616e+03	-3.2679e+02	7.9488e+02	-7.6496e+02	3.0710e+02	-2.9690e+02	3.7955e+02	9.4940e+02	-2.6630e+02	2.4839e+02	1.1087e+03
1.0000e+05	1.1468e+03	-1.2586e+03	2.1058e+02	2.1048e+03	2.4138e+03	2.7750e+03	3.1639e+02	-4.2545e+03	-3.7002e+02	1.3608e+03	6.2950e+02	2.2938e+03	-1.5529e+03	-1.5280e+03	8.0905e+02	1.1258e+03	2.0144e+03	-3.4646e+02	-1.4126e+02	-5.9453e+02	5.2028e+02	-1.0625e+02	-4.0253e+01	-2.2563e+02	-2.3840e+02	-6.8714e+02	-4.2621e+01	1.0629e+03	8.4309e+02	-1.7116e+02	-2.0522e+02	-4.5856e+02	-4.5832e+02	-1.1878e+02	3.6105e+02	-7.8857e+02	2.3536e+03	-1.3786e+03	7.3418e+02	1.2145e+03	-8.7727e+02	-6.0844e+02	-1.9066e+02	-2.6951e+01	1.5270e+03	-2.6279e+03	-7.5649e+02	1.0307e+03	-1.5932e+02	7.7581e+02	-1.8582e+02	1.5853e+02	-1.7959e+03	-5.4397e+02	1.2023e+03	8.1824e+02	3.1923e+03	-4.2324e+03	9.4846e+02	3.0531e+02	-2.3636e+02	9.4444e+02	-7.8691e+02	8.7179e+02	8.1443e+01	1.8360e+03	-7.0047e+02	-3.4551e+02	-4.4466e+01	-2.0929e+03	-1.1815e+03	-1.5956e+03	-5.7774e+02	-7.2455e+02	-2.9865e+03	-6.3580e+02	-1.3457e+01	1.1734e+03	-1.0454e+03	6.2127e+02	4.0781e+02	-1.0291e+03	4.8396e+02	-1.7862e+03	1.1300e+03	-1.9200e+03	2.2447e+03	1.2367e+03	-9.5752e+02	-1.3740e+03	5.1151e+02	2.7557e+02	9.3800e+02	-6.9593e+02	-1.0683e+03	1.8109e+03	1.2759e+03	7.8446e+02	5.6058e+02	2.0222e+03	-2.8903e+02	4.9863e+02	-2.1904e+02	-1.5124e+03	-1.0247e+03	-2.3411e+02	8.9158e+02	-9.3656e+02	-1.4002e+03	1.5482e+03	1.9278e+03	-5.3137e+02	1.4851e+03	-1.2916e+03	2.8206e+02	4.6933e+02	-6.4553e+02	-1.0560e+02	2.3462e+02	2.0417e+03	3.9299e+02	-1.9568e+03	-1.5411e+03	-1.5269e+03	-5.9363e+01	-7.0581e+02	-1.2284e+03	-1.3443e+03	-1.5241e+03	-2.2882e+03	-3.0223e+02	9.7436e+02	2.3612e+02	6.7849e+02	2.2066e+03	-5.7291e+02	-1.5576e+03	1.9341e+03	-1.5798e+02	-2.0094e+02	6.9743e+02	-1.7942e+02	1.0542e+03	2.8968e+03	-3.3969e+02	3.8330e+02	-2.1163e+03	4.2311e+02	-1.9004e+02	-3.6791e+02	-1.3698e+03	-9.2764e+02	3.7017e+03	1.5294e+03	-1.7416e+03	3.3514e+02	-8.1796e+02	-6.3274e+02	-2.7231e+03	1.3126e+03	-8.1783e+01	1.2788e+03	1.9206e+03	-2.1431e+02	-1.3566e+03	-3.1666e+03	1.0697e+03	1.6719e+03	3.2587e+02	-1.6352e+03	-3.2796e+02	-4.6622e+02	3.1717e+02	1.9046e+02	5.7200e+02	2.2840e+03	-5.1066e+02	-8.4387e+02	-1.0874e+03	-4.1108e+02	-1.0785e+03	-3.2647e+02	-1.3315e+02	-3.4187e+03	2.1076e+03	-2.0598e+03	-9.3866e+01	2.0798e+02	2.8936e+03	-2.3775e+03	1.6689e+03	9.1905e+02	7.3448e+01	5.6340e+02	4.3876e+02	1.1120e+02	-1.6574e+02	-4.0092e+02	-4.6766e+02	-1.1807e+03
1.2000e+05	-7.6306e+02	-2.4678e+02	5.0604e+02	1.1377e+03	1.0190e+03	-1.2071e+03	-3.1710e+02	3.0928e+02	-1.8463e+03	-2.1180e+02	-1.2870e+03	-1.0918e+03	6.7204e+02	-5.7302e+02	-1.0513e+03	-2.5689e+01	1.0541e+03	-1.7728e+02	-9.9512e+02	6.4358e+02	-3.0629e+02	1.2619e+02	3.1012e+02	-1.3668e+03	-1.4177e+02	1.3465e+03	1.4953e+03	-3.8430e+02	-9.1649e+01	-1.1889e+03	-3.9615e+02	-8.0505e+02	6.6576e+02	8.1813e+02	-1.2640e+03	-1.8231e+02	-2.9003e+02	-7.7590e+02	-5.1766e+02	-1.3568e+03	-1.0741e+03	-3.9699e+02	-1.3578e+03	5.3288e+00	1.1468e+03	-4.2494e+02	9.0363e+02	-5.3659e+02	-1.0232e+03	-1.6092e+03	1.0998e+03	-3.1602e+00	-6.4171e+01	2.3371e+02	5.0587e+01	-6.7012e+02	-4.5168e+02	1.3746e+03	-3.8548e+02	-8.4088e+02	-1.2590e+03	-7.6057e+02	-6.9312e+02	-9.8206e+02	-2.1058e+02	1.6367e+03	1.7332e+02	4.2885e+02	8.0292e+00	-1.2069e+03	8.0785e+02	-1.2141e+03	-3.3178e+02	2.5405e+02	4.7273e+02	-1.1966e+03	-2.7304e+02	3.3379e+02	-1.5459e+03	8.7258e+02	-7.1289e+02	-3.1864e+02	-4.2664e+02	4.2842e+02	4.7031e+02	-4.1172e+01	1.0127e+03	1.7396e+03	6.5309e+02	-1.9071e+03	2.1989e+02	-1.5598e+03	1.9944e+02	-9.2163e+01	-1.2717e+03	-5.9826e+02	-1.6638e+03	-7.5495e+02	-2.8836e+03	3.5542e+02	-6.8067e+02	7.9524e+02	-4.7152e+02	9.6938e+02	6.0173e+02	4.9426e+02	-4.7488e+02	9.8997e+00	-3.9486e+02	5.9363e+02	1.6888e+03	-7.0404e+02	1.2537e+03	-2.4753e+02	-5.1489e+02	-2.5674e+02	2.7451e+03	-2.1943e+03	-1.6256e+03	1.8757e+03	-1.3499e+03	-6.3620e+02	-8.7134e+02	1.5310e+03	1.0905e+03	2.0362e+03	-2.7502e+01	-5.9587e+02	-1.0339e+03	2.6414e+02	-2.7058e+00	3.1539e+02	1.0490e+03	2.9220e+02	-5.8381e+02	-1.3066e+03	7.8641e+02	2.6409e+02	1.1184e+03	-1.2878e+03	-1.3104e+02	1.4328e+03	7.1354e+02	-3.2146e+02	-3.3347e+02	-8.2248e+02	-9.1332e+02	-5.8806e+02	-2.2201e+03	-1.3784e+02	-3.3309e+02	1.0500e+02	-3.5433e+02	-7.5161e+02	1.4292e+03	-2.1193e+02	-4.1163e+02	1.7669e+03	-8.5385e+02	-1.1823e+03	-2.3348e+01	4.7237e+02	-1.8385e+03	-9.3038e+02	4.1530e+02	3.1406e+03	-1.0197e+03	6.9683e+02	-7.0722e+02	6.3964e+02	8.6251e+02	-3.6290e+02	1.6944e+03	-2.2777e+02	1.3175e+03	5.5295e+02	-4.1765e+01	-9.4402e+02	1.3804e+02	-9.0042e+02	5.2325e+02	7.9818e+02	-2.6266e+01	6.0929e+02	8.7244e+02	-2.5331e+02	-1.2878e+03	-2.7799e+02	-1.0769e+03	1.7898e+03	1.4279e+02	1.0580e+03	-6.9388e+02	-3.4538e+01	5.7287e+02	9.5104e+02	2.7290e+02	-3.7195e+02	-8.8096e+01	1.2509e+03
1.2000e+05	1.3919e+03	-1.7975e+03	3.7434e+02	2.5507e+03	2.5223e+03	1.5205e+03	-1.8090e+02	-4.3014e+03	-9.2773e+02	1.3342e+03	1.9120e+03	3.2157e+03	-1.4565e+03	-2.5223e+03	3.8899e+02	1.6846e+03	1.5785e+03	5.1141e+02	-9.5245e+01	-2.0616e+01	1.7268e+03	5.1185e+02	7.0756e+02	7.7917e+01	-1.0443e+03	-1.5645e+03	5.0621e+02	7.8534e+02	-2.2433e+02	-2.6286e+02	1.8719e+02	3.5697e+02	2.7869e+02	-8.1876e+02	7.9860e+02	1.7321e+01	2.3814e+03	-1.6035e+03	4.2298e+02	3.4589e+02	-1.4753e+03	-1.8887e+02	-3.1726e+02	-4.7177e+02	2.4050e+03	-2.0059e+03	-1.0826e+03	5.8667e+02	-4.3371e+02	9.4691e+01	-4.6462e+02	2.0501e+02	-1.5971e+03	-1.1153e+03	1.3792e+03	1.1586e+02	3.1606e+03	-4.1581e+03	5.3807e+02	1.8949e+02	-2.1466e+02	8.3541e+02	-6.9937e+02	6.6651e+02	-4.7500e+02	1.8557e+03	-7.6470e+02	-3.4675e+02	-6.9910e+01	-1.0218e+03	-1.4143e+03	-2.2841e+03	-5.4555e+02	-8.1517e+02	-2.6009e+03	-6.5800e+02	1.0353e+03	1.8939e+03	-1.3484e+03	-4.5057e+02	5.9948e+02	4.5781e+02	4.6073e+02	2.9111e+02	9.7103e+02	-2.0851e+03	1.3793e+03	6.5407e+02	-1.4575e+03	-8.8311e+02	4.4747e+01	6.5124e+02	8.6115e+02	-1.5683e+03	-3.0735e+02	2.3319e+03	5.0196e+02	1.0202e+03	4.7355e+02	1.6004e+03	8.8308e+01	5.5539e+02	-9.3213e+01	-2.6208e+02	-1.1677e+03	3.0204e+02	4.0427e+02	-8.6107e+02	-1.0023e+03	1.2463e+03	2.5435e+03	-1.1671e+03	1.4248e+03	-2.0035e+03	-7.0480e+01	1.5214e+03	-3.2062e+01	-6.0432e+02	-1.0672e+02	2.3111e+03	4.2237e+02	-2.0594e+03	-1.5437e+03	-1.0556e+03	-4.5572e+02	-1.9214e+03	-1.5273e+03	-1.4529e+03	-1.7018e+03	-2.3521e+03	-1.0905e+03	2.0606e+03	1.0163e+03	-5.7193e+02	2.0749e+03	-1.5508e+03	-1.6674e+03	1.9991e+03	-2.8856e+02	-5.0443e+02	1.0237e+03	-1.5559e+02	1.2112e+03	2.6421e+03	-1.7652e+02	1.7322e+02	-1.8413e+03	4.7604e+02	4.0510e+02	1.0488e+02	-1.5472e+03	-1.7703e+03	3.0013e+03	1.4321e+03	-2.2450e+03	-6.7875e+02	-7.2317e+02	-6.2093e+02	-2.2274e+03	1.2678e+03	7.9621e+02	1.0613e+03	1.4961e+03	-1.4744e+02	-8.0840e+02	-3.0601e+03	1.5966e+03	1.8870e+03	4.2419e+02	-2.4452e+03	4.5850e+02	-5.2585e+02	-1.0921e+02	-5.2020e+02	1.1450e+03	1.6333e+03	-1.6192e+03	-6.0714e+02	-1.0756e+03	-7.8232e+02	-1.2861e+03	2.7331e+02	4.5904e+02	-3.2294e+03	2.3385e+03	-2.0591e+03	7.1100e+02	8.3291e+02	3.2175e+03	-2.6763e+03	1.5430e+03	-1.6201e+02	5.3238e+02	5.6796e+02	1.1135e+03	1.0631e+03	1.4411e+02	-4.0460e+02	7.3891e+01	-1.2110e+03
1.4000e+05	-1.2178e+02	-2.1044e+02	8.3498e+02	8.4104e+02	6.4007e+02	-1.5522e+03	-6.7002e+02	3.0046e+02	-1.9707e+03	-2.4638e+02	-1.8214e+03	-9.0953e+02	6.3576e+02	-8.1442e+02	-1.0251e+03	-1.5174e+02	8.5914e+02	-9.2098e+01	-1.0118e+03	6.2587e+02	-4.3262e+02	1.6735e+02	5.0140e+02	-1.3614e+03	-3.9463e+02	1.4381e+03	1.1444e+03	-1.4196e+02	-3.0900e+02	-1.2608e+03	-8.9860e+01	-4.5368e+02	1.1037e+03	7.3179e+02	-1.5083e+03	3.8802e+01	-1.8104e+02	-7.4649e+02	-5.3540e+02	-9.1883e+02	-1.6583e+03	-1.0270e+02	-2.1688e+03	4.2512e+02	5.3498e+02	-1.0191e+03	9.0165e+02	-7.4950e+02	-1.0375e+03	-1.0781e+03	1.0067e+03	3.5985e+02	-1.7109e+02	5.7145e+02	3.6953e+02	-7.5965e+02	-6.3675e+02	1.6777e+03	-4.5198e+02	-3.9951e+02	-1.5326e+03	-7.4107e+02	-8.7310e+02	-1.3532e+03	1.9099e+02	1.5087e+03	2.1313e+02	5.9553e+02	-4.7475e+02	-1.5041e+03	9.4707e+02	-8.5201e+02	-1.6514e+02	6.9385e+02	7.3583e+02	-1.3741e+03	-7.6043e+02	3.5049e+02	-1.5202e+03	8.7285e+02	-4.8923e+02	-8.9699e+02	-1.5294e+02	1.0357e+03	1.5916e+02	-4.0259e+02	1.2400e+02	1.5221e+03	5.0889e+02	-2.3537e+03	-2.7882e+02	-1.8759e+03	-2.7810e+01	1.7416e+02	-9.2649e+02	-1.0608e+03	-1.6166e+03	-5.8953e+02	-2.6077e+03	3.0230e+02	-4.6676e+02	1.1207e+03	-3.7144e+02	9.6592e+02	7.7873e+02	7.8547e+02	-6.0302e+02	-1.3865e+02	-3.3436e+02	1.4455e+02	1.2562e+03	-1.1311e+03	1.2316e+03	-2.9859e+02	-4.1244e+02	-5.5883e+02	2.6687e+03	-2.0892e+03	-1.8811e+03	2.5103e+03	-1.2046e+03	-7.3098e+02	-1.0130e+03	2.0354e+03	1.0353e+03	1.9496e+03	1.5077e+02	-3.5722e+02	-1.2324e+03	-3.1418e+01	-2.1895e+01	-5.8138e+00	1.3144e+03	1.4803e+02	-1.2897e+03	-7.8615e+02	8.6494e+02	-8.0491e+00	1.1905e+03	-1.3391e+03	-5.4689e+02	1.3172e+03	8.7189e+02	-8.4088e+02	-2.9040e+01	-3.2363e+02	-4.1164e+02	-1.1382e+03	-2.5702e+03	-3.5131e+02	-4.4576e+02	2.9772e+02	-7.6778e+02	-8.2458e+02	1.4203e+03	-5.5993e+02	-8.0765e+02	2.0345e+03	-6.6187e+02	-8.1558e+02	8.9857e+01	4.3539e+02	-1.8690e+03	-8.9146e+02	4.4142e+02	2.8667e+03	-1.0857e+03	7.5179e+02	-4.3060e+02	8.6699e+02	7.6635e+02	-8.3804e+01	1.6803e+03	-2.2202e+02	1.5222e+03	9.6228e+02	6.5625e+01	-1.7739e+03	3.5565e+02	-1.1376e+03	5.6767e+02	8.5221e+02	-6.4087e+02	9.9119e+02	1.0138e+02	-8.3338e+02	-1.4315e+03	-9.4991e+01	-8.4330e+02	1.5936e+03	4.4972e+01	9.2226e+02	-8.7762e+02	3.5014e+02	2.9377e+02	9.6950e+02	3.0588e+02	-7.1085e+01	-3.3434e+02	1.3366e+03
1.4000e+05	7.8362e+02	-1.6213e+03	-9.2814e+01	2.4392e+03	3.4729e+03	1.5328e+03	6.2574e+01	-3.5635e+03	-1.0612e+03	1.6198e+03	2.2089e+03	3.9242e+03	-1.6961e+03	-2.1791e+03	5.5581e+02	1.1622e+03	1.9929e+03	1.8286e+01	-4.3744e+02	6.2211e+02	1.4176e+03	3.1011e+02	7.3106e+02	4.6236e+02	2.4451e+02	-1.3551e+03	-4.4331e+02	4.6970e+02	4.5990e+02	5.5647e+02	-3.0352e+02	1.3483e+03	1.2758e+03	-1.6113e+03	9.5433e+02	5.1030e+01	2.4916e+03	-1.2445e+03	-7.8295e+02	4.8918e+02	-9.6427e+02	1.9294e+02	1.1193e+03	-5.2050e+02	3.4662e+03	-2.1090e+03	-1.4525e+03	2.4353e+03	-2.0097e+02	-7.5120e+02	-9.0601e+02	9.3080e+01	-1.8761e+03	-5.4519e+02	1.7559e+03	2.3699e+02	2.5161e+03	-4.3420e+03	-1.4373e+02	-1.9897e+02	6.8823e+02	4.3021e+02	-6.3618e+02	9.7417e+02	-2.2246e+02	1.5110e+03	-5.0623e+02	2.0041e+02	-2.9079e+02	-9.1879e+02	-1.4096e+03	-2.1721e+03	-8.7624e+02	1.6270e+01	-2.9918e+03	-7.3124e+01	9.8709e+02	1.4628e+03	-9.9680e+02	-4.2920e+02	7.6904e+02	1.0248e+03	-2.1742e+02	-1.5990e+02	1.0927e+03	-1.9758e+03	8.6680e+02	2.0966e+02	-2.0064e+03	-5.7601e+02	3.5397e+01	1.7560e+03	1.7328e+03	-9.5342e+02	-4.8500e+02	2.1301e+03	9.5378e+01	2.1510e+02	1.1160e+03	1.9484e+03	-6.2135e+02	2.8364e+02	-1.9524e+02	1.4484e+01	4.4304e+01	3.0586e+02	-4.0546e+02	-4.5310e+02	-5.8702e+02	1.6427e+03	1.8752e+03	-6.1563e+02	5.9454e+02	-9.9158e+02	6.8373e+02	1.7768e+03	4.7497e+02	-3.7899e+02	-1.2203e+02	2.7139e+03	1.0740e+03	-2.1014e+03	-1.8387e+03	-1.1057e+03	-1.5878e+02	-1.8854e+03	-8.0544e+02	-1.7985e+03	-1.0821e+03	-1.2016e+03	-1.5160e+03	1.4913e+03	1.3146e+03	-2.2288e+02	2.6697e+03	-1.7035e+03	-1.4820e+03	2.9111e+03	-1.1422e+03	-7.1888e+02	1.3612e+03	5.1909e+02	1.9717e+03	3.6739e+03	1.0782e+03	4.3900e+02	-2.0807e+03	1.6887e+02	8.8299e+02	-2.0556e+02	-1.3932e+03	-1.1762e+03	2.1664e+03	3.4218e+02	-1.7725e+03	-6.0827e+01	-5.4825e+02	-1.2980e+03	-1.8040e+03	1.8358e+03	1.5234e+02	1.9225e+03	1.3534e+03	7.3910e+02	-3.3973e+02	-3.1994e+03	1.4227e+03	1.5890e+03	-1.6400e+01	-2.6753e+03	8.7189e+02	-3.8344e+01	-1.2719e+02	-4.8590e+02	2.1619e+03	1.5199e+03	-7.6564e+02	-1.0129e+03	-1.2457e+03	-1.8446e+03	-1.9855e+03	1.6058e+03	5.2083e+02	-3.8260e+03	2.1059e+03	-2.3631e+03	1.2064e+03	9.1197e+02	3.3773e+03	-3.2152e+03	1.5995e+03	7.5202e+02	1.2329e+03	7.0979e+02	1.2455e+03	1.2445e+03	8.9417e+01	6.7494e+02	4.6646e+02	-7.3933e+02
1.6000e+05	-9.7674e+01	-6.4059e+00	7.2657e+02	5.6610e+02	3.9146e+02	-1.0589e+03	-7.2748e+02	4.2376e+02	-1.9460e+03	-5.1060e+02	-1.6157e+03	-1.3357e+03	6.2609e+02	-1.8630e+03	-1.2173e+03	-6.4858e+02	4.0305e+02	-1.7819e+02	-1.4866e+03	1.5882e+02	-8.7918e+02	-1.3574e+01	4.9993e+02	-1.5242e+03	-6.2973e+02	1.8836e+03	6.2187e+02	-4.8379e+02	-6.7185e+02	-1.4957e+03	1.9436e+02	-6.0511e+02	1.4579e+03	1.1333e+03	-1.7944e+03	-5.3949e+02	-5.0969e+02	-2.4025e+02	-9.7374e+02	-8.5169e+02	-2.4384e+03	-4.1822e+00	-2.1032e+03	6.8520e+02	7.2931e+02	-7.7673e+02	1.1103e+03	-6.9491e+02	-8.7023e+02	-1.2772e+03	8.2438e+02	9.8613e+01	-3.6074e+02	4.0234e+01	6.9806e+02	-5.2768e+02	-1.1677e+02	1.3311e+03	-4.0980e+02	-5.4110e+02	-1.8385e+03	-4.7438e+02	-1.0055e+03	-1.7070e+03	4.7062e+01	9.7126e+02	1.6695e+02	1.3503e+02	-2.4616e+02	-1.5398e+03	4.6410e+02	-9.6752e+02	-5.0213e+02	4.6746e+02	2.2926e+02	-1.2962e+03	-1.4031e+03	1.4640e+02	-2.0327e+03	5.2580e+02	-9.0781e+02	-8.9456e+02	-7.8474e+02	1.1989e+03	-2.5877e+02	-4.2619e+02	2.8645e+02	1.7028e+03	6.0745e+02	-2.2006e+03	7.0607e+01	-2.1938e+03	1.6529e+02	8.8274e+01	-1.3227e+03	-8.2732e+02	-1.2674e+03	-3.6961e+02	-1.9143e+03	8.7979e+01	-2.4567e+02	1.0563e+03	6.0976e+01	9.0833e+02	8.7049e+02	6.8582e+02	-3.3981e+02	-4.1722e+02	-2.6066e+02	-2.8786e+02	8.6315e+02	-7.5734e+02	9.4050e+02	-7.8138e+02	-4.6539e+02	-6.0716e+02	2.5235e+03	-2.7510e+03	-2.0101e+03	2.4719e+03	-1.5134e+03	-1.0498e+03	-1.0547e+03	1.3805e+03	5.2795e+02	1.6293e+03	-5.2405e+02	-3.6666e+02	-1.2241e+03	-5.2477e+02	-6.0583e+02	-5.9646e+02	1.0670e+03	4.5371e+02	-1.1462e+03	-1.5633e+03	7.2996e+02	1.5992e+02	1.3913e+03	-1.3521e+03	-7.7243e+02	1.4840e+03	8.9146e+02	-6.7756e+02	9.2692e+02	-4.4946e+02	-4.3837e+02	-1.2580e+03	-3.3146e+03	-2.4468e+02	2.8081e+02	3.3367e+02	-7.3830e+02	-1.2644e+03	1.6304e+03	-5.1596e+02	-9.3150e+02	1.8465e+03	-6.3763e+02	-3.1341e+02	3.5505e+02	-3.8004e+01	-2.5336e+03	-4.6134e+02	4.0109e+01	3.2619e+03	-7.4000e+02	7.6295e+02	-9.2008e+02	1.1628e+03	7.1707e+02	-8.5462e+02	1.3475e+03	-4.8177e+01	1.1907e+03	9.1275e+02	2.1241e+02	-2.3990e+03	3.8646e+02	-1.4758e+03	-1.7274e+02	1.0040e+03	-4.5601e+02	9.2384e+02	-1.8801e+02	-7.4693e+02	-1.0554e+03	-5.1715e+02	-6.1377e+02	1.8642e+03	7.9217e+01	1.2122e+03	-6.0834e+02	9.2281e+02	3.0051e+02	1.1580e+03	1.4100e+02	-7.1346e+01	-7.3641e+02	1.9243e+03
1.6000e+05	2.5424e+02	-1.9022e+03	-1.6694e+02	2.1627e+03	3.6038e+03	6.6238e+02	-2.1831e+02	-3.9979e+03	-1.8650e+03	1.5145e+03	2.7054e+03	4.7602e+03	-1.5141e+03	-1.5324e+03	8.2403e+02	1.3798e+03	1.7120e+03	-1.9861e+02	-7.9350e+02	3.4806e+02	1.6535e+03	2.3429e+02	-3.1249e+02	-3.5764e+01	-3.1294e+02	-3.0693e+02	1.1975e+02	6.5766e+02	1.7487e+03	8.9977e+02	-1.7638e+02	1.1549e+03	1.1568e+03	-3.1088e+03	4.4868e+02	6.0770e+02	1.7297e+03	-9.9946e+02	-9.2945e+02	3.0084e+02	-1.9041e+02	5.3235e+01	6.0123e+02	-1.7812e+02	3.4225e+03	-1.3527e+03	-2.8479e+02	2.4771e+03	6.8302e+02	-1.4523e+03	-9.1244e+02	4.7884e+02	-1.1109e+03	-8.4452e+02	9.3346e+02	2.9897e+02	1.2860e+03	-4.1833e+03	7.0967e+02	-6.8838e+02	1.7001e+03	1.1696e+03	-3.1588e+02	1.8585e+03	3.0323e+02	1.3980e+03	7.7816e+01	2.2014e+02	6.2614e+02	3.5660e+02	-8.6305e+02	-2.5772e+03	-1.1364e+03	1.3484e+03	-2.5131e+03	-1.4680e+02	1.1946e+03	1.3789e+03	-5.1264e+02	8.9535e+02	1.2034e+03	3.8275e+02	2.6168e+02	-7.2683e+02	1.1399e+03	-1.3050e+03	9.9925e+02	1.8636e+02	-2.7393e+03	-2.8318e+02	8.3177e+02	2.7631e+03	1.2353e+03	-1.8967e+03	2.0619e+02	3.3427e+03	1.8096e+00	7.6473e+02	6.0034e+02	1.8224e+03	-6.3516e+02	-5.2458e+02	-5.3881e+01	3.8816e+01	1.0739e+03	3.9207e+02	2.1864e+02	2.4760e+02	-2.0808e+02	2.0546e+03	1.5663e+03	7.7120e+01	1.2929e+02	-1.4378e+03	7.4107e+02	1.8561e+03	7.7095e+01	-2.9330e+02	-9.0411e+02	3.0559e+03	2.5611e+02	-1.6001e+03	-2.0373e+03	1.4707e+02	7.2313e+02	-1.5497e+03	-6.3024e+02	-2.3623e+03	-1.0292e+03	-1.0440e+03	-1.0046e+03	1.7853e+03	3.8008e+02	-9.1792e+02	3.3962e+03	-1.9239e+03	-1.2836e+03	3.0521e+03	-1.5091e+03	-6.7687e+02	2.6548e+03	3.3971e+02	2.4177e+03	3.8051e+03	2.0527e+03	3.1799e+01	-2.3777e+03	4.6454e+02	4.5287e+02	-3.6106e+02	-1.8508e+03	-1.0437e+03	1.1852e+03	-8.8103e+02	-2.1058e+03	-9.4549e+02	2.4342e+02	3.2812e+02	-2.2156e+03	2.4119e+03	-1.9083e+02	1.8433e+03	2.6581e+03	-5.4749e+01	-2.4852e+02	-2.8374e+03	1.2220e+03	2.0326e+03	-3.1794e+01	-2.7138e+03	8.9147e+02	-1.1811e+03	1.4157e+02	-1.3736e+02	2.1402e+03	1.7209e+03	-5.4887e+02	3.3006e+02	-1.3772e+03	-2.0698e+03	-2.4053e+03	1.8555e+03	4.3618e+02	-3.4195e+03	2.5778e+03	-2.1888e+03	1.2472e+03	2.4600e+02	4.1262e+03	-3.5295e+03	1.0558e+03	1.1426e+03	1.0862e+03	9.6521e+02	6.5367e+02	9.2134e+02	-7.0705e+02	-5.9304e+02	-7.0225e+02	-1.5022e+03
1.8000e+05	1.8567e+02	1.2080e+03	1.0858e+03	6.7155e+02	8.8258e+02	-7.8699e+02	-8.0607e+02	5.3113e+01	-1.9539e+03	-1.0611e+03	-2.2824e+03	-1.3386e+03	2.0058e+02	-2.1613e+03	-1.3801e+03	-8.5698e+02	7.3514e+02	-6.8143e+02	-1.7990e+03	2.4546e+02	-7.0640e+02	2.2410e+02	4.9714e+02	-1.3870e+03	-9.1350e+02	2.0515e+03	6.2189e+02	-8.6036e+02	-7.0045e+02	-1.3992e+03	4.4279e+02	-9.3687e+02	1.2337e+03	8.1586e+02	-1.6705e+03	-1.1802e+03	-6.4093e+02	-3.1030e+02	-1.1088e+03	-1.1077e+03	-2.9326e+03	-4.7790e+02	-2.0199e+03	5.1349e+02	1.0656e+03	-7.1918e+02	1.1770e+03	-6.3313e+02	-4.8914e+02	-6.2273e+02	3.4554e+02	-8.3241e+01	-5.5002e+02	-3.4358e+02	1.4091e+03	-6.2594e+02	1.9073e+02	1.2639e+03	-5.6789e+02	-9.0321e+00	-8.5996e+02	-3.4699e+02	-9.4995e+02	-1.0943e+03	3.4330e+02	1.3979e+03	4.0052e+02	5.9028e+02	2.2868e+02	-2.3859e+03	4.3921e+02	-9.5027e+02	-6.2278e+02	1.4922e+02	4.8190e+02	-8.9319e+02	-8.6838e+02	-8.9583e+00	-2.3100e+03	-1.6286e+02	-8.7229e+02	-8.4779e+02	-8.5850e+02	1.0900e+03	-3.5589e+02	-3.6599e+02	-4.9093e+01	1.7944e+03	8.5812e+02	-2.2327e+03	-1.1110e+02	-2.0663e+03	-3.2037e+01	-2.4551e+02	-1.0129e+03	-1.2085e+03	-9.5112e+02	-3.1471e+02	-2.2665e+03	3.6246e+02	-2.8429e+02	1.2965e+03	9.9306e+01	6.4479e+02	4.4231e+02	8.2332e+02	-6.0662e+02	-1.0171e+03	-1.2061e+02	-5.5254e+02	1.0564e+03	-1.0560e+03	1.3521e+03	-1.2049e+03	-5.0248e+02	-3.0522e+02	2.8403e+03	-2.7958e+03	-2.4659e+03	2.6257e+03	-1.3080e+03	-1.0015e+03	-8.5874e+02	4.6499e+02	4.4260e+02	8.1422e+02	-8.2543e+02	-3.6781e+02	-1.0440e+03	-5.8436e+02	-1.9654e+02	1.5298e+02	7.1516e+02	4.4917e+02	-1.0925e+03	-1.3207e+03	7.8526e+02	-3.6567e+02	7.9921e+02	-1.5952e+03	-5.7705e+02	1.1057e+03	1.3994e+03	-5.1220e+02	1.3229e+03	-9.4144e+01	-1.4470e+03	-1.0518e+03	-3.5335e+03	-4.1538e+02	5.6810e+02	-2.4012e+01	-5.8003e+02	-9.5781e+02	5.3764e+02	-1.0245e+03	-9.5895e+02	2.2628e+03	-4.9836e+02	1.4239e+02	5.8791e+02	-1.0912e+02	-3.2887e+03	-1.9958e+01	-2.8217e+02	3.1577e+03	-1.1485e+03	7.9888e+02	-1.2035e+03	1.0076e+03	7.8054e+02	-9.7687e+02	6.7787e+02	-9.8154e+02	1.5092e+03	7.6968e+02	4.7738e+02	-1.8622e+03	-8.1757e+01	-1.9958e+03	2.7224e+01	1.3719e+03	-6.7014e+02	6.6404e+02	-5.3527e+02	-8.3293e+02	-1.3042e+03	-1.7195e+02	-3.5975e+02	1.7044e+03	-4.2809e+01	1.2714e+03	-5.8950e+02	8.5062e+02	2.4203e+02	1.3309e+03	7.0637e+02	-3.1037e+02	-1.4472e+03	1.9603e+03
1.8000e+05	4.2596e+01	-2.3252e+03	-3.7348e+02	2.8403e+03	3.7726e+03	1.2055e+03	-1.3497e+02	-4.3045e+03	-1.2338e+03	1.3747e+03	1.4168e+03	5.7777e+03	-1.3289e+03	-1.2143e+03	6.1014e+02	1.4630e+03	1.7526e+03	-5.0590e+02	1.6762e+02	5.1544e+02	2.0906e+03	-1.3439e+03	-7.0995e+01	4.7487e+02	-1.4494e+02	-6.1927e+02	-5.8346e+02	-6.2676e+01	1.0086e+03	8.0357e+02	-9.7689e+02	1.7520e+03	1.4751e+03	-3.0494e+03	6.1078e+02	1.2905e+02	1.3685e+03	-1.3413e+03	-7.8690e+02	2.7865e+02	-3.4595e+02	7.9657e+02	1.1342e+03	-9.1853e-01	1.9236e+03	-1.3002e+03	-6.2513e+02	1.7307e+03	8.4888e+02	-1.3653e+03	-3.9632e+02	5.7072e+02	-1.3128e+03	-8.9259e+02	8.4389e+02	3.4319e+02	1.0285e+03	-4.2746e+03	6.9755e+02	-6.3865e+02	1.6929e+03	1.6179e+03	-1.0167e+03	1.7728e+03	-5.9952e+02	1.7516e+03	-6.8690e+01	2.6389e+01	8.9114e+02	6.9503e+02	-8.1901e+02	-2.2857e+03	-8.0737e+02	8.1318e+02	-2.7398e+03	8.8103e+02	2.2129e+03	1.1191e+03	-9.9765e+01	6.3483e+02	1.0851e+03	1.1281e+02	-9.7513e+01	-1.9940e+02	1.0032e+03	-9.2479e+02	1.6735e+03	1.2817e+03	-3.0501e+03	-1.5000e+02	-5.6354e+01	2.7194e+03	1.5860e+03	-1.3410e+03	-6.5951e+02	3.4504e+03	-7.1441e+02	-8.7858e+01	1.6228e+03	2.3719e+03	-7.3623e+02	-7.4915e+02	-2.8131e+02	-4.7767e+02	1.8993e+03	1.1184e+03	1.2005e+03	1.4047e+02	-2.1898e+02	2.5639e+03	1.6214e+03	1.4516e+02	9.7581e+02	-1.6682e+03	1.2550e+02	1.1226e+03	5.0022e+02	3.6626e+02	-1.9595e+02	3.3213e+03	6.7234e+02	-1.9281e+03	-1.6173e+03	6.1587e+01	1.6842e+03	-1.5478e+03	-1.0488e+03	-2.1317e+03	-8.2532e+02	-8.3775e+02	-5.3686e+02	4.8687e+02	1.1263e+03	-5.0029e+02	3.5820e+03	-1.8883e+03	-2.1672e+03	3.8307e+03	-2.7491e+03	-1.7295e+03	2.5618e+03	1.0450e+03	2.7958e+03	3.5148e+03	1.2735e+03	5.7351e+02	-2.8425e+03	4.4668e+01	3.6795e+02	-1.9194e+02	-2.2519e+03	-1.2276e+03	1.6090e+03	4.9653e+01	-1.6296e+03	-3.3517e+02	3.9100e+02	4.7347e+02	-1.8362e+03	2.8928e+03	-2.5819e+02	1.3144e+03	2.6512e+03	8.7336e+02	1.0915e+02	-3.8968e+03	1.3840e+03	1.8541e+03	3.6129e+02	-2.9231e+03	1.8730e+02	-1.1068e+03	-9.6799e+02	-4.1353e+02	1.6501e+03	1.3751e+03	-2.7912e+02	-5.0599e+02	-2.3444e+03	-2.8272e+03	-2.7462e+03	1.3240e+03	2.6644e+02	-3.6559e+03	3.1397e+03	-1.8120e+03	1.2191e+03	5.0565e+02	4.1073e+03	-4.3138e+03	-9.3959e+01	1.4902e+03	8.6316e+02	1.3120e+03	1.7520e+03	1.6811e+03	5.7771e+02	4.9560e+02	-4.5522e+02	-2.0030e+03
2.0000e+05	3.1532e+02	1.0390e+03	1.2214e+03	8.5181e+02	9.8345e+02	-1.0284e+03	-7.9356e+02	4.0700e+02	-2.5533e+03	-1.3960e+03	-2.7381e+03	-1.7266e+03	-3.6797e+02	-2.1294e+03	-1.4046e+03	-8.5037e+02	7.3450e+02	-9.0662e+02	-1.7704e+03	6.3812e+01	-6.6161e+02	4.1214e+02	1.9343e+02	-1.2972e+03	-8.5375e+02	1.1524e+03	1.9666e+02	-9.3591e+02	-7.4973e+02	-1.0413e+03	1.0354e+03	-7.7626e+02	1.3344e+03	1.0280e+03	-1.1682e+03	-1.4319e+03	-1.8751e+02	3.9192e+02	-1.6562e+03	-1.4033e+03	-2.4401e+03	-6.6701e+02	-1.6870e+03	4.4343e+02	7.7399e+02	-1.0385e+03	1.1300e+03	-8.8621e+02	-1.1483e+03	-1.5435e+02	4.8038e+02	7.0431e+02	-3.1310e+02	-1.2261e+02	1.0612e+03	-9.5749e+02	-4.9902e+01	7.8437e+02	-5.1631e+02	5.5718e+02	-1.5838e+03	-1.0573e+02	-5.8823e+02	-4.3119e+02	3.7551e+02	1.1908e+03	3.4044e+02	3.7186e+02	-7.4681e+01	-3.1055e+03	6.3437e+02	-1.0030e+03	-5.7492e+02	3.9682e+02	5.9733e+02	-6.4667e+02	-1.4017e+03	-8.3628e+01	-2.0191e+03	6.8065e+01	-7.4999e+02	-1.3306e+03	-3.7350e+02	3.8123e+02	-1.5431e+02	-8.9008e+02	4.8579e+01	1.9915e+03	1.1099e+03	-2.5450e+03	-1.8752e+02	-2.1969e+03	-5.4453e+01	-5.1138e+02	-8.4122e+02	-1.8616e+03	-9.7468e+02	4.3772e+01	-2.2744e+03	7.5465e+02	1.9669e+02	1.2225e+03	-1.9716e+02	6.1172e+02	5.2707e+02	9.6629e+02	1.1039e+02	-6.2228e+02	2.5103e+02	-4.6986e+02	1.0497e+03	-3.2561e+02	1.9255e+03	-1.5570e+03	-8.3270e+02	-4.7903e+02	2.5459e+03	-2.3524e+03	-2.0672e+03	2.0859e+03	-8.8428e+02	-1.1223e+03	-1.2752e+03	9.8533e+02	1.8418e+02	1.3444e+03	-9.7813e+02	-2.9721e+02	-1.0099e+03	-6.7991e+02	2.0509e+02	5.5775e+02	3.5014e+02	-2.9402e+02	-6.3194e+02	-1.6240e+03	4.8882e+02	-2.1673e+02	1.0229e+03	-1.5150e+03	-7.2572e+02	8.9572e+02	1.3160e+03	-6.0975e+02	1.2827e+03	-2.1208e+02	-1.0761e+03	-5.7625e+02	-3.9770e+03	-1.6770e+02	6.7895e+02	-9.9636e+01	-5.1541e+02	-5.1248e+02	1.5152e+03	1.4206e+00	-7.9592e+02	2.0457e+03	-7.5492e+02	-3.2058e+02	5.8944e+02	-2.6898e+02	-3.4995e+03	-1.6747e+02	-4.5141e+02	3.2601e+03	-9.3859e+02	9.3283e+02	-1.4108e+03	1.1683e+03	9.3503e+02	-2.7150e+02	6.6238e+02	-1.1700e+03	1.8646e+03	7.7468e+02	-3.0004e+02	-2.0381e+03	4.7582e+02	-1.6685e+03	4.0489e+01	1.3917e+03	-7.3817e+02	5.0429e+02	-3.0370e+02	-6.9467e+02	-1.4907e+03	-1.7062e+02	-7.4829e+02	1.9271e+03	1.4406e+02	8.1558e+02	-9.7722e+02	8.3047e+02	-1.1801e+02	1.2247e+03	9.8386e+02	2.7206e+02	-1.1904e+03	1.9386e+03
2.0000e+05	-7.9791e+01	-2.5577e+03	-2.6877e+02	3.4305e+03	4.4515e+03	1.4697e+03	1.9360e+02	-4.6858e+03	-1.9370e+03	3.5402e+02	1.9761e+03	6.2082e+03	-1.1628e+03	-6.7425e+02	8.8413e+02	1.1901e+03	1.8096e+03	-8.8404e+02	9.3783e+02	2.8631e+02	2.6020e+03	-1.4764e+03	1.7655e+01	3.1338e+02	3.0426e+01	-8.1784e+02	-4.6667e+02	-2.8297e+02	4.8402e+02	1.0491e+03	-1.8066e+03	1.2413e+03	2.6979e+03	-3.5177e+03	8.1308e+02	-1.1232e+03	9.7800e+02	-5.1440e+02	-1.1864e+03	1.0488e+03	-1.1872e+03	-2.4249e+02	2.1930e+03	5.9989e+02	1.6609e+03	-1.1629e+03	2.9745e+02	1.2225e+03	-4.5809e+02	-2.2797e+03	-2.8925e+02	1.9069e+02	-3.0729e+02	-5.7520e+02	3.9320e+02	7.2292e+02	-1.1231e+02	-3.4712e+03	5.5804e+02	-4.3153e+02	2.8695e+03	1.3425e+03	-1.2855e+03	1.3677e+03	-1.5523e+03	2.0164e+03	-8.3597e+02	-2.9386e+02	1.9740e+03	1.2840e+03	-1.1351e+03	-1.5031e+03	-9.5445e+02	6.5587e+02	-3.0708e+03	9.9326e+02	2.7686e+03	1.3257e+03	-1.1641e+02	1.1308e+02	3.2547e+02	3.8633e+02	-4.2026e+02	-6.2794e+02	1.2231e+03	2.7735e+02	1.5791e+03	1.3094e+03	-3.2907e+03	-1.7012e+02	-5.8218e+02	3.1074e+03	1.5735e+03	-1.2742e+03	-1.3389e+03	3.4660e+03	-6.1351e+02	1.1744e+02	2.3418e+03	4.1329e+03	-6.6588e+02	-1.1507e+03	-4.7677e+02	-7.6876e+02	2.3303e+03	1.5525e+03	1.3028e+03	5.5599e+02	-4.4572e+02	2.5318e+03	1.4623e+03	3.3651e+02	1.4309e+03	-2.0478e+03	-5.0755e+02	5.0986e+02	6.9524e+02	1.0875e+03	7.2458e+02	3.7215e+03	1.2939e+03	-1.5540e+03	-6.7998e+02	6.4944e+02	1.8969e+03	-8.3433e+02	-8.7790e+02	-2.5104e+03	-3.8625e+02	1.0715e+02	2.4866e+02	7.9416e+02	8.8181e+02	-1.1883e+02	3.9196e+03	-2.0090e+03	-8.3032e+02	3.7049e+03	-2.1479e+03	-1.8057e+03	2.3110e+03	1.2604e+03	3.0951e+03	4.4245e+03	1.6995e+03	-2.2687e+02	-2.9487e+03	-1.2849e+03	1.4940e+03	-4.3923e+02	-1.9238e+03	-4.0221e+02	2.4028e+03	-4.1089e+02	-2.3117e+03	-6.5774e+02	8.4989e+02	1.0858e+02	-2.2027e+03	2.5125e+03	-4.8080e+02	1.0874e+03	1.8030e+03	1.0816e+03	3.4764e+02	-3.3638e+03	1.7165e+03	1.6728e+03	5.5792e+02	-2.6922e+03	1.2712e+03	-2.0389e+03	-1.7882e+03	-8.5148e+01	1.4311e+03	1.6520e+03	8.7308e+02	-3.3731e+02	-2.1661e+03	-1.9096e+03	-3.0917e+03	1.6408e+03	6.7930e+02	-3.1178e+03	2.9368e+03	-1.7542e+03	8.1795e+02	4.9068e+02	4.0804e+03	-4.0575e+03	4.4776e+02	1.4764e+03	9.5191e+02	1.2746e+03	2.2871e+03	1.4895e+03	7.2546e+02	-3.6807e+02	-7.4401e+02	-6.6873e+02
