2.0000e+05	8.2623e+04
2.0000e+05	8.2646e+04
2.0000e+05	8.3482e+04
2.0000e+05	8.4327e+04
2.0000e+05	8.4927e+04
2.0000e+05	8.5919e+04
2.0000e+05	8.7782e+04
2.0000e+05	8.9474e+04
2.0000e+05	9.0597e+04
2.0000e+05	9.2201e+04
2.0000e+05	9.4217e+04
2.0000e+05	9.6408e+04
2.0000e+05	9.8094e+04
2.0000e+05	1.0119e+05
2.0000e+05	1.0388e+05
2.0000e+05	1.0596e+05
2.0000e+05	1.0825e+05
2.0000e+05	1.1110e+05
2.0000e+05	1.1309e+05
2.0000e+05	1.1498e+05
2.0000e+05	1.1718e+05
2.0000e+05	1.1850e+05
2.0000e+05	1.2058e+05
2.0000e+05	1.2158e+05
2.0000e+05	1.2082e+05
2.0000e+05	1.1844e+05
2.0000e+05	1.1757e+05
2.0000e+05	1.1723e+05
2.0000e+05	1.1814e+05
2.0000e+05	1.1892e+05
2.0000e+05	1.1932e+05
2.0000e+05	1.1856e+05
2.0000e+05	1.1892e+05
2.0000e+05	1.1803e+05
2.0000e+05	1.1826e+05
2.0000e+05	1.1855e+05
2.0000e+05	1.1786e+05
2.0000e+05	1.1846e+05
2.0000e+05	1.1874e+05
2.0000e+05	1.1819e+05
2.0000e+05	1.1783e+05
2.0000e+05	1.1828e+05
2.0000e+05	1.1821e+05
2.0000e+05	1.1746e+05
2.0000e+05	1.1742e+05
2.0000e+05	1.1793e+05
2.0000e+05	1.1746e+05
2.0000e+05	1.1826e+05
2.0000e+05	1.1651e+05
2.0000e+05	1.1680e+05
2.0000e+05	1.1686e+05
2.0000e+05	1.1727e+05
2.0000e+05	1.1630e+05
2.0000e+05	1.1624e+05
2.0000e+05	1.1612e+05
2.0000e+05	1.1636e+05
2.0000e+05	1.1624e+05
2.0000e+05	1.1557e+05
2.0000e+05	1.1536e+05
2.0000e+05	1.1554e+05
2.0000e+05	1.1489e+05
2.0000e+05	1.1459e+05
2.0000e+05	1.1446e+05
2.0000e+05	1.1427e+05
2.0000e+05	1.1449e+05
2.0000e+05	1.1359e+05
2.0000e+05	1.1338e+05
2.0000e+05	1.1345e+05
2.0000e+05	1.1300e+05
2.0000e+05	1.1277e+05
2.0000e+05	1.1216e+05
2.0000e+05	1.1194e+05
2.0000e+05	1.1215e+05
2.0000e+05	1.1155e+05
2.0000e+05	1.1130e+05
2.0000e+05	1.1033e+05
2.0000e+05	1.1091e+05
2.0000e+05	1.1044e+05
2.0000e+05	1.1016e+05
2.0000e+05	1.0984e+05
2.0000e+05	1.0958e+05
2.0000e+05	1.0883e+05
2.0000e+05	1.0845e+05
2.0000e+05	1.0834e+05
2.0000e+05	1.0875e+05
2.0000e+05	1.0750e+05
2.0000e+05	1.0762e+05
2.0000e+05	1.0660e+05
2.0000e+05	1.0708e+05
2.0000e+05	1.0718e+05
2.0000e+05	1.0585e+05
2.0000e+05	1.0582e+05
2.0000e+05	1.0463e+05
2.0000e+05	1.0482e+05
2.0000e+05	1.0451e+05
2.0000e+05	1.0472e+05
2.0000e+05	1.0420e+05
2.0000e+05	1.0401e+05
2.0000e+05	1.0291e+05
2.0000e+05	1.0298e+05
2.0000e+05	1.0294e+05
2.0000e+05	1.0238e+05
2.0000e+05	1.0176e+05
2.0000e+05	1.0167e+05
2.0000e+05	1.0189e+05
2.0000e+05	1.0126e+05
2.0000e+05	1.0032e+05
2.0000e+05	1.0068e+05
2.0000e+05	1.0023e+05
2.0000e+05	9.9497e+04
2.0000e+05	9.9596e+04
2.0000e+05	9.9340e+04
2.0000e+05	9.8106e+04
2.0000e+05	9.8215e+04
2.0000e+05	9.8248e+04
2.0000e+05	9.7560e+04
2.0000e+05	9.7518e+04
2.0000e+05	9.8010e+04
2.0000e+05	9.6981e+04
2.0000e+05	9.6099e+04
2.0000e+05	9.6160e+04
2.0000e+05	9.6419e+04
2.0000e+05	9.5493e+04
2.0000e+05	9.5594e+04
2.0000e+05	9.4801e+04
2.0000e+05	9.4481e+04
2.0000e+05	9.4317e+04
2.0000e+05	9.4107e+04
2.0000e+05	9.3917e+04
2.0000e+05	9.3335e+04
2.0000e+05	9.3794e+04
2.0000e+05	9.3307e+04
2.0000e+05	9.2399e+04
2.0000e+05	9.1731e+04
2.0000e+05	9.1865e+04
2.0000e+05	9.2038e+04
2.0000e+05	9.1697e+04
2.0000e+05	9.2078e+04
2.0000e+05	9.1397e+04
2.0000e+05	9.0962e+04
2.0000e+05	9.0648e+04
2.0000e+05	9.0022e+04
2.0000e+05	8.9974e+04
2.0000e+05	8.9965e+04
2.0000e+05	9.0270e+04
2.0000e+05	8.9373e+04
2.0000e+05	8.8967e+04
2.0000e+05	8.8870e+04
2.0000e+05	8.8843e+04
2.0000e+05	8.8849e+04
2.0000e+05	8.8326e+04
2.0000e+05	8.7920e+04
2.0000e+05	8.8390e+04
2.0000e+05	8.7546e+04
2.0000e+05	8.7806e+04
2.0000e+05	8.7402e+04
2.0000e+05	8.6930e+04
2.0000e+05	8.7391e+04
2.0000e+05	8.7359e+04
2.0000e+05	8.6129e+04
2.0000e+05	8.6678e+04
2.0000e+05	8.6644e+04
2.0000e+05	8.5737e+04
2.0000e+05	8.5799e+04
2.0000e+05	8.6108e+04
2.0000e+05	8.5477e+04
2.0000e+05	8.5430e+04
2.0000e+05	8.5557e+04
2.0000e+05	8.5239e+04
2.0000e+05	8.5717e+04
2.0000e+05	8.4756e+04
2.0000e+05	8.4225e+04
2.0000e+05	8.4235e+04
2.0000e+05	8.4928e+04
2.0000e+05	8.4518e+04
2.0000e+05	8.4271e+04
2.0000e+05	8.4756e+04
2.0000e+05	8.4413e+04
2.0000e+05	8.3773e+04
2.0000e+05	8.3988e+04
2.0000e+05	8.3806e+04
2.0000e+05	8.3852e+04
2.0000e+05	8.4240e+04
2.0000e+05	8.3663e+04
2.0000e+05	8.3849e+04
2.0000e+05	8.3549e+04
2.0000e+05	8.3917e+04
2.0000e+05	8.3437e+04
2.0000e+05	8.3435e+04
2.0000e+05	8.3341e+04
2.0000e+05	8.2917e+04
2.0000e+05	8.3265e+04
2.0000e+05	8.2909e+04
2.0000e+05	8.2929e+04
2.0000e+05	8.3252e+04
2.0000e+05	8.3021e+04
2.0000e+05	8.3208e+04
2.0000e+05	8.2804e+04
2.0000e+05	8.2989e+04
2.0000e+05	8.3103e+04
