2.0000e+05	8.3275e+04
2.0000e+05	8.2787e+04
2.0000e+05	8.3786e+04
2.0000e+05	8.4309e+04
2.0000e+05	8.5046e+04
2.0000e+05	8.6208e+04
2.0000e+05	8.7684e+04
2.0000e+05	8.9606e+04
2.0000e+05	9.0205e+04
2.0000e+05	9.2178e+04
2.0000e+05	9.4087e+04
2.0000e+05	9.5909e+04
2.0000e+05	9.9380e+04
2.0000e+05	1.0157e+05
2.0000e+05	1.0334e+05
2.0000e+05	1.0642e+05
2.0000e+05	1.0775e+05
2.0000e+05	1.1122e+05
2.0000e+05	1.1260e+05
2.0000e+05	1.1538e+05
2.0000e+05	1.1655e+05
2.0000e+05	1.1948e+05
2.0000e+05	1.2038e+05
2.0000e+05	1.2159e+05
2.0000e+05	1.2082e+05
2.0000e+05	1.1796e+05
2.0000e+05	1.1718e+05
2.0000e+05	1.1811e+05
2.0000e+05	1.1778e+05
2.0000e+05	1.1922e+05
2.0000e+05	1.1903e+05
2.0000e+05	1.1895e+05
2.0000e+05	1.1842e+05
2.0000e+05	1.1831e+05
2.0000e+05	1.1874e+05
2.0000e+05	1.1832e+05
2.0000e+05	1.1826e+05
2.0000e+05	1.1816e+05
2.0000e+05	1.1834e+05
2.0000e+05	1.1837e+05
2.0000e+05	1.1834e+05
2.0000e+05	1.1807e+05
2.0000e+05	1.1802e+05
2.0000e+05	1.1733e+05
2.0000e+05	1.1794e+05
2.0000e+05	1.1766e+05
2.0000e+05	1.1763e+05
2.0000e+05	1.1746e+05
2.0000e+05	1.1705e+05
2.0000e+05	1.1729e+05
2.0000e+05	1.1692e+05
2.0000e+05	1.1671e+05
2.0000e+05	1.1641e+05
2.0000e+05	1.1620e+05
2.0000e+05	1.1711e+05
2.0000e+05	1.1580e+05
2.0000e+05	1.1559e+05
2.0000e+05	1.1581e+05
2.0000e+05	1.1626e+05
2.0000e+05	1.1515e+05
2.0000e+05	1.1445e+05
2.0000e+05	1.1477e+05
2.0000e+05	1.1494e+05
2.0000e+05	1.1387e+05
2.0000e+05	1.1432e+05
2.0000e+05	1.1380e+05
2.0000e+05	1.1372e+05
2.0000e+05	1.1308e+05
2.0000e+05	1.1324e+05
2.0000e+05	1.1296e+05
2.0000e+05	1.1170e+05
2.0000e+05	1.1196e+05
2.0000e+05	1.1244e+05
2.0000e+05	1.1160e+05
2.0000e+05	1.1194e+05
2.0000e+05	1.1100e+05
2.0000e+05	1.1043e+05
2.0000e+05	1.1078e+05
2.0000e+05	1.0967e+05
2.0000e+05	1.0956e+05
2.0000e+05	1.0945e+05
2.0000e+05	1.0894e+05
2.0000e+05	1.0887e+05
2.0000e+05	1.0827e+05
2.0000e+05	1.0808e+05
2.0000e+05	1.0773e+05
2.0000e+05	1.0719e+05
2.0000e+05	1.0724e+05
2.0000e+05	1.0677e+05
2.0000e+05	1.0653e+05
2.0000e+05	1.0633e+05
2.0000e+05	1.0510e+05
2.0000e+05	1.0560e+05
2.0000e+05	1.0531e+05
2.0000e+05	1.0527e+05
2.0000e+05	1.0406e+05
2.0000e+05	1.0388e+05
2.0000e+05	1.0371e+05
2.0000e+05	1.0370e+05
2.0000e+05	1.0356e+05
2.0000e+05	1.0208e+05
2.0000e+05	1.0250e+05
2.0000e+05	1.0146e+05
2.0000e+05	1.0139e+05
2.0000e+05	1.0157e+05
2.0000e+05	1.0099e+05
2.0000e+05	1.0102e+05
2.0000e+05	1.0048e+05
2.0000e+05	1.0032e+05
2.0000e+05	9.9387e+04
2.0000e+05	9.8875e+04
2.0000e+05	9.9068e+04
2.0000e+05	9.8224e+04
2.0000e+05	9.8508e+04
2.0000e+05	9.8363e+04
2.0000e+05	9.7564e+04
2.0000e+05	9.7600e+04
2.0000e+05	9.7233e+04
2.0000e+05	9.6250e+04
2.0000e+05	9.7044e+04
2.0000e+05	9.6500e+04
2.0000e+05	9.5927e+04
2.0000e+05	9.5810e+04
2.0000e+05	9.5387e+04
2.0000e+05	9.4695e+04
2.0000e+05	9.4273e+04
2.0000e+05	9.4524e+04
2.0000e+05	9.4019e+04
2.0000e+05	9.4203e+04
2.0000e+05	9.3979e+04
2.0000e+05	9.3639e+04
2.0000e+05	9.2732e+04
2.0000e+05	9.2778e+04
2.0000e+05	9.1776e+04
2.0000e+05	9.2205e+04
2.0000e+05	9.2103e+04
2.0000e+05	9.1859e+04
2.0000e+05	9.1411e+04
2.0000e+05	9.1035e+04
2.0000e+05	9.0730e+04
2.0000e+05	9.0841e+04
2.0000e+05	9.0173e+04
2.0000e+05	8.9885e+04
2.0000e+05	9.0257e+04
2.0000e+05	8.9430e+04
2.0000e+05	8.9897e+04
2.0000e+05	8.9662e+04
2.0000e+05	8.8552e+04
2.0000e+05	8.8993e+04
2.0000e+05	8.9216e+04
2.0000e+05	8.7636e+04
2.0000e+05	8.8194e+04
2.0000e+05	8.8152e+04
2.0000e+05	8.7234e+04
2.0000e+05	8.7275e+04
2.0000e+05	8.7677e+04
2.0000e+05	8.7124e+04
2.0000e+05	8.6926e+04
2.0000e+05	8.7104e+04
2.0000e+05	8.6435e+04
2.0000e+05	8.6683e+04
2.0000e+05	8.6486e+04
2.0000e+05	8.6066e+04
2.0000e+05	8.6251e+04
2.0000e+05	8.5806e+04
2.0000e+05	8.5685e+04
2.0000e+05	8.5737e+04
2.0000e+05	8.5989e+04
2.0000e+05	8.4940e+04
2.0000e+05	8.5230e+04
2.0000e+05	8.5209e+04
2.0000e+05	8.5047e+04
2.0000e+05	8.5004e+04
2.0000e+05	8.4636e+04
2.0000e+05	8.4224e+04
2.0000e+05	8.4396e+04
2.0000e+05	8.3698e+04
2.0000e+05	8.3702e+04
2.0000e+05	8.3941e+04
2.0000e+05	8.3885e+04
2.0000e+05	8.3928e+04
2.0000e+05	8.3991e+04
2.0000e+05	8.3526e+04
2.0000e+05	8.3426e+04
2.0000e+05	8.3288e+04
2.0000e+05	8.3427e+04
2.0000e+05	8.3396e+04
2.0000e+05	8.3665e+04
2.0000e+05	8.3938e+04
2.0000e+05	8.3338e+04
2.0000e+05	8.3246e+04
2.0000e+05	8.3453e+04
2.0000e+05	8.2997e+04
2.0000e+05	8.2794e+04
2.0000e+05	8.3623e+04
2.0000e+05	8.2804e+04
2.0000e+05	8.3038e+04
2.0000e+05	8.2417e+04
2.0000e+05	8.2586e+04
2.0000e+05	8.3075e+04
