2.0000e+04	-4.4036e+02	5.9339e+02	1.4559e+02	5.9326e+02	-4.7568e+02	2.5562e+02	-1.8046e+02	7.4991e+02	2.3934e+02	4.0286e+02	2.0499e+02	-5.0298e+02	1.1925e+02	2.0163e+01	-7.9244e+02	3.3845e+02	-2.9788e+02	-4.8926e+01	2.0279e+02	-9.0985e+01	1.9332e+02	3.1377e+02	6.0110e+02	-7.9556e+01	-2.1431e+02	-2.5556e+02	2.7336e+02	2.0218e+02	7.1370e+02	-4.4557e+02	-4.0491e+02	3.1117e+02	-3.9748e+02	1.8971e+02	-4.4980e+02	-7.2704e+01	-2.2848e+02	-5.7800e+02	-7.2784e+02	-1.2027e+01	-1.8833e+02	-1.7051e+02	-5.5448e+02	1.8583e+02	3.7705e+01	-3.0740e+01	6.3891e+01	-1.1298e+03	-6.6454e+02	5.1096e+02	2.1262e+02	-2.7041e+02	1.3531e+02	-5.6551e+02	-5.1987e+01	-2.5666e+02	-1.8874e+02	1.3968e+02	-2.7799e+02	-3.1278e+02	1.9520e+02	-2.9314e+02	6.9857e+01	-4.4017e+02	8.3484e+02	4.7655e+02	-2.0566e+02	-2.6067e+01	2.9975e+01	2.3292e+02	5.5888e+01	-5.4303e+01	7.4275e+01	-2.4872e+02	9.2772e+01	-3.9380e+02	2.0213e+02	-2.3310e+02	-4.7453e+02	3.8593e+01	-1.4353e+02	-9.5170e+01	-3.8150e+02	1.2757e+02	5.3922e+01	5.3865e+02	-1.6363e+02	-3.9643e+02	8.2929e+01	-3.5985e+02	2.6094e+02	-3.6235e+01	3.6606e+02	-1.5843e+02	-7.0309e+02	-3.3443e+02	-6.3504e+02	2.7592e+02	1.0014e+02	1.7882e+00	3.6929e+02	4.0625e+02	-4.6026e+02	-6.1944e+02	8.2769e+02	5.8659e+01	-1.7582e+02	-3.7412e+02	-3.5457e+02	-8.7237e+01	1.9497e+02	1.4564e+02	-3.7494e+02	-2.0862e+02	4.5775e+02	4.2398e+02	-5.4441e+02	8.5191e+00	-3.1369e+02	-2.0529e+02	-1.2814e+02	-3.1279e+01	4.1066e+02	1.9337e+02	5.0092e+02	-5.4741e+01	7.9437e+01	3.3336e+02	7.9232e+01	2.2994e+02	2.6315e+02	6.5230e+02	2.8643e+02	-8.9289e+01	-5.0600e+01	8.6768e+02	-6.8653e+02	4.1282e+01	-6.5605e+02	1.3263e+02	-5.1226e+01	-2.2848e+02	-2.3903e+02	5.2463e+02	4.3207e+02	-4.7893e+02	-5.2149e+02	-2.4051e+01	-6.8148e+02	-2.1522e+02	3.1073e+02	-1.4831e+02	-5.7900e+02	-3.5457e+02	-1.5630e+02	-5.8848e+02	-3.7604e+02	-1.3187e+02	-1.3981e+02	9.2282e+01	-3.8941e+02	3.6699e+01	-3.0281e+02	-1.3021e+02	-3.9224e+01	-1.8691e+02	8.1028e+02	-4.4504e+02	-1.9512e+01	1.2769e+02	-1.8328e+02	9.0138e+02	-3.5412e+02	-7.7550e+02	-2.5076e+02	4.0392e+02	1.8388e+02	2.4351e+02	4.4973e+02	-6.5427e+01	-3.9760e+02	-4.0056e+02	-4.4936e+01	1.3560e+02	-7.7759e+01	1.1596e+02	-4.2791e+02	4.1406e+02	7.6407e+02	-2.3714e+00	2.2547e+02	-4.1205e+02	-2.7428e+02	-4.7024e+02	3.0067e+01	5.5926e+01	-3.1835e+02	-1.4201e+02	1.0965e+02	-2.2792e+02
2.0000e+04	-4.2027e+02	-1.7034e+01	6.0508e+02	-4.2107e+02	1.6355e+02	6.0653e+02	4.3419e+02	-7.6596e+02	3.5402e+02	-3.8421e+02	1.6925e+02	-2.4404e+02	1.9845e+02	7.4936e+02	6.2121e+02	-3.9647e+02	-3.2358e+02	-6.4060e+02	-8.3713e+02	-6.6808e+02	9.2199e+02	5.3395e+02	-1.3341e+02	4.3070e+01	2.1657e+02	-4.2101e+02	-6.4874e+01	-1.1505e+03	-3.8589e+02	1.4658e+03	-7.7273e+02	7.8092e+01	2.6024e+02	7.1083e+01	-2.1846e+02	-7.3271e+02	3.6592e+02	2.0736e+02	1.8777e+03	-3.8403e+02	-5.0864e+02	-4.0919e+02	7.4434e+02	8.1938e+01	-4.0380e+02	2.5443e+02	-6.5732e+02	-1.4250e+02	-7.4364e+02	-2.5433e+02	4.0153e+02	9.6538e+01	-1.1447e+03	2.0762e+02	-5.6274e+02	-6.1058e+02	-2.9170e+02	-2.8909e+02	-5.7209e+02	7.6996e+02	-5.7704e+02	6.1487e+02	-4.7139e+02	2.2802e+02	-6.2606e+02	5.5241e+01	-4.0644e+02	2.3527e+02	6.2559e+02	-6.8788e+02	-6.7843e+02	-2.7604e+02	7.5110e+02	-7.2296e+01	1.5746e+02	-2.2156e+02	-1.4353e+03	-9.7973e+01	4.7338e+01	-1.0173e+02	2.1703e+02	-4.9869e+02	1.5016e+02	3.0750e+02	8.3345e+02	6.8737e+02	7.0326e+02	7.5852e+01	-9.4680e+02	-5.4166e+01	-7.5207e+02	6.0923e+01	-3.5381e+02	-3.8117e+02	2.4419e+02	1.7630e+02	2.3259e+02	-1.2307e+03	-4.0913e+00	7.1236e+01	1.5300e+03	-1.0878e+03	-2.2526e+02	-5.8001e+02	9.4801e+02	-4.0203e+02	-1.1574e+03	6.8375e+02	9.3423e+01	8.0625e+01	5.3928e+02	-2.0656e+02	3.0040e+02	-7.2651e+02	5.7013e+01	5.5094e+02	1.3503e+03	-9.0348e+02	-3.6602e+01	-3.4234e+01	8.6506e+02	-5.3913e+01	-4.4879e+01	5.0330e+02	1.2478e+03	4.7062e+02	-3.6022e+02	-4.0207e+02	-7.4836e+02	-4.8377e+02	4.2886e+02	6.3187e+01	-2.3271e+02	3.8608e+02	-1.5715e+03	-7.5845e+01	-1.6960e+02	9.2705e+02	1.9188e+02	1.1692e+03	1.2557e+03	-9.9844e+01	-8.8623e+02	-1.7413e+02	-6.9309e+02	6.2306e+02	-2.7576e+02	7.0785e+02	-6.6517e+01	2.4857e+02	1.3917e+02	-1.0537e+03	2.6711e+02	-1.4277e+02	-1.3862e+02	2.9906e+02	3.4149e+02	2.6012e+01	4.6719e+02	-3.9714e+02	2.3220e+02	5.9218e+02	-6.3989e+02	-2.2538e+02	-1.1668e+03	-1.0811e+03	-8.5463e+02	2.8034e+02	5.7707e+01	4.1497e+02	-3.4652e+02	5.4732e+02	5.6440e+02	2.6739e+02	-5.6698e+02	-1.1063e+03	2.2362e+02	7.1636e+02	1.0152e+03	-3.0894e+02	-1.0785e+03	7.3090e+02	3.9644e+02	-1.1005e+03	1.0661e+02	-7.3921e+02	6.5992e+02	-4.2193e+02	-9.9684e+02	-1.7489e+02	-4.1036e+01	1.7800e+03	1.5728e+03	-4.9308e+02	1.8424e+02	-4.4716e+02	-3.8271e+02	-8.1661e+02	3.0175e+02	-5.0553e+02
4.0000e+04	2.2044e+02	8.0306e+02	-1.8888e+02	2.8803e+02	-2.2216e+02	-4.8687e+02	-5.8595e+02	8.8048e+02	2.7877e+02	1.0275e+03	5.1818e+02	1.9887e+02	2.9988e+02	-1.7872e+02	-6.9729e+02	2.5277e+02	-1.5474e+03	2.7079e+02	1.4894e+02	4.2324e+02	-2.7007e+02	8.3309e+01	6.2192e+02	-3.3288e+02	-9.6648e+01	-2.6094e+02	2.4256e+02	4.6740e+02	9.0967e+02	-3.9908e+02	-2.7633e+02	1.1563e+02	1.4492e+02	-7.7748e+01	-8.6602e+02	4.9041e+02	-2.8717e+02	-7.2371e+02	-4.8505e+02	8.5156e+01	-1.7719e+02	-5.0752e+02	-3.6134e+02	-1.3014e+01	5.8257e+02	3.5312e+02	-3.3286e+02	-1.4580e+03	-3.1497e+02	6.0249e+02	7.3722e+02	-9.1273e+02	6.0462e+02	-5.3402e+02	1.5795e+02	-4.7259e+01	-2.2134e+02	-1.0649e+02	-5.6862e+02	1.4388e+02	8.3700e+02	-1.1015e+03	-2.3471e+02	-7.6068e+02	4.9983e+02	1.1762e+03	-2.8168e+02	-5.9016e+02	4.6065e+01	4.0044e+02	4.7817e+02	-3.0096e+02	1.4013e+02	-3.5157e+02	-1.4017e+02	-6.4247e+02	1.1520e+03	-9.7912e+02	-1.1359e+03	-1.3533e+02	-2.7261e+02	4.0508e+02	-7.1791e+02	3.6836e+02	5.1506e+02	3.0176e+02	8.7386e+01	-3.5708e+02	1.3929e+01	-6.0358e+02	7.0901e+02	-1.4588e+02	1.0868e+02	-8.8412e+02	-6.1720e+02	-7.0305e+01	-9.9585e+02	5.8271e+01	1.0638e+03	7.2959e+02	3.0431e+02	-5.1512e+01	-4.5549e+02	-1.3840e+03	5.6661e+02	-1.0259e+02	2.1452e+02	-4.9648e+02	-3.6695e+02	-7.1825e+02	4.7841e+02	2.7819e+01	-2.4781e+02	1.4542e+02	5.3652e+02	2.3256e+02	-7.6465e+02	2.4080e+02	-2.0331e+01	-5.4728e+02	-2.4124e+02	-4.9871e+01	6.2995e+02	7.9219e+01	5.7830e+02	7.5192e+02	-3.0404e+02	6.4919e+02	6.4869e+02	6.7307e+02	3.8651e+02	8.9252e+02	9.7553e+02	2.3270e+02	-3.7543e+02	3.0053e+02	-5.0692e+02	-7.5244e+01	-6.3676e+02	-2.5306e+01	-3.9618e+01	-2.6265e+01	-1.1781e+02	3.0120e+02	6.6932e+02	-6.7289e+02	-8.2633e+02	-3.8658e+01	-1.6792e+01	3.4067e+02	2.9186e+01	-2.5919e+02	-5.7725e+02	-5.2125e+02	-3.3265e+01	-7.8935e+02	-1.0591e+03	2.4857e+02	-6.9948e+02	1.8594e+02	-5.5250e+02	2.8732e+02	-3.3061e+02	-7.4979e+01	8.5091e+01	1.1869e+02	9.7407e+02	-5.3649e+01	-2.5136e+02	-3.5019e+02	-4.1548e+02	6.1998e+02	3.4173e+02	-7.5850e+02	-1.8327e+02	-2.6904e+01	-3.4291e+02	-1.9097e+02	8.2120e+02	1.5307e+02	-7.5345e+02	-3.2089e+02	1.3124e+02	4.2675e+02	-4.8472e+02	4.4035e+02	-6.7829e+02	3.4092e+02	-1.0493e+01	4.1806e+02	-1.1803e+01	-7.1419e+02	-2.1853e+02	-5.6606e+02	3.8971e+02	-3.8935e+02	-5.1285e+02	-2.7896e+02	4.1359e+02	-2.4598e+02
4.0000e+04	1.1600e+02	-4.0552e+02	8.7197e+02	-1.3516e+03	-5.4932e+02	7.9202e+02	1.0798e+03	-3.1731e+02	3.6564e+02	4.0799e+02	7.4203e+02	-8.3887e+02	-4.5272e+02	9.5019e+02	5.1774e+02	-4.1189e+02	2.5905e+02	-2.8063e+02	-8.5708e+02	-8.4694e+02	1.1884e+03	7.4163e+02	-2.3330e+02	5.0759e+02	4.6061e+02	-8.4759e+01	3.0346e+01	-2.1993e+03	2.4748e+02	1.6127e+03	-1.0959e+03	-4.7382e+02	8.0853e+02	5.8357e+02	-1.4875e+02	-2.3990e+02	4.8926e+02	-5.9065e+02	2.3473e+03	-9.0132e+02	-6.8621e+01	-7.1401e+02	1.7316e+03	-1.8649e+02	-6.9079e+02	1.7788e+02	-7.0375e+02	-9.6811e+02	-2.1697e+03	-2.8881e+02	2.0706e+02	1.4602e+03	-1.3352e+03	2.7538e+02	-7.0447e+02	7.6992e+02	-1.6334e+02	-8.9737e+02	-8.2611e+02	4.9907e+02	-1.8573e+03	1.4795e+03	-7.3102e+02	4.9781e+02	1.9801e+02	7.2343e+02	2.9871e+02	1.7708e+02	8.5082e+02	4.7635e+02	-1.8286e+02	5.6206e+02	1.2643e+02	2.6485e+02	1.1062e+03	1.0983e+03	-1.1564e+03	-3.0882e+02	-1.7322e+02	-7.5538e+02	7.6821e+02	-5.8138e+02	6.4842e+00	2.1061e+02	2.9290e+02	1.0756e+03	4.3693e+02	-4.1467e+01	-1.1263e+03	3.1715e+02	2.6787e+02	7.6906e+02	6.8416e+01	-3.7193e+02	7.4566e+02	-2.4714e+02	-1.8415e+02	-4.6965e+02	1.0050e+02	4.4238e+02	1.8288e+03	-1.1800e+03	3.9496e+02	-5.4612e+02	1.7140e+03	-4.7196e+01	-1.9764e+03	3.4386e+02	1.3080e+02	1.8305e+02	1.3048e+03	-5.2701e+02	-6.1904e+02	-5.3752e+02	5.1939e+02	1.0812e+03	1.7827e+03	-1.2129e+03	3.2970e+02	6.7009e+02	1.3666e+03	1.3255e+03	-2.8661e+02	1.0998e+03	1.1278e+03	8.1719e+02	-6.0762e+02	-5.3048e+02	1.5805e+02	2.6138e+02	5.0250e+02	-3.9403e+01	5.6635e+01	9.6427e+02	-2.3710e+03	5.2374e+02	-5.3497e+02	4.4511e+02	4.5959e+01	2.1430e+03	1.0486e+03	9.7964e+02	-1.6600e+03	-3.5892e+01	-3.7137e+02	6.1957e+02	1.3327e+02	1.0921e+03	-7.0413e+02	-4.5047e+02	1.1158e+03	-7.9199e+02	2.4530e+02	1.4221e+02	-2.6845e+02	4.5770e+02	3.7118e+02	-6.4936e+02	1.2865e+03	-6.7820e+02	-2.0733e+02	2.5107e+01	-9.5722e+02	2.0575e+02	-1.9552e+03	-1.2223e+03	-1.1178e+03	3.5394e+01	3.4530e+02	6.1836e+02	-1.6321e+03	9.5029e+02	5.8318e+02	2.5263e+01	-1.6635e+03	-8.2407e+02	2.6013e+02	1.1243e+03	1.1698e+03	-1.5309e+03	-9.1023e+02	-4.2889e+01	-4.7092e+02	-6.1750e+02	5.0028e+02	-4.4667e+02	9.6246e+02	3.9926e+02	-3.2722e+02	-3.1767e+02	9.8927e+02	2.8633e+03	1.0315e+03	-6.7351e+02	-6.8157e+02	-1.2975e+03	-5.1748e+02	-6.8011e+02	5.9586e+00	7.4869e+01
6.0000e+04	-5.4638e+01	2.4646e+02	-3.5889e+02	1.3247e+02	-5.0166e+02	-5.7600e+02	-1.5569e+02	1.3570e+03	2.5208e+02	1.4389e+03	1.1570e+03	1.1895e+02	1.1056e+02	-2.9061e+02	-5.9504e+02	2.6061e+02	-8.9467e+02	-1.0088e+02	-4.5527e+02	1.1328e+03	-5.8014e+02	-1.2540e+02	1.1018e+03	-6.8292e+02	-2.2250e+02	-7.7466e+02	-4.8655e+02	7.9274e+02	6.3810e+02	-3.9370e+02	2.1321e+01	1.2901e+02	-9.6321e+00	-3.2613e+02	-1.5301e+03	1.4754e+02	1.3662e+02	-1.1352e+03	2.7028e+02	1.8529e+02	9.0988e+01	-7.6196e+02	-4.6192e+02	7.9020e+02	2.5139e+02	3.5750e+02	-5.4187e+02	-1.2350e+03	-5.2903e+02	7.1980e+02	8.9585e+02	-8.0875e+02	3.9755e+02	-8.0184e+02	-1.4472e+02	4.7572e+02	-6.4202e+02	2.5044e+02	-8.8874e+02	4.5730e+01	4.4247e+02	-1.6426e+03	-8.3231e+02	-7.0526e+02	1.7902e+02	1.0402e+03	-1.2389e+01	-7.0940e+02	2.3054e+02	-8.1177e+01	1.4188e+02	-5.8533e+02	1.5682e+02	1.2948e+02	2.3702e+02	-5.4015e+02	1.6317e+03	-1.0627e+03	-1.1385e+03	1.0231e+02	6.2781e+02	7.2605e+02	-7.3110e+02	3.9022e+02	3.5620e+01	-4.8604e+02	-6.9471e+01	-2.4658e+02	-3.6222e+02	-5.8316e+02	6.8542e+02	1.4209e+02	-2.4203e+02	-8.8007e+02	-4.6657e+02	-9.5021e+01	-8.4402e+02	-4.4004e+02	1.5375e+03	6.1988e+02	1.5850e+02	-2.1136e+02	-5.0994e+02	-2.2377e+03	4.7118e+02	-7.6140e+02	2.2330e+02	-6.5142e+02	-3.8544e+02	-8.3499e+02	3.0153e+02	-6.5166e+02	-7.4508e+02	6.1634e+02	7.9486e+02	3.6280e+02	-1.0559e+03	1.2642e+02	-1.1612e+02	-3.1416e+02	-2.1921e+01	1.2355e+02	6.2221e+01	1.4111e+02	9.6699e+01	8.6383e+02	-5.3379e+02	1.3417e+02	5.8008e+02	6.3316e+02	5.5038e+02	8.5858e+02	9.2717e+02	2.3947e+02	-7.1730e+02	-2.8465e+02	-1.0209e+03	-7.0687e+02	2.6022e+02	1.1139e+02	-1.6783e+02	4.9981e+02	-2.2125e+02	-3.9558e+01	3.1826e+02	-9.5770e+02	-8.7629e+02	1.9453e+02	1.2540e+02	2.0375e+02	2.1739e+02	-8.6864e+02	-4.5185e+02	-1.1098e+03	-2.8519e+02	-1.2865e+03	-9.8589e+02	2.4695e+02	-6.2553e+02	6.9012e+02	-1.1662e+03	3.4607e+02	5.3525e+02	-4.9530e+01	-4.4811e+02	3.2259e+02	1.0076e+03	-3.5306e+02	-9.7069e+02	4.8316e+02	-2.5839e+02	1.0490e+02	-2.9028e+02	-1.0240e+03	-5.1424e+02	-3.9644e+02	-5.6662e+02	-3.0530e+02	3.9365e+02	-9.8943e+01	-7.4189e+02	-3.7463e+02	2.6027e+01	-7.8185e+01	-7.1121e+02	5.9458e+02	-2.6269e+02	3.8229e+02	3.6655e+02	6.4423e+02	-4.9266e+02	-3.1811e+02	-7.1921e+02	-9.8286e+02	3.7312e+02	-8.7086e+02	-5.6331e+02	-1.9141e+02	9.9328e+01	-3.0660e+02
6.0000e+04	-1.4230e+02	6.7379e+02	5.6906e+02	-1.9317e+03	-1.1644e+03	2.3629e+02	1.4818e+03	2.3135e+02	-4.0992e+01	-6.3637e+02	9.7591e+02	-9.7002e+02	-7.3478e+02	1.1923e+03	1.1172e+03	-4.9033e+02	2.2487e+02	-8.4677e+01	-1.1702e+02	-1.4057e+03	6.3146e+02	7.0374e+02	-1.2671e+03	-1.6622e+02	4.5893e+02	-1.1551e+03	1.3240e+02	-2.2349e+03	4.4717e+02	8.3507e+02	-1.3169e+03	3.2433e+02	-4.7424e+01	9.3322e+02	-4.7102e+02	-1.5997e+02	-4.0885e+02	-1.5189e+03	2.1248e+03	-1.1064e+03	-1.0838e+03	-1.4206e+02	1.9299e+03	-6.6893e+02	-7.1075e+02	4.2219e+02	-6.8744e+02	-8.7285e+02	-1.3350e+03	5.4727e+02	6.2826e+02	1.2167e+03	-6.0672e+02	5.3875e+02	-1.2002e+03	4.0656e+02	5.6024e+02	-1.1186e+03	-2.1535e+03	8.0480e+02	-1.2002e+03	2.8634e+03	-6.1080e+02	8.3929e+02	4.4301e+01	3.6821e+02	1.3876e+02	4.4073e+02	5.5750e+02	8.9450e+02	8.4583e+02	1.3987e+03	1.1852e+03	1.0641e+03	9.4325e+02	1.4567e+03	-2.1560e+03	-1.0406e+03	-1.6097e+02	-3.1445e+02	8.6633e+02	2.2121e+02	-6.3318e+02	4.2417e+02	4.1585e+02	9.1434e+02	7.5238e+02	3.4863e+02	-1.8022e+03	6.1882e+02	3.9940e+02	8.0191e+00	1.8933e+03	-2.9675e+02	1.0151e+03	-3.0481e+02	-7.5204e+02	-4.5244e+02	-4.6301e+02	-1.3774e+02	1.7437e+03	-1.3555e+03	-1.8542e+02	-5.8196e+02	1.1159e+03	6.2460e+02	-1.4855e+03	1.2954e+03	1.1407e+03	1.9146e+02	1.5260e+03	-4.3768e+02	-7.2774e+02	-5.0777e+02	1.2631e+02	1.4218e+03	1.4938e+03	-7.6269e+02	4.2172e+02	-1.2113e+02	2.0078e+03	2.9412e+01	7.2930e+01	4.9866e+02	6.0368e+02	4.2173e+02	5.2282e+01	-4.5410e+02	6.2629e+02	1.9408e+02	1.0583e+03	6.6924e+02	-4.7200e+02	7.1546e+02	-2.1808e+03	3.4889e+02	-1.2424e+03	-1.5847e+02	6.2039e+02	2.9843e+03	6.2811e+02	7.5690e+02	-1.7915e+03	-5.6551e+02	-5.6941e+02	6.5605e+01	1.1259e+03	7.3745e+02	-1.3627e+03	-8.6700e+02	1.2376e+02	-9.0225e+02	-2.8688e+02	2.7628e+02	-1.1189e+03	-8.9276e+01	2.3835e+02	-5.3169e+02	1.0094e+03	-1.1759e+03	-6.1725e+02	5.7196e+02	5.9433e+02	-3.9838e+02	-2.9127e+03	-9.2950e+02	-1.3738e+03	-4.4017e+02	7.3279e+02	-3.3938e+02	-9.1780e+02	1.1403e+02	8.6884e+02	-2.0319e+02	-7.0056e+02	-1.0386e+03	6.2316e+02	1.4370e+03	3.3794e+02	-1.2720e+03	-9.1119e+02	-4.6943e+02	-3.8129e+02	-8.5679e+02	-5.4334e+01	-2.1307e+02	9.7779e+02	3.2929e+02	-1.0129e+02	-9.8846e+02	9.3257e+02	3.0466e+03	7.7868e+02	-4.9490e+02	-6.3252e+02	-1.5834e+03	-2.9868e+02	-8.9990e+02	4.1654e+02	-6.3348e+02
8.0000e+04	8.2732e+01	3.2061e+02	1.9366e+02	2.3746e+02	-3.2496e+01	-6.3520e+02	-2.7945e+02	1.5619e+03	-3.1380e+02	1.6926e+03	8.3799e+02	3.6827e+02	-3.3844e+02	-1.1611e+02	-7.6995e+02	-4.5321e+01	-1.3388e+03	-3.1373e+02	-4.5513e+02	1.8537e+03	-1.4252e+03	9.5719e+02	1.2386e+03	-1.1666e+03	-8.7448e+01	-1.2616e+03	-5.1852e+02	8.7210e+02	3.3559e+02	-2.4552e+02	1.1008e+02	4.7006e+02	-5.9922e+02	-5.5767e+02	-1.8446e+03	5.4162e+02	8.8775e+02	-9.5187e+02	2.3266e+02	2.0094e+02	5.3370e+02	-8.3563e+02	2.5618e+01	6.8949e+02	4.8152e+02	8.5707e+02	-1.3565e+02	-1.0270e+03	-7.6053e+02	7.8985e+02	1.9896e+02	-2.6387e+02	2.1113e+02	-6.5132e+02	-4.6241e+01	2.1081e+02	-1.1282e+03	5.6467e+02	-8.5029e+02	-1.3441e+01	4.7707e+02	-1.7539e+03	-9.1845e+02	-1.0880e+03	5.4164e+02	1.1916e+03	3.2955e+02	-9.8978e+02	4.8128e+02	1.3505e+01	1.5411e+02	-7.6312e+02	3.5361e+02	3.4877e+02	2.6785e+02	-9.0120e+02	2.4183e+03	-1.3532e+03	-1.1238e+03	-3.2092e+02	2.2278e+02	8.2110e+02	-1.1184e+03	3.7146e+02	1.3712e+02	1.3887e+02	2.1079e+01	-2.4340e+02	-3.2899e+02	-1.8259e+02	4.6321e+02	1.2028e+02	-7.7091e+02	-2.7955e+02	-3.1651e+02	-1.0849e+02	-9.1603e+02	-4.5400e+02	1.0903e+03	4.2459e+02	7.4276e+02	2.2363e+02	-5.1370e+02	-2.2233e+03	5.4607e+02	-8.0210e+02	4.8245e+02	-2.3903e+02	-2.8958e+01	-1.1125e+03	4.5340e+02	-3.8932e+02	-8.4748e+02	6.6019e+02	8.8502e+02	6.5749e+02	-8.8054e+02	4.6559e+02	-5.2295e+02	6.4121e+01	3.4427e+02	3.2738e+02	-5.3376e+02	-1.4170e+01	2.1846e+02	7.1187e+02	-1.0730e+03	-8.5316e+01	9.5915e+02	5.3638e+02	2.0264e+02	1.0587e+03	9.6713e+02	4.0104e+02	-3.9071e+01	-7.8155e+02	-1.6851e+03	-4.9080e+02	2.7714e+02	5.5604e+01	3.5876e+02	-1.4983e+02	1.8121e+02	-2.5466e+02	4.8593e+02	-4.2506e+02	-1.4220e+03	-3.7331e+02	-2.2127e+01	4.4885e+01	8.8130e+02	-5.1748e+02	-7.1074e+02	-1.6028e+03	-2.0453e+02	-5.0741e+02	-8.6300e+02	1.2127e+02	-1.4954e+03	1.1327e+03	-1.2489e+03	-1.6328e+02	-1.5512e+02	-1.0083e+02	2.9101e+01	2.1362e+02	1.0069e+03	-2.7536e+02	-4.5595e+02	2.1992e+02	-5.3732e+02	-1.4981e+02	-1.7268e+02	-9.2665e+02	-3.8951e+02	-4.1612e+02	-7.5259e+02	-8.0402e+02	1.9784e+02	-3.7886e+02	-8.7076e+02	-6.7331e+02	6.5168e+01	3.0697e+02	-6.3368e+02	1.0133e+03	-5.3009e+02	-2.0754e+01	-2.1749e+02	9.9147e+02	-1.7706e+02	-5.1011e+02	-1.1640e+03	-1.7127e+03	4.1010e+02	-9.1886e+02	-1.0525e+02	3.4540e+02	-4.8231e+02	1.6707e+02
8.0000e+04	-3.0820e+02	1.9495e+03	4.2252e+02	-2.0945e+03	-1.2169e+03	3.6039e+02	1.6200e+03	7.2107e+02	2.2665e+02	-8.3363e+02	1.5363e+03	-6.3082e+02	1.1095e+02	1.6570e+03	7.0149e+02	-2.3127e+02	-4.4960e+02	-1.3095e+03	-2.9391e+02	-2.0084e+03	1.0704e+03	1.3173e+02	-9.5974e+02	-5.5120e+02	-2.4657e+02	-1.0047e+03	4.9374e+02	-1.6151e+03	2.6596e+02	8.7478e+02	-1.4445e+03	8.9545e+02	-1.4115e+02	3.3304e+00	1.0030e+02	-5.1623e+02	-4.2697e+02	-1.1145e+03	1.8325e+03	-1.9951e+03	-8.4922e+02	-1.2134e+02	1.8817e+03	-9.1139e+02	-5.1463e+02	2.8660e+02	-7.7207e+02	-7.6127e+02	-1.2158e+03	1.8536e+03	-3.6444e+02	9.3196e+02	-4.0856e+02	4.0992e+02	-5.0951e+02	7.2580e+02	3.2717e+02	-1.8039e+03	-2.2542e+03	7.1075e+02	-1.1438e+03	3.5996e+03	-8.7058e+02	1.8058e+03	2.4844e+02	7.1619e+02	-1.2404e+02	-2.8208e+02	7.1429e+01	1.4155e+03	6.4650e+02	1.8840e+03	1.1731e+03	2.4006e+01	7.8933e+02	1.0099e+03	-2.3849e+03	-1.5968e+03	7.8268e+02	-3.8749e+01	7.4279e+02	-4.5786e+02	-9.6202e+02	1.4927e+03	4.1392e+02	1.0587e+03	2.4014e+02	-3.3632e+02	-2.1885e+03	1.6891e+02	-1.1901e+02	-1.6911e+02	2.4957e+03	-5.5793e+02	9.3330e+02	-1.1282e+03	-3.7770e+02	-6.7418e+02	-1.9916e+02	-1.2561e+03	1.3781e+03	-1.6687e+03	-1.1331e+02	-1.5423e+03	1.5318e+03	1.0976e+03	-1.4495e+03	1.6981e+03	1.9436e+03	-1.0016e+03	1.2392e+03	-2.2928e+02	-1.0146e+03	-1.2822e+03	7.9724e+02	6.1203e+02	1.0470e+03	-1.1674e+02	-3.1692e+02	-5.8254e+02	2.5948e+03	2.8918e+02	1.3482e+02	1.9836e+02	1.0577e+03	1.0743e+03	-2.9313e+02	-3.9538e+02	8.4903e+02	2.6413e+02	1.1969e+02	6.2036e+02	-1.2008e+02	-1.4775e+01	-3.3609e+03	-5.6000e+02	-9.5992e+02	-2.2466e+02	1.4384e+02	2.4097e+03	1.3476e+03	4.6428e+01	-2.6332e+03	-6.7432e+02	3.2773e+02	2.3340e+00	-3.3617e+02	2.2415e+02	-9.9037e+02	-2.8260e+02	-4.9645e+02	-9.4305e+02	-2.6849e+02	-3.6980e+02	-1.3519e+03	1.3828e+02	6.1511e+02	1.1338e+01	1.4414e+03	-1.1112e+03	-1.6502e+02	6.9194e+02	1.2275e+03	3.7037e+02	-2.0933e+03	-1.4167e+03	-2.1125e+03	-1.4572e+03	6.7130e+02	7.5408e+02	-1.3345e+03	-8.0318e+02	5.7881e+02	4.1037e+01	-6.2588e+02	-1.0875e+03	-2.3394e+02	2.2581e+02	-2.4335e+01	-1.5178e+03	-4.1445e+02	1.2002e+02	-1.9599e+02	-8.4000e+02	1.1335e+03	4.6265e+02	4.7244e+02	3.7191e+01	3.5593e+02	-1.0272e+03	1.1766e+03	2.9467e+03	9.2199e+02	5.9283e+02	-1.1949e+03	-2.3988e+03	-2.9525e+02	-2.1017e+03	4.9939e+02	-7.0438e+02
1.0000e+05	9.5193e+01	7.3582e+01	3.9078e+02	-1.3159e+02	5.9750e+02	-6.6766e+02	-6.2400e+02	1.7855e+03	-1.0055e+02	1.6268e+03	7.5156e+02	-1.4733e+01	-6.9259e+02	-4.1192e+02	-6.4090e+02	2.4169e+02	-9.4217e+02	7.5821e+00	-3.6347e+02	1.9006e+03	-1.2919e+03	1.0801e+03	1.2244e+03	-1.6824e+03	-4.7991e+02	-7.4418e+02	-4.4062e+02	9.5024e+02	4.2000e+02	-5.8468e+02	5.6869e+02	5.9355e+02	-5.4337e+02	-1.7264e+02	-1.7879e+03	-4.8108e+01	7.0770e+02	-1.0855e+03	4.2465e+02	-4.1401e+01	7.8237e+02	-1.0957e+03	2.5342e+00	8.6371e+02	5.5541e+02	1.5738e+03	9.0355e+00	-1.3228e+03	-2.0405e+02	1.6422e+03	6.8113e+02	1.9815e+02	-3.2132e+02	-6.8980e+02	1.8830e+02	3.8418e+02	-1.5715e+03	6.4681e+02	-9.2023e+02	-4.1348e+02	6.9747e+02	-1.2164e+03	-9.5500e+02	-5.9886e+02	7.6541e+02	8.8060e+02	6.5153e+02	-1.8372e+03	1.1423e+03	-9.1392e+01	-2.7548e+02	-1.0725e+03	5.9058e+02	4.4486e+02	9.6323e+02	-6.5128e+02	2.3538e+03	-9.6996e+02	-8.0297e+02	-1.9271e+02	3.4288e+02	5.6938e+02	-1.5003e+03	6.4113e+02	-4.3610e+02	2.0862e+02	-6.7548e+02	4.0607e+02	-4.9396e+02	1.3758e+01	7.8283e+02	1.0786e+03	-1.7092e+03	-5.9707e+02	-8.0693e+02	-4.8428e+01	-9.8817e+02	-5.0000e+02	6.7465e+02	1.0358e+03	1.0685e+03	2.4958e+02	-4.8885e+02	-1.1890e+03	2.1062e+02	-8.6857e+02	9.6941e+02	3.2310e+02	1.7563e+02	-1.5288e+03	6.7259e+02	3.2714e+02	-5.9955e+02	5.9685e+02	8.1801e+02	9.0033e+02	-7.3255e+02	4.0973e+02	-6.8502e+02	1.6095e+02	8.0316e+02	2.7590e+02	-3.0866e+02	-7.7717e+02	1.0778e+02	6.7814e+02	-4.8638e+02	4.7210e+02	5.9283e+02	4.3287e+02	7.7412e+02	9.3000e+02	8.5909e+02	7.3061e+02	-1.5359e+02	-8.1183e+02	-1.8889e+03	-8.1470e+02	7.5457e+02	-4.1685e+02	-3.8679e+02	-1.2295e+02	8.4089e+01	-3.4933e+02	9.7653e+02	-5.8742e+02	-1.4838e+03	-9.7544e+02	-8.0536e+01	2.1435e+02	7.4055e+02	-7.5844e+02	-8.5414e+02	-2.3821e+03	-7.1803e+02	-6.4840e+02	-3.8812e+02	-3.4359e+02	-1.2527e+03	1.5745e+03	-1.4737e+03	-1.4235e+03	3.6066e+02	3.4750e+02	4.4771e+02	-1.6234e+01	1.2631e+03	-6.4872e+02	-1.0054e+03	5.3831e+02	-4.2897e+02	2.0970e+02	-3.1267e+02	-1.0276e+03	-5.9157e+02	-5.2791e+02	-4.5556e+02	-1.2807e+03	-1.0509e+02	-8.5121e+02	-1.3132e+03	-8.1401e+02	-1.5809e+02	2.1080e+02	-6.9674e+02	1.1268e+03	-5.3471e+02	-4.0783e+02	7.9723e+01	1.2671e+03	-4.1223e+02	-2.9478e+02	-7.2691e+02	-1.9324e+03	1.2614e+02	-1.0064e+03	3.1092e+02	2.2839e+02	-6.6834e+02	-5.4977e+01
1.0000e+05	-4.9256e+02	2.6417e+03	1.7785e+02	-3.1938e+03	-1.5998e+03	-3.9467e+01	1.7846e+03	4.2628e+02	-4.8416e+02	-3.4279e+02	7.1210e+02	-7.5205e+02	1.6247e+01	1.9238e+03	1.6011e+03	-6.3052e+02	-1.9088e+03	-9.9970e+02	-1.2042e+03	-2.7627e+03	1.7729e+03	6.5676e+01	-1.6464e+03	-1.2277e+03	-1.7418e+02	2.6719e+02	-2.0776e+02	-1.4535e+03	1.2585e+03	2.0855e+03	-9.8640e+02	2.0652e+03	-9.0247e+01	5.8363e+02	7.4707e+02	-2.4013e+02	-1.5612e+03	-8.8838e+02	1.8773e+03	-1.8105e+03	-9.7135e+02	-3.0775e+02	1.7150e+03	-6.9166e+02	-5.5413e+01	6.7558e+02	-9.7890e+02	-1.2306e+03	-1.8995e+03	1.5644e+03	-1.3956e+03	3.5822e+02	-6.9539e+02	9.0131e+02	-8.2803e+02	7.8746e+02	-5.3424e+02	-2.1352e+03	-2.4529e+03	5.4760e+02	-1.1600e+03	3.5287e+03	-1.2471e+03	2.3769e+03	3.8732e+02	7.3519e+02	2.0689e+02	-2.3462e+02	-8.6670e+01	1.6364e+03	5.7350e+01	8.8457e+02	-5.7963e+01	-5.6806e+02	-1.1697e+02	5.1639e+02	-3.0843e+03	-4.3481e+02	1.5032e+03	-7.5264e+02	2.3616e+02	-8.5477e+02	-2.5731e+02	1.3192e+03	1.4782e+02	7.3019e+02	7.0259e+01	-1.0442e+03	-1.5551e+03	-9.7550e+02	-8.1564e+01	-1.3151e+02	2.4018e+03	-8.2527e+02	1.2193e+03	-1.0323e+03	-6.8557e+02	-5.3645e+02	-4.4560e+02	-9.5306e+02	9.8364e+01	-1.9060e+03	2.5896e+02	-2.3168e+03	1.3031e+03	1.3713e+03	-2.0554e+03	3.0800e+03	9.8314e+02	-1.8179e+03	1.5053e+03	-1.7890e+03	-3.8641e+02	-1.5027e+03	1.1055e+03	7.1717e+02	7.6797e+02	9.5390e+02	-6.1641e+02	-4.1690e+02	2.6191e+03	-1.4836e+02	-5.2539e+02	3.9051e+02	1.5665e+03	9.2235e+02	-4.5180e+02	-5.2754e+02	2.9391e+02	6.6138e+02	5.3548e+01	1.1990e+03	4.5936e+01	2.5648e+02	-3.0662e+03	4.2106e+01	1.2878e+02	-1.9579e+02	1.7228e+02	2.2353e+03	1.6333e+03	6.3512e+02	-2.3040e+03	-1.1182e+03	7.3762e+02	5.2979e+02	-4.6489e+02	-4.6110e+02	-1.2022e+03	-1.3541e+02	-1.3364e+03	-7.1095e+02	7.5381e+02	-8.8102e+02	-1.2725e+03	-2.0479e+02	6.7082e+02	-1.0808e+03	1.3567e+03	-1.8724e+03	1.9357e+02	1.3655e+03	1.8667e+02	1.1144e+03	-1.3409e+03	-7.6400e+02	-2.5430e+03	-2.3207e+03	9.3099e+02	1.0805e+03	-1.4170e+03	-6.2159e+02	1.0534e+02	-1.2812e+03	-2.8316e+02	-1.1627e+03	-1.4908e+03	6.4145e+02	-1.7427e+02	-5.6489e+02	5.1650e+02	1.3754e+03	-1.0247e+03	-8.1536e+02	2.1231e+03	9.5524e+02	2.1988e+03	2.9115e+02	2.2515e+02	-1.8767e+03	1.2730e+03	3.5220e+03	1.0705e+03	9.9124e+02	-1.4612e+03	-1.3679e+03	-7.6306e+02	-3.0009e+03	1.0584e+03	-6.1669e+02
1.2000e+05	3.9233e+01	6.3571e+01	2.7508e+02	-4.5539e+02	9.5323e+02	8.8898e+01	-1.1645e+03	1.6333e+03	-2.1242e+02	1.6919e+03	2.6520e+02	5.3510e+01	-5.7281e+02	-7.1071e+02	-8.5044e+02	1.5465e+02	-1.3356e+02	3.2885e+01	-4.4926e+02	1.6770e+03	-1.2557e+03	1.1756e+03	1.2468e+03	-1.0530e+03	1.5681e+01	-5.0368e+02	-4.4935e+02	1.5423e+03	5.0987e+02	-3.9855e+01	3.1976e+02	2.1184e+02	-8.2811e+02	-9.9391e+00	-2.3763e+03	-5.3772e+02	2.9339e+02	-1.7581e+03	4.8686e+02	-2.1095e+02	1.5435e+03	-1.3247e+03	4.9858e+01	8.4619e+02	8.1719e+02	1.7808e+03	-2.1372e+01	-1.4065e+03	-2.7459e+02	1.5297e+03	7.1569e+02	9.2172e+01	-6.3860e+02	-8.1028e+02	7.2061e+02	5.8081e+02	-1.6473e+03	3.9824e+02	-7.8867e+02	-5.5798e+02	6.7027e+02	-1.0667e+03	-1.1364e+03	-1.1099e+03	4.1722e+02	7.5055e+02	1.0540e+03	-1.5541e+03	9.3989e+02	-4.1454e+02	-3.7986e+02	-1.4836e+02	1.0662e+03	2.0204e+02	1.4653e+03	-3.3554e+02	2.9105e+03	-8.4825e+02	-3.0710e+02	9.8697e+00	1.0946e+02	8.9349e+02	-1.5371e+03	6.1369e+02	-1.3451e+03	2.3159e+02	-6.2156e+02	3.3983e+02	-3.7829e+02	3.3682e+02	1.1435e+03	2.3502e+02	-1.2729e+03	1.1010e+02	-1.4429e+03	-7.5227e+02	-1.4568e+03	-1.0088e+02	6.6895e+02	9.1820e+02	1.4519e+03	2.4396e+02	-1.1591e+01	-1.3514e+03	3.5223e+02	-3.0192e+02	1.0100e+03	-8.2360e+01	5.9123e+02	-1.7355e+03	1.2344e+01	6.4644e+01	-1.0707e+03	7.0722e+02	7.7954e+02	4.5175e+02	-1.1256e+03	9.2983e+02	-4.5838e+02	2.5205e+02	1.0146e+03	6.6554e+02	-1.4999e+02	-2.2428e+02	-1.2139e+02	1.0035e+03	-7.4711e+02	2.7498e+02	1.1461e+03	9.6369e+02	6.9816e+02	8.6722e+02	4.3947e+02	8.9677e+02	4.6610e+01	-3.9791e+02	-1.9300e+03	-1.0020e+03	7.3162e+02	-4.1921e+02	-7.3848e+02	1.3990e+02	4.5191e+02	2.8527e+02	7.6033e+01	-1.1167e+03	-1.6426e+03	-7.0367e+02	-2.6424e+02	4.1883e+01	5.6223e+02	-1.0659e+03	-6.9426e+02	-2.2919e+03	-7.1862e+02	-8.8524e+02	-8.7720e+02	-9.3904e+01	-1.2303e+03	1.1611e+03	-9.6700e+02	-1.6675e+03	6.5697e+02	9.9375e+02	6.4734e+02	-1.6696e+02	1.0583e+03	-9.4326e+02	-6.2112e+02	7.4246e+02	-6.4659e+02	1.5912e+02	-6.9182e+02	-1.3891e+03	-8.2370e+02	-4.9926e+02	9.4442e+01	-1.1429e+03	-5.2004e+02	-9.6016e+02	-1.9205e+03	-1.1590e+03	-9.3006e+02	3.2974e+02	-1.1343e+03	1.6530e+03	-6.6191e+02	-3.8155e+02	-1.4822e+02	1.7267e+03	-9.1932e+02	1.8953e+01	-7.5304e+02	-1.6695e+03	-2.0883e+02	-5.6371e+02	-1.0946e+02	-4.6464e+02	-7.9124e+02	-5.4989e+02
1.2000e+05	-1.3890e+03	2.8781e+03	-5.3739e+02	-3.2661e+03	-1.8105e+03	1.0937e+03	1.3069e+03	3.8163e+02	-7.5689e+02	-2.5902e+02	1.4584e+03	-1.2477e+03	2.8651e+02	2.2411e+03	1.5869e+03	1.7114e+02	-2.7667e+03	-2.0970e+03	-1.3857e+03	-2.6887e+03	1.8586e+03	5.9807e+02	-1.2563e+03	-1.3130e+03	1.3268e+02	1.1914e+03	6.9257e+01	-1.3183e+03	6.9830e+02	1.1090e+03	-1.4026e+03	2.1929e+03	-9.4744e+02	-6.4056e+01	1.4536e+03	-1.0627e+03	-1.5300e+03	-2.0438e+02	2.5089e+03	-2.3046e+03	-1.6344e+03	-7.8382e+01	1.6393e+03	-1.0932e+03	6.3134e+02	7.2699e+02	-9.8904e+02	-1.2869e+03	-1.9645e+03	1.4210e+03	-1.1692e+03	5.9565e+02	-1.4260e+03	7.6991e+02	-1.5528e+03	2.1398e+03	5.4289e+02	-1.2395e+03	-3.3233e+03	2.1946e+03	-7.7666e+02	3.5411e+03	-1.8003e+03	2.9130e+03	2.0100e+02	1.8473e+03	-1.7650e+02	4.1106e+02	3.9478e+02	1.6598e+03	-8.0780e+01	1.7359e+03	-1.3113e+03	-1.1237e+03	1.1435e+02	1.3387e+03	-3.9114e+03	-2.8778e+01	1.9482e+03	-1.8944e+03	4.3492e+02	-8.9675e+02	3.3572e+02	6.8694e+02	5.0276e+01	1.0757e+03	9.4332e+01	-1.1298e+03	-2.0828e+03	-5.0401e+02	8.9349e+00	-1.3598e+02	2.2195e+03	-6.9727e+02	1.2212e+03	1.3549e+02	-1.7316e+02	-1.1922e+03	1.9500e+02	-1.1580e+03	2.8687e+01	-1.8460e+03	6.9776e+00	-2.0646e+03	9.0273e+02	1.3695e+03	-1.6413e+03	3.7608e+03	4.8636e+02	-1.0033e+03	1.0046e+03	-2.0578e+03	-2.4635e+02	-1.6593e+03	6.2023e+02	8.1136e+02	1.5397e+03	1.8043e+03	-2.8162e+02	-1.0822e+02	1.9097e+03	4.7576e+02	-1.3937e+03	8.1106e+02	1.6446e+03	6.1102e+02	-5.8424e+02	-6.7307e+02	4.0371e+02	-7.9397e+01	-1.1680e+03	8.2350e+02	-3.7738e+01	6.1193e+02	-2.5177e+03	-6.2641e+02	7.7353e+02	-6.9863e+02	5.7065e+02	3.3015e+03	1.1405e+03	6.9866e+02	-2.4659e+03	-9.8203e+02	1.2823e+02	4.9595e+02	7.3005e+02	-1.1228e+03	-6.8258e+02	6.4886e+02	-1.8080e+03	-6.9775e+02	1.5940e+03	-6.9517e+02	-1.7717e+03	-5.4172e+02	4.7065e+01	-1.4442e+03	9.9022e+02	-2.0982e+03	9.0963e+01	1.0990e+03	5.1641e+02	1.2920e+03	-1.1407e+03	-1.1593e+02	-3.0337e+03	-2.4262e+03	1.0901e+03	8.5574e+02	-1.5339e+03	-1.1796e+03	-9.0205e+02	-2.4303e+03	1.4974e+02	-1.7493e+03	-1.0645e+03	-1.7386e+02	9.9215e+01	-5.0757e+02	8.1244e+02	1.8085e+03	-5.8167e+02	-9.1718e+01	1.4148e+03	2.1802e+03	2.7192e+03	-3.5911e+01	4.3180e+02	-1.7938e+03	1.8389e+03	3.4053e+03	4.8101e+02	1.1535e+03	5.8758e+02	-1.3745e+03	-6.4135e+02	-3.0468e+03	1.2028e+03	-3.9190e+02
1.4000e+05	-2.3662e+02	2.1008e+02	5.7972e+02	-4.7841e+02	1.5243e+03	-1.7278e+02	-1.2822e+03	1.4374e+03	-1.5106e+02	1.7468e+03	8.4213e+02	-3.5090e+02	-6.9678e+02	-9.5320e+02	-9.3886e+02	-2.8685e+02	-4.1519e+02	-5.5171e+02	3.2000e+02	1.6007e+03	-1.3733e+03	7.3363e+02	1.5520e+03	-1.4071e+03	1.0501e+02	-1.4548e+03	-5.6728e+02	1.1809e+03	6.7796e+02	4.9876e+02	7.6019e+02	-2.7928e+01	-1.1290e+03	-3.4932e+01	-2.9862e+03	-8.5527e+02	6.1834e+02	-2.0645e+03	4.7908e+02	-1.3849e+02	1.8675e+03	-1.8402e+03	-3.7412e+02	5.8944e+02	7.7512e+02	1.9053e+03	3.4679e+02	-1.1077e+03	-2.4905e+01	1.5420e+03	7.6144e+02	3.3648e+01	-5.0715e+02	-9.1980e+02	1.4124e+03	1.2991e+02	-1.6955e+03	5.2575e+02	-1.2115e+03	-1.1899e+02	4.3170e+02	-1.4765e+03	-1.5298e+03	-8.9197e+02	5.4522e+02	8.1095e+01	1.0547e+03	-1.3348e+03	7.1744e+02	-7.3198e+02	-7.9636e+01	-3.5747e+02	7.7537e+02	4.9376e+02	1.7137e+03	-1.8463e+02	3.2139e+03	-1.1322e+03	-3.0594e+02	4.9126e+02	3.7834e+01	8.1898e+02	-1.4962e+03	1.0836e+03	-1.3701e+03	2.6881e+01	-6.5822e+02	6.6687e+02	1.1231e+02	4.1898e+02	1.3157e+03	4.0604e+02	-7.3255e+02	8.7910e+02	-1.7102e+03	-1.1216e+03	-1.4862e+03	-3.4510e+02	4.6189e+02	9.2158e+02	1.2368e+03	-2.6369e+02	-1.0197e+03	-1.1319e+03	3.8410e+02	-1.9164e+02	9.4614e+02	-4.2738e+02	9.3020e+02	-1.7113e+03	-6.7456e+01	1.6140e+02	-1.0038e+03	1.2127e+03	6.1970e+02	9.0912e+02	-1.1070e+03	1.3760e+03	-6.8209e+02	2.1590e+02	8.2310e+02	3.9834e+02	6.0713e+01	-3.2133e+02	-2.6301e+02	8.6486e+02	-1.0355e+03	8.2617e+02	5.6872e+02	6.5103e+02	5.0444e+02	1.3493e+03	4.8762e+02	4.6830e+02	-6.6325e+02	-5.3002e+02	-1.9557e+03	-1.3415e+03	5.5958e+02	4.0554e+02	-7.2457e+01	-3.8716e+02	7.0020e+02	9.1592e+01	6.5326e+01	-1.1528e+03	-1.0367e+03	-5.9831e+02	-7.5716e+02	-5.7870e+01	7.3424e+02	-1.5968e+03	-7.5598e+02	-2.1159e+03	-7.6173e+02	-9.5088e+02	-7.8369e+02	3.1598e+02	-1.4363e+03	1.2829e+03	-1.3255e+03	-1.3719e+03	9.1213e+02	1.1320e+03	7.7766e+02	1.9209e+02	6.7709e+02	-5.6090e+02	-9.8580e+02	7.9946e+02	-1.1523e+03	5.6875e+02	-8.8150e+02	-1.4365e+03	-1.5270e+03	-9.2952e+01	2.3159e+02	-7.9442e+02	-3.1079e+02	-7.1997e+02	-2.4673e+03	-1.4065e+03	-7.9745e+02	3.8037e+01	-1.5377e+03	2.2462e+03	-1.4063e+03	-7.0293e+02	-2.9914e+02	1.9283e+03	-3.3590e+02	-7.5058e+01	-1.1091e+03	-2.1293e+03	-2.1426e+02	-1.9946e+02	-3.8233e+01	-1.2444e+02	-1.3637e+03	-1.2672e+03
1.4000e+05	-1.9549e+03	2.8302e+03	-1.1873e+03	-3.1281e+03	-1.6131e+03	7.5907e+02	9.6165e+02	1.1714e+03	-1.0010e+03	7.6476e+01	2.7292e+03	-9.9241e+02	-6.5729e+02	3.3173e+03	1.1857e+03	3.9082e+02	-2.7145e+03	-1.1687e+03	-4.6986e+02	-2.5332e+03	1.4906e+03	4.3411e+02	-1.6562e+03	-6.3377e+02	-8.6627e+02	4.4014e+02	-4.0812e+02	-1.3913e+03	4.8807e+02	3.0005e+02	-1.4778e+03	2.8738e+03	-8.2139e+02	-8.0337e+02	2.5862e+03	-1.0280e+03	-1.7804e+03	-3.3676e+02	2.2181e+03	-2.4440e+03	-2.7355e+03	-1.4427e+03	1.8366e+03	-7.4271e+02	9.5641e+02	2.8279e+02	-2.8105e+02	-1.4471e+03	-2.7994e+03	1.2602e+03	-1.8027e+03	7.6710e+02	-2.1343e+03	1.1362e+03	-9.3106e+02	2.0815e+03	-2.7228e+02	-2.2293e+02	-2.8186e+03	2.6466e+03	-4.3621e+02	3.2435e+03	-2.0400e+03	3.8297e+03	6.1193e+02	1.7166e+03	-9.0112e+02	5.2982e+02	4.3442e+02	1.4504e+03	-1.4212e+03	1.5219e+03	-1.4911e+03	-1.5087e+03	2.8749e+02	9.9148e+02	-3.0693e+03	3.9793e+02	2.7113e+03	-1.4481e+03	6.2851e+02	-1.7220e+03	1.4631e+03	1.4393e+03	3.5578e+02	1.6936e+03	-2.0735e+02	-1.6636e+03	-1.5760e+03	-1.5040e+03	6.1996e+02	-9.4245e+02	1.4749e+03	-5.6658e+02	1.7498e+03	8.7579e+02	1.2361e+02	-1.3086e+03	3.3560e+02	-1.8841e+03	5.3181e+02	-1.0629e+03	-8.7270e+02	-1.5941e+03	-2.2125e+02	1.6589e+03	-1.7338e+03	4.4192e+03	-2.8384e+02	-1.0032e+03	8.9013e+02	-1.7875e+03	-6.0537e+02	-1.9625e+03	-9.1633e+02	9.1167e+01	1.5014e+03	1.1360e+03	-3.0884e+02	2.1473e+02	1.5880e+03	2.8382e+02	-1.6565e+03	1.1339e+03	1.3866e+03	1.3244e+03	-3.1196e+01	-2.8062e+02	8.1447e+02	4.8267e+02	-7.3603e+02	9.3193e+02	1.6130e+01	9.3785e+02	-3.1773e+03	6.1927e+02	1.0953e+03	-1.5000e+03	1.5767e+03	2.5887e+03	1.2986e+03	7.2146e+02	-2.2635e+03	-9.5661e+02	1.0100e+03	2.3203e+03	2.1937e+02	-1.0420e+03	-8.9568e+02	5.2357e+02	-8.6245e+02	-7.6891e+02	1.1840e+03	-1.0250e+03	-1.1535e+03	-3.9376e+02	2.8536e+02	-1.1970e+03	1.5930e+03	-1.4844e+03	3.8904e+02	2.9440e+02	4.2598e+02	4.8963e+02	-7.2145e+02	-4.0134e+02	-2.8767e+03	-2.6680e+03	9.7562e+02	1.0266e+03	-1.5369e+03	-1.5307e+03	-1.0472e+03	-2.5876e+03	-3.5011e+02	-2.1731e+03	-7.7346e+02	-3.8080e+02	-6.5581e+01	-1.4138e+03	4.1021e+02	2.5344e+03	-7.3770e+02	-5.2334e+02	1.1192e+03	1.3596e+03	3.6797e+03	-4.4606e+02	1.2150e+03	-1.5429e+03	6.0751e+02	3.3225e+03	8.0557e+02	1.0947e+03	1.5575e+03	-1.9940e+03	-1.6161e+03	-2.7112e+03	1.3240e+03	-8.7692e+02
1.6000e+05	1.6817e+00	-7.7513e+01	5.7064e+02	-3.4958e+02	1.3647e+03	-6.0160e+02	-6.4042e+02	1.6592e+03	-5.6156e+02	1.4346e+03	2.8747e+02	1.3051e+02	-3.0774e+02	-1.0552e+03	-9.9914e+02	-5.0706e+02	-7.9020e+02	-1.0487e+03	7.4206e+02	1.1431e+03	-1.0837e+03	6.0157e+02	1.6122e+03	-1.8289e+03	-5.7573e+01	-1.5901e+03	-1.6594e+02	4.8214e+02	1.3518e+03	6.5120e+01	8.2338e+02	-8.0785e+01	-1.4177e+03	-3.8909e+02	-3.3771e+03	-7.5420e+02	1.3615e+03	-2.1047e+03	8.0536e+02	2.5779e+02	1.7403e+03	-1.5040e+03	-1.0582e+03	-4.5610e+01	8.8275e+02	2.0325e+03	2.0520e+02	-1.1668e+03	2.7884e+01	1.0844e+03	2.5047e+02	-1.8338e+02	-7.1496e+02	-6.2683e+02	1.6019e+03	-1.0647e+02	-2.0736e+03	1.0136e+03	-1.1413e+03	-6.1418e+02	-4.5906e+01	-2.0777e+03	-2.2654e+03	-6.8722e+02	6.5299e+02	-5.0680e+02	1.4905e+03	-1.4740e+03	5.3962e+02	-3.4746e+02	-6.7673e+02	-4.9723e+02	8.9857e+02	5.2762e+02	2.0406e+03	-3.0325e+02	3.4098e+03	-1.3312e+03	1.3648e+02	-1.9553e+02	2.3475e+01	6.7903e+02	-1.4891e+03	1.1946e+03	-1.6346e+03	-2.5693e+02	-9.3612e+02	4.4334e+02	5.2405e+02	5.8000e+02	1.3040e+03	7.2787e+02	-1.2050e+03	6.8619e+02	-1.9327e+03	-1.0630e+03	-1.4680e+03	-8.3573e+02	1.2148e+02	9.9497e+02	1.0028e+03	-7.8379e+02	-1.2131e+03	-1.2967e+03	6.4370e+02	-7.3501e+02	1.0081e+03	-5.4848e+02	1.1899e+03	-1.8310e+03	2.6777e+02	-3.2603e+01	-3.0315e+02	1.4285e+03	4.0004e+02	9.3109e+02	-8.8583e+02	2.2013e+03	-1.9911e+02	-2.3000e+02	8.9581e+02	2.9475e+02	2.6579e+02	-8.0486e+02	-1.0130e+02	9.7535e+02	-1.0961e+03	3.5492e+02	9.1322e+02	4.7652e+02	7.4279e+02	1.3412e+03	4.6771e+02	7.5305e+02	-9.8548e+02	-8.0028e+02	-1.7930e+03	-1.6994e+03	8.8484e+02	7.8659e+02	2.4743e+02	-2.1025e+02	5.4048e+02	3.1445e+01	-8.1690e+01	-1.3370e+03	-1.5417e+03	-8.0543e+02	-3.9393e+02	4.7048e+02	5.9635e+02	-2.4891e+03	-9.8925e+02	-2.2724e+03	-1.5242e+02	-6.5504e+02	-6.3504e+02	4.5390e+02	-1.4509e+03	7.0065e+02	-8.0932e+02	-1.1321e+03	1.3899e+03	2.0382e+03	7.3047e+02	3.4823e+02	3.8155e+02	-5.2799e+02	-7.7287e+02	1.0363e+03	-1.5188e+03	7.5698e+02	-8.6987e+02	-1.1537e+03	-1.2501e+03	4.5013e+01	-1.2676e+02	-7.1108e+02	-2.8965e+01	-8.1792e+02	-2.5554e+03	-1.4545e+03	-1.5385e+03	-3.4404e+02	-1.5193e+03	1.9228e+03	-1.3867e+03	-1.4343e+03	-1.3433e+02	2.3633e+03	-2.1788e+02	4.5239e+02	-1.2944e+03	-1.2935e+03	-6.7063e+02	-3.3233e+02	9.8727e+02	-5.4246e+01	-7.7266e+02	-1.7787e+03
1.6000e+05	-2.3020e+03	3.1428e+03	-1.3712e+03	-2.7769e+03	-7.7584e+02	2.1037e+02	1.8054e+02	2.6664e+02	-1.4387e+03	-4.8476e+02	2.5954e+03	-1.1333e+03	2.6157e+01	5.6213e+03	7.9055e+02	4.3188e+02	-1.9810e+03	-2.6414e+03	2.6722e+02	-2.6141e+03	9.5812e+02	6.3532e+02	-1.6889e+03	-2.4369e+01	-8.5997e+02	-6.0234e+02	-1.1489e+02	-2.5650e+02	7.9325e+02	1.4856e+03	-1.7915e+03	3.7933e+03	-6.8048e+02	-4.1090e+02	3.2703e+03	-1.2479e+03	-2.2024e+03	-3.4358e+02	1.9235e+03	-2.5082e+03	-2.2875e+03	-1.4094e+03	1.8521e+03	-1.5253e+02	2.4691e+03	-1.5728e+02	-5.6035e+01	-1.1503e+03	-3.1645e+03	1.5684e+03	-1.1848e+03	1.0941e+03	-3.0855e+03	5.5701e+02	-1.3129e+03	2.2196e+03	2.1984e+02	7.8253e+02	-2.1097e+03	3.2521e+03	1.3715e+01	2.3733e+03	-1.9142e+03	4.2021e+03	1.4960e+03	1.6163e+03	2.3754e+02	7.0990e+02	6.8371e+02	2.0455e+03	-1.3672e+03	2.1787e+03	-1.7280e+03	-1.2030e+03	-1.5976e+02	1.6376e+03	-3.0614e+03	-1.7784e+02	3.1782e+03	-9.5987e+02	4.1686e+02	-1.1766e+03	1.6404e+03	1.2645e+03	2.1987e+02	1.2491e+03	-2.3867e+02	-2.0509e+03	-1.1849e+03	-2.5805e+03	1.2985e+03	-1.0358e+03	1.2622e+03	-4.6746e+02	1.5864e+03	4.9623e+02	5.3337e+02	-8.4599e+02	1.2322e+03	-2.2290e+03	3.5354e+02	-1.5817e+03	-1.0181e+03	-9.0707e+02	-1.3626e+02	5.4138e+02	-1.7301e+03	4.9448e+03	-4.0384e+02	-2.4045e+03	7.1283e+02	-1.5552e+03	-1.6051e+03	-2.0659e+03	-5.3279e+02	-7.6740e+01	1.6368e+03	1.9079e+03	6.8981e+01	1.3112e+02	1.6112e+03	1.2739e+03	-3.3200e+03	2.4731e+02	1.5387e+03	8.3419e+02	4.8871e+02	1.0555e+02	3.3042e+02	1.0913e+03	-9.0635e+02	1.1433e+03	-4.4834e+01	6.4479e+02	-2.9482e+03	-6.3568e+01	1.3657e+03	-9.7250e+02	1.0251e+03	2.0285e+03	1.7182e+03	1.8671e+03	-2.2262e+03	-8.6096e+02	5.0332e+01	2.2775e+03	-8.3253e+01	-1.3856e+03	-1.9098e+03	-5.7777e+02	2.0885e+01	1.8585e+02	1.7970e+03	-8.9064e+02	-1.2258e+03	-4.8695e+02	-3.3219e+02	-1.6372e+03	1.4454e+03	-2.3796e+03	1.2985e+03	-8.9683e+02	4.6130e+02	6.3050e+02	-9.8132e+02	2.8206e+02	-3.2224e+03	-2.1707e+03	1.0782e+03	1.9040e+03	-8.6801e+02	-8.3918e+02	-3.4863e+02	-2.0218e+03	-3.8662e+02	-2.5805e+03	-6.8020e+02	3.8479e+02	-1.1552e+02	-2.0396e+03	-1.4226e+02	2.8071e+03	-7.2647e+02	-1.3639e+03	1.4409e+03	2.3263e+03	3.2071e+03	-9.7984e+02	8.4306e+02	-1.1323e+03	7.6684e+02	3.5307e+03	1.2814e+03	1.1133e+03	8.4427e+02	-1.7110e+03	-2.0334e+03	-2.4705e+03	6.2826e+02	-7.9455e+02
1.8000e+05	-8.8884e+01	-1.8939e+02	3.5821e+02	-6.3455e+02	1.5172e+03	-7.0996e+02	-5.1100e+02	1.3692e+03	-5.5357e+02	1.2886e+03	1.5877e+02	-4.1498e+01	-2.4581e+01	-9.8486e+02	-7.3441e+02	-2.2928e+02	-5.4295e+02	-9.4951e+02	7.9801e+02	1.0607e+03	-8.6857e+02	1.4880e+03	1.4877e+03	-2.1668e+03	-4.5244e+02	-1.0865e+03	1.0039e+02	5.9317e+02	1.3995e+03	2.4735e+01	-3.3591e+02	-3.6907e+02	-1.6557e+03	-7.1878e+02	-3.5742e+03	-6.8932e+02	2.2142e+03	-2.1272e+03	1.1500e+03	5.8952e+01	1.4174e+03	-2.0025e+03	-8.7353e+02	-4.9047e+02	1.2754e+03	2.4459e+03	-8.4327e+01	-1.0410e+03	8.1112e+01	3.5890e+02	7.4334e+02	-8.8395e+02	-1.0834e+03	-7.0745e+02	1.4348e+03	-2.3042e+01	-1.9430e+03	7.6787e+02	-1.8326e+03	-6.0410e+02	-3.8912e+02	-2.6398e+03	-2.2764e+03	-4.0494e+02	7.7898e+02	-4.5869e+01	1.5391e+03	-1.7787e+03	1.7302e+02	-1.7916e+02	-4.1970e+02	-2.8322e+02	7.9921e+02	3.4680e+02	1.8452e+03	-1.4661e+02	3.4551e+03	-1.3526e+03	2.2989e+02	3.5088e+02	2.2637e+02	9.8233e+02	-2.1202e+03	1.0240e+03	-1.3932e+03	-9.5605e+02	-6.4090e+02	-6.0599e+01	6.4829e+02	1.2536e+02	1.4984e+03	7.6805e+02	-1.8270e+03	2.6497e+01	-1.9105e+03	-1.4968e+03	-1.4319e+03	-5.5061e+02	-6.5457e+00	1.0867e+03	9.0457e+02	-6.8578e+02	-7.3059e+02	-1.5182e+03	1.1965e+03	-7.3061e+02	1.2993e+03	-2.8527e+02	6.4401e+02	-2.1714e+03	2.9006e+02	-4.1926e+02	-4.9569e+02	9.9707e+02	4.0953e+02	7.5379e+02	-9.9038e+00	2.2377e+03	-5.4268e+02	-6.2414e+01	1.1344e+03	5.7167e+02	3.4490e+02	-6.9332e+02	-7.9188e+02	8.0509e+02	-1.1646e+03	3.2813e+02	3.8615e+02	1.8353e+02	5.9391e+02	9.3199e+02	7.0968e+02	6.1996e+02	-1.1740e+03	-3.9103e+02	-2.0235e+03	-1.1410e+03	1.0366e+03	5.5464e+01	-3.0878e+02	2.8000e+02	3.6523e+02	1.3483e+02	-1.5368e+02	-8.4262e+02	-1.8450e+03	-1.1646e+03	-6.6722e+02	7.6526e+02	7.9599e+02	-2.1368e+03	-1.2968e+03	-2.3782e+03	2.8886e+02	-5.0674e+02	-9.3552e+02	1.4638e+02	-1.4353e+03	5.5995e+02	-3.6454e+02	-1.3705e+03	1.8297e+03	1.9618e+03	9.9464e+02	4.7721e+02	6.7051e+02	-1.3360e+03	-9.8005e+02	1.2081e+03	-2.0286e+03	1.2822e+03	-7.2081e+02	-9.7912e+02	-1.6309e+03	5.6066e+02	3.0212e+02	-7.4164e+02	-3.8213e+02	-1.0109e+03	-2.5566e+03	-1.3236e+03	-1.6422e+03	3.5272e+02	-1.9141e+03	2.3535e+03	-1.3110e+03	-1.3732e+03	-7.5306e+02	2.5550e+03	-2.5088e+02	7.2348e+02	-1.6113e+03	-1.4962e+03	-4.7922e+02	-1.4391e+02	1.0324e+03	-2.2918e+02	-9.9020e+02	-2.1449e+03
1.8000e+05	-1.8041e+03	3.6014e+03	-1.7950e+03	-3.2858e+03	-1.3425e+03	5.5459e+02	-2.3631e+02	9.0718e+02	-1.7485e+03	-3.7439e+02	3.2107e+03	-6.8823e+02	-3.8147e+02	5.8336e+03	4.1289e+02	4.8480e+02	-2.5404e+03	-3.4635e+03	2.0268e+02	-2.5256e+03	5.9612e+02	3.0498e+02	-1.6775e+03	1.8843e+02	-7.8957e+02	-1.0960e+03	7.3075e+01	9.8902e+02	2.1806e+02	2.6378e+03	-2.6974e+03	3.8932e+03	-4.0410e+02	1.8096e+02	2.5063e+03	-7.2585e+02	-1.2260e+03	1.9926e+02	2.2334e+03	-2.3171e+03	-2.3164e+03	-2.1750e+03	1.3338e+03	-6.7919e+02	2.1271e+03	8.1739e+02	8.5133e+02	-1.0365e+03	-3.1278e+03	2.2059e+03	-7.4696e+02	6.5562e+02	-3.5743e+03	9.7981e+02	-2.2126e+03	2.9722e+03	2.8957e+02	3.5529e+02	-2.2904e+03	2.5154e+03	-4.5723e+02	3.0864e+03	-1.6910e+03	3.8733e+03	1.3890e+03	2.4136e+03	7.5182e+02	8.3472e+02	5.0344e+02	2.0756e+03	-1.0272e+03	1.7506e+03	-1.4902e+03	-6.0231e+02	5.6508e+02	1.2811e+03	-2.5342e+03	2.6546e+00	3.2379e+03	-1.7692e+03	-2.0118e+02	-9.5153e+02	2.4843e+03	1.6212e+03	-2.5063e+02	1.8436e+03	-5.3730e+02	-1.7601e+03	-1.3861e+03	-3.8063e+03	1.1600e+03	-9.5963e+02	2.4469e+03	4.9747e+02	9.9523e+02	5.8016e+02	8.5971e+02	-3.8889e+02	1.0796e+03	-2.6020e+03	-2.1386e+02	-2.1650e+03	-2.3096e+03	-1.0482e+03	2.0788e+02	9.5111e+01	-1.5593e+03	4.0162e+03	6.7767e+02	-2.2142e+03	9.9476e+02	-1.5396e+03	-2.8792e+03	-1.5931e+03	-1.0584e+03	-5.3271e+02	1.5729e+03	2.1344e+03	-1.4556e+02	-8.5546e+02	2.1603e+03	1.2177e+03	-2.5967e+03	-2.6482e+02	2.3986e+03	1.2706e+03	7.0484e+02	8.3463e+02	6.2730e+02	1.0580e+03	-1.7496e+03	1.2545e+03	-9.3603e+01	6.8333e+02	-2.2340e+03	5.4694e+02	1.1802e+03	3.2424e+01	2.3601e+02	1.5891e+03	1.3408e+03	1.5587e+03	-1.6422e+03	-1.3843e+02	5.1450e+02	2.6188e+03	-1.8210e+03	-2.2792e+03	-2.7354e+03	1.1520e+02	-4.0526e+02	7.5530e+02	1.9557e+03	-1.0942e+03	-1.6394e+03	4.9124e+02	-7.3962e+02	-1.5012e+03	5.5436e+02	-1.9212e+03	-5.8085e+02	-1.8986e+03	1.7999e+03	-3.8203e+02	-1.6706e+02	4.0936e+02	-3.3068e+03	-2.4475e+03	5.7250e+02	1.5334e+03	-5.6071e+02	-6.3388e+02	1.0632e+03	-1.3903e+03	-2.4219e+02	-2.7891e+03	-9.1714e+02	1.0704e+03	3.9992e+02	-2.7111e+03	4.3602e+02	2.3429e+03	-3.4016e+02	-7.2091e+02	3.0337e+01	2.5385e+03	2.1381e+03	-1.2182e+03	9.4381e+02	-7.6550e+02	-8.2949e+02	3.5672e+03	1.3978e+03	2.7993e+03	8.5725e+02	-2.1356e+03	-9.2203e+02	-1.4927e+03	1.2963e+03	-1.8156e+03
2.0000e+05	-2.1210e+02	2.5757e+02	3.6056e+01	-5.6984e+02	1.6216e+03	-4.1196e+02	-6.7383e+02	1.0896e+03	-7.0443e+02	1.3336e+03	4.3595e+02	1.3007e+02	-3.7962e+01	-1.2017e+03	-8.0116e+02	-3.4898e+02	-2.7291e+02	-7.3021e+02	8.2551e+02	1.0004e+03	-1.0308e+03	1.5510e+03	1.4221e+03	-2.0486e+03	-7.6737e+01	-7.9928e+02	1.8180e+02	7.9056e+02	1.7329e+03	-2.8639e+02	3.3198e+02	-4.6157e+02	-1.8012e+03	2.0117e+02	-3.0315e+03	-1.0074e+03	2.0741e+03	-1.7394e+03	1.4072e+03	5.7823e+02	1.9313e+03	-1.9862e+03	-7.7211e+02	-6.5653e+02	1.6062e+03	2.5924e+03	2.6398e+02	-3.3222e+02	-5.6963e+01	4.4342e+02	1.0979e+03	-9.5830e+02	-3.2526e+02	-6.4953e+02	1.1464e+03	1.3697e+02	-1.4077e+03	6.7563e+02	-1.8591e+03	1.6231e+02	-6.0174e+02	-2.1922e+03	-2.4888e+03	-1.9342e+02	1.3097e+03	-2.7878e+02	1.8920e+03	-1.6658e+03	3.1884e+02	-1.9601e+02	-4.1614e+02	-9.3196e+01	6.9976e+02	8.3121e+02	2.6764e+03	2.5730e+01	3.6091e+03	-1.3392e+03	6.1393e+02	1.3014e+03	4.8914e+02	1.0029e+03	-2.5768e+03	5.2434e+02	-1.7010e+03	-1.2143e+03	-7.9192e+01	2.5390e+02	4.7476e+02	-1.2978e+01	1.5153e+03	1.0964e+03	-2.0435e+03	-2.3028e+02	-1.9797e+03	-1.3608e+03	-9.5315e+02	-1.0515e+03	-4.5068e+02	9.7853e+02	1.1028e+03	-1.3206e+03	1.2668e+02	-1.4948e+03	6.7824e+02	-7.9689e+02	1.6234e+03	-4.6924e+02	6.8179e+02	-2.4162e+03	4.7967e+02	-3.3371e+02	-4.3534e+01	1.3532e+03	2.7811e+02	4.4141e+02	8.2389e+02	2.3798e+03	-3.7332e+02	1.7415e+02	1.0676e+03	5.7765e+02	6.1105e+02	-1.0028e+03	-2.9704e+01	1.1987e+03	-8.3261e+02	7.4417e+02	6.2951e+02	-1.6700e+02	5.2741e+02	9.6213e+02	1.2401e+03	9.2171e+02	-7.4606e+02	-6.0223e+02	-2.2436e+03	-5.4254e+02	1.2091e+03	-5.8142e+02	-7.8774e+02	1.3116e+02	-1.7255e+02	1.0769e+03	-7.0511e+02	-1.1749e+03	-1.4692e+03	-1.7869e+03	1.2665e+02	7.0876e+02	1.4663e+03	-2.2827e+03	-1.0354e+03	-1.7008e+03	3.5566e+02	-7.1402e+02	-1.3293e+03	4.8961e+01	-1.5132e+03	6.7208e+02	-5.4764e+02	-1.3274e+03	2.2414e+03	2.1779e+03	9.2637e+02	1.6135e+02	9.2387e+02	-2.0665e+03	-9.4443e+02	1.2612e+03	-1.7775e+03	1.0680e+03	-1.1953e+03	-1.1513e+03	-1.6050e+03	2.6801e+02	-7.0098e+01	-1.3783e+02	-6.2608e+02	-1.0743e+03	-2.1729e+03	-1.0080e+03	-2.0550e+03	5.6227e+02	-1.1863e+03	2.1539e+03	-1.0181e+03	-1.5547e+03	-6.8721e+02	2.2433e+03	6.0205e+01	2.5553e+02	-1.2256e+03	-8.5247e+02	-4.2707e+02	2.3882e+01	1.2059e+03	1.9937e+02	-7.8135e+02	-2.1738e+03
2.0000e+05	-1.3401e+03	4.1164e+03	-1.9660e+03	-3.7493e+03	-6.4720e+02	1.9301e+02	-4.5426e+02	9.5426e+02	-2.1761e+03	-1.7007e+02	3.1106e+03	-1.3713e+02	4.4779e+02	5.3087e+03	9.6292e+02	1.4336e+03	-2.7050e+03	-3.4828e+03	-4.2505e+02	-3.1550e+03	-2.7336e+02	-4.8400e+02	-1.5462e+03	4.9376e+01	-3.0520e+02	-7.9301e+02	-4.3192e+02	5.8549e+02	2.8116e+02	2.4102e+03	-2.7586e+03	4.0343e+03	-5.9882e+02	9.7258e+02	2.2827e+03	1.1955e+02	-1.1970e+03	6.5539e+02	1.8974e+03	-2.0471e+03	-2.5627e+03	-2.6496e+03	-6.2378e+01	-5.7020e+02	2.9747e+03	7.8515e+02	2.1732e+03	-6.9730e+02	-2.5892e+03	2.2416e+03	-1.5557e+03	6.3181e+02	-3.9541e+03	6.4522e+02	-2.7836e+03	3.2562e+03	1.1817e+02	-6.0087e+01	-2.2469e+03	2.6870e+03	-1.0012e+03	2.5062e+03	-1.7648e+03	3.9200e+03	1.6220e+03	1.5790e+03	1.3659e+03	1.6456e+03	4.7062e+02	2.6700e+03	-7.8902e+02	1.1878e+03	-1.1215e+03	-9.8651e+02	1.4428e+03	1.7309e+03	-1.7116e+03	-1.8266e+02	3.6473e+03	-2.3455e+03	-1.9320e+02	-6.2541e+02	2.1341e+03	8.7392e+02	4.0784e+02	2.1301e+03	-6.5857e+02	-6.1046e+01	-1.6916e+03	-2.8582e+03	7.1969e+02	-1.1254e+03	2.4759e+03	4.0971e+02	1.1904e+03	1.0094e+03	7.9914e+02	-3.5470e+02	4.5574e+02	-3.2055e+03	-4.4407e+02	-9.5950e+02	-2.0237e+03	-1.7285e+03	-2.3696e+02	-6.8971e+01	-1.4368e+03	4.2504e+03	1.6345e+03	-2.9204e+03	-3.1181e+02	-1.5021e+03	-3.2393e+03	-1.3089e+03	-4.2358e+02	-1.3737e+03	9.9159e+02	3.6256e+03	1.7171e+02	-1.5189e+03	1.9365e+03	1.4876e+03	-2.1268e+03	-1.5184e+02	1.5135e+03	4.7989e+02	7.6568e+01	-2.3760e+02	7.3423e+02	1.0395e+03	-9.1927e+02	1.9891e+03	-1.5493e+02	2.1624e+02	-1.8221e+03	4.2221e+01	1.2423e+03	9.7716e+02	-7.1878e+01	1.3924e+03	1.4677e+03	2.0316e+03	-1.8418e+03	-3.7658e+02	4.4955e+02	2.7170e+03	-2.3820e+03	-2.0681e+03	-3.1899e+03	9.6375e+02	-1.5631e+02	5.0241e+02	1.2698e+03	-4.8295e+02	-5.6401e+02	-2.0750e+02	-1.1163e+03	-1.1808e+03	-8.1532e+02	-1.8640e+03	3.6656e+02	-1.3841e+03	1.9098e+03	-2.0605e+03	-3.8185e+02	-2.2533e+02	-3.7851e+03	-2.3580e+03	9.9725e+02	1.1336e+03	-9.1152e+01	-8.2593e+02	5.6048e+02	-1.5046e+03	5.2783e+01	-2.0014e+03	-7.5181e+02	1.7167e+03	1.1222e+03	-3.1350e+03	8.5089e+02	2.3443e+03	-2.7062e+02	-1.3160e+03	3.5140e+02	2.1115e+03	3.3153e+03	-7.3933e+02	1.1115e+03	-2.0186e+03	-5.5441e+02	2.8757e+03	2.1562e+03	3.5997e+03	1.9337e+03	-1.3891e+03	-1.2631e+03	-7.4514e+02	8.4298e+02	-1.6750e+03
