2.0000e+05	7.3842e+04
2.0000e+05	7.3451e+04
2.0000e+05	7.4403e+04
2.0000e+05	7.5471e+04
2.0000e+05	7.6760e+04
2.0000e+05	7.8788e+04
2.0000e+05	8.0776e+04
2.0000e+05	8.2342e+04
2.0000e+05	8.5190e+04
2.0000e+05	8.7192e+04
2.0000e+05	9.0590e+04
2.0000e+05	9.4252e+04
2.0000e+05	9.7818e+04
2.0000e+05	1.0133e+05
2.0000e+05	1.0518e+05
2.0000e+05	1.0862e+05
2.0000e+05	1.1311e+05
2.0000e+05	1.1616e+05
2.0000e+05	1.2014e+05
2.0000e+05	1.2337e+05
2.0000e+05	1.2622e+05
2.0000e+05	1.2903e+05
2.0000e+05	1.3222e+05
2.0000e+05	1.3625e+05
2.0000e+05	1.3400e+05
2.0000e+05	1.2880e+05
2.0000e+05	1.2659e+05
2.0000e+05	1.2718e+05
2.0000e+05	1.2858e+05
2.0000e+05	1.3070e+05
2.0000e+05	1.3093e+05
2.0000e+05	1.3036e+05
2.0000e+05	1.3020e+05
2.0000e+05	1.2886e+05
2.0000e+05	1.2862e+05
2.0000e+05	1.2863e+05
2.0000e+05	1.2908e+05
2.0000e+05	1.2935e+05
2.0000e+05	1.2906e+05
2.0000e+05	1.2863e+05
2.0000e+05	1.2932e+05
2.0000e+05	1.2796e+05
2.0000e+05	1.2823e+05
2.0000e+05	1.2800e+05
2.0000e+05	1.2820e+05
2.0000e+05	1.2705e+05
2.0000e+05	1.2740e+05
2.0000e+05	1.2764e+05
2.0000e+05	1.2731e+05
2.0000e+05	1.2720e+05
2.0000e+05	1.2600e+05
2.0000e+05	1.2554e+05
2.0000e+05	1.2584e+05
2.0000e+05	1.2553e+05
2.0000e+05	1.2588e+05
2.0000e+05	1.2485e+05
2.0000e+05	1.2552e+05
2.0000e+05	1.2363e+05
2.0000e+05	1.2417e+05
2.0000e+05	1.2326e+05
2.0000e+05	1.2294e+05
2.0000e+05	1.2338e+05
2.0000e+05	1.2264e+05
2.0000e+05	1.2166e+05
2.0000e+05	1.2229e+05
2.0000e+05	1.2094e+05
2.0000e+05	1.2041e+05
2.0000e+05	1.2054e+05
2.0000e+05	1.1972e+05
2.0000e+05	1.1979e+05
2.0000e+05	1.1944e+05
2.0000e+05	1.1860e+05
2.0000e+05	1.1854e+05
2.0000e+05	1.1818e+05
2.0000e+05	1.1724e+05
2.0000e+05	1.1624e+05
2.0000e+05	1.1616e+05
2.0000e+05	1.1552e+05
2.0000e+05	1.1560e+05
2.0000e+05	1.1527e+05
2.0000e+05	1.1490e+05
2.0000e+05	1.1376e+05
2.0000e+05	1.1362e+05
2.0000e+05	1.1290e+05
2.0000e+05	1.1231e+05
2.0000e+05	1.1130e+05
2.0000e+05	1.1114e+05
2.0000e+05	1.1072e+05
2.0000e+05	1.1048e+05
2.0000e+05	1.0976e+05
2.0000e+05	1.0892e+05
2.0000e+05	1.0902e+05
2.0000e+05	1.0820e+05
2.0000e+05	1.0748e+05
2.0000e+05	1.0717e+05
2.0000e+05	1.0621e+05
2.0000e+05	1.0592e+05
2.0000e+05	1.0605e+05
2.0000e+05	1.0554e+05
2.0000e+05	1.0395e+05
2.0000e+05	1.0365e+05
2.0000e+05	1.0338e+05
2.0000e+05	1.0287e+05
2.0000e+05	1.0225e+05
2.0000e+05	1.0150e+05
2.0000e+05	1.0137e+05
2.0000e+05	1.0099e+05
2.0000e+05	9.9997e+04
2.0000e+05	9.9936e+04
2.0000e+05	9.9590e+04
2.0000e+05	9.8700e+04
2.0000e+05	9.8199e+04
2.0000e+05	9.7818e+04
2.0000e+05	9.7242e+04
2.0000e+05	9.6594e+04
2.0000e+05	9.6201e+04
2.0000e+05	9.6414e+04
2.0000e+05	9.5466e+04
2.0000e+05	9.5245e+04
2.0000e+05	9.3795e+04
2.0000e+05	9.3628e+04
2.0000e+05	9.3294e+04
2.0000e+05	9.2867e+04
2.0000e+05	9.1750e+04
2.0000e+05	9.2139e+04
2.0000e+05	9.1601e+04
2.0000e+05	9.0994e+04
2.0000e+05	9.1106e+04
2.0000e+05	9.0623e+04
2.0000e+05	8.9415e+04
2.0000e+05	9.0082e+04
2.0000e+05	8.8748e+04
2.0000e+05	8.8687e+04
2.0000e+05	8.8404e+04
2.0000e+05	8.7526e+04
2.0000e+05	8.7662e+04
2.0000e+05	8.6704e+04
2.0000e+05	8.6726e+04
2.0000e+05	8.5423e+04
2.0000e+05	8.6249e+04
2.0000e+05	8.5387e+04
2.0000e+05	8.5050e+04
2.0000e+05	8.4588e+04
2.0000e+05	8.4473e+04
2.0000e+05	8.3846e+04
2.0000e+05	8.4110e+04
2.0000e+05	8.2793e+04
2.0000e+05	8.2754e+04
2.0000e+05	8.2502e+04
2.0000e+05	8.2354e+04
2.0000e+05	8.1584e+04
2.0000e+05	8.1722e+04
2.0000e+05	8.1640e+04
2.0000e+05	8.1191e+04
2.0000e+05	8.0780e+04
2.0000e+05	8.0593e+04
2.0000e+05	8.0413e+04
2.0000e+05	7.9365e+04
2.0000e+05	7.9838e+04
2.0000e+05	7.9097e+04
2.0000e+05	7.9149e+04
2.0000e+05	7.9089e+04
2.0000e+05	7.8662e+04
2.0000e+05	7.8084e+04
2.0000e+05	7.8484e+04
2.0000e+05	7.7757e+04
2.0000e+05	7.7296e+04
2.0000e+05	7.7397e+04
2.0000e+05	7.7056e+04
2.0000e+05	7.6969e+04
2.0000e+05	7.6931e+04
2.0000e+05	7.6711e+04
2.0000e+05	7.6397e+04
2.0000e+05	7.6445e+04
2.0000e+05	7.6221e+04
2.0000e+05	7.5872e+04
2.0000e+05	7.5386e+04
2.0000e+05	7.5485e+04
2.0000e+05	7.5345e+04
2.0000e+05	7.5058e+04
2.0000e+05	7.5193e+04
2.0000e+05	7.4723e+04
2.0000e+05	7.5338e+04
2.0000e+05	7.5321e+04
2.0000e+05	7.4934e+04
2.0000e+05	7.4245e+04
2.0000e+05	7.4489e+04
2.0000e+05	7.4681e+04
2.0000e+05	7.3981e+04
2.0000e+05	7.4069e+04
2.0000e+05	7.4131e+04
2.0000e+05	7.3975e+04
2.0000e+05	7.3794e+04
2.0000e+05	7.4275e+04
2.0000e+05	7.4175e+04
2.0000e+05	7.3718e+04
2.0000e+05	7.4024e+04
2.0000e+05	7.3839e+04
2.0000e+05	7.4281e+04
2.0000e+05	7.3032e+04
