2.0000e+04	4.6830e+01	5.3056e+02	-6.2876e+01	1.3759e+02	1.9264e+02	-3.4763e+02	7.2318e+02	2.0000e+02	-5.7448e+02	-1.8634e+02	3.2620e+02	2.3885e+02	-3.2626e+02	1.1151e+02	-3.8180e+02	-3.9296e+02	-6.4782e+02	1.2268e+02	3.5365e+01	4.3188e+02	8.8364e+01	-1.4629e+02	-2.3282e+02	-7.8866e+02	-1.6928e+01	2.1740e+01	3.5447e+02	-2.7807e+02	-4.0582e+02	2.8264e+02	-5.1019e+02	9.3315e+02	-6.3731e+02	1.6735e+02	3.5138e+01	8.1271e+02	3.2067e+02	5.6087e+02	2.3559e+02	-8.8600e+01	-3.5645e+02	-2.3628e+02	-3.5495e+02	-5.6343e+02	9.0990e+01	-4.7208e+02	-3.8801e+01	5.1265e+02	2.1160e+02	-2.0053e+01	-5.0292e+02	-4.8544e+02	7.2606e+01	2.0014e+01	6.5955e+02	1.4084e+02	-5.8078e+02	-4.4557e+02	-8.1196e+02	-7.5926e+02	-5.8661e+02	-2.3945e+02	-1.5109e+02	-2.1328e+02	6.1877e+02	-2.1246e+02	-1.8777e+01	5.3771e+01	-1.1858e+02	1.5826e+02	6.0050e+02	-3.5193e+02	1.7827e+02	1.5441e+02	2.6386e+02	-4.7207e+02	-9.1389e+01	-3.9570e+02	-1.8537e+02	3.7292e+02	4.1315e+02	-7.8613e+01	-1.4153e+02	-2.6933e+02	5.4087e+02	-9.7488e+00	-3.1922e+02	-2.5641e+02	-5.6387e+02	2.8639e+01	-1.0556e+02	-3.4169e+02	-3.8925e+02	-4.2404e+02	-2.8457e+02	6.2463e+01	3.7208e+02	2.9768e+02	-6.5247e+01	-7.7543e+01	-7.4369e+02	-6.0307e+01	3.0551e+02	-1.1612e+02	-5.7393e+02	-4.4440e+02	-3.6738e+01	-4.5986e+01	-3.6876e+01	6.1120e+02	-2.3320e+02	2.7370e+02	-6.4993e+02	1.4677e+02	-3.0151e+01	-2.8107e+02	4.0203e+02	-2.0578e+02	1.3538e+02	-3.3571e+02	4.6865e+02	-4.8542e+01	1.6662e+02	-8.4052e+01	2.1706e+02	2.9853e+01	4.8373e+02	-1.7064e+02	1.4297e+02	4.1186e+02	4.1522e+02	-1.4162e+02	1.6601e+01	4.4130e+02	8.2516e+01	-2.7025e+02	1.4803e+02	2.1714e+02	8.5633e+01	-1.1750e+02	-4.0051e+02	-1.9964e+02	-3.2319e+02	-1.3251e+02	-6.9505e+02	-4.7351e+02	2.9661e+02	1.2044e+02	2.5031e+02	2.5003e+02	-3.1447e+02	3.4746e+02	-3.5098e+02	-9.2307e+01	-3.9972e+00	-5.1319e+02	-3.6081e+01	4.0670e+02	-5.3929e+02	-3.0080e+00	1.4959e+02	2.3467e+01	9.4202e+01	-1.7530e+02	-1.8169e+02	-3.6198e+02	-7.4018e+02	3.7926e+01	-6.9588e+01	1.0740e+02	8.2370e+01	8.9073e+01	1.0886e+02	4.9057e+02	-1.4852e+01	1.8156e+02	-5.2029e+02	3.8381e+01	-5.5066e+02	5.7853e+02	-2.9637e+01	-4.3300e+02	-2.5862e+02	6.4326e+01	-3.9724e+02	2.9942e+02	-2.9819e+02	2.4558e+01	4.5054e+02	-2.2498e+02	-2.7562e+02	-2.0432e+02	7.7106e+02	-4.4058e+02	1.8544e+02	-6.0184e+02	-5.7829e+02	-3.3933e+01	-7.5019e+02	4.7336e+01
2.0000e+04	2.3386e+02	6.6235e+02	-5.5260e+02	7.7513e+02	-7.7745e+01	7.2154e+01	4.3929e+02	-4.2518e+02	-1.6577e+02	-2.0515e+02	5.6659e+02	-3.7961e+02	-5.2122e+02	-6.4097e+02	-2.9019e+02	-2.0893e+02	-7.8512e+02	-8.0245e+01	5.5462e+02	-6.6933e+02	2.8514e+02	-8.1821e+02	1.0403e+03	2.6973e+02	8.9422e+02	-1.2295e+02	-7.9802e+01	2.0559e+02	-4.1669e+02	-4.4146e+02	-4.1715e+02	2.5491e+02	-5.6424e+02	7.8627e+01	1.8531e+03	-5.9974e+02	1.2476e+02	2.6960e+02	-1.2080e+03	-7.2873e+02	-1.1984e+03	-7.4142e+02	-8.6887e+01	4.4711e+02	-8.3195e+02	-4.7080e+02	-6.7252e+00	1.4157e+03	-4.6697e+02	4.1150e+02	2.9493e+02	-2.0620e+02	4.0485e+02	7.9224e+02	2.6829e+02	6.4070e+02	2.0016e+02	1.2439e+02	-2.8489e+02	4.8079e+02	-1.1670e+03	-2.2678e+02	-1.1411e+03	3.7334e+02	1.6242e+02	2.4847e+01	-7.2572e+02	1.4427e+02	-4.0416e+02	8.8918e+02	6.0423e+02	-4.4304e+02	2.1535e+02	-7.0823e+02	-4.0573e+01	-2.9689e+02	9.8777e+01	-7.1885e+02	5.4843e+02	-6.3870e+01	1.8910e+02	1.4836e+03	5.8353e+02	-7.1844e+02	1.8070e+02	-9.0089e+02	-4.8571e+02	-7.0581e+02	1.1896e+02	-6.8195e+02	2.3971e+02	-4.8134e+02	-6.3247e+02	5.8481e+02	-1.5026e+02	5.4350e+01	3.3549e+01	8.9474e+02	-2.4233e+02	4.9192e+02	6.8015e+02	2.9420e+02	-6.4950e+02	2.1938e+02	-4.6580e+01	-4.2021e+02	4.8891e+01	-9.5062e+02	-7.0796e+02	3.4558e+01	-7.9260e+02	-1.1242e+02	2.7622e+02	-5.2527e+02	-1.0310e+02	-1.9500e+02	-5.0966e+02	-2.7005e+02	4.3068e+02	-3.8748e+02	4.1879e+02	-1.9230e+02	-1.4931e+02	-7.4096e+02	1.4212e+02	-1.5656e+02	5.2546e+02	1.8868e+02	-2.2160e+02	4.7149e+02	-1.0394e+02	-7.5792e+02	-4.9857e+02	-7.5442e+02	-5.3861e+02	-4.4780e+01	-8.5274e+02	-9.6399e+01	-4.4784e+02	2.2896e+02	6.1054e+02	-4.2080e+02	-4.1685e+01	8.3174e+02	8.8766e+02	-8.5110e+02	-4.3018e+02	-1.0736e+03	3.3253e+02	5.1928e+02	-3.3118e+02	2.7964e+02	-2.3000e+03	2.8939e+02	1.7309e+02	2.8950e+02	-5.1780e+02	9.4703e+02	1.0506e+02	5.2584e+02	2.1989e+02	-5.7730e+01	1.0618e+01	-3.8261e+02	-8.1227e+02	1.1705e+03	8.0914e+01	-4.7477e+02	3.0875e+02	-4.0211e+02	-1.2250e+03	-1.9663e+02	6.4356e+02	3.0408e+02	1.0059e+02	-4.8216e+02	-3.5989e+02	-2.8399e+02	-1.7825e+01	-1.1142e+03	-1.4017e+02	-7.8037e+02	8.9217e+02	-4.9873e+02	9.3369e+01	-1.1418e+03	4.2329e+02	-6.7872e+02	9.6829e+02	-2.3210e+02	-1.0825e+02	-1.4635e+03	-2.8235e+02	-7.6467e+01	1.8231e+02	9.9611e+02	4.6242e+02	-7.8781e+02	-8.2153e+00	3.1656e+02
4.0000e+04	9.8187e+00	9.7840e+02	-2.7917e+02	7.1690e+00	2.6738e+01	6.3119e+01	9.7551e+02	4.0160e+02	7.3942e+01	3.9638e+01	-3.4815e+02	3.1920e+02	-4.1509e+02	1.2482e+02	-1.5460e+03	-1.1384e+03	-1.5361e+03	-2.6992e+02	1.0133e+02	9.1115e+02	-2.8443e+02	2.0867e+02	-4.0838e+02	-1.0437e+03	1.4155e+02	2.6941e+02	7.5602e+02	-9.3262e+02	-7.2035e+01	-2.3095e+01	-2.9298e+02	1.0535e+03	-9.4825e+02	6.5655e+02	4.0495e+02	2.1659e+02	3.2386e+02	1.2327e+03	5.6459e+02	3.4910e+02	-4.5483e+02	-1.2197e+03	-5.6254e+02	-2.2053e+02	4.8316e+02	-5.8517e+02	-4.7550e+02	1.0487e+02	4.8137e+01	3.6722e+02	-1.7578e+02	-6.8033e+02	-9.3581e+01	-6.6367e+02	4.7495e+02	3.3348e+02	-4.6174e+02	-2.2450e+02	-7.1732e+02	-4.3931e+02	-5.2304e+02	-3.6348e+02	-3.1010e+02	-9.5248e+01	7.6246e+02	-5.1036e+02	2.8167e+02	8.9500e+00	-1.8574e+02	8.6743e+02	9.0713e+02	-6.3762e+02	6.4043e+02	7.8351e+02	4.0237e+02	-7.9560e+02	-7.4326e+02	-5.0073e+02	-2.8995e+02	4.1588e+02	9.1209e+02	-3.5601e+02	-5.3122e+02	-2.6143e+02	3.9084e+02	-2.2219e+02	-8.9293e+02	-6.3105e+02	-1.0195e+03	1.2239e+02	-9.0309e+02	-2.0874e+02	-8.0120e+02	7.2015e+01	-5.0475e+02	-5.9540e+02	3.1849e+02	-3.1342e+02	1.9498e+02	-1.6962e+02	-1.3117e+02	-4.7990e+02	-7.9180e+01	7.3735e+02	-6.8741e+01	-1.1076e+03	-4.4678e+01	4.0088e+02	-5.3618e+01	6.3259e+01	-1.8814e+02	1.5344e+01	-4.1397e+02	8.3664e+02	-3.6074e-01	1.4139e+01	4.8881e+02	-4.8405e+02	3.5188e+02	-5.7198e+02	1.0591e+03	-1.7101e+02	-1.6042e+02	-7.9305e+02	3.0967e+02	5.2862e+02	-3.0086e+02	-2.2807e+02	-3.4469e+02	3.3723e+02	4.9371e+01	-4.3370e+01	3.5058e+02	2.6813e+02	5.5277e+02	1.1388e+02	7.6429e+02	-7.2493e+01	-1.6461e+02	6.4508e+02	-3.8446e+02	5.7081e+02	-4.4554e+02	-4.3897e+02	-1.1403e+03	-5.4750e+02	7.0140e+02	-2.6202e+02	6.1274e+02	-3.8969e+02	-3.6359e+02	5.3077e+02	-4.0142e+02	-2.4288e+02	5.3096e+02	-1.4999e+03	2.2491e+02	-9.7548e+01	3.8742e+01	8.1253e+01	-7.0124e+02	2.3193e+02	3.4613e+02	5.0800e+00	-1.6673e+02	-5.8956e+02	-5.0807e+02	-4.6878e+02	-5.9166e+01	-5.7757e+01	1.8518e+02	-1.4529e+01	-2.7004e+02	4.1244e+02	-2.3000e+01	5.0088e+02	-8.4238e+02	4.2576e+01	-1.0411e+03	6.7048e+02	-1.1407e+02	-5.7627e+02	9.5022e+01	7.0394e+02	-3.1873e+02	8.5652e+01	-7.5780e+01	9.2061e+01	5.4953e+02	-4.6713e+02	3.2764e+02	-2.7001e+02	1.0457e+03	-1.2578e+03	1.6601e+02	-5.8611e+02	3.9057e+02	3.1101e+02	6.5793e+01	2.0468e+02
4.0000e+04	-3.3190e+02	7.5445e+02	-2.6885e+02	1.2982e+03	-5.7566e+02	6.3042e+02	2.3331e+02	-7.6730e+02	-3.0858e+02	-1.9538e+02	9.3832e+02	-3.2386e+02	-1.0364e+03	-5.1359e+02	2.4729e+02	4.6650e+02	-4.9241e+02	-5.4049e+02	1.2193e+03	-4.4093e+02	8.5073e+02	-4.8654e+02	1.5687e+03	2.8256e+02	1.4739e+03	2.8986e+02	-6.1068e+02	-1.5876e+02	-2.8375e+01	-4.5093e+02	-3.7969e+02	6.2773e+01	-5.9491e+02	-7.5219e+00	9.1225e+02	-3.6324e+02	4.5493e+02	-1.0447e+02	-1.0289e+03	-3.8391e+02	-1.4042e+03	-3.3851e+02	-7.9940e+02	7.3558e+02	-1.8666e+00	2.2248e+02	-8.3709e+02	2.8555e+03	3.9638e+02	8.5268e+02	7.5274e+02	-1.3779e+03	5.1735e+01	1.0323e+03	1.1485e+03	1.0975e+03	-6.9903e+02	1.5553e+02	-1.4648e+03	-2.3382e+02	-5.4098e+02	-2.5276e+02	-1.4681e+03	9.9975e+02	-3.3638e+02	9.4995e+02	-8.5213e+02	9.8622e+02	1.9547e+02	7.6862e+02	1.8142e+03	-6.9510e+02	7.4789e+02	4.5027e+02	5.1487e+02	6.0161e+02	-4.3311e+02	-3.1855e+02	1.3190e+03	7.9161e+02	4.3119e+02	1.2831e+03	1.4303e+02	-8.5491e+01	9.8344e+01	-8.4910e+02	-2.3085e+01	-6.2433e+02	2.5531e+02	-4.3145e+02	8.4544e+02	-8.8403e+02	-4.3797e+02	8.0491e+02	5.9633e+02	3.4991e+02	8.4032e+02	1.8751e+03	2.5061e+01	6.9675e+02	1.4294e+02	1.0519e+03	-9.3536e+01	2.7568e+02	-5.3575e+02	-1.0347e+03	2.0079e+02	-1.5504e+03	-1.5889e+03	2.2723e+02	-2.2307e+02	-9.2777e+02	-3.0997e+02	-6.5130e+02	-3.3575e+02	3.2072e+02	-7.5048e+02	-1.0090e+03	-7.3593e+02	-2.6394e+02	4.6045e+02	-1.1231e+03	-1.0885e+03	-1.6332e+02	-6.7158e+00	-9.5669e+02	-2.0831e+02	2.6705e+02	-5.3265e+02	-1.5806e+02	-6.7726e+02	-1.0606e+02	1.0179e+03	-2.3418e+02	-7.5717e+02	2.7133e+02	-1.1578e+03	-9.4902e+02	1.5846e+02	6.8163e+02	7.5906e+02	3.5541e+01	-3.3940e+02	7.3527e+02	-9.5256e+01	-1.7826e+03	-4.1817e+02	-2.5278e+03	2.5224e+02	1.3153e+03	-1.0653e+03	1.0500e+03	-3.3807e+03	3.7379e+02	-5.5556e+02	4.9543e+02	-2.4770e+02	1.0988e+02	-2.2124e+02	7.2962e+02	-5.7319e+02	4.8060e+02	2.8720e+02	-2.1228e+02	-5.9754e+02	-2.1722e+02	3.5923e+02	-8.4129e+02	1.9852e+02	-4.9898e+02	9.0840e+01	4.5838e+02	5.3699e+02	-6.8938e+02	4.9676e+01	3.9287e+02	-1.1562e+02	-8.0222e+02	2.0844e+02	-8.8650e+02	-9.1322e+02	-1.3849e+03	9.7062e+02	-1.1960e+03	4.8561e+02	-1.1091e+03	7.8145e+02	-1.2917e+03	1.5258e+03	-8.3654e+02	-7.0203e+02	-5.3745e+02	-1.2120e+03	-1.0335e+03	9.5284e+02	1.0667e+03	-6.7893e+01	-1.5651e+03	-3.9002e+02	1.7291e+02
6.0000e+04	-2.0134e+02	1.1776e+03	3.5011e+02	-7.6649e+02	-3.3776e+02	2.6921e+02	1.1474e+03	1.1362e+03	1.7034e+02	1.1570e+02	-3.1525e+02	9.2416e+02	-7.4909e+02	4.8514e+02	-1.8574e+03	-8.5483e+02	-2.3450e+03	-8.5960e+02	-1.1925e+02	6.5276e+02	-7.5266e+02	-4.8365e+02	8.3717e+01	-9.1358e+02	1.8712e+02	2.3721e+02	2.7375e+02	-1.0483e+03	-1.4453e+02	6.2006e+01	-8.0657e+02	1.4282e+03	-5.7293e+02	1.0389e+03	3.7541e+02	4.1647e+02	-3.1483e+02	8.0592e+02	5.8372e+02	2.2482e+02	3.1367e+01	-4.6448e+02	-1.2178e+03	-7.2826e+02	7.4425e+02	-8.1619e+02	-8.8139e+02	4.5509e+02	1.3541e+02	7.6179e+02	-6.6512e+02	-1.0046e+03	-1.3931e+02	-6.7402e+02	1.0071e+03	5.9304e+02	-2.8868e+02	-7.2556e+02	-8.8706e+02	-5.5474e+01	-2.2608e+02	-5.3440e+02	5.1581e+02	-1.1895e+02	5.8206e+02	-4.3257e+02	7.7376e+02	-3.4704e+02	-2.0156e+02	5.2385e+02	1.0698e+03	-4.0667e+02	3.5022e+02	9.8737e+02	5.6969e+02	-1.0157e+03	-1.3318e+03	-1.0029e+03	-7.6945e+02	4.5643e+02	5.1082e+02	4.5623e+01	-1.4225e+03	-3.9454e+02	-3.1905e+01	-3.9865e+02	-7.0948e+02	-1.1401e+03	-1.3260e+03	-8.5339e+01	-7.3212e+02	-2.5399e+02	-5.1816e+02	-4.4549e+02	-1.4241e+03	-1.0714e+03	5.3156e+02	3.5545e+02	-3.6588e+02	-1.5569e+02	2.3399e+01	-4.9438e+02	-3.5570e+02	8.0638e+02	-1.2434e+02	-1.9603e+03	-1.1756e+02	8.4001e+02	-2.4886e+02	1.4377e+02	1.5620e+02	2.5441e+02	-7.7293e+02	8.2276e+02	-2.3856e+02	9.2462e+02	6.6788e+02	-1.7999e+02	6.4995e+02	-6.1570e+02	7.5163e+02	-2.2231e+02	-2.5899e+02	-9.5902e+02	6.7306e+02	7.4048e+02	-4.9565e+02	-7.8983e+02	-5.4553e+02	5.2930e+02	2.4831e+01	-8.4381e+02	7.0183e+02	9.9113e+01	8.7701e+02	3.7436e+02	8.0141e+02	3.3907e+01	-5.0268e+02	7.4008e+01	-8.6317e+01	3.3010e+02	-6.6090e+02	-5.8804e+02	-9.2756e+02	-7.7986e+02	1.2592e+03	-5.5999e+02	7.2496e+02	-7.7423e+02	-4.9082e+02	-3.9381e+02	1.8115e+01	-8.5203e+01	1.1435e+02	-1.6470e+03	-2.6899e+02	-2.5812e+02	4.4436e+02	4.5631e+02	-6.4427e+02	3.7458e+02	-2.4297e+01	-2.1125e+02	-7.1279e+02	-5.7385e+02	-1.3276e+02	-2.2608e+02	-1.2727e+02	-3.5172e+02	2.6334e+02	-9.6546e+02	1.7487e+02	-1.9114e+02	-6.8030e+01	4.3233e+02	-1.3830e+03	5.8576e+02	-9.9836e+02	7.5775e+02	-2.3024e+02	-7.9260e+02	4.6482e+02	5.3152e+02	-5.9853e+02	4.6668e+02	6.1535e+02	6.9458e-01	7.5984e+02	3.8066e+02	-4.3355e+02	1.3250e+02	8.9677e+02	-6.9708e+02	-1.4980e+02	-1.5975e+02	-7.2812e+02	7.0864e+02	2.9038e+02	4.3853e+02
6.0000e+04	-5.3814e+02	1.3275e+03	-2.7455e+02	8.0973e+02	7.0250e+02	1.0351e+03	4.1063e+02	-7.5479e+02	2.7521e+02	-5.8311e+02	6.8359e+02	-1.4313e+02	-1.0368e+03	-7.2860e+02	7.8625e+02	3.8836e+01	1.1522e+03	-1.1579e+03	1.6037e+03	-6.4019e+02	1.1528e+03	-9.7338e+02	2.1672e+03	1.6965e+03	2.0441e+03	2.7333e+02	2.9463e+02	3.2736e+02	9.0014e+02	-1.6766e+02	-9.5652e+02	-4.7680e+02	-4.3685e+02	5.7392e+01	8.7409e+02	-8.9383e+02	7.5887e+02	7.6584e+02	-3.0611e+02	-2.6160e+02	-6.9475e+02	1.1535e+03	-1.1137e+03	4.0426e+02	4.4460e+00	2.8505e+02	-7.1100e+02	2.1885e+03	9.7070e+02	1.3181e+03	2.7612e+02	-1.6586e+03	2.5153e+02	5.9712e+02	1.6469e+03	1.0967e+03	-3.5061e+02	4.5554e+02	-1.7840e+03	-2.6052e+00	-3.3831e+02	-4.5631e+02	-8.7101e+02	4.8506e+02	-3.1290e+02	1.3428e+03	-3.1244e+02	6.8067e+02	2.4490e+01	8.1100e+02	3.1118e+03	-9.5471e+02	3.0824e+02	-7.7644e+02	7.1138e+02	1.5772e+03	-3.6960e+02	-1.3330e+01	2.4522e+03	1.2426e+03	1.4305e+03	1.9211e+03	1.5683e+02	-4.2307e+02	7.6564e+02	-1.4548e+03	6.1020e+02	-3.8591e+02	6.9420e+02	-4.9089e+02	1.4984e+03	-5.8317e+02	-1.2131e+03	-1.1079e+02	1.1783e+03	1.1130e+03	3.4226e+02	2.2233e+03	6.1924e+02	-1.9230e+02	5.3562e+02	1.2675e+03	3.5513e+02	1.7991e+02	-5.9703e+02	-3.4391e+02	1.1395e+03	-1.2538e+03	-1.7964e+03	-3.5012e+02	2.1024e+02	-1.0484e+03	-1.2591e+03	-1.5070e+00	3.3600e+02	6.5924e+02	-1.6795e+03	-1.1133e+03	4.5047e+02	-3.8349e+02	9.4633e+02	-1.2453e+02	-1.3021e+02	4.4877e+02	-8.2353e+02	-1.8019e+03	1.1696e+03	1.4043e+03	-5.6991e+02	-8.5080e+02	-7.6699e+02	-3.8829e+02	9.3150e+02	-3.0431e+02	2.1575e+02	-1.6899e+02	-1.5193e+03	-2.4034e+03	1.9701e+02	8.0085e+02	1.2739e+03	-6.3739e+02	-2.6547e+02	2.0330e+02	1.1591e+02	-9.8827e+02	-2.8720e+02	-1.4552e+03	-9.0798e+00	2.3624e+02	-1.8240e+03	9.2821e+02	-3.2357e+03	-1.3155e+02	-1.5450e+02	8.2373e+02	1.6026e+02	-2.8406e+02	-5.8042e+02	1.3744e+03	2.6701e+02	6.6112e+02	8.1936e+02	-6.8752e+02	-5.1968e+02	2.5806e+02	1.3537e+03	-7.7751e+02	1.4500e+02	-2.4953e+02	4.1910e+02	5.7743e+02	1.5009e+03	3.2029e+02	-3.7868e+02	-2.1615e+02	8.2943e+02	-1.0859e+03	7.8268e+02	-7.9099e+02	-3.8849e+02	-1.4834e+03	1.3786e+03	-6.2760e+02	1.8014e+02	-1.3834e+03	8.1141e+02	-1.8315e+03	1.8409e+03	-1.0914e+03	-9.5000e+02	-6.8973e+02	-6.1223e+02	-5.5996e+02	9.8766e+02	1.8900e+03	-2.4782e+02	-1.0872e+03	-5.0170e+02	6.9227e+02
8.0000e+04	-4.6630e+02	1.2183e+03	3.5293e+02	-1.9138e+02	1.6395e+02	-2.3273e+02	1.1517e+03	1.3066e+03	5.2941e+02	3.8932e+02	-8.5741e+01	1.0899e+03	-1.2136e+03	1.0773e+03	-1.8091e+03	-6.6542e+02	-2.1949e+03	-7.9861e+02	-2.7974e+02	-2.9643e+02	-8.4476e+02	-1.2883e+02	-3.6388e+02	-1.0691e+03	2.1400e+02	-6.5080e+02	1.9474e+02	-1.5668e+03	-8.5954e+02	8.2125e+02	-1.3615e+03	9.4691e+02	-6.5263e+02	6.8947e+02	6.6150e+02	9.5320e+02	-4.1662e+02	6.3823e+02	7.3274e+02	3.2638e+02	-1.8631e+02	-7.6658e+02	-1.2363e+03	-2.1710e+02	4.8490e+02	-6.8220e+02	-8.6588e+02	3.7506e+02	3.2389e+02	3.2933e+01	-8.0302e+02	-6.3757e+02	-5.9722e+02	-1.1229e+03	1.3976e+03	1.0030e+03	2.8718e+02	-1.0997e+03	-1.3850e+03	9.4314e+02	2.2736e+01	-2.0591e+02	-5.9375e+01	-3.8128e+02	3.2605e+02	2.2668e+02	5.6270e+02	-2.8618e+02	-1.6867e+02	-2.3421e+02	1.2034e+03	-8.5135e+02	3.3466e+02	1.1878e+03	7.9912e+02	-1.0711e+03	-1.6149e+03	-1.3733e+03	-1.8911e+03	7.6814e+02	3.9775e+02	2.0959e+02	-1.1687e+03	-6.3977e+02	2.3308e+02	-4.2158e+02	-6.7766e+02	-9.4996e+02	-1.3168e+03	3.3792e+02	-5.9135e+02	-1.2806e+02	-2.2552e+02	-3.3533e+02	-1.3906e+03	-9.6808e+02	5.0010e+02	-1.1089e+02	-3.6425e+02	-6.1825e+02	6.8999e+02	2.2103e+01	4.7552e+01	8.8088e+02	-2.5292e+01	-2.1163e+03	9.0531e+01	1.5221e+02	-3.6400e+02	-4.3413e+02	5.0931e+02	9.5343e+02	-6.3917e+02	4.7783e+02	4.8017e+02	1.5238e+03	4.0933e+02	-8.3630e+01	7.6783e+02	-4.2639e+02	5.5113e+02	-4.0177e+02	-2.0203e+02	-5.8150e+02	1.5570e+02	5.9015e+02	-7.1976e+02	-2.9761e+02	-4.2582e+02	6.1920e+01	-1.4211e+01	-6.3531e+02	6.7267e+02	-1.0928e+02	1.1689e+03	-4.4459e+02	9.5900e+02	5.2727e+00	-4.7217e+02	-8.5701e+01	-7.4200e+01	-1.3272e+02	-3.0637e+02	-3.9335e+02	-1.0557e+03	-8.8420e+02	1.6440e+03	6.4604e+01	9.3905e+02	-1.4121e+03	-7.5864e+02	-4.1906e+02	-9.1804e+01	2.7396e+02	-9.9324e+00	-7.5256e+02	1.7616e+02	1.6454e+02	3.6007e+02	4.3119e+02	-7.9634e+02	9.4708e+02	-1.5765e+02	-1.1330e+02	-1.0109e+03	-5.7789e+02	-1.1282e+02	-5.5933e+02	-6.8134e+02	2.5806e+02	-2.1806e+02	-4.8161e+02	3.1365e+02	-8.2806e+02	4.8620e+02	5.4124e+02	-8.8342e+02	6.0586e+02	-7.8084e+02	8.3122e+02	-6.9020e+02	-1.2427e+03	3.0917e+02	1.0290e+03	-8.5316e+02	5.0054e+02	1.8338e+02	-3.8079e+02	9.2723e+02	5.4165e+02	-1.1635e+03	2.5357e+02	7.7737e+02	-4.2044e+02	-4.5895e+02	-4.5902e+02	-1.3656e+03	9.9184e+02	9.7089e+02	3.1787e+01
8.0000e+04	-1.0353e+03	1.7476e+03	-7.6553e+02	2.5924e+02	9.1013e+02	1.8312e+03	-3.1653e+02	-2.6603e+02	-3.9243e+02	-7.6871e+02	4.2724e+02	1.6643e+01	-9.8244e+02	1.0120e+02	4.8537e+02	9.7977e+02	1.6430e+03	-1.1418e+03	3.5433e+02	-1.6990e+03	1.4851e+03	-1.0210e+03	1.5521e+03	2.5737e+03	1.0535e+03	-1.2615e+03	8.7169e+02	3.8089e+02	6.2782e+02	1.9594e+02	-8.7269e+02	-4.9063e+02	-6.4388e+02	8.6707e+02	-3.9559e+01	-5.4323e+02	1.7271e+03	7.8323e+02	6.8483e+01	1.8959e+02	-4.5539e+02	1.2658e+03	-7.4216e+02	-2.9661e+02	-2.1913e+02	2.0040e+03	-1.1511e+03	2.0339e+03	7.6087e+02	1.1742e+03	3.1672e+02	-1.3502e+03	-5.5529e+02	1.9645e+03	2.4844e+03	1.7609e+03	3.6130e+02	6.7851e+02	-2.0472e+03	-5.8841e+02	-4.8057e+02	-1.1785e+03	-3.5898e+02	3.3609e+02	-2.8170e+02	1.2919e+03	-1.8690e+02	1.2330e+03	9.4794e+02	8.4796e+02	3.2272e+03	-5.4208e+02	1.0892e+02	-1.1534e+03	8.4269e+02	1.9603e+03	-1.2045e+03	1.1977e+03	3.4680e+03	1.9968e+03	8.7670e+02	1.8779e+03	-6.3629e+01	-7.8004e+02	9.7617e+02	-1.6805e+03	5.9733e+02	1.7854e+02	6.3690e+02	-2.9920e+02	1.0747e+03	-1.2724e+02	-1.7423e+03	-4.4261e+02	9.7106e+02	1.3817e+03	3.4247e+02	2.5570e+03	9.0202e+02	-2.3306e+02	1.5472e+03	1.3682e+03	4.8148e+02	2.0804e+03	-5.8723e+02	-1.0953e+03	9.8104e+02	-1.2684e+03	-2.8733e+03	2.0124e+02	-5.6212e+01	-1.3652e+03	-1.9973e+03	9.7442e+01	1.1682e+03	2.9599e+02	-9.7584e+02	-2.0341e+03	1.6735e+02	3.1243e+02	8.9444e+02	-4.8028e+02	8.0007e+02	-2.5051e+01	-1.6595e+03	-1.0585e+03	9.6157e+02	5.4355e+02	-9.9024e+02	-1.3415e+03	-1.0039e+03	-6.4058e+02	-6.6615e+02	-8.1254e+00	-1.2830e+03	-1.6565e+02	-1.7964e+03	-2.9890e+03	8.2920e+02	4.9555e+02	8.6194e+02	-1.1491e+03	1.4506e+02	5.8952e+02	-2.6176e+02	-1.1635e+03	-6.9430e+02	-6.6388e+02	4.6731e+02	3.1059e+02	-5.6051e+02	-2.5063e+02	-2.8603e+03	-1.2518e+02	-1.6222e+02	7.3268e+02	6.0945e+02	1.3049e+02	-4.6499e+02	1.3676e+03	2.7802e+02	6.4649e+02	5.1872e+02	-1.1790e+03	-1.0238e+03	6.7364e+02	1.4961e+03	-4.3164e+02	5.4032e+02	-2.7516e+02	1.6807e+03	1.0940e+03	1.2479e+03	5.1543e+02	-7.3524e+02	-9.5991e+02	9.8888e+02	-2.1697e+03	2.7337e+02	-9.5695e+02	3.2528e+02	-1.7884e+03	1.6345e+03	6.9945e+01	4.3708e+02	-7.0798e+02	9.1247e+02	-1.1379e+03	2.0975e+03	-1.6117e+03	4.9827e+02	-9.9812e+02	-4.1160e+01	-3.4488e+02	1.0237e+03	1.0870e+03	-5.7349e+02	-4.1561e+02	-6.8519e+02	4.7673e+02
1.0000e+05	-4.8176e+02	6.3601e+02	1.0417e+03	3.1166e+02	5.1383e+02	-6.9522e+02	3.8711e+02	1.5302e+03	3.6042e+02	2.9583e+02	-5.6775e+02	4.0843e+02	-1.0294e+03	1.1798e+03	-1.6222e+03	-7.4748e+02	-1.2858e+03	-8.9739e+02	-3.5565e+02	-1.7837e+02	-9.7022e+02	-1.1326e+03	-9.2247e+01	-6.2667e+02	-4.7748e+02	-9.7268e+02	3.8886e+02	-1.5043e+03	-7.5947e+02	6.4600e+02	-1.5899e+03	1.1235e+03	-1.0748e+02	4.7718e+02	5.6059e+02	1.1592e+03	-5.8509e+02	-6.1558e+02	5.5867e+02	-3.3503e+02	-7.8267e+02	-5.3779e+02	-1.0175e+03	-1.0052e+02	-1.3594e+02	-3.4126e+02	-8.5627e+02	-9.9449e+01	7.9025e+02	2.1684e+02	-6.0613e+02	-5.4117e+02	-8.2049e+02	-1.2104e+03	1.9546e+03	1.2135e+02	-1.4390e+02	-1.6217e+03	-2.0137e+03	2.1467e+02	-4.3013e+02	1.6415e+00	-5.4742e+02	-3.5689e+02	-8.4490e+01	-1.3069e+02	4.0777e+02	-3.1285e+02	-3.8588e+02	-4.3149e+01	1.0735e+03	-4.8664e+02	9.2259e+02	8.7223e+02	7.9937e+02	-9.6188e+02	-1.8187e+03	-1.2872e+03	-2.3155e+03	9.4940e+02	1.3636e+02	3.8602e+02	-9.0291e+02	-1.0894e+03	8.0041e+02	-8.9386e+02	-5.5152e+02	-1.3563e+03	-5.5010e+02	-1.1677e+02	-8.8447e+02	-1.8987e+02	-3.6317e+02	-2.5511e+02	-8.1768e+02	-9.4560e+02	5.9888e+02	-5.8137e+02	7.5892e+01	-1.5042e+02	1.4449e+03	-5.0268e+02	5.8440e+02	1.0322e+03	2.7368e+02	-2.6497e+03	-3.1012e+02	-5.7745e+02	-1.1175e+03	-1.2951e+03	4.4533e+02	8.0648e+02	-9.3314e+02	6.7505e+02	6.3803e+02	9.9776e+02	1.0646e+02	-1.0855e+02	9.0003e+01	-4.6554e+01	3.5794e+02	-7.2299e+02	3.2191e+02	-4.7145e+02	4.4388e+02	8.8912e+02	-1.5089e+03	-6.9729e+02	2.0589e+01	4.6868e+02	-3.2225e+02	-2.6430e+02	1.1453e+03	-3.1476e+02	1.1497e+03	-4.4487e+02	9.3741e+02	-4.1331e+02	2.7675e+01	-5.4713e+02	1.9656e+02	-3.9609e+02	3.1747e+02	7.3911e+01	-5.9452e+02	-1.0878e+03	2.1120e+03	-8.0751e+01	8.0125e+02	-1.4159e+03	-8.1594e+02	-1.3697e+03	-5.5412e+02	7.1062e+02	5.1440e+02	-5.7026e+02	3.8847e+02	9.6229e+02	4.1663e+02	8.6621e+01	-1.1130e+03	1.5716e+03	8.0526e+01	1.0816e+02	-4.2058e+02	-5.8187e+02	-5.3474e+02	-4.1075e+02	-4.4398e+02	4.3185e+02	-5.4537e-01	-2.9774e+02	6.4011e+02	-7.1910e+02	3.3406e+02	1.0086e+03	-1.0451e+03	9.5669e+02	-7.6607e+02	6.1088e+02	-5.3509e+02	-1.5408e+03	5.0062e+02	8.2492e+02	-7.0158e+02	2.9862e+02	5.6252e+02	-3.2308e+02	1.0219e+03	2.8216e+02	-1.3745e+03	2.4760e+01	1.0997e+03	1.2290e+02	-4.5041e+02	-1.1547e+02	-1.1639e+03	6.4765e+02	1.0019e+03	6.1789e+01
1.0000e+05	-1.9399e+03	1.2262e+03	-1.8331e+03	4.2748e+02	9.6060e+02	2.2498e+03	-3.1521e+02	2.2434e+02	8.3975e+01	-9.1613e+02	5.0716e+02	-7.9119e+02	-1.9840e+03	-1.2738e+03	3.3277e+02	1.0503e+03	1.2420e+03	-1.6596e+03	6.6074e+02	-1.6633e+03	1.2683e+03	-7.5558e+02	1.9130e+03	2.6080e+03	-1.3768e+02	-8.2856e+02	4.6637e+02	1.3279e+02	-1.0760e+03	5.2009e+02	-5.3584e+02	-4.1041e+02	-2.7738e+02	1.4682e+03	-8.9940e+01	-4.5429e+02	1.7187e+03	4.7952e+02	-1.2380e+03	-2.8039e+01	1.9517e+02	1.2984e+03	-8.0057e+02	2.5510e+02	-4.3612e+02	2.3386e+03	-8.7814e+02	1.3199e+03	1.0778e+03	9.0564e+02	-2.9022e+02	-1.6154e+03	-1.0603e+03	1.8638e+03	3.1072e+03	3.0803e+03	4.4215e+02	7.9212e+02	-2.0971e+03	-1.2242e+03	-2.9322e+02	-7.7639e+02	3.1903e+02	4.3494e+02	-3.8847e+01	1.0204e+03	-2.0863e+02	1.8451e+03	1.0166e+03	1.5851e+03	3.3402e+03	-8.0873e+02	1.4114e+02	-8.9234e+02	7.3602e+02	2.0488e+03	-1.0516e+03	1.1881e+03	2.2637e+03	2.2898e+03	1.2761e+03	1.4808e+03	1.1066e+02	-2.3664e+02	-1.5885e+02	-2.1157e+03	7.9052e+02	-3.6756e+02	6.8664e+02	-4.9503e+02	6.6984e+02	6.4884e+02	-1.5048e+03	-1.0777e+03	1.3286e+03	1.1910e+03	2.1318e+02	3.2491e+03	9.9070e+02	-1.6736e+02	2.3828e+03	2.3565e+03	8.4010e+02	2.6488e+03	-2.6202e+02	-1.0247e+03	1.6363e+03	-2.4409e+03	-3.0753e+03	1.6690e+01	-3.7207e+02	-2.0669e+03	-1.7890e+03	4.4819e+02	1.2989e+03	-1.4592e+02	-8.4480e+02	-2.6530e+03	2.3384e+01	2.8902e+02	9.5320e+02	-7.6685e+02	4.5204e+02	-1.9602e+03	-1.3506e+03	-1.3942e+03	4.3818e+01	-8.4126e+02	-2.1754e+03	-1.0609e+03	-1.2397e+03	1.0548e+03	-1.0135e+03	8.7896e+01	-1.7279e+03	-4.2505e+02	-1.5135e+03	-2.6738e+03	6.1878e+02	1.0475e+03	1.5138e+03	-1.0409e+03	1.1679e+02	6.0917e+02	-3.9679e+01	-2.2576e+03	-4.2531e+02	-9.5014e+02	-2.8506e+01	8.3754e+02	-1.0385e+03	-2.1259e+02	-2.2413e+03	-4.3494e+02	-7.8238e+02	1.3515e+03	8.0017e+02	3.4571e+02	-1.1165e+03	1.7155e+03	1.2124e+03	5.5065e+02	6.8635e+02	-1.5511e+03	-1.7321e+03	8.1968e+02	1.0773e+03	-4.7024e+02	3.5952e+02	-5.1677e+02	1.4050e+03	3.2772e+02	4.7043e+02	8.8833e+02	-2.1481e+03	-1.0222e+03	1.8843e+03	-2.2140e+03	-1.2762e+02	-1.5928e+03	6.4388e+02	-1.5073e+03	1.4850e+03	4.1100e+02	6.1100e+01	-8.5625e+02	1.6317e+03	-8.1979e+02	2.5562e+03	-1.8427e+03	4.0417e+02	-1.6214e+03	-3.2077e+02	-5.5459e+01	8.2088e+02	6.8657e+02	-2.4403e+02	-1.1550e+03	-1.0517e+03	2.5480e+00
1.2000e+05	-1.0962e+03	3.1248e+02	1.2289e+03	-1.2220e+02	-1.8678e+02	-2.1298e+02	5.0885e+01	1.5585e+03	5.6122e+02	2.0612e+02	-1.0653e+03	5.4505e+02	-1.7284e+03	1.0047e+03	-1.2122e+03	-4.3738e+02	-1.3279e+03	-1.0032e+03	-3.5339e+02	-6.7897e+02	-1.2794e+03	-7.9531e+02	-4.9845e+01	-8.9505e+02	-4.8684e+02	-3.3771e+02	4.3387e+02	-1.6985e+03	-2.7743e+02	8.5775e+02	-1.7793e+03	7.9212e+02	-6.0782e+02	5.5969e+02	5.3970e+02	8.2280e+02	-1.0510e+03	-2.8699e+02	1.0083e+03	-9.0821e+01	-1.1492e+03	-1.5325e+02	-8.6229e+02	-2.3790e+02	-3.3699e+02	-5.1900e+02	-4.7469e+02	3.2296e+02	8.8887e+02	1.2754e+02	-7.7872e+02	-4.2564e+02	-9.7495e+02	-1.5747e+03	1.7263e+03	5.6070e+02	1.3217e+02	-2.1089e+03	-1.9271e+03	-1.0305e+02	-3.7259e+02	-2.1780e+02	-1.0322e+03	-5.8122e+02	-1.9989e+02	-3.5241e+02	9.3897e+02	-2.4387e+02	1.7788e+02	-6.7169e+02	1.4050e+03	-5.1779e+02	6.4488e+02	1.0134e+03	1.2841e+03	-1.0410e+03	-1.3960e+03	-1.3888e+03	-2.5726e+03	1.2134e+03	6.6621e+02	4.3085e+02	-1.3067e+03	-8.8522e+02	1.3260e+03	-1.3210e+03	-1.9624e+02	-1.7302e+03	-9.5322e+02	4.9614e+02	-5.5683e+02	-7.2427e+01	-5.6160e+02	-8.4528e+02	-7.7842e+02	-1.0263e+03	6.5464e+02	-6.5353e+02	4.8440e+01	-3.6860e+02	2.1903e+03	-6.1392e+02	8.8896e+02	5.4354e+02	5.0378e+01	-2.5806e+03	-1.4219e+02	-5.5612e+02	-9.0612e+02	-1.7678e+03	9.0982e+02	1.2986e+03	-7.4677e+02	6.4325e+02	-4.1131e+02	9.1117e+02	5.4604e+00	3.9499e+01	-7.5250e+02	2.2584e+02	1.0817e+03	-8.5902e+02	3.2976e+01	-1.1060e+03	6.1850e+02	1.1170e+03	-1.9031e+03	-5.4756e+02	-7.1146e+01	4.3324e+02	-4.0645e+02	-5.0934e+02	3.7932e+02	6.6231e+02	1.4234e+03	-1.0617e+03	7.3003e+02	-2.9716e+02	1.9953e+02	-7.4511e+02	-5.3376e+02	-2.5951e+02	-6.5990e+01	7.6780e+02	-4.3846e+02	-1.9692e+03	2.3799e+03	2.1129e+02	7.1722e+02	-1.9984e+03	-4.7257e+02	-1.5786e+03	-1.5573e+01	6.0738e+02	1.0881e+03	-7.2139e+02	3.4227e+01	5.0279e+02	1.0712e+03	-7.2883e+01	-5.0960e+02	1.4291e+03	-5.2064e+02	4.4132e+02	-1.1396e+03	-1.6918e+02	-6.1087e+02	-1.8323e+02	-1.8528e+02	4.3959e+02	-4.4134e+02	-8.4463e+02	6.1605e+02	-7.1954e+02	-1.4275e+02	5.5372e+02	-1.3383e+03	1.1015e+03	-8.3771e+02	1.6908e+03	-3.9975e+02	-1.5938e+03	3.6700e+02	4.5359e+02	-7.8765e+02	4.3625e+02	3.3157e+02	2.2424e+02	1.1420e+03	2.5328e+02	-1.8247e+03	-1.0086e+02	1.1184e+03	5.2107e+02	-7.1018e+02	-3.9201e+02	-1.2368e+03	7.9533e+02	1.0900e+03	-4.1244e+02
1.2000e+05	-2.2249e+03	9.9969e+02	-2.4740e+03	-3.0973e+02	1.2790e+03	1.9195e+03	-2.6255e+02	-4.8878e+02	-9.8935e+02	-1.4562e+03	1.3292e+03	-1.3822e+03	-2.3044e+03	-1.9273e+03	1.2348e+03	1.3056e+03	1.1154e+02	-1.2664e+03	6.7129e+02	-1.0189e+03	9.7857e+02	-3.0766e+02	6.7681e+02	3.1341e+03	-5.6410e+01	-1.7906e+03	1.1443e+03	5.0299e+02	-1.2280e+03	-7.4618e+01	-1.0778e+03	-4.7201e+02	3.4352e+02	2.1495e+03	-1.4537e+03	-1.3102e+02	1.8004e+03	4.3714e+02	-8.1050e+02	-2.4500e+02	-3.0621e+02	7.4310e+02	-6.2250e+02	-5.6234e+02	-1.4575e+03	2.0567e+03	-9.6995e+02	1.9274e+03	7.2545e+02	2.9601e+02	-1.0108e+02	-2.2524e+03	-6.6436e+01	1.5215e+03	3.6415e+03	2.5749e+03	4.6969e+02	4.7153e+02	-1.4687e+03	-1.5679e+03	-1.0494e+03	-1.2363e+03	1.3945e+03	-8.4245e+02	1.3105e+02	1.0033e+03	-2.5804e+02	1.8833e+03	1.3708e+03	2.3600e+03	3.3451e+03	2.7494e+02	2.0082e+02	-9.3678e+02	2.7173e+02	2.4678e+03	-1.2973e+03	1.8082e+03	1.7378e+03	2.3276e+03	2.4996e+03	8.8679e+02	5.6995e+02	-9.2967e+02	1.2189e+02	-2.3477e+03	1.4405e+03	-1.2470e+03	6.4127e+02	-6.1573e+02	8.6559e+02	8.9285e+02	-1.7445e+03	-1.3087e+03	1.0131e+03	7.9303e+02	9.8124e+00	3.6482e+03	1.1990e+03	-4.9573e+02	2.9179e+03	2.7745e+03	-2.7327e+02	2.9257e+03	3.6234e+02	-7.1045e+02	1.1045e+03	-3.1520e+03	-3.0569e+03	-3.6129e+02	-1.0932e+03	-2.0822e+03	-2.4087e+03	-5.9441e+00	1.9507e+03	6.3224e+02	-7.1277e+02	-3.4121e+03	-2.5372e+02	1.5180e+03	1.1661e+03	-9.5540e+01	1.1548e+03	-2.5629e+03	-1.5011e+03	-1.3658e+03	5.4783e+01	-4.5619e+02	-1.9007e+03	2.2203e+01	-1.3160e+03	9.0220e+02	-1.6348e+03	3.3430e+02	-1.2911e+03	1.2517e+02	-2.0674e+03	-2.8312e+03	1.7918e+02	4.1467e+02	1.4489e+03	-2.1449e+03	3.0829e+02	1.4871e+03	-1.4721e+02	-2.5291e+03	-1.0467e+03	4.7261e+01	5.2390e+02	5.8827e+02	-5.4356e+02	-3.5423e+02	-2.9690e+03	4.0207e+01	2.0903e+02	1.8880e+03	7.1691e+02	-2.9720e+02	-1.6172e+03	1.8297e+03	6.0134e+02	4.5950e+02	1.0356e+03	-1.0812e+03	-1.1091e+03	6.8149e+02	1.1100e+03	-8.6234e+02	9.9300e+02	-1.9854e+02	1.2509e+03	-3.1551e+02	-4.1880e+01	9.5227e+02	-2.0176e+03	-1.3852e+03	2.1835e+03	-1.0109e+03	2.7370e+02	-1.3334e+03	8.9924e+02	-1.2040e+03	1.5455e+03	5.8241e+02	6.3889e+02	-6.1656e+02	3.4517e+03	-1.5015e+03	3.9396e+03	-1.7986e+03	1.5221e+03	-2.0933e+03	-9.6127e+02	-5.8465e+02	1.5461e+03	5.8263e+02	6.7303e+01	-1.2124e+03	-1.0934e+03	-7.5067e+02
1.4000e+05	-1.1998e+03	4.5096e+02	8.5202e+02	2.9576e+02	2.4823e+02	-3.4267e+02	9.0661e+01	1.8031e+03	1.2436e+03	6.2703e+02	-1.0622e+03	1.8923e+02	-1.6788e+03	1.1208e+03	-7.9508e+02	-3.8254e+02	-1.2967e+03	-1.2150e+03	7.5844e+02	-6.9351e+02	-1.7247e+03	-1.1583e+03	-6.9880e+02	-8.4302e+02	-4.6190e+02	-6.0236e+01	6.1272e+02	-1.6851e+03	-3.4112e+02	5.1784e+02	-1.4865e+03	6.6261e+02	-4.2629e+02	5.5065e+02	4.5251e+02	1.0611e+03	-9.9237e+02	-4.4903e+02	1.4746e+03	3.4201e+02	-6.5533e+02	-4.1105e+02	-4.3050e+02	-1.2229e+02	-1.7657e+02	2.4640e+02	-2.1469e+02	2.6828e+02	1.3759e+01	-3.7041e+02	-9.3645e+02	-4.2294e+02	-9.8965e+02	-2.3312e+03	2.1048e+03	4.1870e+02	8.6723e+02	-1.5905e+03	-1.3529e+03	1.7337e+02	-6.0348e+02	-3.3602e+02	-9.7967e+02	-8.1835e+02	-9.0478e+01	-3.2293e+02	1.0106e+03	-4.7886e+02	-3.6440e+02	-4.4236e+02	1.5237e+03	-3.8322e+02	4.6815e+01	8.4824e+02	8.4764e+02	-1.2293e+03	-1.1511e+03	-8.7878e+02	-2.2343e+03	7.1555e+02	4.0772e+02	8.6275e+02	-1.3209e+03	-5.2588e+02	1.6178e+03	-9.5255e+02	-6.3034e+02	-2.0222e+03	-5.0352e+02	9.1010e+02	-1.1469e+03	-1.7879e+02	-5.7361e+02	-8.8442e+02	-1.1485e+03	-1.5027e+03	4.7305e+02	-7.2547e+02	2.3237e+02	-6.3006e+02	1.8795e+03	-1.2850e+03	1.0362e+03	1.8398e+02	-3.9863e+02	-2.4050e+03	-4.6414e+02	-6.4496e+02	-1.0629e+03	-1.8890e+03	1.0462e+03	1.5098e+03	-1.2706e+03	1.0232e+03	-5.9918e+02	2.8025e+02	-2.0555e+02	3.2251e+02	-3.0297e+02	4.8033e+02	1.4127e+03	-1.5927e+03	4.6051e+01	-1.1806e+03	4.8181e+02	3.3688e+01	-1.8858e+03	-4.0220e+02	3.9550e+01	3.2949e+02	-2.4295e+02	-1.4162e+03	4.2114e+02	-1.1805e+02	1.9921e+03	-1.4444e+03	2.6324e+02	-1.8584e+02	4.5357e+02	-4.2599e+02	-6.9208e+01	3.5267e+02	-3.3052e+02	9.2999e+02	-4.8088e+02	-2.2206e+03	1.9097e+03	5.4147e+02	1.1232e+03	-2.4712e+03	-2.0087e+02	-1.0618e+03	-1.9794e+02	4.7216e+02	6.3782e+02	-7.9568e+02	-8.4095e+02	1.3910e+03	2.9348e+02	9.3256e+01	-3.5647e+02	1.2765e+03	-3.3697e+02	4.4405e+02	-1.1966e+03	-7.0555e+02	-3.1283e+02	-2.2700e+02	2.8409e+02	2.1686e+02	-3.6152e+02	-1.2507e+03	6.9664e+02	-1.0247e+03	-7.3043e+02	4.0758e+02	-1.4659e+03	9.2934e+02	3.1353e+02	1.0831e+03	-2.5130e+02	-7.7457e+02	-5.3009e+01	7.5583e+02	-1.3504e+03	8.2310e+02	6.1310e+02	2.9273e+01	1.0879e+03	6.6754e+02	-1.4101e+03	-4.0532e+02	1.1217e+03	5.1735e+02	-7.3947e+02	-7.6940e+02	-1.1853e+03	5.5204e+02	1.5516e+03	-6.3173e+01
1.4000e+05	-2.3605e+03	1.7478e+03	-2.2555e+03	-1.5437e+02	1.0070e+03	1.4872e+03	6.9021e+02	-6.5183e+02	-1.3544e+03	-1.3632e+03	5.5572e+02	-1.9396e+03	-2.5218e+03	-1.3848e+03	1.4043e+03	7.6354e+02	-1.1953e+02	-1.4824e+03	8.4916e+02	-6.6877e+02	1.5187e+03	-1.1832e+03	7.6798e+02	3.1601e+03	-3.3307e+02	-1.9932e+03	1.2376e+03	9.8385e+02	-1.5253e+03	-7.4421e+02	-1.5124e+03	-2.1121e+02	7.3423e+02	1.4312e+03	-2.2062e+03	-2.4448e+02	3.0205e+03	4.2223e+01	-9.5883e+02	4.2040e+02	-5.0762e+01	-1.0015e+03	-1.6135e+02	-1.8092e+03	-1.0137e+03	2.1090e+03	-1.6178e+03	2.1871e+03	1.6427e+03	1.3116e+03	2.6342e+02	-2.0955e+03	-2.7030e+01	7.2450e+02	3.1948e+03	2.5564e+03	7.4147e+02	-1.2175e+02	-1.5623e+03	-1.2769e+03	-1.0739e+03	-1.0492e+03	1.0322e+03	-6.4039e+02	-3.7580e+02	-1.7138e+02	-8.5720e+02	2.7656e+03	1.1365e+03	1.8498e+03	3.5209e+03	1.1055e+03	-2.6763e+00	-5.0249e+02	5.2522e+02	1.9694e+03	-1.1213e+03	2.3148e+03	1.6270e+03	2.2687e+03	2.7220e+03	2.2646e+03	2.3042e+02	-2.3371e+03	1.3748e+03	-3.0593e+03	2.0052e+03	-1.9661e+03	7.8168e+01	-7.9558e+02	1.1082e+03	8.6012e+02	-1.2522e+03	-1.4474e+03	5.8254e+02	7.7765e+02	-5.9034e+02	4.5497e+03	1.0422e+03	-6.4498e+02	3.7921e+03	2.4624e+03	3.3800e+02	2.5993e+03	3.2114e+01	-1.0378e+03	1.6798e+03	-2.9968e+03	-3.0628e+03	-6.0328e+02	5.8163e+01	-1.5250e+03	-2.0698e+03	-2.3548e+02	7.5510e+02	1.1240e+03	9.6955e+01	-4.1522e+03	-4.7996e+02	1.7012e+03	1.3079e+03	-4.5779e+02	2.3363e+02	-1.8004e+03	-1.4029e+03	-9.0440e+02	-1.8119e+02	-1.8456e+03	-2.5954e+03	-1.3138e+02	-1.3049e+03	1.1755e+03	-2.0787e+03	7.0815e+01	-9.7169e+02	7.2089e+02	-1.8148e+03	-3.8113e+03	-2.5716e+02	3.8788e+02	1.1845e+03	-1.2143e+03	-3.9849e+01	1.2403e+03	-1.0970e+02	-2.9866e+03	-1.1933e+03	-9.5320e+02	1.8296e+03	3.3890e+02	-1.7091e+02	-5.8830e+02	-3.1575e+03	3.6836e+02	5.3545e+01	1.9533e+03	7.6616e+02	-1.4329e+02	-2.2143e+03	1.4576e+03	6.3706e+02	2.0549e+02	2.2216e+03	-5.0965e+02	-1.8301e+03	8.4013e+02	1.2174e+03	-2.4794e+02	9.2957e+02	-5.7541e+02	8.8773e+02	-7.5530e+02	4.6194e+02	1.4638e+03	-1.6498e+03	-1.6802e+03	1.9945e+03	-7.6666e+02	-7.2755e+02	-6.1610e+01	1.1484e+03	-1.2377e+03	2.4378e+03	5.3017e+02	4.7752e+02	6.4751e+02	3.4895e+03	-1.3452e+03	3.8721e+03	-2.6392e+03	2.3484e+03	-1.8106e+03	-2.0052e+03	-6.5676e+02	1.2559e+03	7.6470e+02	4.9331e+02	-1.1771e+03	-7.6210e+02	-1.9061e+03
1.6000e+05	-1.5117e+03	1.5898e+02	1.3050e+03	-1.6177e+02	8.7131e+02	-3.4925e+02	3.3001e+02	1.8207e+03	9.7669e+02	1.0210e+03	-7.9262e+02	-1.9098e+02	-2.3436e+03	1.5619e+03	-7.2894e+02	-8.9055e+02	-1.6151e+03	-9.6357e+02	8.3709e+02	-1.4283e+03	-2.5697e+03	-1.0630e+03	-5.7361e+02	-5.9075e+02	-5.7577e+01	-1.6020e+02	6.8545e+02	-1.2900e+03	-6.9096e+02	3.7714e+01	-1.6375e+03	-3.0012e+02	-5.0404e+02	2.4675e+02	1.8237e+02	7.2963e+02	-8.4507e+02	-1.8935e+02	1.3841e+03	2.4697e+02	-1.1032e+03	1.8435e+02	-4.9076e+02	-7.3894e+02	6.4114e+01	1.8323e+02	-6.6151e+02	3.8774e+02	-3.4996e+01	-5.9085e+02	-9.5706e+02	-6.8095e+02	-7.4825e+02	-3.0207e+03	1.1573e+03	6.9921e+02	4.2250e+02	-2.1121e+03	-1.4171e+03	-1.3208e+02	-8.6566e+02	-3.9690e+02	-1.1708e+03	-9.7991e+02	-7.4743e+02	-6.0728e+02	1.3960e+03	-2.5556e+02	-2.9702e+02	-3.3538e+02	1.8157e+03	-6.8216e+00	-4.4886e+02	9.8747e+02	8.0215e+02	-1.3460e+03	-1.0665e+03	-1.5094e+03	-2.4334e+03	1.0395e+01	6.6704e+02	1.1640e+03	-1.5939e+03	-6.5738e+02	7.8786e+02	-1.2301e+03	-9.0899e+02	-1.7449e+03	-7.6325e+02	5.1190e+02	-2.0368e+03	-4.9129e+01	-6.0993e+02	-1.3830e+03	-1.2502e+03	-1.7015e+03	9.3577e+02	-8.9862e+02	3.3563e+02	-7.1757e+02	1.5029e+03	-1.5522e+03	7.4903e+02	2.1432e+02	-9.0330e+02	-2.4095e+03	1.0030e+01	-1.0731e+03	-1.3267e+03	-2.1805e+03	1.1426e+03	1.0612e+03	-1.9051e+03	1.4692e+03	-4.0368e+02	1.0131e+03	-9.0572e+01	5.3690e+02	-5.0999e+01	5.7014e+02	1.6105e+03	-1.5590e+03	-5.2832e+02	-1.2702e+03	2.7316e+02	7.7863e+01	-2.0708e+03	-8.7271e+02	2.1494e+01	4.4119e+02	-5.2873e+02	-1.1243e+03	9.5722e+01	-2.3710e+02	2.3479e+03	-1.2455e+03	1.6246e+02	2.7872e+00	1.1095e+02	4.1278e+01	-1.9316e+01	2.8740e+02	-4.3605e+02	1.0290e+03	-1.1833e+03	-1.3960e+03	1.9407e+03	6.0440e+02	8.4412e+02	-2.2745e+03	-8.9057e+02	-1.1459e+03	-6.0644e+02	4.7385e+02	1.7599e+02	-6.6184e+02	-9.2827e+02	1.5242e+03	4.4891e+02	-1.3288e+02	-2.5211e+02	1.5030e+03	-2.1804e+02	2.2044e+02	-1.3707e+03	-8.3790e+02	-6.9756e+02	-6.5930e+02	6.4214e+02	1.5354e+02	-5.2566e+02	-1.3969e+03	5.6723e+02	-1.2153e+03	-7.2393e+02	3.6669e+02	-1.5162e+03	8.6060e+02	1.7273e+00	5.0211e+02	-1.9407e+02	-2.8681e+02	1.7075e+02	8.1234e+02	-1.9160e+03	7.0018e+02	3.1072e+02	-3.8129e+02	1.5129e+03	1.0268e+03	-1.3531e+03	-2.0214e+02	1.0354e+03	4.0043e+01	-6.7887e+02	-9.4369e+02	-9.3993e+02	7.3405e+02	1.3908e+03	4.6677e+02
1.6000e+05	-1.4289e+03	1.3025e+03	-2.3932e+03	2.1414e+02	1.1959e+03	1.4688e+03	1.3954e+03	-1.1547e+02	-4.3819e+02	-2.1358e+03	3.8852e+02	-2.2672e+03	-1.9110e+03	-4.3784e+02	1.8240e+03	1.6630e+03	4.2327e+02	-1.1736e+03	1.8435e+03	-1.5382e+03	1.8363e+03	-1.2939e+03	5.3368e+02	2.6261e+03	-1.0278e+03	-2.3438e+03	1.1231e+03	4.0156e+02	-1.4606e+03	-5.4696e+02	-1.3332e+03	-1.3577e+03	2.1196e+02	1.1196e+02	-2.8371e+03	-3.9191e+01	2.1722e+03	-3.1175e+02	-5.4568e+02	3.6949e+02	-6.3033e+02	-1.6526e+03	-1.3510e+03	-1.5923e+03	-4.3972e+02	2.8656e+03	-3.9137e+02	2.1124e+03	1.9169e+03	1.2112e+03	4.0224e+02	-2.2206e+03	1.0867e+02	5.4822e+02	3.5478e+03	2.5411e+03	-4.9791e+02	-1.0043e+02	-2.0187e+03	-1.1195e+03	-7.5201e+02	-4.3096e+02	1.0328e+03	-4.2898e+02	-2.2373e+02	-5.7890e+02	5.4260e+02	2.9265e+03	9.8165e+02	1.8911e+03	3.8669e+03	1.6195e+03	-1.2993e+02	-1.2844e+03	-1.3335e+02	1.7394e+03	-7.8437e+02	3.4154e+03	1.3360e+03	1.8931e+03	2.6302e+03	2.6268e+03	1.3428e+01	-2.1022e+03	2.4143e+03	-2.9689e+03	1.9021e+03	-1.6872e+03	1.5979e+02	-2.6313e+02	1.5018e+03	9.4167e+02	-1.0679e+03	-1.4883e+03	5.9077e+02	1.5053e+03	-5.2087e+02	5.1716e+03	5.7053e+02	-4.8843e+02	3.6146e+03	2.9065e+03	2.4489e+02	1.4138e+03	1.0037e+03	-1.1303e+03	2.0163e+03	-3.3354e+03	-2.2098e+03	-1.1611e+03	1.4750e+02	-1.1115e+03	-2.3776e+03	-3.1846e+02	1.7649e+03	1.4542e+03	3.9403e+02	-4.1293e+03	-2.5007e+02	1.4950e+03	1.4112e+03	-3.9414e+02	4.2421e+02	-1.9222e+03	-9.4921e+02	-9.8181e+02	-8.3906e+02	-2.4163e+03	-1.9498e+03	-1.0769e+03	-2.1198e+02	7.5191e+02	-2.4847e+03	4.9475e+02	-1.0849e+03	5.6593e+02	-1.8778e+03	-3.5562e+03	-3.0853e+02	6.1085e+02	1.0982e+03	-2.0904e+03	-7.9066e+02	2.2198e+03	-1.0883e+02	-3.3958e+03	-4.6557e+02	-1.8643e+03	1.1543e+03	1.0080e+03	-2.4537e+02	-4.0446e+02	-3.3381e+03	7.3764e+02	6.1459e+02	1.3118e+03	1.5149e+03	-8.1993e+02	-2.5725e+03	3.6013e+02	6.3759e+02	4.6878e+02	3.1969e+03	-1.8720e+03	-1.8489e+03	9.5807e+02	1.2375e+03	-9.3586e+02	1.3252e+03	-6.0302e+02	8.5441e+02	-4.1415e+01	-2.6859e+02	1.4950e+03	-1.2532e+03	-1.1842e+03	1.9908e+03	-7.1264e+02	-1.4755e+03	-5.5064e+02	9.4455e+02	-6.8197e+02	3.1847e+03	1.0457e+03	6.9695e+02	3.2676e+02	2.8984e+03	-9.0145e+02	3.5991e+03	-2.4489e+03	2.7981e+03	-2.1035e+03	-1.2749e+03	-6.3912e+02	1.5008e+03	1.4958e+03	3.7779e+02	-1.2453e+03	-1.4590e+02	-1.7816e+03
1.8000e+05	-1.2222e+03	4.7183e+02	1.3607e+03	-4.6646e+02	7.6303e+02	-1.0240e+03	1.0742e+03	2.4925e+03	8.5592e+02	1.2339e+03	-5.0181e+02	-1.1110e+03	-2.8985e+03	1.2406e+03	-1.2594e+03	-8.9399e+02	-1.5622e+03	-7.9478e+02	1.3483e+03	-1.1951e+03	-2.4657e+03	-9.4102e+02	-6.4138e+02	-2.8261e+02	1.8836e+02	-4.2906e+02	1.0497e+03	-9.1537e+02	-1.0025e+03	-4.0707e+01	-1.1782e+03	-1.4543e+03	-1.0066e+01	6.1476e+02	2.3247e+02	3.2804e+02	-8.4177e+02	-3.2816e+02	1.9805e+03	1.0354e+03	-9.0535e+02	-1.0600e+02	-6.4050e+02	-3.7275e+02	-2.7876e+02	1.3791e+02	-8.6556e+02	-1.9842e+01	-6.6430e+01	-1.1561e+02	-4.1022e+02	-9.8921e+01	-5.5215e+02	-2.8410e+03	4.8786e+02	8.3759e+02	-1.0667e+02	-1.8920e+03	-1.5026e+03	-6.3493e+01	-1.0444e+03	-6.7520e+02	-6.9015e+02	-7.9024e+02	-1.7691e+01	-6.9310e+02	1.0360e+03	-1.7195e+02	2.6620e+02	-6.1865e+02	1.8327e+03	1.4040e+02	-7.3226e+02	1.2777e+03	1.9700e+03	-1.6642e+03	-1.1527e+03	-2.0034e+03	-3.0044e+03	-2.0538e+02	1.0134e+03	1.8719e+03	-1.4909e+03	-4.4616e+02	1.0827e+03	-1.0593e+03	-6.3419e+02	-1.7529e+03	-6.5725e+02	5.6495e+02	-1.5716e+03	-1.0762e+02	-1.3688e+02	-1.8449e+03	-1.0176e+03	-1.7967e+03	1.0770e+03	-7.9104e+02	-5.2732e+02	-4.8126e+02	2.0007e+03	-1.6221e+03	9.4481e+02	9.6024e+02	-3.3506e+02	-2.0711e+03	1.3315e+02	-1.8982e+03	-1.1356e+03	-2.1792e+03	1.0648e+03	7.4704e+02	-1.5822e+03	1.4316e+03	3.1977e+02	1.4157e+03	-1.0867e+02	2.7998e+02	-5.9734e+02	1.0104e+03	1.8555e+03	-1.9216e+03	1.5105e+01	-1.5284e+03	3.8344e+02	-5.5411e+02	-2.0998e+03	-9.2916e+02	1.6050e+02	4.6325e+02	-7.4678e+02	-5.4052e+02	7.5079e+01	-6.5097e+02	2.4985e+03	-5.4891e+02	3.0590e+02	5.8615e+01	-1.0075e+02	-6.4188e+02	5.0201e+02	-9.2290e+01	-1.2643e+02	1.7392e+03	-9.2525e+02	-2.2802e+03	2.4141e+03	7.8554e+02	5.5329e+02	-2.5983e+03	-1.2523e+03	-1.4296e+03	-6.2479e+01	1.1559e+03	5.8288e+02	-6.8963e+02	-6.0166e+02	1.8884e+03	4.1863e+02	7.1521e+02	-4.7160e+00	1.3858e+03	-2.6820e+02	2.0412e+01	-1.8064e+03	-1.1436e+03	-4.8240e+02	-8.4524e+02	5.2462e+02	-1.6269e+02	-7.0679e+02	-1.6042e+03	1.1487e+03	-1.6113e+03	-9.1232e+02	8.3984e+00	-1.4051e+03	1.7886e+03	6.9412e+02	3.2751e+02	-3.9345e+02	-5.1812e+02	1.2688e+02	6.0740e+02	-1.6750e+03	1.2397e+03	1.8940e+02	-5.4793e+02	1.7593e+03	8.6312e+02	-6.8370e+02	1.4099e+02	9.0005e+02	7.6140e+02	-1.2563e+03	-5.4360e+02	-1.1519e+03	1.2454e+03	1.2568e+03	2.9543e+02
1.8000e+05	-1.0134e+03	6.6709e+02	-2.7472e+03	9.0350e+01	9.4738e+02	2.3885e+03	1.2583e+03	1.5710e+02	4.5269e+02	-2.6472e+03	1.4839e+01	-3.1918e+03	-2.2673e+03	4.0419e+01	2.0148e+03	1.0505e+03	1.1482e+03	-8.2891e+02	1.7770e+03	-1.8376e+03	1.9984e+03	-6.1671e+02	1.3714e+03	2.6045e+03	-1.1317e+03	-2.0023e+03	1.0066e+02	1.7749e+03	-9.6949e+02	-5.8440e+01	-1.1165e+03	-1.9556e+03	-5.3884e+02	2.5470e+02	-3.0584e+03	4.6543e+02	2.8468e+03	6.4813e+01	-2.3090e+02	-2.3625e+01	-1.1372e+03	-1.6726e+03	-9.5626e+02	-6.4981e+02	-6.6242e+01	1.8132e+03	-6.7985e+02	3.5300e+03	1.6725e+03	1.1853e+03	1.3038e+03	-2.7208e+03	4.9738e+02	7.9600e+02	3.3242e+03	2.2325e+03	-1.2127e+03	-6.8444e+01	-1.4357e+03	-7.1626e+02	-1.3427e+03	-3.4704e+01	8.2380e+02	8.2797e+02	4.0418e+02	-1.3215e+03	-6.3404e+02	4.0858e+03	3.9589e+02	1.9355e+03	3.8681e+03	2.2100e+03	-3.1311e+02	-1.3528e+03	-9.7989e+01	1.4068e+03	-1.3528e+03	4.1208e+03	1.4319e+03	2.2029e+03	2.5530e+03	2.4111e+03	-3.0156e+02	-2.4364e+03	2.3053e+03	-2.0492e+03	1.6042e+03	-1.6093e+03	5.2517e+02	-9.0882e+01	2.3566e+03	1.1614e+02	-1.6495e+03	-1.1755e+03	-1.1944e+01	1.6134e+03	-1.0071e+03	5.4534e+03	-3.6113e+02	-4.2360e+02	3.6651e+03	2.8689e+03	9.6237e+02	1.0178e+03	7.0101e+02	-1.9244e+03	2.4619e+03	-3.1394e+03	-2.6093e+03	-9.1308e+02	8.9152e+02	-1.2159e+03	-2.2749e+03	-8.5406e+02	1.9934e+03	6.8096e+02	3.9549e+02	-4.2678e+03	-8.5576e+02	1.5873e+03	1.6663e+03	-6.2194e+02	-3.1441e+02	-2.5653e+03	-1.9358e+03	-1.4611e+03	-3.4123e+02	-2.4147e+03	-1.5092e+03	-9.5846e+02	-8.4393e+02	-2.7560e+02	-2.1572e+03	4.8387e+01	2.4531e+02	1.2660e+03	-8.1805e+02	-4.1521e+03	-1.0281e+01	8.4182e+02	1.5033e+03	-2.4843e+03	-1.3973e+03	2.0794e+03	-8.4144e+02	-3.5495e+03	6.2314e+02	-1.7826e+03	8.0887e+02	9.0483e+02	-7.1011e+02	3.2742e+01	-2.3773e+03	1.2294e+03	1.6242e+03	1.8088e+03	3.6714e+02	-1.0752e+03	-2.5869e+03	1.3108e+02	3.7281e+02	4.2498e+02	2.9554e+03	-1.3162e+03	-2.0721e+03	1.2068e+03	2.6153e+03	-4.3654e+02	1.1297e+03	7.8808e+02	7.7395e+01	-3.2655e+02	-6.8617e+02	1.7126e+03	-1.3169e+03	-1.2067e+03	2.7641e+03	-1.2733e+03	-1.3645e+03	-1.6525e+02	5.7644e+02	-1.2765e+03	3.6736e+03	6.4159e+02	4.2049e+02	1.1667e+03	2.2447e+03	-9.8737e+02	2.9102e+03	-1.7905e+03	2.8571e+03	-1.7255e+03	-1.1698e+03	-3.0249e+02	2.2003e+03	1.8814e+03	3.0090e+02	-1.3583e+03	-4.8020e+02	-2.3554e+03
2.0000e+05	-1.2358e+03	6.4661e+02	1.1331e+03	-1.2030e+03	8.6419e+02	-1.3749e+03	6.3730e+02	2.9938e+03	1.1278e+03	1.4316e+03	-7.1253e+02	-1.2513e+03	-2.2400e+03	1.5890e+03	-1.4688e+03	-1.1730e+03	-1.8767e+03	-4.7796e+02	1.0822e+03	-5.5332e+02	-2.1367e+03	-1.0051e+03	-1.1791e+03	-8.1242e+02	2.6675e+02	-6.3582e+02	1.3202e+03	-4.9276e+02	-1.3253e+03	-4.7248e+02	-7.6488e+02	-1.5997e+03	4.0919e+02	2.4001e+02	-9.6539e+01	-3.1397e+02	-2.4347e+02	1.0430e+02	1.9950e+03	9.3017e+02	-5.4310e+02	-2.3107e+02	-4.8904e+02	-7.8360e+02	-4.4196e+02	2.0894e+02	-1.3916e+03	-7.1956e+02	-4.1845e+02	1.5266e+02	5.9935e+01	-2.2234e+02	-3.8289e+02	-3.0200e+03	5.1023e+02	1.0224e+03	-4.8059e+01	-1.7433e+03	-1.1214e+03	-1.2575e+02	-3.3544e+02	-7.7017e+02	-2.9658e+02	-8.6345e+02	-2.8880e+02	-1.5270e+02	3.9195e+02	-3.9903e+02	2.9238e+02	2.0384e+02	1.6689e+03	1.4589e+02	-5.9928e+02	7.8589e+02	1.3845e+03	-1.2714e+03	-1.3758e+03	-1.9974e+03	-3.1545e+03	-3.9256e+02	5.0799e+02	2.2090e+03	-1.7953e+03	-5.7314e+02	1.7092e+03	-1.5127e+03	-1.9710e+02	-2.2709e+03	-4.6577e+02	6.8687e+02	-2.0916e+03	-3.4562e+01	-1.8827e+02	-1.7656e+03	-1.1757e+03	-2.0458e+03	6.0800e+02	-1.2167e+03	-6.2589e+02	-5.7103e+02	1.6252e+03	-1.3631e+03	3.1536e+02	7.8956e+02	3.9895e+01	-1.3112e+03	-2.9842e+01	-1.9643e+03	-9.2581e+02	-2.5661e+03	8.2883e+02	8.1076e+02	-1.2712e+03	1.9735e+03	5.7534e+02	1.2555e+03	5.1696e+02	3.6047e+02	-5.5434e+02	9.2288e+02	1.2439e+03	-1.7573e+03	7.1650e+02	-1.8887e+03	-1.4840e+02	-1.1097e+03	-3.0204e+03	-4.0944e+02	-1.8325e+01	1.0116e+02	-8.8414e+02	-1.1883e+03	1.0849e+02	-1.9523e+02	2.1198e+03	-9.0765e+02	-1.3461e+02	-2.1696e+02	-7.2124e+02	-1.3409e+03	1.9600e+02	-1.4137e+02	-2.7151e+02	1.5028e+03	-1.3666e+03	-2.9327e+03	2.3360e+03	6.5060e+02	3.8173e+02	-2.7016e+03	-1.2865e+03	-1.2713e+03	5.1185e+01	1.6449e+03	1.0855e+02	-8.5202e+02	-5.8785e+02	1.8482e+03	1.3031e+03	5.9258e+02	-3.8857e+00	1.2258e+03	-3.3829e+02	-4.6439e+01	-2.6957e+03	-1.3629e+03	-3.0077e+02	-7.5372e+02	9.7657e+02	-5.9130e+02	-4.0625e+02	-2.2459e+03	5.1315e+02	-2.1000e+03	-8.6075e+02	-2.1622e+02	-1.1312e+03	2.1540e+03	9.4943e+02	9.1799e+02	-1.5580e+02	-1.1831e+03	-8.6485e+01	4.5059e+02	-1.5698e+03	9.0508e+02	1.0344e+02	-6.9657e+02	2.2361e+03	8.4711e+02	-6.0065e+02	4.7214e+02	7.6711e+02	2.9864e+02	-1.4919e+03	5.7491e+01	-8.8370e+02	5.4564e+02	5.6122e+02	1.0016e+03
2.0000e+05	-4.6525e+02	9.6151e+02	-3.4354e+03	-3.4390e+02	1.0938e+03	2.2361e+03	5.1061e+02	3.5992e+02	2.1307e+02	-1.7943e+03	-1.3407e+03	-3.0256e+03	-3.5232e+03	-3.5358e+01	2.7361e+03	1.7012e+03	1.8608e+03	-1.6705e+03	1.8059e+03	-1.2234e+03	1.7824e+03	-5.6172e+02	6.0160e+02	3.8169e+03	-8.4921e+02	-1.1415e+03	6.4730e+02	7.2862e+02	-1.3461e+03	1.3078e+02	-1.0685e+03	-2.2736e+03	-1.4218e+03	1.8080e+02	-2.3684e+03	-3.1634e+02	2.7180e+03	-1.4798e+03	-3.1598e+02	-7.1047e+02	-1.7464e+03	-1.5169e+03	-8.9797e+02	-2.1658e+02	3.1118e+02	1.8635e+03	-2.2378e+02	3.4547e+03	1.4838e+03	1.4223e+03	6.9627e+02	-3.5898e+03	-9.6235e+02	8.5200e+02	2.7439e+03	2.5898e+03	-1.4556e+03	-5.8901e+00	-2.4257e+03	-1.5711e+03	-1.7990e+03	-4.8966e+02	8.7363e+02	1.6662e+03	2.0263e+02	-1.0153e+03	-8.4626e+01	4.8299e+03	1.0264e+02	1.7704e+03	4.5230e+03	1.6200e+03	-1.0245e+03	-1.0416e+03	-8.1024e+01	1.4713e+03	-1.5265e+03	4.9674e+03	1.0705e+03	2.7742e+03	2.5219e+03	2.6259e+03	3.0513e+02	-3.3890e+03	3.5053e+03	-1.3713e+03	1.7627e+03	-2.0526e+03	4.8288e+02	-8.4898e+02	2.4955e+03	7.6442e+02	-1.8549e+03	-1.8455e+03	-7.0607e+02	2.5189e+03	-1.0688e+03	5.0912e+03	-8.4697e+02	-1.5669e+03	3.9638e+03	3.0301e+03	6.0752e+02	2.1043e+03	1.3866e+03	-3.1185e+03	2.2393e+03	-3.5085e+03	-2.1990e+03	-7.6876e+02	-9.0026e+01	-1.5149e+03	-1.7684e+03	-1.2831e+03	2.3461e+03	1.6047e+03	-1.2091e+02	-4.8584e+03	-7.9928e+02	4.2071e+02	1.5723e+03	-1.1188e+03	3.4008e+01	-3.3934e+03	-1.0648e+03	-1.2594e+03	-9.0280e+02	-1.8656e+03	-1.3745e+03	-1.2782e+03	-1.8927e+03	-9.8802e+02	-2.0888e+03	4.9852e+02	5.1074e+02	3.6127e+02	-7.0035e+02	-3.8136e+03	4.9425e+02	9.8784e+02	1.9025e+03	-1.6788e+03	-1.8153e+03	2.4203e+03	-1.0522e+03	-4.1115e+03	1.0003e+03	-1.3441e+03	9.0742e+02	1.1183e+03	4.6729e+02	2.2090e+02	-1.1893e+03	1.6955e+03	1.7316e+03	1.9929e+03	6.7495e+02	2.8498e+02	-2.3712e+03	-4.9067e+00	8.9405e+01	-4.0168e+02	2.5531e+03	-9.8881e+02	-2.1362e+03	5.6201e+02	2.5790e+03	-1.5250e+02	1.0625e+03	6.5028e+02	3.6022e+02	7.4575e+01	3.3811e+02	2.0480e+03	-1.4054e+03	-1.5480e+03	3.3070e+03	-9.4714e+02	-9.7784e+02	-5.8181e+02	7.5189e+02	-1.5017e+03	3.1236e+03	9.1006e+02	6.5897e+02	1.7515e+02	2.5047e+03	-1.4612e+03	3.8311e+03	-1.8629e+03	2.7343e+03	-2.5216e+03	-1.4617e+03	-2.2766e+02	2.3812e+03	1.6400e+03	1.4615e+03	-9.0347e+02	-1.1024e+03	-2.3608e+03
