2.0000e+04	3.4095e+02	4.7690e+02	-3.8015e+01	-2.8598e+02	1.0310e+03	-8.5154e+02	-2.6346e+02	-4.3901e+01	-1.9990e+02	3.1324e+02	2.8505e+02	-1.3877e+02	-1.7702e+02	6.9096e+02	1.1592e+02	-4.3323e+01	2.4451e+02	2.0496e+02	-2.3683e+02	-2.1283e+02	-1.0248e+03	7.8725e+02	2.1659e+02	3.9508e+02	-6.5549e+02	5.7268e+00	-1.5633e+02	5.5109e+02	2.5408e+02	4.1114e+02	4.2431e+02	-2.1583e+02	2.7624e+02	-6.6285e+02	1.4728e+02	-4.7410e+02	-4.4875e+02	-1.3691e+02	-4.3967e+02	6.4272e+01	2.3526e+02	3.9829e+02	-4.3109e+01	1.7172e+02	-1.3218e+02	-1.9818e+01	-1.7879e+00	-3.6762e+02	-5.8387e+02	-3.5467e+01	6.2425e+02	6.0513e+02	-4.7640e+02	2.9658e+02	-3.0730e+02	-8.3893e+02	-4.2559e+02	3.2980e+02	-2.3997e+02	2.8057e+02	1.4687e+02	1.1661e+02	4.2279e+02	2.1179e+02	-3.7189e+01	7.8123e+01	-1.9365e+02	-6.8870e+02	1.3695e+02	4.2043e+02	3.4733e+00	2.7411e+02	-9.9541e+01	-1.7966e+01	-3.9345e+02	7.7145e+01	1.9316e+01	-2.3288e+02	-3.4003e+02	-8.4254e+01	-6.0310e+02	5.6243e+01	-5.2396e+02	1.1089e+02	3.3617e+02	-7.6079e+02	-2.5072e+02	-2.3199e+02	2.3848e+02	5.9660e+02	4.6828e+02	-4.9291e+02	-1.0687e+02	-2.1180e+02	-1.4257e+02	-3.0503e+02	-4.1913e+02	-8.0780e+01	8.2895e+01	1.5986e+02	3.1951e+02	-4.8343e+02	-2.5487e+02	4.0213e+02	1.1988e+03	2.9463e+02	2.8604e+02	-4.0868e+02	-3.4407e+02	-2.9245e+02	-3.2422e+02	7.0400e+02	5.7619e+02	-1.1966e+02	2.7608e+02	2.1773e+02	3.2217e+02	-6.7733e+02	-4.4362e+02	2.9928e+02	3.7628e+02	-7.8723e+01	1.2993e+02	7.9016e+02	2.8976e+02	7.7116e+01	3.5980e+02	2.4360e+02	-2.7728e+02	-7.0567e+02	-1.7568e+02	-8.7648e+01	-9.6890e+01	-1.9081e+01	2.5106e+02	1.0519e+02	1.7058e+02	2.5445e+02	2.7217e+02	6.9793e+02	2.1933e+02	2.0384e+02	-9.8664e+00	1.3978e+02	4.5974e+02	-3.3796e+02	-4.3163e+02	2.0359e+02	-4.6457e+02	1.6546e+01	2.7067e+02	1.6932e+02	-4.1480e+02	7.1219e+02	5.5833e+01	-6.0700e+02	8.0634e+01	-2.4321e+02	-5.6221e+02	-5.4489e+02	5.7488e+02	-1.5016e+02	5.4330e+02	3.7712e+02	2.6281e+02	3.2727e+02	-1.9072e+02	-1.9179e+02	-3.8013e+02	-6.3577e+01	3.3889e+02	-5.6525e+02	2.3271e+02	2.5724e+02	-9.6608e+02	2.3107e+02	-3.0323e+02	-1.5294e+02	4.7943e+01	2.2781e+02	1.9913e+02	1.3621e+02	5.2360e+02	6.5797e+01	1.7667e+02	-6.8610e+01	-4.3446e+02	-1.2550e+02	2.6833e+02	-7.3798e+02	-2.0069e+02	8.6610e+00	2.6285e+02	-3.3025e+02	-1.7208e+02	8.7709e+01	3.8694e+02	-6.0148e+02	-1.8668e+02	-2.6630e+02
2.0000e+04	-2.8218e+02	-7.8686e+02	-3.6971e+02	8.1184e+01	-9.6146e+02	5.5911e+02	-4.7910e+02	9.7881e+01	1.8275e+02	-9.9744e+01	-4.7584e+02	-3.3038e+02	-5.9607e+02	-1.2200e+03	2.4484e+02	4.4355e+02	-9.9403e+02	-2.4370e+02	1.8335e+02	6.7524e+02	-5.3884e+02	7.1691e+02	-2.3569e+02	-4.9443e+02	3.5080e+02	3.4765e+02	-4.8629e+02	-3.8206e+01	-1.2614e+03	-6.3365e+02	2.9801e+02	-1.5983e+02	-1.1603e+03	4.9238e+02	-3.3240e+02	3.0032e+01	4.8437e+02	-2.5002e+02	5.7681e+01	8.7755e+02	-8.1394e+02	3.3479e+02	-2.2416e+02	-4.9324e+02	-8.4610e+02	-8.8467e+02	5.4617e+02	1.0845e+02	6.3955e+02	8.9043e+02	-9.2535e+02	-4.3384e+02	-2.9930e+02	2.5175e+02	-5.4962e+02	2.7892e+02	-8.8578e+02	7.9754e+01	-6.8629e+01	4.2602e+02	-1.1116e+03	-1.4558e+03	1.9556e+02	3.5618e+02	-1.6843e+01	6.7348e+02	6.4389e+01	-1.2751e+02	4.5570e+02	8.6776e+02	-6.8040e+02	-5.2251e+02	-1.0020e+03	-2.1160e+02	-1.1014e+02	5.2491e+02	2.7166e+01	-6.9330e+02	8.4084e+02	6.1947e+02	2.1047e+02	-3.7808e+02	4.6980e+01	4.1628e+02	6.2017e+02	7.4247e+02	-1.4006e+03	4.2446e+02	2.3329e+02	-7.7902e+02	-3.9408e+02	3.0638e+02	-2.0022e+02	-4.0122e+01	-6.2367e+02	-6.1306e+02	6.8222e+02	-8.9611e+01	8.6775e+02	-3.4256e+02	6.3726e+02	-7.3353e+02	4.4951e+02	-7.3877e+02	5.9743e+02	8.5497e+02	-2.5487e+02	-4.5629e+02	5.9008e+01	1.0652e+03	3.2045e+02	1.2439e+02	-3.0376e+02	8.3275e+02	5.9719e+02	2.3669e+02	-8.2944e+02	2.6503e+02	7.0102e+02	-1.8882e+02	4.7318e+02	-2.1478e+02	-1.1376e+01	-1.1217e+02	2.4663e+02	-5.6958e+02	1.6427e+02	5.2731e+02	-5.2685e+02	1.1675e+03	-3.1288e+02	-1.6850e+03	-2.2232e+02	-1.3345e+03	1.3707e+03	6.2870e+02	-8.5490e+02	-6.7223e+01	3.9548e+02	7.3384e+02	-2.6244e+02	3.2038e+02	1.3742e+02	1.4823e+02	-2.5757e+02	-1.1772e+03	1.3280e+03	9.8999e+02	6.3864e+02	2.1774e+01	-6.6365e+02	2.2543e+02	-1.1689e+03	3.6068e+00	-7.6992e+02	-4.4112e+02	7.3623e+02	6.4207e+02	9.8615e+02	-1.4044e+02	7.5199e+02	4.9794e+02	-8.0267e+02	-3.7844e+02	3.6155e+02	1.7183e+02	3.7098e+01	4.2153e+02	-8.3506e+02	-7.2948e+02	-1.5325e+02	-7.0183e+02	-2.9486e+02	-6.1848e+02	-1.5944e+02	-1.0703e+02	-3.2728e+02	-6.3825e+02	2.6275e+02	-1.1537e+03	9.0797e+01	2.2366e+02	-5.2253e+02	-2.3362e+02	-3.3231e+02	-3.3760e+02	5.0138e+02	-3.3710e+02	6.7091e+02	-1.6520e+03	-1.4411e+02	8.1459e+01	8.1441e+01	-3.6500e+02	9.9871e+02	-3.1740e+01	-8.8615e+02	2.1621e+02	-2.2195e+02	-7.0268e+01
4.0000e+04	3.9990e+02	1.3340e+03	4.5362e+01	6.0536e+02	1.2427e+03	-5.7072e+02	-5.6193e+02	-2.3620e+02	1.8313e+02	-5.0663e+01	1.9319e+02	-6.7398e+02	-2.2701e+02	2.8550e+02	4.4557e+02	4.9717e+02	1.1950e+03	1.7735e+02	-9.1380e+02	4.8144e+01	-1.2318e+03	1.0638e+03	4.7220e+02	6.5673e+02	-5.4754e+02	2.6775e+02	-3.4794e+02	6.1250e+02	5.3724e+02	1.0331e+03	4.6075e+02	-5.4084e+02	-3.2523e+02	-1.1402e+02	1.3928e+02	-6.4543e+02	-4.4861e+02	-4.5434e+02	-6.9125e+02	4.1255e+02	3.9945e+02	2.6752e+02	1.7308e+02	6.3479e+02	-6.0669e+02	3.2413e+02	-5.7642e+02	-2.1800e+02	-1.0085e+03	5.8564e+02	1.0290e+03	9.9033e+01	-1.0070e+03	5.6056e+02	-6.2964e+02	-1.1341e+03	-8.4842e+02	5.9988e+02	8.4241e+01	6.7131e+02	-7.6484e+01	-3.6518e+02	4.5212e+02	2.7936e+02	-6.8945e+02	-2.1278e+02	-2.2195e+02	-8.3011e+02	-3.1031e+02	5.5762e+02	1.8319e+01	7.7981e+02	-6.2424e+01	-1.9479e+02	-8.5299e+02	-7.9977e-01	6.5607e+02	1.3996e+02	-9.1847e+01	2.1501e+02	-1.0531e+03	7.8346e+00	-6.5225e+02	5.9259e+02	5.1405e+02	-3.2414e+02	-4.8304e+02	6.3754e+01	7.8266e+02	4.7025e+02	4.6385e+01	4.9062e+02	1.1266e+01	-8.2576e+02	1.3135e+02	-1.6338e+02	-4.6732e+02	1.7681e+02	6.0210e+02	-1.6785e+01	1.5406e+02	-4.9276e+02	3.1612e+02	8.6077e+02	1.2100e+03	-2.2128e+02	6.1430e+02	-3.2981e+02	-3.2007e+02	-3.3119e+02	8.3927e+01	1.3291e+03	5.4673e+02	3.1739e+02	6.9234e+02	4.4634e+02	6.1395e+02	-1.8651e+02	-1.6520e+02	7.1019e+02	-1.2918e+02	1.4708e+02	4.6683e+02	1.5736e+03	6.4722e+02	-8.0602e+01	1.6043e+02	4.0438e+02	5.2199e+02	-6.0710e+02	9.3641e+01	6.7158e+01	-4.4975e+02	-5.7189e+01	2.2577e+02	1.6713e+02	-6.4043e+02	1.2958e+02	7.2060e+02	8.1829e+02	7.3554e+02	1.6245e+02	2.8552e+02	-4.9607e+01	5.0222e+02	-1.4019e+01	-7.2927e+02	1.1669e+02	-4.5139e+02	-1.4467e+02	1.4957e+02	5.6158e+02	-5.9761e+02	1.1017e+03	-2.9799e+02	-7.2337e+02	1.3971e+02	-4.8524e+02	-4.2792e+02	-8.2944e+02	4.5313e+02	-2.5144e+02	1.6619e+03	3.7556e+02	4.4482e+02	9.7617e+01	-3.1724e+02	-1.4271e+02	-7.3688e+02	-2.5057e+02	-1.5898e+02	-2.8797e+02	8.5323e+02	4.0613e+02	-1.3646e+03	-3.5582e+01	-4.7457e+02	-4.9256e+01	-3.9151e+02	2.1763e+02	8.6468e+01	-1.7992e+02	3.1775e+02	2.8377e+02	7.0156e+02	3.4888e+01	-1.0985e+03	9.5214e+01	3.6782e+02	-5.4685e+02	-1.3935e+02	-1.8308e+02	-7.2479e+01	-5.5071e+02	5.8091e+02	9.2637e+01	6.6081e+02	-5.1312e+02	1.8900e+02	4.0642e+02
4.0000e+04	-4.2972e+02	-1.1809e+02	-8.2195e+02	2.4284e+02	-7.6185e+02	1.3195e+02	-2.7343e+02	-5.4395e+01	1.1920e+03	1.8575e+02	-5.9014e+02	-8.7508e+02	-4.9324e+02	-1.1695e+03	-3.8151e+02	4.4924e+02	-1.1203e+03	-3.0740e+02	-2.4508e+02	7.9055e+02	2.8945e+01	2.1105e+02	-7.3754e+02	-4.8522e+02	9.8099e+02	1.9126e+02	-1.2380e+02	-8.4299e+02	-1.1992e+03	-1.7678e+02	8.2097e+02	-3.7810e+02	-2.1802e+03	-2.9518e+02	3.6350e+00	-4.3142e+01	9.6191e+02	-8.5001e+02	6.1708e+02	4.9875e+02	-5.6976e+02	3.8654e+02	-7.9707e+02	-1.4087e+03	-8.9007e+02	-1.7619e+03	-1.7853e+02	7.7374e+01	1.2914e+03	5.4645e+02	-7.3293e+02	3.0617e+02	-5.6606e+02	-7.6791e+02	-5.0152e+02	9.0665e+02	-1.1583e+03	8.7083e+02	-4.2518e+01	1.0561e+03	-9.5394e+02	-2.4534e+03	-9.8366e+02	-1.1268e+02	-1.7696e+02	5.8242e+02	-3.3704e+02	-1.2881e+03	3.7498e+02	9.6213e+02	-4.8761e+02	-5.3078e+02	-1.5223e+03	-5.7585e+02	-3.2827e+02	7.5759e+02	1.3663e+03	-9.9044e+02	4.5930e+02	5.5669e+02	-3.4173e+02	-7.5660e+02	4.7794e+02	7.6571e+02	8.7304e+02	1.0447e+03	-1.3784e+03	9.5677e+02	9.3203e+02	-1.2397e+03	-1.8005e+02	-7.8949e+01	3.0055e+02	-1.4596e+02	-6.9546e+02	-6.9147e+02	-2.1746e+02	1.1430e+03	4.9145e+02	-5.1832e+02	1.4372e+03	-1.4295e+03	1.0885e+03	-1.2341e+03	1.3353e+03	9.1793e+02	5.7707e+02	-2.8458e+02	5.6775e+02	9.7419e+02	1.5209e+02	6.4960e+01	2.9846e+02	1.0945e+03	5.1036e+02	-3.6436e+02	-1.4042e+03	4.6899e+02	1.0565e+03	-7.9134e+02	1.9423e+02	2.4997e+01	1.7482e+02	1.2272e+03	2.5650e+02	-4.2090e+02	9.2124e+01	1.6114e+02	-7.5102e+02	1.2433e+03	-3.8880e+02	-1.6067e+03	-7.0932e+02	-1.9351e+03	7.4277e+02	5.8288e+02	-1.0555e+03	1.0746e+03	1.4747e+03	9.0463e+02	1.1725e+03	4.0679e+02	-4.0004e+02	7.0666e+02	-1.0108e+03	-7.1015e+02	1.2723e+03	6.3360e+02	1.1730e+03	7.1565e+02	-1.5427e+02	7.9831e+02	-2.6936e+02	-4.4256e+02	-1.2197e+03	-9.7614e+01	9.0764e+02	3.8919e+02	5.0935e+02	2.5067e+02	9.9894e+02	7.9475e+02	-2.3118e+02	-4.4692e+02	9.5762e+02	-2.3209e+02	-5.4136e+02	5.6637e+02	-1.7391e+03	-8.5000e+01	-9.6023e+01	-1.4087e+03	8.0978e+02	-1.3120e+03	-1.7246e+02	-1.0390e+02	-2.7729e+02	1.2993e+01	-1.1149e+02	-1.4838e+03	8.7721e+02	9.1144e+02	-2.0372e+03	-5.2154e+02	8.8406e+02	9.0296e+02	1.1290e+03	-1.0240e+03	9.0423e+00	-1.8571e+03	-9.6159e+02	1.3113e+03	5.8924e+02	-2.6901e+02	2.0320e+03	-8.9262e+02	-1.1872e+03	2.8574e+02	-2.2747e+02	6.1255e-02
6.0000e+04	7.9785e+02	1.3831e+03	3.9541e+01	4.4773e+02	1.8901e+03	-9.3340e+02	-8.0767e+02	-3.2348e+02	1.2390e+02	9.5541e+01	1.8981e+02	8.9259e+01	-2.0619e+01	4.9405e+02	5.2496e+02	1.5527e+03	9.0410e+02	3.9401e+02	-9.6148e+02	3.0704e+02	-5.6812e+02	1.1752e+03	6.8941e+02	9.2678e+02	-1.1803e+03	9.9478e+02	-5.6525e+02	6.8677e+02	1.2784e+03	8.6250e+02	6.7510e+02	-1.1485e+03	3.6178e+02	1.6678e+02	2.5504e+02	-1.3043e+02	-4.4805e+02	-1.2380e+01	-1.0237e+03	6.3483e+02	1.6357e+01	3.6907e+02	3.5200e+02	6.8061e+02	-6.2028e+02	5.4565e+02	-2.7936e+02	-1.3555e+02	-8.7877e+02	5.2384e+02	7.2794e+02	3.4774e+02	-1.1521e+03	7.7852e+02	-8.1425e+02	-1.4341e+03	-6.7226e+02	6.0001e+02	5.7865e+01	2.4385e+02	-3.8926e+02	3.2410e+02	4.1010e+01	-2.1149e+02	-4.0786e+02	-3.3614e+02	-1.3975e+02	-1.1858e+03	-2.2753e+02	3.2786e+02	1.3193e+02	1.1655e+03	-7.3582e+02	-1.7043e+02	-5.8305e+02	2.2170e+02	1.2020e+03	1.3171e+02	5.6702e+02	4.2993e+02	-9.7677e+02	-2.4814e+01	-6.0515e+02	1.2171e+03	5.4255e+02	1.0756e+02	-1.0837e+03	-1.8979e+02	6.6081e+02	6.3538e+02	-1.6968e+02	9.1719e+02	5.8703e+02	-6.3081e+02	-3.7494e+02	-3.2628e+02	-8.7379e+02	4.6215e+01	9.0592e+02	1.6688e+02	2.4509e+02	-6.0959e+02	1.0985e+03	5.1107e+02	2.1305e+03	3.4183e+01	1.1509e+03	-5.2150e+02	-5.1761e+02	-1.0387e+02	3.6120e+01	1.0905e+03	6.7804e+02	8.5267e+02	6.2273e+02	-2.7385e+02	6.9424e+02	-7.3964e+02	-8.9505e+02	9.9998e+02	-8.5697e+02	3.0816e+02	3.7806e+02	1.5290e+03	5.1938e+02	3.0892e+02	4.0013e+02	9.3707e+02	3.4079e+02	-9.3570e+02	2.7008e+02	5.0481e+02	-2.0167e+02	-1.3419e+01	3.1372e+02	7.4041e+01	-1.9912e+02	-3.7686e+01	4.3631e+02	8.1484e+02	7.0916e+02	5.1363e+02	9.3937e+02	-3.4338e+02	7.4656e+02	-2.2534e+02	-5.4000e+02	2.9081e+02	-8.1541e+01	6.1174e+01	3.9339e+02	2.4337e+02	-6.5200e+02	1.0227e+03	6.3428e+02	-7.3332e+02	-8.4622e+01	-2.6391e+02	-4.7406e+02	-1.3501e+03	2.7225e+01	6.1012e+02	2.1377e+03	3.3170e+02	3.0925e+02	-4.6733e+02	-7.8470e+02	-1.6766e+02	-1.2625e+03	-5.6882e+02	-3.1160e+02	-5.0948e+02	1.2776e+03	1.0601e+03	-1.9029e+03	1.8777e+02	-7.3221e+01	7.5709e+02	-7.1336e+01	-2.5971e+02	-5.7927e+02	-7.0961e+02	6.1508e+02	5.7438e+02	5.3898e+02	1.6158e+02	-1.1184e+03	2.5330e+02	1.9864e+02	-8.2517e+02	-1.0085e+03	-2.2332e+02	-5.4202e+01	-7.5651e+02	4.5136e+02	-2.6121e+02	5.7227e+02	-8.8591e+02	-5.0113e+02	2.9260e+02
6.0000e+04	1.9774e+02	-7.6660e+02	-2.1603e+03	-3.4517e+02	-1.0651e+02	1.2381e+03	-3.3377e+02	9.4585e+02	1.5299e+03	-9.4670e+02	-2.0363e+02	-1.4341e+03	-1.3412e+03	-1.3282e+03	-6.9808e+02	1.1948e+03	-1.2732e+03	-7.3466e+02	-1.2347e+03	1.2650e+03	9.1068e+01	5.9006e+02	-1.4873e+02	8.9681e+01	1.4299e+03	3.2848e+02	-1.7928e+02	-8.3365e+02	-7.9290e+02	-4.5763e+02	9.5621e+02	-1.8227e+03	-2.1842e+03	-5.4656e+01	-9.3968e+02	5.5315e+02	1.6492e+03	-5.0802e+02	8.6762e+02	1.1405e+03	-1.7960e+02	1.9487e+02	-1.1376e+03	-7.1776e+02	-1.1145e+02	-1.4513e+03	-2.5531e+02	4.4645e+01	1.4190e+03	6.9482e+02	-3.0985e+02	2.9898e+02	-5.1374e+02	-4.0252e+02	-5.1102e+02	6.5062e+02	-1.4334e+03	1.0652e+03	2.8396e+02	-1.9155e+01	-5.1573e+02	-2.4526e+03	-5.2255e+02	2.6755e+02	4.3750e+00	-1.4112e+02	-8.0899e+02	-7.2901e+02	6.7227e+02	1.3954e+03	1.4211e+02	-7.7550e+02	-2.4272e+03	-1.6529e+02	4.8211e+02	2.1591e+03	9.2081e+02	-1.9784e+03	3.5761e+02	1.1617e+03	-9.4149e+02	-9.7758e+02	5.0664e+02	-5.6986e+02	1.5567e+03	1.4579e+03	-9.7499e+02	-8.7543e+02	2.0241e+03	-2.4880e+03	-2.1970e+02	-3.2612e+02	5.8324e+02	7.0732e+01	-2.7790e+02	-3.2470e+02	2.8707e+01	5.4178e+02	-2.8458e+02	-1.9115e+02	-4.5136e+01	-1.6357e+01	1.3893e+03	-1.5749e+03	1.3709e+03	1.8252e+03	1.3656e+03	-5.6824e+02	8.5953e+02	9.0325e+02	-1.1269e+02	5.4015e+02	-3.1114e+02	1.1520e+03	5.5408e+02	-9.1869e+02	-2.1765e+03	-1.4324e+02	8.1049e+02	-9.0562e+02	7.1415e+01	3.3008e+02	9.1439e+02	1.2226e+03	5.0837e+02	-8.1010e+02	1.3879e+02	-3.2520e+02	-6.0332e+01	9.6338e+02	-6.6668e+02	-1.2553e+03	-3.4968e+02	-1.0308e+03	2.3149e+03	6.6066e+02	-9.3318e+02	7.3547e+02	2.2984e+03	1.0627e+03	1.1120e+03	8.6905e+02	-1.0099e+03	1.1747e+02	-1.0405e+03	-6.4506e+02	1.0270e+03	2.9386e+02	1.6806e+03	1.1619e+03	-5.3576e+02	9.6733e+02	2.8691e+02	7.4708e+01	-1.4464e+03	-3.0195e+01	9.8638e+02	-8.2945e+02	8.6595e+02	-1.3479e+02	3.6588e+02	-3.0960e+02	7.7862e+02	-1.3011e+03	7.5475e+02	-4.0336e+02	4.0560e+02	1.4455e+03	-2.1875e+03	4.1253e+02	-6.5243e+02	-1.0848e+03	6.6065e+02	-9.9256e+02	-1.3644e+03	-1.0181e+03	3.8678e+02	-7.5795e+02	-1.4901e+02	-8.0947e+02	-5.8508e+02	1.7234e+03	-1.9468e+03	-4.8540e+02	8.9507e+02	2.1331e+02	1.4056e+03	-4.1781e+02	-3.7848e+02	-2.0458e+03	-1.2723e+03	1.9042e+03	8.0099e+02	1.4880e+01	2.2736e+03	-1.7983e+00	-6.2027e+02	2.9264e+02	-5.6010e+02	-3.3202e+02
8.0000e+04	9.8112e+02	9.4765e+02	-3.8278e+01	1.5244e+02	2.1307e+03	-7.4101e+02	-5.1337e+02	-5.2548e+02	6.0762e+02	1.3713e+02	5.0911e+02	1.4624e+02	4.5278e+01	3.5699e+01	1.2607e+03	1.6430e+03	2.8794e+02	-8.9456e+01	-1.0207e+03	1.0059e+03	-1.7491e+02	1.3943e+03	-1.0012e+02	6.9595e+02	-1.7394e+03	1.4455e+03	-5.0474e+02	6.0896e+02	1.5583e+03	1.0897e+03	1.1620e+03	-1.3338e+03	4.8195e+02	-2.2912e+02	-3.2492e+02	2.4861e+02	-6.9220e+02	2.6551e+02	-9.3972e+02	4.1689e+02	1.1544e+02	5.3932e+02	-6.6069e+01	6.8421e+02	-1.2213e+03	1.1207e+03	-5.3395e+02	-1.0759e+02	-9.0694e+02	6.6404e+02	1.0298e+03	3.4120e+02	-1.6158e+03	4.5783e+02	-1.3422e+03	-8.9071e+02	-1.6955e+02	1.1629e+03	5.3866e+01	4.3054e+02	-6.9553e+02	1.4225e+02	-1.1400e+01	-2.9954e+02	-1.0062e+03	-1.2705e+02	-9.2758e+00	-1.5135e+03	-7.6301e+02	5.4835e+02	-2.4856e+02	1.6048e+03	-1.3660e+02	-8.7524e+01	-3.7783e+02	2.2318e+02	1.1551e+03	4.9406e+02	1.0481e+02	5.0710e+01	-8.8673e+02	2.5936e+02	-8.2190e+02	1.5604e+03	9.9275e+02	-2.1220e+02	-5.2795e+02	-8.8219e+01	5.6285e+02	-1.4133e+02	-6.5361e+02	9.1598e+02	4.7562e+02	-2.9367e+02	-7.9155e+02	-1.0417e+02	-1.9231e+03	-3.3626e+02	1.2643e+03	-1.9658e+02	8.2348e+02	-7.3256e+02	9.8733e+02	6.8787e+01	1.8717e+03	-5.4866e+02	1.2172e+03	-4.1989e+02	-5.0631e+01	-2.5386e+02	-1.3062e+02	1.2976e+03	7.3530e+01	6.2168e+02	8.0016e+02	-5.0320e+02	5.1045e+02	-1.1117e+03	-5.6705e+02	1.5688e+03	-8.7314e+02	9.8928e+02	3.8386e+01	1.8859e+03	4.3398e+02	1.1276e+02	1.7940e+02	5.6087e+02	5.6212e+02	-1.5274e+03	-1.4749e+02	3.0294e+02	-2.2745e+01	4.5461e+02	-2.6483e+02	6.4796e+01	5.6555e+01	5.4370e+02	5.7505e+02	9.0987e+02	6.5395e+02	-3.1387e+01	3.4290e+02	-3.2386e+02	9.3013e+02	-6.4214e+02	-1.2422e+03	9.4002e+02	-9.0736e+01	4.8077e+02	-1.6898e+02	-8.7673e+01	-1.0504e+03	9.3006e+02	5.7641e+02	-9.7812e+02	3.6320e+02	-6.3327e+02	-5.5834e+02	-1.8252e+03	2.7106e+02	4.3713e+02	2.2740e+03	1.8834e+02	2.8114e+02	-5.5445e+02	-9.2706e+02	-2.5208e+02	-9.6168e+02	-3.6459e+02	-7.5945e+02	-7.8983e+02	7.6319e+02	4.2012e+02	-1.5390e+03	5.8355e+02	-5.2002e+01	3.1738e+02	-5.7457e+02	6.0221e+02	-8.7781e+02	-6.3924e+02	9.9092e+02	8.5069e+02	1.0881e+02	6.2517e+01	-1.6802e+03	3.4157e+02	2.3126e+02	-1.3336e+03	-1.2440e+03	2.6159e+02	-1.0597e+02	-2.1871e+02	4.6481e+02	1.0046e+02	-1.0012e+02	-9.8936e+02	-3.7255e+02	5.3191e+02
8.0000e+04	-2.5175e+02	-1.0229e+03	-2.1745e+03	-3.0253e+02	-9.1609e+02	1.0176e+03	3.1782e+02	6.3655e+02	8.6080e+02	-7.2786e+02	-1.2830e+03	-1.8282e+03	-6.4511e+02	-4.0336e+02	-1.0608e+03	1.7304e+03	-1.0810e+03	-1.2718e+03	-1.0404e+03	7.2985e+02	-1.2624e+01	4.6363e+02	-6.8673e+02	3.1111e+02	1.7483e+03	3.9144e+02	-3.0323e+02	-1.1640e+03	-1.2592e+03	-3.7715e+02	9.6501e+02	-3.1462e+03	-2.3371e+03	-1.3365e+03	-4.7533e+02	1.3117e+03	5.1553e+02	-4.3710e+02	1.6896e+02	9.3983e+02	3.5005e+02	7.1219e+02	3.6198e+01	-1.2320e+03	-1.0266e+03	-1.1690e+03	-7.0295e+02	-1.6526e+01	1.0900e+03	1.2251e+03	-2.0013e+02	9.9283e+02	-5.7878e+02	5.7359e+01	-1.0175e+03	5.0919e+02	-1.1417e+03	1.7130e+03	1.0469e+03	-6.3091e+02	-7.2227e+02	-1.8529e+03	2.2770e+02	-1.0033e+02	1.1841e+02	1.8121e+02	-1.4904e+03	-2.9795e+02	5.3745e+02	1.2924e+03	-7.9159e+00	-7.7792e+02	-2.4270e+03	2.3597e+02	5.1404e+02	2.6608e+03	1.4602e+03	-1.7171e+03	-2.0346e+02	7.6682e+02	-4.0138e+02	-2.1482e+03	1.0647e+03	-2.0197e+03	1.0234e+03	1.6888e+03	-2.0941e+03	-7.5951e+02	1.9713e+03	-2.6164e+03	7.8002e+02	-1.2104e+03	1.0482e+03	9.6499e+02	9.8844e+00	-6.6451e+02	2.3066e+02	6.5304e+02	1.9100e+02	3.5118e+02	-8.0026e+01	-2.7494e+02	9.4174e+01	-1.8090e+03	5.4855e+02	1.6620e+03	8.0047e+02	-8.3909e+02	1.0616e+03	3.6836e+02	1.4385e+02	5.9469e+02	-1.2127e+03	7.0691e+02	1.4429e+02	-8.5809e+01	-2.4857e+03	2.3746e+02	1.1740e+01	-8.1668e+02	-1.4951e+02	7.0044e+02	8.3652e+02	1.3448e+03	1.4026e+02	-2.0588e+01	-2.8964e+02	-9.1299e+02	-3.5079e+02	1.3187e+03	-1.1732e+03	-1.3430e+03	-2.2679e+02	-3.7596e+02	2.3119e+03	1.7353e+03	-8.5804e+02	7.9164e+02	2.4442e+03	9.8592e+02	2.1802e+03	3.5027e+02	-5.0238e+02	-1.5770e+02	-3.4233e+02	-2.8841e+01	1.0021e+03	3.2641e+02	1.9068e+03	8.2512e+02	-1.0251e+03	6.4891e+02	-1.9165e+02	-3.1020e+02	-1.7382e+03	-4.4388e+02	6.3445e+02	-7.0670e+02	-9.7575e+02	-6.9962e+02	2.4172e+02	-1.3862e+03	1.4504e+03	-1.8067e+03	6.3617e+01	1.7383e+02	7.9061e+02	1.2891e+03	-2.3157e+03	6.3770e+02	5.5740e+02	-5.3029e+02	-3.3851e+02	-1.3955e+03	-2.8819e+02	-1.7836e+03	7.7094e+02	-1.9075e+00	-8.9632e+02	-5.9146e+02	-7.8489e+02	2.0298e+03	-2.5259e+03	8.1099e+02	9.3866e+02	2.5183e+02	1.2695e+03	1.6149e+02	-1.1552e+02	-1.7725e+03	-1.1569e+03	7.4785e+02	7.5014e+02	2.0322e+02	2.5927e+03	-1.6425e+02	4.8879e+02	1.5355e+03	4.4863e+01	9.2698e+01
1.0000e+05	1.3411e+03	1.2897e+03	-2.0017e+02	1.6661e+02	1.8681e+03	-3.6640e+02	-7.2492e+02	-3.1918e+02	4.5621e+02	4.4034e+02	-2.5034e+01	-1.5206e+02	1.3939e+02	-3.8142e+02	1.2941e+03	1.8882e+03	-1.5799e+02	-3.1324e+02	-1.6573e+03	8.9806e+02	-3.6809e+02	1.8042e+03	2.4318e+01	9.5809e+02	-2.5238e+03	1.3014e+03	-3.7738e+02	5.5278e+02	2.5332e+03	9.8484e+02	1.2429e+03	-1.5712e+03	7.3899e+02	-1.0394e+03	-4.3212e+02	5.3761e+02	-1.0180e+03	-2.0899e+02	-1.3795e+03	2.1113e+02	-2.0811e+02	-5.6397e+01	-2.8683e+02	1.0764e+03	-1.2735e+03	7.2275e+02	-7.1514e+02	3.7130e+01	-8.5681e+02	8.0369e+02	9.2134e+02	5.7949e+02	-1.8445e+03	9.2377e+02	-1.7500e+03	-7.9488e+02	-5.8063e+02	1.4190e+03	-5.6136e+01	3.5613e+02	-9.6252e+02	3.3577e+02	-3.3381e+02	-1.8260e+01	-8.1148e+02	-6.3692e+02	2.4394e+02	-1.7337e+03	-1.5695e+03	8.5231e+02	-4.4908e+02	1.7580e+03	-5.4598e+02	-6.1635e+01	-9.3763e+02	8.7671e+02	1.1006e+03	5.1989e+02	1.7548e+02	1.5585e+02	-7.1125e+02	2.0971e+02	-4.2095e+02	1.1242e+03	1.3645e+03	-6.2654e+02	-2.1361e+02	3.3799e+02	8.1017e+02	-3.6110e+02	-9.1134e+02	1.1447e+03	2.6938e+02	-2.8015e+02	-9.4575e+02	7.2321e+01	-2.1560e+03	-9.9882e+01	1.3521e+03	-2.2752e+02	6.6235e+02	-1.2566e+03	5.1416e+02	3.6705e+02	1.6390e+03	-3.0820e+02	9.6515e+02	-4.7526e+02	4.5290e+01	2.1291e+02	1.5910e+02	1.3231e+03	-2.7422e+02	5.9778e+02	9.5618e+02	-3.8240e+02	8.5961e+01	-1.3796e+03	-8.5817e+02	2.0039e+03	-6.9523e+02	1.0372e+03	5.6806e+02	2.2807e+03	6.5196e+02	-4.4607e+01	4.3222e+02	4.0492e+02	1.2800e+03	-8.1025e+02	-6.6291e+01	2.3925e+02	-3.7783e+02	1.2624e+02	-7.6765e+02	5.9757e+02	5.4513e+02	1.1633e+03	1.1897e+03	9.0442e+02	7.5059e+02	-4.3834e+02	-3.4623e+02	-7.0323e+02	9.6307e+02	-7.5895e+02	-9.3763e+02	9.5679e+02	-1.2782e+02	3.9535e+02	-7.2223e+02	-8.5528e+02	-8.2328e+02	1.0285e+03	7.4407e+02	-1.0272e+03	7.8723e+02	-4.9271e+02	6.9931e+01	-1.9330e+03	2.0108e+02	6.2170e+01	2.1531e+03	1.4463e+01	9.2930e+02	-4.6001e+02	-4.8301e+02	4.6778e+02	-7.2586e+02	3.1139e+02	-5.2434e+02	-7.6136e+02	1.8959e+02	1.3591e+03	-1.8045e+03	2.9129e+02	-3.2460e+02	3.7900e+02	-4.6246e+02	5.5705e+02	-8.8261e+02	-6.4243e+02	7.1195e+02	1.6418e+03	-3.3555e+01	-9.8803e+00	-2.1506e+03	1.9530e+02	8.7157e+02	-1.1394e+03	-9.9790e+02	1.2973e+02	2.2763e+02	-7.9592e+02	3.9626e+02	3.7136e+02	-5.5558e+01	-9.7862e+02	-1.1995e+02	5.3183e+02
1.0000e+05	-2.8325e+02	-1.6274e+03	-8.5687e+02	-7.4472e+02	-7.8003e+02	5.7672e+02	1.0208e+03	9.9248e+02	8.1093e+02	2.5113e+01	-1.5810e+03	-1.8558e+03	3.6596e+02	-2.1638e+02	-1.5842e+03	2.0398e+03	-9.8354e+02	-7.3524e+02	-1.1705e+03	1.1576e+03	5.1452e+02	2.4366e+02	-1.0323e+03	9.4926e+02	1.6009e+03	6.5607e+02	3.2723e+02	-4.4512e+02	-1.2576e+03	-1.3262e+03	9.9823e+02	-3.2445e+03	-3.3659e+03	-1.0210e+03	-5.1464e+02	1.5144e+03	2.4443e+02	3.2304e+01	-6.5436e+01	1.0125e+03	9.3551e+02	4.6433e+02	1.1001e+03	-2.1476e+03	-1.5719e+03	-1.9643e+03	-1.3787e+03	2.6105e+02	2.2162e+02	1.7315e+03	-6.1830e+02	9.4451e+02	-9.2425e+02	8.3645e+02	-1.2308e+03	3.8967e+02	-1.4063e+03	1.1238e+03	1.4015e+03	3.1376e+02	-5.5940e+02	-1.8348e+03	2.7241e+02	-6.7660e+02	4.1858e+02	3.5046e+02	-3.4182e+03	2.4594e+02	1.1702e+03	1.3957e+03	1.7509e+02	-2.1498e+02	-1.3217e+03	1.2510e+03	3.9411e+02	3.1716e+03	1.5923e+03	-2.6892e+03	1.5091e+02	9.7978e+02	-1.2404e+03	-1.5851e+03	4.2850e+02	-2.6497e+03	7.7737e+02	2.1883e+03	-2.6460e+03	-5.7556e+02	2.3117e+03	-2.8959e+03	9.5945e+02	-5.6128e+02	4.8296e+02	8.3179e+02	1.7010e+02	-8.8666e+02	1.1717e+03	3.8124e+02	5.4680e+02	1.2542e+03	8.5607e+02	6.0512e+02	-7.1677e+01	-1.2478e+03	7.8204e+02	1.3771e+03	1.9843e+03	-1.3474e+03	7.1887e+02	6.5653e+02	1.1190e+02	5.7445e+02	-3.0976e+02	2.9703e+02	7.6131e+02	9.7203e+02	-2.9603e+03	-7.5582e+01	1.1286e+03	-1.7162e+03	5.3118e+02	3.1313e+02	1.4686e+03	6.3725e+02	-6.4596e+02	2.7714e+01	4.8479e+02	-1.0327e+03	-5.4974e+02	8.2361e+02	-1.6563e+03	-5.0754e+02	3.5384e+01	-8.3467e+02	1.3352e+03	1.2755e+03	-1.1210e+03	1.2733e+03	2.7731e+03	1.5643e+03	2.8755e+03	7.5800e+02	1.8057e+02	4.1673e+02	-1.6645e+03	-4.1698e+02	4.5560e+02	4.6974e+02	1.9283e+03	7.2535e+02	-1.2562e+03	1.2902e+03	6.9471e+02	5.6826e+02	-1.8699e+03	4.2440e+02	-3.2707e+01	-7.1600e+02	-4.0046e+02	-3.8537e+02	1.8154e+02	-8.2629e+02	9.2864e+02	-1.3231e+03	-3.0944e+02	-2.0865e+01	7.2852e+02	7.3145e+02	-2.7784e+03	-3.4197e+02	1.0558e+03	-4.5690e+02	-5.7096e+02	-1.6887e+03	5.5357e+01	-1.5131e+03	8.3180e+02	3.9796e+02	-9.8256e+02	-7.7828e+02	-4.0181e+02	2.2356e+03	-2.5894e+03	4.2380e+02	1.0564e+03	1.3041e+03	8.2728e+02	3.1606e+00	3.0570e+02	-1.5134e+03	-5.0310e+02	6.5244e+02	8.7461e+02	-1.9353e+02	2.2592e+03	-4.5197e+02	6.0294e+01	1.5287e+03	-3.4084e+02	2.5965e+02
1.2000e+05	1.4594e+03	1.2921e+03	-7.9929e+02	6.7457e+02	1.9034e+03	-1.1314e+02	-6.6273e+02	-5.6319e+02	-5.6262e+01	1.4954e+03	-6.5153e+01	-4.8063e+00	3.0954e+02	-8.2824e+02	1.7943e+03	1.8365e+03	-4.1228e+02	-6.4420e+02	-1.8164e+03	1.0695e+03	3.4851e+02	2.0604e+03	1.9494e+01	1.4251e+03	-2.5544e+03	1.3765e+03	-5.6782e+02	6.0611e+01	2.8498e+03	7.0485e+02	1.2910e+03	-1.2088e+03	5.7557e+02	-1.3373e+03	-6.9476e+02	8.2053e+02	-1.3017e+03	-3.6157e+01	-1.0567e+03	3.6721e+02	2.5500e+01	-7.2530e+02	1.5919e+02	1.4546e+03	-1.6104e+03	9.8192e+02	-1.1300e+03	-3.9997e+02	-6.3078e+02	4.1252e+02	1.5713e+03	1.0843e+03	-2.4362e+03	6.5946e+02	-2.2371e+03	-5.5461e+02	-5.9324e+02	2.0440e+03	4.6879e+00	2.3959e+02	-9.1099e+02	2.7079e+02	-7.7078e+02	3.1445e+01	-6.4317e+02	-6.7200e+02	1.2870e+03	-1.6149e+03	-1.8836e+03	7.2344e+02	-4.6973e+00	1.6244e+03	-1.0881e+03	-7.9062e+01	-7.4502e+02	1.2423e+03	1.5626e+03	2.4350e+02	3.9459e+02	4.6223e+01	-5.7084e+02	8.2262e+01	-4.5005e+00	2.5444e+02	1.0434e+03	-2.0252e+02	-3.0248e+02	5.9282e+02	9.2628e+02	-2.8712e+01	-4.5064e+02	1.2560e+03	3.5515e+02	2.8077e+02	-1.0465e+03	-2.9186e+01	-1.8205e+03	-1.6778e+02	1.0463e+03	-2.3347e+02	1.0370e+03	-1.3068e+03	8.5182e+01	6.8529e+02	1.2514e+03	-3.3796e+02	1.2367e+03	-8.3165e+02	2.2683e+02	4.0424e+01	8.4009e+01	1.5145e+03	-3.8538e+02	1.1818e+03	8.3381e+02	-5.3241e+02	-7.3078e+02	-9.6238e+02	-2.4184e+02	2.0999e+03	-9.8156e+02	8.1840e+02	3.7826e+02	2.0189e+03	1.4475e+03	-3.0706e+02	7.9972e+02	-2.9447e+02	1.5956e+03	-2.9001e+02	1.6835e+02	2.0910e+02	-2.5744e+02	4.4932e+02	-1.1207e+03	8.8818e+02	6.8277e+02	1.2872e+03	1.3545e+03	9.4641e+02	2.0857e+02	-7.1880e+02	5.8132e+01	5.0389e+01	1.0217e+03	-8.0414e+02	-1.0328e+03	1.1791e+03	-3.4538e+02	1.0831e+03	-8.3197e+02	-8.9762e+02	-6.8135e+02	7.8159e+02	9.1596e+02	-1.4441e+03	3.6681e+02	-1.1115e+03	-2.7483e+02	-2.5952e+03	-7.0864e+01	1.7759e+02	2.0820e+03	5.3350e+00	8.0500e+02	1.5156e+02	-3.9239e+02	3.5268e+02	-4.4661e+02	2.3322e+02	-4.3208e+02	-1.0013e+03	2.6647e+02	1.4664e+03	-2.0905e+03	-1.1757e+02	-3.8065e+02	5.3168e+01	-3.0455e+02	5.3176e+02	-9.0193e+02	-6.3791e+02	6.8414e+02	1.4417e+03	-4.2199e+02	-1.6037e+01	-2.2288e+03	1.0613e+02	7.4697e+02	-7.2550e+02	-9.8534e+02	-3.9016e+01	1.2946e+02	-1.0796e+03	-1.3086e+02	4.1988e+02	-2.2028e+01	-9.3933e+02	-2.2432e+02	3.9387e+02
1.2000e+05	3.8267e+02	-4.2507e+02	-3.5709e+02	1.0006e+02	-1.2422e+02	1.1332e+03	5.0169e+02	7.4383e+02	6.5283e+02	-2.8338e+02	-1.6908e+03	-2.0982e+03	1.1058e+03	-1.7635e+02	-5.2061e+02	1.9614e+03	-8.9679e+02	-6.9865e+02	-1.5710e+03	1.4903e+03	5.0115e+02	-1.8272e+02	-1.6541e+03	7.5374e+02	1.4137e+03	1.5896e+02	2.0041e+01	-6.3653e+02	-1.2410e+03	-2.4947e+03	1.9156e+03	-3.5802e+03	-2.9546e+03	-1.0932e+03	-8.8264e+02	1.2338e+02	9.8809e+02	3.2306e+02	-8.0028e+02	4.3478e+02	2.7671e+02	7.2559e+02	1.8690e+03	-2.4548e+03	-1.8148e+03	-2.5197e+03	-1.4681e+03	4.5548e+02	4.7935e+02	1.1815e+03	-1.6725e+03	1.4459e+03	-1.4966e+03	5.5590e+02	-1.6665e+02	6.1536e+02	-1.2097e+03	6.7739e+02	1.5963e+03	-1.4426e+02	-1.7797e+02	-1.1404e+03	-3.7577e+02	-1.3707e+03	4.9435e+02	1.3298e+03	-3.2005e+03	8.8151e+02	1.0184e+03	1.6726e+03	-6.6105e+01	1.9175e+02	-1.1272e+03	1.3849e+03	1.7646e+03	3.9819e+03	2.3045e+03	-2.9896e+03	8.8362e+00	9.7540e+02	-1.9914e+03	-5.1109e+02	6.4495e+02	-2.5805e+03	-3.8849e+02	2.7913e+03	-2.5739e+03	-5.2955e+02	3.1115e+03	-3.3854e+03	-8.6194e+02	-7.9196e+02	7.6390e+02	1.7519e+03	8.8228e+02	-1.3652e+03	1.9153e+03	1.0163e+02	1.7805e+02	6.7706e+02	7.1901e+02	6.8085e+02	3.1622e+02	-1.1975e+03	2.0970e+02	1.3062e+03	1.2955e+03	-1.7674e+03	1.2503e+03	5.5360e+02	-3.9220e+02	7.9101e+02	-5.9827e+02	-1.5770e+02	5.1296e+02	5.5978e+02	-3.6432e+03	1.1440e+02	1.0764e+03	-5.9834e+02	6.4000e+02	-7.8428e+02	1.4978e+03	5.2982e+02	-2.8681e+02	5.9176e+01	1.1416e+01	-1.3530e+03	-1.7019e+03	1.6984e+03	-1.7380e+03	-2.8205e+02	-3.9921e+02	4.1678e+01	1.4777e+03	1.4402e+03	-7.9316e+02	1.0955e+03	2.7334e+03	1.4036e+03	3.1803e+03	8.6750e+02	9.6616e+02	8.4551e+02	-1.7721e+03	-1.1918e+03	8.1725e+02	-6.9237e+01	2.3071e+03	5.2276e+02	-2.2793e+03	1.0611e+03	1.0073e+03	7.1290e+02	-1.8320e+03	-2.5998e+02	3.1802e+01	-9.2430e+02	-1.2406e+03	1.0513e+02	8.7359e+02	-8.1919e+02	1.0110e+03	-1.0624e+03	-6.3576e+02	3.4531e+02	4.9350e+02	6.8708e+02	-2.8726e+03	-1.8828e+02	6.7449e+02	-5.1026e+02	-9.5927e+02	-1.0686e+03	9.2790e+02	-1.0652e+03	1.4344e+03	-5.4920e+02	-4.3694e+02	-1.2792e+03	-4.4635e+01	2.1129e+03	-2.3964e+03	-5.6065e+02	9.1357e+02	1.0342e+03	1.8450e+03	-5.3048e+02	3.7557e+02	-1.2647e+02	-4.1891e+02	1.3612e+03	1.4922e+03	4.9136e+02	2.5593e+03	8.9900e+02	4.4282e+02	1.3528e+03	-5.7348e+02	3.7356e+02
1.4000e+05	1.8861e+03	1.6974e+03	-7.9502e+02	4.9914e+02	2.3669e+03	-5.2221e+02	-4.7640e+02	-8.7125e+02	-4.6137e+01	1.6755e+03	-1.8980e+02	-2.5993e+02	3.0941e+02	-3.5047e+02	1.5223e+03	1.4644e+03	-9.2800e+02	-5.6201e+02	-2.1341e+03	7.9456e+02	6.8914e+02	2.2305e+03	8.3821e+01	1.3859e+03	-2.7835e+03	1.5311e+03	-8.1251e+02	5.0358e+02	2.6698e+03	8.0712e+02	7.0315e+02	-1.1426e+03	6.5025e+02	-1.0788e+03	-3.7983e+02	9.6192e+02	-1.4654e+03	-2.0805e+02	-1.8009e+03	7.4214e+02	1.7959e+02	-1.2705e+03	-1.0398e+02	8.8865e+02	-1.7034e+03	9.3223e+02	-9.7405e+02	-1.2989e+02	-7.0247e+02	3.9943e+02	1.5651e+03	1.1712e+03	-2.7720e+03	6.0893e+02	-2.0538e+03	-5.5274e+02	-7.5940e+02	2.2501e+03	-5.7104e+02	6.5574e+02	-1.1540e+03	4.6480e+02	-8.8235e+02	-5.7442e+01	-5.1252e+02	-6.1090e+02	1.1846e+03	-1.2940e+03	-2.3200e+03	5.1475e+02	-2.9170e+02	1.5796e+03	-1.5417e+03	-2.3430e+02	-7.2212e+02	1.5982e+03	1.3669e+03	3.0534e+02	4.8188e+02	-2.0579e+02	-9.6490e+02	7.0519e+02	-3.0117e+02	-4.2317e+02	9.2946e+02	-4.4936e+02	-7.5019e+02	9.2755e+02	9.1027e+02	-7.4033e+02	-8.0499e+02	7.6520e+02	4.8671e+02	1.1363e+03	-1.2202e+03	8.5837e+01	-2.3817e+03	-3.2658e+02	1.0446e+03	-5.8751e+02	8.1458e+02	-1.1701e+03	3.9035e+02	1.3257e+03	1.5067e+03	-1.0793e+02	7.9766e+02	-6.5391e+02	3.3953e+02	-1.9419e+02	9.0043e+01	1.7938e+03	-5.5596e+02	1.1079e+03	1.3340e+03	-6.0625e+02	-1.1475e+03	-1.1919e+03	3.0251e+01	2.2448e+03	-5.2235e+02	8.3829e+02	3.5162e+02	1.9484e+03	1.9949e+03	-1.5845e+02	3.1340e+02	-3.9944e+02	1.4111e+03	-2.7627e+02	-2.2181e+02	-2.3906e+01	-4.8190e+02	-3.5828e+01	-1.0997e+03	5.2623e+02	3.3556e+02	1.4129e+03	1.3438e+03	1.1168e+03	-1.9139e+00	-8.8900e+02	-2.4124e+02	2.5968e+02	4.9024e+02	-8.8124e+02	-1.6390e+03	8.7677e+02	-1.7321e+02	1.1249e+03	1.6285e+01	-9.9961e+02	-5.3877e+02	1.3625e+03	1.1981e+03	-1.5501e+03	2.3720e+02	-1.5068e+03	-1.1114e+02	-1.6411e+03	2.4462e+02	6.1256e+02	1.6119e+03	1.8286e+02	9.5559e+02	1.5876e+02	-6.2504e+02	-1.6589e+02	-8.4068e+02	2.7239e+02	-9.2969e+02	-1.1590e+03	-1.8876e+02	1.4738e+03	-2.7538e+03	1.0223e+02	-5.3747e+02	6.0527e+02	-2.5242e+02	7.1323e+02	-7.3997e+02	-7.5845e+02	2.5648e+02	1.8262e+03	-2.5026e+02	7.6645e+01	-2.2659e+03	-5.8709e+02	1.2546e+03	-1.0202e+03	-1.2243e+03	2.3543e+02	7.4467e+02	-8.9653e+02	4.3109e+01	-1.7812e+02	-1.6968e+02	-3.0903e+02	-3.1331e+02	6.8994e+01
1.4000e+05	-3.0237e+02	-4.0853e+02	-3.5482e+02	-3.3562e+02	6.2257e+02	1.2369e+03	2.9723e+02	1.0902e+03	1.1116e+02	2.0197e+02	-2.0800e+03	-1.8382e+03	8.7778e+02	-1.2063e+03	-1.1538e+02	1.6861e+03	-1.3064e+03	-8.1619e+02	-1.7620e+03	1.6012e+03	2.2407e+02	-3.4984e+02	-6.2401e+02	6.1170e+02	1.7889e+03	3.1532e+02	-6.2232e+02	-1.6834e+02	-1.1368e+03	-3.2816e+03	2.5518e+03	-3.8441e+03	-2.5530e+03	-1.1364e+03	-1.3627e+03	1.6978e+02	1.4685e+03	-4.3095e+02	-6.3906e+02	5.2235e+02	4.7686e+02	2.5939e+02	1.9752e+03	-2.5691e+03	-2.7506e+03	-1.8550e+03	-1.0336e+03	1.2453e+02	2.9820e+02	5.7015e+02	-1.1445e+03	1.0387e+03	-1.4295e+03	3.9235e+02	8.4303e+02	-6.7804e+02	-1.3181e+03	4.1778e+02	1.2665e+03	2.2572e+02	-9.5637e+02	-1.1034e+03	-1.2866e+03	-1.0593e+03	9.8205e+02	9.8963e+02	-3.0499e+03	1.3097e+03	2.0308e+03	1.2019e+03	8.1966e+01	5.3163e+02	-1.6117e+03	1.1950e+03	2.2581e+03	3.4216e+03	2.8305e+03	-2.9046e+03	3.4077e+01	5.0453e+02	-1.6895e+03	-1.5484e+03	1.8601e+02	-2.1285e+03	-1.1470e+03	2.6077e+03	-3.1812e+03	-1.4893e+03	2.7104e+03	-3.9203e+03	-1.0278e+03	-8.1077e+02	-3.0680e+01	2.1005e+03	7.2893e+02	-1.1539e+03	2.1455e+03	1.1767e+02	6.7359e+02	-2.2863e+02	1.0060e+03	4.8540e+02	-4.9197e+02	-1.4552e+03	-3.1320e+02	1.2905e+03	1.0136e+03	-1.2597e+03	1.4932e+03	8.3006e+02	7.9175e+02	9.1569e+02	-3.1123e+02	-6.5607e+02	7.6083e+01	6.8637e+02	-3.6269e+03	3.3185e+02	6.0083e+02	-4.7381e+02	8.5025e+02	-7.6235e+02	2.4146e+02	3.8325e+02	-8.7450e+02	-1.8378e+01	5.7871e+01	-7.7440e+02	-1.5001e+03	1.8057e+03	-9.1747e+02	-1.8387e+02	-1.6117e+01	-3.6783e+01	1.1292e+03	2.7137e+03	-1.0796e+03	1.8233e+03	3.0960e+03	9.4461e+02	2.7601e+03	1.1751e+03	1.9930e+03	2.7245e+02	-1.7805e+03	-6.9914e+02	1.1700e+03	4.5012e+02	3.1083e+03	3.2433e+02	-1.9905e+03	3.5284e+02	9.8706e+02	4.0850e+01	-2.0239e+03	5.7354e+02	-2.1314e+02	-7.6779e+02	-1.6496e+03	6.1881e+02	5.5363e+02	3.3946e+02	1.4779e+03	-1.1772e+03	4.2685e+02	-9.9566e+01	1.1247e+03	1.2915e+02	-3.4899e+03	2.1357e+02	7.6641e+00	-8.7587e+02	-5.1172e+02	-9.6119e+02	-7.0764e+02	-1.2922e+03	1.9493e+03	-1.0262e+03	-1.0708e+03	-1.7738e+03	3.7724e+01	1.8829e+03	-2.2235e+03	-1.0635e+03	-3.9585e+02	2.2178e+03	2.3703e+03	-2.4820e+02	-2.7975e+02	5.2182e+02	-5.2507e+02	2.6114e+03	1.5693e+03	1.0082e+03	2.5501e+03	2.9058e+02	2.6119e+02	1.5804e+03	-1.2342e+03	7.2555e+02
1.6000e+05	1.4899e+03	1.9460e+03	-9.0946e+02	7.6800e+02	2.1030e+03	-7.5814e+02	-2.7104e+01	-5.9112e+02	7.3656e+02	1.6383e+03	-9.1970e+01	-4.8492e+02	3.7956e+02	-5.4143e+02	1.9252e+03	1.5834e+03	-7.1526e+02	-1.3218e+02	-3.1955e+03	6.8097e+02	5.2858e+02	1.6632e+03	3.1340e+02	1.5657e+03	-3.1375e+03	1.3327e+03	-6.9850e+02	5.9957e+02	3.6151e+03	7.5348e+02	7.7868e+02	-1.0086e+03	1.1237e+03	-7.0960e+02	-5.3877e+02	8.7588e+02	-1.3230e+03	-7.0633e+02	-1.6929e+03	3.3854e+02	3.9784e+02	-9.2564e+02	-6.1258e+02	5.5208e+02	-2.2171e+03	9.8751e+02	-9.8754e+02	-3.3861e+02	-1.0959e+03	6.1361e+02	1.5576e+03	1.4781e+03	-3.4326e+03	3.7514e+02	-2.0259e+03	-9.9417e+02	-8.4866e+02	1.7092e+03	-7.9498e+02	-2.4558e+01	-2.1629e+03	7.6406e+02	-5.2712e+02	4.7131e+02	-1.1186e+03	-7.3329e+02	1.4710e+03	-1.0952e+03	-2.8892e+03	8.1781e+02	3.8868e+01	1.4821e+03	-1.7130e+03	1.8322e+02	-8.7452e+02	1.8913e+03	1.3349e+03	3.5767e+01	7.3645e+02	-2.8683e+01	-6.8281e+02	5.8262e+02	9.9168e+01	-1.9139e+02	9.1518e+02	-4.8108e+02	-5.9798e+02	6.4937e+02	8.4558e+02	-6.4809e+02	-6.9240e+02	5.2151e+02	2.0706e+02	1.2376e+03	-1.7452e+03	8.1506e+01	-1.6181e+03	-1.4279e+02	1.6195e+03	-8.7375e+02	2.7673e+02	-1.1628e+03	9.1559e+02	9.5734e+02	1.2624e+03	1.7831e+02	1.1242e+03	-8.3152e+02	6.1963e+02	-2.4847e+02	2.2504e+02	1.5414e+03	-9.3438e+02	8.4483e+02	1.3148e+03	1.3399e+02	-1.3647e+03	-1.4514e+03	-1.9872e+02	1.7540e+03	-7.0336e+01	1.4379e+03	-2.5749e+02	2.0997e+03	2.1506e+03	-3.4699e+01	3.1409e+02	-2.7880e+02	1.4221e+03	2.1897e+00	1.7116e+02	1.5539e+01	-4.5015e+02	-4.4282e+01	-1.4517e+03	8.0174e+02	1.1099e+02	1.6338e+03	1.5575e+03	1.7346e+03	-8.1641e+02	-8.1711e+02	-4.7662e+02	-3.4459e+01	9.5704e+01	-1.0322e+03	-1.6350e+03	7.7825e+02	-7.3570e+01	1.1925e+03	4.7737e+01	-1.4432e+03	1.8799e+02	1.2392e+03	4.5697e+02	-1.7254e+03	6.3414e+02	-1.4651e+03	-4.2780e+02	-1.7920e+03	6.1541e+02	5.8747e+02	1.3736e+03	-2.1609e+01	3.6765e+02	-1.0735e+02	-1.1035e+03	-1.5042e+02	-1.1969e+03	1.0242e+03	-6.1257e+02	-9.7062e+02	-7.4977e+02	1.7583e+03	-3.0214e+03	-5.9701e+02	-1.9094e+02	1.2445e+03	2.4153e+02	1.3756e+03	-6.8483e+02	-1.2889e+03	-3.3252e+00	1.9791e+03	-5.0062e+02	-5.1771e+02	-1.9324e+03	-1.5830e+03	1.2296e+03	-8.0095e+02	-6.0509e+02	3.1271e+02	1.0652e+03	-1.9475e+03	4.2454e+02	-4.8441e+01	-3.9830e+02	3.8742e+02	-1.7721e+02	1.1276e+03
1.6000e+05	-7.4597e+02	-2.5300e+02	1.6989e+02	-1.3231e+01	1.1132e+03	8.5739e+02	3.9723e+02	9.1516e+02	3.7669e+02	5.3583e+01	-1.8650e+03	-2.0351e+03	7.6954e+02	-1.4086e+03	3.6119e+02	2.7546e+03	-2.0224e+03	-9.1308e+02	-1.9271e+03	1.1145e+03	4.7753e+02	-4.1567e+02	-1.6731e+03	9.8662e+02	3.1208e+03	9.4259e+02	2.0331e+02	4.0301e+01	-4.2676e+02	-3.5961e+03	1.8198e+03	-3.8325e+03	-2.7470e+03	-1.5487e+03	-1.4900e+03	3.1302e+02	1.1723e+03	-8.0460e+02	-7.3778e+02	-1.5242e+02	1.5544e+03	-7.5317e+02	2.1846e+03	-3.7603e+03	-3.6485e+03	-1.8650e+03	-6.4839e+02	-3.6271e+02	3.0113e+02	6.7433e+02	-1.9544e+03	1.0993e+03	-9.2421e+02	4.0946e+02	4.8798e+02	-4.7939e+02	-1.6630e+03	3.7091e+02	8.5376e+02	-3.4387e+02	-1.4295e+03	-1.3088e+03	-1.0362e+03	-6.2696e+02	5.6467e+02	8.4670e+02	-2.8282e+03	9.0805e+02	2.8818e+03	6.5754e+02	-2.4335e+02	6.2004e+02	-2.1233e+03	2.2851e+03	1.9919e+03	4.0202e+03	2.3713e+03	-3.3689e+03	7.0876e+02	6.6825e+02	-8.3185e+02	-2.5007e+03	4.6432e+02	-1.0572e+03	-1.3989e+02	3.0850e+03	-4.0307e+03	-1.1935e+03	3.2866e+03	-4.4390e+03	-6.6040e+02	-1.4262e+03	-1.3532e+02	2.3178e+03	9.6698e+02	-1.4352e+02	1.6634e+03	5.7591e+02	1.1277e+03	3.0632e+02	1.2827e+03	1.0808e+03	-2.2292e+02	-1.1449e+03	-2.2530e+02	1.8659e+03	1.5824e+03	-5.7950e+02	1.3737e+03	1.1195e+03	5.3105e+02	1.3348e+03	-8.0954e+02	-2.4302e+02	2.9012e+02	-7.8165e+00	-4.4733e+03	-3.9185e+02	1.1921e+03	-5.5714e+02	1.2132e+03	-6.5245e+02	9.3036e+01	-1.7345e+01	-9.7826e+01	-9.4397e+01	1.0368e+01	-5.7388e+02	-3.3285e+02	2.6384e+03	-1.3620e+03	-8.6349e+02	-7.2314e+02	-7.7625e+02	1.1255e+03	2.2940e+03	-1.8678e+03	1.8195e+03	2.9317e+03	3.5458e+02	2.5136e+03	1.0888e+03	1.4130e+03	9.5653e+02	-9.4207e+02	-1.5593e+02	1.2910e+03	5.8421e+02	2.9791e+03	-5.9058e+02	-2.8582e+03	9.2637e+02	8.2700e+02	7.9242e+01	-1.2381e+03	4.2328e+02	-1.1895e+03	2.7687e+02	-1.4586e+03	1.3446e+03	3.8411e+02	1.1724e+02	2.0042e+03	-4.1289e+02	7.6002e+02	2.2905e+02	1.7077e+03	1.8058e+01	-3.5707e+03	6.2666e+02	-1.3349e+02	-6.3443e+02	-4.1788e+02	-1.6304e+03	-5.0791e+02	-4.2721e+02	1.3227e+03	2.3848e+02	-8.5444e+02	-1.8042e+03	5.5494e+02	2.3921e+03	-2.2803e+03	3.0385e+02	-1.1313e+03	1.9134e+03	1.9828e+03	-1.0081e+02	-1.0476e+02	9.6497e+02	-3.1391e+02	2.6934e+03	8.7740e+02	2.1303e+03	2.9430e+03	5.7354e+02	-1.7267e+02	2.4757e+03	-1.6258e+03	2.2849e+02
1.8000e+05	1.9550e+03	2.0954e+03	-8.3977e+02	7.8188e+02	1.6405e+03	-8.2869e+01	4.4133e+02	-6.3227e+02	3.2081e+02	1.6970e+03	-9.3583e+01	-8.3292e+02	1.7486e+02	-1.4057e+02	1.5534e+03	1.7793e+03	-5.0978e+02	-4.2702e+02	-3.4402e+03	7.2642e+02	4.4678e+02	1.8465e+03	3.2275e+02	1.4125e+03	-3.1098e+03	1.3962e+03	-1.3875e+02	1.7393e+02	4.2412e+03	7.1045e+02	7.4829e+02	-1.5855e+03	1.5502e+03	-1.0779e+03	-6.6210e+02	7.4126e+02	-2.1858e+03	-1.3109e+03	-1.5464e+03	4.1749e+02	2.4025e+01	-6.5462e+02	-9.1878e+02	5.2211e+02	-2.1551e+03	8.1884e+02	-1.4373e+03	-2.1871e+02	-7.8627e+02	1.1634e+03	1.9759e+03	1.9467e+03	-3.3518e+03	7.9699e+02	-2.5345e+03	-1.7771e+03	-7.9759e+02	1.9773e+03	-9.0876e+02	2.8363e+02	-2.3069e+03	1.1330e+03	-9.0871e+01	-9.6191e+00	-8.1834e+02	-4.1820e+02	1.0329e+03	-1.1647e+02	-3.1298e+03	1.2438e+03	-2.5561e+01	1.4028e+03	-2.0440e+03	2.1923e+02	-6.2763e+02	1.6605e+03	1.2923e+03	-7.6097e+02	9.0099e+02	-7.5339e+01	-5.9738e+02	5.7090e+02	-7.5708e+01	-3.6297e+02	7.9018e+02	-3.6047e+01	-3.6973e+02	9.1592e+02	1.0140e+03	-6.6678e+02	-1.0422e+03	3.7755e+02	-4.9302e+01	8.3112e+02	-1.6343e+03	1.9315e+01	-1.5065e+03	1.1868e+02	1.7847e+03	-2.6825e+02	-5.9234e+02	-1.6443e+03	1.1147e+03	6.2922e+02	1.6791e+03	7.4775e+02	1.9751e+03	-1.2064e+03	9.8018e+02	3.2957e+02	3.8629e+02	9.3961e+02	-9.7767e+02	1.4621e+03	1.5207e+03	3.8009e+02	-1.1624e+03	-1.1553e+03	-1.9767e+02	2.0809e+03	-1.2895e+02	1.4551e+03	-7.5516e+02	2.2036e+03	2.0338e+03	-1.0308e+02	-6.4768e+01	4.1695e+02	1.1754e+03	4.4626e+02	-2.1717e+02	-2.9836e+02	-1.4464e+03	6.6288e+02	-1.0026e+03	1.1869e+03	4.7345e+02	1.8620e+03	1.6888e+03	1.5407e+03	-5.1075e+02	-4.7466e+02	-2.2413e+02	1.2978e+02	1.9553e+02	-1.6432e+03	-1.4282e+03	-1.2994e+02	1.0134e+02	1.6462e+03	6.3739e+01	-1.3142e+03	4.8844e+02	1.5034e+03	2.4176e+02	-1.4063e+03	1.9985e+02	-1.3832e+03	-2.7543e+02	-1.4135e+03	6.6226e+02	4.6233e+02	1.2515e+03	-3.5790e+02	2.1828e+02	1.1878e+02	-1.2412e+03	-2.4887e+02	-1.5646e+03	7.8846e+02	-4.6817e+02	-1.3275e+03	-6.2846e+02	2.3165e+03	-2.4789e+03	-6.6540e+02	-1.1392e+02	1.0037e+03	7.6150e+02	1.7820e+03	-7.4585e+02	-1.6306e+03	3.1945e+02	2.0646e+03	-2.2163e+02	-2.8932e+02	-1.4023e+03	-1.4906e+03	1.1134e+03	-9.3394e+02	-4.4935e+02	2.7845e+02	1.6583e+03	-1.2373e+03	7.7954e+02	-3.4877e+02	2.9788e+02	2.5746e+01	3.0330e+01	1.0363e+03
1.8000e+05	-1.0462e+03	5.3876e+02	-1.5538e+02	6.2796e+02	1.7412e+03	1.1162e+03	-1.8860e+01	1.0876e+03	1.0268e+03	-1.4004e+02	-2.6427e+03	-1.6271e+03	1.2362e+03	-2.2166e+03	1.1283e+03	3.0313e+03	-2.7486e+03	-1.3448e+03	-2.4675e+03	8.5509e+02	7.7788e+02	3.1802e+02	-1.0901e+03	5.4457e+02	2.7604e+03	1.0107e+03	4.7653e+02	-8.1050e+02	4.4460e+02	-3.9252e+03	1.4844e+03	-3.1373e+03	-3.0393e+03	-2.1057e+03	-1.6446e+03	9.2478e+02	8.2219e+02	-1.0893e+03	-7.8672e+02	-6.5415e+01	1.7116e+03	-5.9641e+02	2.5921e+03	-3.8437e+03	-3.8677e+03	-9.2050e+02	-2.9225e+02	4.9272e+02	1.7977e+02	1.3894e+03	-2.4568e+03	1.2179e+03	-6.4478e+02	4.0198e+02	6.4715e+02	-7.8568e+02	-1.9003e+03	9.8475e+02	-3.3723e+02	3.4369e+01	-2.6383e+03	-1.0251e+03	-1.6137e+03	-5.2785e+02	2.6568e+02	1.5136e+03	-3.3738e+03	2.4716e+03	2.5575e+03	1.5182e+03	-1.2015e+03	8.8936e+02	-2.1411e+03	1.6097e+03	2.9389e+03	3.5379e+03	1.4488e+03	-3.7379e+03	1.7803e+02	3.9762e+02	-1.1617e+03	-3.3947e+03	5.5244e+02	-7.3859e+02	-1.9899e+02	2.2417e+03	-3.5300e+03	-6.2820e+02	3.3748e+03	-4.0509e+03	-9.9965e+02	-7.0043e+02	-2.5607e+02	2.2115e+03	1.1737e+02	-2.9262e+02	1.7292e+03	5.8845e+02	1.9044e+02	1.6404e+02	6.7233e+02	7.1098e+02	-1.2650e+03	-9.7132e+02	-1.5482e+03	1.4178e+03	2.4224e+03	-8.2312e+01	1.7238e+03	1.8815e+03	-9.2139e+01	1.1861e+03	-1.1057e+03	-3.4648e+02	-7.3233e+02	-3.0574e+02	-4.2238e+03	3.4673e+02	1.1122e+03	-3.1580e+02	1.2162e+03	-5.4376e+02	-6.0789e+02	3.6520e+01	-2.4385e+02	5.4523e+02	-1.5071e+02	-1.2354e+03	-4.3935e+02	2.8196e+03	-1.7048e+03	-3.8481e+02	-1.0471e+03	3.1512e+02	9.1131e+01	2.0334e+03	-2.3116e+03	2.1954e+03	2.2435e+03	-8.4273e+01	3.0858e+03	1.3402e+03	1.2047e+03	4.2999e+02	-1.0626e+03	-2.3534e+02	3.9678e+02	8.7780e+02	3.7344e+03	7.0547e+02	-2.3818e+03	1.4904e+03	1.1020e+03	-5.1336e+02	-2.1779e+03	1.3901e+03	-2.3064e+03	8.5439e+02	-1.5349e+03	2.1554e+03	6.0230e+02	1.0761e+02	1.9034e+03	3.7928e+02	8.1366e+02	1.0441e+03	2.8747e+03	1.2682e+02	-3.0972e+03	6.8255e+02	-1.0144e+03	7.4119e+01	-2.6302e+02	-1.8986e+03	-5.1943e+02	-1.0320e+03	1.5963e+03	-1.5536e+01	-6.0206e+02	-8.1503e+02	2.1360e+02	2.6213e+03	-2.4464e+03	-8.9296e+01	-1.6585e+03	2.0824e+03	1.9014e+03	-4.5219e+02	6.1398e+01	3.7891e+02	-3.8658e+02	2.6463e+03	9.0982e+02	1.8100e+03	2.7868e+03	2.2616e+01	2.0679e+02	2.3334e+03	-1.3257e+03	6.7634e+01
2.0000e+05	1.1558e+03	2.1988e+03	-5.3678e+02	7.0413e+02	1.0111e+03	3.7757e+01	2.0136e+02	-4.7541e+02	3.9736e+02	1.8391e+03	-3.5455e+02	-6.7186e+02	8.2119e+02	-5.5758e+02	1.6413e+03	1.4908e+03	-5.8210e+02	-8.0848e+02	-2.8848e+03	1.1888e+03	2.6744e+02	1.8595e+03	4.2906e+02	1.8563e+03	-3.5249e+03	9.0680e+02	1.8433e+02	1.2829e+01	4.7449e+03	1.0039e+03	5.6331e+02	-2.5702e+03	1.7081e+03	-1.6081e+03	-6.3165e+02	9.1907e+02	-2.3326e+03	-1.2258e+03	-2.0911e+03	3.9898e+02	6.0254e+02	-4.9254e+02	-5.7225e+02	7.3399e+02	-1.9012e+03	4.1546e+02	-2.0736e+03	-1.9368e+02	-4.7688e+02	1.4378e+03	1.7588e+03	1.5101e+03	-2.8336e+03	8.1014e+02	-2.8671e+03	-2.4573e+03	-2.0891e+03	1.6706e+03	-1.4421e+03	2.4840e+02	-2.5918e+03	1.4876e+03	-3.3382e+02	2.5285e+02	-1.0773e+03	-5.2446e+01	1.1121e+03	-4.3623e+02	-3.6093e+03	1.5151e+03	-3.6305e+02	1.4660e+03	-1.8621e+03	2.5640e+02	-9.4088e+02	2.3040e+03	2.0322e+03	-6.7764e+02	7.9901e+01	-9.3279e+01	-7.4093e+02	7.2130e+02	-5.6951e+02	-3.2987e+02	9.1394e+02	-6.1180e+01	1.2582e+02	1.0276e+02	1.0268e+03	-1.9474e+02	-1.0284e+02	7.2159e+02	-1.3614e+02	7.7054e+02	-2.2095e+03	1.1836e+02	-1.0087e+03	9.4585e+02	1.6907e+03	-3.6314e+01	-7.2377e+02	-1.2459e+03	1.1849e+03	1.6180e+03	1.8250e+03	6.5473e+02	2.2409e+03	-9.1865e+02	3.4233e+02	6.7522e+02	2.3263e+02	1.3824e+03	-5.9735e+02	2.3877e+03	1.8727e+03	5.5108e+02	-1.6551e+03	-1.0607e+03	-3.4752e+02	2.5151e+03	-3.9382e+02	1.4094e+03	-6.5096e+02	2.2842e+03	2.0903e+03	5.4066e+02	-3.0883e+02	9.9208e+01	1.8081e+03	3.1887e+02	1.8343e+02	-1.2385e+02	-1.1940e+03	-1.8809e+02	-6.6671e+02	1.5275e+03	1.0867e+03	1.4673e+03	2.1348e+03	9.3592e+02	-6.0775e+02	-2.2769e+02	-8.2644e+02	3.5354e+02	1.4034e+02	-1.3455e+03	-1.9216e+03	-6.3915e+02	1.9369e+02	1.2529e+03	8.0157e+02	-7.4077e+02	1.1198e+03	1.7069e+03	3.4750e+01	-7.9295e+02	-2.6334e+01	-1.2157e+03	-3.8970e+01	-1.3486e+03	2.6590e+02	-1.1178e+02	1.2480e+03	-6.6849e+02	1.0272e+03	4.6747e+01	-1.9350e+03	-4.1425e+02	-1.2058e+03	7.7180e+02	-1.1853e+02	-1.3489e+03	-5.7744e+02	2.6024e+03	-2.3634e+03	-5.0274e+02	6.5850e+00	1.5778e+03	6.6370e+02	1.5172e+03	-1.2977e+03	-1.6245e+03	4.3113e+02	2.5984e+03	2.5879e+02	1.2994e+01	-9.8134e+02	-2.2791e+03	1.1106e+03	-9.0308e+02	-7.0436e+02	-2.6546e+02	1.3765e+03	-1.2382e+03	8.2696e+02	-1.2259e+03	6.9166e+02	1.3591e+02	-3.9602e+02	1.4756e+03
2.0000e+05	-1.9689e+03	7.2500e+02	-8.0775e+02	-1.6746e+02	1.4572e+03	1.3974e+03	6.2036e+02	1.7596e+03	1.7940e+03	-8.9613e+02	-2.7034e+03	-1.9496e+03	3.0973e+02	-2.9746e+03	1.6883e+03	2.2076e+03	-2.3501e+03	-1.0524e+03	-2.6532e+03	1.4576e+03	8.6160e+02	8.8504e+02	-1.5388e+02	6.4812e+02	2.5621e+03	1.3626e+03	3.8078e+02	-1.2083e+03	2.1283e+02	-4.2296e+03	1.9438e+03	-3.7374e+03	-3.2131e+03	-3.0012e+03	-1.1458e+03	7.3411e+02	1.7029e+02	-2.2021e+03	-5.4394e+02	-6.4327e+02	1.7705e+03	-2.4100e+02	2.9991e+03	-4.1793e+03	-4.1255e+03	-2.0538e+02	-1.2281e+03	4.3367e+02	-1.4497e+02	2.4199e+03	-2.9565e+03	1.1019e+03	-1.2962e+02	1.0950e+03	4.9187e+02	-1.2710e+03	-2.1260e+03	5.8798e+02	-7.8504e+02	3.9868e+02	-2.4427e+03	-1.8436e+03	-1.5340e+03	-5.5270e+01	-3.0121e+02	7.5904e+02	-3.2118e+03	2.8526e+03	3.9785e+03	1.7372e+03	-4.1074e+02	1.4609e+03	-2.6560e+03	1.2722e+03	3.0493e+03	3.7654e+03	2.4616e+03	-3.5231e+03	-8.6475e+01	6.8466e+02	-1.8988e+03	-2.3718e+03	1.0043e+03	-6.9251e+02	9.2879e+02	2.6287e+03	-3.2484e+03	-3.5019e+02	3.6449e+03	-3.8997e+03	-6.5070e+02	-6.9050e+02	-7.0368e+02	2.1981e+03	9.1265e+02	1.6976e+03	2.0068e+03	-4.6769e+01	1.2781e+03	9.9797e+01	3.6189e+02	9.5487e+02	-1.1044e+03	-7.8239e+02	-1.1170e+03	2.0937e+03	1.9064e+03	3.9895e+02	1.0072e+03	2.1237e+03	-1.4350e+01	1.0398e+03	-1.3265e+03	-2.3734e+02	-6.0467e+01	6.5358e+02	-4.2159e+03	-3.0174e+01	1.6367e+03	-1.0452e+03	4.2547e+02	-3.7938e+02	-1.1647e+03	5.5140e+02	1.2816e+02	1.0512e+03	-5.8284e+02	-8.9860e+02	1.6854e+02	3.6013e+03	-1.3276e+03	-1.2574e+02	-5.8593e+01	2.0768e+02	-7.6383e+02	2.0997e+03	-1.8569e+03	2.7843e+03	3.0436e+03	-3.5494e+02	3.3865e+03	9.4385e+02	1.5648e+03	1.0503e+03	-1.4275e+03	-9.8991e+01	5.3175e+02	7.7953e+02	4.3151e+03	8.4727e+02	-2.9110e+03	1.1687e+03	1.1339e+02	-2.6437e+02	-2.7758e+03	1.9628e+03	-2.1342e+03	-2.4990e+02	-1.0628e+03	2.4901e+03	5.6718e+02	6.8926e+01	1.1968e+03	-8.2056e+02	4.0288e+02	1.7198e+03	2.7663e+03	-3.9953e+02	-3.1523e+03	9.5375e+02	-3.9910e+02	3.8282e+02	-3.8021e+02	-1.2358e+03	-2.5721e+02	-9.5974e+02	1.5734e+03	2.9257e+02	-5.4951e+02	-2.5915e+01	-3.3019e+02	2.6734e+03	-2.1276e+03	-3.0890e+02	-2.1552e+03	2.0613e+03	1.4347e+03	-9.7715e+00	6.1530e+02	5.1355e+01	1.1733e+03	1.9012e+03	9.6979e+02	1.8087e+03	3.0226e+03	-7.6923e+02	4.3350e+02	2.6568e+03	-1.0912e+03	-3.4023e+02
