2.0000e+05	7.3520e+04
2.0000e+05	7.3940e+04
2.0000e+05	7.4527e+04
2.0000e+05	7.5018e+04
2.0000e+05	7.6807e+04
2.0000e+05	7.8760e+04
2.0000e+05	8.0495e+04
2.0000e+05	8.3049e+04
2.0000e+05	8.5188e+04
2.0000e+05	8.7582e+04
2.0000e+05	9.1124e+04
2.0000e+05	9.3793e+04
2.0000e+05	9.7551e+04
2.0000e+05	1.0187e+05
2.0000e+05	1.0562e+05
2.0000e+05	1.0855e+05
2.0000e+05	1.1320e+05
2.0000e+05	1.1639e+05
2.0000e+05	1.2020e+05
2.0000e+05	1.2312e+05
2.0000e+05	1.2628e+05
2.0000e+05	1.2931e+05
2.0000e+05	1.3265e+05
2.0000e+05	1.3520e+05
2.0000e+05	1.3382e+05
2.0000e+05	1.2897e+05
2.0000e+05	1.2717e+05
2.0000e+05	1.2733e+05
2.0000e+05	1.2888e+05
2.0000e+05	1.3003e+05
2.0000e+05	1.3091e+05
2.0000e+05	1.3049e+05
2.0000e+05	1.2985e+05
2.0000e+05	1.2891e+05
2.0000e+05	1.2944e+05
2.0000e+05	1.2893e+05
2.0000e+05	1.2895e+05
2.0000e+05	1.2893e+05
2.0000e+05	1.2958e+05
2.0000e+05	1.2900e+05
2.0000e+05	1.2800e+05
2.0000e+05	1.2836e+05
2.0000e+05	1.2837e+05
2.0000e+05	1.2810e+05
2.0000e+05	1.2778e+05
2.0000e+05	1.2792e+05
2.0000e+05	1.2688e+05
2.0000e+05	1.2688e+05
2.0000e+05	1.2714e+05
2.0000e+05	1.2696e+05
2.0000e+05	1.2637e+05
2.0000e+05	1.2627e+05
2.0000e+05	1.2588e+05
2.0000e+05	1.2624e+05
2.0000e+05	1.2522e+05
2.0000e+05	1.2478e+05
2.0000e+05	1.2453e+05
2.0000e+05	1.2416e+05
2.0000e+05	1.2420e+05
2.0000e+05	1.2352e+05
2.0000e+05	1.2324e+05
2.0000e+05	1.2345e+05
2.0000e+05	1.2193e+05
2.0000e+05	1.2238e+05
2.0000e+05	1.2184e+05
2.0000e+05	1.2104e+05
2.0000e+05	1.2112e+05
2.0000e+05	1.2070e+05
2.0000e+05	1.2027e+05
2.0000e+05	1.1931e+05
2.0000e+05	1.1878e+05
2.0000e+05	1.1884e+05
2.0000e+05	1.1826e+05
2.0000e+05	1.1776e+05
2.0000e+05	1.1733e+05
2.0000e+05	1.1647e+05
2.0000e+05	1.1658e+05
2.0000e+05	1.1615e+05
2.0000e+05	1.1525e+05
2.0000e+05	1.1479e+05
2.0000e+05	1.1448e+05
2.0000e+05	1.1307e+05
2.0000e+05	1.1362e+05
2.0000e+05	1.1328e+05
2.0000e+05	1.1271e+05
2.0000e+05	1.1131e+05
2.0000e+05	1.1129e+05
2.0000e+05	1.1081e+05
2.0000e+05	1.1061e+05
2.0000e+05	1.0972e+05
2.0000e+05	1.0977e+05
2.0000e+05	1.0810e+05
2.0000e+05	1.0782e+05
2.0000e+05	1.0782e+05
2.0000e+05	1.0764e+05
2.0000e+05	1.0618e+05
2.0000e+05	1.0634e+05
2.0000e+05	1.0508e+05
2.0000e+05	1.0528e+05
2.0000e+05	1.0404e+05
2.0000e+05	1.0420e+05
2.0000e+05	1.0331e+05
2.0000e+05	1.0313e+05
2.0000e+05	1.0236e+05
2.0000e+05	1.0184e+05
2.0000e+05	1.0160e+05
2.0000e+05	1.0056e+05
2.0000e+05	1.0006e+05
2.0000e+05	1.0016e+05
2.0000e+05	9.9077e+04
2.0000e+05	9.8857e+04
2.0000e+05	9.8447e+04
2.0000e+05	9.7856e+04
2.0000e+05	9.7032e+04
2.0000e+05	9.6354e+04
2.0000e+05	9.6568e+04
2.0000e+05	9.5474e+04
2.0000e+05	9.5435e+04
2.0000e+05	9.4338e+04
2.0000e+05	9.4147e+04
2.0000e+05	9.4051e+04
2.0000e+05	9.3668e+04
2.0000e+05	9.2611e+04
2.0000e+05	9.2822e+04
2.0000e+05	9.1813e+04
2.0000e+05	9.1668e+04
2.0000e+05	9.1401e+04
2.0000e+05	9.0315e+04
2.0000e+05	9.0498e+04
2.0000e+05	8.9564e+04
2.0000e+05	8.9404e+04
2.0000e+05	8.9089e+04
2.0000e+05	8.8345e+04
2.0000e+05	8.8118e+04
2.0000e+05	8.7781e+04
2.0000e+05	8.7552e+04
2.0000e+05	8.7079e+04
2.0000e+05	8.6687e+04
2.0000e+05	8.5845e+04
2.0000e+05	8.5546e+04
2.0000e+05	8.5072e+04
2.0000e+05	8.5723e+04
2.0000e+05	8.4430e+04
2.0000e+05	8.4160e+04
2.0000e+05	8.3150e+04
2.0000e+05	8.3978e+04
2.0000e+05	8.3309e+04
2.0000e+05	8.3552e+04
2.0000e+05	8.2654e+04
2.0000e+05	8.2249e+04
2.0000e+05	8.2106e+04
2.0000e+05	8.1602e+04
2.0000e+05	8.1189e+04
2.0000e+05	8.0709e+04
2.0000e+05	8.0780e+04
2.0000e+05	8.0452e+04
2.0000e+05	8.0014e+04
2.0000e+05	7.9863e+04
2.0000e+05	7.9943e+04
2.0000e+05	7.9063e+04
2.0000e+05	7.8961e+04
2.0000e+05	7.8329e+04
2.0000e+05	7.8556e+04
2.0000e+05	7.8372e+04
2.0000e+05	7.8018e+04
2.0000e+05	7.7738e+04
2.0000e+05	7.7269e+04
2.0000e+05	7.7449e+04
2.0000e+05	7.6996e+04
2.0000e+05	7.6843e+04
2.0000e+05	7.6864e+04
2.0000e+05	7.6784e+04
2.0000e+05	7.6363e+04
2.0000e+05	7.6153e+04
2.0000e+05	7.6577e+04
2.0000e+05	7.6128e+04
2.0000e+05	7.5420e+04
2.0000e+05	7.5253e+04
2.0000e+05	7.5266e+04
2.0000e+05	7.5413e+04
2.0000e+05	7.4908e+04
2.0000e+05	7.5056e+04
2.0000e+05	7.5399e+04
2.0000e+05	7.4556e+04
2.0000e+05	7.5009e+04
2.0000e+05	7.5050e+04
2.0000e+05	7.4400e+04
2.0000e+05	7.4302e+04
2.0000e+05	7.4244e+04
2.0000e+05	7.4270e+04
2.0000e+05	7.3816e+04
2.0000e+05	7.4100e+04
2.0000e+05	7.3936e+04
2.0000e+05	7.3822e+04
2.0000e+05	7.3684e+04
2.0000e+05	7.4133e+04
2.0000e+05	7.3976e+04
2.0000e+05	7.4038e+04
2.0000e+05	7.3459e+04
2.0000e+05	7.3444e+04
