2.0000e+04	2.4822e+02	8.0583e+01	3.5741e+01	-3.2399e+02	-6.0057e+02	-6.7647e+01	-1.7451e+02	-1.1235e+02	-4.3212e+02	-1.7611e+02	1.5260e+02	-1.1556e+00	-2.2350e+01	-4.9839e+02	3.0985e+01	-1.7957e+02	-4.3508e+01	-3.7472e+02	-5.5067e+02	4.4105e+02	1.7242e+02	-3.7579e+02	5.6458e+02	-4.1237e+02	-1.7829e+02	-1.5554e+02	-1.7883e+02	9.7315e+00	4.2770e+02	4.4976e+02	-1.1343e+02	-2.0954e+02	1.2336e+02	-4.1607e+02	1.5840e+02	1.5156e+02	-6.1741e+00	-5.0413e+02	7.1278e+02	5.3921e+01	1.0930e+02	5.7565e+02	2.6229e+02	9.6995e+01	5.7221e+00	5.6563e+02	7.1543e+02	5.2363e+02	2.4070e+01	-1.2957e+02	9.5909e+02	3.5197e+02	-4.4021e+02	-1.6765e+02	2.6872e+01	-1.3281e+02	6.1128e+02	7.1112e+02	1.3378e+02	3.2531e+02	-2.3059e+01	-4.8102e+02	-7.5812e+01	-3.1548e+02	-3.4721e+02	-1.7996e+02	1.3460e+02	-5.1551e+02	-3.8630e+02	8.4263e+01	1.3950e+02	7.2199e+02	9.1760e+02	-4.6688e+02	2.0415e+02	2.1389e+02	-2.6348e+02	6.6786e+01	8.8575e+01	4.6160e+02	4.0343e+02	-8.0617e+02	4.0306e+02	-3.9064e+02	-8.0066e+02	-1.3922e+01	5.5193e+02	3.6889e+02	-1.6191e+02	-2.3434e+02	1.9621e+02	-1.0121e+02	-4.2115e+02	-1.7287e+02	-1.0144e+02	1.1873e+02	2.9189e+02	4.1576e+01	1.9751e+02	6.2522e+02	3.6400e+02	2.9259e+02	-2.7240e+02	-3.5946e+01	-5.2982e+02	2.2140e+01	1.5354e+02	-9.5492e+01	5.8062e+02	3.9719e+02	-6.9666e+02	4.5605e+02	-4.7002e+02	-2.1063e+02	-4.9386e+02	-2.0057e+02	2.0563e+02	2.1151e+01	-3.0869e+02	-2.4239e+01	1.0734e+02	-2.7370e+02	-1.2341e+02	4.6251e+02	9.9639e+02	-2.3440e+02	-1.8173e+02	5.0689e+01	-1.2627e+02	-4.4386e+02	8.1185e+01	5.1715e+02	5.2483e+01	-6.1134e+02	5.3312e+02	-1.5419e+02	-5.7407e+02	4.5746e+02	-1.7842e+02	-5.4149e+02	8.9687e+01	-8.9803e+02	1.2758e+02	-3.5356e+02	1.6785e+02	-4.4136e+01	-1.3596e+02	3.5876e+02	-4.2305e+00	5.8154e+02	1.8866e+02	-2.2367e+01	8.8007e+01	-6.8204e+02	-5.6335e+02	-4.5913e+01	5.1515e+01	-3.6626e+02	3.8811e+02	-8.4394e+02	-7.8680e+01	5.7643e+01	3.1004e+02	-2.2926e+02	2.9712e+02	2.3073e+02	8.3382e+02	-4.8069e+01	4.6385e+02	-3.1965e+02	2.0690e+02	-7.4743e+02	-4.4812e+02	-7.3552e+02	9.1418e+01	-2.6281e+02	3.5089e+02	-1.3762e+02	-6.9948e+02	1.4392e+02	-2.2458e+02	5.1088e+02	3.5640e+02	-3.0823e+01	2.2896e+02	-3.5339e+01	-1.4622e+02	-2.6023e+02	-2.0816e+02	2.7195e+02	1.4595e+02	-7.1850e+01	5.1208e+02	-5.7144e+02	1.0324e+03	1.7289e+02	5.9174e+02	-2.0497e+02	1.6449e+02	3.3666e+02
2.0000e+04	2.6538e+01	-6.2968e+02	-1.3538e+01	-4.2758e+02	-4.2598e+02	2.0187e+02	6.7292e+02	-4.1581e+02	2.0446e+02	-2.6456e+02	1.1528e+03	-8.6068e+02	7.5291e+02	6.4712e+02	-4.2350e+02	-4.1462e+02	1.1145e+03	9.4901e+02	-3.1834e+02	-8.5361e+02	-3.9900e+02	-3.2413e+02	1.2289e+03	4.8783e+02	-9.0678e+02	5.4932e+02	4.8442e+02	-2.4699e+02	2.2631e+02	3.7749e+02	3.2490e+02	2.9234e+02	3.0735e+02	-1.0766e+03	-1.6036e+02	2.5912e+02	-2.6513e+02	5.7163e+02	4.6424e+00	-3.5781e+02	7.6852e+01	4.8099e+01	8.0291e+02	4.3958e+02	-1.5917e+02	-3.7659e+02	-5.5330e+02	8.9387e+02	2.7264e+02	6.2789e+02	4.1586e+02	-9.0087e+00	-9.0107e+02	3.1334e+01	7.0149e+01	-3.0955e+02	-1.1554e+03	3.3042e+02	-2.3610e+02	-5.6954e+02	1.3209e+02	-4.8758e+01	3.7269e+02	-4.5947e+01	4.7719e+02	-1.0993e+02	-1.8533e+03	4.9548e+02	1.9043e+02	7.8911e+02	-8.8451e+02	-4.2203e+02	2.4229e+02	-4.0452e+02	-2.2685e+02	-4.0219e+01	-5.9873e+02	-6.3591e+02	9.9702e+01	-6.9484e+01	-3.2270e+02	-7.5538e+02	-2.3831e+02	-5.4746e+02	-5.5617e+02	1.0972e+02	3.1025e+02	5.0091e+02	-1.5957e+02	-5.9817e+01	-9.7046e+01	-5.7775e+02	9.5253e+01	-5.8599e+02	-4.8193e+01	-1.3624e+02	-1.1924e+03	8.6093e+02	-5.9231e+02	-1.3459e+02	1.6900e+02	-8.9332e+02	-1.2751e+03	-1.3413e+02	7.4626e+02	9.3151e+01	4.0780e+02	-8.7374e+02	7.4057e+02	3.7078e+02	-3.9064e+01	4.6872e+02	6.6427e+02	3.3961e+02	7.8488e+02	3.5623e+02	-4.5145e+02	-1.5081e+02	2.1999e+02	1.2748e+03	-2.0956e+02	-8.8115e+02	9.9767e+02	1.6759e+02	1.5074e+02	-1.5224e+02	1.1453e+02	-1.7995e+02	-1.9559e+02	8.4606e+01	-4.4169e+02	3.6695e+02	3.6087e+02	-3.2482e+02	-7.4738e+02	4.1842e+02	4.4000e+02	7.7258e+02	6.1767e+02	2.4063e+02	1.3481e+02	3.9938e+02	-3.3814e+02	4.1252e+01	1.1138e+03	9.7987e+02	4.3311e+02	1.2297e+03	-7.8831e+02	4.6739e+02	-3.4177e+01	3.8194e+02	-1.6576e+01	-2.0356e+02	-8.8510e+02	1.0040e+03	-4.3523e+02	-5.2917e+02	-3.8158e+02	5.0982e+02	1.0268e+02	9.6125e+01	-1.1042e+03	1.3187e+02	-1.2842e+03	5.7156e+02	-2.6404e+02	4.0112e+02	-2.5345e+02	1.1216e+02	1.1662e+02	1.1155e+02	4.5804e+02	-1.6812e+02	5.5745e+02	-4.4961e+02	4.7038e+02	-3.6752e+02	-4.8886e+01	-3.9941e+02	-4.1162e+02	3.9895e+02	1.0474e+03	3.6252e+02	4.8082e+02	3.5463e+02	-4.2560e+02	-5.7144e+01	-3.8166e+02	1.0295e+02	2.1614e+02	3.4162e+02	1.5399e+03	1.0965e+03	1.0252e+02	3.1529e+02	-3.9511e+02	6.3321e+01	-1.0333e+03	-6.8039e+02
4.0000e+04	6.1781e+02	3.0041e+02	-1.3112e+02	-7.5153e+01	-3.5625e+02	-1.1850e+02	-6.2117e+02	-3.4529e+02	-4.7371e+02	-1.2584e+02	4.6423e+02	1.0041e+02	-4.4879e+02	-2.9845e+02	2.7875e+02	3.1432e+02	-1.3194e+02	-7.4017e+02	-6.7196e+02	-8.0596e+01	2.3827e+02	-2.0296e+02	3.3152e+02	1.4720e+02	3.8973e+02	-2.8100e+02	-8.3341e+02	-1.0850e+03	6.5814e+02	1.7195e+02	4.8167e+01	-1.4338e+02	-1.0765e+02	-3.2416e+02	-1.5469e+02	-1.2350e+01	-4.5096e+01	-6.1540e+02	4.7617e+02	-4.6188e+02	3.7077e+02	7.1952e+02	3.8987e+02	-7.4560e+02	-3.9743e+02	7.6261e+02	4.1507e+02	1.0155e+03	-1.4997e+02	2.0437e+02	5.8011e+02	1.0302e+03	-3.0111e+02	-8.5496e+02	-4.5810e+02	2.3872e+02	1.0744e+03	7.1840e+02	-1.6602e+02	2.5924e+02	-1.9789e+02	-8.2256e+02	-5.1513e+02	-5.5390e+02	1.2377e+02	-2.2177e+02	-1.9214e+02	-2.9597e+02	-4.3555e+02	-6.5268e+02	-2.8853e+02	8.2007e+02	5.4266e+02	2.4226e+01	-1.0091e+02	1.4747e+02	-6.5597e+01	7.3570e+02	-4.3793e+02	9.7627e+02	6.1475e+01	-2.2847e+02	1.5145e+02	-6.1008e+02	-9.3650e+02	-2.2504e+02	7.7117e+02	1.0294e+03	-4.4696e+02	-1.8909e+02	1.2911e+02	4.3121e+01	-2.1876e+02	-5.5095e+01	1.1092e+02	1.9054e+02	7.1526e+02	-3.4315e+02	-3.5130e+02	2.7173e+02	8.1907e+02	5.0389e+02	3.0779e+02	-2.4981e+02	-3.0010e+02	4.0514e+02	4.9695e+02	1.2911e+02	8.9248e+02	2.9775e+02	-1.1715e+03	9.1570e+02	-3.2397e+02	-4.0668e+02	-3.5650e+02	-3.4278e+01	1.4842e+01	-1.6525e+02	-1.7184e+03	5.2024e+02	2.0196e+01	5.3598e+02	-3.8305e+01	-5.0501e+02	1.2354e+03	5.7773e+01	-2.2914e+01	-4.2297e+02	-5.3477e+02	-6.8071e+01	-2.4443e+02	3.9964e+02	-2.8606e+01	-8.2161e+02	1.1390e+03	-1.7298e+02	-1.0765e+03	1.1567e+03	-1.2188e+02	-1.1604e+03	-2.0708e+02	-2.8064e+02	-2.3494e+02	-1.1733e+03	-4.3220e+02	-4.0644e+01	4.8866e+02	4.3106e+02	-3.2573e+02	7.9749e+01	2.0148e+02	-4.7926e+02	1.1450e+02	-1.2308e+03	-6.3611e+02	7.2160e+02	8.1772e+01	-4.1438e+02	1.7301e+02	-9.9525e+01	-5.8817e+02	-3.8332e+02	-3.2829e-01	-1.0766e+02	3.0245e+02	-5.1414e+02	1.2166e+03	-8.5705e+01	5.9961e+01	-2.4081e+02	9.8468e+01	-1.0176e+03	-1.0911e+03	-1.0511e+02	3.6299e+02	-8.3993e+02	5.8291e+02	-3.3541e+02	-8.9309e+02	6.5176e+02	1.0889e+02	9.4686e+02	5.6412e+02	4.9989e+02	-5.8419e+02	5.8356e+01	7.1679e+01	7.0976e+01	1.1571e+02	5.4903e+02	-5.4209e-01	2.4916e+02	3.9702e+02	-8.8905e+02	2.9568e+02	6.3965e+02	5.2493e+02	1.6842e+02	-1.6886e+02	9.2768e+02
4.0000e+04	4.0212e+02	-8.1741e+02	-3.9479e+02	-5.9741e+02	-3.3905e+02	-4.2033e+02	2.1663e+02	-1.0786e+02	7.4200e+02	-1.0954e+03	1.2348e+03	-9.9936e+02	1.4986e+03	7.5297e+02	-8.3359e+02	-8.9514e+02	1.1477e+03	3.3798e+02	2.1880e+02	-1.5685e+02	-9.4797e+02	1.0883e+02	1.6032e+03	2.3577e+02	1.5247e+01	2.2994e+02	-4.2087e+02	-1.1256e+03	1.0211e+02	1.5383e+02	-7.8185e+01	-1.6341e+02	9.7518e+02	-1.0111e+03	-3.5957e+02	-3.5896e+01	7.1545e-01	-1.2870e+02	4.2555e+02	4.8135e+02	-1.0154e+03	9.3345e+01	2.1274e+02	4.5060e+00	1.2595e+02	2.8421e+02	-8.4950e+02	1.9141e+03	7.3333e+01	-2.0570e+02	1.9697e+02	4.2279e+02	-1.0369e+03	5.3044e+02	5.2998e+02	-4.5890e+02	-8.1238e+02	1.7445e+03	-1.5900e+02	-5.4418e+02	-1.9466e+02	-5.8951e+02	5.7110e+02	3.8547e+02	4.0326e+02	1.3243e+03	-2.0064e+03	-4.1401e+02	-5.7200e+02	6.3712e+02	2.8797e+02	-1.2052e+03	1.8210e+02	-9.1508e+02	-2.6268e+02	4.6159e+02	-2.6390e+02	-5.0567e+02	9.9788e+02	3.4549e+02	2.8732e+02	-2.0134e+02	1.1036e+03	-8.3745e+02	-2.6636e+02	1.6765e+03	1.7010e+02	1.1776e+03	-1.4840e+03	1.3778e+03	2.8892e+02	-4.6456e+02	-2.4950e+02	1.1761e+02	3.0674e+02	7.0652e+02	-8.9867e+02	9.8640e+02	4.2091e+02	-5.1844e+02	8.7136e+02	-7.9632e+02	-1.0005e+03	-5.6348e+02	1.6338e+03	1.5494e+01	2.6628e+02	-1.9700e+03	3.1947e+02	1.8453e+02	9.8200e+02	8.0313e+02	3.9072e+02	3.0378e+02	6.6281e+02	8.6114e+02	8.9816e+01	-1.7675e+02	-8.5867e+01	7.2953e+02	-1.6179e+02	-8.4982e+01	1.2735e+03	4.2962e+02	3.9858e+02	-8.0434e+02	8.0839e+01	-3.4058e+02	4.4876e+02	-2.8658e+02	-3.6980e+02	1.3696e+03	1.0678e+03	-7.3164e+02	-1.3081e+03	-1.6757e+02	1.3706e+03	8.0979e+02	-1.4166e+02	1.5310e+02	1.1571e+03	9.8921e+02	-9.1948e+02	-4.8097e+02	1.6302e+03	2.1176e+03	7.5601e+02	1.2377e+03	-1.6977e+03	5.0285e+02	-4.5453e+02	3.0382e+02	-4.8928e+02	-1.0871e+02	-5.2783e+02	-1.1551e+02	-8.4303e+02	2.5003e+01	6.2870e+02	3.7389e+02	1.0179e+03	3.7880e+02	-1.2753e+03	3.2394e+02	-2.2158e+03	1.2165e+03	-1.5447e+02	5.3352e+02	4.5339e+02	-3.7603e+02	-2.4528e+02	5.2517e+02	9.1685e+02	2.4786e+02	7.8624e+01	-3.1568e+02	4.3569e+02	-9.9247e+02	1.5080e+02	-1.8900e+02	1.2680e+02	3.9350e+02	1.0942e+03	-2.1985e+02	1.0018e+03	8.7925e+02	-7.4396e+02	5.7453e+02	-5.1022e+02	1.1565e+03	1.7383e+01	-2.8460e+02	1.3949e+03	-8.7843e+02	3.4194e+02	8.8661e+02	-5.2220e+02	1.4024e+02	-1.0633e+03	-9.4802e+02
6.0000e+04	1.1397e+03	4.6656e+02	-3.0686e+02	-3.2431e+02	-4.4328e+02	-4.1599e+01	3.5067e+02	-4.3189e+01	-5.8321e+02	3.2974e+02	5.7348e+02	8.3632e+02	-7.8854e+02	-1.5942e+02	6.9782e+01	5.6261e+02	5.5220e+02	-9.7854e+02	-6.6690e+02	2.1361e+02	5.6027e+02	-2.6564e+01	-8.0384e+02	4.9254e+02	4.8966e+02	-5.0866e+02	-6.2879e+02	-1.0841e+03	4.0257e+02	7.6850e+02	3.9505e+02	1.6601e+02	1.1944e+01	5.9648e+01	-9.5211e+01	2.0362e+02	1.1222e+02	-8.1903e+02	1.1140e+03	-8.0971e+02	6.0138e+02	1.4671e+03	-7.9231e+00	-8.8518e+02	-8.2873e+02	7.6512e+02	-3.6714e+01	1.1386e+03	8.2886e+01	-4.2131e+00	2.4931e+02	6.8459e+02	1.6320e+02	-5.7580e+02	-2.6679e+02	9.8424e+02	1.5056e+03	9.2183e+02	-2.6490e+02	5.4848e+02	-8.7610e+02	-8.1064e+02	1.5413e+02	-6.6855e+02	3.7304e+02	-4.2712e+02	-1.9445e+02	-1.1919e+03	-8.8118e+02	-8.4028e+02	-3.2744e+01	8.0086e+02	7.8008e+01	3.2899e+02	3.7882e+02	4.0280e+02	-1.4336e+02	8.1933e+02	-1.6813e+02	1.2227e+03	-3.1316e+02	1.6400e+02	1.1747e+02	-6.3108e+02	-4.3196e+02	-5.5615e+02	8.3370e+02	6.6651e+02	-4.4481e+00	-5.2330e+02	1.2491e+02	2.3622e+02	-6.8657e+02	1.5300e+02	-1.5075e+00	1.9185e+02	9.0908e+02	-3.9807e+02	-3.5229e+02	2.6496e+02	5.7168e+02	2.3650e+02	3.7106e+02	3.9074e+02	4.9292e+01	3.8027e+02	7.3450e+02	2.0527e+02	1.7109e+02	-8.6304e+00	-1.1117e+03	7.1613e+02	-3.1990e+02	-2.1859e+02	-1.0613e+02	-3.9571e+02	2.7654e+02	6.0089e+02	-1.6283e+03	7.6103e+02	1.2425e+01	5.9958e+00	-4.7630e+01	-9.0069e+02	1.2250e+03	1.7505e+02	2.7387e+02	-6.0815e+02	-7.8106e+02	-3.7499e+02	-8.3992e+00	1.2476e+01	-6.5299e+02	-1.0989e+03	9.1600e+02	-3.6853e+02	-1.2698e+03	2.0340e+03	5.1312e+02	-8.1482e+02	-9.7019e+02	-4.5677e+02	-1.4309e+02	-1.1000e+03	-7.9001e+02	3.4130e+02	2.8071e+02	3.3660e+02	-8.9802e+02	-2.9344e+02	1.6111e+02	-4.5691e+02	-9.5734e+01	-1.3835e+03	-9.8047e+02	9.7467e+02	-4.9536e+02	-5.2581e+02	6.2940e+02	-7.7945e+01	-7.8821e+02	3.8752e+02	2.9651e+02	-6.5653e+02	-5.0331e+02	-8.0665e+02	2.3849e+03	4.8536e+01	3.0124e+02	4.6790e+02	6.1861e+01	-1.3143e+03	-1.0492e+03	3.0482e+02	5.2516e+02	-5.9714e+02	9.1432e+02	-3.6367e+02	-1.3727e+03	-5.4279e+01	5.7773e+02	4.8493e+02	4.8388e+02	3.2277e+02	-1.1253e+03	8.8366e+01	4.1664e+02	4.2276e+02	8.4680e+01	9.0903e+02	-5.0805e+00	-5.7977e+01	1.1038e+02	-8.7751e+02	3.2294e+01	6.7778e+01	3.7545e+02	-2.0547e+02	-2.4366e+02	7.4199e+02
6.0000e+04	-1.4520e+02	-8.7558e+02	-7.9715e+02	-1.1471e+03	-8.4665e+02	6.3760e+02	-2.7590e+02	-2.1522e+01	5.5810e+02	-2.0982e+02	1.3618e+03	-4.5062e+02	7.9654e+02	5.1428e+02	-1.1753e+03	-8.8938e+02	2.1542e+03	-5.0861e+02	-8.5437e+02	-1.1999e+03	-9.9154e+02	5.4781e+02	6.7081e+02	2.6997e+02	-3.6667e+02	-3.0237e+02	-1.0674e+03	-8.0269e+02	-5.9388e+02	4.5412e+02	-4.7624e+02	-7.3319e+02	-1.3300e+01	-1.0918e+03	-2.4229e+02	3.3873e+02	7.4767e+02	2.4464e+02	9.1032e+02	-1.2231e+02	-6.9600e+02	1.0566e+02	2.4629e+02	-6.0747e+02	-2.8033e+01	8.5971e+02	-9.3138e+02	1.8146e+03	5.4546e+02	-1.2084e+01	6.4295e+02	7.6063e+02	-1.3606e+03	1.7381e+03	1.1068e+03	-2.2209e+02	-9.5421e+02	2.5996e+03	2.4226e+02	-3.8863e+02	-5.3940e+02	-1.0946e+03	3.7932e+02	8.3129e+02	3.9482e+01	2.6411e+03	-1.5279e+03	-3.8003e+02	-3.6630e+02	7.1237e+02	6.8054e+02	-1.7822e+03	-1.5358e+02	-7.1174e+02	-1.6854e+02	1.9180e+02	-3.1627e+02	-6.4388e+02	9.4484e+02	4.2544e+01	-2.3544e+02	7.4388e+02	1.3952e+03	-8.5119e+02	-4.0769e+02	1.3825e+03	-7.8355e+02	5.1458e+02	-1.0393e+03	8.5369e+02	1.0027e+03	-7.0303e+02	-1.2101e+02	8.2398e+01	3.3386e+02	1.0266e+03	-2.1774e+03	8.2447e+02	-7.5257e+01	-1.2131e+03	4.5369e+02	-1.3521e+02	-9.7757e+02	-9.0867e+02	2.1038e+03	2.9012e+02	-3.3951e+02	-1.4245e+03	3.0937e+02	-3.4454e+01	1.6722e+03	6.1295e+02	3.6652e+02	3.6686e+02	-6.5393e+02	1.7388e+03	1.8098e+02	-4.6398e+02	-6.8319e+01	9.3933e+02	6.4556e+02	2.6023e+02	1.1543e+03	4.0978e+02	1.6029e+02	-1.7059e+03	5.2890e+02	-8.0999e+02	1.6648e+03	-1.7085e+03	3.6638e+02	1.4654e+03	5.9234e+02	-1.1421e+03	-8.2350e+02	-8.3991e+02	2.1987e+03	1.1369e+03	7.0281e+02	-9.1795e+02	1.1096e+03	6.7715e+02	-6.2548e+02	-8.2790e+02	1.3109e+03	2.2506e+03	6.8251e+02	1.5317e+02	-2.8041e+03	1.2885e+02	7.9781e+02	-5.7955e+02	-1.1761e+03	3.0077e+01	-1.2924e+03	-5.6621e+02	-7.6407e+01	1.3380e+02	7.7022e+02	3.3739e+02	2.7694e+02	1.1912e+03	-6.5739e+02	1.6518e+03	-8.3324e+02	4.5470e+02	-2.6056e+02	1.4701e+03	-6.8637e+02	-1.1042e+02	-3.8316e+02	-3.4051e+02	1.7524e+03	1.0632e+03	-3.7480e+02	-1.5472e+02	6.4354e+02	-8.3360e+02	-6.2330e+02	5.0489e+02	-1.3591e+03	-3.4196e+02	1.3713e+03	3.9402e+02	1.2331e+02	1.5492e+03	-1.2834e+03	1.4381e+03	2.9138e+01	1.4186e+03	1.1633e+02	1.1264e+03	6.2130e+02	-6.5696e+02	7.9000e+02	1.0785e+03	-1.4887e+03	2.1155e+02	-5.0017e+02	4.1591e+02
8.0000e+04	9.1157e+02	-6.2452e+01	-1.3616e+02	-3.0322e+02	-8.4859e+02	-5.9484e+01	6.9812e+02	6.9918e+01	-6.2796e+02	-4.7538e+02	8.6758e+02	1.1397e+03	-4.9669e+02	-1.1168e+02	-5.2605e+02	2.9131e+02	2.6264e+02	-1.5790e+03	-1.1145e+03	9.4981e+02	6.7239e+02	-2.4436e+02	-7.3925e+02	3.4275e+02	9.9349e+01	2.4335e+02	-5.4044e+02	-4.5206e+02	4.4793e+02	5.2162e+02	1.9092e+02	7.7178e+01	1.3656e+02	7.1526e+02	-9.1346e+02	1.4937e+02	4.9212e+02	-1.0882e+03	3.3486e+02	-2.0149e+00	2.8074e+02	1.6973e+03	6.1282e+00	-1.0634e+03	-8.8065e+02	1.1332e+03	-2.7979e+02	1.2937e+03	-2.1878e+02	1.8448e+02	6.5625e+02	3.7595e+02	5.5401e+01	-5.4345e+02	-4.3246e+02	1.2671e+03	1.9097e+03	1.5305e+03	1.7604e+02	1.1030e+03	-1.2386e+03	-2.5581e+02	-2.6780e+02	-1.0905e+03	-2.1489e+01	-6.5689e+01	3.0577e+02	-1.5197e+03	-7.7724e+02	-1.1371e+03	-1.1583e+02	5.7851e+02	5.5739e+02	1.0812e+03	-6.8615e+01	7.7916e+02	7.1652e+01	1.2315e+03	-1.9763e+02	1.0358e+03	-4.3019e+02	-3.8763e+02	3.0310e+02	-5.4616e+02	-2.7711e+02	3.0766e+02	1.4384e+03	1.1357e+03	7.7278e-01	-4.7630e+01	1.7068e+02	-9.3648e+01	-7.2267e+02	7.0320e+02	-3.0510e+02	7.1348e+01	4.1031e+02	8.0186e+01	-4.4734e+02	4.6219e+02	3.6612e+02	1.4318e+03	1.7362e+02	5.8772e+02	-2.2976e+02	2.9483e+02	9.7451e+02	2.2733e+02	4.3856e+02	3.2733e+02	-8.5221e+02	2.9534e+02	-3.7866e+02	-1.4711e+01	8.4886e+01	-6.6197e+02	6.0698e+02	1.6481e+03	-1.2955e+03	8.7303e+02	3.0241e+02	-1.6094e+02	-4.9515e+02	-1.1309e+03	1.0617e+03	2.1295e+02	9.0449e+02	5.1834e+01	-7.3592e+02	1.0238e+01	5.2033e+02	-3.7960e+02	-9.0792e+02	-6.2106e+02	6.1021e+02	-2.8935e+02	-1.2701e+03	2.3911e+03	1.0335e+03	-2.2199e+02	-1.2155e+03	2.2984e+02	2.9324e+02	-1.0040e+03	-7.0799e+02	2.3374e+02	-3.0418e+02	4.8757e+02	-9.3038e+02	-2.7233e+02	-4.8245e+01	-6.2405e+02	-5.1732e+02	-1.3599e+03	-2.8729e+02	1.4979e+03	-4.6789e+02	-1.0416e+02	9.2893e+02	-4.1048e+02	-8.9980e+02	-7.4693e+01	-1.5579e+02	-7.2060e+02	-9.1679e+02	-6.3650e+02	2.4352e+03	-3.0304e+02	3.1632e+02	1.9622e+01	3.0743e+02	-8.7404e+02	-3.2975e+02	4.3212e+02	3.6268e+02	-1.2790e+03	1.2432e+03	-6.6862e+02	-1.2173e+03	-4.7010e+02	3.7825e+02	2.5751e+02	8.7451e+02	7.8154e+01	-1.2214e+03	4.9249e+01	7.7601e+02	3.2865e+02	4.2746e+02	8.9036e+02	-3.0835e+01	-7.9821e+01	1.6734e+02	-8.9778e+02	1.2265e+02	-2.8456e+02	5.3675e+02	-7.0118e+02	1.4785e+02	2.3251e+02
8.0000e+04	1.7721e+02	-6.6606e+02	-1.0983e+03	-1.3032e+03	3.4480e+00	6.1594e+02	-4.3660e+02	-4.2184e+02	6.0894e+02	5.3599e+02	1.8172e+03	5.8049e+02	5.9002e+02	8.7777e+02	-9.4088e+02	-4.7695e+02	2.6358e+03	-4.9424e+02	-1.7179e+03	-2.0237e+03	-1.0763e+03	1.0940e+03	1.0820e+03	-1.8114e+02	-1.7218e+01	-3.1776e+02	-2.1046e+03	-1.6162e+03	-1.2454e+03	-6.6980e+01	-7.4213e+02	-1.6364e+03	3.4164e+01	-1.1200e+03	-2.0489e+02	9.7902e+02	6.1136e+02	5.1186e+02	1.6305e+03	-8.4963e+02	-9.3944e+02	2.1361e+02	-1.4728e+03	-1.3057e+02	-9.0228e+02	5.6408e+02	-1.1887e+03	1.8215e+03	7.7108e+02	-5.9736e+02	4.6596e+02	1.5169e+03	-2.0615e+03	1.3352e+03	1.5843e+03	-1.5377e+03	-1.5932e+03	3.0661e+03	3.0975e+01	-5.3586e+02	1.9607e+02	-1.9141e+03	8.9776e+02	1.2603e+03	-2.7462e+02	2.9695e+03	-1.2462e+03	-5.4067e+02	-5.8893e+02	7.9364e+02	6.4467e+02	-1.2878e+03	1.5435e+02	-3.0993e+01	-2.8336e+02	-4.7663e+01	-7.7881e+02	-1.2361e+03	1.1002e+03	-6.1458e+02	2.2529e+02	9.1516e+02	1.0193e+03	-6.5045e+01	-1.1851e+02	2.3017e+03	-6.5212e+02	-3.4525e+02	-1.9432e+03	1.2261e+03	6.9438e+02	-9.3934e+02	1.1236e+03	-1.2016e+01	3.8583e+02	1.2459e+03	-2.8452e+03	1.9179e+02	-2.1050e+02	-1.7157e+03	4.6573e+02	-5.1760e+02	-8.9300e+02	-8.4111e+02	3.7259e+03	5.9976e+02	3.0784e+01	-1.2240e+03	8.5018e+02	3.9438e+02	9.0396e+02	9.6524e+02	4.7694e+02	2.8207e+02	-1.0820e+03	1.0348e+03	1.0765e+03	-1.3237e+03	3.9007e+02	2.7739e+02	1.2876e+02	-1.4298e+02	1.3450e+03	6.9156e+02	2.4239e+02	-2.4476e+03	1.4484e+03	-1.1708e+03	1.6665e+03	-1.9040e+03	-1.3017e+02	1.9530e+03	7.8940e+02	-1.0408e+03	-1.2121e+03	-1.3123e+03	3.2768e+03	2.0221e+03	4.6604e+02	-2.0688e+03	1.1648e+03	8.5685e+02	-7.6195e+02	-1.6659e+03	2.1382e+03	2.3257e+03	5.1279e+02	1.0830e+03	-1.6871e+03	3.5834e+02	3.8624e+02	4.9156e+02	-1.3182e+03	1.6169e+01	-1.1212e+03	-6.7130e+01	-4.7105e+02	5.0904e+02	2.5790e+02	1.7088e+02	7.9882e+02	1.1968e+03	-4.8095e+02	1.4118e+03	-8.0209e+02	5.6230e+02	-3.9571e+02	6.9689e+02	-1.1173e+03	-3.4241e+02	-1.1856e+03	-2.6598e+02	1.0555e+03	7.4335e+02	-7.7115e+02	2.3920e+02	2.5833e+02	-5.1558e+02	-1.9676e+02	-4.0395e+02	-1.7162e+03	-4.0430e+02	1.5253e+03	7.8145e+02	-1.6075e+01	1.8113e+03	-1.5155e+03	7.5742e+02	9.5522e+02	2.1132e+03	-1.2688e+02	9.8883e+02	3.5099e+02	-4.4460e+02	1.3739e+03	6.5491e+02	-1.1866e+03	6.6300e+02	4.5938e+02	8.0382e+02
1.0000e+05	8.4173e+02	-9.1455e+02	-7.4537e+02	-5.6138e+02	-8.6637e+02	-7.0024e+02	9.7334e+02	5.8662e+02	-8.2287e+02	-4.5404e+02	1.1709e+03	7.9615e+02	-2.3504e+02	-3.3502e+02	-4.3754e+02	3.1588e+02	2.6179e+01	-1.4926e+03	-1.3887e+03	8.1150e+02	8.9132e+02	-4.8705e+02	-2.6923e+02	6.9162e+02	-1.6316e+02	4.9638e+02	-6.5350e+02	-8.1258e+01	9.2384e+02	1.0649e+00	1.9156e+02	-4.2090e+01	-3.4265e+02	1.3987e+03	-1.7201e+03	-3.6946e+02	7.7496e+02	-9.8295e+02	-5.3037e+02	-3.0056e+02	4.1387e+02	1.4716e+03	-2.3730e+02	-1.6068e+03	-9.3028e+02	1.0718e+03	-9.3249e+02	1.0363e+03	-2.0304e+02	3.5854e+02	4.2847e+02	6.0421e+02	-7.1462e+02	-9.6583e+02	-3.1769e+02	8.8576e+02	1.7079e+03	1.2417e+03	-5.0854e+01	6.2608e+02	-1.6291e+03	-4.9426e+01	-4.8153e+02	-4.6138e+02	-7.3171e+02	3.6672e+01	2.5403e+02	-1.6465e+03	-8.3837e+02	-1.1709e+03	2.8363e+02	5.1826e+02	-4.6435e+02	1.3451e+03	2.2412e+01	1.9476e+02	8.2885e+02	1.2824e+03	-7.1213e+02	7.3547e+02	-6.4000e+02	-1.8421e+02	4.9137e+02	-8.6965e+02	-1.7877e+01	9.3786e+02	1.7293e+03	1.1977e+03	-1.9948e+02	-2.9070e+02	-4.8760e+02	1.5893e+01	-4.9219e+02	1.0906e+03	-1.1767e+02	-2.5081e+02	1.2482e+02	3.2935e+02	-4.0888e+02	4.2143e+02	-2.2900e+02	1.7718e+03	3.1761e+02	-2.5887e+01	-4.9200e+02	-2.2561e+02	8.3997e+02	2.0320e+02	2.3537e+01	-2.3859e+01	-7.3701e+02	-2.6597e+02	6.6739e+02	1.0959e+02	3.5368e+02	-3.8369e+02	3.0908e+02	1.7353e+03	-1.3174e+03	1.2437e+03	-1.1727e+01	-9.5542e+01	-4.6669e+01	-1.0487e+03	9.1149e+02	2.0529e+02	5.1155e+02	-1.8681e+02	-5.0923e+02	1.7893e+02	1.0488e+02	-5.3636e+02	-7.2649e+02	-8.7552e+01	8.0414e+02	-5.1190e+02	-1.9327e+03	1.9817e+03	1.0195e+03	1.6435e+02	-8.6444e+02	-2.0395e+02	4.0847e+02	-4.8248e+02	-2.4653e+02	2.1543e+02	-8.9237e+02	1.2342e+03	-6.3671e+02	-4.4979e+02	8.0974e+01	-6.6025e+02	-1.0734e+03	-1.7379e+03	-3.8345e+02	1.7427e+03	6.9201e+01	-1.1575e+01	1.0823e+03	-1.1310e+03	-5.8104e+02	5.3788e+02	-5.5253e+02	-1.1665e+03	-1.4129e+03	-5.1891e+02	2.2362e+03	6.1075e+02	7.2643e+02	2.2292e+02	-9.2919e+00	1.3964e+02	-8.7086e+02	4.2327e+02	2.3968e+02	-1.7938e+03	1.3204e+03	-5.8550e+02	-2.0443e+03	-5.1774e+02	3.4932e+02	4.0568e+02	1.0804e+03	-3.7460e+02	-9.4333e+02	-4.9159e+02	6.5568e+02	1.9656e+02	8.3133e+02	7.7258e+02	4.5927e+02	1.1755e+02	2.8723e+02	-1.0760e+03	-5.5708e+00	-3.6321e+02	1.7513e+02	-7.0942e+02	2.7235e+02	6.4941e+02
1.0000e+05	1.2138e+03	-6.2281e+02	-9.2131e+02	-1.9274e+03	5.3240e+02	8.8380e+02	-4.7265e+02	1.8090e+02	1.2516e+03	-4.3908e+02	1.0625e+03	1.5736e+03	-4.8088e+02	1.3340e+03	-2.1382e+03	-1.9962e+02	3.0648e+03	1.4930e+01	-2.4928e+03	-1.7393e+03	-1.2327e+03	7.2794e+02	1.2717e+03	5.5848e+02	-5.5688e+02	-3.6120e+02	-2.3312e+03	-1.3217e+03	-1.6193e+03	1.4934e+02	-1.0381e+03	-1.8874e+03	5.5094e+02	-1.2109e+03	8.8636e+01	-2.8406e+02	1.7655e+03	5.2174e+02	2.0113e+03	-2.3653e+01	-1.4258e+03	-4.7018e+02	-1.2840e+03	4.2650e+02	-1.2328e+03	-1.9947e+02	-9.5983e+02	1.6045e+03	4.0137e+02	-1.1255e+03	1.0532e+03	1.0514e+03	-2.1025e+03	2.0014e+03	2.3701e+03	-2.1511e+03	-1.9717e+03	3.0776e+03	-9.3928e+01	-1.8542e+02	-4.3807e+02	-2.9110e+03	9.2393e+02	1.4158e+03	-1.2080e+03	2.7219e+03	-1.0012e+03	-1.5111e+03	-1.1584e+03	1.4703e+03	2.2791e+02	-1.9605e+03	-2.3399e+02	1.5406e+02	-9.4141e+02	1.3418e+02	-1.0331e+03	-1.6483e+03	1.5892e+03	-8.7692e+02	1.6711e+03	6.5321e+02	6.9673e+02	1.8816e+01	-3.9689e+02	1.8915e+03	-1.5716e+02	-5.7582e+02	-1.9551e+03	1.0219e+03	-4.6470e+01	-1.4611e+03	1.1980e+03	8.8999e+02	-1.7219e+02	1.2834e+03	-2.9959e+03	1.1224e+02	-5.5518e+02	-8.1594e+02	2.7384e+01	9.3166e+02	-1.7102e+03	-2.3460e+02	3.5767e+03	2.8569e+02	2.1152e+02	-1.5147e+03	1.2158e+03	3.5795e+01	8.7685e+02	2.3854e+02	2.8315e+02	5.1138e+02	-1.4074e+03	1.2103e+03	1.1157e+03	-9.2232e+02	7.6754e+02	-4.1881e+02	3.9931e+02	-8.0159e+02	1.1298e+03	1.0046e+02	2.6067e+02	-2.1229e+03	1.2784e+03	-3.2036e+02	1.3278e+03	-1.4204e+03	-4.4730e+02	1.7338e+03	1.6388e+03	-7.1212e+02	-1.3859e+03	-1.2270e+03	3.3516e+03	2.2654e+03	7.9013e+02	-2.3963e+03	6.2606e+01	1.4548e+03	-1.1101e+03	-1.3438e+03	1.6453e+03	1.3042e+03	6.5795e+02	2.8274e+03	-1.2143e+03	1.6379e+02	1.1974e+03	6.5640e+02	-8.9652e+01	7.2231e+02	-1.3881e+03	4.9749e+02	-5.2766e+02	4.2305e+02	2.6920e+01	-2.3205e+02	5.1092e+02	1.2837e+03	-1.2502e+03	1.7153e+03	-4.2860e+02	4.1415e+02	5.7830e+01	1.0038e+03	-1.8071e+03	-2.5748e+02	-1.0934e+03	-5.1352e+02	6.0151e+02	8.7707e+02	-5.7207e+02	-1.7328e+02	1.2466e+03	1.6466e+02	5.5761e+02	-8.9031e+02	-1.5486e+03	-5.5403e+01	1.5894e+03	1.2073e+03	-1.1473e+03	1.2687e+03	-2.4987e+03	8.1692e+02	-1.8803e+02	1.2014e+03	-3.1953e+02	8.0621e+02	8.2781e+02	-6.0922e+02	7.9224e+02	-5.9775e+02	-1.1192e+03	7.4008e+02	1.2109e+03	7.8527e+02
1.2000e+05	1.1092e+03	-8.4454e+02	-1.4082e+03	1.2953e+02	-8.0064e+02	-8.3073e+02	1.0105e+03	8.4521e+02	-7.5855e+02	-9.5652e+02	1.1552e+03	1.6165e+03	2.6523e+02	-3.3602e+02	-8.1714e+02	2.3601e+02	-1.3127e+02	-8.2163e+02	-1.1878e+03	9.2776e+02	5.1062e+02	-1.1407e+03	-5.8932e+02	1.0285e+03	-9.8471e+01	7.9652e+02	-5.5283e+02	-3.4737e+02	9.9376e+02	7.1850e+01	4.6387e+02	-3.0560e+02	-9.2715e+02	1.5203e+03	-1.0335e+03	-5.4051e+02	2.6480e+02	-9.7951e+02	8.1261e+01	-6.2021e+02	4.7106e+02	7.7245e+02	-5.9896e+02	-1.5330e+03	-1.1900e+03	6.6453e+02	-1.0025e+03	1.2748e+03	-2.3442e+02	3.9791e+02	6.9664e+02	3.3030e+02	-8.4576e+02	-9.4410e+02	-6.3546e+02	6.9907e+02	1.6376e+03	6.7746e+02	3.2391e+02	4.6298e+02	-1.7427e+03	-1.3642e+02	5.1497e+02	7.5542e+01	-1.1474e+03	-2.8883e+02	1.0097e+03	-1.2014e+03	-3.6981e+02	-5.7928e+02	-3.5271e+02	-4.9317e+01	-4.1664e+02	1.0272e+03	-1.8116e+02	4.4462e+02	7.4552e+02	1.4565e+03	-2.3388e+02	1.6064e+03	-8.5185e+02	-4.4561e+02	7.1789e+02	-9.6666e+02	7.5898e+02	5.9070e+02	1.3926e+03	1.0365e+03	1.2107e+02	4.9429e+01	-1.1688e+03	-6.7442e+01	-5.8114e+02	1.9779e+03	-7.3672e+01	-5.7820e+02	4.8179e+01	1.9647e+02	1.5530e+02	3.4296e+02	-2.5286e+02	1.5553e+03	-1.5100e+02	6.7120e+02	-7.6394e+02	-1.8994e+02	6.3937e+02	3.5871e+02	3.1006e+02	2.0580e+02	-1.7124e+03	-7.3190e+02	1.0034e+03	1.3154e+02	5.8840e+02	-2.4466e+02	6.0476e+02	1.8739e+03	-1.5885e+03	1.3446e+03	-4.9973e+02	-5.4343e+02	-7.2486e+02	-8.8450e+02	1.1189e+03	9.1938e+02	7.5840e+02	2.2312e+02	-1.5926e+02	-4.4471e+01	3.1851e+02	-9.0493e+02	-8.8288e+02	-6.6792e+02	9.9129e+02	-7.6501e+02	-2.1194e+03	1.4473e+03	1.0745e+03	-2.7429e+02	-7.6823e+02	-3.9735e+02	3.0394e+02	-1.0812e+03	-5.0208e+02	7.4647e+02	-9.3407e+02	1.1949e+03	-7.1861e+02	5.7007e+01	1.8256e+02	-3.6133e+02	-1.4662e+03	-1.7559e+03	-5.4356e+01	1.7227e+03	-3.6871e+02	5.1966e+02	7.8748e+02	-1.3449e+03	-5.8271e+02	-1.6901e+00	-7.0138e+02	-1.6025e+03	-1.2531e+03	-6.4346e+02	2.4753e+03	9.0799e+01	7.7834e+02	2.5060e+01	-4.6364e+02	-5.7342e+01	-9.4120e+02	2.5302e+02	1.0531e+02	-1.9495e+03	1.6039e+03	-8.7658e+02	-1.9177e+03	-7.9527e+02	3.7655e+02	5.7437e+02	1.2919e+03	-6.4743e+02	-8.1210e+02	-5.5321e+02	7.9415e+02	7.1885e+02	1.0868e+03	7.1478e+02	4.6731e+02	3.7950e+02	4.1572e+02	-1.3685e+03	-1.8797e+02	-1.8340e+02	3.7239e+02	-3.4325e+02	1.0539e+03	3.1064e+02
1.2000e+05	-6.7379e+01	-1.5767e+03	-1.6084e+03	-1.5620e+03	-8.2562e+00	5.2378e+02	-2.6581e+02	1.5123e+03	1.8468e+03	1.8123e+02	7.4191e+02	1.8509e+03	-2.3761e+02	1.5126e+03	-1.5265e+03	-9.5693e+01	2.7080e+03	-9.4824e+00	-1.9097e+03	-1.6332e+03	-1.1827e+03	1.5166e+03	1.2380e+03	5.8069e+02	-1.5588e+03	5.7087e+02	-2.6026e+03	-7.6433e+02	-2.5216e+03	8.8794e+02	-1.2908e+03	-2.1396e+03	2.6170e+02	-1.1131e+03	4.7828e+02	-7.5891e+02	2.4344e+02	7.5343e+02	1.4801e+03	-2.7220e+02	-1.2264e+03	-7.5829e+02	-1.6211e+03	4.9324e+02	-6.0575e+02	1.7040e+03	-9.2828e+02	1.4018e+03	-1.1317e+02	-9.4760e+02	3.7756e+02	1.0807e+03	-1.6034e+03	1.5317e+03	2.1567e+03	-1.6198e+03	-2.0937e+03	3.3320e+03	-4.5794e+02	8.7362e+02	-8.3399e+02	-2.4708e+03	3.9402e+02	2.0970e+03	-2.0689e+03	2.1516e+03	-2.2138e+03	-1.7029e+03	-9.6824e+02	1.2580e+03	9.1341e+02	-1.2987e+03	-2.7625e+02	-2.9134e+02	-7.8103e+01	-2.6867e+02	-2.3634e+03	-1.2199e+03	1.7235e+03	-1.3062e+02	1.6683e+03	8.0365e+02	7.5131e+02	-2.4089e+02	-8.6170e+02	1.4627e+03	1.0832e+02	-1.1404e+03	-8.8922e+02	1.2225e+03	-4.6916e+02	-1.7689e+03	5.2563e+02	7.9446e+02	-1.1663e+03	1.4597e+03	-3.4166e+03	3.0000e+02	-2.3666e+02	-6.4915e+02	1.0128e+03	1.5558e+03	-1.8272e+03	-8.4174e+02	3.9485e+03	-3.3590e+02	-8.0832e+02	-1.7488e+03	1.6783e+03	4.6643e+02	7.3891e+02	2.1930e+02	3.7083e+02	7.7102e+02	-1.7809e+03	1.1454e+03	1.0231e+03	-9.1329e+02	1.6372e+02	-7.1881e+02	1.4672e+02	-1.3186e+03	1.6563e+02	-3.3023e+02	-1.6000e+01	-2.3329e+03	1.4761e+03	4.4558e+02	1.0963e+03	-6.2437e+02	-1.9712e+02	1.8267e+03	2.0200e+03	-5.5824e+02	-8.0360e+02	-1.4188e+03	3.3429e+03	1.6538e+03	5.4888e+02	-2.6088e+03	-5.4428e+02	9.2991e+02	-7.5649e+01	-1.6531e+03	1.7170e+03	1.7763e+03	1.2317e+03	3.6916e+03	-2.0154e+03	-1.8187e+02	1.2377e+03	5.4474e+02	3.7708e+02	1.5002e+02	-1.9518e+03	-8.7983e+02	5.0022e+02	3.3769e+02	-3.1792e+02	-4.3410e+01	1.3874e+02	1.7689e+03	-8.2497e+02	9.0542e+02	-1.7672e+03	1.6264e+02	-5.7112e+02	1.6405e+02	-2.2603e+03	-4.6443e+02	-1.7711e+03	-3.6072e+02	1.3819e+03	9.8222e+02	-7.1012e+02	2.2481e+02	1.4623e+03	7.6840e+02	9.4067e+02	-1.8780e+03	-2.8461e+03	-1.2667e+02	1.3237e+03	5.5425e+02	-1.2037e+03	2.2151e+03	-2.2181e+03	8.7492e+02	1.9769e+02	1.3686e+03	-2.2581e+02	4.6311e+02	7.9925e+02	-1.5420e+03	6.6388e+02	-2.4704e+02	-8.4952e+02	2.2954e+02	8.1451e+02	1.3639e+03
1.4000e+05	7.5365e+02	-8.6895e+02	-1.3879e+03	3.8559e+01	-1.2144e+03	-6.8763e+02	1.0939e+03	6.8961e+02	-6.1733e+02	-1.4482e+03	6.8232e+02	1.5913e+03	6.1590e+02	-4.6994e+02	-7.3516e+02	1.1311e+02	-4.3385e+02	-7.2608e+02	-1.0961e+03	5.9154e+02	7.8514e+02	-1.3917e+03	-4.2088e+01	1.0156e+03	-2.5218e+02	4.5420e+02	-1.8165e+02	-4.8777e+01	7.4788e+02	2.5418e+01	-1.1041e+02	-1.0266e+03	-7.2703e+02	1.7897e+03	-3.0398e+02	-8.3960e+02	5.0178e+02	-1.1616e+03	-2.5319e+02	-9.9144e+02	1.0613e+03	1.3890e+03	-6.5268e+02	-1.2154e+03	-1.8818e+03	4.3377e+02	-1.0630e+03	1.7388e+03	-8.4499e+02	-4.0078e+02	8.0984e+02	7.1421e+02	-9.4624e+02	-5.4916e+02	-7.9398e+02	1.1215e+03	1.7069e+03	9.2639e+02	3.1213e+02	2.7929e+02	-1.6260e+03	-2.4405e+02	7.9603e+02	6.0372e+02	-7.7868e+02	-2.0129e+02	5.3644e+02	-1.3112e+03	-4.8291e+02	-4.5135e+02	-4.3304e+02	1.7762e+02	-7.9047e+02	9.4049e+02	-3.0670e+02	8.7314e+02	1.4568e+03	1.6542e+03	-3.2396e+02	1.4057e+03	-7.3605e+02	-8.1204e+01	6.9460e+02	-5.4663e+02	7.7517e+02	3.1497e+02	1.3714e+03	1.4122e+03	1.9305e+01	-3.2307e+02	-1.5032e+03	1.5717e+02	-1.0083e+03	1.7883e+03	-2.2116e+02	-7.4194e+02	1.7881e+02	6.1216e+01	2.2400e+02	6.3039e+02	5.5927e+02	7.3974e+02	-7.1173e+02	6.3468e+02	-8.9434e+02	2.4093e+02	3.0276e+02	5.2753e+02	9.7392e+02	-4.9745e+02	-1.5642e+03	-6.0899e+01	9.3141e+02	3.0012e+01	1.4440e+03	-3.0078e+02	7.8108e+02	2.0348e+03	-1.3969e+03	1.7215e+03	-9.5325e+02	-2.7234e+02	-5.2675e+02	-1.1120e+03	7.3053e+02	9.6430e+02	4.7143e+02	4.6483e+01	-7.3226e+02	-2.6045e+02	7.5633e+02	-5.4131e+02	-7.1307e+02	-1.2135e+03	2.2943e+03	-1.1380e+03	-2.1026e+03	1.1565e+03	8.8684e+02	-7.5753e+02	-9.0450e+02	-6.6771e+02	1.7511e+01	-5.7339e+02	-4.1580e+00	4.6124e+02	-1.0645e+03	1.1550e+03	-6.3657e+02	2.5245e+02	4.5504e+02	1.2419e+01	-1.6323e+03	-1.5591e+03	2.2514e+02	2.0708e+03	-2.7902e+02	4.9346e+02	6.8637e+01	-1.1907e+03	-6.9925e+02	-1.6455e+02	-1.5365e+03	-1.2230e+03	-1.1986e+03	-8.6696e+02	2.5984e+03	2.4300e+02	9.9570e+02	4.7394e+02	-6.0506e+02	1.3137e+02	-1.3460e+03	-4.4730e+02	3.2249e+02	-2.2523e+03	2.2372e+03	-8.5423e+02	-1.4520e+03	-3.4761e+02	3.6536e+02	8.9141e+02	1.7626e+03	-7.7580e+02	-1.5644e+02	-7.5259e+02	5.1515e+02	5.6707e+02	1.2111e+03	8.8996e+02	2.4577e+02	5.1325e+02	9.8775e+02	-1.4124e+03	-1.7435e+02	-6.2627e+01	1.0810e+03	-5.9020e+02	7.6081e+02	1.8235e+01
1.4000e+05	2.9266e+02	-1.5044e+03	-2.0327e+03	-1.6914e+03	-7.0511e+02	8.1284e+02	-1.2016e+02	2.0092e+03	1.4934e+03	7.5612e+01	-2.5436e+02	1.4012e+03	-2.9429e+02	1.0012e+03	-6.7610e+02	5.2770e+02	2.8032e+03	5.9580e+02	-2.3655e+03	-1.5449e+03	-1.7330e+03	1.6282e+03	1.7613e+03	8.0610e+02	4.4376e+01	-7.9298e+01	-3.8222e+03	-9.9647e+02	-2.5303e+03	1.5114e+03	-9.6710e+02	-1.9013e+03	1.0904e+03	-1.9490e+03	6.7115e+02	-9.4447e+02	1.1625e+03	1.0322e+03	1.6678e+03	7.3460e+02	-1.6100e+03	4.3867e+02	-1.3527e+03	1.8009e+03	-3.2438e+02	1.8086e+03	-1.7413e+03	1.5557e+03	-8.4329e+02	1.5754e+02	5.2396e+02	-5.9021e+02	-1.3542e+03	2.2040e+03	1.9648e+03	-7.6650e+02	-2.0407e+03	3.1497e+03	-5.6957e+02	1.1763e+03	-5.2789e+02	-2.9881e+03	-3.0505e+02	2.3618e+03	-2.1922e+03	2.1737e+03	-2.5196e+03	-2.2121e+03	-2.8151e+03	1.1622e+03	9.5953e+02	-9.3886e+02	1.5874e+02	-7.5841e+02	-6.8508e+02	3.9867e+02	-2.0406e+03	-1.2765e+03	4.7511e+02	-2.6394e+02	7.2155e+02	1.5076e+03	3.6120e+02	-5.9609e+02	-1.3045e+03	1.1551e+03	6.1644e+02	-1.5498e+03	-7.1167e+02	2.2588e+03	-6.0486e+02	-2.8929e+03	-4.3804e+02	4.6340e+02	-1.6756e+03	1.3406e+03	-3.0039e+03	5.2347e+02	-4.7182e+01	1.8576e+02	1.9812e+03	1.5851e+03	-9.9935e+02	-3.4310e+02	3.7132e+03	1.9369e+02	-6.0732e+02	-2.3051e+03	1.7548e+03	4.3179e+02	-2.5847e+02	2.7592e+02	5.2130e+02	8.5707e+02	-1.6190e+03	4.3851e+02	1.6904e+03	-5.6788e+02	-9.9160e+02	-6.1046e+02	9.8695e+02	-1.0887e+03	4.8750e+02	-1.1633e+03	-1.0584e+02	-2.3592e+03	1.0029e+03	4.1674e+02	2.1085e+03	-6.6244e+02	-4.2130e+02	1.4392e+03	2.3388e+03	-7.2501e+02	-5.0208e+02	-2.1847e+03	4.0812e+03	1.1138e+03	4.2666e+02	-1.7019e+03	6.6664e+02	1.2665e+03	-1.4989e+02	-1.9267e+03	1.7873e+03	2.6409e+03	9.6119e+02	4.1267e+03	-2.4272e+03	3.8922e+01	2.5331e+03	1.0988e+03	-4.2594e+02	2.1964e+02	-2.1202e+03	-1.8450e+03	1.0298e+03	3.2755e+02	-8.1510e+01	4.0990e+02	9.3092e+01	1.1617e+03	-1.4830e+03	6.8164e+02	-2.3664e+03	7.0956e+02	-7.1039e+02	1.7095e+02	-1.9589e+03	-8.1777e+02	-1.9150e+03	-7.8052e+02	9.9331e+02	6.9470e+02	-1.6663e+03	1.4175e+01	1.5463e+03	1.0305e+03	1.1460e+03	-1.3186e+03	-2.7880e+03	3.2647e+02	6.4436e+02	8.9681e+02	-5.5512e+02	3.0420e+03	-2.6351e+03	1.3055e+03	1.0220e+01	1.2605e+03	-7.6411e+02	-1.9319e+02	1.1928e+03	-1.6319e+03	8.9782e+02	-3.9958e+02	-4.4255e+01	-1.4186e+02	7.0638e+02	1.4083e+03
1.6000e+05	9.6291e+02	-5.1425e+02	-1.3992e+03	5.3988e+02	-1.3178e+03	-5.1682e+02	8.9210e+02	9.6396e+02	-5.4922e+02	-2.0071e+03	5.7131e+02	2.0811e+03	8.5625e+02	-5.2227e+02	-7.7258e+02	8.4780e+00	-2.9435e+02	-9.1956e+02	-1.1836e+03	2.5051e+02	5.0991e+02	-1.8883e+03	4.7056e+02	1.5399e+03	-1.4793e+03	6.9929e+02	-1.3973e+02	1.1398e+02	1.5152e+03	3.6498e+01	-9.3555e+02	-1.2189e+03	-1.5023e+03	1.6616e+03	-4.4080e+02	-4.9410e+02	1.2413e+03	-4.2448e+02	-5.3571e+02	-1.5596e+03	1.6552e+03	1.0504e+03	-3.2004e+02	-1.3207e+03	-2.2061e+03	4.1761e+02	-1.0075e+03	1.6947e+03	-6.3203e+02	-7.1274e+02	1.0176e+03	6.2169e+02	-9.6174e+02	-2.2984e+02	-3.1731e+02	1.6853e+03	1.7774e+03	1.0685e+03	1.4716e+02	3.6656e+02	-1.6161e+03	-2.3007e+01	5.9971e+02	9.9069e+02	-9.0527e+02	-3.8704e+02	7.3294e+02	-1.7790e+03	-9.8732e+02	-1.5649e+02	-1.1083e+03	8.2460e+01	-7.8602e+02	6.0270e+02	-2.2600e+01	1.4616e+03	1.6928e+03	1.6418e+03	-5.3548e+02	1.2388e+03	-7.0948e+02	-1.8959e+02	1.2269e+03	-6.4079e+02	6.7918e+02	1.6894e+02	1.0076e+03	1.9675e+03	-4.0093e+02	-4.6106e+02	-1.9372e+03	-4.8380e+02	-1.7842e+03	2.1860e+03	2.3284e+02	-1.2836e+03	-4.8828e+02	-1.8396e+02	3.8434e+02	4.0054e+02	8.7837e+02	9.9564e+02	-5.7682e+02	1.0814e+03	-8.8230e+02	3.9518e+02	2.5239e+02	8.1494e+02	8.3313e+02	-1.1628e+02	-1.4440e+03	7.0397e+01	9.6951e+02	1.1169e+03	1.6320e+03	-1.0530e+03	9.2535e+02	2.4328e+03	-2.1330e+03	1.7818e+03	-2.1763e+03	-1.5085e+02	-4.4525e+02	-7.3186e+02	9.1390e+02	6.3085e+02	4.2993e+02	1.9492e+02	1.7758e+02	-5.0444e+02	9.8047e+02	-1.0806e+03	-6.2343e+02	-1.3410e+03	2.2463e+03	-1.4238e+03	-2.4108e+03	1.2536e+03	5.1979e+02	-1.1316e+03	-1.0495e+03	-4.0109e+02	-9.0030e+01	-6.4349e+02	1.9638e+02	6.1632e+02	-9.0887e+02	1.0123e+03	-1.0765e+03	-3.5277e+01	5.8809e+02	-3.1460e+02	-1.9460e+03	-1.6049e+03	4.8654e+01	1.6817e+03	2.3353e+02	3.1045e+02	-2.9215e+02	-9.7171e+02	-1.1839e+03	-1.4877e+02	-1.6008e+03	-1.3851e+03	-1.4380e+03	-9.0037e+02	2.6184e+03	2.6622e+02	1.2937e+03	5.0649e+02	-5.4110e+02	3.6263e+02	-1.5220e+03	-3.4803e+02	6.6959e+02	-2.2735e+03	1.9854e+03	-1.2332e+03	-2.1228e+03	-3.2371e+02	3.3082e+01	1.8911e+03	1.7702e+03	-8.9152e+02	-8.1529e+01	-9.3749e+02	7.2988e+02	9.4268e+02	1.5983e+03	8.8812e+02	8.6261e+02	1.1045e+03	9.2107e+02	-2.0237e+03	-2.8076e+02	-7.4157e+02	1.3636e+03	-6.5308e+02	1.0268e+03	-1.7794e+02
1.6000e+05	-1.9763e+02	-2.2641e+03	-1.6483e+03	-2.2531e+03	-7.6309e+02	8.1933e+02	-1.2488e+03	1.3490e+03	1.7736e+03	6.2192e+02	-3.9855e+02	1.8467e+03	4.1858e+01	1.1206e+03	5.9269e+02	2.9292e+02	3.1935e+03	1.6169e+02	-2.5589e+03	-1.1787e+03	-1.7068e+03	1.8677e+03	1.7555e+03	2.9570e+01	1.5858e+02	2.3056e+02	-3.3791e+03	-1.8961e+03	-2.9211e+03	2.3578e+03	-1.5072e+03	-2.2776e+03	1.1136e+03	-2.4373e+03	1.1581e+03	-8.0489e+02	8.5095e+02	5.6213e+02	2.1032e+03	6.5466e+02	-1.4912e+03	4.4059e+02	-1.2345e+03	8.6168e+02	-2.8773e+02	1.4235e+03	-7.8157e+02	1.7923e+03	-7.3461e+02	1.4029e+02	1.2448e+03	-1.0220e+03	-1.6490e+03	2.5190e+03	1.0638e+03	-1.3060e+03	-1.3383e+03	3.0618e+03	-1.1335e+03	1.1859e+03	-3.8518e+02	-2.2639e+03	3.1215e+01	2.3769e+03	-2.1418e+03	2.0301e+03	-2.6538e+03	-2.8414e+03	-3.8856e+03	5.9718e+02	8.1646e+02	-4.7329e+02	-1.3956e+02	-1.4913e+03	-9.5096e+02	6.1719e+02	-8.0623e+02	-3.0557e+02	2.6284e+02	-5.6006e+02	4.9661e+02	6.1767e+02	5.2829e+02	-1.0342e+03	-1.2999e+03	1.8903e+03	1.1566e+03	-2.3867e+03	-1.4126e+03	2.5194e+03	-1.8191e+02	-3.0167e+03	-1.0987e+03	-2.5805e+02	-2.3175e+03	1.5806e+03	-3.3509e+03	3.7967e+01	-3.6918e+02	-3.9004e+02	1.7854e+03	1.9701e+03	-8.8281e+02	1.3200e+02	3.8736e+03	2.3465e+02	-2.0047e+02	-2.4702e+03	1.3636e+03	8.8842e+02	-9.5635e+02	2.4792e+02	-1.3866e+02	5.4813e+02	-1.5475e+03	6.6785e+02	7.3959e+02	-5.3633e+02	-1.5958e+03	-3.1665e+02	1.6061e+03	-1.2549e+03	1.1546e+02	-8.5680e+02	2.9561e+02	-2.7978e+03	1.2822e+03	9.1715e+02	1.5246e+03	-3.6154e+02	-7.4734e+02	1.5046e+03	1.6043e+03	-1.0764e+03	-7.3876e+02	-2.7279e+03	2.9657e+03	1.6378e+03	6.8307e+01	-2.8222e+03	7.5330e+02	1.7462e+03	-7.3050e+01	-2.5321e+03	2.6282e+03	2.2469e+03	7.9574e+02	3.7772e+03	-2.6076e+03	-1.1838e+03	2.2880e+03	1.8870e+03	1.3086e+02	2.7074e+02	-1.9237e+03	-1.1525e+03	3.9791e+02	1.8182e+02	-3.7775e+01	1.5240e+03	1.3252e+03	1.2551e+03	-1.3747e+03	1.6878e+03	-3.2338e+03	-9.2475e+01	-7.4890e+02	3.3426e+01	-5.8686e+02	-1.1314e+03	-1.3218e+03	-1.5670e+03	8.6600e+01	1.9729e+02	-1.6578e+03	-1.7088e+02	1.9476e+03	1.3371e+03	-1.7883e+02	-1.7317e+03	-3.2149e+03	2.4222e+02	7.5640e+02	1.4241e+02	-7.7510e+02	2.3704e+03	-2.9361e+03	2.1839e+03	-4.9454e+00	1.0312e+03	-1.1326e+03	-2.6138e+02	1.2917e+03	-1.5289e+03	2.5515e+02	-7.4842e+02	4.9397e+02	-7.9019e+01	1.5705e+03	1.9678e+03
1.8000e+05	1.4100e+03	-8.1365e+02	-1.4751e+03	6.2223e+02	-1.0980e+03	-5.2292e+02	1.5912e+03	9.7769e+02	-5.8959e+00	-2.0526e+03	7.3460e+02	1.9217e+03	9.2780e+02	5.2524e+01	-9.7566e+02	-1.0263e+03	-6.2188e+01	-1.4167e+03	-5.1410e+02	3.9720e+02	9.8930e+02	-1.4370e+03	2.7154e+02	1.5053e+03	-1.3256e+03	5.2288e+02	-4.7910e+01	2.4472e+02	1.4911e+03	1.1674e+02	-1.1958e+03	-1.2576e+03	-1.9509e+03	1.7852e+03	-5.9304e+02	1.0345e+02	9.2282e+02	-1.9977e+02	-2.1979e+02	-1.5664e+03	1.5500e+03	3.6399e+02	5.3164e+02	-1.3724e+03	-2.0792e+03	1.3075e+03	-1.2701e+03	1.0942e+03	-9.0189e+02	-4.9047e+02	1.2831e+03	8.6713e+02	-7.1781e+02	-4.1069e+02	-4.6198e+02	1.3212e+03	1.9907e+03	1.1564e+03	5.8947e+02	5.9119e+02	-1.6960e+03	-1.3703e+02	4.1361e+02	7.9051e+02	-1.3560e+03	1.3455e+01	1.1014e+03	-2.0643e+03	-8.3957e+02	9.8081e+01	-1.1708e+03	2.6720e+01	-3.3864e+02	5.4666e+02	-4.9324e+02	1.3059e+03	2.2167e+03	8.8225e+02	-5.6395e+02	1.4198e+03	-6.4429e+02	-1.2373e+02	1.3250e+03	-5.2432e+02	9.3064e+02	-4.4117e+00	8.5141e+02	1.9760e+03	-3.1476e+02	-6.5200e+02	-1.8596e+03	-1.2255e+02	-2.4782e+03	2.2975e+03	4.7815e+01	-8.0592e+02	-9.7644e+01	3.8390e+02	9.0290e+02	6.0451e+02	1.4849e+03	1.4768e+03	-3.8766e+02	1.3360e+03	-6.6765e+02	3.7260e+02	-2.3427e+02	5.4534e+02	2.3600e+02	-4.5668e+02	-1.3828e+03	5.7031e+02	9.9159e+02	1.2272e+03	2.0878e+03	-1.2462e+03	1.1871e+03	2.1806e+03	-2.4150e+03	1.8366e+03	-2.6149e+03	3.1060e+02	-9.9003e+02	-1.2865e+03	1.1654e+03	7.5122e+02	7.7362e+02	4.3600e+02	-3.3723e+02	-8.1917e+02	5.0617e+02	-1.0239e+03	-8.2776e+02	-1.8599e+03	2.7908e+03	-3.7204e+02	-2.6523e+03	1.5528e+03	4.1011e+02	-8.6725e+02	-7.6000e+02	3.5557e+01	5.5261e+02	-7.6222e+02	3.7388e+02	1.9319e+02	-8.1485e+02	7.2500e+02	-1.1166e+03	4.9960e+02	8.3170e+02	-6.5122e+02	-2.0624e+03	-1.8217e+03	-2.2563e+02	2.6663e+03	2.7940e+02	5.0533e+02	-2.6656e+02	-1.6255e+03	-1.1116e+03	-2.7261e+02	-1.5095e+03	-1.7707e+03	-1.3913e+03	-7.8296e+02	2.7063e+03	-1.4328e+02	1.1151e+03	4.2430e+01	-5.2376e+02	8.2623e+02	-1.4468e+03	-1.8806e+02	5.0199e+02	-2.0939e+03	1.9642e+03	-1.1828e+03	-2.1078e+03	-2.6848e+02	-1.3243e+02	1.5199e+03	2.1491e+03	-7.9690e+02	-4.4298e+02	-9.7457e+02	9.1702e+02	1.1629e+03	1.9890e+03	3.2937e+02	2.3410e+02	9.8283e+02	2.2648e+02	-2.3191e+03	-8.4897e+02	-4.3768e+02	1.5420e+03	-1.0875e+03	1.6498e+03	-5.4308e+02
1.8000e+05	-3.8797e+02	-1.9093e+03	-7.9904e+02	-1.5778e+03	-1.1232e+02	4.6526e+02	-1.2117e+03	1.6720e+03	1.4976e+03	4.2159e+02	-1.1585e+03	2.4085e+03	4.1206e+02	1.2564e+03	7.8693e+02	-1.2145e+03	3.8930e+03	-4.9218e+02	-1.8569e+03	-1.8855e+03	-2.3141e+03	1.3338e+03	1.8994e+03	-2.1527e+02	3.6231e+02	-1.3566e+02	-3.5653e+03	-1.3837e+03	-1.9502e+03	1.4464e+03	-9.3440e+02	-1.3142e+03	1.0006e+03	-1.7453e+03	1.5220e+03	-6.7195e+02	4.7729e+02	8.7751e+02	2.1017e+03	1.0370e+03	-9.0409e+02	1.5577e+03	-1.3299e+03	1.1604e+03	-5.1234e+02	2.4418e+03	-5.3207e+02	2.2592e+03	-2.0314e+03	-1.0052e+02	7.1308e+02	-6.2532e+02	-2.1122e+03	3.4165e+03	1.3114e+03	-9.3139e+02	-1.2023e+03	2.1617e+03	-2.0296e+02	1.1138e+03	5.4019e+01	-2.4687e+03	5.0618e+02	2.0708e+03	-2.5307e+03	2.6585e+03	-2.7324e+03	-2.4796e+03	-3.4961e+03	6.7782e+02	-2.0378e+02	2.7578e+02	4.0219e+02	-1.5265e+03	-1.2572e+03	3.9414e+02	-9.9488e+02	-1.0784e+03	-1.4915e+03	-3.5217e+02	-8.3405e+02	1.0036e+03	3.3356e+02	-1.6054e+03	-2.5198e+03	1.8634e+03	1.4810e+03	-2.2526e+03	-7.9049e+02	1.2542e+03	-1.9829e+02	-2.1525e+03	-5.8136e+02	-1.9844e+02	-1.6396e+03	1.3738e+03	-3.8921e+03	8.0076e+02	4.7879e+02	-1.4241e+03	1.4330e+03	1.5472e+03	-1.6953e+03	-4.9595e+02	4.2366e+03	5.4562e+02	1.4432e+03	-3.7399e+03	1.8362e+03	2.7624e+02	-1.4556e+03	9.2145e+01	-2.9519e+02	-9.2880e+01	-5.8369e+02	5.3187e+02	-1.9232e+02	-2.5067e+02	-1.3783e+03	-5.5105e+02	1.1057e+03	-2.1021e+03	3.0973e+02	-7.4236e+02	1.9195e+02	-2.8150e+03	3.9510e+02	5.9869e+02	5.3329e+02	9.2006e+01	-1.1934e+03	1.1198e+03	1.3607e+03	-1.2986e+03	-1.0049e+03	-2.0741e+03	3.1672e+03	1.1531e+03	4.1084e+01	-2.8445e+03	2.1593e+02	1.4661e+03	-2.8561e+02	-1.3846e+03	3.3554e+03	2.2821e+03	1.0361e+03	4.2539e+03	-2.7033e+03	-5.4269e+02	2.8787e+03	1.9576e+03	-1.5847e+01	3.4904e+02	-1.9615e+03	-8.3830e+02	5.0018e+02	-3.1869e+02	5.9022e+01	1.4112e+03	9.3137e+02	1.2834e+03	-3.9166e+02	1.0446e+03	-2.3125e+03	4.4441e+02	-9.8985e+02	4.6589e+01	-5.2534e+02	-1.1028e+03	-9.7253e+02	-1.6179e+03	-8.3978e+01	-2.1279e+01	-2.3940e+03	-9.9643e+02	2.4584e+03	8.3049e+02	5.0406e+02	-2.2554e+03	-2.8897e+03	4.4802e+02	3.3292e+02	-3.9164e+02	-1.2760e+03	1.6846e+03	-3.4854e+03	1.7514e+03	-5.7016e+01	1.6512e+03	-1.3232e+03	8.2992e+02	1.7172e+03	-1.9912e+03	7.1584e+02	-5.9049e+02	2.6478e+02	-1.8856e+02	2.3720e+03	1.9516e+03
2.0000e+05	1.2591e+03	-1.3448e+03	-1.5982e+03	2.6401e+02	-1.3857e+03	-5.2336e+02	2.1030e+03	6.4768e+02	-1.3087e+02	-1.6460e+03	1.0664e+03	1.9717e+03	6.4244e+02	4.0010e+02	-9.2942e+02	-4.7730e+02	-1.3818e+02	-1.3690e+03	-2.6151e+02	1.1862e+03	1.2742e+03	-1.3733e+03	3.5697e+02	1.2587e+03	-1.7339e+03	1.6797e+02	-2.3318e+02	1.3880e+02	1.5902e+03	8.5489e+01	-1.1747e+03	-7.9347e+02	-1.8707e+03	1.3351e+03	-7.0322e+02	-8.0314e+01	1.3711e+03	-4.6296e+02	-3.4702e+02	-2.0319e+03	1.7816e+03	3.1939e+02	3.7663e+02	-1.4885e+03	-1.9413e+03	1.6530e+03	-1.0760e+03	9.8608e+02	-1.2759e+03	-3.6729e+02	1.4034e+03	1.3692e+03	-6.0955e+01	-2.9432e+01	-4.2548e+02	1.8825e+03	1.9409e+03	7.3371e+02	2.9046e+02	6.0420e+02	-2.3556e+03	-3.2401e+02	2.9038e+02	9.6707e+02	-9.1486e+02	2.7733e+02	1.1847e+03	-2.4057e+03	-9.9712e+02	9.2047e+02	-1.3307e+03	-2.3207e+02	-4.1356e+02	4.0827e+02	-3.4496e+02	1.2949e+03	2.3570e+03	5.3683e+02	-5.7276e+02	1.9265e+03	1.0877e+02	5.0342e+02	1.4227e+03	-6.0885e+02	7.2175e+02	-5.2686e+02	3.2285e+02	2.1683e+03	-6.2163e+02	-1.1678e+03	-1.4422e+03	-7.6501e+02	-2.1952e+03	2.1007e+03	-1.9855e+02	-4.0083e+02	1.1627e+02	5.7075e+02	3.6425e+02	3.4035e+02	1.1356e+03	1.5355e+03	-1.6453e+02	1.3743e+03	-6.7969e+02	1.2656e+03	6.2458e+02	6.6875e+01	2.0555e+02	-4.2943e+02	-1.7541e+03	-5.5911e+00	1.4170e+03	1.1427e+03	2.6002e+03	-1.0512e+03	1.7613e+03	2.6271e+03	-2.6420e+03	1.8867e+03	-2.3961e+03	3.9463e+02	-1.6727e+03	-1.7724e+03	1.2911e+03	7.9117e+02	4.5904e+02	-2.9097e+01	-3.7822e+02	-7.5756e+02	6.8205e+02	-1.3018e+03	-8.8276e+02	-2.2946e+03	2.5566e+03	-2.1743e+02	-2.0555e+03	1.0504e+03	9.1350e+02	-7.3467e+02	-5.1247e+02	8.9710e+02	8.1736e+02	-7.7690e+02	1.2665e+03	5.1473e+02	-1.0009e+03	7.9668e+02	-1.4013e+03	5.7509e+02	7.7416e+02	-2.1880e+02	-2.3992e+03	-1.4157e+03	9.4648e+01	2.9572e+03	8.0459e+01	-7.5944e+00	-1.1112e+03	-2.0718e+03	-1.2915e+03	-3.2073e+02	-1.2811e+03	-1.8326e+03	-1.1024e+03	-7.7523e+02	2.0727e+03	1.0299e+02	1.0494e+03	-1.0201e+01	-7.8102e+01	4.8325e+02	-9.5056e+02	4.1990e+02	5.2835e+01	-1.3730e+03	2.4875e+03	-7.8941e+02	-1.7488e+03	-7.5052e+02	-6.0149e+02	1.2585e+03	2.6394e+03	5.1816e+02	-4.0912e+02	-1.1304e+03	1.2072e+03	1.2727e+03	2.3055e+03	1.0692e+03	1.8488e+02	1.4823e+03	-3.6921e+02	-2.7336e+03	-4.1077e+02	-1.4670e+02	1.6544e+03	-9.3664e+02	1.4245e+03	-5.8379e+02
2.0000e+05	3.6358e+02	-2.1129e+03	-1.0987e+03	-1.8840e+03	-5.2213e+01	6.3053e+02	-1.4057e+03	2.5288e+03	1.6581e+03	4.5929e+02	-1.2804e+03	1.8084e+03	1.1848e+03	1.2937e+03	1.3707e+03	-1.5209e+03	3.8671e+03	-1.7116e+01	-1.2230e+03	-1.8086e+03	-2.6853e+03	1.1114e+03	2.3596e+03	-5.2972e+02	3.9644e+01	5.0495e+02	-3.1538e+03	-1.2439e+03	-1.7100e+03	1.8488e+03	-2.0911e+03	-7.5311e+02	6.4590e+02	-1.4885e+03	2.2178e+03	-8.9016e+02	1.3509e+02	5.6168e+02	2.5984e+03	1.6384e+03	-8.7528e+01	2.3674e+03	-6.7036e+02	1.2425e+03	1.3550e+03	2.9972e+03	-6.1935e+02	2.3664e+03	-1.5882e+03	-4.7888e+02	1.2862e+03	-1.6588e+03	-1.3851e+03	3.8560e+03	1.6619e+03	-4.4019e+02	-1.2381e+02	2.1064e+03	3.2347e+02	1.0755e+03	-9.8077e+02	-2.3456e+03	1.2004e+03	2.8478e+03	-2.8116e+03	3.1469e+03	-2.3395e+03	-2.7940e+03	-3.2825e+03	-7.4381e+01	7.7513e+02	7.3888e+02	1.9141e+03	-1.9411e+03	-4.3809e+02	2.3894e+02	-4.7730e+02	-6.6581e+02	-2.1691e+01	-1.3596e+03	-5.2166e+02	1.4598e+03	3.8539e+02	-1.9121e+03	-1.6372e+03	2.5097e+03	1.9875e+03	-1.6259e+03	-1.8765e+03	-5.7506e+01	-8.7019e+02	-2.2077e+03	-1.4987e+03	-5.6975e+02	-2.0747e+03	2.3134e+03	-4.0559e+03	9.6453e+01	6.2389e+02	-2.2381e+03	7.8545e+02	1.5240e+03	-2.8662e+03	-1.2640e+03	3.3809e+03	1.9733e+02	1.0051e+03	-3.0435e+03	1.0716e+03	-6.9684e+01	-1.9637e+03	4.1312e+02	1.2166e+02	-4.7690e+02	1.1535e+01	1.4617e+03	-1.1887e+03	7.2358e+02	-1.0015e+03	-1.9850e+02	1.1192e+03	-2.7549e+03	1.6374e+03	-8.1954e+02	9.3836e+02	-2.8528e+03	2.5969e+02	1.2450e+03	2.0597e+02	-8.2535e+02	7.0415e+01	1.8426e+02	1.2157e+03	-1.7366e+03	-6.7745e+02	-2.0955e+03	3.7452e+03	1.7905e+03	-2.6969e+02	-3.1309e+03	9.4646e+02	1.7075e+03	9.8096e+01	-2.5497e+03	2.8048e+03	2.3570e+03	1.7804e+03	5.2300e+03	-2.8708e+03	-1.3458e+03	3.0785e+03	2.2557e+03	8.7727e+00	-3.7457e+02	-2.4034e+03	-1.0317e+03	5.9534e+02	-2.9386e+02	8.7129e+02	2.1072e+03	2.0719e+03	1.2583e+03	-1.0538e+03	1.0424e+03	-3.6074e+03	1.5511e+03	-1.3442e+03	7.8471e+02	-1.7374e+03	-6.1590e+02	2.1330e+02	-1.8346e+03	2.7998e+02	-4.3807e+02	-1.6292e+03	-9.7723e+02	2.4172e+03	2.7769e+02	8.2322e+02	-1.8560e+03	-3.1964e+03	-7.8856e+02	5.6335e+02	-3.9087e+02	-2.2039e+03	2.0105e+03	-3.0250e+03	1.7790e+03	1.1922e+02	9.6848e+02	-1.7648e+03	9.8336e+02	8.9678e+02	-1.5805e+03	2.3418e+02	-5.5689e+02	7.2704e+01	-2.5368e+02	2.3432e+03	2.9645e+03
