2.0000e+04	1.6154e+02	-2.3127e+02	2.1865e+02	-4.3334e+02	-6.8251e+02	6.7869e+01	-5.0387e+01	4.1835e+02	-5.0388e+02	2.2572e+02	2.4513e+02	-3.5275e+02	9.7994e+01	-5.8018e+02	4.4321e+01	3.7025e+02	-1.1081e+02	4.9891e+02	6.9151e+01	-2.4245e+02	3.4140e+01	1.4583e+02	1.3846e+02	-2.2453e+02	-1.7509e+02	-1.3540e+02	4.0878e+02	-7.7933e+02	5.3246e+02	1.5009e+02	-9.9022e+01	6.8921e+01	7.3781e+01	1.7430e+02	-5.7429e+02	-8.0256e+02	-6.4469e+01	-4.7953e+02	-4.8146e+00	-7.8945e+02	-3.0894e+02	2.5512e+02	1.3059e+02	1.7581e+02	2.2256e+02	4.7490e+02	5.0533e+01	-1.7069e+01	-1.9712e+02	-1.9365e+02	3.6031e+02	4.0620e+02	-2.2454e+02	8.7882e+01	5.1028e+02	3.0029e+01	3.8010e+02	5.8633e+02	3.3992e+00	-8.3068e+02	9.2006e+01	-4.0984e+02	-1.0672e+02	6.5251e+02	1.9129e+02	-9.5158e+02	1.4938e+02	1.2257e+02	-2.7443e+01	1.9490e+02	6.2204e+02	9.8661e+01	5.8407e+02	-2.5210e+02	-1.2885e+02	5.2099e+02	-3.3048e+02	-1.4092e+02	1.7427e+02	6.2111e+01	1.9929e+02	-2.1146e+01	-6.8464e+01	3.1376e+01	2.3205e+02	-3.1045e+02	-2.6194e+02	8.0683e+01	-1.9853e+02	-7.3287e+02	2.7284e+02	1.3170e+02	-5.0563e+02	-4.5018e+01	-6.3921e+01	2.8056e+02	-1.7064e+02	-7.4233e+02	-3.8147e+02	-7.6060e+02	7.8332e+00	-6.7785e+02	7.2507e+02	-4.8429e+02	2.4257e+02	-1.4405e+02	-3.4974e+02	1.9087e+02	-2.4267e+02	4.8351e+02	1.9615e+02	1.7362e+02	-1.6688e+01	2.0959e+01	3.1198e+01	-1.0167e+02	-7.6468e+02	-8.2540e+02	-1.9510e+02	-3.5282e+02	5.5460e+01	1.3909e+02	-3.2772e+02	9.8528e+01	5.2084e+02	1.7971e+02	-7.7554e+02	-3.0817e+02	7.6284e+01	1.1866e+02	-1.5507e+02	-3.5985e+02	-5.7693e+02	5.0217e+02	-6.2465e+02	-5.8774e+02	-9.0116e+00	1.9070e+02	6.0625e+02	7.8637e+02	-3.3502e+02	1.2091e+01	3.3660e+02	1.2858e+02	-8.6641e+01	4.2583e+02	-5.1083e+02	1.1157e+03	1.9856e+01	2.8156e+02	1.4441e+02	-2.9263e+02	-7.6249e+01	-4.4693e+02	1.6277e+02	1.0589e+02	1.6530e+02	5.1507e+02	-2.2470e+02	-6.6900e+02	4.8105e+02	-1.4949e+02	2.0586e+02	-1.7642e+02	4.1875e+02	2.5015e+02	-5.0457e+02	4.0337e+02	1.7880e+02	-1.7308e+02	5.7959e+02	2.7771e+01	4.7181e+02	-3.9075e+01	2.5490e+02	5.5746e+02	6.4674e+02	-3.3318e+02	2.9157e+02	-2.9102e+02	-1.0759e+03	-1.1255e+02	-7.4878e+01	1.6982e+02	5.5191e+02	-6.2720e+01	-2.9658e+02	-2.4565e+02	2.8859e+02	-3.2163e+02	2.9943e+02	1.0024e+02	4.2276e+02	-3.7114e+02	-4.0173e+02	2.8623e+02	-7.9421e+01	-2.5833e+02	-1.1343e+02	2.7535e+02
2.0000e+04	3.7568e+02	7.8541e+02	-3.6174e+02	-8.0193e+02	1.0007e+03	-2.6134e+02	5.3322e+02	-9.1867e+02	-1.0303e+03	-3.4985e+02	-1.0786e+03	5.8180e+02	1.6113e+02	-1.4942e+02	7.3947e+02	3.9140e+01	8.9662e+00	-8.4418e+01	-3.4710e+02	-7.9266e+02	2.4617e+02	4.4953e+02	9.9268e+01	6.6107e+01	1.0575e+02	-1.0537e+03	5.5131e+02	-8.6606e+01	-2.9822e+01	6.7053e+01	-1.5196e+02	-1.6473e+03	-5.7636e+02	-1.7490e+01	2.8721e+02	-2.2041e+02	2.4076e+00	-2.2109e+02	3.1158e+02	-2.6164e+02	-9.4922e+01	-5.7265e+02	-4.9290e+02	-2.2981e+02	-3.7518e+02	2.1453e+02	-3.6357e+02	3.5463e+02	2.4537e+02	8.4948e+02	-1.2486e+03	1.8025e+02	7.4226e+02	2.1756e+02	5.8526e+02	6.0331e+02	-1.1751e+03	5.4974e+02	-7.3625e+02	8.4084e+01	4.6839e+02	4.2203e+01	6.7645e+02	8.6937e+01	2.9103e+02	-5.6213e+02	3.4403e+00	-5.1821e+01	9.5311e+01	5.1450e+02	-2.0935e+02	3.2794e+02	-5.2998e+02	3.6624e+02	6.4399e+02	-1.8219e+02	-1.7646e+01	1.0695e+03	-3.7772e+02	-3.0096e+02	2.0062e+02	2.1313e+02	3.9577e+02	-3.7551e+02	1.5626e+02	-9.5314e+02	1.9606e+02	-6.9162e+02	9.4732e+01	3.1033e+02	5.1152e+02	-3.8387e+02	1.3519e+02	-8.0660e+02	-2.1422e+02	-4.2658e+02	-1.2150e+01	3.4488e+02	1.4632e+02	4.2783e+02	-1.9739e+02	-3.5540e+02	8.8153e+01	1.3034e+02	-2.9640e+02	1.1256e+02	1.6404e+02	5.8087e+02	3.0027e+01	-5.1474e+01	-8.8557e+02	9.2036e+02	4.1754e+01	-1.1373e+03	-4.2136e+02	-5.0484e+01	9.2298e+02	1.4103e+02	-1.9685e+01	1.3918e+02	-5.4645e+02	-6.6505e+02	-8.8440e+02	1.0559e+03	-5.1413e+02	6.9557e+02	-6.7237e+02	-3.6694e+02	-9.1608e+02	-1.2965e+03	3.3864e+01	4.7112e+02	5.5855e+02	-1.1434e+02	4.7702e+02	-1.1158e+02	3.8642e+02	-4.7200e+02	-8.1649e+02	5.1138e+02	-9.2252e+01	4.4464e+02	1.7090e+02	2.2798e+02	2.2223e+02	-5.6046e+02	4.2064e+02	4.4256e+02	-2.5802e+01	-6.0209e+01	-1.4639e+02	1.8681e+01	2.6139e+02	-7.0135e+02	8.2653e+02	-5.7048e+01	4.3273e+02	8.2218e+01	1.3012e+03	2.6122e+02	6.1596e+02	2.8090e+02	9.2134e+01	1.7636e+02	9.0412e+02	6.9039e+02	2.1924e+02	-5.2400e+02	-3.0999e+02	4.7709e+02	2.0702e+01	-3.7663e+01	-1.3357e+03	7.3817e+01	-2.1876e+02	1.1718e+03	1.3182e+02	-1.1117e+01	-4.6712e+02	3.4248e+02	3.2353e+02	-6.6789e+00	6.9522e+02	-9.1824e+02	-1.3536e+02	1.7622e+03	1.3577e+01	-8.4151e+00	1.5344e+02	-4.9752e+02	-2.1266e+02	3.5392e+01	-6.7508e+01	1.2200e+03	6.2218e+01	-1.7962e+02	2.3916e+01	-5.2874e+01	-7.5891e+02	-7.9448e+02
4.0000e+04	-5.3360e+02	-3.9753e+01	-3.7740e+02	1.3458e+02	-7.3147e+02	-1.1030e+02	3.8315e+02	7.2012e+02	-2.7939e+01	1.0289e+02	2.7827e+02	-2.9097e+02	-4.2932e+00	-4.5174e+02	4.9814e+02	6.5509e+02	2.3579e+02	2.8012e+02	-1.1252e+02	-1.1173e+03	3.5524e+02	4.5589e+02	3.7877e+02	-1.0898e+03	-1.0533e+03	-5.2568e+01	-1.9396e+02	-1.3603e+03	6.3334e+02	-1.5140e+02	-5.9562e+02	-1.2363e+02	2.7434e+02	9.2827e+02	-1.1785e+03	-8.0290e+02	1.4433e+01	-5.7930e+02	-6.8308e+02	-9.1528e+02	-7.6268e+02	-2.8486e+02	8.1535e+01	7.6166e+02	-5.6719e+01	2.9763e+02	1.3112e+02	-1.5956e+02	-7.1574e+02	-2.1347e+02	1.3408e+02	2.9909e+01	-7.0840e+02	-4.6095e+02	-1.9463e+02	6.5958e+02	-3.8864e+00	8.3338e+02	-5.9070e+02	-1.5595e+03	-2.5943e+02	-3.7716e+01	-4.8667e+02	6.2218e+02	1.1515e+02	-1.1501e+03	1.9603e+02	5.0582e+01	4.2764e+02	2.4576e+02	5.8621e+02	3.5972e+02	8.9479e+02	-1.3273e+02	-1.9627e+02	4.1967e+02	-1.3270e+02	-3.7840e+02	7.5405e+01	-7.1549e+02	3.9061e+02	4.2281e+02	-3.7736e+02	-1.0059e+03	5.0114e+02	-4.9477e+02	-2.8546e+02	-6.4744e+01	-3.7474e+02	-6.4801e+02	-1.8756e+02	1.1506e+02	-7.0721e+02	-1.5751e+01	1.7588e+02	5.9083e+01	2.8198e+02	-9.5967e+02	-6.8021e+02	-2.0210e+02	4.0685e+02	-5.6871e+02	6.4421e+02	-7.7599e+02	-3.8746e+02	-5.6335e+02	-2.8310e+02	-3.2979e+02	-7.8344e+02	2.4018e+02	2.6844e+02	4.6936e+02	1.2278e+01	-4.7558e+01	-5.4766e+02	-2.6384e+02	-9.8519e+02	-1.0843e+03	-2.2735e+02	-8.6431e+02	-1.8290e+02	3.1699e+02	-7.1082e+02	3.1883e+02	-3.9520e+01	1.3138e+02	-7.0218e+02	-3.1009e+02	-3.0800e+02	4.0428e+01	1.4574e+02	-2.1617e+02	-1.1112e+03	5.3089e+02	-5.3873e+02	-4.4648e+02	7.0965e+01	2.2117e+02	5.0924e+02	7.3257e+02	1.0949e+02	-4.1233e+02	7.7724e+02	8.6011e+01	-2.4847e+02	6.6332e+02	-9.8507e+02	7.9741e+02	4.9280e+02	7.3740e+02	-8.8486e+01	-7.6320e+02	-6.8166e+01	-4.5848e+02	3.2346e+02	-5.7581e+01	-3.1242e+02	7.3880e+02	-1.4873e+02	-2.2361e+02	3.4050e+02	-2.5024e+02	2.2656e+02	2.4762e+02	1.2942e+03	8.1356e+02	-5.5102e+02	8.9173e+02	-1.5910e+02	-1.3364e+02	5.5281e+02	8.1043e+00	3.1506e+02	-7.9846e+00	2.7135e+02	7.7908e+02	1.1364e+03	-1.2711e+03	3.3314e+02	-5.5341e+02	-9.2413e+02	-7.5766e+02	1.8184e+02	-1.5984e+02	3.0412e+02	3.6808e+02	-2.5815e+02	6.1802e+02	1.0334e+03	-6.4158e+02	2.6656e+02	-2.1668e+02	3.4045e+02	-3.2616e+02	-4.1696e+02	-1.2362e+03	3.7297e+02	-4.0336e+02	-6.6159e+02	3.9549e+02
4.0000e+04	1.5092e+03	5.4546e+02	-9.6161e+01	-1.1288e+03	1.2924e+03	-4.2982e+02	1.4907e+02	-1.4672e+03	-1.6732e+03	4.8286e+02	-7.0499e+02	7.3418e+02	-4.7303e+02	-5.5048e+02	1.4291e+03	-1.5900e+02	6.2570e+02	2.5193e+02	-3.0617e+02	4.0914e+02	2.9413e+02	8.0672e+02	-7.9236e+02	-7.0101e+02	-5.9755e+02	-5.9917e+02	6.0087e+02	3.9947e+02	2.0923e+02	-6.0286e+02	9.6658e+02	-8.3284e+02	-9.1249e+02	-1.3712e+03	9.8309e+02	-4.3672e+01	-9.3143e+02	-4.1882e+02	3.5199e+02	-2.7598e+02	5.8381e+02	-1.1416e+02	-2.9110e+02	-1.5029e+02	-1.0882e+02	-3.6759e+02	9.8107e+01	-4.7085e+02	1.0236e+03	4.2182e+02	-3.4809e+02	-1.1475e+03	8.1895e+02	-7.3523e+02	3.1574e+02	1.8806e+02	-5.2137e+02	1.2475e+03	-6.9989e+02	2.4866e+02	-5.4462e+02	-2.9638e+02	2.9615e+02	9.3754e+02	1.1167e+02	-6.8021e+02	2.2827e+02	1.1928e+03	-4.7960e+02	-7.3408e+02	-1.3968e+03	1.5153e+03	2.4834e+02	7.3132e+02	3.6657e+02	-3.8680e+01	2.1277e+00	2.0924e+03	5.5589e+01	3.2814e+02	-3.3565e+02	7.7289e+02	-5.4282e+02	6.4721e+02	5.9328e+02	-9.7143e+02	6.4363e+02	-1.0799e+03	-2.1418e+02	1.2687e+03	1.0224e+03	-3.5845e+01	-4.1029e+02	-1.0096e+03	-1.0999e+02	-1.0364e+03	-4.6257e+02	-2.5521e+02	-5.5493e+02	6.6719e+02	4.7525e+02	-5.7798e+01	-1.9231e+03	7.4616e+01	-1.7665e+02	4.9630e+02	5.2375e+02	7.0417e+02	7.1256e+01	3.6038e+02	-5.6252e+02	2.5692e+02	4.0961e+02	-3.6729e+02	-1.0145e+03	7.0024e+01	8.4460e+02	2.0537e+02	-1.6034e+03	-2.0987e+02	-1.1652e+03	-6.4374e+02	-1.6591e+03	5.5748e+02	-4.6898e+01	6.1025e+02	-7.6337e+02	-1.4964e+03	-1.2434e+03	-2.3408e+03	5.2296e+02	-1.9344e+02	1.3596e+03	2.7941e+02	3.6617e+02	-2.0455e+02	1.5876e+03	-6.5237e+02	-1.2248e+03	1.0189e+03	4.7870e+02	-2.6461e+02	4.5957e+02	2.0114e+02	2.4532e+02	-1.1715e+03	4.2040e+02	1.6457e+02	3.7853e+02	6.4804e+02	1.5019e+02	-2.1163e+02	-3.3550e+02	-6.5939e+02	1.5333e+03	2.6065e+02	5.0846e+01	9.6176e+02	3.0023e+02	-8.6152e+02	7.7321e+02	-2.9365e+02	-5.5509e+02	5.3449e+02	1.1863e+03	1.9386e+03	-4.9884e+02	3.0320e+01	-7.4646e+02	-3.9858e+02	4.1419e+02	-2.0625e+02	-1.6407e+03	-7.3880e+02	3.0668e+02	2.8762e+02	1.1395e+02	1.9035e+02	-4.5276e+02	2.5155e+02	2.8647e+02	-3.3616e+02	-5.1366e+01	-1.7559e+02	-3.8872e+02	1.8429e+03	4.1877e+02	-3.6332e+02	7.5002e+01	-1.1436e+03	-1.5060e+02	7.4856e+02	6.7120e+02	2.0465e+03	2.0853e+02	-4.4773e+02	3.4604e+02	3.4450e+02	7.1002e+01	-1.5360e+03
6.0000e+04	-9.0837e+02	-1.1812e+02	-5.0018e+02	-9.6495e+02	-9.7894e+02	-5.8551e+02	4.3345e+02	7.6423e+02	-2.4317e+01	-1.1832e+01	-1.1176e+02	-4.3506e+01	8.1324e+02	-3.3844e+02	4.2512e+02	3.9071e+02	4.0082e+02	3.3109e+02	-2.9457e+02	-9.0495e+02	1.2838e+02	2.2591e+02	-2.6050e+02	-1.2936e+03	-3.9486e+02	-1.2985e+01	7.2639e+01	-9.7258e+02	4.1287e+02	-5.6708e+02	-8.2464e+02	-3.4119e+02	7.5867e+01	1.0580e+03	-9.3984e+02	-8.8305e+02	-4.8096e+01	-3.3220e+02	-3.7644e+02	-9.5955e+02	-6.4956e+01	-9.4267e+02	-2.9776e+02	6.1674e+02	1.0884e+02	5.9578e+02	5.5810e+02	-8.8938e+01	-2.1093e+02	5.7473e+02	1.5120e+02	-9.4087e+01	-6.4751e+02	-7.2684e+02	-1.5404e+02	1.3250e+03	-7.2746e+02	5.3292e+02	-1.5358e+02	-9.6770e+02	1.5665e+01	2.2824e+02	-4.0889e+02	1.8814e+02	5.3038e+02	-5.9718e+02	-1.7008e+02	1.8423e+02	8.6391e+01	-1.4315e+02	5.3825e+02	7.4216e+02	8.1154e+02	2.1031e+01	1.7982e+02	6.2590e+02	7.0715e+02	-2.1465e+02	2.0129e+02	-1.8011e+02	4.2368e+02	7.7591e+02	-1.1840e+03	-1.1478e+03	2.9267e+02	1.2170e+02	-6.2190e+02	-1.9189e+01	-9.1058e+01	-6.4132e+02	-7.3552e+01	6.8002e+02	4.9026e+01	6.1411e+00	-2.2249e+01	4.2523e+02	6.4152e+02	-7.3963e+02	-8.6653e+02	-5.3540e+02	5.1500e+02	6.5212e+01	3.3946e+02	-8.4998e+02	2.7245e+02	-5.6339e+02	4.3682e+02	6.1653e+02	-7.3441e+02	-6.8941e+01	6.2954e+02	1.3650e+02	-2.7481e+02	1.1958e+02	-7.5382e+01	-7.8797e+02	-4.2866e+02	-1.2872e+03	4.7518e+02	-1.5922e+03	3.1682e+02	1.5627e+02	-1.0181e+03	-3.1592e+02	-3.0934e+02	2.4985e+02	-4.2658e+02	-4.7169e+02	-2.8521e+02	9.1718e+01	5.4821e+02	-3.6505e+02	-1.2936e+03	8.5961e+02	-6.4450e+02	-2.5914e+02	9.4130e+02	1.1251e+02	6.5309e+02	1.0341e+03	2.0176e+02	-7.0269e+02	1.3165e+03	1.3003e+02	-4.3720e+02	4.2800e+02	-4.6077e+02	5.9870e+02	-2.7355e+02	9.8350e+02	-3.2293e+02	-5.8560e+02	-2.0119e+02	-9.6258e+02	1.2315e+02	-9.4908e+02	-1.2521e+02	1.4062e+03	-4.8320e+02	-3.0820e+02	7.6764e+02	-4.7360e+02	-2.7922e+02	3.3358e+02	1.1890e+03	1.1500e+03	8.4100e+01	1.3684e+03	-5.5834e+02	1.5589e+02	9.5877e+02	-2.5498e+02	5.5999e+02	5.9663e+01	-3.0271e+01	1.0254e+03	1.2263e+03	-1.1965e+03	1.7548e+02	-5.0374e+02	-1.3547e+03	-7.8987e+02	-3.6664e+02	-2.2197e+02	6.0866e+02	-3.3317e+02	-2.0688e+02	5.5084e+02	1.2228e+03	-6.0863e+02	2.0599e+02	-1.6983e+02	7.7581e+02	-7.3619e+02	-5.3252e+02	-2.0585e+03	7.9901e+02	-7.1291e+02	-4.7171e+02	1.8526e+02
6.0000e+04	1.5745e+03	-9.2432e+02	5.0353e+02	-1.6086e+03	2.2037e+03	-1.5487e+03	7.8773e+02	-2.3071e+03	-1.9447e+03	1.1688e+03	-2.1198e+02	1.3842e+03	-2.1608e+02	-1.0764e+03	1.3888e+03	6.7990e+02	7.2610e+02	7.5046e+02	-1.3486e+03	2.1506e+02	4.7450e+02	1.2930e+03	-6.8279e+02	-6.5679e+02	-8.3310e+02	-6.6880e+02	9.1357e+02	2.5159e+02	-4.4797e+02	2.3903e+02	1.2497e+02	-1.1797e+03	-9.2785e+02	-1.2570e+03	1.8090e+03	2.2194e+02	-1.5860e+03	-1.5685e+03	-3.3881e+02	-5.1804e+02	6.4066e+02	-5.8495e+02	-5.1163e+02	6.3837e+02	4.0357e+01	-3.9539e+02	5.8298e+02	-1.3510e+03	1.0194e+03	-2.3729e+02	-6.0614e+02	-1.7795e+03	2.7440e+02	-9.2597e+02	8.6850e+02	3.9292e+02	-2.6202e+02	8.9658e+02	-4.2959e+02	-1.2878e+02	-1.2121e+03	3.0014e+02	4.1520e+02	8.2121e+02	-1.0064e+03	-2.8279e+02	-5.7230e+02	6.5381e+02	-1.8243e+03	-1.4952e+03	-1.0578e+03	8.4414e+02	1.1842e+03	1.4846e+03	1.2667e+03	1.0563e+03	4.2678e+02	1.6894e+03	9.3758e+02	-7.4498e+00	-2.0161e+02	6.8330e+02	-4.9162e+02	1.9794e+03	6.6238e+02	-1.2222e+03	-1.2577e+02	-8.2954e+02	1.8245e+02	6.2168e+02	9.6943e+02	-6.7323e+02	-3.4749e+02	-7.6704e+02	1.3067e+03	-1.2534e+03	1.8189e+02	-9.8371e+01	-3.8212e+02	1.7318e+03	-3.3655e+02	8.9387e+02	-1.0836e+03	3.1135e+02	8.9814e+02	7.0546e+02	2.1513e+01	5.1140e+02	1.2717e+03	-6.8866e+02	-4.7016e+02	1.1921e+03	4.6106e+02	5.5800e+02	-5.6972e+02	3.5292e+02	4.4939e+02	-7.7288e+01	-1.7522e+03	-5.3534e+02	-1.8087e+03	5.7834e+02	-1.6962e+03	6.2632e+02	-5.1238e+02	8.2368e+02	-3.5032e+02	-1.9083e+03	-1.3854e+03	-2.2040e+03	2.7537e+02	-4.3733e+02	8.6831e+02	4.8257e+02	-1.3920e+02	2.5353e+02	1.4115e+03	-5.5921e+02	-1.3808e+03	1.8867e+03	9.8574e+02	-4.3786e+02	1.4452e+02	9.0766e+02	1.1203e+03	-1.2090e+03	2.1954e+01	-3.2263e+02	-9.6527e+00	5.6662e+02	1.3904e+02	-4.9217e+02	-1.0517e+03	1.5520e+02	2.2962e+03	1.8865e+02	-3.9583e+02	1.0504e+03	4.5075e+02	-1.1670e+03	1.4818e+03	3.4926e+02	7.2293e+01	3.2643e+02	1.1880e+03	1.9423e+03	-7.7268e+02	-3.8087e+01	2.8503e+01	2.4714e+02	8.8910e+02	-3.1491e+02	-1.4254e+03	-2.0238e+03	-6.2012e+02	2.0572e+02	-2.9844e+02	-1.2093e+02	-4.4328e+02	2.0650e+02	-6.1239e+02	-5.0192e+02	5.1328e+02	4.2628e+02	-6.1453e+02	2.2466e+03	3.2599e+02	-1.0458e+03	-6.9859e+01	-8.1799e+02	2.3973e+02	1.0436e+03	1.9420e+03	1.5308e+03	9.8821e+02	-5.8364e+02	4.1084e+02	5.0696e+02	6.8983e+02	-2.1678e+03
8.0000e+04	-9.8491e+02	3.1505e+02	-8.5124e+02	-1.9045e+02	-9.5065e+02	-5.7596e+02	-1.9213e+02	3.0735e+02	-7.1909e+02	-2.1128e+02	-1.0981e+03	-1.3826e+02	5.6776e+02	-2.0953e+02	2.9803e+02	2.3107e+02	6.8813e+01	6.2969e+02	-4.2452e+02	-1.8405e+02	6.5333e+02	4.8404e+02	-8.3759e+02	-1.0013e+03	-6.0139e+02	-1.8399e+02	-1.3599e+02	-9.9594e+02	7.0676e+02	-9.2439e+02	-9.9726e+02	-4.2673e+02	-3.7838e+02	1.5157e+03	-5.0150e+02	-8.9918e+02	-1.0484e+01	-2.3643e+02	-7.7092e+02	-6.3937e+02	-3.2315e+02	-7.2694e+02	3.9395e+02	2.3109e+02	1.3827e+02	3.2729e+02	5.1075e+02	-2.1084e+02	4.8743e+02	7.1200e+02	8.3042e+02	-1.6931e+02	-5.9200e+02	-1.0864e+03	-4.2875e+02	1.3075e+03	-4.9106e+02	2.9285e+02	1.0255e+02	-7.5480e+02	-5.6504e+02	-6.0695e+00	-4.3920e+02	-4.5818e+02	7.7251e+02	3.0998e+01	-3.7797e+02	6.0790e+02	5.7154e+02	2.6414e+02	4.8110e+02	5.6466e+02	2.0054e+03	-8.3697e+01	-4.5715e+02	4.2203e+02	8.3302e+02	-1.4594e+02	1.0965e+03	9.7227e+01	6.9482e+02	8.6451e+02	-1.2738e+03	-9.1917e+02	8.1479e+02	2.5973e+02	-1.7509e+02	-1.7839e+02	1.5672e+02	-8.8741e+02	4.1607e+02	5.9570e+02	-3.6791e+02	-4.6671e+02	6.6130e+01	-2.9963e+02	1.0520e+03	-3.3980e+02	-1.0784e+03	-6.5994e+02	8.1097e+02	-2.6850e+02	3.7283e+02	-6.2457e+02	6.5324e+02	2.8814e+02	8.1245e+02	-6.3978e+01	-1.1415e+03	-2.1519e+02	8.7713e+02	1.3214e+02	-5.5188e+02	3.7159e+02	-4.6806e+01	-3.2172e+02	-7.6015e+02	-1.0341e+03	5.3032e+02	-1.4506e+03	4.1572e+02	9.1778e+02	-1.3782e+03	2.5972e+01	-1.2462e+02	2.3329e+02	-8.9562e+02	-3.8957e+02	1.7747e+02	3.6802e+02	2.4175e+02	-3.8791e+02	-1.0194e+03	1.0488e+03	-8.1296e+02	-3.0070e+02	7.7278e+01	3.2092e+02	2.4036e+02	1.4340e+03	2.4819e+02	-1.9140e+02	1.5700e+03	-8.9687e+01	-2.7187e+02	6.2165e+02	-6.9617e+02	9.6599e+01	-5.0072e+02	5.9017e+02	-3.8928e+02	-2.4676e+02	-4.4751e+02	-6.2900e+02	-1.9670e+02	-3.6493e+02	-5.2306e+01	2.2775e+03	-3.4184e+02	4.1153e+01	5.6340e+02	6.2781e+01	4.9272e+02	-1.1607e+02	1.2535e+03	1.1615e+03	2.4091e+01	1.5855e+03	-3.7654e+02	2.5620e+02	1.0636e+03	3.4363e+01	6.1560e+02	-5.5613e+02	-6.6343e+01	5.5895e+02	1.3195e+03	-9.6454e+02	-3.9355e+01	-1.3553e+03	-1.2745e+03	-7.4143e+02	-5.2501e+02	-3.2337e+02	9.4038e+02	-1.1429e+02	-3.5227e+02	8.2843e+02	5.2098e+02	-5.6538e+02	1.5420e+02	-3.5258e+02	1.4077e+00	-1.0310e+03	-7.0874e+02	-2.5487e+03	9.6745e+02	-1.3812e+03	-3.7463e+02	5.5630e+02
8.0000e+04	1.5118e+03	-1.7493e+03	1.9829e+02	-1.8679e+03	1.7690e+03	-1.9517e+03	4.8976e+02	-1.1435e+03	-2.3074e+03	1.9928e+03	1.2975e+02	1.4552e+03	-5.5506e+02	-1.0792e+02	1.5744e+03	7.6144e+02	1.1553e+03	8.0866e+02	-1.5564e+03	8.8713e+02	2.2652e+02	2.0139e+03	-9.9518e+02	-5.7127e+02	-6.3148e+02	-6.4660e+02	1.5257e+03	4.8144e+02	-3.6832e+02	-1.5496e+02	1.0555e+02	-9.8722e+02	-1.4242e+03	-4.0345e+02	2.2610e+03	7.1466e+02	-1.8368e+03	-1.5887e+03	1.7674e+01	-7.9988e+02	1.3268e+03	-9.5363e+02	-3.4458e+02	4.5307e+02	5.1282e+01	-5.0400e+02	1.9456e+03	-1.3928e+03	2.0853e+03	-5.3644e+01	-9.0448e+02	-2.4947e+03	1.5250e+03	-1.5060e+03	1.1316e+03	5.4244e+02	-1.1370e+02	1.1939e+03	6.0213e+02	1.4768e+03	-1.5538e+03	6.4167e+02	3.7691e+02	1.2048e+03	-1.8698e+03	1.8405e+02	-4.9829e+02	4.8847e+02	-2.0261e+03	-1.6502e+03	-5.0015e+02	1.6182e+03	4.3123e+02	9.2479e+02	1.4830e+03	1.2970e+03	3.1827e+02	2.3293e+03	4.1930e+02	-6.1985e+02	-5.7777e+02	6.5626e+02	-5.0635e+02	2.1397e+03	1.8210e+01	-1.4674e+03	-6.4958e+02	-1.0363e+03	3.7592e+02	5.6978e+02	8.3314e+02	-7.6610e+02	-1.7851e+02	-1.0255e+03	1.9642e+03	-4.0337e+02	-3.6585e+02	2.2733e+02	5.5337e+01	2.4301e+03	4.2390e+02	1.1045e+03	-1.2899e+03	2.1904e+02	1.2648e+03	8.6746e+02	-9.0002e+02	3.8919e+02	6.9250e+02	-5.3628e+01	-1.1781e+03	9.9900e+01	3.7829e+02	2.4262e+02	-5.7728e+02	4.8942e+02	1.2947e+02	1.0126e+03	-1.0652e+03	-1.1322e+03	-1.9298e+03	1.2330e+01	-1.6557e+03	8.3505e+02	-8.1781e+02	1.0992e+03	-6.5167e+02	-1.9380e+03	-1.4547e+03	-2.9642e+03	1.2586e+03	-1.0150e+03	7.6138e+02	1.0693e+03	2.0623e+02	6.8955e+02	1.6812e+03	-8.5106e+01	-6.7664e+02	1.6865e+03	1.7025e+03	-8.4851e+02	-3.3554e+02	2.1185e+02	1.0290e+03	-1.3337e+03	-4.3652e+02	4.4746e+02	5.2685e+01	9.3293e+02	-5.6769e+02	-9.3514e+02	-9.6884e+02	-2.1786e+02	2.3543e+03	2.4727e+02	3.8818e+02	9.8247e+02	5.9505e+02	-1.5492e+03	4.8515e+02	3.2915e+02	-1.6091e+02	-4.1863e+02	1.4374e+03	1.1336e+03	-1.0909e+03	-1.0081e+03	8.2926e+02	1.8384e+02	7.9365e+02	-1.2979e+03	-1.0959e+03	-1.2478e+03	-6.7017e+02	3.2576e+02	-7.2239e+02	-5.0555e+02	-4.3250e+02	-1.0716e+02	-4.5490e+02	4.3357e+02	1.2667e+03	-5.9712e+02	-1.1714e+03	2.0915e+03	-2.1837e+01	-1.6987e+03	8.2758e+02	-4.7118e+02	1.6132e+02	1.4568e+03	8.4344e+02	1.8918e+03	2.0378e+03	4.9423e+01	1.0856e+03	6.9223e+02	-1.0391e+02	-2.1305e+03
1.0000e+05	-9.5780e+02	-2.0969e+02	-4.3163e+02	-5.6424e+02	-8.9837e+02	-1.2169e+02	-2.7632e+01	-5.0254e+01	-7.5738e+02	-6.0233e+01	-7.4102e+02	-7.1126e+01	5.7983e+02	-3.2940e+02	6.7529e+02	4.5655e+02	1.1140e+02	6.9704e+02	-7.6613e+02	2.6078e+02	2.8813e+02	5.2602e+02	-6.3935e+02	-8.2726e+02	-1.4533e+02	-2.7606e+02	-1.4578e+02	-1.1395e+03	6.7171e+02	-1.4644e+03	-9.5037e+02	-1.2261e+03	-3.1473e+02	1.4401e+03	-5.0084e+02	-1.3495e+03	-4.8187e+02	-1.2707e+02	-6.6500e+02	-6.4499e+02	-5.2327e+02	-4.8829e+02	7.0592e+01	4.3190e+02	1.0415e+03	6.5019e+02	6.7932e+02	-4.3310e+02	7.6204e+02	7.7297e+02	1.5678e+03	6.1149e+01	-4.0888e+02	-7.6445e+02	-3.2761e+02	1.9298e+03	-2.4435e+02	7.6659e+02	6.3929e+02	-5.9160e+02	-9.5421e+01	-8.7959e+02	-5.7835e+02	-2.2942e+02	-2.7167e+01	3.2682e+02	-6.9347e+02	-2.0755e+02	2.4480e+02	8.3663e+02	5.1171e+02	4.9577e+02	2.7528e+03	-7.3875e+01	-2.3184e+02	8.0479e+02	3.7883e+02	4.5596e+01	1.2429e+03	1.9512e+02	5.1852e+02	6.7031e+02	-1.1824e+03	-1.1513e+03	8.7282e+02	6.5702e+01	-6.0320e+01	-3.9014e+02	-4.3700e+02	-1.0721e+03	4.1618e+02	2.1118e+02	-1.6431e+02	-5.8652e+02	5.5204e+02	-6.5154e+02	1.1163e+03	-5.6424e+02	-7.5599e+02	-3.0594e+02	7.7184e+02	-2.4558e+02	2.6795e+02	-9.1509e+02	7.3108e+02	3.2570e+02	1.0156e+03	3.6374e+02	-1.0691e+03	1.0531e+02	-7.5765e+00	2.9698e+02	-1.5171e+01	6.2184e+02	2.0118e+02	-2.6593e+02	-8.2395e+02	-1.1143e+03	1.0418e+03	-1.9800e+03	2.5850e+02	1.0926e+03	-1.5019e+03	-2.5255e+02	6.4478e+01	3.2478e+02	-1.2080e+03	-2.0043e+02	1.3264e+02	3.1037e+02	1.4262e+02	-4.7837e+02	-7.0293e+02	1.0066e+03	-6.9784e+02	-4.8139e+02	1.5111e+02	6.7251e+02	1.0413e+03	1.0838e+03	1.3460e+02	3.2848e+02	2.1796e+03	1.5419e+02	-1.4726e+02	1.3471e+03	-1.2321e+03	3.2532e+02	-1.7674e+02	9.5225e+02	-3.5220e+02	3.8293e+01	-1.1422e+03	-6.3456e+02	3.7930e+00	-6.1163e+02	-5.6413e+01	2.3557e+03	-8.4584e+02	-2.2410e+02	3.7416e+02	-1.1505e+02	2.3023e+02	-3.4748e+01	1.5358e+03	1.0241e+03	-3.6173e+02	2.2589e+03	-2.0244e+02	1.4608e+02	1.5422e+03	4.0460e+00	8.9343e+02	-9.2010e+02	-5.1295e+01	1.1366e+02	5.2090e+02	-1.4192e+03	-4.7931e+01	-1.7067e+03	-1.5993e+03	-1.3150e+03	-7.5003e+02	2.1698e+02	5.6663e+02	-7.8639e+01	-5.5115e+02	7.5432e+02	2.8961e+02	-4.8249e+02	4.5232e+02	-3.7845e+02	-4.9262e+00	-1.4598e+03	-3.4696e+02	-2.5921e+03	4.0160e+02	-7.6834e+02	-4.7879e+02	5.4344e+02
1.0000e+05	2.4379e+03	-1.6973e+03	-1.2178e+03	-2.3256e+03	1.4770e+03	-1.6683e+03	1.2991e+03	-1.1538e+03	-2.8513e+03	2.3540e+03	-1.5040e+01	1.3141e+03	-1.1236e+03	-8.0875e+02	1.2460e+03	2.4286e+02	1.4065e+03	2.7862e+03	-1.6717e+03	1.5071e+03	-7.7136e+02	2.2852e+03	-1.1135e+03	-5.2434e+02	-2.3010e+02	-5.3365e+02	2.5321e+03	7.9051e+02	-9.0350e+02	4.9704e+02	1.3834e+03	-1.4510e+03	9.5407e+00	2.3595e+02	2.1784e+03	8.5538e+02	-1.9738e+03	-1.0247e+03	-2.9078e+02	-1.2196e+03	9.4166e+02	-4.6499e+02	-2.6106e+02	1.2418e+03	3.0556e+02	-3.0339e+02	1.2060e+03	-5.0033e+02	1.4196e+03	-4.1532e+02	-1.0503e+03	-2.3690e+03	1.4668e+03	-1.9112e+03	8.8560e+02	5.5697e+02	-3.7195e+02	3.4047e+02	4.9080e+02	8.3664e+02	-2.5006e+03	1.0339e+03	1.4452e+03	1.2476e+03	-2.0448e+03	4.9754e+02	-8.2236e+02	2.3384e+02	-2.6483e+03	-9.1891e+02	-1.6837e+02	9.4066e+02	7.3158e+02	2.0300e+03	1.4704e+03	1.6620e+03	-4.2959e+01	2.1124e+03	-1.6688e+02	-8.7096e+02	-3.6878e+02	1.4035e+03	-1.1158e+03	2.8099e+03	1.6367e+02	-9.1980e+02	-3.6845e+02	-2.3902e+02	1.3414e+02	5.9122e+02	7.2851e+02	-2.6339e+02	6.5277e+01	-2.6868e+02	2.7886e+03	-3.6974e+02	-1.0017e+03	4.9107e+02	2.3777e+02	2.2353e+03	1.1047e+03	1.0523e+03	-1.5372e+03	1.1105e+03	2.0457e+03	1.0664e+03	-1.0913e+03	7.5315e+01	1.6186e+03	-1.0967e+03	-1.1691e+03	7.2821e-01	1.6474e+02	2.5605e+02	-8.4221e+02	2.2651e+02	2.8281e+02	1.6771e+03	-1.3977e+03	-8.2692e+02	-2.1159e+03	2.6002e+02	-1.2879e+03	9.1565e+02	-2.1979e+03	9.9124e+02	-5.9292e+02	-2.4391e+03	-2.1457e+02	-3.5166e+03	2.3033e+03	-1.5873e+03	1.2905e+03	2.0674e+03	1.2781e+03	-5.8892e+01	1.3233e+03	-1.1569e+03	-6.3988e+02	2.0973e+03	2.1804e+03	-2.4323e+02	-3.8467e+02	5.7313e+02	2.0846e+03	-9.3412e+02	-2.5669e+02	4.0881e+02	5.7297e+02	3.0283e+02	-3.8663e+02	-2.1463e+02	-1.5344e+03	-8.9909e+02	2.3458e+03	2.7061e+01	3.6620e+02	6.6102e+02	1.0353e+03	-2.1550e+03	1.9187e+02	2.0873e+02	-9.7435e+02	-1.1467e+03	1.6788e+03	1.1950e+03	-5.5167e+02	-8.5389e+02	8.2657e+02	4.7845e+02	-2.6897e+02	-7.9384e+02	-3.7861e+02	-2.1540e+02	4.3849e+02	-2.9387e+02	-7.3532e+02	-9.1036e+02	-2.8714e+02	5.4213e+01	-6.8809e+02	7.7452e+02	1.1049e+03	-2.4694e+02	-1.5910e+03	1.6587e+03	-3.7604e+02	-1.8887e+03	1.7240e+02	-1.0698e+03	7.1437e+02	1.3748e+03	1.0504e+03	1.5382e+03	2.5408e+03	6.4842e+02	9.6962e+02	1.5954e+03	-1.1376e+03	-2.2540e+03
1.2000e+05	-1.1116e+03	3.3608e+02	-3.0892e+02	-3.2402e+02	-1.2664e+03	4.7049e+01	4.9795e+02	-1.7993e+01	-6.2403e+02	-5.3062e+02	-4.7769e+02	-8.9472e+02	5.9039e+02	-2.9006e+02	6.8916e+02	7.1160e+02	-5.5071e+01	3.6253e+02	-1.2405e+03	8.4178e+02	3.5586e+02	6.3860e+02	-9.5259e+02	-9.6110e+02	-9.9612e+01	-2.2122e+02	-2.0157e+02	-1.1268e+03	4.1196e+02	-1.2127e+03	-1.0214e+03	-5.3437e+02	-3.2824e+02	1.9740e+03	-4.5005e+02	-1.1283e+03	4.7821e+02	-4.8882e+02	-5.3353e+02	-5.5462e+02	-3.4208e+02	-5.3702e+02	2.8680e+02	6.4827e+02	1.1067e+03	7.2986e+02	4.6285e+02	-3.2575e+02	1.1022e+03	5.6876e+02	8.6942e+02	-1.2836e+02	-1.0114e+03	9.5731e+00	6.3558e+02	2.4265e+03	-3.6395e+02	8.1545e+02	1.1129e+03	-6.6773e+02	2.3689e+02	-6.2795e+02	-7.3343e+02	-1.1140e+02	-4.2325e+02	3.1943e+02	-5.6959e+02	2.3482e+02	5.5695e+02	1.1216e+03	7.1144e+02	4.6675e+02	2.6374e+03	3.5552e+02	4.7312e-02	4.1137e+02	-2.4059e+02	3.7235e+02	1.2043e+03	1.1610e+02	5.7665e+02	9.7481e+02	-1.1019e+03	-1.0285e+03	7.0848e+02	8.0106e+01	3.0420e+02	-5.5526e+02	-1.4397e+02	-8.1507e+02	5.2264e+02	6.6721e+02	-1.4903e+02	-1.0493e+03	9.9650e+02	-6.5398e+02	1.1896e+03	-1.0422e+03	-7.6036e+02	-1.4852e+02	1.2126e+03	-2.2923e+02	2.4894e+02	-2.2460e+02	1.5636e+02	6.0811e+02	1.2986e+03	5.8305e+02	-7.1076e+02	-1.1382e+01	-1.1705e+02	3.5904e+02	3.2964e+02	5.5640e+02	-3.9495e+02	-7.4817e+02	-1.0671e+03	-1.7652e+03	1.1191e+03	-1.7975e+03	6.0618e+02	1.3997e+03	-1.0937e+03	-1.7739e+02	-1.8850e+01	7.7768e+02	-1.3230e+03	4.1805e+02	3.6111e+01	8.9547e+02	1.2836e+02	-2.2550e+02	-5.4493e+02	5.2664e+02	-2.7777e+02	-4.3030e+02	1.3575e+02	7.7778e+02	7.4065e+02	1.5500e+03	4.9042e+02	2.7016e+02	2.2340e+03	2.1497e+01	-1.8512e+02	1.5230e+03	-9.3717e+02	2.0421e+01	-5.1996e+02	7.3076e+02	-6.5097e+02	-2.5334e+02	-1.5640e+03	-8.4586e+02	-1.0744e+03	-3.2818e+02	3.7247e+01	2.3802e+03	-1.2225e+03	-1.0595e+03	4.0208e+02	-3.6165e+02	-1.9949e+02	1.8680e+02	1.6468e+03	1.2726e+03	-4.5236e+02	2.1565e+03	-9.4204e+01	4.3365e+02	1.9341e+03	7.0563e+02	6.4355e+02	-8.2030e+02	2.9823e+02	6.0100e+02	2.9398e+02	-1.3828e+03	-1.2152e+02	-2.1682e+03	-1.7212e+03	-1.2932e+03	-1.4377e+03	-9.1201e+01	6.8129e+02	1.3322e+02	-6.4485e+02	4.7313e+02	8.3096e+01	-6.2540e+02	4.7987e+02	3.2362e+02	1.3566e+02	-1.3416e+03	-3.1455e+02	-2.9197e+03	6.2209e+02	-4.2893e+02	-1.0270e+03	8.4537e+02
1.2000e+05	2.0960e+03	-1.7840e+03	-1.5503e+03	-3.0077e+03	1.5798e+03	-1.8608e+03	1.7173e+03	-1.7648e+03	-2.6792e+03	1.0656e+03	7.7956e+02	2.2065e+03	-1.9246e+03	-1.5453e+03	1.1724e+03	3.2499e+02	1.5657e+03	3.0448e+03	-1.7099e+03	1.7403e+03	-8.9579e+02	1.8163e+03	-7.6630e+02	-7.2242e+02	-3.8927e+02	-9.7753e+02	1.8087e+03	-6.5838e+02	-3.2482e+02	5.0307e+02	1.3117e+03	-9.0660e+02	9.3503e+02	6.4129e+02	3.0757e+03	2.4578e+03	-2.1735e+03	-7.9038e+02	2.1109e+02	-2.0055e+03	6.6014e+02	-1.0329e+03	7.3972e+02	1.2896e+03	1.0385e+03	3.2829e+02	1.9281e+03	-8.8504e+01	2.2591e+03	-1.3099e+03	-1.4460e+03	-2.5038e+03	1.8116e+03	-1.8755e+03	1.0597e+03	1.2694e+03	-4.1588e+02	3.6136e+02	1.3585e+03	9.8140e+02	-2.3296e+03	1.5017e+03	2.0787e+03	1.6120e+03	-1.0140e+03	7.9899e+02	-8.8328e+02	2.3072e+02	-3.8136e+03	-1.5204e+03	9.0194e+01	1.4868e+03	9.7939e+02	2.1244e+03	8.0373e+02	2.1505e+03	-3.2051e+02	2.2534e+03	1.7194e+01	-1.1505e+03	-1.2789e+01	6.0442e+02	-2.0002e+03	2.5027e+03	-4.2281e+02	-7.8456e+02	-5.6386e+02	-4.9192e+02	-4.1974e+01	3.8589e+02	3.7804e+02	-2.2392e+01	2.6711e+02	3.3040e+02	2.9311e+03	-1.7424e+02	-2.5394e+02	5.5836e+02	-8.4851e+02	2.6923e+03	1.5451e+03	9.2749e+02	-9.1141e+02	1.3672e+03	1.1134e+03	6.8496e+02	-1.4945e+03	-3.5802e+02	9.4467e+02	-1.1518e+03	-1.4029e+03	1.0139e+03	-6.6482e+02	5.6346e+01	-7.0765e+02	2.0278e+02	1.2905e+03	3.3577e+03	-4.6214e+02	-3.8341e+02	-1.8040e+03	2.7781e+02	-1.7273e+03	1.0593e+03	-2.0914e+03	1.8667e+03	-9.6407e+01	-2.2747e+03	-4.5891e+02	-3.1164e+03	1.8884e+03	-1.2678e+03	1.3473e+03	1.1168e+03	1.4039e+03	-7.8671e+02	1.9201e+03	-1.5866e+03	-5.6136e+02	2.5032e+03	2.8943e+03	-1.5570e+02	-4.9975e+02	1.1694e+03	1.4964e+03	-1.3664e+03	-5.4008e+02	-2.9049e+02	-3.3712e+01	6.9524e+02	5.6041e+02	-7.8550e+02	-1.1518e+03	-6.5777e+02	1.5618e+03	-3.4566e+02	5.2053e+02	2.8019e+02	1.2885e+03	-2.5360e+03	-7.8309e+02	-4.0790e+02	-2.3626e+02	5.9008e+01	9.6233e+02	5.3184e+02	-9.2852e+02	-1.7589e+03	1.5859e+02	2.9363e+01	-5.5781e+02	-3.4294e+02	-8.2376e+01	-3.2465e+02	4.5238e+02	-3.8130e+02	-7.2751e+02	-1.3554e+03	-1.1270e+03	-1.2934e+02	-1.4160e+03	9.9890e+02	1.2019e+03	-1.5593e+02	-2.2957e+03	1.0928e+03	-2.6032e+02	-1.7722e+03	6.0611e+02	2.8733e+02	3.3538e+02	1.3955e+03	1.0858e+03	1.5381e+03	2.3844e+03	1.0990e+03	4.0964e+02	8.9441e+02	-1.3689e+03	-2.6847e+03
1.4000e+05	-1.4868e+03	4.3781e+02	-4.4167e+02	-3.4374e+02	-1.4678e+03	3.2223e+01	4.6457e+02	-3.8875e+01	-1.5594e+02	-8.5413e+02	-9.3971e+02	-1.0036e+03	6.6030e+02	-2.5019e+02	5.7462e+02	1.0743e+03	8.3868e+02	1.0033e+01	-1.3022e+03	1.2205e+03	1.8854e+02	8.9768e+02	-8.4547e+02	-1.7886e+02	2.7344e+02	-6.7129e+02	-1.7154e+02	-1.3737e+03	3.9262e+02	-1.0268e+03	-7.7070e+02	-1.1647e+03	2.8614e+02	2.1482e+03	-7.1247e+02	-1.6702e+03	-1.3306e+02	-3.0976e+02	-3.4953e+02	-6.2130e+02	-8.2772e+01	-9.7759e+02	7.0494e+02	2.8649e+02	1.3240e+03	9.4530e+02	6.9288e+02	-2.4593e+02	1.3226e+03	2.5121e+02	4.3693e+02	1.7090e+02	-1.5887e+03	-2.6601e+02	7.9520e+02	2.8544e+03	-3.6582e+02	1.3434e+03	1.5999e+03	-9.7841e+02	2.9800e+02	-2.5159e+02	-7.6197e+02	2.5393e+01	-9.4974e+01	8.0139e+02	-1.3026e+03	1.9054e+02	6.7042e+02	9.9767e+02	5.3365e+02	4.7912e+02	2.8971e+03	-1.2397e+02	5.6278e+01	-1.7235e+02	-3.8539e+02	2.2593e+01	1.6770e+03	3.2523e+02	3.8915e+01	1.0473e+03	-8.4575e+02	-9.5580e+02	8.8781e+02	5.5624e+02	2.5922e+02	-4.3076e+02	-3.2585e+02	-1.0884e+03	7.8784e+02	5.8099e+02	-4.8324e+02	-9.3511e+02	2.8661e+02	-1.1163e+03	1.9652e+03	-1.9098e+03	-9.5954e+02	-2.9149e+02	1.4099e+03	-4.3159e+02	1.9603e+02	-2.5268e+02	1.0395e+02	5.9872e+02	8.4062e+02	8.5787e+02	-4.2393e+02	-2.9080e+02	3.6757e+01	3.4106e+02	1.0994e+02	2.5072e+02	-5.1216e+02	-5.4369e+02	-9.1344e+02	-2.0857e+03	1.7485e+03	-2.4998e+03	1.2540e+03	1.4494e+03	-9.2169e+02	-4.3024e+02	8.5147e+02	8.4412e+02	-1.6044e+03	1.0462e+03	1.7462e+02	5.2910e+01	-6.7641e+01	2.5494e+02	-2.7232e+02	5.6443e+02	2.3513e+02	2.8707e+01	4.6914e+02	4.7551e+02	6.9073e+02	1.7788e+03	4.3849e+02	6.5636e+02	1.7560e+03	-1.8303e+02	1.9297e+02	1.8477e+03	-2.0104e+03	-4.6196e+02	-6.9687e+02	7.5509e+02	-1.4538e+03	1.6055e+02	-1.6484e+03	-9.9330e+02	-1.1347e+03	-1.6047e+02	4.3171e+02	2.4549e+03	-9.8668e+02	-8.8444e+02	1.2129e+02	-1.1646e+03	-3.1268e+02	1.7306e+02	1.6820e+03	1.4306e+03	-3.0858e+02	2.0789e+03	-7.1019e+02	3.3877e+02	1.4375e+03	6.2277e+01	-1.5308e+02	-7.7351e+02	9.0202e+02	1.0321e+03	3.5823e+02	-7.8650e+02	-3.1628e+02	-2.2562e+03	-1.8990e+03	-1.4038e+03	-1.4444e+03	-7.1342e+02	8.6526e+02	6.9046e+02	-3.1062e+02	4.6625e+02	4.4963e+02	1.4789e+01	1.3445e+02	-3.3616e+01	-2.5713e+02	-1.5353e+03	-3.0490e+02	-2.7928e+03	7.2267e+02	-6.5067e+02	-9.6651e+02	1.1832e+03
1.4000e+05	2.4453e+03	-4.6405e+00	-1.8849e+03	-2.5042e+03	2.7283e+03	-2.0945e+03	1.8210e+03	-1.6277e+03	-1.9347e+03	5.7481e+02	3.2678e+02	2.1228e+03	-2.9498e+03	-1.4852e+03	1.1707e+03	-9.9504e+01	1.4670e+03	2.7712e+03	-2.5593e+03	2.1244e+03	-9.0235e+02	6.7106e+02	-9.2155e+02	-1.1309e+03	5.4489e+02	-1.2477e+03	2.4556e+03	-1.0923e+03	-5.0249e+02	4.3012e+02	5.4796e+02	-4.6450e+02	2.9609e+02	5.0373e+02	3.5383e+03	2.0430e+03	-1.9249e+03	-2.0134e+02	1.8456e+02	-1.9040e+03	-7.3540e+01	-8.3911e+02	8.5322e+02	1.5768e+03	1.0552e+03	-2.3965e+02	2.4878e+03	8.4635e+02	1.8803e+03	-1.5353e+03	-1.6700e+03	-2.7804e+03	1.3816e+03	-2.4408e+03	7.9418e+02	1.9338e+03	8.5974e+02	-9.5497e+02	2.0352e+03	4.5957e+01	-1.8210e+03	1.4691e+03	1.0162e+03	1.9986e+03	-1.0599e+03	1.5652e+03	-6.0814e+02	-7.1423e+02	-2.9447e+03	-8.4394e+02	1.4709e+03	2.3266e+03	1.1865e+03	2.3876e+03	8.6202e+02	1.7162e+03	3.0633e+02	2.2407e+03	-7.1308e+01	-1.3427e+03	-1.4360e+03	1.1156e+02	-9.9309e+02	2.4786e+03	-1.8417e+02	-6.3669e+02	1.4159e+02	-2.0788e+01	-1.5420e+02	3.6207e+02	6.3417e+01	-2.1103e+02	8.2375e+02	-1.1466e+02	3.7155e+03	5.8361e+01	-6.7289e+02	1.0664e+03	-1.3608e+03	3.3469e+03	1.4158e+03	7.5128e+02	-1.0206e+03	6.5013e+02	1.0071e+03	1.8008e+03	-1.2890e+03	-6.1619e+02	8.0103e+02	-1.3319e+03	-1.7975e+03	5.8362e+02	-7.8245e+02	4.2835e+02	-1.0838e+03	-3.9037e+02	3.5151e+02	3.0192e+03	-7.7117e+02	1.5341e+02	-7.6201e+02	2.8714e+02	-1.6868e+03	8.6049e+02	-2.8604e+03	1.1077e+03	5.9507e+02	-2.0255e+03	-2.1354e+02	-1.9297e+03	7.3658e+02	-4.8821e+02	1.7324e+03	1.5988e+03	1.4563e+03	-1.0574e+03	2.1707e+03	-1.9389e+03	-6.7759e+01	3.2542e+03	3.3062e+03	5.7857e+02	-8.1684e+02	7.7742e+02	1.7144e+03	-7.1929e+02	1.8892e+01	-8.8446e+01	2.5607e+02	1.2279e+03	2.2528e+02	-7.6454e+02	-1.2186e+03	-6.2753e+02	2.3898e+03	-1.1761e+03	3.2536e+02	8.8349e+02	1.4175e+03	-2.5807e+03	-1.0684e+03	-1.0241e+03	5.9916e+02	-2.6560e+02	2.1202e+02	9.3934e+02	-1.7352e+03	-2.4036e+03	-6.2166e+00	2.3458e+02	-2.1229e+02	-4.6667e+02	-7.2844e+02	-6.3112e+02	2.0132e+02	-5.5770e+02	-2.4645e+01	-1.5055e+03	-1.0723e+03	2.1134e+02	-1.5269e+03	1.2925e+03	1.7702e+03	8.2800e+01	-2.4857e+03	1.0341e+03	-5.5995e+02	-1.2359e+03	5.3872e+01	1.7246e+03	1.4790e+03	1.9254e+03	6.2733e+02	8.0339e+02	2.1272e+03	1.2645e+03	-2.6746e+02	1.4350e+03	-1.1301e+03	-2.9836e+03
1.6000e+05	-2.3476e+03	4.5774e+02	-1.9557e+02	-5.2503e+02	-1.5513e+03	6.4450e+02	6.8024e+02	-4.0679e+02	-3.1473e+02	-7.8317e+02	-6.6294e+02	-1.0629e+03	3.8656e+02	-4.0224e+02	1.2066e+03	8.8631e+02	1.1815e+03	-5.0179e+02	-8.6441e+02	1.3358e+03	-2.3154e+02	1.2790e+03	-4.4010e+02	4.5392e+02	-2.6535e+02	-7.6851e+02	-4.5141e+01	-1.4100e+03	5.0556e+02	-9.6421e+02	-7.4319e+02	-1.4312e+03	-1.3715e+02	2.5669e+03	-9.5229e+02	-1.8886e+03	-7.7359e+02	-2.0467e+02	9.0460e+01	-3.0518e+02	-3.4499e+02	-1.0783e+03	4.8225e+02	5.0441e+02	1.2087e+03	1.7918e+03	9.5027e+02	-4.2257e+02	1.3086e+03	3.2125e+02	5.1318e+02	2.5610e+02	-3.5314e+02	-4.2216e+02	8.2196e+02	3.2142e+03	-6.4678e+02	7.3127e+02	1.7489e+03	-4.5528e+02	3.2722e+02	6.7577e+01	-1.0856e+03	2.0747e+02	-1.0533e+02	9.2210e+02	-1.4216e+03	-3.2324e+02	9.0285e+02	1.0573e+03	4.4194e+02	6.1046e+02	3.0695e+03	-6.5747e+02	2.1609e+02	1.4095e+02	-7.3953e+02	6.4826e+02	2.0039e+03	1.7888e+02	6.9382e+00	8.8098e+02	-1.0215e+03	-1.1075e+03	1.2207e+03	4.4866e+02	6.8823e+02	-1.2776e+01	-1.5728e+02	-1.1889e+03	5.1326e+01	-9.3023e+01	-2.6911e+02	-5.4877e+02	2.5374e+02	-7.5031e+02	1.7419e+03	-1.5468e+03	-8.1468e+02	-1.6485e+02	2.1754e+03	1.9465e+02	2.6585e+02	5.9143e+01	8.0692e+02	7.5368e+02	7.8664e+02	1.4432e+02	-6.9895e+02	-8.9258e+02	2.1473e+02	-1.2873e+02	-3.8025e+01	1.0975e+03	-2.4384e+02	-2.3804e+02	-1.5198e+03	-2.4841e+03	1.8587e+03	-2.0489e+03	1.6790e+03	1.3881e+03	-9.1882e+02	-5.1262e+02	1.8678e+03	8.7197e+02	-1.2556e+03	6.5362e+02	3.1332e+02	6.0719e+02	9.3468e+00	1.7463e+02	-4.3396e+01	3.7918e+02	8.2013e+02	7.5092e+02	5.4673e+02	3.8982e+02	2.6091e+02	1.6179e+03	3.2894e+02	8.2827e+02	1.6830e+03	1.8910e+02	5.8635e+02	2.1589e+03	-2.1452e+03	-3.1252e+02	-5.2818e+01	8.9861e+02	-1.4798e+03	8.9896e+02	-1.7105e+03	-5.1277e+02	-6.5428e+02	-1.0409e+02	3.5445e+02	2.8725e+03	-8.2241e+02	-4.8979e+02	9.2418e+02	-1.4057e+03	-2.6916e+02	3.2316e+02	2.4975e+03	1.9435e+03	-3.2998e+01	2.3060e+03	-4.0169e+02	7.7461e+02	1.5498e+03	5.1209e+02	3.4800e+02	-1.2211e+03	5.7470e+02	1.7232e+03	3.9620e+02	-7.0483e+02	7.0996e+00	-2.3481e+03	-1.7582e+03	-6.1039e+02	-1.7500e+03	-1.6484e+02	1.1904e+03	3.0804e+02	-2.4098e+02	7.3901e+02	6.9070e+02	5.4902e+02	8.4407e+02	3.0276e+02	-6.1905e+02	-1.2008e+03	-1.5060e+02	-2.9479e+03	1.0321e+03	-9.8960e+02	-9.4100e+02	1.0884e+03
1.6000e+05	3.6527e+03	-1.9027e+02	-2.1652e+03	-2.8194e+03	2.0191e+03	-2.6681e+03	1.3943e+03	-6.5118e+02	-1.5753e+03	5.8699e+02	1.0051e+03	2.5383e+03	-2.9261e+03	-6.0780e+02	7.8168e+02	5.1530e+02	5.0400e+02	3.1929e+03	-2.2147e+03	2.5115e+03	-7.0680e+02	5.8471e+02	-1.0968e+03	-1.1745e+03	-9.9647e+01	-6.3740e+02	2.4916e+03	-6.7964e+02	-1.0632e+03	1.4079e+02	9.0387e+02	-1.4915e+02	1.5640e+03	1.2849e+03	3.1248e+03	2.0160e+03	-2.8201e+03	1.8487e+02	2.1601e+02	-1.8325e+03	1.0511e+02	-9.5163e+02	1.4876e+03	1.2693e+03	1.6691e+03	1.7132e+02	2.0118e+03	2.3941e+02	2.0919e+03	-2.0055e+03	-1.0784e+03	-2.8852e+03	1.9958e+03	-3.0670e+03	1.7596e+03	1.9571e+03	1.0167e+03	-1.7980e+03	1.6737e+03	9.1995e+02	-2.4612e+03	1.2505e+03	1.8430e+03	2.5964e+03	-3.6931e+02	8.5346e+02	-1.0855e+03	3.4983e+02	-2.9632e+03	-5.3200e+00	2.0820e+03	1.6383e+03	1.4152e+03	1.4170e+03	9.4425e+02	2.0478e+03	5.8544e+02	2.8037e+03	-8.1183e+02	-3.8393e+02	-1.3698e+03	4.4268e+02	-1.1062e+03	2.4265e+03	1.4138e+01	-1.1411e+03	2.0616e+02	1.1459e+03	-3.2796e+01	-4.9938e+02	5.1459e+02	1.0531e+02	6.9429e+02	-1.6358e+02	3.3899e+03	-1.1018e+02	-1.6089e+03	1.4013e+03	-9.8851e+02	2.7392e+03	1.1032e+03	-3.6446e+02	-1.2007e+03	6.6458e+02	8.2386e+02	2.2075e+03	-1.6879e+03	-4.1201e+02	6.1913e+02	-2.3689e+03	-2.9705e+03	2.1531e+02	3.0656e+02	6.1059e+02	-4.0125e+02	-4.0890e+02	4.8231e+02	3.5239e+03	-6.3208e+02	9.3168e+01	-3.5975e+02	6.6640e+02	-2.1906e+03	9.7288e+02	-2.8688e+03	8.9826e+02	7.4033e+02	-2.1712e+03	-1.2891e+03	-1.1466e+03	-7.7498e+00	-3.9674e+02	1.4937e+03	1.5372e+03	2.4583e+03	-1.2199e+03	2.8151e+03	-2.1342e+03	-2.4903e+02	3.1278e+03	3.0526e+03	8.1934e+02	-1.2330e+03	-8.0149e+01	1.7570e+03	1.1166e+02	9.4068e+02	-2.3804e+02	-9.7861e+01	1.1391e+03	-2.6196e+02	-1.2272e+03	-1.2584e+02	-4.3380e+02	2.6340e+03	-8.6529e+02	7.8510e+02	1.0614e+01	2.3570e+03	-3.0170e+03	-1.1083e+03	-6.4173e+02	8.9519e+02	-8.5380e+02	1.5889e+03	1.1113e+03	-1.5685e+03	-1.1455e+03	7.7075e+02	-1.1180e+02	-1.4067e+03	-8.3767e+02	-1.2573e+03	-1.3449e+03	4.9516e+02	-8.6162e+02	5.3881e+02	-1.5443e+03	-8.1535e+02	-1.8244e+02	-2.0699e+03	9.8493e+02	1.0336e+03	-2.1339e+02	-1.7710e+03	9.0186e+02	-1.2937e+03	-9.9294e+02	2.3726e+02	1.6277e+03	9.5793e+02	1.7218e+03	4.8951e+01	1.1389e+03	2.6666e+03	1.2077e+03	-6.0597e+02	1.5191e+03	-1.5931e+03	-3.5272e+03
1.8000e+05	-2.0697e+03	5.0103e+02	-6.8652e+02	-6.6813e+02	-1.6823e+03	2.3229e+02	1.0433e+03	-3.0188e+02	2.8987e+01	-6.0125e+02	-1.1975e+03	-1.5485e+03	2.4592e+02	-6.4330e+02	2.0662e+03	8.5733e+02	1.3212e+03	-1.3833e+02	-6.4153e+02	9.5504e+02	-1.3955e+02	1.5045e+03	-8.7373e+02	3.1396e+02	-4.2463e+02	-1.0106e+03	-4.0018e+00	-1.4485e+03	1.5302e+02	-1.2522e+03	-9.5469e+02	-1.7705e+03	-3.6759e+02	3.5506e+03	-8.9849e+02	-1.7661e+03	-4.5971e+02	-5.6510e+02	-3.7910e+02	-1.0840e+03	-4.8681e+02	-1.0070e+03	4.6285e+02	4.3825e+02	1.4344e+03	2.2049e+03	7.6098e+02	-3.6602e+01	1.3308e+03	5.2765e+02	8.1305e+02	-2.9182e+02	-2.7958e+02	-7.6116e+02	1.1055e+03	3.4731e+03	-1.5176e+03	7.2209e+02	1.8397e+03	-1.9415e+02	4.0988e+02	2.2550e+02	-1.2039e+03	6.8698e+02	-9.2427e+01	9.4148e+02	-2.0055e+03	-1.7169e+02	1.2067e+03	5.3043e+02	5.5703e+02	-1.4756e+01	3.3894e+03	-2.1016e+02	-3.2370e+01	1.3810e+02	-7.2793e+02	5.7905e+02	2.2388e+03	7.2861e+01	2.0038e+02	1.1808e+03	-1.0237e+03	-1.0498e+03	9.2950e+02	7.1924e+02	5.4520e+02	6.4451e+02	-8.6710e+01	-1.2131e+03	7.8562e+01	-9.1294e+02	-6.4622e+02	-9.0152e+02	8.7316e+02	-3.6897e+02	2.1660e+03	-1.4363e+03	-5.3933e+02	-3.1411e+02	2.6467e+03	6.9918e+02	1.1282e+03	-1.2133e+02	1.1178e+03	5.7293e+02	2.0810e+02	2.7506e+01	-4.5484e+02	-8.2818e+02	-2.6579e+02	-3.3200e+02	-4.5377e+02	1.0959e+03	-1.0747e+02	-3.9889e+02	-1.3233e+03	-2.2836e+03	1.4564e+03	-2.0248e+03	8.7558e+02	1.5460e+03	-2.2898e+02	-1.3915e+02	2.1278e+03	3.8458e+02	-9.4196e+02	3.5087e+01	3.2901e+02	1.1863e+01	2.1059e+02	7.0658e+02	-6.7092e+02	7.4566e+02	8.0574e+02	9.5873e+01	1.4420e+02	3.2672e+02	5.1470e+02	1.3550e+03	1.8887e+02	7.9222e+02	1.6177e+03	-3.0654e+02	1.8521e+02	1.8657e+03	-2.6784e+03	-2.5625e+02	-6.3657e+01	2.2625e+02	-2.0343e+03	1.5115e+03	-2.2481e+03	-1.2786e+03	-9.0756e+02	-5.0380e+02	-1.4005e+02	3.6196e+03	-1.0951e+03	1.0930e+02	8.7207e+02	-1.7465e+03	-4.7506e+02	-1.1645e+01	2.0852e+03	2.0973e+03	2.5657e+02	2.2225e+03	-5.0267e+02	7.6350e+02	9.3040e+02	-3.0228e+02	-1.0432e+02	-1.2418e+03	1.3093e+03	1.3000e+03	-2.9275e+02	-8.8450e+02	-3.1150e+02	-2.2498e+03	-2.1749e+03	-7.4449e+02	-1.5605e+03	3.9636e+01	1.1264e+03	4.8899e+02	-1.1831e+03	4.9081e+02	3.8098e+02	1.0883e+03	4.9915e+02	5.7636e+02	-1.2630e+03	-1.5734e+03	-2.4283e+02	-3.1154e+03	1.4790e+03	-1.1677e+03	-2.3093e+02	1.4207e+03
1.8000e+05	3.5834e+03	-7.0745e+02	-1.8576e+03	-2.2183e+03	1.9241e+03	-2.6242e+03	1.2796e+03	-1.3590e+03	-1.7167e+03	1.0886e+03	-7.1549e+01	2.7783e+03	-3.1196e+03	-1.3148e+02	1.3260e+02	1.9667e+02	-4.0438e+01	3.0610e+03	-2.4207e+03	3.1735e+03	1.6604e+02	1.5466e+03	-1.2510e+03	-9.7973e+02	7.1127e+02	-1.3367e+01	3.8593e+03	-1.5156e+03	-8.8687e+02	2.6906e+02	7.1429e+02	1.0529e+03	1.6768e+03	2.0452e+03	2.6230e+03	1.7942e+03	-2.1903e+03	3.2955e+02	1.8891e+01	-1.9459e+03	-6.3715e+02	-1.2683e+03	2.1066e+03	2.1251e+03	1.7246e+03	1.1650e+02	2.1346e+03	8.8063e+02	2.5647e+03	-1.8325e+03	-8.5088e+02	-3.8443e+03	2.2962e+03	-3.0642e+03	1.9110e+03	1.7150e+03	1.1978e+03	-1.5679e+03	1.6312e+03	8.3264e+02	-2.8718e+03	1.4668e+03	1.8247e+03	2.8338e+03	-1.5763e+03	2.8226e+03	-1.8130e+03	4.3591e+02	-4.2777e+03	8.6478e+02	1.3154e+03	1.4839e+03	1.0370e+03	9.3610e+02	1.1288e+03	2.0388e+03	6.5426e+02	3.0615e+03	-1.2270e+03	-8.0221e+02	-1.8416e+03	1.2701e+03	-5.9312e+02	2.8608e+03	2.4800e+02	-6.0423e+02	-1.9491e+02	8.0325e+02	3.7333e+02	-1.3238e+02	1.6235e+02	9.4569e+02	3.0613e+02	-9.7063e+02	3.1888e+03	-4.0603e+00	-1.0179e+03	1.8427e+03	-1.9607e+02	1.3580e+03	1.7605e+03	-3.5113e+02	-9.7423e+02	-8.2679e+01	1.8885e+03	2.1978e+03	-1.8545e+03	4.3539e+02	4.9398e+02	-2.5482e+03	-1.2356e+03	4.1901e+02	7.9823e+02	4.3126e+02	1.9382e+02	-3.5015e+02	-1.8555e+02	3.3591e+03	-8.4425e+02	-7.9906e+01	1.2812e+02	1.0798e+03	-2.1156e+03	5.5919e+02	-2.6174e+03	4.0990e+02	-6.6639e+01	-2.0700e+03	-1.4146e+03	-1.4618e+03	-2.7304e+01	4.2814e+02	1.9939e+03	8.9846e+02	2.3132e+03	-2.1394e+03	1.5265e+03	-1.2718e+03	-9.5217e+02	3.9524e+03	2.7445e+03	9.4314e+02	-1.4401e+03	1.9881e+02	1.0617e+03	-1.5945e+02	6.3717e+02	-3.0683e+02	2.4681e+02	1.4575e+03	-4.4184e+02	-1.4830e+03	7.5396e+02	-1.1912e+03	2.3903e+03	-6.6792e+02	1.1791e+03	8.9838e+02	2.1427e+03	-2.7308e+03	-1.4740e+03	-2.5673e+02	8.9045e+02	-8.6345e+02	1.2973e+03	6.6541e+02	-1.7730e+03	-1.9131e+03	4.2565e+02	-6.0933e+02	-1.7837e+03	-2.0658e+03	-5.1294e+02	-1.1787e+03	9.8891e+02	-1.0164e+03	3.8318e+02	-2.0924e+03	-9.1119e+02	-4.0371e+02	-2.7881e+03	9.5686e+02	1.1764e+03	3.8619e+02	-2.8731e+03	1.4064e+03	-1.6693e+03	-1.2658e+03	-2.7071e+02	1.8653e+03	1.3287e+03	1.2664e+03	-3.7811e+02	1.6205e+03	3.1755e+03	9.1336e+02	-7.9307e+02	1.8531e+03	-1.4397e+03	-3.0975e+03
2.0000e+05	-1.8772e+03	4.4548e+02	-2.8010e+02	-4.6374e+01	-1.4543e+03	-2.0035e+02	1.6938e+03	-3.5081e+02	3.3540e+02	-1.0789e+03	-1.7003e+03	-1.6341e+03	-1.6229e+01	-4.1492e+02	1.7712e+03	5.1962e+02	1.0556e+03	3.4644e+02	-3.5291e+02	6.9185e+02	-3.8975e+01	1.8069e+03	-1.0338e+03	6.4048e+02	-1.8650e+02	-1.3360e+03	9.5009e+01	-6.8951e+02	-5.0528e+01	-1.2869e+03	-1.1125e+03	-1.4303e+03	-1.3119e+03	3.9915e+03	-7.6625e+02	-1.6672e+03	-3.2378e+02	-1.0131e+03	-8.5052e+02	-9.6713e+02	-2.9979e+02	-7.6976e+02	1.2164e+02	-2.5891e+02	1.3109e+03	2.4849e+03	6.3005e+02	1.6157e+02	1.3353e+03	8.8382e+02	8.5774e+02	-4.5050e+02	2.5860e+02	-1.7841e+02	1.0355e+03	3.1551e+03	-1.6075e+03	6.1799e+02	2.1485e+03	-8.3586e+02	3.5858e+02	3.8410e+02	-1.1473e+03	8.6546e+02	-2.2013e+02	9.5243e+02	-2.8459e+03	-5.1658e+02	2.0751e+03	6.9427e+02	4.8783e+02	-1.3804e+02	3.4034e+03	-6.3562e+02	7.4815e+01	-1.6002e+02	-1.1046e+03	6.4086e+02	2.2249e+03	-6.7880e+01	-5.9717e+01	1.4378e+03	-6.9827e+02	-1.5942e+03	1.4002e+03	9.7684e+02	6.3843e+02	3.7804e+02	-1.6470e+02	-7.4666e+02	8.5715e+02	-1.3016e+03	-9.4509e+02	-5.6239e+02	1.3059e+03	-1.6322e+01	1.6443e+03	-1.8774e+03	-7.7515e+02	1.7983e+02	2.3646e+03	1.5070e+02	1.3312e+03	-5.2398e+01	1.3718e+03	2.8627e+02	4.3430e+02	-4.7228e+02	-1.0320e+03	-5.3122e+02	1.7155e+02	-3.0060e+02	2.1930e+02	9.8292e+02	3.3294e+01	-1.0050e+03	-1.7478e+03	-2.2711e+03	1.2738e+03	-2.0840e+03	1.4143e+03	1.2195e+03	-4.8843e+02	-2.2326e+02	1.8478e+03	7.0483e+02	-5.6389e+02	-6.4941e+02	3.7098e+02	-3.2623e+02	6.5226e+02	6.3616e+02	-9.8984e+02	3.5084e+02	3.1553e+02	1.4065e+02	4.7909e+02	3.3937e+02	5.6399e+02	1.2213e+03	6.4383e+02	3.5688e+02	1.3200e+03	-2.8845e+02	-4.5182e+01	1.8261e+03	-2.5527e+03	1.6136e+02	-5.8254e+02	1.5352e+02	-1.7356e+03	1.7219e+03	-2.5231e+03	-1.5553e+03	-8.7475e+02	-4.3492e+02	-1.5786e+01	2.7414e+03	-8.7339e+02	2.5297e+02	7.1084e+02	-1.7197e+03	-1.0590e+03	-5.7281e+01	2.0696e+03	2.0668e+03	1.9137e+02	2.1700e+03	-4.8989e+02	1.3038e+03	3.0047e+02	-7.9128e+02	-2.3044e+02	-1.2685e+03	1.6995e+03	1.1448e+03	-4.9327e+02	-1.1069e+03	-2.7419e+02	-1.8498e+03	-2.5560e+03	-9.3953e+02	-8.1579e+02	-4.3293e+02	1.3680e+03	4.2245e+02	-1.4716e+03	3.2940e+02	1.0258e+02	1.2978e+03	7.2288e+02	5.0592e+02	-1.2679e+03	-1.5424e+03	-4.6760e+02	-3.5414e+03	1.6754e+03	-1.3990e+03	-6.2792e+02	9.4095e+02
2.0000e+05	3.7503e+03	-6.0102e+02	-8.5061e+02	-1.1954e+03	2.0430e+03	-3.1181e+03	3.2366e+02	-9.3367e+02	-1.9639e+03	2.3112e+03	5.1660e+02	3.7690e+03	-4.8251e+03	-8.4784e+02	-2.5581e+02	5.5126e+00	1.7591e+02	3.1601e+03	-1.8486e+03	3.0877e+03	-2.7182e+01	1.2725e+03	-8.4106e+02	-3.9488e+02	8.3942e+02	6.1072e+01	4.8689e+03	-1.7850e+03	-6.9487e+02	8.9631e+02	4.0172e+02	7.7390e+02	1.1186e+03	2.9139e+03	2.3245e+03	2.2586e+03	-2.0255e+03	9.3648e+02	1.0800e+03	-2.6342e+03	4.7419e+01	-8.1672e+02	1.7702e+03	1.7288e+03	2.6736e+03	1.7938e+02	1.7946e+03	4.1995e+02	1.8775e+03	-1.9864e+03	-2.1363e+03	-4.1217e+03	1.8905e+03	-2.6941e+03	2.1968e+03	1.6264e+03	1.0487e+03	-1.2407e+03	3.1030e+03	1.4190e+02	-2.3240e+03	1.9118e+03	1.6145e+03	2.7969e+03	-1.7692e+03	2.0603e+03	-7.0165e+02	1.2585e+03	-3.2535e+03	5.0343e+02	1.6842e+03	2.5276e+03	1.1990e+03	1.1557e+03	9.1902e+02	2.6655e+03	8.2685e+02	3.2267e+03	-1.9831e+03	-1.4348e+02	-8.3047e+02	3.9303e+02	-1.1027e+03	4.0259e+03	4.3380e+02	-4.7433e+02	5.4322e+01	7.7606e+02	3.7803e+02	1.1147e+03	8.8626e+02	1.5593e+03	-5.3926e+02	-9.1378e+02	2.9447e+03	-5.5868e+02	-1.9515e+01	1.3683e+03	-2.0481e+02	8.7573e+02	2.5890e+03	3.1519e+02	2.3427e+02	-9.1144e+01	1.7882e+03	2.1328e+03	-1.2566e+03	8.7164e+02	9.1952e+02	-2.7181e+03	-8.7989e+02	1.0908e+03	1.2507e+03	8.6537e+02	4.7225e+01	-4.1847e+02	-1.0299e+02	3.3508e+03	-8.9729e+02	-4.5311e+02	1.3199e+01	1.3821e+03	-2.3448e+03	1.8769e+03	-2.9612e+03	4.4809e+02	2.4250e+02	-2.3730e+03	-1.7568e+03	-9.5721e+02	-4.2459e+02	4.2377e+02	1.1065e+03	1.0704e+03	2.3941e+03	-3.2209e+03	1.6948e+03	-1.7706e+03	-5.9400e+02	3.4237e+03	3.0168e+03	1.6208e+03	-1.8359e+03	-3.6901e+02	5.6791e+02	7.3867e+02	4.0915e+02	-6.7173e+02	-6.0613e+02	1.3316e+03	-5.8716e+02	-2.1835e+03	7.0532e+01	-2.8070e+02	2.5538e+03	-6.7242e+02	3.8336e+02	8.0367e+02	1.7598e+03	-3.0367e+03	-1.5201e+03	-1.7299e+02	1.4043e+03	-3.4752e+02	1.0361e+03	1.3173e+03	-1.9977e+03	-7.0657e+02	-3.4207e+02	1.1674e+02	-1.8948e+03	-1.4326e+03	-2.1583e+02	-1.3726e+03	6.2846e+02	-1.2599e+03	1.3491e+03	-3.1565e+03	-1.0867e+03	-5.7911e+02	-2.4564e+03	2.2443e+02	4.4829e+02	1.9982e+01	-2.7143e+03	1.4406e+03	-6.9801e+02	-2.5377e+03	-2.2814e+02	1.2438e+03	2.4115e+03	1.4030e+03	3.4393e+02	2.2699e+03	3.4781e+03	5.2876e+02	-9.3638e+02	1.0502e+03	-1.1174e+03	-3.4076e+03
