2.0000e+05	7.3207e+04
2.0000e+05	7.3851e+04
2.0000e+05	7.4674e+04
2.0000e+05	7.5620e+04
2.0000e+05	7.6907e+04
2.0000e+05	7.8666e+04
2.0000e+05	8.0059e+04
2.0000e+05	8.2743e+04
2.0000e+05	8.4961e+04
2.0000e+05	8.7638e+04
2.0000e+05	9.1305e+04
2.0000e+05	9.3914e+04
2.0000e+05	9.7412e+04
2.0000e+05	1.0153e+05
2.0000e+05	1.0553e+05
2.0000e+05	1.0898e+05
2.0000e+05	1.1326e+05
2.0000e+05	1.1675e+05
2.0000e+05	1.1973e+05
2.0000e+05	1.2369e+05
2.0000e+05	1.2632e+05
2.0000e+05	1.2937e+05
2.0000e+05	1.3200e+05
2.0000e+05	1.3557e+05
2.0000e+05	1.3434e+05
2.0000e+05	1.2854e+05
2.0000e+05	1.2691e+05
2.0000e+05	1.2729e+05
2.0000e+05	1.2898e+05
2.0000e+05	1.3085e+05
2.0000e+05	1.3108e+05
2.0000e+05	1.2963e+05
2.0000e+05	1.3031e+05
2.0000e+05	1.2937e+05
2.0000e+05	1.2867e+05
2.0000e+05	1.2883e+05
2.0000e+05	1.2919e+05
2.0000e+05	1.2872e+05
2.0000e+05	1.2951e+05
2.0000e+05	1.2888e+05
2.0000e+05	1.2879e+05
2.0000e+05	1.2794e+05
2.0000e+05	1.2768e+05
2.0000e+05	1.2837e+05
2.0000e+05	1.2810e+05
2.0000e+05	1.2781e+05
2.0000e+05	1.2769e+05
2.0000e+05	1.2751e+05
2.0000e+05	1.2687e+05
2.0000e+05	1.2628e+05
2.0000e+05	1.2636e+05
2.0000e+05	1.2578e+05
2.0000e+05	1.2624e+05
2.0000e+05	1.2566e+05
2.0000e+05	1.2577e+05
2.0000e+05	1.2443e+05
2.0000e+05	1.2498e+05
2.0000e+05	1.2421e+05
2.0000e+05	1.2397e+05
2.0000e+05	1.2326e+05
2.0000e+05	1.2312e+05
2.0000e+05	1.2260e+05
2.0000e+05	1.2268e+05
2.0000e+05	1.2179e+05
2.0000e+05	1.2193e+05
2.0000e+05	1.2136e+05
2.0000e+05	1.2090e+05
2.0000e+05	1.2109e+05
2.0000e+05	1.1966e+05
2.0000e+05	1.2010e+05
2.0000e+05	1.1900e+05
2.0000e+05	1.1856e+05
2.0000e+05	1.1810e+05
2.0000e+05	1.1743e+05
2.0000e+05	1.1752e+05
2.0000e+05	1.1701e+05
2.0000e+05	1.1620e+05
2.0000e+05	1.1583e+05
2.0000e+05	1.1527e+05
2.0000e+05	1.1509e+05
2.0000e+05	1.1484e+05
2.0000e+05	1.1335e+05
2.0000e+05	1.1279e+05
2.0000e+05	1.1258e+05
2.0000e+05	1.1270e+05
2.0000e+05	1.1223e+05
2.0000e+05	1.1066e+05
2.0000e+05	1.1033e+05
2.0000e+05	1.1081e+05
2.0000e+05	1.0933e+05
2.0000e+05	1.0920e+05
2.0000e+05	1.0910e+05
2.0000e+05	1.0810e+05
2.0000e+05	1.0751e+05
2.0000e+05	1.0680e+05
2.0000e+05	1.0696e+05
2.0000e+05	1.0618e+05
2.0000e+05	1.0530e+05
2.0000e+05	1.0468e+05
2.0000e+05	1.0490e+05
2.0000e+05	1.0398e+05
2.0000e+05	1.0295e+05
2.0000e+05	1.0297e+05
2.0000e+05	1.0177e+05
2.0000e+05	1.0186e+05
2.0000e+05	1.0146e+05
2.0000e+05	1.0076e+05
2.0000e+05	1.0044e+05
2.0000e+05	1.0046e+05
2.0000e+05	9.9579e+04
2.0000e+05	9.8976e+04
2.0000e+05	9.7900e+04
2.0000e+05	9.7737e+04
2.0000e+05	9.7087e+04
2.0000e+05	9.6756e+04
2.0000e+05	9.6062e+04
2.0000e+05	9.5804e+04
2.0000e+05	9.5376e+04
2.0000e+05	9.4915e+04
2.0000e+05	9.4092e+04
2.0000e+05	9.4079e+04
2.0000e+05	9.3100e+04
2.0000e+05	9.3559e+04
2.0000e+05	9.2774e+04
2.0000e+05	9.2005e+04
2.0000e+05	9.1508e+04
2.0000e+05	9.1062e+04
2.0000e+05	9.0773e+04
2.0000e+05	9.0231e+04
2.0000e+05	8.9711e+04
2.0000e+05	8.9310e+04
2.0000e+05	8.9450e+04
2.0000e+05	8.8637e+04
2.0000e+05	8.8457e+04
2.0000e+05	8.7560e+04
2.0000e+05	8.7359e+04
2.0000e+05	8.6675e+04
2.0000e+05	8.6338e+04
2.0000e+05	8.6084e+04
2.0000e+05	8.5798e+04
2.0000e+05	8.4871e+04
2.0000e+05	8.4398e+04
2.0000e+05	8.4056e+04
2.0000e+05	8.4402e+04
2.0000e+05	8.4147e+04
2.0000e+05	8.3796e+04
2.0000e+05	8.3183e+04
2.0000e+05	8.2718e+04
2.0000e+05	8.2441e+04
2.0000e+05	8.1876e+04
2.0000e+05	8.2174e+04
2.0000e+05	8.1994e+04
2.0000e+05	8.1771e+04
2.0000e+05	8.0830e+04
2.0000e+05	8.0263e+04
2.0000e+05	8.0295e+04
2.0000e+05	8.0640e+04
2.0000e+05	7.9518e+04
2.0000e+05	7.9081e+04
2.0000e+05	7.9991e+04
2.0000e+05	7.9014e+04
2.0000e+05	7.8750e+04
2.0000e+05	7.8597e+04
2.0000e+05	7.8172e+04
2.0000e+05	7.8171e+04
2.0000e+05	7.7358e+04
2.0000e+05	7.7950e+04
2.0000e+05	7.7415e+04
2.0000e+05	7.7210e+04
2.0000e+05	7.7210e+04
2.0000e+05	7.6975e+04
2.0000e+05	7.6205e+04
2.0000e+05	7.6573e+04
2.0000e+05	7.6370e+04
2.0000e+05	7.6025e+04
2.0000e+05	7.6220e+04
2.0000e+05	7.5670e+04
2.0000e+05	7.5724e+04
2.0000e+05	7.5195e+04
2.0000e+05	7.4941e+04
2.0000e+05	7.5132e+04
2.0000e+05	7.5338e+04
2.0000e+05	7.5057e+04
2.0000e+05	7.4776e+04
2.0000e+05	7.4516e+04
2.0000e+05	7.4825e+04
2.0000e+05	7.4280e+04
2.0000e+05	7.4227e+04
2.0000e+05	7.4269e+04
2.0000e+05	7.4207e+04
2.0000e+05	7.4282e+04
2.0000e+05	7.4001e+04
2.0000e+05	7.4171e+04
2.0000e+05	7.3812e+04
2.0000e+05	7.3425e+04
2.0000e+05	7.3830e+04
2.0000e+05	7.4028e+04
2.0000e+05	7.4508e+04
2.0000e+05	7.3597e+04
2.0000e+05	7.4057e+04
