2.0000e+04	-2.0436e+02	-4.9921e+02	-3.5997e+02	2.1642e+01	3.5052e+02	-6.9458e+02	-1.2133e+02	1.5546e+02	3.2520e+02	-3.6995e+01	3.6702e+02	4.7645e+02	-4.2548e+02	5.4151e+02	5.0908e+02	-3.3530e+02	-1.0117e+02	5.1180e+02	6.5495e+02	-4.9336e+02	5.6272e+01	-2.4561e+02	-4.6972e+02	2.4223e+02	1.6436e+02	6.9254e+01	-3.8490e+01	-4.6564e+02	-1.5717e+02	-3.9690e+02	3.8422e+01	-2.3135e+02	-5.3355e+01	5.1096e+02	-2.3416e+02	-2.3682e+02	4.7557e+02	-4.1927e+02	2.8455e+02	-4.2832e+02	-1.9815e+02	-2.1137e+01	1.6400e+02	4.6670e+00	1.4857e+02	1.9784e+02	1.4971e+02	2.0730e+02	9.6717e+02	-5.0813e+02	5.5045e+01	-3.8119e+02	-1.5005e+02	2.2053e+02	4.9260e+01	-1.5623e+02	1.0065e+02	-9.3054e+02	6.3462e+02	-4.1074e+01	4.6864e+02	-6.5458e+02	3.7042e+02	-2.9651e+02	-2.4258e+02	4.1301e+01	2.8668e+02	1.1973e+02	2.8822e+02	-1.0107e+01	4.8600e+02	8.5851e+01	3.1143e+02	4.1802e+02	3.7545e+02	-2.6709e+02	-1.4314e+02	-6.2382e+01	3.4400e+02	4.8413e+02	8.8092e+01	1.3389e+02	5.6711e+02	5.2555e+02	4.6724e+02	3.8239e+02	3.0495e+02	1.9175e+02	1.9518e+02	-2.7310e+01	-3.3346e+02	2.3052e+02	-3.1499e+02	4.0468e+02	1.9346e+02	5.2345e+02	5.1801e+02	8.2970e+02	-6.2885e+02	3.0495e+02	-1.0205e+02	1.4034e+02	-5.0289e+02	-2.8200e+02	2.5178e+02	4.3524e+02	4.3494e+02	-4.1196e+01	9.9381e+02	4.1473e+02	-2.9926e+02	-2.8798e+02	8.0770e+02	-4.5613e+02	-3.4948e+02	-8.0591e+02	6.7014e+02	4.5070e+02	-4.2839e+02	2.9810e+02	-1.4535e+02	-1.5575e+02	4.1012e+02	2.0938e+02	3.3028e+02	6.0991e+02	-2.0312e+02	6.5302e+02	2.3255e+02	2.9935e+02	6.4594e+02	-3.1657e+01	-4.1506e+02	-5.2634e+02	1.7218e+02	-1.0390e+01	4.3899e+02	-6.2040e+02	-3.8439e+01	-2.4650e+02	1.6873e+02	3.0093e+02	5.7676e+01	-4.8000e+02	-2.2074e+02	-3.7370e+01	4.7282e+02	-3.4142e+02	-3.9020e+02	-3.2556e+02	-1.4794e+02	-3.8223e+02	6.4036e+02	8.1611e+02	5.2094e+01	3.8222e+02	4.7042e+02	5.6540e+02	7.3822e+02	1.2182e+02	1.7485e+02	-4.1577e+01	-1.5103e+02	-4.2955e+01	3.6449e+02	-1.1867e+02	4.9953e+01	-7.8694e+02	-2.5428e+02	2.7802e+02	-4.1852e+02	-7.7939e+01	-6.3826e+01	-2.2063e+02	8.9965e+02	-2.8848e+02	6.5568e+02	6.0639e+02	5.4566e+01	1.9513e+01	-4.0713e+02	-9.2093e+02	-2.0255e+02	-3.3367e+02	3.9206e+02	4.1848e+02	4.9332e+02	3.6275e+02	-3.9778e+01	2.7854e+02	3.4848e+02	3.7180e+01	-2.8115e+02	-1.9294e+02	5.0919e+02	4.4783e+02	-5.3178e+02	3.6204e+02	4.3724e+02	3.8599e+02
2.0000e+04	4.1828e+02	-1.0942e+03	7.8742e+02	3.5056e+02	-3.4496e+02	3.3633e+02	5.2799e+02	2.1679e+02	5.9867e+02	-1.5373e+01	2.0600e+02	-2.6502e+01	5.3119e+02	-5.7528e-01	-7.1266e+02	4.0887e+02	-6.1453e+02	-6.1191e+02	7.2412e+02	-2.9759e+02	3.3542e+02	7.4040e+01	1.1276e+02	2.3347e+02	-2.2644e+02	5.9878e+02	2.6049e+02	-8.5572e+02	5.5329e+02	2.8035e+02	-2.1847e+02	6.9602e+02	5.5686e+02	1.0317e+02	-1.8084e+01	-6.1661e+02	1.4717e+02	4.4886e+02	-1.6039e+02	1.0280e+03	2.2001e+02	9.2309e+02	1.8425e+02	8.4254e+02	1.8488e+02	7.7196e+02	-1.3648e+02	6.8415e+01	-5.3498e+02	-7.6022e+02	-8.7468e+02	-7.9534e+02	2.2249e+02	-8.8358e+01	-1.9889e+02	1.1085e+03	1.4723e+02	-7.0672e+01	3.5781e+02	2.0578e+02	8.7889e+02	-6.9426e+02	-1.6164e+02	-3.0087e+02	-2.4382e+02	-4.2140e+01	5.5592e+02	4.2280e+02	-2.9971e+02	7.3037e+02	6.4999e+02	-8.5161e+01	-4.2771e+02	-3.7318e+02	9.4702e+02	-3.4780e+02	1.9610e+02	3.7334e+02	-1.0990e+03	-3.1608e+02	-8.3505e+02	2.6835e+02	-7.5422e+02	-3.7580e+02	-4.0743e+02	2.9490e+02	-5.6676e+02	6.7833e+01	2.6406e+02	-1.2700e+02	2.5609e+02	1.4085e+02	3.0282e+02	8.9130e+02	-3.5154e+02	-1.0860e+03	5.7908e+02	9.0529e+02	-3.2286e+02	2.8141e+02	3.6655e+02	-9.8192e+01	1.1629e+03	-4.9882e+02	-9.0196e+01	1.6728e+03	-6.5541e+02	-1.4571e+03	1.0153e+03	-3.0802e+02	-2.0197e+02	2.8373e+02	-3.8229e+02	8.7046e+01	2.2321e+02	4.0584e+01	-2.6606e+02	-6.7006e+02	-2.0547e+02	6.6110e+02	3.8615e+01	3.1006e+00	6.8404e+02	-1.5111e+02	-4.2747e+02	-3.1324e+02	-9.1905e+02	3.1112e+02	2.7004e+02	-2.1712e+01	5.9893e+02	9.5468e+01	-8.7249e+01	3.1669e+02	-8.6338e+02	-5.0760e+01	1.1082e+03	3.3708e+02	1.2867e+01	-2.6706e+02	-1.4846e+02	1.7244e+02	7.2528e+02	1.1719e+03	-3.2910e+02	-6.9682e+02	-6.7093e+02	1.1354e+03	-3.6085e+02	2.5429e+02	-1.0657e+02	-9.2939e+02	2.6246e+02	-1.0750e+02	1.7875e+02	-4.7841e+01	-2.4164e+02	4.0913e+02	-8.0415e+02	6.6968e+02	-9.7653e+01	-6.3271e+02	8.8677e+02	-8.9528e+02	-3.8589e+02	-4.0834e+02	-1.0850e+02	4.2799e+01	7.1916e+02	-5.1219e+02	4.2301e+02	-5.1801e+02	-7.9231e+02	8.4400e+01	1.2140e+02	1.0403e+02	3.0382e+02	7.4702e+02	5.2202e+02	-3.3691e+02	-9.6113e+00	3.3498e+01	3.2694e+02	6.0871e+02	9.0186e+02	-3.5356e+02	1.2893e+02	-3.4366e+01	-1.4845e+00	-1.6002e+02	-8.0187e+02	1.5536e+03	-1.6134e+02	1.6868e+03	4.2517e+02	4.1189e+02	-4.1579e+02	-7.4696e+02	-8.9191e+02	-4.3672e+02
4.0000e+04	-1.7814e+02	1.0358e+02	-8.5994e+01	-3.9119e+02	1.4275e+02	-3.8027e+02	-5.1792e+02	-4.1178e+02	-5.3614e+01	-9.9706e+01	6.5926e+02	5.7258e+02	-5.9134e+02	4.5155e+02	1.0212e+03	-1.0772e+03	-3.4625e+02	1.6573e+02	4.5849e+02	-5.2687e+02	5.9331e+02	1.7746e+02	-6.2463e+02	-1.5153e+02	8.1298e+01	-3.4309e+01	1.1441e+03	-2.9114e+02	-3.3865e+02	-5.5516e+02	3.0225e+02	3.6948e+02	-1.1438e+02	1.1113e+02	-1.5869e+02	-3.4302e+02	4.2900e+02	-1.3691e+02	1.4050e+02	-7.2925e+02	-1.0278e+02	1.3514e+02	2.3657e+02	2.4787e+02	4.5662e+02	-4.0228e+02	1.4540e+02	5.3213e+02	5.0202e+02	-1.1252e+03	2.3599e+02	-3.9875e+02	1.1095e+02	-3.2144e+02	-1.9035e+02	4.8001e+01	-1.8436e+02	-1.5477e+03	4.1562e+02	7.0034e+02	5.7284e+02	-1.0238e+03	1.3273e+01	-4.8133e+02	-2.3647e+02	9.8669e+01	4.3765e+02	4.4210e+02	4.9635e+02	-2.1069e+02	8.9587e+02	-3.8172e+02	-7.8204e+01	-4.0322e+02	3.2509e+02	-2.8382e+02	2.4567e+02	2.0218e+02	5.3929e+02	1.4778e+02	1.5478e+02	6.7995e+02	3.4950e+02	2.8644e+02	-5.4640e+02	2.6260e+02	6.2045e+02	-1.1984e+02	-4.8553e+02	-4.1437e+02	-5.4189e+01	2.6973e+01	-9.3832e+02	9.4026e+02	-4.3337e+02	4.4007e+02	2.5107e+02	9.1166e+02	-6.3765e+01	-5.7034e+00	3.1855e+02	4.9398e+01	-1.1783e+03	-1.9693e+02	3.9450e+02	5.0394e+02	9.1741e+02	-3.5781e+02	1.7022e+03	4.8623e+02	-2.7467e+02	-2.3702e+02	3.1574e+02	-1.7116e+01	-1.1568e+03	-3.7193e+02	1.1279e+03	3.0558e+02	-4.8113e+02	6.6807e+02	-6.1803e+02	-1.4755e+02	1.9100e+02	-1.6347e+02	8.2141e+02	9.5628e+02	6.8679e+02	8.3322e+02	4.0859e+02	7.3434e+02	6.6221e+02	-5.0928e+02	-4.8379e+02	2.7962e+01	4.3537e+02	3.2365e+01	-1.1335e+02	-1.4346e+03	-7.5702e+02	-4.0121e+01	5.3964e+02	4.8899e+02	3.7731e+02	1.9826e+02	6.2221e+01	-7.4855e+01	-2.9615e+01	-4.6874e+02	-3.7644e+02	-3.0089e+02	-1.3896e+01	-1.1175e+02	5.3871e+02	8.4697e+02	-4.1128e+02	5.5184e+01	3.6025e+02	1.3371e+03	7.1757e+02	-3.4944e+02	3.4989e+02	-4.6495e+02	-7.1716e+02	1.6859e+02	7.4771e+02	-6.4874e+02	-3.3317e+02	-1.3699e+03	2.6917e+02	9.0403e+02	-6.1447e+00	7.3570e+02	1.0687e+02	-3.9318e+02	9.7010e+02	-3.0463e+02	1.1253e+03	4.4259e+02	2.3717e+02	-4.8744e+02	-7.5718e+02	-1.0576e+03	-1.9836e+02	-4.2843e+02	3.7027e+02	9.7554e+01	8.9620e+02	4.2947e+02	-1.1629e+02	2.8224e+02	-2.1098e+02	-8.5715e+02	-5.9427e+02	-4.8965e+02	-3.5926e+01	3.5213e+02	-2.8650e+02	3.5562e+02	4.0354e+02	4.1739e+02
4.0000e+04	7.7098e+02	-4.5833e+02	5.5564e+02	-1.0544e+02	6.4636e+01	8.3155e+02	8.0489e+02	6.6611e+02	5.1224e+02	-3.2196e+02	2.6296e+01	6.4569e+02	-6.6623e+00	1.5088e+02	-7.3341e+02	1.0076e+03	5.9033e+01	-1.7399e+03	9.3513e+02	-4.4847e+02	8.0780e+02	-1.3686e+03	-8.0740e+01	2.3586e+02	-1.0387e+03	4.1503e+02	1.4727e+02	-7.8953e+02	8.8366e+02	4.0286e+02	3.0477e+02	7.8490e+02	-4.8712e+02	-9.7223e+02	6.7829e+01	-3.0545e+02	-4.7498e+02	5.3365e+01	2.9516e+02	1.3342e+03	-3.7530e+01	1.3315e+03	2.9159e+01	1.5090e+02	-4.3208e+02	1.4020e+02	-1.2072e+02	3.3418e+01	-5.8479e+02	-9.2880e+02	-1.0556e+03	-6.8522e+02	7.9179e+02	4.2349e+02	-1.1055e+03	1.2655e+03	1.1197e+03	-1.0109e+03	6.1365e+02	5.6695e+02	7.5104e+02	-8.5307e+02	-3.0899e+02	6.5185e+01	-3.3208e+02	-1.0303e+03	4.9109e+02	4.0073e+02	1.3438e+01	4.6984e+02	2.9174e+02	-2.1151e+01	-6.9587e+02	-1.1732e+02	1.9785e+03	-1.8599e+02	7.8929e+02	-1.2758e+02	-1.4075e+03	-5.2071e+02	-1.8566e+02	-1.5517e+02	-5.2975e+02	-4.7159e+01	-8.3502e+01	7.1913e+02	-1.0883e+03	-9.0069e+02	1.7021e+02	-1.4669e+03	3.9636e+02	-2.7045e+02	6.7264e+02	1.1902e+03	1.1989e+02	-1.6822e+03	7.2434e+02	6.5226e+02	-8.7143e+01	2.5349e+02	-2.3762e+02	6.5077e+02	6.6852e+02	-7.8546e+02	3.5076e+02	2.4194e+03	-3.3608e+02	-1.4315e+03	5.8970e+02	3.0635e+02	-2.5030e+02	-2.4007e+02	-1.0291e+03	4.8888e+01	2.5469e+02	7.7898e+02	-1.2633e+03	-1.6706e+03	-1.0955e+03	2.5767e+02	-1.5834e+02	-1.0436e+03	5.6398e+01	-1.6201e+02	-1.6287e+03	-1.2555e+02	-1.6009e+03	8.7731e+02	1.6085e+02	8.1610e+02	3.8695e+02	-6.1000e+02	3.5175e+02	1.3518e+03	7.2796e+01	2.5576e+02	1.7130e+03	1.0846e+03	1.2472e+02	1.6055e+02	-2.9958e+02	-7.8049e+02	1.0465e+03	1.7437e+03	-8.6201e+02	-2.5708e+02	-9.8211e+02	8.8670e+02	-5.2338e+02	1.2228e+03	-2.5491e+02	-1.4306e+03	7.4078e+02	2.7923e+02	9.7515e+02	-6.6144e+01	-1.9181e+02	8.7532e+02	-1.1001e+03	4.7027e+02	5.8584e+02	-1.5245e+02	1.9277e+03	-5.6170e+02	-5.8285e+02	-4.5740e+02	5.4499e+02	-3.6583e+02	8.4851e+02	-3.4909e+02	-5.7636e+01	-3.8423e+02	-5.2797e+02	-1.5107e+03	4.6817e+02	-7.3903e+02	7.7283e+02	1.5150e+02	-3.8671e+02	-9.3221e+01	-1.1453e+02	-2.1922e+02	5.7037e+02	1.1634e+03	1.2220e+03	-8.2517e+02	3.2911e+02	-3.0776e+02	1.2806e+02	1.2158e+02	-1.9403e+02	2.1421e+03	-1.2498e+03	7.8472e+02	-3.4360e+02	9.5093e+02	2.6675e+02	-7.4007e+02	-2.4151e+02	-5.3443e+00
6.0000e+04	6.0240e+01	-2.7793e+02	2.9119e+02	-1.2042e+01	1.8711e+02	5.6736e+01	-5.0767e+02	-9.5873e+02	2.1499e+02	9.5063e+01	9.7693e+02	1.7929e+02	-1.2673e+03	-1.4075e+02	1.1320e+03	-8.7011e+02	-5.2030e+02	4.4784e+01	-3.0387e+02	-4.7397e+02	1.0091e+03	4.2372e+02	-3.6912e+02	-4.9805e+02	2.1304e+02	6.9695e+02	1.1335e+03	-4.0646e+02	-7.9278e+02	-1.2486e+03	5.4428e+02	-4.4731e+02	3.5025e+02	-3.6669e+02	-4.2758e+02	-6.2701e+02	3.5366e+02	1.5702e+02	-2.9911e+02	-9.1276e+02	-3.3601e+02	-2.4473e+02	6.8392e+02	-4.1933e+02	2.8124e+02	-3.2734e+02	-2.9480e+02	7.8735e+02	6.6491e+02	-1.4008e+03	5.0851e+01	-7.6497e+02	2.2229e+02	-2.7216e+02	-1.6803e+02	-4.8740e+02	-3.6284e+02	-1.9857e+03	3.2267e+02	5.3072e+01	2.2172e+02	-1.1618e+03	-5.9329e+02	-3.0983e+02	-1.8704e+02	-1.9774e+02	1.4009e+02	4.0308e+01	2.1836e+02	2.6824e+02	6.9548e+02	-6.6971e+02	-6.1106e+02	-6.7495e+02	4.9394e+02	-2.5874e+02	-1.0429e+02	7.3795e+02	-5.1380e+02	2.7476e+02	8.1019e+01	1.0410e+03	1.6581e+02	5.0204e+02	-3.2437e+02	-8.3003e+01	-3.7009e+02	-8.6374e+02	-6.9998e+01	-5.8067e+02	-1.7493e+02	-1.5123e+02	-1.2298e+03	1.1137e+03	-4.6083e+02	9.7236e+02	2.5307e+02	9.1701e+02	5.1184e+02	-1.8560e+02	5.4281e+02	-2.1543e+02	-1.0991e+03	-2.2823e+02	1.4326e+02	9.4441e+02	6.8994e+02	-3.6827e+02	1.2572e+03	-2.0548e+02	-1.1838e+03	1.2824e+02	-2.0220e+02	2.3276e+02	-1.4918e+03	2.8757e+01	1.4785e+03	2.1397e+02	-6.8345e+02	3.9285e+02	-4.5788e+02	3.8760e+02	2.0073e+02	-2.6027e+02	1.1544e+03	3.2394e+02	1.0368e+03	8.2908e+02	3.0872e+01	6.4258e+02	1.2269e+03	-5.0970e+02	-9.2957e+02	1.8438e+02	5.1326e+02	4.7774e+02	-5.9201e+02	-9.2998e+02	-3.2788e+01	1.0512e+02	5.9767e+02	7.9798e+02	4.3520e+01	-7.6292e+01	7.0511e+02	-3.3079e+02	-3.0051e+01	-6.1018e+02	-4.0346e+01	-8.6835e+02	4.6764e+01	-6.1540e+01	8.7157e+01	6.3184e+02	-9.0492e+02	4.8014e+01	2.9243e+02	5.5719e+02	2.7447e+02	-2.8764e+02	-1.5595e+02	-3.0325e+02	-1.1612e+01	8.8388e+01	3.4868e+02	-1.0652e+03	4.6630e+01	-1.2000e+03	-1.2092e+02	1.1461e+03	-6.1953e+02	8.8140e+02	2.0653e+02	-5.4153e+02	9.0069e+02	-6.0818e+02	3.8387e+02	6.8257e+02	1.4094e+02	-7.6472e+02	-5.1212e+02	-1.0785e+03	1.2162e+02	-6.0662e+02	1.3127e+02	7.4229e+02	7.7492e+02	1.1182e+03	-6.1092e+02	7.7957e+01	-8.1852e+02	-9.4853e+02	-5.3511e+02	-4.0364e+02	-2.1549e+02	-3.4507e+02	-5.4210e+02	-5.2124e+01	6.3997e+02	8.3407e+02
6.0000e+04	4.9814e+02	-7.6811e+02	8.7267e+02	-4.9841e+02	8.9766e+01	1.4561e+03	5.4727e+02	6.7398e+02	3.1899e+02	-7.6222e+02	3.4388e+02	1.8182e+03	-3.1194e+02	3.2212e+01	-7.5434e+02	1.6967e+03	1.3124e+02	-1.0467e+03	5.1641e+02	-1.8257e+02	9.0392e+02	-1.5558e+03	-3.2875e+02	-4.2569e+02	-9.9855e+02	5.7428e+02	1.6207e+03	-1.1875e+03	1.3577e+03	1.3511e+03	4.4318e+02	7.2127e+02	-6.4948e+02	-3.7874e+02	9.4637e+02	-3.8075e+02	-1.2256e+03	2.5134e+02	6.3207e+02	1.6979e+03	-3.9290e+02	1.1825e+03	5.2265e+02	-4.3000e+02	-5.6828e+01	1.0824e+03	-1.6554e+02	3.0807e+02	-1.7092e+02	-2.0025e+03	-5.0463e+02	-8.2083e+02	2.6333e+01	1.4061e+03	-9.6478e+02	1.1995e+03	1.6051e+03	-1.0750e+03	1.0254e+03	1.1680e+02	3.1490e+02	-7.9938e+02	-1.9588e+02	2.6176e+01	6.2372e+02	-7.9391e+02	5.1869e+02	2.6177e+02	-7.0400e+02	1.2222e+03	-6.1316e+02	-2.0955e+02	-9.4288e+02	-1.4954e+02	2.3597e+03	-1.0999e+03	1.0685e+03	2.3691e+02	-2.0877e+03	3.1502e+02	-9.3276e+02	-6.8625e+02	-1.1288e+03	1.0828e+02	1.0965e+03	9.8985e+02	-1.7576e+03	-1.2827e+03	1.6288e+01	-2.2922e+03	1.0764e+03	-4.6012e+02	7.5647e+02	3.1900e+02	9.0764e+02	-1.2294e+03	3.7653e+01	3.4323e+02	-1.2801e+03	6.8660e+02	-5.7468e+01	1.5356e+02	1.0529e+03	-1.3696e+03	7.7085e+02	1.8240e+03	-5.0247e+02	-1.9247e+03	1.0660e+03	-9.0327e+02	-4.9588e+02	-5.4299e+02	-1.2984e+03	-4.0750e+02	3.7576e+02	1.9697e+02	-1.7444e+03	-1.0508e+03	-1.4880e+03	4.7816e+02	-2.4319e+02	-2.8884e+02	-4.5545e+02	-5.9968e+01	-2.0100e+03	5.5301e+02	-1.5321e+03	1.0503e+02	-2.5118e+02	7.1449e+01	1.4039e+03	-1.0098e+03	4.0943e+02	8.3263e+02	-8.3739e+02	-1.4392e+01	2.6608e+03	1.3820e+03	-1.8974e+02	-1.2182e+02	3.4053e+02	-9.3022e+02	1.7285e+03	9.2925e+02	-9.8626e+02	-1.2130e+03	-1.8612e+03	4.7009e+02	-2.6649e+02	4.0608e+02	2.4110e+02	-2.9436e+03	5.0023e+02	1.1757e+03	7.0228e+02	-1.8151e+02	5.0746e+01	1.4803e+03	-2.3434e+03	3.6578e+02	3.8127e+02	1.0981e+02	1.7031e+03	5.0528e+02	-1.1241e+03	-1.0583e+03	9.6848e+02	6.8153e+02	9.3574e+02	1.5938e+02	5.1723e+02	-2.0627e+02	2.8660e+02	-1.2545e+03	-1.0465e+02	-7.4405e+02	1.6223e+03	4.1596e+01	1.3163e+02	-2.0240e+02	-1.8459e+02	-4.4452e+01	3.4706e+02	1.0665e+03	1.2549e+03	-1.1490e+03	-1.0049e+02	-4.3838e+02	1.0033e+03	-3.4897e+01	-6.9118e-01	1.7588e+03	-7.2144e+02	1.3989e+03	2.4527e+02	5.9542e+02	-1.3321e+03	-9.4435e+02	-6.1096e+02	-6.5013e+02
8.0000e+04	-4.8926e+02	-7.2327e+02	1.9062e+01	2.6243e+02	7.3422e+02	9.8109e+01	-2.1601e+02	-8.3864e+02	-4.6564e+02	-3.3939e+02	1.0452e+03	6.4427e+02	-9.8839e+02	-1.5352e+02	1.0694e+03	-7.2722e+02	-6.1662e+02	6.6829e+02	-1.2470e+02	-6.0271e+02	1.5517e+03	1.0334e+03	-2.9905e+02	-1.5647e+02	4.4530e+02	7.1547e+02	1.2098e+03	-6.4310e+01	-5.1226e+02	-1.2995e+03	4.2079e+02	-3.8311e+02	-3.4302e+02	-4.3247e+02	-8.0977e+01	-1.3589e+03	6.6238e+02	-1.7041e+02	-4.5204e+02	-7.5553e+02	-8.8065e+02	-3.0468e+02	5.4364e+02	-8.9958e+02	5.7029e+02	-2.4361e+02	-3.3855e+02	8.3580e+02	9.2288e+02	-6.9300e+02	-1.7927e+02	-3.1171e+02	1.7142e+02	-2.7281e+02	9.9625e+01	-2.3856e+02	-4.7354e+02	-1.8591e+03	8.7519e+02	2.9539e+02	9.0203e+02	-5.5307e+02	-6.4145e+02	-2.4812e+02	-4.5695e+02	2.1535e+02	-3.8371e+01	1.8004e+02	5.0522e+02	4.7289e+02	9.4300e+02	-8.2893e+02	-5.7212e+02	-8.2060e+02	1.3745e+02	3.2650e+00	2.8951e+02	4.0403e+02	-1.1152e+03	-2.2300e+02	-3.7811e+01	2.0154e+03	2.3584e+02	6.1054e+02	3.6266e+02	2.6280e+02	-8.0267e+02	-1.0809e+03	4.5141e+01	-8.9137e+02	-6.6021e+02	-8.4601e+02	-1.5122e+03	9.5130e+02	-6.7084e+02	1.1756e+03	7.1961e+02	4.0064e+02	4.6913e+02	-3.6481e+02	1.0997e+03	1.0772e+02	-1.4772e+03	-4.1291e+02	2.2457e+01	8.7960e+02	5.8429e+02	-4.9919e+02	1.3697e+03	-3.7344e+01	-1.5841e+03	2.7990e+02	3.1572e+01	5.7353e+02	-1.8309e+03	4.8249e+02	2.2326e+03	3.2620e+02	-1.5549e+02	4.4264e+02	-7.8739e+01	-2.2909e+02	6.2611e+02	-2.0129e+02	7.2861e+02	4.2379e+02	2.5281e+02	8.6806e+02	6.6106e+02	1.0792e+03	2.0514e+03	-4.8514e+02	-1.1914e+03	-2.7308e+00	7.7924e+02	5.3692e+02	-1.2631e+03	-8.4836e+02	1.6828e+02	-1.1186e+02	3.2925e+02	9.5768e+02	-3.0433e+02	-1.5486e+02	1.2504e+03	-3.7238e+02	-9.7362e+01	-9.2153e+02	2.1017e+02	-4.7472e+02	-2.1946e+02	1.3365e+02	3.0072e+02	9.4057e+02	-1.1698e+03	-4.4249e+02	1.8386e+02	1.0397e+03	7.3195e+02	-2.8673e+01	-5.4290e+02	-4.3206e+02	-2.7085e+02	4.0528e+02	7.3230e+02	-7.3424e+02	2.8578e+02	-1.0688e+03	-5.0355e+02	7.3964e+02	-1.9320e+02	6.4246e+02	1.9769e+02	-7.8643e+02	1.1806e+03	-1.2080e+03	1.9502e+02	5.0237e+02	5.2998e+02	-9.3046e+02	-3.9172e+02	-1.2872e+03	2.3364e+02	-5.2626e+02	4.8444e+02	7.5690e+02	7.0392e+01	1.0380e+03	-4.6321e+02	1.7929e+02	-6.4713e+02	-1.0458e+03	-3.4521e+02	-1.5869e+02	-4.3413e+01	-5.4693e+02	-1.0728e+03	-4.4682e+02	1.0844e+03	5.3005e+02
8.0000e+04	7.0282e+01	-1.2981e+03	1.5591e+03	-2.2667e+02	9.9255e+02	1.2118e+03	1.1538e+03	4.7970e+02	9.5841e+02	-1.5910e+03	2.1572e+02	1.7200e+03	8.4188e+02	-1.0906e+03	-1.1105e+03	9.9012e+02	3.8389e+01	-1.2937e+03	6.6852e+02	1.3956e+02	1.4716e+03	-1.7990e+03	-9.8121e+02	-8.3907e+01	3.6590e+01	1.0766e+03	1.0604e+03	-9.4758e+02	1.9167e+03	1.4095e+03	9.0214e+02	4.7366e+02	-5.5566e+02	-4.7853e+02	7.5323e+02	-1.8897e+02	-1.0343e+03	5.3222e+02	1.4348e+03	7.4754e+02	-3.7765e+02	1.0364e+03	6.0941e+02	-8.5654e+02	8.5614e+02	9.8814e+02	1.7349e+02	4.1112e+02	3.4775e+02	-1.9817e+03	-1.4609e+02	-3.0914e+02	4.5897e+02	1.4005e+03	-6.2208e+02	1.0561e+03	2.7239e+03	-5.9850e+02	4.3310e+02	4.0418e+02	3.0871e+02	-7.6926e+02	3.5756e+02	5.9787e+02	1.0501e+03	-1.7812e+03	5.1480e+02	-5.3153e+02	-7.7427e+02	1.2068e+03	-1.3469e+03	-4.3662e+02	-2.3796e+02	7.4992e+02	2.8459e+03	-1.1005e+03	1.8882e+03	4.3955e+02	-2.4219e+03	8.0724e+02	-7.7947e+01	-1.4075e+03	-4.0916e+02	7.6047e+01	2.0202e+03	5.4718e+02	-2.5557e+03	-1.3210e+03	-1.0998e+03	-1.9999e+03	1.2860e+03	-1.4766e+03	1.5803e+03	2.8413e+01	1.1562e+03	2.7513e+01	8.0104e+02	-4.7021e+02	-1.2029e+03	5.0067e+02	-2.5676e+02	4.1739e+02	1.2184e+03	-1.1598e+03	9.4850e+02	2.6853e+03	1.2362e+02	-2.3904e+03	1.3809e+03	-1.0156e+03	-8.8289e+02	-2.2272e+02	-1.4704e+03	-4.2294e+02	-1.7026e+02	7.4862e+02	-1.5203e+03	-1.0920e+03	-7.8338e+02	-4.3291e+02	-4.9788e+02	-4.2503e+02	-1.5743e+03	-3.4338e+02	-2.0190e+03	2.4675e+02	-1.5758e+03	-6.0082e+02	-1.1248e+03	3.4321e+02	1.1035e+03	2.3064e+02	9.2645e+02	2.2754e+03	-6.1243e+02	-4.4135e+02	2.9680e+03	3.7779e+02	-3.3784e+01	-9.7306e+02	-1.0840e+03	-1.5535e+03	1.4984e+03	1.2615e+03	-8.0327e+02	-5.6975e+02	-1.8091e+03	7.3497e+02	-1.5738e+02	1.9186e+02	-7.7940e+02	-2.4252e+03	-5.3807e+02	7.4340e+02	1.4919e+03	-2.4699e+02	-7.3198e+02	6.0026e+02	-2.1459e+03	2.2745e+02	1.3415e+03	1.0468e+03	1.2978e+03	1.0512e+03	-2.1970e+03	-5.9062e+02	9.6907e+02	7.1055e+01	1.0190e+03	1.6431e+01	3.6103e+02	-6.8205e+02	4.1522e+02	-4.2322e+02	3.1011e+02	-1.1331e+03	2.3614e+03	-3.1971e+02	-2.2343e+02	-4.7926e+02	4.4916e+02	5.0798e+02	-7.2857e+02	2.0263e+03	1.7915e+03	-7.4458e+02	-3.2096e+02	-1.7555e+03	1.9382e+02	3.2162e+02	-9.1127e+02	1.7371e+03	-2.4702e+02	3.1054e+02	-1.4934e+02	9.9944e+02	-1.2205e+03	-7.5958e+02	2.0664e+02	-1.1459e+02
1.0000e+05	1.6013e+01	-7.2059e+02	6.7154e+02	1.1945e+02	9.5658e+02	1.1357e+02	-9.1213e+02	-1.3777e+03	-8.9007e+02	-2.6795e+02	9.1728e+02	4.5686e+02	-7.1539e+02	-7.3195e+02	7.5972e+02	-2.9818e+02	-3.3795e+02	6.3115e+02	-2.1866e+01	-1.2419e+03	1.3230e+03	4.1925e+02	-4.6275e+02	-1.1118e+02	4.2435e+02	6.6581e+00	1.1741e+03	2.2697e+02	-3.1245e+02	-1.7708e+03	-4.2472e+01	-1.2171e+03	-4.8624e+02	-3.2787e+02	3.4719e+02	-1.6903e+03	7.7267e+02	2.1430e+02	-7.6131e+02	-4.3114e+02	-1.2257e+03	-3.0295e+02	9.1232e+02	-9.2965e+02	5.1851e+02	3.1121e+02	1.6076e+01	1.2342e+03	1.1323e+03	-1.5491e+01	-3.1218e+02	-4.8011e+02	8.5789e+01	-4.8312e+02	4.7867e+02	-4.8936e+02	-8.2845e+02	-2.3314e+03	1.0313e+03	2.5116e+02	7.3630e+02	-9.6795e+02	-4.9527e+02	9.6143e+01	2.9888e+02	6.6785e+02	3.0182e+02	-2.5980e+02	4.4230e+02	-2.8551e+02	1.0720e+03	-8.0564e+02	-4.4750e+02	-1.1864e+03	-2.6843e+02	-2.1760e+02	2.7677e+02	9.3003e+01	-4.5419e+02	-1.8640e+02	-2.4091e+01	1.9202e+03	8.0077e+02	6.1387e+02	6.6085e+02	6.4796e+02	-7.3015e+02	-1.3765e+03	8.1453e+02	-1.4813e+03	-1.2448e+03	-1.3436e+03	-1.7850e+03	1.2338e+03	-8.7998e+02	1.2517e+03	1.3095e+03	4.4344e+02	1.4472e+03	-2.8078e+02	7.0659e+02	1.3893e+02	-1.0787e+03	-3.5258e+01	2.3366e+02	8.6503e+02	8.2638e+02	-4.1819e+02	1.5622e+03	5.4655e+01	-1.4568e+03	9.8192e+01	3.4810e+02	-1.4784e+02	-2.0758e+03	6.0972e+02	1.9233e+03	1.1073e+03	2.7240e+02	2.0350e+02	-4.3698e+02	-5.0418e+02	6.5981e+02	-6.3546e+02	9.3650e+02	-3.1338e+02	4.0899e+02	5.9943e+02	8.3934e+02	3.5957e+02	2.2880e+03	-4.2040e+02	-1.8886e+03	-4.4860e+02	8.1809e+02	5.6040e+02	-1.2925e+03	-7.9696e+02	-5.3054e+01	3.0550e+02	1.9834e+02	1.7982e+03	1.0377e+02	-2.1723e+02	9.7435e+02	-9.8482e+01	-5.9911e+02	-7.7524e+02	-3.3491e+02	-4.0178e+01	3.5147e+02	1.1695e+02	2.4169e+02	5.1611e+02	-1.9092e+03	-8.6663e+02	7.5215e+02	1.5010e+03	1.2537e+03	-2.9054e+02	7.9303e+01	-9.3873e+02	-4.1026e+02	9.4474e+02	-3.7735e+01	-8.9322e+02	4.9883e+02	-9.4987e+02	-8.3368e+02	7.3657e+02	-2.4310e+02	5.2642e+02	7.7402e+02	-1.1648e+03	6.5490e+02	-2.0600e+03	-5.5964e+01	5.0884e+02	1.1954e+02	-6.9985e+02	-3.1965e+02	-1.4595e+03	2.5024e+02	-5.7121e+01	5.2192e+02	4.1932e+02	-2.7634e+02	1.2330e+03	-6.7641e+02	1.7512e+02	-1.7129e+03	-1.4491e+03	-6.8650e+02	-2.7869e+02	-2.7099e+02	-6.4296e+02	-8.2610e+02	-6.0563e+02	8.1602e+02	1.0033e+03
1.0000e+05	4.4799e+02	-1.5628e+03	1.7035e+03	1.8978e+02	9.0909e+02	1.5593e+03	1.7371e+03	9.3859e+02	1.0834e+03	-1.7913e+03	2.7279e+02	1.3848e+03	3.5668e+02	-8.6046e+02	-1.7671e+03	-1.8409e+00	-2.4614e+02	-1.3268e+03	6.3876e+02	7.1445e+02	1.8465e+03	-5.7345e+02	-1.4778e+03	-6.5941e+02	-2.0620e+02	1.0502e+03	1.3934e+03	-7.5039e+00	2.2922e+03	1.6866e+03	5.1149e+02	1.2194e+02	-7.5377e+02	5.5865e+02	1.1455e+03	-1.2020e+03	-1.2683e+03	-8.3187e+02	6.2691e+02	9.1836e+02	1.7522e+02	1.1743e+03	-1.3496e+02	-9.7757e+02	5.1732e+02	3.6449e+02	-6.0726e+02	2.2569e+02	-7.5546e+02	-2.1799e+03	4.2571e+02	-6.4406e+02	1.9385e+01	1.2230e+03	-9.2162e+02	1.0999e+03	3.4433e+03	-1.6932e+02	5.9162e+02	1.4636e+02	7.7328e+01	-7.9573e+02	-1.3370e+03	1.8689e+03	1.7822e+03	-1.4556e+03	1.1795e+03	-6.8520e+02	-1.0282e+03	1.2821e+03	-1.6353e+03	-8.1912e+02	4.0145e+02	2.0903e+03	3.1973e+03	-8.5512e+02	2.1288e+03	5.0398e+02	-2.0754e+03	1.2771e+03	1.6310e+02	-1.5731e+03	-4.9101e+02	6.5924e+02	2.2285e+03	1.4170e+03	-2.5838e+03	-8.4971e+02	-1.2266e+03	-1.5301e+03	1.7617e+03	-1.6704e+03	1.1362e+03	-9.9200e+02	9.2075e+02	8.8922e+02	8.0444e+02	-1.2808e+03	-9.7324e+02	-1.1798e+02	1.9153e+02	6.6494e+01	1.8902e+02	-1.3997e+03	1.1210e+03	2.9401e+03	2.9579e+02	-2.1420e+03	1.3744e+03	-8.8826e+02	-1.2539e+03	1.7490e+02	-1.2572e+03	-4.0757e+01	5.6923e+02	1.0055e+03	-1.2667e+03	-1.0211e+03	-1.4769e+03	1.1278e+02	-3.2798e+02	-6.8956e+02	-1.1625e+03	-4.0957e+02	-1.6524e+03	1.2105e+03	-1.4445e+03	-1.7295e+02	-1.1334e+03	7.8558e+02	1.6563e+03	1.2310e+03	4.4105e+02	2.3537e+03	-3.6808e+02	-1.1544e+03	3.7383e+03	2.1238e+02	7.6151e+02	-5.8143e+02	-9.5237e+02	-1.9089e+03	1.1968e+03	5.9229e+02	-4.6694e+02	-4.7666e+02	-9.6635e+02	6.1611e+02	-4.7156e+02	1.4585e+03	-4.3709e+02	-3.2890e+03	-9.9779e+02	1.1545e+02	1.3215e+03	-1.5653e+02	-1.4482e+03	6.4164e+02	-1.7456e+03	7.0096e+02	1.6682e+03	1.2552e+03	2.3327e+03	6.4179e+02	-2.9421e+03	2.3068e+02	1.2554e+03	-1.0218e+02	1.0418e+03	-9.5384e+02	9.7571e+02	-1.3636e+03	-9.2720e+02	2.0635e+02	-9.7121e+01	-1.1180e+03	2.0559e+03	-5.5999e+02	4.5341e+02	-1.0188e+03	1.0308e+03	-2.6264e+02	-1.6511e+02	2.3242e+03	1.7156e+03	-7.5275e+02	-8.4191e+02	-2.0204e+03	-2.3833e+02	1.1185e+03	-1.9408e+03	1.3908e+03	3.4743e+02	4.7600e+02	4.0856e+02	1.5230e+02	-1.2145e+03	-2.1774e+02	5.4113e+02	-8.3757e+02
1.2000e+05	-5.1272e+02	-4.5806e+02	1.1408e+03	-4.2351e+01	7.1240e+02	-4.0701e+02	-6.8604e+02	-1.6901e+03	-8.7494e+02	-4.2779e+02	6.2733e+02	4.3820e+02	-1.4507e+03	-2.5958e+02	5.5677e+02	-5.6395e+02	-7.3865e+02	1.5475e+03	8.5890e+02	-1.2989e+03	9.6719e+02	7.0202e+02	-9.3936e+02	-5.1741e+00	7.4433e+02	-5.7261e+02	1.1857e+03	3.5297e+02	-8.8562e+02	-2.1819e+03	5.2890e+01	-9.0821e+02	-9.2467e+02	-4.0888e+02	9.4541e+02	-1.2598e+03	9.8129e+02	-1.6871e+01	-5.5227e+02	-7.5051e+02	-1.2186e+03	-2.0503e+02	6.2202e+02	-6.3767e+02	1.0160e+02	-1.9810e+02	4.5713e+02	1.5098e+03	8.2129e+02	-8.3835e+01	-1.0911e+03	-6.5743e+02	-1.3978e+02	1.2310e+02	3.9912e+02	-8.5957e+02	-4.4953e+02	-2.3809e+03	1.0985e+03	-4.2694e+02	6.8583e+02	-8.1946e+02	-7.9850e+02	-1.6900e+02	4.0261e+02	3.6010e+02	8.8171e+02	-5.6363e+02	3.8346e+02	4.0041e+02	1.4768e+03	-1.2886e+03	-2.7915e+02	-9.0063e+02	-2.6682e+02	2.7607e+02	1.0078e+03	6.1458e+02	-3.6323e+02	-2.4118e+01	-3.5947e+02	2.0047e+03	8.2933e+02	7.5343e+02	1.0297e+03	4.2314e+02	-7.8576e+02	-1.3346e+03	6.3377e+02	-1.8337e+03	-1.1150e+03	-1.8271e+03	-1.7152e+03	1.2538e+03	-6.3497e+02	1.7284e+03	1.2616e+03	1.5415e+01	1.9077e+03	-1.5169e+02	9.1480e+02	-6.0909e+01	-1.1452e+03	-3.2686e+02	5.7277e+02	7.8776e+02	4.3645e+02	-4.6952e+02	1.8912e+03	4.2828e+02	-1.5458e+03	4.0500e+02	1.5985e+02	-3.1776e+01	-1.7269e+03	6.7936e+02	2.1188e+03	1.3318e+03	1.2661e+03	2.0135e+02	-1.4987e+03	-4.1474e+02	1.0096e+03	-9.6610e+02	1.4602e+03	-6.6098e+02	4.6818e+02	1.0326e+02	8.6274e+02	3.2615e+02	2.1653e+03	-5.7535e+02	-2.0740e+03	-7.3777e+02	1.2375e+03	1.2314e+03	-1.2783e+03	-8.3557e+02	-3.4505e+02	3.0164e+02	1.8294e+02	1.6900e+03	2.2866e+02	8.9962e+01	1.5559e+03	6.8603e+01	-1.3048e+03	-1.4470e+03	6.4897e+02	6.1958e+02	-3.1580e+02	4.7508e+02	5.5679e+02	6.8338e+02	-1.5256e+03	-7.5583e+02	1.3428e+03	1.1252e+03	1.6990e+03	-1.8346e+02	-7.6168e+02	-8.1695e+02	-1.0975e+03	1.5828e+03	8.4204e+02	-6.6201e+02	5.6419e+02	-6.8318e+02	-6.5003e+02	5.5295e+02	-4.5420e+02	5.1595e+02	1.3576e+03	-1.0370e+03	8.4126e+02	-2.5123e+03	-6.6988e+02	3.6558e+02	-7.0863e+01	-8.2332e+02	-1.5609e+02	-1.3890e+03	3.6777e+02	-4.4497e+00	6.6441e+02	4.9981e+02	-2.5297e+02	1.1005e+03	-1.0788e+03	-2.5997e+02	-2.0956e+03	-1.0316e+03	-4.2301e+01	-9.4511e+01	-6.7842e+02	-9.4171e+01	-8.3045e+02	-3.4611e+02	4.7515e+02	1.2208e+03
1.2000e+05	1.6226e+03	-1.1807e+03	1.5946e+03	-1.5476e+02	8.2767e+02	1.1413e+03	1.5946e+03	6.8005e+02	4.6559e+02	-2.3647e+03	2.4885e+02	2.1053e+03	6.4967e+01	-9.1548e+02	-2.3261e+03	-5.6171e+02	2.1830e+02	-8.4186e+02	1.2165e+03	-9.4101e+01	1.5549e+03	-9.1447e+02	-1.4124e+03	2.5942e+02	3.4728e+02	1.6482e+03	2.1735e+03	-9.7379e+02	1.8036e+03	1.1554e+03	8.3791e+02	-3.5788e+02	-1.1618e+03	-8.9147e+01	1.8014e+03	-7.8871e+02	-1.0920e+03	-6.4190e+02	2.0078e+03	1.5075e+03	-5.1195e+02	3.6061e+02	5.8082e+02	-1.7309e+03	2.7109e+02	3.5363e+02	-1.1494e+03	9.5161e+02	-2.6784e+02	-2.4788e+03	-2.8950e+02	-2.0912e+03	1.9737e+02	1.8639e+03	-1.6078e+03	1.7376e+03	3.3015e+03	1.0389e+02	4.5306e+02	6.3369e+02	5.7808e+02	-8.6685e+02	-1.0482e+03	1.7725e+03	2.5024e+03	-1.4105e+03	1.2528e+03	-5.4497e+02	-1.7332e+03	1.4906e+03	-1.6401e+03	6.0635e+01	1.6597e+03	1.1504e+03	3.2788e+03	-1.6297e+03	1.3524e+03	3.8332e+02	-1.1507e+03	-4.8768e+02	3.6829e+02	-1.5666e+03	-1.3537e+03	9.6217e+02	3.0508e+03	1.3121e+03	-2.4110e+03	-1.2215e+03	-1.8217e+03	-9.4068e+02	2.2279e+03	-1.8216e+03	1.5463e+03	-1.0151e+03	6.2150e+02	1.5789e+03	5.5729e+02	-3.4864e+02	-1.6220e+03	-3.3870e+02	1.4620e+03	1.0443e+01	4.1039e+02	-7.3623e+02	1.3883e+03	3.0586e+03	8.8939e+02	-1.4078e+03	2.2348e+03	-1.2097e+03	-3.5342e+01	-9.7455e+02	-1.7327e+03	-4.0187e+02	6.2053e+02	3.7968e+02	-7.9221e+02	-1.6068e+03	-1.6817e+03	7.2895e+01	1.0374e+03	2.1502e+02	-1.8424e+03	-7.3143e+02	-2.0094e+03	9.2884e+02	-1.3044e+03	1.8532e+01	-1.3120e+03	8.5964e+02	4.5026e+02	2.2304e+03	-4.0814e+02	2.0341e+03	-1.1929e+03	-1.4210e+02	4.4033e+03	-8.2696e+02	1.5011e+03	-8.7340e+02	-1.1367e+03	-2.0840e+03	4.0955e+02	4.7385e+02	2.6571e+02	-6.7287e+02	-6.2942e+02	1.1179e+03	-6.1051e+02	3.1494e+03	-1.0153e+03	-3.4473e+03	7.2623e+01	2.8888e+01	8.1020e+02	-7.6666e+02	-1.4281e+03	1.4640e+03	-1.6413e+03	6.9136e+02	2.0686e+03	1.1535e+03	2.5599e+03	8.1938e+02	-4.2665e+03	6.0549e+02	9.6664e+02	9.4098e+02	1.3214e+03	-6.3058e+02	1.1975e+03	-5.5672e+02	-8.3279e+02	5.2788e+02	-8.9677e+02	-7.9991e+02	2.9015e+03	-4.4195e+02	-1.3538e+02	-1.9721e+03	7.8355e+02	-3.9132e+02	3.9367e+02	1.4202e+03	2.0891e+03	-6.2603e+02	-8.7751e+02	-2.8403e+03	-5.7478e+02	1.0106e+03	-2.5695e+03	2.0603e+03	1.0423e+03	1.1593e+03	1.9341e+02	-3.8548e+02	-1.3815e+03	-3.6782e+02	5.9702e+02	-2.5447e+03
1.4000e+05	-1.3177e+02	-4.9284e+02	1.5805e+03	-6.7584e+02	7.9950e+02	-4.8327e+02	-7.7948e+02	-1.6197e+03	2.6160e+01	-1.0975e+03	9.2612e+02	4.7692e+02	-1.9943e+03	-6.0839e+02	3.8720e+02	-4.5265e+02	-3.8305e+02	2.0422e+03	1.0342e+03	-1.5040e+03	1.1193e+03	8.8497e+02	-7.9566e+02	-2.1734e+02	1.4233e+03	-3.7042e+02	1.2611e+03	5.3193e+02	-1.1547e+03	-2.2222e+03	2.2289e+02	-1.2144e+03	2.7291e+00	4.6139e+02	6.1702e+02	-9.7213e+02	1.2161e+03	-4.1374e+02	-5.6144e+02	-7.5193e+02	-1.5766e+03	-9.9838e+02	4.0623e+02	-5.1035e+02	9.7039e+02	-1.1325e+02	2.6781e+01	1.6048e+03	3.0670e+02	3.2505e+02	-4.7735e+02	-7.9638e+02	1.8969e+01	7.1188e+02	-5.5395e+02	-1.6878e+02	-7.4596e+02	-2.5702e+03	1.2151e+03	-9.2169e+02	6.9449e+02	-1.3304e+03	-3.9045e+02	-1.1363e+02	3.9990e+02	2.6138e+01	6.1893e+02	-4.3684e+01	-1.5717e+02	2.1917e+02	1.3968e+03	-1.6115e+03	1.1570e+01	-7.9725e+02	1.2695e+02	4.5766e+02	8.4126e+02	5.3611e+02	-1.6650e+02	2.5149e+02	2.7681e+02	1.9546e+03	9.6111e+02	9.6893e+02	1.1403e+03	-1.7279e+02	-1.4141e+03	-1.2017e+03	3.7064e+02	-1.4043e+03	-1.0985e+03	-2.0395e+03	-1.7330e+03	1.1158e+03	-6.7844e+02	1.5655e+03	1.2740e+03	-3.0042e+02	1.8082e+03	3.4418e+01	1.1812e+03	4.7659e+02	-1.8099e+03	-4.4026e+02	2.8917e+02	1.2118e+03	6.2412e+02	-4.5880e+02	1.6126e+03	6.9612e+02	-1.5745e+03	2.5843e+02	-1.8763e+02	-5.6006e+01	-9.5595e+02	1.5712e+02	1.5467e+03	1.9352e+03	1.2506e+03	1.7310e+02	-1.4843e+03	-5.9662e+02	8.4316e+02	-6.9915e+02	1.2589e+03	-9.2075e+01	9.8781e+02	3.8619e+02	4.2302e+02	8.9919e+02	2.0090e+03	-9.2966e+02	-2.1688e+03	-1.0320e+03	9.7854e+02	1.0684e+03	-1.0393e+03	-8.4843e+02	-7.6107e+02	4.9543e+02	-1.2124e+02	1.7567e+03	-2.4158e+01	1.0984e+02	2.2013e+03	-6.6397e+02	-1.1326e+03	-1.6936e+03	3.7508e+02	8.8099e+02	-1.0984e+03	9.1360e+01	6.0485e+02	4.8070e+02	-9.1321e+02	-6.9717e+02	1.4329e+03	1.6923e+03	2.2524e+03	-5.4246e+02	-4.6643e+02	1.1294e+02	-4.7099e+02	1.1203e+03	1.0685e+03	-2.2300e+02	6.0043e+01	-9.5861e+02	-6.9698e+02	2.2605e+02	-8.5962e+02	3.3054e+02	5.7133e+02	-1.1201e+03	7.6424e+02	-3.4816e+03	-7.1085e+02	4.9502e+02	-5.1798e+02	-1.4524e+03	-3.6062e+01	-1.1989e+03	7.2564e+01	2.8710e+02	1.0372e+03	7.2749e+02	4.4569e+01	1.0805e+03	-7.7892e+02	-4.2082e+02	-2.2268e+03	-7.0202e+02	-6.1851e+01	-1.6177e+02	-1.6291e+03	-4.0864e+02	-3.9134e+02	-9.7951e+01	3.9767e+02	1.7451e+03
1.4000e+05	1.8470e+03	-7.6419e+02	2.0725e+03	-8.7200e+02	4.4050e+02	1.9609e+03	1.8430e+03	7.1740e+02	2.7162e+01	-1.4344e+03	1.8243e+02	2.2622e+03	1.2743e+03	-4.9116e+02	-2.9647e+03	-3.1098e+02	8.7654e+02	-8.6324e+02	1.1854e+03	-3.3347e+02	6.3795e+02	-1.3142e+03	-1.5760e+03	8.3433e+01	8.9027e+02	2.4044e+03	3.0752e+03	-7.3691e+02	5.8341e+02	7.2804e+02	5.3547e+02	-9.8250e+02	-7.7131e+02	7.9237e+02	2.4072e+03	-1.4249e+03	-1.1094e+03	-6.0882e+02	2.5028e+03	1.3156e+03	-2.8288e+02	8.2074e+02	1.3934e+03	-1.8814e+03	2.8240e+02	1.0285e+03	-1.2602e+03	1.0821e+02	-3.0091e+02	-1.5164e+03	-6.0374e+02	-2.1937e+03	1.7447e+02	1.9615e+03	-1.0217e+03	1.9633e+03	2.3114e+03	-1.1496e+02	6.6450e+02	3.5407e+01	8.9002e+02	-8.5163e+02	-2.5638e+03	1.9928e+03	2.3666e+03	-2.3542e+03	1.0499e+03	-5.6003e+02	-2.1387e+03	1.9212e+03	-1.7422e+03	7.9329e+02	1.8986e+03	9.6354e+02	2.9283e+03	-1.7998e+03	1.0019e+03	-5.3277e+01	-1.1134e+03	-4.3237e+02	8.4650e+02	-2.0345e+03	-1.0331e+03	1.6541e+03	2.3571e+03	1.4209e+03	-2.3841e+03	-1.4979e+03	-1.7948e+03	-1.2555e+03	2.3186e+03	-2.1232e+03	1.3272e+03	-3.6531e+02	8.0607e+02	2.4297e+03	1.1970e+03	2.0418e+02	-1.6665e+03	-9.0857e+02	2.1655e+03	-4.4419e+02	9.7769e+02	-2.8984e+03	2.3161e+03	4.0009e+03	2.1282e+02	-2.1569e+03	2.2803e+03	-1.4725e+03	7.5621e+02	-1.2793e+03	-2.3132e+03	-3.6616e+02	1.1135e+03	4.3770e+02	-9.1575e+02	-1.8968e+03	-2.2016e+03	2.9997e+02	9.3240e+02	-5.4807e+02	-7.0990e+02	-1.1667e+03	-1.4180e+03	1.2993e+03	-5.6666e+02	-3.4454e+02	-1.8462e+03	1.3867e+03	1.4429e+02	2.2675e+03	-2.3478e+02	2.3392e+03	-1.4154e+03	-3.8816e+01	4.3679e+03	8.5030e+01	2.0143e+03	-1.2554e+03	-8.7268e+02	-2.1008e+03	1.2358e+03	8.8195e+02	-6.1075e+02	3.4402e+02	-1.6141e+02	2.0525e+03	-1.2117e+03	3.3937e+03	-1.3774e+03	-2.9921e+03	-2.4683e+02	7.3418e+01	-1.2597e+02	-1.0395e+03	-1.5559e+03	1.3620e+03	-1.4031e+03	2.9557e+02	1.6695e+03	1.1536e+03	3.8723e+03	6.6702e+02	-4.8144e+03	5.4125e+02	3.9893e+02	8.5333e+02	9.3095e+02	-1.4113e+03	6.4521e+02	-1.8263e+03	-7.0374e+02	3.0047e+02	-6.2771e+02	-8.5135e+02	2.9913e+03	-1.0302e+03	-8.6327e+02	-1.7343e+03	7.9601e+02	6.5235e+02	6.9131e+02	1.9151e+03	2.1794e+03	-3.7336e+02	-1.3091e+03	-3.6248e+03	-8.4249e+02	2.4376e+03	-2.3813e+03	1.4599e+03	1.0041e+03	6.4557e+02	-8.4617e+02	-5.8560e+02	-1.5168e+03	1.5713e+01	1.1137e+03	-3.1851e+03
1.6000e+05	6.8069e+02	1.3836e+02	1.8224e+03	-3.1596e+02	1.0870e+03	-8.6505e+02	-1.0273e+03	-1.8839e+03	3.5902e+01	-1.0851e+03	8.4662e+02	5.9788e+02	-1.9480e+03	-3.4803e+02	1.3666e+02	-3.5818e+02	-2.8428e+02	2.4799e+03	1.1152e+03	-2.0647e+03	1.5642e+03	9.9147e+02	-3.8702e+02	5.2623e+02	1.1601e+03	-4.8779e+02	1.6071e+03	7.7000e+02	-7.8533e+02	-2.2429e+03	7.8962e+02	-1.3645e+03	3.3709e+02	6.4499e+02	7.4458e+02	-1.0976e+03	9.0090e+02	2.3856e+00	-1.3702e+02	-7.5389e+02	-1.2652e+03	-1.0221e+03	-1.9895e+01	-4.2582e+02	1.7660e+03	-2.5882e+01	6.4291e+01	1.4951e+03	2.5034e+02	7.1865e+02	-5.1629e+02	-3.1614e+02	-3.4571e+00	6.7811e+02	-3.4950e+02	4.0798e+02	-1.4467e+03	-2.0293e+03	1.0343e+03	-2.1916e+02	3.9841e+02	-1.2833e+03	-3.6981e+02	2.9550e+01	8.3221e+02	-6.0508e+01	5.0622e+02	-3.1191e+02	-6.0542e+02	-7.2093e+01	1.5633e+03	-1.6506e+03	3.5622e+01	-8.8202e+02	8.2634e+01	1.3468e+03	1.2408e+03	4.1903e+02	-1.3835e+02	9.4774e+02	9.8349e+02	2.0613e+03	8.8925e+02	9.0684e+02	1.2859e+03	2.3650e+02	-1.8504e+03	-1.0648e+03	-4.0292e+02	-1.6459e+03	-4.6546e+02	-2.1068e+03	-1.5335e+03	6.9886e+02	-9.1134e+02	1.4243e+03	1.1664e+03	-1.2745e+02	1.9429e+03	3.9215e+02	9.3630e+02	-1.0222e+02	-1.8595e+03	3.4897e+02	2.0287e+02	1.5932e+03	2.3757e+02	-2.3482e+02	1.6727e+03	3.9552e+02	-1.7367e+03	1.0253e+02	-6.1485e+02	-5.0769e+01	-8.8082e+02	-3.4144e+02	1.6775e+03	1.4599e+03	1.0752e+03	5.3465e+02	-1.6009e+03	4.9102e+01	8.4604e+02	-4.0936e+02	9.0299e+02	4.3857e+02	9.5389e+02	3.3061e+02	7.2449e+02	7.3890e+02	1.3021e+03	-1.3602e+03	-2.0372e+03	-1.5211e+03	1.2980e+03	1.3317e+03	-1.0681e+03	-9.9969e+02	-1.2613e+02	8.1417e+00	-3.6128e+02	8.9935e+02	3.6482e+02	3.0112e+01	1.8722e+03	-6.2672e+02	-1.2253e+03	-1.6965e+03	6.1173e+02	4.5699e+02	-1.3806e+03	5.9168e+02	7.0366e+02	2.2733e+02	-1.2511e+03	-4.3205e+02	1.2932e+03	1.8188e+03	1.9418e+03	-4.9791e+02	-5.9002e+02	8.4960e+00	-1.9195e+02	1.5007e+03	9.1839e+02	-2.0644e+02	5.9975e+02	-1.0961e+03	-2.8424e+02	6.5288e+02	-3.1170e+02	4.1429e+01	4.7997e+02	-1.6462e+03	5.1043e+02	-3.0044e+03	-6.5139e+02	4.3076e+02	-6.8155e+02	-1.3236e+03	-2.2887e+02	-1.1604e+03	2.2721e+02	-1.5111e+01	1.0321e+03	6.3065e+02	-2.4723e+02	1.5036e+03	-8.7306e+02	-4.7437e+01	-1.7089e+03	5.4022e+01	-1.1284e+02	-6.3902e+02	-1.6921e+03	-3.6827e+02	-2.5400e+02	-4.0331e+02	9.6739e+02	2.0922e+03
1.6000e+05	1.9221e+03	-3.9771e+02	2.7677e+03	1.0694e+02	6.3087e+02	1.4191e+03	2.6563e+03	6.8896e+02	6.7905e+02	-1.1589e+03	-8.9803e+02	1.4982e+03	1.5035e+02	-1.2038e+02	-1.6170e+03	-9.0000e+02	6.8871e+02	7.3386e+02	1.5812e+03	-6.4784e+02	1.0190e+03	-1.6106e+03	-6.1093e+02	5.3540e+02	5.1493e+02	2.1688e+03	2.7986e+03	-1.2512e+03	1.0303e+03	-2.8103e+02	5.4362e+02	-1.0978e+03	-1.7430e+03	6.5674e+02	1.4724e+03	-1.3725e+03	-1.0923e+03	-6.0988e+02	2.7774e+03	8.7929e+02	-2.9106e+02	-4.3651e+00	9.6942e+02	-2.3870e+03	-2.9719e+02	1.6167e+03	-1.5504e+03	-5.8166e+02	-3.6203e+02	-8.6496e+02	-5.7574e+02	-3.2262e+03	4.6762e+00	2.3094e+03	-1.5239e+03	2.1745e+03	1.2772e+03	1.1215e+02	2.9589e+02	3.4655e+02	1.2533e+03	-4.4357e+02	-3.5556e+03	2.3074e+03	2.5665e+03	-2.3138e+03	8.0008e+02	2.9154e+02	-2.1893e+03	1.3038e+03	-1.1067e+03	7.0175e+02	1.8231e+03	4.7379e+02	4.3612e+03	-2.2852e+03	5.5515e+02	-3.1387e+02	-1.4584e+03	4.1260e+02	1.9375e+01	-2.3183e+03	-7.5195e+02	1.4813e+03	2.9242e+03	9.1623e+02	-2.3577e+03	-1.6165e+03	-1.4183e+03	-7.6665e+02	3.1767e+03	-1.4747e+03	2.2260e+03	-3.2088e+02	-8.8158e+01	2.5121e+03	1.4329e+03	8.9409e+02	-2.3863e+03	-9.8339e+02	1.9734e+03	-7.1182e+02	2.6767e+02	-2.7084e+03	2.5019e+03	4.5229e+03	6.7791e+02	-3.0106e+03	2.2879e+03	-1.5248e+03	-6.8627e+02	-1.7460e+03	-2.2915e+03	-3.6721e+02	1.5962e+03	6.6918e+02	-7.9132e+02	-2.0754e+03	-2.0823e+03	1.4899e+03	2.0887e+03	-5.5174e+02	5.0532e+01	-1.6483e+03	-2.5864e+03	1.8142e+03	-4.9002e+02	-3.3935e+01	-1.6391e+03	2.0072e+03	4.6289e+02	2.4590e+03	-1.9227e+02	2.6636e+03	-1.4579e+03	7.0205e+01	4.0838e+03	5.9158e+02	1.9574e+03	-2.0905e+03	-6.6164e+02	-1.6950e+03	1.3956e+03	9.2985e+02	-1.8806e+02	2.1291e+02	-3.3169e+02	3.0508e+03	-8.6528e+02	2.4886e+03	-1.1979e+03	-2.4268e+03	7.6324e+02	-3.5999e+02	-1.2087e+02	-6.1815e+02	-2.9853e+03	7.5398e+02	-1.8332e+03	9.3299e+01	1.5250e+03	1.1242e+03	3.6897e+03	-4.7484e+02	-6.1819e+03	-3.1403e+02	-1.5852e+02	9.9325e+02	2.0556e+03	-7.0324e+02	1.4841e+03	-1.5874e+03	-1.3619e+03	1.7204e+03	-3.6857e+02	-1.0442e+03	1.9759e+03	-1.1563e+03	1.8736e+02	-2.7133e+03	1.0885e+03	4.3000e+00	1.1690e+03	1.9462e+03	1.3119e+03	-7.3667e+02	-1.0902e+03	-3.1917e+03	-6.9191e+02	3.4192e+03	-3.1343e+03	1.3497e+03	1.8706e+03	8.6181e+02	-7.5882e+02	1.1442e+01	-1.9027e+03	-2.0092e+02	1.6170e+03	-3.5094e+03
1.8000e+05	9.5579e+02	1.5140e+02	1.2895e+03	-2.3293e+02	1.2369e+03	-1.1228e+03	-2.0430e+03	-1.7320e+03	-3.7790e+01	-8.7479e+02	4.1045e+02	6.5842e+02	-1.7301e+03	-2.8727e+02	3.1603e+02	-5.8232e+01	-6.8371e+02	2.4395e+03	8.4317e+02	-2.0514e+03	1.1970e+03	8.9211e+02	-3.6452e+02	7.8710e+02	6.0505e+02	-1.8914e+02	2.2232e+03	7.3579e+02	-9.6213e+02	-1.9792e+03	6.0956e+02	-9.0679e+02	3.6022e+02	1.3984e+02	1.0646e+03	-8.2681e+02	8.9380e+02	1.8119e+02	-4.7355e+02	-6.5585e+02	-1.0981e+03	-7.5594e+02	4.7439e+02	-4.7683e+02	1.7640e+03	-4.4795e+02	-5.5336e+02	1.9146e+03	1.3452e+01	1.5458e+03	-1.0863e+02	-6.6583e+02	1.1414e+02	8.2010e+02	-1.0406e+03	5.5365e+02	-1.7353e+03	-2.1721e+03	1.3295e+03	1.1577e+02	7.9562e+02	-1.8142e+03	-5.3766e+02	1.1466e+02	5.9539e+02	-2.0270e+02	3.5226e+02	-2.8079e+02	-6.6256e+02	-2.9432e+01	1.0646e+03	-1.6489e+03	6.9085e+02	-5.5750e+02	2.7688e+02	9.3733e+02	2.2850e+03	-4.6095e+01	-5.1397e+02	7.3659e+02	1.2243e+03	2.1271e+03	6.6120e+02	1.5796e+03	1.6641e+03	8.0359e+02	-1.2856e+03	-9.2345e+02	-2.5483e+02	-1.3119e+03	6.9734e+01	-2.4895e+03	-1.3525e+03	1.1985e+03	-4.9762e+02	1.7451e+03	5.7834e+02	5.0288e+02	2.0033e+03	1.7490e+02	7.3697e+02	6.7001e+01	-2.4196e+03	2.5265e+02	-2.5073e+02	1.6223e+03	1.4977e+02	-9.1744e+01	1.3467e+03	8.2227e+02	-1.7319e+03	-2.8126e+02	-5.1648e+02	-3.2490e+02	-3.7524e+02	-1.0531e+03	1.0481e+03	1.0166e+03	2.1338e+03	1.0090e+03	-1.3777e+03	5.2874e+01	1.1905e+03	-1.0899e+03	3.9850e+02	4.3658e+02	1.0873e+03	7.8499e+02	2.1442e+02	6.0243e+02	7.4215e+02	-1.6056e+03	-2.0545e+03	-1.2422e+03	1.5771e+03	1.6706e+03	-1.3495e+03	-1.0021e+03	-3.4155e+02	-3.3592e+02	-5.3759e+02	1.2427e+03	6.7927e+02	3.0996e+02	1.8028e+03	-1.0459e+03	-1.1474e+03	-2.2567e+03	4.6235e+02	8.7674e+02	-7.1979e+02	8.7862e+02	2.7239e+02	2.2316e+02	-2.3101e+03	-1.1438e+03	1.6851e+03	1.6080e+03	1.7578e+03	-4.6470e+02	-7.2670e+02	1.9084e+02	-1.1003e+02	2.1858e+03	7.6412e+02	1.7403e+02	3.0013e+02	-1.7257e+03	-8.1417e+02	6.8355e+02	-5.8382e+02	-2.7396e+02	3.2721e+02	-2.3238e+03	1.5476e+03	-2.5409e+03	-8.9201e+02	6.3157e+02	-9.7804e+02	-1.3057e+03	5.7108e+02	-1.0958e+03	6.6603e+02	-4.0040e+02	1.2088e+03	6.7147e+02	-6.7539e+02	1.2543e+03	-4.5339e+02	9.9062e+01	-2.4277e+03	7.6914e+02	5.4686e+01	-4.8077e+02	-1.2666e+03	3.9282e+02	-7.3479e+02	2.7489e+02	7.2744e+02	2.7392e+03
1.8000e+05	1.3986e+03	-4.7151e+02	4.0425e+03	-6.7847e+01	8.1421e+02	1.2464e+03	2.5847e+03	9.1446e+02	5.3873e+02	-1.2498e+03	-1.8861e+02	1.9824e+03	3.5233e+02	-4.0372e+02	-1.7689e+03	7.5327e+01	3.9737e+02	1.4581e+02	1.8086e+03	-1.0704e+03	1.0129e+03	-1.7511e+03	-4.6514e+02	6.0524e+01	6.7086e+02	1.7673e+03	3.7607e+03	-7.8391e+02	2.4637e+02	-7.6469e+02	1.6455e+03	-1.6656e+03	-1.1592e+03	5.3652e+02	1.9019e+03	-6.0361e+02	-4.2801e+02	-9.8890e+02	2.9030e+03	1.6353e+03	-1.5965e+03	8.3029e+01	1.4996e+03	-2.2665e+03	-1.6517e+03	1.3033e+03	-1.4669e+03	4.7213e+02	-5.1612e+02	-1.7394e+03	1.6052e+02	-2.6443e+03	-4.8451e+02	1.9585e+03	-7.4003e+02	2.1633e+03	8.7114e+02	5.0721e+02	4.6511e+02	-1.3025e+02	1.5904e+03	-1.4778e+03	-4.1082e+03	2.3632e+03	2.3882e+03	-1.2487e+03	6.2041e+02	-1.0301e+03	-1.9905e+03	1.2648e+03	-9.7068e+02	8.7868e+02	1.8354e+03	1.2099e+03	4.3632e+03	-3.3397e+03	1.1834e+02	-1.7662e+03	-1.6364e+03	4.0607e+02	-4.2533e+02	-1.7068e+03	-9.7651e+02	2.1672e+03	3.5159e+03	2.4473e+02	-2.9235e+03	-1.1469e+03	-7.2712e+02	-6.7828e+02	2.7662e+03	-1.4280e+03	1.3550e+03	-2.9038e+02	7.1077e+02	2.4277e+03	1.1351e+03	3.4806e+02	-2.2679e+03	-8.9001e+02	2.5908e+03	-2.2284e+02	-7.4629e+02	-2.2762e+03	2.9162e+03	4.3225e+03	-7.4175e+01	-2.6456e+03	1.9733e+03	-1.1886e+03	-8.2787e+02	-1.5963e+03	-3.3339e+03	-2.2273e+02	4.5532e+02	2.0823e+02	-1.5561e+02	-8.8465e+02	-2.8336e+03	1.2606e+03	1.8873e+03	-5.7100e+01	-7.2037e+02	-1.4029e+03	-1.8243e+03	7.4230e+02	-3.7933e+01	-3.1490e+02	-1.8990e+03	2.1422e+03	2.2285e+02	2.8585e+03	-4.6504e+02	2.3192e+03	-6.8695e+02	3.6799e+02	3.7168e+03	1.1333e+03	2.5124e+03	-1.4180e+03	-8.3845e+02	-1.2370e+03	1.8037e+03	3.1907e+01	-5.6947e+01	-2.4016e+02	-5.4651e+02	3.1284e+03	-1.0333e+03	2.8472e+03	-6.9101e+02	-1.8896e+03	1.8696e+03	-9.9186e+02	-1.7028e+02	-8.6623e+02	-2.2618e+03	5.8421e+02	-1.0852e+03	1.0837e+03	1.1963e+03	1.6344e+03	2.9801e+03	-7.4251e+02	-6.1180e+03	-8.8096e+02	3.2029e+02	6.4909e+02	1.6796e+03	-5.1728e+02	1.2651e+03	-1.7555e+03	-2.8925e+03	1.1612e+03	-5.1068e+01	-7.4759e+02	2.4588e+03	3.0452e+01	-5.7627e+01	-2.5029e+03	1.3557e+03	9.1441e+02	1.4274e+03	1.8575e+03	1.5430e+03	-3.6563e+02	-9.2140e+02	-3.2181e+03	-2.4708e+02	4.2100e+03	-3.1885e+03	1.5989e+03	2.2689e+03	1.2150e+03	-1.2700e+03	2.6060e+02	-2.4720e+03	-7.9530e+02	2.7231e+03	-3.4725e+03
2.0000e+05	7.2867e+02	1.7098e+02	6.1374e+02	8.3036e+02	1.0588e+03	-1.1775e+03	-1.9720e+03	-1.7207e+03	-3.7928e+02	-1.1218e+03	4.9078e+02	1.2207e+03	-1.1184e+03	-1.3360e+02	3.0325e+02	-3.3215e+02	-5.4538e+02	2.6061e+03	8.0869e+02	-1.8633e+03	1.1850e+03	9.6920e+02	1.5780e+01	4.4683e+01	-3.2148e+02	-3.2076e+02	2.0217e+03	7.7892e+02	-6.4677e+02	-1.9312e+03	5.0569e+02	-1.4572e+03	9.6806e+02	4.4611e+02	1.1195e+03	-4.1832e+02	9.6970e+02	-2.0959e+02	-8.2252e+01	-5.8104e+02	-1.7807e+03	-6.5024e+02	7.4044e+02	-4.5015e+02	1.9887e+03	-8.9430e+02	-5.9855e+02	2.0580e+03	-2.7854e+02	2.0699e+03	-3.6326e+02	-7.1337e+02	1.2554e+02	6.1782e+02	-5.8082e+02	4.0347e+02	-1.5808e+03	-2.4953e+03	2.1699e+03	-9.8325e+01	4.9321e+02	-1.3375e+03	-1.0714e+03	-6.4620e+02	8.1979e+02	-1.8795e+02	3.8546e+02	3.7700e+02	-1.3194e+03	-4.4041e+02	1.5070e+03	-1.5631e+03	1.3851e+03	-7.8884e+02	4.2487e+02	9.8792e+02	1.8730e+03	-7.5661e+02	1.0239e+01	6.0213e+02	1.2650e+03	1.8246e+03	8.6408e+02	2.0236e+03	1.9812e+03	2.0304e+02	-9.3097e+02	-1.0391e+03	-2.8676e+02	-7.9278e+02	-4.3364e+02	-1.9836e+03	-1.4682e+03	1.1109e+03	-8.0274e+02	2.0814e+03	2.6035e+02	9.6774e+02	1.1585e+03	-2.8199e+02	1.4688e+03	-5.4228e+02	-2.6303e+03	8.6576e+02	-6.4726e+02	1.1390e+03	4.6498e+02	-3.0654e+01	1.0569e+03	1.3570e+03	-2.0289e+03	2.7845e+02	5.3858e+01	5.5668e+02	-1.9436e+02	-1.2141e+03	5.4858e+02	1.2955e+03	1.7932e+03	4.4815e+02	-1.5122e+03	-3.3824e+02	1.9496e+03	-9.2925e+02	1.0111e+03	5.1743e+02	7.5354e+02	9.1601e+02	1.0587e+02	2.4300e+01	1.0278e+03	-1.2260e+03	-1.6784e+03	-1.4101e+03	1.7111e+03	1.0989e+03	-9.3251e+02	-1.3012e+03	1.6889e+02	1.4974e+01	-1.0382e+03	3.9343e+02	8.7377e+02	5.0362e+02	1.7481e+03	-7.1757e+02	-1.3331e+03	-1.7904e+03	3.8500e+02	6.1515e+02	-9.7574e+02	5.0393e+02	7.0497e+01	2.7992e+02	-1.7852e+03	-1.4030e+03	1.4704e+03	1.1269e+03	2.2523e+03	-3.2799e+02	-9.0599e+02	5.8546e+02	-9.2247e+01	2.4568e+03	6.8739e+02	5.1704e+02	-2.0892e+01	-1.9736e+03	-7.1435e+02	1.0813e+03	-7.7704e+02	-6.5341e+02	9.6024e+02	-2.2986e+03	1.5874e+03	-2.8845e+03	-6.4929e+02	8.8094e+02	-1.1406e+03	-1.3827e+03	6.5336e+02	-8.4334e+02	1.0593e+03	-4.4033e+02	1.4510e+03	6.5726e+02	-9.9381e+02	8.0576e+02	-5.8779e+02	1.7369e+02	-2.0933e+03	9.5361e+02	-1.9453e+02	-1.4000e+02	-1.2387e+03	8.5671e+02	-7.6692e+02	-3.2301e+01	1.2534e+03	2.1618e+03
2.0000e+05	8.1998e+02	-1.6157e+03	3.5902e+03	5.8189e+02	5.0395e+02	8.9875e+02	3.1412e+03	1.2047e+03	1.2998e+03	-1.4009e+03	3.7651e+02	2.0088e+03	1.8966e+02	-9.9994e+02	-2.0984e+03	-6.0010e+02	-1.6072e+02	-5.4200e+02	2.1764e+03	-5.9511e+02	3.4519e+02	-1.6491e+03	-1.3466e+02	7.6001e+02	-1.4413e+02	1.5613e+03	3.4304e+03	-4.5327e+02	3.4225e+02	-7.3624e+02	1.0492e+03	-1.7928e+03	1.9850e+02	1.3856e+02	1.5850e+03	-2.0414e+02	-7.8209e+02	-1.1145e+03	2.7062e+03	1.3682e+03	-2.8099e+03	5.6533e+02	1.1753e+03	-2.9301e+03	-2.2927e+03	1.2415e+03	-1.2340e+03	1.3771e+03	-2.2178e+02	-1.5891e+03	5.8464e+02	-3.1995e+03	8.0970e+01	1.5450e+03	-1.1246e+03	2.0088e+03	8.6284e+02	-5.6279e+02	-2.5410e+02	-3.8967e+02	9.2163e+02	-1.2585e+03	-3.6995e+03	2.3043e+03	2.2909e+03	-1.2133e+03	3.5898e+02	-2.1701e+03	-2.0681e+03	4.3277e+02	-6.3776e+02	3.0071e+02	1.1936e+03	1.2523e+03	5.3341e+03	-3.6896e+03	-4.1807e+02	-2.1259e+03	-2.0043e+03	4.6658e+02	-5.1036e+02	-2.1382e+03	-1.0050e+03	1.1717e+03	3.3887e+03	-5.8956e+02	-3.8491e+03	-4.4063e+02	-6.3717e+02	-1.1785e+03	2.5049e+03	-1.8638e+03	6.5822e+02	-5.8683e+02	-8.3322e+02	1.7588e+03	1.1110e+03	1.6216e+03	-2.5939e+03	-5.7714e+02	2.5541e+03	5.1282e+02	-1.1389e+03	-1.8424e+03	4.0711e+03	4.2058e+03	1.4438e+02	-2.3837e+03	2.8991e+03	-5.6354e+02	-6.6778e+02	-1.0540e+03	-3.1146e+03	-1.0640e+03	9.6072e+02	4.4955e+02	5.9443e+02	-1.2678e+03	-2.7481e+03	1.1676e+03	1.9111e+03	-7.7464e+02	-5.5636e+02	-1.5341e+03	-1.4659e+03	1.6167e+03	1.0702e+01	-5.7094e+02	-1.6533e+03	2.5555e+03	-5.7663e+02	2.2965e+03	-2.4380e+02	3.0871e+03	-1.3778e+03	-1.7335e+02	3.6889e+03	1.0872e+03	2.4223e+03	-1.4960e+03	-1.0331e+03	-9.2762e+02	2.4874e+03	-2.6640e+02	1.5343e+02	-1.4058e+02	-8.2696e+02	2.5632e+03	-1.3172e+03	3.7226e+03	-2.4268e+01	-8.7485e+02	2.7107e+03	-8.1394e+02	-1.3817e+02	-2.8116e+02	-2.0399e+03	1.0472e+03	-6.8746e+02	1.1654e+03	1.7711e+03	2.1970e+03	3.9668e+03	-8.5199e+02	-6.3565e+03	-3.0782e+02	-2.1672e+02	4.7246e+02	1.6125e+03	-1.4627e+03	1.9000e+03	-1.7257e+03	-3.4441e+03	9.3818e+02	-8.6898e+01	1.5131e+02	2.8216e+03	1.5065e+03	-1.3889e+02	-2.9937e+03	7.9515e+02	1.0091e+03	1.5176e+03	3.1814e+03	2.3860e+03	-6.6476e+02	-1.8956e+03	-2.4245e+03	-1.3872e+03	3.3564e+03	-3.5109e+03	1.0698e+03	1.0955e+03	5.2283e+02	-1.7586e+03	6.3052e+01	-2.9693e+03	-9.9357e+01	2.5126e+03	-3.9598e+03
