2.0000e+04	1.4346e+02	-9.2851e+02	2.9289e+02	5.0087e+02	-9.0226e+01	7.8784e+01	-4.1387e+02	-1.9729e+02	-9.8094e+01	-1.2947e+02	3.1549e+02	1.7917e+01	7.8178e+02	-4.6675e+02	-6.5650e+02	4.6176e+02	-8.6738e+02	7.9132e+01	8.1835e+02	-5.5986e+02	3.8577e+01	-1.2001e+02	-5.6725e+02	-2.2910e+01	-2.9136e+02	-1.7544e+02	1.7342e+02	-8.6708e+02	3.7055e+02	5.9332e+02	-2.5770e+02	-5.7295e+02	-2.2139e+02	-5.0818e+01	-4.9078e+02	2.5275e+02	-6.0856e+02	5.0998e+02	3.4269e+02	-3.9062e+02	-4.6556e+02	1.9617e+02	5.5105e+02	6.3694e+02	3.0535e+02	-3.1218e+01	7.7810e+01	-4.9242e+02	-4.4387e+02	-6.8979e+01	2.2573e+01	-3.0895e+02	3.7303e+01	-4.2714e+02	5.2962e+02	-2.4985e+02	1.2267e+02	2.2657e+02	4.4474e+02	6.6728e+02	-4.1428e+01	-6.6629e+02	2.2117e+02	8.0801e+01	-9.5118e+01	-6.0421e+01	9.8106e+01	-2.0659e+02	-6.8582e+01	-1.7761e+02	-2.0178e+02	8.9040e+01	-9.6585e+01	1.2416e+01	1.3069e+02	-4.7604e+02	7.5646e+02	7.9244e+02	1.0024e+02	6.6443e+01	5.1338e+02	5.4524e+02	7.4806e+01	-2.1275e+01	1.5842e+02	-1.5461e+02	5.6446e+02	-6.5909e+02	4.3393e+02	4.9754e+02	3.4065e+02	2.4424e+02	1.6740e+02	-8.4090e+00	-3.9068e+02	7.5397e+02	5.5114e+02	-2.3311e+02	-9.8720e+01	-1.0856e+02	-1.3887e+02	2.8653e+02	9.5027e+02	3.4846e+02	6.7477e+02	1.8316e+02	-1.9170e+02	7.7897e+02	3.4659e+02	-5.7869e+02	5.1265e+02	-5.8361e+01	-2.5908e+01	-1.9479e+02	8.1772e+02	-2.7771e+02	4.1544e+02	3.6527e+02	1.8326e+02	4.5496e+02	2.2793e+02	7.5830e+02	2.0396e+02	-7.9984e+02	2.0984e+02	-2.8887e+02	-9.5737e+01	-8.4102e+01	-1.7561e+02	-8.8319e+01	-4.9314e+01	1.8242e+02	-2.1786e+02	2.5370e+02	-2.1987e+02	1.4689e+02	-1.7624e+02	-8.2052e+01	-4.2643e+02	-1.4961e+02	6.4967e+01	-1.8600e+02	4.0002e+02	-2.8839e+02	6.5343e+02	3.3741e+01	-4.6334e+02	4.6970e+02	-3.2847e+01	1.0994e+02	8.7779e+02	5.5472e+01	4.3607e+02	-3.4632e+02	-2.3515e+02	-2.7109e+02	1.1421e+00	1.8326e+02	3.6045e+02	2.2022e+02	4.5404e+01	7.1042e+01	-4.0108e+02	4.8905e+02	3.2842e+02	-4.2132e+01	-1.0242e+02	5.1120e+01	4.2939e+02	3.8052e+01	-9.2215e+02	-6.4506e+01	-4.9835e+02	1.7540e+02	1.7496e+02	-3.7026e+02	3.1666e+01	-4.9194e+01	5.4704e+02	1.8425e+02	-1.9519e+02	2.5302e+02	1.7748e+02	7.6472e+01	-7.3718e+02	-3.5856e+02	-5.2996e+02	-7.0388e+02	-2.6719e+02	3.2322e+01	-5.4759e+02	-8.6212e+01	-3.9577e+02	-1.0212e+02	-6.6950e+02	2.7509e+02	5.1745e+02	3.8843e+02	-4.9451e+02	1.9496e+02
2.0000e+04	-1.3915e+02	-2.8741e+02	9.4512e+01	-1.7791e+02	8.3172e+01	-1.8400e+02	-1.2390e+03	4.0649e+01	3.5483e+02	7.9291e+02	-3.3584e+02	-1.5746e+02	3.7593e+02	-6.3587e+02	1.3735e+02	-4.3534e+02	6.6572e+02	-4.3669e+02	-4.2074e+02	4.6388e+02	-5.6000e+02	7.4237e+02	3.0695e+02	4.5796e+02	-8.6181e+02	9.1634e+02	1.3779e+02	1.0477e+02	-4.1179e+02	-4.8781e+02	6.4831e+01	-9.3451e+02	-3.3993e+01	2.2810e+02	-1.4381e+00	1.6869e+03	-1.7853e+02	-1.2814e+02	-6.8441e+01	9.2738e+02	-7.6263e+02	7.3440e+02	-3.2247e+02	7.2742e+00	-7.5619e+00	-7.6106e+02	-3.4808e+02	1.4493e+02	-4.8252e+02	2.3170e+02	-2.8280e+02	2.0268e+02	1.9358e+02	-7.0945e+02	9.5104e+02	6.8690e+02	-1.1207e+03	-4.0002e+02	1.3277e+02	9.4413e+01	-1.3765e+02	2.0851e+02	3.5846e+01	5.0089e+02	-6.1253e+01	-3.9808e+02	5.6013e+02	-9.2493e+02	-6.1608e+02	-3.9976e+02	1.6600e+02	2.1073e+02	7.8716e+02	4.8919e+02	-1.9284e+02	-9.6628e+00	-4.2582e+02	-1.1592e+02	-1.0325e+03	3.7769e+01	7.1975e+01	5.2849e+02	-3.8540e+02	5.5714e+01	8.0041e+02	5.9645e+01	-9.1686e+01	7.9058e+02	5.7294e+02	1.1183e+02	-7.5947e+01	3.4546e+02	8.9133e+02	-2.8889e+02	5.7657e+02	-5.8216e+02	-2.5199e+01	-6.5012e+02	1.2547e+02	4.0361e+02	-1.2492e+03	4.3244e+02	9.4290e+01	2.5419e+01	6.3536e+02	3.6675e+02	-1.9567e+02	-5.8995e+01	5.1354e+02	6.6533e+02	2.1352e+02	7.3361e+02	-1.8635e+02	-4.8953e+01	9.2573e+02	-7.3150e+01	-5.1894e+02	-7.0044e+02	1.4222e+01	-2.9486e+02	-7.0510e+02	1.6629e+02	-2.2320e+02	-3.0972e+02	-7.9249e+02	-9.8539e+01	1.0218e+03	1.3487e+03	-2.7533e+02	2.1877e+01	-2.0746e+02	-4.5967e+02	-1.0671e+02	-6.9000e+02	2.8476e+02	3.5582e+02	1.1681e+02	6.6928e+02	1.8914e+02	-4.5130e+02	-5.7757e+02	7.7141e+01	-9.9090e+02	5.4663e+02	8.6431e+02	3.1076e+02	4.9038e+02	4.5840e+02	3.0405e+02	-5.5735e+02	2.8515e+02	2.5098e+02	6.8484e+02	3.3530e+02	5.3733e+02	-4.0733e+02	-5.8796e+02	1.1077e+02	-4.8325e+01	-4.1584e+02	-3.0585e+02	2.4364e+02	7.2946e+02	3.9610e+02	2.9287e+02	-2.4474e+02	-2.1862e+02	5.6911e+01	-4.0530e+02	5.3961e+02	-1.6131e+02	5.2277e+01	1.4411e+03	-2.6092e+02	-2.9487e+02	-4.7781e+02	-1.3498e+03	2.3655e+02	7.5832e+02	-5.0319e+02	-4.0703e+02	-8.2117e+02	-2.4519e+02	7.4975e+02	2.9933e+02	6.4756e+02	2.3018e+02	-1.6788e+02	-1.0474e+02	1.0896e+03	7.4189e+02	-8.4100e+02	-5.9817e+02	-5.1677e+02	4.2498e+02	7.3790e+02	3.3286e+02	6.0006e+02	2.2638e+02	4.0208e+01
4.0000e+04	2.0525e+01	-1.2270e+03	-8.0817e+02	1.5300e+02	-4.8118e+02	-2.2093e+02	-5.9208e+02	4.5236e+01	-3.6256e+02	-1.5466e+02	-1.0294e+01	8.5537e+01	1.0257e+03	6.3918e+01	-5.5659e+02	2.3890e+02	-1.4615e+03	-2.4780e+02	1.0458e+03	-1.3641e+03	2.3098e+02	-6.3496e+01	-6.2901e+02	2.7566e+02	1.5472e+02	2.5611e+02	5.5008e+02	-1.0099e+03	8.6970e+02	7.2976e+02	-3.0723e+02	-5.9861e+02	-6.0374e+02	-1.1838e+03	-1.0551e+03	3.9144e+01	-1.2485e+03	9.3754e+02	3.6123e+02	-8.9896e+02	-4.0059e+02	5.3977e+02	6.4282e+02	5.6226e+02	9.8903e+02	-1.2907e+02	-2.8092e+02	-4.8883e+02	-8.8531e+02	-9.2925e+01	2.5413e+02	3.2528e+01	-3.2874e+02	-1.5251e+03	2.0876e+02	-5.3764e+02	2.2849e+02	2.5840e+02	6.0530e+02	6.5323e+02	-2.3217e+02	-7.4655e+02	-2.1844e+02	-7.5575e+01	4.1946e+00	-9.6602e+01	5.8340e+02	-2.9199e+02	4.7799e+02	-4.9617e+02	1.5361e+02	4.5038e+02	-5.9218e+02	3.3767e+02	6.0648e+02	-3.7845e+02	-5.2546e+01	5.5849e+02	-3.7946e+02	-8.4425e+01	3.2025e+02	4.4727e+02	-8.7021e+02	3.9376e+00	2.4495e+02	-1.6755e+02	9.8279e+02	-1.0229e+03	5.4717e+02	3.4073e+02	3.0556e+02	5.0159e+02	9.7395e+02	-2.2541e+02	-2.8863e+01	4.7957e+02	7.6428e+02	-5.5880e+02	5.2218e+02	-6.3423e+02	-6.3306e+01	2.1802e+02	9.3306e+02	3.4555e+02	4.1510e+02	6.7226e+02	-7.3276e+01	8.3743e+02	3.4285e+02	-5.6862e+02	7.5583e+02	2.7889e+02	-2.1486e+02	-3.4118e+02	4.9958e+02	-1.7466e+02	-1.0475e+02	1.1151e+03	-1.8996e+02	1.0232e+02	1.3869e+02	5.9535e+02	4.7338e+02	-1.0737e+03	1.2618e+02	6.8604e+02	-1.2516e+02	-1.9270e+02	-4.2392e+02	-4.7142e+02	-9.1820e+01	4.0636e+02	-1.7342e+02	4.7775e+02	-5.2155e+02	-3.0505e+01	-5.0633e+02	-3.5375e+02	-1.3487e+02	-6.6842e+01	-2.2731e+02	-6.2751e+02	8.4250e+02	5.9233e+00	2.0588e+02	3.3554e+02	-4.4836e+02	3.7737e+02	4.2894e+00	-1.0967e+02	1.2190e+03	4.1413e+02	6.4920e+02	-5.0074e+02	-1.9493e+02	-5.4183e+02	1.2531e+02	3.7686e+02	5.1244e+02	1.6787e+02	-1.5038e+02	2.3291e+02	-2.3581e+02	2.4684e+02	-3.3460e+02	-1.3881e+02	-1.1111e+01	4.2924e+02	2.7755e+02	3.7046e+02	-1.1083e+03	2.1783e+01	-5.4782e+02	5.9842e+02	2.6427e+02	-9.5506e+02	2.3030e+02	-2.6373e+01	6.8598e+02	3.6900e+02	-2.4450e+02	-1.5290e+02	4.2376e+02	5.0460e+02	-1.0407e+03	-3.9553e+02	-7.1421e+02	-6.7639e+02	-2.1541e+02	-1.1831e+02	6.8212e+01	-8.9513e+01	-4.2791e+02	-9.1841e+02	-2.2540e+02	8.7458e+02	2.7468e+02	5.1173e+02	2.5642e+02	5.0198e+01
4.0000e+04	-4.5325e+02	-6.7974e+02	5.7347e+02	-2.4291e+02	5.4777e+02	-1.3002e+02	-1.6100e+03	-4.3531e+02	1.1994e+02	1.1612e+03	-6.0337e+02	1.5806e+02	7.9250e+02	-8.5613e+02	1.0965e+02	-5.6109e+02	3.3217e+02	-5.3758e+02	1.1495e+02	9.0033e+02	1.6629e+02	4.9087e+02	6.6177e+02	1.2074e+03	-1.5775e+03	7.1898e+02	-1.2946e+03	-3.4948e+01	-1.9738e+02	-6.6796e+02	1.8908e+02	-1.1132e+03	-5.5729e+02	8.2332e+01	-1.7005e+02	1.1891e+03	7.5032e+02	6.5915e+02	-3.8911e+02	1.0967e+03	1.7964e+02	6.7816e+02	3.0559e+02	1.1911e+03	-6.5168e+02	-2.4423e+02	7.0956e+02	6.8348e+02	-8.2740e+02	4.0768e+02	-2.1150e+02	3.5544e+01	6.7060e+02	-2.6001e+02	5.3715e+02	9.5500e+02	-1.6421e+03	6.5639e+02	3.7791e+01	1.1006e+03	1.0639e+03	-6.9376e+02	1.0507e+03	-3.2204e+02	1.5293e+03	-2.1446e+02	-4.8550e+02	-9.9515e+02	-8.4009e+02	-4.6333e+02	5.5914e+01	6.6307e+02	1.6092e+03	4.4178e+02	-9.4536e+01	-5.2957e+02	-1.7874e+03	-8.7079e+01	-4.4970e+02	7.0639e+02	3.1458e+02	1.3768e+03	-1.1947e+03	5.1186e+02	-3.3842e+02	-3.3610e+02	-5.4945e+02	1.8050e+03	5.6711e+02	7.8602e+02	-7.2713e+02	3.6861e+02	1.1504e+03	-1.2313e+03	-6.7007e+02	-5.8727e+02	-1.1873e+01	-5.2015e+02	1.2677e+02	6.4634e+02	-1.5778e+03	6.9019e+02	-8.4180e+02	-3.5995e+01	6.7189e+02	1.6948e+02	-1.4951e+02	-1.2295e+02	2.8325e+01	1.1681e+02	-1.9381e+02	1.2922e+03	-5.2681e+02	-1.6181e+03	3.5647e+02	-4.8018e+02	-4.4380e+02	-1.0252e+03	-1.9680e+02	2.4999e+02	-3.9958e+02	3.0194e+02	-2.7260e+02	-3.6548e+02	-1.1006e+03	-3.7753e+02	1.1387e+03	1.9467e+03	-7.8066e+01	-1.5994e+03	-2.0905e+02	-1.4500e+03	-1.5907e+02	-8.2394e+02	3.3356e+02	1.4434e+03	7.2049e+02	2.4485e+02	-7.4063e+02	-1.1401e+02	-6.0379e+02	1.4260e+03	-1.5027e+03	-2.1679e+02	1.0748e+03	1.2031e+02	2.4303e+01	5.9567e+02	2.5489e+02	-5.1396e+01	2.0948e+02	-2.1760e+02	1.2608e+03	6.4372e+02	1.8040e+02	-7.1094e+02	-9.0807e+02	7.1159e+00	-1.9497e+02	-3.6686e+02	-3.9778e+02	8.9084e+02	3.0974e+02	1.5742e+03	7.7176e+02	3.7228e+02	-8.3439e+02	-8.5283e+02	4.4748e+02	1.7237e+03	-5.7907e+02	4.3985e+02	2.0934e+03	3.5826e+02	4.2419e+02	-1.2456e+03	-1.2436e+03	1.4225e+02	2.3530e+02	-9.9638e+02	-1.1405e+03	-1.2101e+03	-9.2591e+01	6.8428e+02	-1.3297e+02	6.6462e+00	-1.6525e+02	-1.5479e+02	5.3789e+02	3.0907e+02	8.4480e+02	-9.1469e+02	-6.7961e+02	-5.5776e+02	1.1723e+03	1.4880e+03	-1.4352e+02	6.1971e+02	6.3136e+02	-1.4256e+03
6.0000e+04	4.7722e+02	-1.2570e+03	-1.4092e+03	4.4364e+02	-9.5815e+02	-1.5853e+02	3.5636e+02	-8.2418e+01	-4.2494e+02	-2.7016e+02	-3.2435e+02	1.0698e+02	2.5937e+02	1.6421e+02	-2.9949e+02	6.1982e+02	-1.8376e+03	-4.6880e+02	1.2731e+03	-1.3090e+03	1.1669e+02	-1.3757e+01	-3.4077e+02	1.4463e+02	6.8845e+02	1.2933e+02	5.1732e+02	-3.8953e+02	6.8774e+02	-1.2896e+02	-8.4910e+02	-1.5726e+03	-7.8132e+02	-3.1365e+02	-1.0473e+03	1.0623e+03	-1.0402e+03	4.3152e+02	3.5481e+02	-1.3179e+03	-5.0224e+02	9.3957e+02	8.7614e+02	1.0404e+03	9.6400e+02	-6.5022e+02	3.1155e+01	-1.1851e+03	-2.0467e+03	-6.1926e+02	-5.4714e+02	-3.3943e+02	-8.5333e+02	-1.1985e+03	-4.7308e+02	-3.9555e+02	7.1274e+02	1.0383e+01	1.3630e+03	8.4828e+02	1.5166e+02	-6.5487e+02	-1.0880e+02	2.3492e+02	-1.6784e+02	1.9713e+02	1.0848e+03	-6.6319e+02	7.3369e+02	-2.4364e+02	2.0144e+02	6.1126e+02	-6.3893e+02	5.4946e+01	5.5379e+02	-6.6913e+02	-2.4167e+02	6.4094e+02	-4.4722e+02	-2.1700e+02	7.5967e+02	7.4074e+02	-5.5221e+02	1.3611e+02	5.2102e+02	-5.4924e+02	3.3496e+02	-1.4288e+03	4.0807e+02	8.2924e+01	-4.2906e+02	4.7387e+02	4.2908e+02	-6.4572e+01	5.3944e+02	1.0423e+03	8.1079e+02	-5.4484e+02	1.2778e+02	-7.9055e+02	-1.6224e+02	-1.8550e+02	1.1825e+03	6.8797e+02	2.1344e+02	5.7976e+02	-1.3933e+02	1.5379e+03	-7.4304e+02	-2.3453e+02	7.9496e+02	4.4030e+02	1.2163e+02	-2.5201e+02	7.6266e+02	-5.0946e+02	-3.0551e+01	1.1950e+03	4.5907e+02	1.6229e+02	-1.0224e+01	1.3146e+02	3.6568e+02	-1.0943e+03	2.5674e+02	-8.9833e+01	-1.3439e+02	2.5942e+01	-4.3924e+02	-3.6155e+02	7.5972e+00	-4.5796e+02	-6.1337e+02	8.3511e+02	-7.5611e+02	2.5495e+01	-4.5240e+02	-2.1938e+01	2.4548e+02	-3.6268e+02	-7.6986e+02	-7.2635e+02	2.0179e+02	-1.2621e+02	1.3293e+02	6.2255e+02	-6.9374e+02	4.2709e+02	6.6802e+02	1.5104e+01	2.0593e+03	5.9121e+02	7.5927e+02	-6.9678e+02	-2.4431e+02	-1.2273e+03	-4.9397e+02	1.3535e+02	-2.5380e+02	2.7056e+02	-5.8566e+02	7.7701e+02	-7.5530e+02	2.4236e+02	-2.2378e+02	-2.8190e+02	-2.9169e+02	2.8372e+02	3.0743e+02	5.9941e+02	-8.5568e+02	-3.4094e+02	-4.4607e+02	9.0631e+02	1.0319e+02	-8.7207e+02	2.1771e+02	1.9867e+01	3.1665e+02	5.5271e+02	1.3916e+02	2.8868e+02	1.0810e+03	-4.4371e+01	-1.4009e+03	2.4651e+02	-6.7242e+02	-7.7160e+02	-6.0176e+02	-6.7132e+02	3.2031e+02	4.0344e+01	-5.7418e+02	-1.5397e+03	-8.6580e+02	8.2652e+02	3.0165e+02	1.2077e+02	1.6277e+02	-7.0262e+02
6.0000e+04	-2.4991e+02	3.5736e+02	2.4016e+02	8.1450e+01	1.3113e+03	2.6840e+02	-1.6929e+03	-2.6731e+02	2.6817e+02	1.8090e+03	-8.0067e+02	6.6029e+02	1.0144e+03	-3.3017e+02	-2.6332e+02	-1.1728e+03	5.6808e+02	-8.7527e+02	1.2968e+03	1.0586e+03	-3.9735e+02	7.5954e+02	7.4503e+02	1.6771e+03	-1.7241e+03	1.4572e+03	-9.9959e+02	2.4993e+02	-5.4158e+02	-7.1944e+02	4.4362e+01	-1.3685e+03	3.9624e+02	9.0900e+02	-1.5828e+02	1.4686e+03	8.5018e+02	1.1265e+03	-2.2500e+02	2.6328e+03	5.5383e+02	7.0515e+01	1.5652e+03	1.3459e+03	-1.1062e+03	-4.7986e+02	4.7125e+02	-6.2782e+01	-2.0589e+02	1.1882e+03	2.2965e+02	-1.1309e+03	6.5171e+02	1.3075e+02	5.1180e+02	9.2317e+02	-1.2412e+03	4.8976e+02	1.1812e+03	2.0526e+03	7.7096e+02	4.4437e+02	-7.4560e+01	-1.8138e+02	2.1469e+03	1.0635e+03	1.1716e+02	2.0519e+02	-2.4420e+03	8.2294e+01	-6.1976e+02	4.2778e+02	1.2299e+03	7.4423e+02	-5.3098e+02	-1.7589e+03	-1.8708e+03	4.4424e+02	-2.5390e+02	3.2490e+02	-3.9633e+02	1.9034e+03	-6.4267e+02	5.6038e+02	2.4332e+02	1.3237e+02	-2.8503e+02	2.6774e+03	1.0258e+03	-1.0320e+02	-1.0517e+03	2.9874e+02	4.6720e+02	-1.2940e+03	-1.1940e+03	-7.8398e+02	3.3538e+01	-6.1304e+02	5.4881e+02	1.2721e+03	-9.4860e+02	1.0731e+03	-6.0670e+02	-8.5025e+02	-1.3576e+02	5.3031e+01	7.6141e+02	-9.7005e+01	-2.7439e+02	-6.0825e+02	3.2348e+02	1.0383e+03	-5.3156e+02	-2.8054e+03	7.1741e+02	6.0562e+02	-1.7588e+03	-2.9562e+02	7.2758e+02	1.6265e+03	-1.2972e+03	1.7264e+02	6.3099e+01	7.4640e+02	-1.5087e+03	-3.3510e+02	8.1441e+02	2.6952e+03	1.0911e+03	-1.5720e+03	8.8050e+00	-1.4918e+03	1.7261e+02	-1.0365e+03	2.6503e+02	1.9840e+03	1.7691e+03	7.7000e+02	-1.3364e+03	-2.2036e+02	-2.5984e+02	1.4959e+03	-1.0779e+03	-1.0343e+03	1.2959e+03	6.3384e+01	-8.7677e+01	-8.4141e+01	-6.3845e+01	4.9609e+02	8.5030e+01	-4.7959e+02	1.5658e+03	1.1611e+03	4.4069e+02	-1.8223e+03	-5.4076e+02	3.5030e+02	-2.7594e+02	-5.2838e+02	-3.6873e+02	6.7623e+02	2.7482e+01	2.3998e+03	1.0737e+03	-2.4902e+01	-1.0432e+03	-1.0762e+03	-3.5644e+02	1.1017e+03	-1.7325e+02	1.7062e+03	1.6331e+03	5.5880e+02	3.7568e+02	-7.0928e+02	-1.2914e+03	-6.8706e+02	-1.8251e+02	9.9087e+01	-1.1663e+03	-1.8482e+03	4.3336e+02	8.4346e+02	-7.5753e+02	-3.8015e+02	-7.3010e+02	1.2738e+02	-1.5587e+02	7.5304e+02	9.5873e+02	-1.2156e+03	-1.0831e+03	-5.9498e+02	7.1315e+02	1.3841e+03	-5.7197e+02	1.0725e+03	4.5122e+02	-1.4464e+03
8.0000e+04	1.6608e+03	-1.1220e+03	-1.2718e+03	1.0278e+02	-8.3939e+02	-1.9915e+02	3.5006e+02	-2.2371e+02	-5.4558e+02	-6.6200e+02	-4.7877e+02	1.6580e+02	7.0104e+01	2.4395e+02	-6.8086e+02	4.8813e+02	-2.2720e+03	-6.0630e+01	1.1425e+03	-1.1654e+03	3.8209e+02	-1.1281e+02	-3.6798e+02	3.5582e+02	7.7728e+02	-1.5596e+02	2.6906e+02	-4.6815e+02	1.0373e+03	-8.3565e+02	-4.1427e+02	-1.6272e+03	-4.5758e+02	-1.0741e+02	-9.6615e+02	8.5950e+02	-9.8315e+02	5.3678e+01	4.6424e+02	-9.6023e+02	-4.9723e+02	8.9322e+02	1.7038e+03	1.5676e+03	1.6027e+03	-3.1999e+02	5.2418e+02	-7.7914e+02	-1.5716e+03	-1.4923e+03	-1.0381e+03	3.4407e+02	-1.0380e+03	-7.3480e+02	-6.5180e+01	-2.2883e+02	4.2093e+02	5.9351e+02	1.1029e+03	9.7032e+02	1.3801e+02	-9.1088e+02	-1.8067e+02	1.1079e+03	-6.5541e+02	-8.0383e+01	9.7967e+02	-7.0014e+02	5.3499e+01	-5.0849e+02	3.3561e+02	1.2861e+03	-9.6729e+02	4.7526e+01	9.5833e+02	-1.3827e+03	7.3216e+01	8.4316e+02	-7.0466e+02	2.5040e+02	1.2570e+03	7.8314e+02	-2.4113e+02	-1.4090e+02	8.8088e+02	-5.3864e+02	1.4943e+02	-1.4047e+03	7.9433e+02	-5.2121e+02	-6.4849e+02	6.9566e+02	3.7627e+02	7.9396e+01	1.7957e+02	6.4518e+02	1.4400e+03	-8.1461e+02	2.7933e+02	-3.5579e+02	-5.3353e+02	-5.7451e+02	5.0160e+02	5.2879e+02	-7.6233e+02	-2.4659e+01	3.8853e+02	2.0381e+03	-8.0857e+02	-5.4995e+02	5.0586e+02	-8.4775e+01	-3.9274e+01	-5.6532e+02	6.0086e+02	-5.3990e+02	-8.1228e+01	9.0105e+02	3.5642e+02	4.2716e+02	4.0380e+02	3.4872e+02	3.3626e+02	-4.9810e+02	-3.9769e+02	-2.5547e+01	-4.2435e+01	2.1134e+02	-3.8058e+01	-2.7156e+02	1.6508e+02	-3.0851e+02	-3.8882e+02	1.3425e+03	-4.6101e+02	6.0385e+02	1.7052e+01	-6.9916e+02	7.8489e+02	-3.3576e+02	-9.8829e+02	-4.9664e+02	-2.6539e+02	-8.3091e+00	1.7087e+02	9.9434e+02	-1.5882e+03	1.2696e+02	8.4286e+02	-3.7806e+02	1.7732e+03	8.0243e+02	9.4812e+02	-6.1526e+01	-3.5086e+02	-1.3227e+03	-2.2213e+02	-6.5970e+02	-5.0782e+02	2.8638e+02	-6.1703e+02	7.8694e+02	-5.2321e+02	1.2555e+02	3.6084e+01	9.5397e+01	-6.4326e+02	2.3167e+02	4.6836e+02	2.3751e+02	-6.5723e+02	-4.4979e+02	-7.3545e+02	6.0754e+02	7.8368e+01	-1.4326e+03	1.5758e+02	-2.5790e+02	4.3234e+02	5.8527e+02	-2.0836e+02	2.2064e+02	1.0213e+03	-1.1947e+02	-1.3800e+03	3.4807e+02	-8.4081e+02	-1.0469e+03	-6.1447e+02	-4.1106e+02	1.2255e+02	4.1518e+02	-7.0846e+02	-1.0260e+03	-8.1817e+02	3.7063e+02	2.3582e+02	3.6562e+02	6.3576e+02	-2.1284e+02
8.0000e+04	1.6885e+02	-9.2808e+01	1.4109e+03	-9.4827e+02	2.2420e+03	3.2457e+02	-9.6725e+02	-7.6501e+02	-1.5112e+02	1.7389e+03	-1.3573e+03	2.0824e+03	1.1105e+03	-2.3845e+02	-4.0549e+02	-1.2033e+03	1.0321e+03	-1.0617e+03	1.5422e+03	1.8320e+03	-7.1240e+01	4.6922e+02	1.2413e+03	9.9114e+02	-1.0871e+03	9.8140e+02	-7.8720e+02	5.7298e+02	-7.0118e+02	-8.9238e+01	5.5583e+01	-8.5123e+02	-4.9512e+02	1.0274e+03	2.8588e+02	7.8484e+02	1.5914e+03	1.9877e+03	-1.0367e+02	2.6548e+03	4.8240e+02	-3.0255e+02	2.5838e+03	2.6637e+03	-7.5294e+02	-1.0715e+03	-1.9039e+02	3.3161e+02	2.1530e+02	1.8196e+03	-1.0002e+02	-5.2526e+02	6.7263e+02	1.0937e+03	4.8292e+02	1.0594e+03	-1.4825e+03	9.9583e+02	1.7881e+03	2.0886e+03	4.2318e+02	-6.1119e+00	-8.5775e+02	-1.9844e+02	2.2082e+03	1.1685e+03	-2.9924e+02	-1.5716e+02	-2.8759e+03	-6.6556e+02	-6.6313e+02	1.0216e+03	1.1675e+03	2.7369e+02	-6.0546e+02	-2.0066e+03	-9.9436e+02	7.8318e+02	-1.1066e+03	5.0056e+02	6.6029e+02	2.2882e+03	-1.3784e+03	4.4280e+02	1.4873e+02	-1.9164e+02	-4.5221e+02	1.7307e+03	9.5622e+02	1.3338e+02	1.1643e+02	2.9735e+02	-5.8117e+01	-1.8607e+03	-1.1080e+03	-5.3651e+02	4.9100e+02	-4.1785e+02	1.6103e+02	1.2462e+03	-9.0826e+02	9.8380e+00	2.0007e+02	-9.9392e+02	7.9320e+02	4.6525e+02	9.6941e+02	5.1220e+02	8.0140e+02	-7.0414e+02	1.7269e+02	1.6119e+03	-5.9961e+02	-2.6643e+03	4.2698e+02	1.2496e+03	-1.9185e+03	-2.5787e+02	2.9920e+02	2.2169e+03	-9.5842e+02	5.4984e+02	-4.0377e+02	2.5282e+02	-2.4135e+03	7.7760e+01	3.7369e+02	3.1943e+03	1.7556e+03	-1.9407e+03	8.3235e+02	-8.3252e+02	6.9380e+02	-1.4344e+03	1.1384e+03	2.7931e+03	2.2819e+03	5.9751e+02	-8.3435e+02	1.6363e+02	4.0420e+02	1.5607e+03	-1.4784e+03	-1.6849e+03	1.4640e+03	-6.9758e+02	5.1901e+02	7.4566e+02	-5.9136e+02	9.4155e+02	2.6390e+02	-6.8575e+02	2.5366e+03	9.1852e+02	-2.5121e+02	-2.2524e+03	7.7489e+02	2.5146e+02	-7.0061e+01	-2.4846e+02	1.4257e+03	2.4549e+02	1.3275e+03	1.6705e+03	1.0352e+03	1.6374e+03	-2.8742e+02	-1.1384e+03	-3.9505e+02	1.3990e+03	-1.8093e+02	2.5227e+03	2.2465e+03	-4.2777e+02	1.2442e+02	-2.5477e+02	-6.1740e+02	-8.3965e+02	-6.0506e+02	9.0872e+01	-1.4837e+03	-1.9642e+03	4.9085e+02	8.4410e+02	-6.8352e+02	-8.3142e+02	-1.1881e+03	6.5609e+02	-9.0992e+02	-4.4059e+02	1.5608e+03	-1.4213e+03	-5.0590e+02	-8.4318e+02	1.7010e+03	1.1468e+03	-3.0095e+02	8.7006e+01	5.1241e+02	-6.4505e+02
1.0000e+05	1.2865e+03	-1.4952e+03	-1.2329e+03	2.0810e+02	-5.9756e+02	1.5061e+02	5.8331e+02	-8.2273e+02	-5.2218e+02	-1.0101e+03	-1.8205e+02	1.1810e+02	-3.8338e+02	5.1602e+02	-9.1624e+02	4.1016e+02	-2.2242e+03	-1.5936e+02	1.2407e+03	-1.3063e+03	7.9588e+02	-3.5616e+02	-1.6648e+02	1.6120e+02	4.9952e+02	9.3248e+01	2.3668e+02	-5.8139e+02	3.7784e+02	-5.5562e+02	-1.3254e+02	-1.6732e+03	-1.6715e+02	1.2157e+02	-1.1916e+03	1.4921e+03	-1.2655e+03	-1.5288e+02	6.0607e+02	-1.0695e+03	-1.8260e+02	9.6376e+02	2.0606e+03	1.6748e+03	1.7478e+03	-3.5048e+02	8.9517e+02	-1.4630e+03	-2.2678e+03	-1.7655e+03	-1.6419e+03	2.2965e+02	-6.8963e+02	-2.5516e+02	-5.4321e+02	-1.2461e+02	1.4642e+02	6.4939e+02	1.3666e+03	5.4162e+02	1.1936e+02	-1.2085e+03	7.7828e+01	1.7802e+03	-6.4230e+02	-3.9576e+02	8.5463e+02	-3.6802e+02	-2.3022e+02	-2.0439e+02	-6.7399e+01	1.5855e+03	-8.0144e+02	-6.3090e+01	4.9509e+02	-1.0085e+03	1.6584e+02	4.1084e+02	-5.5527e+02	8.7148e+02	7.3634e+02	5.7672e+02	-2.6191e+02	-8.3112e+02	1.4835e+03	-1.3451e+03	1.9182e+02	-1.1132e+03	1.1800e+03	-2.4397e+02	-3.1012e+02	5.0828e+02	6.9913e+02	3.7188e+02	-4.6014e+02	7.2363e+02	1.7481e+03	-1.2160e+03	5.7132e+02	-1.2189e+03	-5.8279e+02	-4.9455e+02	3.2807e+02	-7.7636e+01	-1.0667e+03	3.2264e+02	7.0589e+02	1.7884e+03	-6.3826e+02	-3.1531e+02	1.8965e+02	-5.0905e+01	1.1401e+02	3.0679e+01	6.0056e+02	-3.3253e+02	-5.7653e+02	1.0787e+03	5.4119e+02	8.0381e+01	1.2538e+02	-6.7293e+01	5.3002e+02	1.9138e+02	-2.8206e+02	1.1233e+02	1.1088e+01	6.4056e+02	-3.6148e+02	-1.4981e+03	-1.5468e+02	-1.1716e+03	-5.3510e+00	1.5223e+03	-5.2437e+02	5.3349e+02	2.3150e+02	-9.5092e+02	6.0410e+02	-9.2381e+02	-1.3262e+03	-7.0961e+02	-4.6334e+02	3.0897e+01	3.7783e+02	7.7946e+02	-2.4690e+03	2.5950e+00	1.5470e+03	2.6719e+01	1.8126e+03	1.1876e+03	1.0113e+03	4.7313e+02	-8.5767e+02	-1.2612e+03	-2.1934e+02	-3.8338e+02	-6.2374e+02	2.2763e+02	-8.0277e+02	1.1239e+03	-2.2604e+02	-5.4550e+02	-3.3443e+02	-4.4214e+02	-4.1233e+02	2.7575e+02	9.9462e+02	3.9183e+02	-6.6977e+02	-3.2137e+02	-2.9499e+02	6.6576e+02	1.2319e+02	-1.5278e+03	-1.7560e+02	1.2239e+02	1.4806e+02	3.1354e+02	-3.8354e+02	1.5754e+02	1.6754e+03	-3.1478e+02	-1.7051e+03	8.6690e+02	-4.2643e+02	-1.4834e+03	-8.6810e+02	-1.1375e+03	7.0811e+02	1.7892e+02	-8.2178e+02	-8.2115e+02	-2.5319e+02	3.3305e+02	1.3351e+02	7.5733e+02	3.4351e+01	-2.4865e+02
1.0000e+05	9.7366e+01	-7.7416e+02	2.4704e+03	-1.2980e+03	1.9400e+03	1.6797e+02	-5.5319e+02	6.8796e+01	6.5954e+01	1.4506e+03	-1.3455e+03	1.8916e+03	1.7624e+03	4.8405e+02	-7.0859e+02	-1.3135e+03	9.2156e+02	-7.4168e+02	1.7700e+03	2.6279e+03	-6.3330e+02	7.0298e+02	1.2186e+03	-1.3523e+02	-8.2442e+02	6.4989e+02	-1.3577e+03	5.0772e+02	-3.9043e+02	-5.1999e+02	8.9093e+02	-5.6374e+02	-1.2857e+02	8.6335e+02	6.0857e+02	9.9651e+02	2.2369e+03	2.5436e+03	5.5724e+02	2.5673e+03	5.1137e+02	-4.3789e+02	4.1741e+03	2.3054e+03	-1.6977e+03	-1.3722e+03	4.5690e+01	3.5358e+02	-2.4188e+02	2.1031e+03	1.5018e+03	-6.7464e+02	1.8595e+02	7.4229e+02	3.5843e+02	8.2683e+02	-1.7183e+03	5.8162e+02	1.9349e+03	1.8005e+03	3.1036e+01	-4.2297e+00	-7.5774e+02	-7.2223e+01	6.8805e+01	2.0135e+03	-8.1855e+02	8.3378e+02	-3.3967e+03	-1.0159e+03	-9.6008e+02	1.4208e+03	2.4093e+02	1.2105e+03	-1.0060e+03	-2.2728e+03	-1.2785e+03	1.6262e+03	5.2135e+02	-7.5389e+01	7.7649e+02	2.3632e+03	-1.9518e+03	8.5988e+02	1.5887e+02	-1.2663e+03	4.8527e+02	2.2672e+03	1.2501e+03	2.1836e+02	-4.3262e+02	7.0188e+02	3.4912e+02	-1.6383e+03	-7.5830e+02	3.8422e+01	9.4471e+02	-2.2661e+02	-4.5140e+01	1.4783e+03	-2.0825e+03	-5.1507e+02	-2.5715e+02	-1.6288e+03	1.0947e+03	-6.3533e+02	1.3973e+03	8.9545e+02	1.2301e+03	-1.4680e+03	-4.0719e+02	1.0258e+03	-1.3868e+03	-2.0881e+03	6.2568e+02	5.5189e+02	-2.2612e+03	-4.2997e+02	7.2977e+01	2.9359e+03	-9.0392e+02	-5.4544e+02	-1.0241e+03	6.0464e+02	-1.9789e+03	2.7420e+02	1.3150e+02	2.3059e+03	1.4102e+03	-2.2692e+03	7.8678e+02	-6.9270e+02	-1.8075e+02	-1.2420e+03	4.4281e+02	2.0164e+03	2.1478e+03	2.6453e+02	-1.4462e+03	4.6973e+02	6.3292e+02	1.0920e+03	-7.9700e+01	-2.4707e+03	1.5212e+03	-8.1602e+02	-9.2661e+02	9.5555e+02	-1.2369e+03	1.6774e+03	5.8068e+02	-6.9070e+02	1.7477e+03	1.1342e+03	8.3030e+02	-1.7813e+03	1.0617e+03	1.9869e+02	-3.7264e+02	1.5505e+02	1.2783e+03	4.5687e+02	1.6157e+03	1.4685e+03	7.7624e+02	2.5970e+03	-2.0386e+02	-1.3329e+03	-1.3387e+03	1.5639e+03	-1.3122e+03	3.4752e+03	2.2913e+03	9.3391e+01	-9.8249e+01	1.0042e+02	-1.2701e+03	-1.2835e+03	-2.5465e+02	-3.2563e+02	-1.2875e+03	-1.6886e+03	6.9418e+02	1.3468e+03	-1.1286e+03	-6.0111e+02	-1.1091e+02	1.0112e+03	-8.5328e+02	-2.4800e+02	2.1674e+03	-1.5984e+03	-7.4404e+02	-9.2925e+02	1.9322e+03	1.5241e+03	-6.9283e+01	-2.5394e+02	5.2329e+02	-1.7540e+01
1.2000e+05	1.8630e+03	-1.4773e+03	-2.0130e+03	-1.3742e+02	-1.1343e+02	4.6771e+02	7.3820e+02	-9.1517e+02	-3.5972e+02	-9.0634e+02	-8.0893e+02	-2.2864e+02	7.4528e+01	6.0667e+02	-1.6424e+03	1.2089e+02	-2.0528e+03	1.6283e+02	1.3901e+03	-1.4868e+03	1.3043e+03	6.4311e+01	-5.5321e+02	-2.0284e+02	3.6648e+02	1.2243e+02	7.1375e+02	-5.4368e+02	9.3600e+01	-3.3369e+02	-2.9927e+02	-1.8391e+03	2.1047e+02	-1.4009e+02	-1.5138e+03	1.5254e+03	-1.1351e+03	-9.6216e+02	3.9662e+02	-1.1585e+03	-7.4439e+02	9.5422e+02	2.4079e+03	1.5258e+03	1.8214e+03	-7.5056e+02	8.7867e+02	-1.2352e+03	-2.5894e+03	-2.0725e+03	-1.1875e+03	-1.7941e+02	-4.3569e+02	-2.4716e+02	-3.8065e+02	-1.5206e+02	3.0230e+02	1.1035e+03	1.6450e+03	3.4190e+02	1.5534e+02	-1.3956e+03	-6.7642e+02	2.0208e+03	-9.6493e+02	-6.1229e+01	4.4988e+02	3.5618e+02	3.4986e+02	-4.3247e+02	-3.1655e+02	1.9230e+03	-7.5621e+02	6.2362e+02	9.8252e+02	-1.1652e+03	-4.5145e+02	1.1795e+03	-3.5604e+02	8.4123e+02	2.2178e+02	9.6621e+02	-1.1780e+02	-2.2889e+02	2.1380e+03	-2.1158e+03	5.3507e+02	-1.1350e+03	1.7922e+03	-1.7816e+02	-3.3583e+02	7.3699e+02	1.1179e+03	2.4432e+02	-1.0388e+03	1.0908e+03	1.0838e+03	-5.0117e+02	2.5474e+02	-1.3639e+03	-4.2598e+02	-1.4227e+02	-2.5472e+01	-6.0365e+01	-1.6668e+03	3.6684e+01	6.0963e+02	2.1403e+03	-7.0878e+02	-1.7094e+02	5.4950e+01	-3.0601e+02	-1.6854e+02	-2.9837e+02	7.0007e+02	-5.7110e+02	1.1153e+02	6.5858e+02	6.8658e+02	2.5541e+02	-4.6481e+02	1.7674e+02	3.6523e+02	3.1930e+02	-4.2010e+02	-1.1045e+02	3.3688e+02	7.7993e+02	-2.8614e+02	-1.7992e+03	-5.4922e+02	-9.9615e+02	1.6268e+02	1.3041e+03	1.0823e+00	5.9456e+02	7.3442e+02	-6.7306e+02	4.2030e+02	-8.5639e+02	-1.0568e+03	-1.0812e+03	-3.1721e+02	3.0535e+02	-2.7089e+02	5.9425e+02	-2.0264e+03	1.8103e+02	1.5977e+03	1.1391e+02	1.7435e+03	1.2732e+03	8.3865e+02	6.4631e+02	-3.6053e+02	-1.4113e+03	7.2757e+02	-3.4614e+02	-4.8088e+02	-1.1900e+02	-7.5721e+02	8.0153e+02	-3.2304e+02	-1.4454e+02	-5.1115e+02	-2.9792e+02	-2.3021e+02	-7.3785e+01	5.8782e+02	3.4083e+01	-2.9843e+02	-3.1679e+02	-4.2254e+02	4.3463e+02	-1.7083e+02	-1.9052e+03	3.2477e+02	-6.1437e+02	-3.7494e+02	5.2699e+01	-4.3848e+02	-9.8115e+01	2.2829e+03	-5.9428e+01	-2.0823e+03	8.0858e+02	-5.4073e+02	-1.3844e+03	-8.2753e+02	-1.5899e+03	7.9908e+02	4.6475e-01	-7.3601e+02	-4.7647e+02	-2.7626e+02	4.4959e+02	-2.4295e+02	1.5895e+03	-3.5916e+02	1.6269e+02
1.2000e+05	7.3327e+02	-3.9541e+02	2.1969e+03	-7.9884e+02	2.0338e+03	-2.2776e+02	-1.3823e+03	3.7689e+02	-6.4845e+02	1.4585e+03	-1.0508e+03	2.3247e+03	1.1738e+03	1.0785e+03	-6.5814e+02	-9.9560e+02	1.2988e+03	-4.2496e+02	1.9332e+03	2.2809e+03	-1.2155e+03	4.2140e+02	1.2012e+03	2.6402e+02	-5.6278e+02	9.5272e+02	-2.0149e+02	-4.2204e+02	-1.3335e+03	-7.6444e+02	5.8647e+02	-6.3303e+02	-9.1981e+02	8.6595e+02	-5.5353e+02	1.7633e+03	1.5250e+03	1.8328e+03	1.1810e+03	2.9143e+03	1.6679e+03	-1.0422e+02	4.0014e+03	2.1295e+03	-1.6935e+03	-1.4347e+03	5.2921e+02	9.0904e+02	-7.6720e+01	2.6074e+03	1.5428e+03	-5.1396e+02	5.9103e+02	4.5365e+02	9.7938e+01	1.4268e+03	-2.4039e+03	6.0361e+02	1.5097e+03	2.0393e+03	8.5972e+02	-6.8101e+02	6.5940e+02	-4.7748e+02	-2.5770e+02	1.6041e+03	-6.4601e+00	1.2578e+03	-3.5472e+03	-1.5827e+03	-1.2653e+03	1.5957e+03	-5.2088e+02	2.1816e+03	-1.0233e+03	-3.2077e+03	-7.5038e+02	1.5201e+03	-4.4666e+02	-6.3532e+02	9.3938e+02	1.8110e+03	-2.1951e+03	3.7648e+02	-1.3244e+02	-1.8093e+03	2.0000e+03	2.6823e+03	1.1508e+03	3.0659e+02	-1.0076e+03	7.9244e+02	2.9689e+02	-7.1681e+02	-1.1994e+03	4.0743e+02	1.1511e+02	-1.2241e+01	6.9846e+02	7.2810e+02	-2.1036e+03	2.5450e+02	-7.7524e+02	-2.3539e+03	2.7868e+03	5.3785e+01	1.9209e+03	8.4541e+02	1.6217e+03	-1.5883e+03	-4.5326e+02	1.9722e+02	-1.1918e+03	-2.1031e+03	-4.4959e+02	1.1064e+03	-3.4520e+03	-6.9278e+02	2.4142e+02	3.1206e+03	-1.0867e+03	-6.1812e+02	3.9280e+02	1.2635e+03	-2.4263e+03	1.1950e+03	1.0554e+03	3.0178e+03	8.9921e+02	-2.1898e+03	2.4203e+02	-3.0162e+02	6.0658e+02	-1.9418e+03	6.6557e+02	1.5732e+03	2.4706e+03	5.4851e+02	-1.6149e+03	-1.5396e+02	1.3029e+03	-2.2017e+02	-2.9998e+02	-2.0291e+03	1.8846e+03	-7.6921e+02	-3.1870e+02	8.7343e+02	-8.7235e+02	1.2803e+03	2.4734e+02	-8.5814e+02	2.2769e+03	4.3040e+02	4.4941e+01	-9.9804e+02	9.4514e+02	6.6841e+02	-7.7441e+01	1.0696e+03	1.4330e+03	5.8719e+02	1.7488e+03	2.2846e+03	1.5094e+03	3.2849e+03	2.9599e+02	-1.7101e+03	-1.3973e+03	1.2170e+03	-1.6207e+03	3.4305e+03	1.8472e+03	-1.2570e+03	-4.3114e+02	-2.5160e+02	-1.8071e+03	-1.1308e+03	-5.3242e+02	5.4402e+02	-1.3020e+03	-1.8973e+03	9.3850e+02	2.0623e+03	-1.0167e+03	-1.4911e+03	-6.0838e+02	1.6908e+03	3.1742e+02	-1.3575e+03	2.4093e+03	-2.0249e+03	-7.1672e+02	-2.2843e+03	1.9126e+03	1.6441e+03	-5.7074e+02	6.3904e+02	1.4605e+03	1.0171e+03
1.4000e+05	2.0053e+03	-1.4676e+03	-2.0128e+03	-8.0627e+02	-4.0761e+02	1.8072e+02	4.3446e+02	-6.5508e+02	-6.4074e+02	-1.4212e+03	-8.9665e+02	-4.9038e+02	3.5762e+02	7.4055e+02	-1.7969e+03	-7.3385e+02	-2.2150e+03	-3.2542e+02	1.4583e+03	-1.6926e+03	1.5095e+03	2.1244e+02	-1.5111e+02	1.4853e+02	3.9404e+02	1.0172e+02	8.9492e+01	-5.1214e+02	-8.7645e+01	-6.6300e+02	-3.5825e+02	-1.7249e+03	5.6479e+02	-4.9189e+02	-9.5047e+02	1.3945e+03	-9.8453e+02	-1.0587e+03	9.1031e+02	-8.6245e+02	-7.2924e+01	8.6940e+02	3.1981e+03	1.4410e+03	2.1183e+03	-2.0084e+02	1.5500e+03	-6.5809e+02	-2.5704e+03	-2.2438e+03	-1.2815e+03	-4.0059e+02	-5.1945e+02	-7.6194e+02	-6.6740e+02	7.2282e+01	2.6745e+02	5.3473e+02	1.5630e+03	3.5807e+00	-6.4722e+01	-1.2191e+03	-3.3150e+02	2.3481e+03	-1.6514e+03	4.3109e+02	9.7210e+02	2.7460e+02	4.0921e+02	3.0782e+02	-2.0539e+02	1.9930e+03	-4.4353e+02	7.5184e+02	8.7146e+02	-1.1484e+03	-5.8152e+02	1.9283e+03	-7.1785e+02	4.4355e+02	8.2972e+02	6.1974e+02	-2.4991e+02	1.8463e+02	1.9993e+03	-1.7449e+03	7.4129e+02	-1.2231e+03	1.6541e+03	4.0063e+02	-4.1719e+02	7.1288e+02	1.0965e+03	7.4834e+02	-9.5686e+02	7.2524e+02	1.1038e+03	-3.6491e+02	3.0165e+02	-1.8511e+03	-2.0476e+02	-4.4650e+02	-2.0455e+02	-1.9537e+02	-1.8420e+03	-3.6406e+02	4.4361e+02	2.0738e+03	-6.1551e+02	-1.9493e+00	3.1079e+00	-9.4561e+02	-2.0466e+02	-7.6355e+02	1.6011e+02	-6.6026e+02	5.8457e+02	2.4598e+02	1.1529e+02	2.6885e+02	-2.5026e+02	1.2830e+02	-1.8377e+01	4.5455e+02	-4.2785e+02	1.5583e+02	3.3770e+02	8.2490e+02	-1.0123e+03	-8.9260e+02	-5.1120e+02	-1.2389e+03	2.4460e+02	2.4515e+03	-5.1371e+02	9.9668e+02	4.6024e+02	-6.8882e+02	4.6650e+02	-1.1612e+03	-1.6164e+03	-1.7619e+03	-7.1841e+02	5.5699e+02	-5.5257e+02	7.4331e+02	-3.6437e+03	3.1939e+02	1.6827e+03	7.2656e+02	1.8640e+03	1.2599e+03	1.3601e+03	5.7145e+02	-1.1357e+02	-1.2509e+03	1.0892e+03	3.6613e+01	-8.9720e+02	1.6364e+02	-8.1291e+02	6.9543e+02	-1.8902e+02	4.5547e+02	-1.5651e+02	-4.6962e+02	2.8374e+02	2.3229e+02	4.9465e+02	4.3673e+02	-4.5007e+02	-2.1099e+02	-2.4079e+01	6.6739e+02	-7.6996e+01	-1.5712e+03	1.1161e+02	-2.8088e+02	-6.9853e+02	-1.8481e+02	-1.3119e+02	6.4845e+01	2.5878e+03	-8.7455e+02	-2.4012e+03	1.2049e+03	-5.1262e+02	-8.0254e+02	-9.1762e+02	-1.7516e+03	7.9415e+02	3.7692e+02	-8.9071e+02	-5.1769e+02	-2.8060e+02	7.6796e+01	-3.7289e+02	1.7950e+03	-8.6052e+02	1.2070e+02
1.4000e+05	1.3723e+03	-2.7540e+02	2.2998e+03	-1.1601e+03	1.3631e+03	-2.1091e+02	-1.4949e+03	1.6231e+03	-1.1464e+03	1.7211e+03	-5.5629e+02	2.1318e+03	4.3536e+02	7.2542e+01	-3.5804e+02	-4.7504e+02	2.2889e+03	-7.0256e+02	1.9716e+03	2.4284e+03	-1.6178e+03	3.4660e+02	1.0975e+03	-4.0273e+02	-1.2022e+03	1.0386e+03	-4.5788e+02	-7.7059e+02	-1.6948e+03	-1.2110e+03	8.4862e+02	5.0135e+01	2.0070e+02	1.2868e+03	-1.2953e+03	1.5039e+03	1.7457e+03	2.1706e+03	2.6991e+02	2.8086e+03	9.5659e+02	4.9152e+02	4.0643e+03	2.1528e+03	-2.3514e+03	-3.1403e+02	1.0004e+03	1.7256e+03	-8.7852e+02	2.5180e+03	1.2265e+03	-3.2729e+02	8.4957e+02	2.7906e+01	5.0837e+02	1.6955e+03	-1.9032e+03	4.7447e+02	2.4537e+02	1.9953e+03	1.7597e+03	-7.4965e+02	1.2242e+03	-6.5141e+02	-1.0395e+03	1.9639e+03	1.1945e+03	1.3096e+03	-3.8783e+03	-1.0792e+03	-3.6434e+02	1.3930e+03	-9.7548e+02	1.5571e+03	-6.4032e+02	-4.0023e+03	-9.0987e+02	1.4750e+03	-2.4525e+02	-1.4020e+03	9.0149e+02	1.8323e+03	-1.9557e+03	-1.0291e+03	3.4751e+02	-2.1702e+03	2.7134e+03	2.3139e+03	2.4950e+02	6.7889e+01	-9.4311e+02	1.2165e+03	-5.7952e+02	-1.4935e+03	-1.3109e+03	7.9571e+02	-1.1377e+02	-4.6337e+02	1.5972e+03	1.0471e+03	-2.5279e+03	-6.4938e+02	-5.9409e+02	-2.3066e+03	2.2094e+03	6.7744e+02	2.0016e+03	1.6151e+03	1.6924e+03	-1.9038e+03	-4.3786e+02	1.9823e+02	-1.6630e+03	-2.3164e+03	-4.0903e+02	7.9205e+02	-3.1439e+03	2.8223e+02	3.8900e+02	3.8401e+03	-7.1959e+02	-1.0115e+03	1.0822e+03	7.4485e+02	-2.4739e+03	1.6355e+03	-6.7962e-01	2.2297e+03	6.6383e+02	-1.7132e+03	5.7638e+02	4.9885e+02	6.1945e+02	-1.6137e+03	1.4531e+02	1.9642e+03	2.3246e+03	2.8894e+02	-2.1492e+03	-3.8089e+02	1.5961e+03	-1.1232e+03	7.7772e+02	-1.0672e+03	1.7914e+03	-1.1444e+03	-4.6561e+02	-2.2282e+01	-1.5502e+03	1.4936e+03	2.9430e+02	-2.1366e+02	3.4350e+03	6.2992e+00	-7.5425e-02	-9.5868e+02	9.9461e+02	6.9236e+02	-7.4770e+02	2.0952e+03	9.3436e+02	1.6437e+03	6.0163e+02	3.0667e+03	1.7558e+03	2.9705e+03	4.9496e+02	-2.6915e+03	-1.7145e+03	1.8593e+03	-2.2569e+03	4.9162e+03	1.7040e+03	-1.3902e+03	-3.7060e+02	3.0825e+02	-1.8514e+03	-1.9725e+03	-1.3268e+03	-5.2390e+00	-2.3986e+02	-1.6600e+03	1.6506e+02	2.2081e+03	-1.8041e+02	-1.7087e+03	-9.0950e+02	2.6687e+03	-4.5650e+02	-1.2558e+03	3.3753e+03	-2.3458e+03	-4.6516e+02	-2.0009e+03	2.5941e+03	2.4047e+03	-1.1885e+01	9.8143e+02	1.4352e+03	1.2373e+03
1.6000e+05	1.7725e+03	-1.8993e+03	-1.5735e+03	-9.6050e+02	-3.7649e+02	9.7788e+02	-5.3110e+02	-9.9965e+02	-9.4034e+02	-1.5207e+03	-8.6742e+02	-4.2722e+02	5.4692e+02	8.0802e+02	-2.3909e+03	-7.2050e+02	-2.7727e+03	-3.1668e+02	1.3726e+03	-1.8471e+03	1.1568e+03	2.8756e+02	1.4487e+02	-3.8435e+02	2.3307e+02	-3.7279e+02	-8.0991e+01	-1.7191e+02	1.8900e+02	-9.1281e+02	-8.1598e+01	-1.6879e+03	1.6011e+02	-2.2242e+02	-1.3743e+03	1.4621e+03	-1.1949e+03	-8.0630e+02	1.3057e+03	-7.3050e+02	-7.0578e+01	5.7252e+02	3.3933e+03	1.5458e+03	2.2573e+03	9.0616e+01	2.1131e+03	-1.2844e+03	-2.5729e+03	-1.8257e+03	-7.4885e+02	-1.1010e+03	-5.1857e+02	-5.3889e+02	-8.5483e+02	-1.7266e+01	-1.6694e+02	-4.0075e+01	1.2499e+03	-1.6101e+02	-6.3860e+02	-9.5861e+02	-6.2033e+02	2.3063e+03	-2.1783e+03	1.1314e+03	1.5023e+03	6.8821e+02	-3.4369e+01	-4.8116e+02	-7.8463e+02	2.0270e+03	-3.5879e+02	3.4965e+01	3.4781e+01	-1.3193e+03	-4.0102e+02	1.6409e+03	-8.0720e+02	8.7864e+02	2.9856e+02	3.1338e+01	-3.3089e+02	2.5463e+02	1.3421e+03	-1.5075e+03	3.4849e+02	-1.9415e+03	1.5829e+03	5.2920e+02	-1.9583e+02	3.7046e+02	1.1231e+03	7.4771e+02	-1.1513e+03	1.1537e+03	1.3650e+03	-1.2885e+02	1.9974e+02	-2.3586e+03	4.0016e+02	-2.4026e+02	2.0904e+02	-4.6358e+01	-1.0586e+03	1.7290e+01	-2.2962e+02	2.2318e+03	-5.4165e+02	2.6982e+02	-5.8176e+01	-1.1953e+03	-4.5994e+02	-1.1796e+03	-7.7794e+01	-1.8267e+02	6.8952e+02	3.6105e+01	1.9692e+02	8.7866e+01	-1.0769e+03	9.0786e+02	4.1212e+00	5.6111e+02	-1.0814e+02	6.4412e+02	1.2441e+02	8.6729e+02	-9.3217e+02	-2.6931e+02	-2.8150e+02	-1.2521e+03	1.8513e+01	2.4431e+03	-8.3233e+02	1.7889e+03	6.4443e+02	-7.4009e+02	8.2796e+02	-1.4851e+03	-1.2761e+03	-1.9944e+03	-4.6528e+02	1.0124e+03	-6.1364e+02	7.3396e+02	-3.3805e+03	-1.6725e+02	1.7846e+03	3.3697e+02	1.9887e+03	7.1046e+02	1.4865e+03	4.6858e+02	-1.2715e+02	-1.5182e+03	7.3631e+02	7.9006e+00	-6.4591e+02	5.2906e+02	-5.6698e+02	1.1570e+02	-2.8070e+02	4.4643e+02	4.5930e+02	-6.2449e+02	1.4129e+02	7.0887e+02	5.0444e+02	4.2856e+02	-3.9027e+02	1.1186e+02	2.0754e+02	4.8975e+02	-1.7398e+02	-1.8538e+03	-8.4288e+00	-2.9366e+01	7.2476e+01	-6.9989e+01	1.6471e+02	5.1305e+01	2.9518e+03	-4.1402e+02	-2.6032e+03	1.3858e+03	-4.9742e+02	-9.6848e+02	-8.5261e+02	-2.0046e+03	1.3227e+03	2.8387e+02	-1.2372e+03	-1.6524e+02	5.9876e+02	-5.1962e+01	-5.5002e+02	1.6994e+03	-4.0415e+02	5.0271e+02
1.6000e+05	1.4852e+03	-8.0618e+02	2.8699e+03	-1.2025e+03	2.2419e+03	-3.6665e+02	-1.7454e+03	1.3125e+03	-2.3205e+03	1.6257e+03	-1.0201e+03	2.3813e+03	5.6354e+02	2.4196e+01	-4.0200e+02	5.8519e+02	2.1037e+03	-2.9860e+01	3.0301e+03	1.7951e+03	-2.0340e+03	9.7566e+02	1.7616e+03	-5.7236e+01	-1.5125e+03	1.2561e+03	-4.4212e+02	-6.7265e+02	-1.6971e+03	-1.5988e+03	1.4460e+03	-3.8348e+02	9.8076e+02	1.6737e+03	-4.6377e+02	1.7400e+03	1.4871e+03	1.7760e+03	-2.2446e+02	2.2344e+03	2.2676e+03	1.2467e+02	3.8889e+03	1.7157e+03	-3.1862e+03	1.3813e+03	3.7833e+02	6.7191e+02	-8.1982e+02	2.3365e+03	1.7513e+03	2.7225e+02	1.1488e+03	-5.0110e+02	6.3928e+02	1.6423e+03	-2.2360e+03	-6.8179e+01	6.1992e+02	2.9711e+03	1.0362e+03	-7.8136e+02	1.8275e+03	-1.3371e+03	-1.6843e+03	1.9965e+03	1.6554e+03	2.5063e+02	-3.2820e+03	-1.5439e+03	1.1128e+02	1.4444e+03	-5.1512e+02	1.4985e+03	4.3335e+02	-3.3657e+03	-1.0159e+02	1.0135e+03	-8.6307e+02	-1.1795e+03	1.0374e+03	1.1068e+03	-2.3437e+03	-1.5070e+03	-8.0904e+01	-1.7817e+03	3.5496e+03	2.5492e+03	5.4690e+02	-7.6769e+01	-1.2976e+03	8.9372e+02	-2.3882e+02	-1.9173e+03	-1.2057e+03	4.8389e+02	1.0064e+03	-1.7086e+01	2.6702e+03	1.4244e+03	-2.4348e+03	-8.2292e+02	-2.5124e+02	-2.6513e+03	2.0290e+03	9.4654e+02	1.0544e+03	6.5651e+02	2.6161e+03	-2.7038e+03	-5.9988e+02	7.4799e+02	-9.0303e+02	-2.7798e+03	-8.8535e+02	1.1141e+03	-2.4185e+03	5.5823e+01	5.8054e+02	3.1623e+03	5.0851e+02	-1.8880e+03	1.6860e+03	1.0342e+03	-1.7520e+03	1.1171e+03	-2.5441e+02	1.0214e+03	8.9733e+01	-1.8072e+03	-1.2474e+02	1.0877e+01	8.3865e+02	-1.2430e+03	2.1040e+02	8.7624e+02	2.0246e+03	-3.5944e+02	-1.4999e+03	-2.7369e+02	2.0831e+03	-1.7495e+03	4.1674e+02	-1.8872e+03	2.0678e+03	-1.1330e+03	-4.4091e+02	-1.0553e+03	-6.0756e+01	9.9251e+02	2.7272e+02	-6.6226e+02	3.0037e+03	-1.0485e+03	-2.4536e+02	-7.8084e+02	1.2617e+03	3.9190e+02	-9.4569e+02	3.0704e+03	1.2917e+03	1.3887e+03	4.4377e+02	2.6598e+03	1.9759e+03	3.5524e+03	2.1426e+02	-3.4730e+03	-1.7195e+03	1.8192e+03	-1.8194e+03	4.9614e+03	2.0218e+03	-1.6461e+03	-9.9205e+02	3.3624e+02	-2.0486e+03	-2.2066e+03	-1.6974e+03	5.4269e+02	2.9470e+02	-1.2330e+03	4.6884e+02	1.9404e+03	-4.1506e+02	-1.3909e+03	-1.5286e+03	3.6746e+03	1.4392e+02	-1.1601e+03	3.4852e+03	-2.0974e+03	-2.6278e+02	-2.5298e+03	3.3497e+03	2.3919e+03	8.5982e+02	1.3388e+03	1.0030e+03	1.4756e+03
1.8000e+05	1.5437e+03	-1.7369e+03	-1.4606e+03	-1.2193e+03	-1.5522e+02	9.4088e+02	-1.1790e+03	-9.9217e+02	-4.2088e+02	-1.7652e+03	-1.4866e+03	-1.5156e+02	7.5902e+02	-3.4616e+01	-2.6980e+03	-2.7107e+01	-3.3506e+03	-3.2059e+00	1.1942e+03	-2.2043e+03	1.9290e+03	9.6393e+02	-3.7496e+02	-5.5366e+02	9.6730e+02	-1.7776e+02	3.8764e+01	-4.3695e+02	-1.2461e+02	-9.4523e+02	-2.6673e+02	-1.6092e+03	5.0549e+02	-9.4345e+02	-1.1013e+03	2.1224e+03	-6.8293e+02	-7.6955e+01	1.5153e+03	-5.8924e+02	-7.7077e+01	-1.1279e+02	3.1105e+03	1.0810e+03	1.6205e+03	-2.1073e+02	1.8736e+03	-1.8152e+03	-2.8046e+03	-2.0458e+03	-6.7694e+02	-6.4642e+02	-1.3407e+02	-2.5109e+02	-1.1536e+03	7.8327e+02	2.6681e+02	-1.4947e+02	1.5015e+03	-1.0388e+02	-1.3346e+03	-1.2764e+03	-4.7983e+02	2.4969e+03	-2.7076e+03	1.0162e+03	1.3422e+03	3.0838e+02	-6.0298e+00	-6.3613e+02	-3.3981e+02	2.4875e+03	-5.8330e+02	6.0784e+02	3.8199e+02	-1.0705e+03	-6.6448e+02	1.3958e+03	-5.4440e+02	1.5115e+03	1.2512e+03	3.3625e+02	-4.0442e+02	8.1901e+02	2.4636e+03	-1.3519e+03	4.2085e+02	-1.1839e+03	1.0312e+03	9.6482e+02	-5.0278e+02	5.0277e+02	1.1762e+03	8.5595e+02	-1.6374e+03	6.6677e+02	1.5253e+03	4.7090e+01	7.9933e+02	-2.2783e+03	8.9458e+02	-1.6946e+02	-1.8836e+02	-2.5699e+01	-8.6402e+02	3.1374e+02	1.4655e+02	2.3892e+03	-2.7419e+02	-7.0066e+01	2.9130e+02	-1.7871e+03	-1.5231e+02	-8.8489e+02	1.2281e+02	9.1135e+00	1.1347e+03	6.4021e+02	5.9144e+02	2.3054e+02	-1.9805e+03	4.9392e+02	-6.9955e+01	1.3825e+02	-3.3578e+02	8.4565e+02	-1.1190e+02	9.7778e+02	-1.4174e+03	-1.9103e+02	-2.5059e+01	-9.2658e+02	-1.2916e+02	3.0169e+03	-8.6938e+02	1.8673e+03	5.7619e+02	-1.3487e+03	5.4771e+02	-1.5187e+03	-5.7226e+02	-1.3260e+03	4.6233e+01	1.1176e+03	-2.2296e+02	7.1398e+02	-3.5298e+03	3.9831e+02	1.1835e+03	7.2827e+02	1.9818e+03	9.1702e+02	1.6027e+03	6.4167e+02	-4.3574e+02	-9.0884e+02	1.1979e+03	-8.3818e+01	-8.4647e+02	3.5755e+02	-6.5713e+02	8.1504e+02	-2.7733e+01	5.3448e+02	4.2937e+02	-7.5466e+02	3.9285e+02	6.1208e+02	6.4861e+02	-1.3446e+02	1.2280e+02	-1.1507e+01	6.7679e+02	-3.7760e+01	-5.2520e+02	-1.9014e+03	-1.9063e+02	-2.7339e+01	7.9059e+02	2.9081e+02	2.9414e+02	3.0312e+01	2.8519e+03	4.8081e+01	-2.8274e+03	1.2340e+03	-4.5577e+02	-9.7925e+02	-5.0613e+02	-2.2043e+03	1.6347e+03	3.9317e+02	-9.0841e+02	-6.1524e+02	3.3250e+02	4.1085e+02	-3.0092e+02	1.7448e+03	-3.4633e+02	3.9681e+02
1.8000e+05	1.5545e+03	-5.5460e+02	2.8184e+03	-1.8692e+03	1.8826e+03	-5.5116e+02	-1.2780e+03	7.0165e+02	-2.8672e+03	1.1110e+03	-2.2990e+02	1.6349e+03	3.7809e+02	7.3312e+02	-1.6506e+01	6.8006e+02	2.5920e+03	5.1089e+02	2.8360e+03	2.1415e+03	-1.7860e+03	3.1330e+02	1.8132e+03	1.0252e+03	-1.6725e+03	1.1231e+03	-1.6737e+03	-3.2398e+02	-2.1753e+03	-9.7524e+02	2.2824e+03	-5.2411e+02	1.6721e+03	9.6189e+02	2.7526e+02	2.3127e+03	2.4343e+02	9.8485e+02	-8.8861e+02	2.5741e+03	3.0654e+03	-4.3195e+02	4.2809e+03	1.3398e+03	-3.1349e+03	1.8536e+03	1.8218e+02	4.9119e+02	-1.1737e+03	3.4589e+03	-2.5695e+02	2.8761e+01	1.8518e+03	-1.4456e+03	1.1974e+03	1.1275e+03	-1.8377e+03	6.8208e+02	-6.9808e+02	2.5412e+03	8.1916e+01	-1.3999e+02	2.1026e+03	-5.7562e+02	-1.6701e+03	2.0823e+03	1.7066e+03	4.1673e+02	-3.9028e+03	-1.5440e+03	-6.1025e+02	1.5609e+03	-7.2863e+02	2.1398e+03	6.8634e+02	-3.5978e+03	1.1190e+03	8.5830e+02	-1.3270e+03	-1.8336e+03	1.9707e+03	1.1173e+03	-2.5288e+03	-7.4541e+02	-2.5427e+02	-1.9300e+03	3.3567e+03	2.4284e+03	1.0665e+03	-4.5894e+02	-2.1790e+03	1.1699e+03	-4.8149e+02	-2.8087e+03	-8.8601e+02	1.4139e+02	2.4960e+03	3.7111e+02	2.2752e+03	1.6686e+03	-2.5465e+03	-1.6388e+02	-1.3240e+03	-2.6397e+03	2.0451e+03	6.8669e+02	1.3001e+03	1.5294e+03	2.6253e+03	-2.8267e+03	-2.2785e+02	-8.6167e+02	-3.4581e+01	-3.4847e+03	-9.3168e+02	1.2300e+03	-2.5910e+03	1.7889e+01	5.9199e+02	2.5522e+03	7.1619e+02	-2.1109e+03	2.2432e+03	6.0631e+02	-2.0149e+03	2.1178e+02	3.7556e+01	4.8525e+02	1.4111e+01	-2.1746e+03	6.1400e+01	-4.1762e+02	4.5480e+02	-7.6360e+02	1.1022e+03	2.3248e+02	2.0011e+03	-3.3719e+02	-1.5232e+03	2.2496e+02	2.2292e+03	-1.8914e+03	5.4883e+02	-1.8993e+03	1.2435e+03	-6.7376e+02	-1.0438e+03	-9.8385e+02	5.0559e+02	2.7688e+02	8.4133e+02	-5.9829e+01	3.6745e+03	-1.8458e+03	-3.8622e+02	-7.2018e+02	9.4641e+02	1.3320e+03	-1.9691e+02	2.8074e+03	1.3228e+03	7.7029e+02	6.4539e+02	3.6078e+03	1.8605e+03	3.7475e+03	5.1050e+02	-4.0336e+03	-1.6649e+03	2.0927e+03	-1.5704e+03	5.4210e+03	1.1947e+03	-1.9995e+03	-6.4051e+02	7.8614e+02	-1.5292e+03	-2.4122e+03	-1.5968e+03	1.0022e+03	-3.8184e+02	-1.8909e+03	-1.5941e+02	2.1839e+03	-3.3442e+02	-2.0230e+03	-2.3350e+03	3.4451e+03	5.1695e+02	-5.6162e+02	3.9078e+03	-2.2591e+03	-1.1757e+03	-3.4430e+03	3.5604e+03	2.2868e+03	4.9152e+01	1.6150e+03	2.7901e+02	6.3132e+02
2.0000e+05	1.1118e+03	-1.7738e+03	-1.2658e+03	-1.1509e+03	-4.9288e+02	1.4715e+03	-8.2462e+02	-1.3239e+03	-2.4881e+02	-2.4442e+03	-1.2885e+03	-5.0535e+02	-3.5345e+02	-1.0056e+02	-2.2948e+03	1.4334e+02	-2.7179e+03	-1.6518e+02	1.7092e+03	-2.1497e+03	1.6095e+03	7.1359e+02	-5.8645e+01	-3.7626e+02	1.3667e+03	1.4234e+02	-1.1842e+02	-7.3120e+02	7.5579e+01	-1.0496e+03	1.7054e+01	-1.1410e+03	3.7157e+02	-1.1273e+03	-1.6452e+03	1.9946e+03	-1.0053e+03	2.2252e+02	1.1140e+03	-1.5290e+03	-2.6548e+02	-4.5819e+02	2.8175e+03	1.3619e+03	1.3040e+03	-3.2952e+02	1.5343e+03	-1.7672e+03	-2.8910e+03	-2.3056e+03	-1.1889e+03	-3.8332e+02	3.9933e+02	7.6787e+01	-1.5228e+03	1.5823e+02	-2.8074e+01	-6.1480e+02	1.3839e+03	1.5974e+02	-1.0484e+03	-1.4704e+03	-1.5794e+02	2.2007e+03	-3.3764e+03	1.3573e+03	1.2271e+03	7.6838e+02	-1.4269e+02	-3.7952e+02	-1.2436e+02	2.3675e+03	-7.1520e+02	1.2266e+03	2.9366e+01	-8.6996e+02	-7.0658e+02	2.2018e+03	-3.7930e+02	1.6553e+03	1.4952e+03	-2.3878e+02	5.7861e+02	6.0825e+02	2.5981e+03	-8.7904e+02	1.0360e+03	-1.8393e+03	8.6486e+02	8.0342e+02	-1.1206e+03	7.6667e+02	1.1523e+03	1.1023e+03	-1.8189e+03	1.4373e+03	8.3635e+02	1.0947e+02	3.8829e+02	-2.4034e+03	1.1084e+03	-4.3960e+02	-3.4928e+02	5.7479e+02	-6.2215e+02	7.8466e+02	-1.1698e+02	2.1265e+03	1.8763e+02	1.9524e+01	4.0956e+02	-2.0377e+03	-3.9362e+01	-1.2081e+03	1.8219e+02	-1.9470e+02	5.8851e+02	1.1983e+02	2.9900e+02	-1.4145e+02	-2.2483e+03	-7.7412e+01	9.1235e+01	3.6113e+02	2.7538e+00	1.0574e+03	-5.9452e+02	6.8896e+02	-1.3788e+03	2.0742e+02	4.5682e+02	-1.6195e+03	-5.8760e+02	2.5193e+03	-1.1397e+03	1.4970e+03	8.2960e+02	-1.6796e+03	1.1846e+02	-2.0589e+03	-4.0547e+02	-1.7983e+03	-4.4898e+02	1.3095e+03	-4.7093e+02	7.6791e+02	-3.6209e+03	-2.1985e+02	1.2501e+03	1.0213e+03	1.5870e+03	1.2570e+03	1.4444e+03	5.7856e+02	-4.5022e+01	-1.4660e+03	1.8078e+03	-7.0519e+01	-1.0329e+03	-1.5314e+02	-7.9599e+02	6.1899e+02	3.5890e+02	1.4261e+03	1.8154e+03	-6.4147e+02	-4.2635e+02	4.0167e+02	-1.0148e+02	-1.5833e+02	4.8473e+02	-2.3485e+02	5.3129e+02	7.0018e+02	-7.9649e+02	-1.9338e+03	7.2597e+01	-2.4675e+02	1.0505e+03	1.3595e+02	4.6272e+02	-2.8306e+02	2.7501e+03	-7.9663e+00	-3.4723e+03	1.6438e+03	-6.1431e+02	-1.2903e+03	-1.1705e+03	-2.4194e+03	1.6628e+03	1.9719e+02	-1.0051e+03	-2.3896e+02	1.0390e+03	6.8352e+02	-3.7154e+02	1.8654e+03	-8.4149e+02	1.1260e+03
2.0000e+05	1.1901e+03	-6.9095e+02	3.5744e+03	-6.2970e+02	9.5573e+02	5.4679e+01	-2.0100e+03	8.2667e+02	-3.5442e+03	8.5358e+02	-6.2672e+02	2.1942e+03	9.7849e+01	3.3340e+02	7.1398e+02	6.6705e+02	3.4076e+03	-1.3317e+02	2.8649e+03	2.5448e+03	-5.3034e+02	-2.9658e+01	1.6076e+03	7.1529e+02	-3.2022e+03	1.6785e+03	-1.3463e+03	-5.3610e+02	-2.1382e+03	-6.0889e+02	3.5618e+03	-7.8202e+02	2.9764e+03	1.2940e+03	1.3095e+03	2.6087e+03	2.6074e+02	9.0058e+02	-1.1192e+03	2.7885e+03	3.5281e+03	2.2293e+01	3.4911e+03	2.7216e+02	-3.2364e+03	2.8045e+03	-7.6212e+02	9.1068e+02	-5.7463e+02	3.7924e+03	5.9861e+02	5.7576e-01	1.6860e+03	-1.6326e+03	2.9379e+02	9.3484e+02	-2.4962e+03	1.5623e+03	-1.8586e+03	3.0656e+03	-7.4180e+02	-2.2904e+02	2.1012e+03	-4.7800e+02	-1.2594e+03	9.8752e+02	2.7854e+03	4.8966e+02	-3.4708e+03	-1.4892e+03	1.3408e+02	1.8485e+03	-1.6263e+03	3.1593e+03	3.1074e+02	-3.5473e+03	3.1031e+02	1.6524e+03	-8.2529e+02	-1.6138e+03	8.9150e+02	9.6109e+02	-1.9365e+03	-8.0228e+02	3.0223e+02	-1.8641e+03	3.2802e+03	2.1160e+03	1.3339e+03	-1.6168e+02	-1.1429e+03	1.9367e+03	-1.0216e+03	-4.4505e+03	-7.0626e+02	1.5794e+03	2.3129e+03	2.0726e+02	2.1170e+03	2.1896e+03	-2.7476e+03	4.7608e+02	-1.9116e+03	-2.7262e+03	2.0340e+03	5.3995e+02	1.0113e+03	1.9200e+03	1.6462e+03	-3.8298e+03	-8.0925e+02	-8.4780e+02	4.1522e+02	-2.9613e+03	-6.6704e+02	1.0499e+03	-9.3806e+02	2.5346e+02	1.3085e+03	2.9947e+03	1.9897e+03	-2.1750e+03	2.1728e+03	1.0072e+03	-1.6775e+03	4.6095e+02	-5.6803e+02	2.4847e+02	-1.3250e+02	-2.5628e+03	-3.5751e+02	-9.7762e+02	6.0050e+02	-9.7681e+02	4.9813e+02	9.0582e+02	2.3673e+03	-7.7395e+02	-1.4417e+03	2.6220e+02	1.9332e+03	-1.2908e+03	1.2355e+03	-2.4576e+03	1.8543e+03	-3.4047e+02	-9.4933e+02	-1.3634e+03	6.6560e+02	4.0300e+02	5.4189e+02	4.0101e+02	3.8550e+03	-1.5031e+03	1.3039e+02	-3.9163e+02	1.4013e+03	1.3344e+03	-3.6520e+02	3.2016e+03	1.4920e+03	7.6725e+02	5.7801e+02	3.8248e+03	2.5546e+03	4.9237e+03	1.3642e+02	-4.1404e+03	-1.7673e+03	2.3224e+03	-1.3495e+03	4.9292e+03	1.5808e+03	-2.3662e+03	-7.9270e+02	1.4021e+03	-2.2219e+03	-1.3045e+03	-1.8775e+03	5.9706e+02	-6.5973e+02	-1.3938e+03	2.9788e+02	2.3798e+03	1.1047e+01	-2.6756e+03	-2.1137e+03	3.2572e+03	1.3148e+03	-8.7280e+02	3.6805e+03	-1.0166e+03	-7.1021e+02	-4.4548e+03	2.8285e+03	1.0578e+03	-9.3393e+01	1.9917e+03	3.7118e+02	3.8089e+02
