2.0000e+05	7.4109e+04
2.0000e+05	7.4101e+04
2.0000e+05	7.4240e+04
2.0000e+05	7.5244e+04
2.0000e+05	7.6615e+04
2.0000e+05	7.7953e+04
2.0000e+05	8.0624e+04
2.0000e+05	8.2888e+04
2.0000e+05	8.5207e+04
2.0000e+05	8.7719e+04
2.0000e+05	9.1027e+04
2.0000e+05	9.3807e+04
2.0000e+05	9.7264e+04
2.0000e+05	1.0143e+05
2.0000e+05	1.0565e+05
2.0000e+05	1.0911e+05
2.0000e+05	1.1302e+05
2.0000e+05	1.1679e+05
2.0000e+05	1.1992e+05
2.0000e+05	1.2254e+05
2.0000e+05	1.2638e+05
2.0000e+05	1.2976e+05
2.0000e+05	1.3288e+05
2.0000e+05	1.3486e+05
2.0000e+05	1.3351e+05
2.0000e+05	1.2902e+05
2.0000e+05	1.2680e+05
2.0000e+05	1.2764e+05
2.0000e+05	1.2852e+05
2.0000e+05	1.3090e+05
2.0000e+05	1.3072e+05
2.0000e+05	1.3014e+05
2.0000e+05	1.3029e+05
2.0000e+05	1.2904e+05
2.0000e+05	1.2818e+05
2.0000e+05	1.2928e+05
2.0000e+05	1.2891e+05
2.0000e+05	1.2893e+05
2.0000e+05	1.2900e+05
2.0000e+05	1.2895e+05
2.0000e+05	1.2885e+05
2.0000e+05	1.2840e+05
2.0000e+05	1.2817e+05
2.0000e+05	1.2810e+05
2.0000e+05	1.2768e+05
2.0000e+05	1.2765e+05
2.0000e+05	1.2785e+05
2.0000e+05	1.2730e+05
2.0000e+05	1.2662e+05
2.0000e+05	1.2666e+05
2.0000e+05	1.2616e+05
2.0000e+05	1.2601e+05
2.0000e+05	1.2576e+05
2.0000e+05	1.2592e+05
2.0000e+05	1.2573e+05
2.0000e+05	1.2550e+05
2.0000e+05	1.2424e+05
2.0000e+05	1.2406e+05
2.0000e+05	1.2421e+05
2.0000e+05	1.2343e+05
2.0000e+05	1.2369e+05
2.0000e+05	1.2245e+05
2.0000e+05	1.2271e+05
2.0000e+05	1.2183e+05
2.0000e+05	1.2210e+05
2.0000e+05	1.2107e+05
2.0000e+05	1.2073e+05
2.0000e+05	1.2035e+05
2.0000e+05	1.2002e+05
2.0000e+05	1.2009e+05
2.0000e+05	1.1921e+05
2.0000e+05	1.1897e+05
2.0000e+05	1.1841e+05
2.0000e+05	1.1688e+05
2.0000e+05	1.1701e+05
2.0000e+05	1.1679e+05
2.0000e+05	1.1661e+05
2.0000e+05	1.1627e+05
2.0000e+05	1.1573e+05
2.0000e+05	1.1457e+05
2.0000e+05	1.1417e+05
2.0000e+05	1.1433e+05
2.0000e+05	1.1320e+05
2.0000e+05	1.1250e+05
2.0000e+05	1.1286e+05
2.0000e+05	1.1168e+05
2.0000e+05	1.1109e+05
2.0000e+05	1.1041e+05
2.0000e+05	1.1032e+05
2.0000e+05	1.0998e+05
2.0000e+05	1.0960e+05
2.0000e+05	1.0853e+05
2.0000e+05	1.0856e+05
2.0000e+05	1.0749e+05
2.0000e+05	1.0726e+05
2.0000e+05	1.0661e+05
2.0000e+05	1.0596e+05
2.0000e+05	1.0576e+05
2.0000e+05	1.0549e+05
2.0000e+05	1.0462e+05
2.0000e+05	1.0436e+05
2.0000e+05	1.0261e+05
2.0000e+05	1.0335e+05
2.0000e+05	1.0246e+05
2.0000e+05	1.0110e+05
2.0000e+05	1.0112e+05
2.0000e+05	1.0127e+05
2.0000e+05	9.9967e+04
2.0000e+05	9.9414e+04
2.0000e+05	9.8970e+04
2.0000e+05	9.8945e+04
2.0000e+05	9.8277e+04
2.0000e+05	9.7806e+04
2.0000e+05	9.7177e+04
2.0000e+05	9.6795e+04
2.0000e+05	9.6456e+04
2.0000e+05	9.5895e+04
2.0000e+05	9.5570e+04
2.0000e+05	9.4790e+04
2.0000e+05	9.4224e+04
2.0000e+05	9.3699e+04
2.0000e+05	9.3895e+04
2.0000e+05	9.2970e+04
2.0000e+05	9.2088e+04
2.0000e+05	9.1743e+04
2.0000e+05	9.1427e+04
2.0000e+05	9.0914e+04
2.0000e+05	9.0511e+04
2.0000e+05	9.0086e+04
2.0000e+05	8.9857e+04
2.0000e+05	8.9460e+04
2.0000e+05	8.8949e+04
2.0000e+05	8.8250e+04
2.0000e+05	8.7731e+04
2.0000e+05	8.8566e+04
2.0000e+05	8.7264e+04
2.0000e+05	8.6705e+04
2.0000e+05	8.6677e+04
2.0000e+05	8.6199e+04
2.0000e+05	8.5358e+04
2.0000e+05	8.5372e+04
2.0000e+05	8.5608e+04
2.0000e+05	8.4815e+04
2.0000e+05	8.4007e+04
2.0000e+05	8.4068e+04
2.0000e+05	8.3438e+04
2.0000e+05	8.3263e+04
2.0000e+05	8.2882e+04
2.0000e+05	8.2270e+04
2.0000e+05	8.2503e+04
2.0000e+05	8.1834e+04
2.0000e+05	8.1963e+04
2.0000e+05	8.1147e+04
2.0000e+05	8.1051e+04
2.0000e+05	8.1169e+04
2.0000e+05	8.0475e+04
2.0000e+05	8.0380e+04
2.0000e+05	7.9631e+04
2.0000e+05	7.9730e+04
2.0000e+05	7.9389e+04
2.0000e+05	7.9078e+04
2.0000e+05	7.8735e+04
2.0000e+05	7.9018e+04
2.0000e+05	7.8233e+04
2.0000e+05	7.8347e+04
2.0000e+05	7.7625e+04
2.0000e+05	7.7615e+04
2.0000e+05	7.7616e+04
2.0000e+05	7.6878e+04
2.0000e+05	7.6914e+04
2.0000e+05	7.6440e+04
2.0000e+05	7.6437e+04
2.0000e+05	7.6558e+04
2.0000e+05	7.6088e+04
2.0000e+05	7.5998e+04
2.0000e+05	7.5937e+04
2.0000e+05	7.5901e+04
2.0000e+05	7.5764e+04
2.0000e+05	7.5185e+04
2.0000e+05	7.5005e+04
2.0000e+05	7.5207e+04
2.0000e+05	7.4912e+04
2.0000e+05	7.4711e+04
2.0000e+05	7.4732e+04
2.0000e+05	7.4821e+04
2.0000e+05	7.4429e+04
2.0000e+05	7.4061e+04
2.0000e+05	7.4209e+04
2.0000e+05	7.4597e+04
2.0000e+05	7.4132e+04
2.0000e+05	7.4044e+04
2.0000e+05	7.4443e+04
2.0000e+05	7.3980e+04
2.0000e+05	7.4495e+04
2.0000e+05	7.3992e+04
2.0000e+05	7.3809e+04
2.0000e+05	7.3982e+04
2.0000e+05	7.3622e+04
2.0000e+05	7.3498e+04
2.0000e+05	7.3911e+04
