2.0000e+04	2.1226e+02	-2.9925e+02	3.2350e+02	2.2106e+02	-1.4534e+02	-2.4863e+02	-8.8520e+01	-2.4705e+02	-1.2996e+01	3.1931e+02	5.3389e+02	1.6078e+02	3.4924e+02	-1.0425e+02	-5.2260e+02	5.1215e+02	4.1259e+02	-5.9592e+02	4.8581e+02	-7.7681e+01	-4.6293e+02	-2.4388e+02	-8.3454e+01	-1.8928e+02	4.6811e+02	-3.1303e+02	1.0237e+02	-3.9450e+02	-7.2878e+02	-2.7982e+02	-5.7778e+02	-3.3596e+02	2.4442e+02	1.3209e+01	6.7240e+01	-4.3024e+02	2.5936e+02	6.2578e+00	2.9765e+02	-2.1865e+02	-8.7289e+02	2.1152e+02	-3.6320e+02	8.8687e+02	-1.0277e+02	2.2467e+02	4.8438e+02	-1.7475e+02	-3.1981e+02	3.0458e+02	-4.9102e+01	-2.2357e+02	2.1847e+02	1.6759e+02	-3.6086e+02	-6.3835e+01	3.1959e+02	-4.7836e+02	-2.0916e+02	2.5926e+02	2.5372e+02	4.9328e+02	5.7456e+02	-3.1396e+01	-6.6495e+02	-7.5023e+02	-3.9344e+01	-7.5658e+02	5.7852e+02	-3.6368e+02	2.6545e+02	-2.7483e+01	-5.1242e+02	9.5339e+02	-1.4660e+02	-8.5132e+01	-5.3107e+02	9.7799e+00	-4.3576e+01	-1.2430e+02	-1.2968e+02	-2.6745e+01	-2.6197e+02	-5.2380e+02	-6.2591e+02	3.8504e+02	-2.7697e+02	3.8742e+02	7.7238e-01	-4.5363e+01	-1.3292e+02	3.4006e+01	-7.2270e+02	3.6401e+02	3.2228e+02	-1.0678e+02	3.8234e+02	1.1546e+02	-2.4689e+02	-5.0074e+02	-3.5293e+02	7.2377e+02	-2.7523e+02	3.2727e+02	-9.9471e+02	-2.0108e+02	8.4955e+00	5.2136e+01	-4.6350e+02	2.3149e+02	7.1879e+02	-4.4446e+02	-3.1068e+02	-1.6216e+02	-4.4344e+02	-4.5441e+02	-4.2744e+01	-2.6415e+02	-5.0588e-01	-9.2560e+01	1.0258e+02	-4.8771e+02	-3.4559e+02	-5.3462e+02	-3.1105e+02	-1.7232e+01	-4.5244e+02	-9.0699e+01	-4.9906e+02	2.9143e+02	3.0710e+02	-1.7099e+02	4.4254e+00	-1.8603e+02	-6.2798e+02	-2.4632e+02	2.4020e+02	3.4278e+02	-3.1830e+02	-4.4976e+02	-1.8324e+02	-6.0626e+02	3.3454e+01	-1.5375e+02	2.1246e+02	-3.7448e+02	3.0868e+02	-8.6854e+01	-5.8591e+02	3.4776e+02	3.3710e+02	3.7746e+02	1.0856e+02	-1.6857e+02	1.7877e+02	4.1314e+02	-2.4161e+02	-7.9522e+01	-2.1087e+02	2.2011e+02	4.7157e+00	7.1237e+01	-9.6522e+01	-8.4613e+01	7.9581e+01	-1.1714e+02	2.3534e+02	-2.3948e+02	2.2468e+02	2.9714e+02	-4.6267e+02	1.0062e+02	-6.3160e+00	2.0672e+02	-1.7653e+01	3.2473e+02	-3.3616e+02	-1.8434e+02	-2.7001e+01	1.4068e+02	5.9310e+02	3.3872e+02	1.4812e+02	-1.3590e+02	5.4997e+02	2.4769e+02	4.4856e+02	-4.6585e+01	-2.8512e+02	7.3682e+02	-1.7532e+02	-2.9008e+02	5.8499e+01	-3.4832e+02	-1.3887e+02	2.6681e+02	8.9971e+01	3.3342e+02	6.5309e+02	-7.6755e+01
2.0000e+04	4.4991e+02	-1.9889e+02	1.4216e+02	-8.8158e+02	-2.8261e+02	6.3993e+02	2.1566e+02	1.2925e+02	-1.5626e+02	5.2269e+02	1.3696e+03	-8.8138e+02	9.8233e+01	6.2193e+02	7.1341e+02	1.2861e+02	9.7661e+02	-1.2952e+03	-1.0464e+03	9.2951e+01	-9.5497e+02	-4.3435e+02	5.7627e+01	6.9637e+02	-2.4937e+02	-2.1407e+02	8.7832e+02	-8.7317e+01	-1.2418e+03	-5.6184e+02	-2.3679e+02	-6.3279e+02	-1.6113e+02	-3.5859e+02	-1.7013e+02	-1.0975e+02	-7.8044e+02	-4.0775e+02	5.5566e+01	-2.4446e+02	-1.1121e+03	-2.0392e+02	1.6001e+00	6.6142e+02	-7.2866e+00	4.3577e+02	2.8157e+02	4.1001e+02	-1.0214e+03	1.3550e+03	-6.6288e+02	-4.4983e+02	4.2787e+02	-1.2637e+02	-1.4710e+02	-4.3632e+02	-3.6239e+01	3.1682e+02	2.2226e+02	4.7601e+01	-6.5789e+02	1.1651e+03	-8.6138e+02	2.2923e+02	-3.9087e+02	9.0893e+02	3.0025e+02	-8.8404e+01	2.6773e+02	6.4507e+02	8.4957e+02	-6.9850e+02	8.5124e+02	5.5441e+02	-7.0861e+02	3.8025e+02	-5.6455e+02	-1.3753e+03	2.5523e+02	-1.7387e+02	1.3498e+02	9.2474e+02	7.0164e+00	4.9946e+02	4.2668e+02	-2.0084e+02	7.2905e+02	-1.2815e+03	-2.0878e+02	-8.4654e+01	-9.7097e+02	-3.2145e+02	1.0670e+03	9.1733e+02	-5.0174e+02	7.1307e+02	1.6695e+02	-1.4740e+02	7.0337e+02	5.3726e+02	-1.4116e+03	-9.0269e+02	2.1613e+02	-4.8862e+02	1.8775e+02	3.5816e+02	-3.4916e+02	1.1879e+02	3.9306e+02	-4.0185e+02	-1.0765e+03	-4.5034e+02	5.7961e+02	6.8570e+01	1.1755e+03	1.9488e+02	2.5738e+02	1.0010e+03	-2.7205e+02	-1.5607e+03	2.4741e+02	5.6697e+02	9.4095e+02	2.8981e+02	9.0496e+02	-1.6049e+02	-9.2508e+01	1.1219e+02	3.0887e+02	8.5593e+02	-8.8011e+02	-1.7518e+02	1.2700e+02	9.3199e+02	-1.0935e+03	-2.6497e+02	-1.4174e+03	-2.9580e+01	4.8229e+01	-1.9085e+02	5.6154e+02	-7.0741e+02	-9.4057e+02	7.3192e+02	-5.9847e+02	3.7018e+02	3.8968e+02	6.2367e+01	-4.3802e+02	3.1561e+02	1.0434e+03	1.5004e+02	-4.1202e+02	1.9644e+02	5.4662e+02	-3.8146e+02	8.6172e+02	1.2376e+02	-1.2304e+02	4.5139e+02	-2.0120e+02	-3.4294e+02	-2.6942e+02	-6.4594e+02	-5.1545e+02	3.6639e+02	-4.1997e+02	-3.5616e+02	-1.3819e+02	4.5465e+02	-4.8603e+02	1.3481e+01	-3.3694e+02	4.4617e+02	-2.8578e+02	5.5031e+01	4.4848e+00	-3.6295e+02	1.0712e+03	1.7695e+02	-9.4612e+02	-6.2348e+01	5.7187e+02	-4.6152e+02	-1.6385e+02	-2.5790e+02	-1.6492e+02	-1.2435e+03	-8.5059e+02	-6.8801e+02	-1.0076e+03	2.9208e+02	6.9489e+02	8.5468e+02	-8.0650e+02	5.0499e+02	3.7790e+02	6.4991e+02	4.5024e+02	1.3847e+03
4.0000e+04	-4.6310e+02	-2.6900e+02	5.1086e+02	1.2013e+02	-4.4077e+02	-5.2949e+02	-2.5923e+02	-2.9610e+02	5.3825e+02	1.8868e+02	6.1631e+01	2.4140e+02	5.1071e+02	2.7925e+01	-3.7556e+02	2.5633e+02	3.8286e+02	-5.3049e+02	9.8564e+02	2.2527e+02	-5.1607e+02	-4.8336e+02	-3.6323e+02	-1.4194e+02	2.8690e+02	-8.9637e+00	3.9635e+02	-8.3497e+02	-6.7414e+02	-7.5108e+02	-7.5574e+02	2.5879e+01	5.4576e+02	-2.7310e+02	-3.5893e+02	-9.0888e+02	3.8443e+02	4.2684e+02	3.5229e+02	-1.2316e+02	-3.6712e+02	6.1139e+02	-5.8611e+02	1.1318e+03	-5.2075e+02	-9.2487e+01	5.8901e+00	-5.9198e+01	-8.1961e+02	1.4590e+02	-3.7707e+02	-4.5869e+02	-2.0291e+02	-2.8061e+02	-6.1496e+02	-5.5413e+02	9.4448e+02	-1.0443e+03	-2.2108e+02	2.1826e+02	4.1208e+02	-4.1885e+01	6.5937e+02	1.1083e+02	-4.6933e+02	-1.3372e+02	3.2012e+02	-1.0802e+03	1.4210e+03	2.1882e+02	9.7031e+02	3.5712e+02	-5.3999e+02	8.3626e+02	2.7126e+02	-1.9930e+02	-1.2768e+03	-2.4711e+02	-2.5939e+02	-5.0487e+01	-4.2645e+02	-2.9436e+02	-2.7165e+02	-3.7754e+02	-7.2291e+02	7.9592e+02	-2.3316e+02	7.4542e+02	4.8901e+02	-1.8734e+02	-7.5066e+02	-4.8104e+02	-1.1830e+03	-3.9167e+02	1.0177e+03	-4.4294e+01	8.7517e+02	-1.9468e+02	-8.0367e+01	-5.9623e+02	1.4878e+02	4.1829e+02	-4.6616e+01	4.1342e+02	-1.2024e+03	6.3678e+01	3.7965e+02	4.3964e+02	-5.8798e+02	8.2203e+02	1.2464e+03	-2.6034e+02	8.8762e+01	4.0655e+02	-6.3192e+02	-3.7630e+02	-3.7458e+02	-7.6266e+02	9.2293e+02	1.1739e+02	3.8409e+02	-8.4992e+02	-8.5437e+01	-5.9147e+02	-2.3492e+02	-7.2704e+01	-6.4931e+02	1.7435e+02	-9.5397e+02	4.0500e+02	-3.6294e+02	-9.2392e+02	-3.1336e+02	2.1368e+02	-9.2310e+02	1.4477e+02	2.7025e+02	2.1016e+02	-5.9005e+02	-1.0109e+03	-1.6654e+02	-2.3272e+02	-1.6235e+02	1.2530e+02	5.9728e+02	2.7110e+02	8.3280e+02	-4.2981e+02	5.4976e+01	1.0270e+03	9.8285e+02	4.0306e+02	1.1997e+01	5.1045e+02	2.5618e+02	5.9677e+02	-2.5210e+01	3.6730e+02	-7.8850e+02	3.9999e+02	2.0041e+01	2.2835e+02	-1.2830e+02	-5.6416e+02	-1.7390e+02	8.4551e+01	2.7553e+02	-1.2183e+02	-9.6597e+01	4.8955e+01	-1.7727e+02	-1.3367e+02	-4.1366e+02	-2.1417e+01	1.5186e+02	-3.2465e+01	-4.7045e+02	-1.1094e+02	2.9421e+01	-2.0833e+02	7.9832e+02	6.7451e+02	7.6719e+02	2.4445e+02	7.0752e+02	1.8539e+01	8.5319e+02	-6.1198e+02	-1.7360e+02	4.5758e+02	5.5974e+00	-2.6407e+02	5.9764e+02	7.5256e+02	1.3927e+02	-3.8695e+02	6.0179e+02	6.9071e+01	1.0469e+03	-3.5955e+02
4.0000e+04	7.4601e+02	-1.0011e+03	-1.1197e+02	-3.2444e+02	2.1506e+02	1.2252e+03	1.4000e+03	3.5059e+02	-6.6822e+02	1.0446e+03	1.7667e+03	-9.0173e+02	-3.5563e+02	1.9041e+03	-5.7059e+02	1.7746e+02	4.4335e+02	-1.0033e+03	-4.7661e+02	5.6712e+02	-4.8043e+02	-5.6774e+02	2.7834e+02	3.1029e+02	-9.4899e+02	-9.7875e+02	1.6330e+03	-1.3959e+01	-1.5369e+03	-5.2713e+02	1.1470e+02	-1.2436e+02	-6.2820e+02	2.7845e+02	8.4915e+02	-2.3497e+02	-3.3032e+02	-6.9442e+01	2.3984e+01	2.0617e+02	-1.0829e+03	-1.8149e+02	-1.0986e+02	1.4103e+02	-1.7976e+02	1.0822e+03	3.6289e+02	1.5454e+02	-1.0480e+03	7.7424e+02	-1.1119e+03	-1.0522e+03	8.3033e+02	1.2037e+03	-6.1189e+02	-7.6369e+01	5.1843e+02	6.4421e+02	-3.1557e+01	1.9845e+02	-8.4041e+02	1.9694e+03	-1.4951e+03	-1.7902e+02	-7.4672e+02	2.1873e+02	5.2845e+02	-4.9956e+02	-2.3132e+02	5.8716e+01	8.7860e+02	7.5684e+01	1.0438e+03	4.3813e+02	-7.1230e+02	3.9103e+02	-5.0360e+02	-1.3181e+03	-1.9637e+02	1.0402e+03	-6.2615e+02	7.6544e+02	8.1521e+02	9.5558e+02	1.1759e+03	1.7268e+02	-3.5570e+01	-1.8165e+03	1.6494e+02	-8.6496e+02	-1.1201e+03	1.1207e+03	1.5963e+03	1.0163e+03	-8.2505e+02	2.8740e+02	2.0053e+02	8.5320e+02	8.6972e+02	1.1220e+03	-1.9015e+03	3.5431e+02	-3.8293e+02	-7.3038e+02	3.6883e+02	1.8531e+03	-8.2852e+02	-1.2423e+02	4.2289e+02	-1.3067e+03	-8.3786e+02	-1.2937e+03	-9.8883e+01	-1.8379e+02	1.3964e+03	2.7951e+01	2.2683e+01	7.6552e+02	3.0066e+00	-2.8024e+03	1.2127e+03	4.0581e+02	1.8358e+03	1.1022e+03	1.0052e+03	2.9292e+02	9.2520e+00	-2.9035e+02	2.5103e+02	1.0445e+03	-8.1211e+02	-9.0055e+02	2.9405e+02	8.4140e+02	-1.1564e+03	-1.6057e+02	-1.3968e+03	4.5071e+02	-2.0677e+02	1.2273e+02	2.2460e+02	9.2557e+01	-6.9238e+02	1.0055e+03	-8.9948e+02	1.0369e+03	6.7969e+02	6.0800e+02	-3.4617e+02	2.2366e+02	1.2641e+03	8.6631e+02	-1.5194e+03	-2.4449e+02	2.4162e+01	1.5259e+02	5.9604e+02	-4.4643e+02	-9.4322e+02	1.8984e+02	-6.7272e+01	4.1271e+02	9.0638e+01	-7.1551e+02	-2.3495e+02	4.4074e+02	-1.6193e+02	5.1871e+02	-5.8851e+02	6.3791e+02	-1.1924e+03	-8.3982e+02	7.8738e+02	1.2555e+03	-5.8121e+02	7.9908e+02	7.6213e+02	-3.6299e+02	5.8219e+02	-8.2651e-01	-8.4155e+02	1.4694e+03	1.5222e+03	1.2455e+02	-3.3138e+02	-8.2046e+02	-4.6369e+02	-1.1480e+03	-1.0743e+03	-6.8528e+02	-1.2825e+03	1.0679e+02	2.6004e+02	1.8702e+03	-2.7439e+02	8.0532e+02	7.6691e+02	-1.3953e+01	6.5564e+02	7.9054e+02
6.0000e+04	-6.7966e+02	-4.6412e+02	1.0590e+01	4.4859e+02	-2.9364e+02	4.2862e+02	-6.3659e+02	-6.3377e+02	3.5727e+02	-3.7146e+02	5.5695e+02	-4.7078e+02	6.7420e+02	5.8303e+02	-6.0326e+01	1.1598e+03	2.2830e+02	-3.4473e+02	1.3036e+03	4.8085e+02	-8.0406e+02	-6.4698e+02	-5.0308e+02	2.9718e+02	-1.9607e+02	-3.6524e+02	-1.6064e+02	-1.1374e+03	-8.2702e+02	-1.2799e+03	-5.9323e+02	1.9671e+00	5.9680e+02	-1.8954e+02	3.6338e+02	-9.4552e+02	3.8708e+02	6.7070e+02	5.3996e+02	-2.7414e+02	-2.2734e+02	2.7530e+02	-7.0718e+02	1.6174e+03	-1.2386e+03	-2.9370e+02	2.9153e+02	-1.3979e+02	-1.0305e+03	-8.3615e+01	-8.1872e+02	-5.2469e+02	4.9986e+02	2.8637e+02	-4.4160e+02	9.5603e+01	1.2246e+03	-5.7649e+02	-5.9278e+02	5.4175e+02	7.7183e+02	-5.1407e+02	2.1328e+02	3.6445e+02	-9.9847e+01	3.4385e+01	8.6868e+01	-1.5338e+03	1.2113e+03	1.7329e+02	4.0975e+02	3.3936e+01	-7.1259e+02	6.3342e+02	8.6159e+00	1.1061e+02	-1.3427e+03	6.0780e+02	-7.2995e+02	-8.2807e+01	-3.3584e+02	-2.0668e+02	-7.3946e+01	-4.6156e+02	-1.0282e+03	3.5529e+02	-7.2341e+02	1.1292e+03	7.3016e+02	-1.6712e+02	-1.4833e+03	-1.0136e+03	-1.0283e+03	-6.1841e+02	1.4188e+03	9.3930e+01	1.5989e+02	-2.7148e+01	6.4197e+02	7.8300e+02	5.5153e+02	4.0169e+02	-5.4005e+02	7.0266e+02	-1.2481e+03	-2.1012e+02	5.0826e+02	5.5987e+02	-5.0947e+02	1.3551e+03	6.9559e+02	-3.8059e+02	1.1297e+03	4.0387e+01	-3.1475e+02	-1.0948e+02	-3.7031e+02	-8.3376e+02	1.3399e+03	5.4135e+01	3.3183e+02	-6.8026e+02	1.1184e+02	-2.3533e+02	-2.6867e+02	-2.6304e+02	-3.5332e+02	-3.2562e+02	-7.6269e+02	1.3291e+02	2.5654e+02	-1.0390e+03	-1.3081e+02	5.0037e+02	-4.7450e+02	-1.1267e+02	3.3070e+02	3.6098e+02	-4.3239e+02	-5.8615e+02	-1.3924e+02	-6.7933e+02	-8.2450e+02	2.2290e+02	1.0340e+03	5.2061e+02	9.2173e+02	-3.2383e+01	1.3646e+02	8.2516e+02	1.2333e+03	4.7847e+02	8.3971e+02	9.3049e+02	4.5667e+02	4.0584e+02	-3.5493e+02	-1.7074e+02	-6.2763e+02	-1.9390e+02	6.9916e+02	2.0907e+02	-1.8907e+02	-6.1689e+02	-1.7866e+02	3.6403e+02	4.9627e+02	1.1858e+03	-1.5425e+02	1.0513e+02	-6.2574e+02	-3.6191e+02	-4.0023e+02	-3.2223e+02	-2.4543e+02	-2.1253e+02	7.4533e+01	9.0861e+01	1.2559e+02	-2.9715e+02	3.5367e+02	6.7471e+02	5.3405e+02	4.7313e+01	-7.2747e+01	2.1106e+02	1.0086e+03	-7.0585e+02	-4.6132e+02	4.4610e+02	3.2509e+02	-6.2154e+02	7.2979e+02	5.0444e+02	5.6545e+01	-4.6845e+02	4.2594e+02	7.5479e+02	7.8506e+02	-1.9825e+02
6.0000e+04	6.5551e+02	-5.5377e+02	-7.3569e+02	2.1314e+02	4.5737e+02	1.3881e+03	1.6798e+03	2.1823e+00	-1.3917e+03	1.2773e+03	1.1032e+03	-7.4159e+01	-2.3318e+02	1.7164e+03	3.5121e+02	2.7971e+02	2.8624e+02	-1.6820e+03	-1.5608e+03	1.0465e+03	-1.8518e+02	-1.3818e+03	3.5540e+02	-5.6097e+02	-9.1485e+02	-4.2861e+02	2.4585e+03	-7.6588e+02	-1.7908e+03	-5.8095e+02	-1.6735e+02	-3.0320e+02	-3.3966e+02	1.0256e+02	1.2697e+03	6.5377e+02	-6.6920e+01	-2.1817e+02	-4.1224e+02	-5.8839e+02	-1.9373e+03	2.4402e+02	-7.2283e+01	-6.6770e+02	-1.3219e+03	1.0205e+03	7.9814e+02	7.0623e+02	-2.1192e+02	6.1854e+02	-2.3952e+03	-4.9694e+02	1.5151e+03	1.1010e+03	-9.4400e+02	1.2443e+03	4.4430e+01	9.8289e+02	6.3963e+02	1.1879e+03	-8.0374e+02	2.5555e+03	-1.6648e+03	-1.4662e+03	-1.6629e+03	8.7445e+01	4.3911e+01	-3.5944e+02	-2.1048e+01	6.8176e+01	9.2593e+02	-2.4509e+02	9.7236e+02	-2.1245e+02	-6.2153e+02	2.6463e+02	-7.6590e+02	-1.2631e+03	-1.7789e+02	1.3566e+03	1.5839e+02	3.3699e+02	1.6746e+02	6.0367e+02	1.4145e+03	9.9012e+01	-3.1494e+01	-1.1644e+03	1.1079e+03	-6.3097e+02	-1.4142e+03	1.5848e+03	1.3370e+03	1.0773e+03	-1.2038e+03	7.4559e+02	4.0519e+02	7.7672e+02	8.5207e+02	6.6032e+02	-2.6891e+03	3.3187e+02	-1.5010e+02	7.2164e+02	1.2631e+03	1.6512e+03	-7.7971e+02	-3.0208e+02	1.1783e+03	-1.4806e+03	-1.5517e+03	-8.9887e+02	-8.7750e+02	3.9466e+02	2.5305e+03	1.1622e+03	2.2105e+02	1.3242e+03	-1.7735e+02	-3.0085e+03	1.9862e+03	2.6075e+02	1.5032e+03	1.1662e+03	1.4823e+03	5.5036e+02	-6.4380e+02	-8.8939e+02	-4.8918e+02	1.0499e+03	-4.6088e+02	-7.6096e+02	2.9809e+01	1.3167e+03	-7.5415e+02	-3.6725e+02	-1.1496e+03	3.2915e+02	-4.2479e+02	8.7844e+02	-3.3165e+02	-2.2278e+02	-6.6810e+02	1.6230e+03	-1.1113e+03	7.5434e+02	4.0715e+02	7.6882e+02	6.8333e+01	4.9406e+02	2.4992e+03	8.6767e+02	-1.6210e+03	-3.7555e+01	1.0977e+02	-3.5835e+02	8.3449e+02	-7.3125e+02	-1.8647e+03	-1.8380e+02	-5.8921e+02	-3.4444e+02	-1.3278e+02	-1.8924e+02	1.0471e+03	1.0771e+03	-8.4961e+02	1.7067e+02	-6.6929e+02	6.8880e+02	-1.1325e+03	-1.0152e+03	1.0613e+03	1.6247e+03	-5.6180e+02	5.3148e+02	8.2164e+02	-3.9351e+01	6.3165e+02	1.2473e+02	-1.3420e+03	1.1428e+03	1.9889e+03	-9.4266e+01	-5.7882e+02	-6.3822e+02	-1.2926e+01	-4.2829e+02	-1.9408e+03	-2.6316e+02	-1.0006e+03	-3.9303e+02	5.6430e+02	1.7897e+03	5.3738e+02	1.8025e+03	7.7551e+02	-7.4465e+02	7.0336e+02	1.8021e+03
8.0000e+04	-4.9094e+02	-9.7577e+02	-2.7864e+02	1.1485e+03	-1.9340e+02	1.1678e+02	-4.1473e+02	-5.7871e+02	2.5314e+02	-1.7784e+02	9.4231e+02	-6.9364e+02	5.8782e+02	2.8233e+02	-3.4830e+02	5.0443e+02	-1.5574e+02	-4.0214e+02	1.8428e+03	9.2009e+01	-1.2522e+03	-6.1153e+02	-4.8350e+02	5.7536e+02	1.6201e+02	-8.5485e+02	-1.9569e+02	-6.3543e+02	-1.1169e+03	-7.9759e+02	-7.7691e+02	-2.5344e+02	2.6757e+02	-5.5421e+00	3.4716e+01	-6.5331e+02	3.1561e+02	6.4737e+02	9.1120e+02	-1.9455e+02	-1.2702e+02	1.6582e+02	-8.4449e+02	1.6414e+03	-8.4613e+02	-1.6376e+02	6.1357e+02	-6.0849e+01	-7.9229e+02	4.0834e+01	-6.7647e+02	-5.7515e+02	3.2342e+02	2.1909e+02	-6.9843e+02	-5.6602e+02	1.2874e+03	-6.9998e+02	-8.1737e+02	-2.4135e+02	7.4778e+02	-3.3074e+02	1.7792e+01	8.7530e+01	2.3484e+02	4.2462e+02	4.5673e+02	-1.4266e+03	1.1810e+03	3.1396e+02	1.9997e+02	-2.2962e+02	-2.7120e+02	1.4691e+02	-5.3542e+01	-1.9892e+02	-8.8531e+02	-2.3277e+01	-6.0936e+02	4.9513e+00	-6.6278e+02	-5.9663e+02	3.0478e+02	-1.1884e+03	-1.2636e+03	-5.5586e+02	-1.2475e+03	4.9725e+02	2.1435e+02	-4.0334e+02	-1.7083e+03	-1.0765e+03	-5.9639e+02	-9.8211e+01	2.0528e+03	-8.9821e+01	5.0261e+02	1.4473e+02	3.2112e+02	6.5968e+02	4.0879e+02	6.0186e+02	-7.2950e+02	4.2917e+02	-1.6702e+03	-3.0552e+02	1.1435e+03	2.3316e+02	-7.4264e+02	1.3604e+03	-6.4148e+02	-2.1638e+02	1.1896e+03	-9.4495e+01	-4.0846e+01	-3.1683e+01	-4.1112e+02	-4.5862e+02	1.3576e+03	-1.8852e+02	-2.0030e+02	-7.5332e+02	-7.7653e+01	-3.9492e+02	-9.0533e+02	-7.2104e+02	-1.8093e+02	2.1965e+02	-5.3911e+02	2.3596e+02	2.1260e+02	-1.6489e+03	-6.6050e+02	7.2314e+02	-6.4097e+02	-7.5147e+01	6.9369e+02	4.3146e+02	-5.5891e+02	-7.6583e+02	2.6749e+02	-1.0253e+03	-8.8058e+02	3.2622e+02	1.1633e+03	-1.4809e+02	6.0982e+02	3.5210e+02	1.1375e+02	9.2553e+02	1.2578e+03	3.5988e+02	6.7474e+02	1.2022e+03	3.4091e+02	3.0008e+01	-9.3598e+02	-8.7529e+02	-1.2560e+03	1.9932e+02	8.9502e+02	1.6130e+01	-7.3889e+02	-1.0448e+03	-2.3685e+02	5.0562e+02	1.2694e+02	1.1033e+03	-4.2518e+02	5.9094e+01	-1.3373e+03	-7.4285e+02	-4.5337e+02	-2.2146e+02	-4.2587e+01	7.9577e+01	-3.4543e+02	3.1174e+02	-1.9991e+02	-3.9841e+02	1.3816e+02	8.0668e+02	-8.8904e+01	-3.1868e+02	3.4804e+01	5.6021e+02	1.2010e+03	-7.2417e+02	-5.9656e+02	9.6705e+02	1.0871e+03	-2.3751e+02	9.1629e+02	5.6505e+02	3.3351e+02	1.0314e+01	5.3153e+02	8.8972e+02	4.9221e+02	-5.0424e+02
8.0000e+04	2.6709e+02	-1.7117e+03	-9.5087e+02	3.8936e+02	1.1862e+03	1.0270e+03	1.8059e+03	3.0705e+02	-1.9658e+03	9.0286e+02	5.9530e+02	3.3012e+02	-1.0577e+03	1.3962e+03	1.2550e+03	3.0421e+02	1.4085e+03	-2.2951e+03	-2.1370e+03	-9.5895e+01	-9.4253e+02	-1.4740e+03	4.8753e+02	-1.5396e+03	-1.0765e+02	-3.3470e+02	2.1356e+03	-1.1741e+01	-2.1902e+03	-5.8651e+02	-1.2923e+03	3.8917e+02	-6.7674e+02	-5.5693e+02	3.7694e+02	1.5220e+02	-9.0481e+02	6.0248e+02	1.6693e+01	-4.6455e+02	-9.3912e+02	5.2157e+02	-2.0961e+02	-7.6073e+02	-1.4653e+03	1.1889e+03	8.0658e+02	7.8954e+02	1.2557e+03	1.7830e+02	-2.4374e+03	-7.2216e+02	7.9298e+02	1.4186e+03	-1.3943e+03	1.7825e+03	1.2347e+03	1.1384e+03	8.4671e+02	1.1678e+03	-1.0218e+03	3.1208e+03	-9.6525e+02	-7.4132e+02	-1.0202e+03	-3.8280e+02	9.4412e+02	-1.0691e+03	5.0439e+02	6.4053e+02	5.2130e+02	-5.2808e+02	-5.0857e+02	-5.5341e+02	-1.3733e-01	7.5556e+02	-1.0191e+03	-1.4840e+03	4.2069e+02	9.8760e+02	1.8806e+02	-2.4377e+02	7.1623e+02	2.8619e+02	8.4877e+02	1.3477e+02	-1.5033e+02	-2.1324e+03	1.9430e+03	-4.2371e+02	-1.5291e+03	2.2712e+03	1.0375e+03	1.6664e+03	-1.3452e+03	-2.2470e+02	-5.1688e+01	3.7369e+02	1.0812e+03	8.8939e+02	-2.6844e+03	-4.5763e+02	-7.6590e+02	-5.5012e+01	2.3267e+03	1.9639e+03	-9.6441e+02	-1.1901e+02	1.5366e+03	-2.3620e+03	-8.7846e+02	-2.0902e+03	-1.4148e+02	-4.4048e+02	2.1125e+03	1.2371e+03	3.6368e+02	1.2194e+03	-6.7551e+02	-4.2012e+03	2.1427e+03	-3.2303e+02	1.9207e+03	9.2226e+02	1.0297e+03	1.5443e+03	2.5185e+02	-3.5388e+02	-2.5972e+02	1.2331e+03	-1.1462e+03	-1.9638e+03	1.0989e+02	1.4427e+03	-7.4914e+02	-5.3835e+02	-3.2531e+02	-1.0681e+03	8.2263e+02	-1.9552e+02	-1.4949e+02	-1.4757e+02	-1.1337e+03	1.7981e+03	-6.7632e+02	4.0062e+00	1.3737e+03	5.5430e+02	-3.8871e+02	1.2873e+02	2.9810e+03	1.0250e+03	-2.2467e+03	-2.0016e+02	4.5629e+01	-2.6566e+02	5.5447e+02	-2.2105e+03	-1.5575e+03	1.9387e+02	-1.3486e+03	-5.1347e+02	-1.1493e+02	-1.2674e+02	7.5851e+02	7.9749e+02	-1.9197e+03	2.9162e+02	-2.6784e+02	1.3845e+03	-4.1345e+02	-1.3385e+03	9.8030e+02	1.0640e+03	-1.8621e+03	9.5979e+02	8.2587e+02	-5.9881e+02	5.8427e+02	1.9344e+01	-1.8173e+03	1.4898e+03	1.5693e+03	1.3500e+02	-2.2332e+02	-8.0466e+02	-4.7504e+02	-1.0979e+03	-2.9471e+03	-8.7765e+02	-1.5635e+03	-9.2913e+02	6.6839e+02	1.5328e+03	9.2440e+02	1.5904e+03	-4.3206e+01	4.6809e+01	1.1147e+03	2.3105e+03
1.0000e+05	-4.9496e+02	-7.6503e+02	-2.7770e+02	1.1210e+03	1.2548e+02	1.2129e+03	-7.0184e+02	-5.4550e+02	2.4142e+02	-2.8855e+02	2.8938e+02	-3.2318e+02	7.9748e+02	-2.5558e+01	1.4080e+02	4.8971e+02	-1.1714e+02	-5.2350e+02	2.2861e+03	-1.6271e+02	-2.0088e+03	-7.6243e+02	-7.6146e+02	8.4192e+02	7.9344e+02	-6.6903e+02	-1.2957e+02	-6.5165e+02	-1.5825e+03	-9.7864e+02	-9.6658e+01	-1.5198e+02	4.4835e+02	3.7492e+02	3.9779e+02	5.3010e+01	-5.6623e+02	7.9776e+02	9.1659e+02	2.5500e+02	5.8605e+02	4.5055e+02	-3.6541e+00	1.8923e+03	-7.2828e+02	9.6980e+01	-1.2935e+02	2.7696e+02	-5.7435e+02	6.1618e+01	-1.3590e+03	-8.3286e+02	8.4151e+02	6.1381e+02	-6.8325e+02	1.3623e-01	1.3684e+03	-1.4243e+03	-1.2610e+03	-5.0060e+02	9.5933e+02	-3.3723e+02	-3.0164e+01	-4.0781e+02	-3.4224e-01	1.8237e+02	2.1974e+02	-7.6114e+02	1.5283e+03	6.6393e+02	-1.7878e+02	5.1910e+02	3.6858e+02	3.0011e+02	-5.0048e+02	-1.7622e+02	-4.1430e+02	2.0946e+02	-8.7190e+02	8.8923e+02	-2.7216e+02	-1.5721e+02	1.0682e+03	-1.3992e+03	-1.3342e+03	-9.3434e+02	-1.5751e+03	7.3817e+02	7.0114e+02	-5.0059e+02	-1.6861e+03	-8.6397e+02	-7.4728e+02	-1.9403e+02	2.2101e+03	1.0349e+02	5.0526e+02	6.1412e+02	1.5291e+02	9.4469e+02	-1.7021e+02	6.2388e+02	-2.6072e+02	5.5954e+02	-1.5158e+03	-4.7299e+02	1.2655e+03	8.7375e+02	-2.7693e+02	1.4528e+03	-8.6256e+02	-6.9155e+01	1.6312e+03	-8.1360e+02	3.6950e+02	5.1800e+02	-4.1343e+02	-1.6987e+01	1.2233e+03	-2.7009e+02	-5.7780e+02	-1.0653e+03	7.5855e+02	-8.7636e+02	-5.3484e+02	-3.7712e+02	-5.8593e+02	-1.4371e+02	-1.0274e+03	1.8419e+02	2.9949e+02	-1.6316e+03	-6.5943e+02	1.0946e+03	-8.1962e+02	2.5020e+02	1.0495e+03	3.6682e+02	-2.7850e+02	-5.9863e+02	2.3022e+01	-9.8438e+02	-1.5673e+03	2.5889e+02	7.1315e+02	-2.4739e+02	1.3571e+03	2.1449e+02	3.2573e+02	1.2636e+03	9.6825e+02	-1.7236e+02	9.8467e+02	1.5952e+03	8.6854e+02	6.5643e+02	-1.2921e+03	-9.7768e+02	-1.3941e+03	8.3072e+01	8.6178e+02	-2.1035e+02	-8.5364e+02	-9.4327e+02	6.2898e+02	3.2848e+02	4.9698e+01	2.0491e+02	-8.9745e+02	4.6018e+02	-1.3614e+03	-1.7985e+03	-1.2084e+03	1.2483e+02	-3.4096e+02	5.4950e+02	-2.3366e+02	8.1914e+02	-3.1661e+02	-5.1281e+02	1.5994e+02	6.9285e+02	-1.3159e+02	-3.6369e+02	3.4039e+02	9.0558e+02	1.3291e+03	-7.7949e+02	5.0534e+01	2.5447e+02	1.4626e+03	-3.1766e+02	4.1144e+02	4.5222e+02	8.1984e+02	-1.9999e+02	9.5668e+02	8.8200e+02	3.1829e+02	1.7085e+02
1.0000e+05	7.9689e+01	-1.5886e+03	-1.0620e+03	3.4222e+02	7.3795e+02	1.9393e+03	1.4554e+03	8.6731e+01	-1.7507e+03	3.4899e+02	8.1182e+02	-8.6299e+01	-1.0773e+03	6.5526e+02	6.1714e+02	2.0691e+02	2.5467e+03	-1.5613e+03	-2.0717e+03	-2.8680e+02	-1.1421e+03	-1.3603e+03	8.8253e+02	-1.9012e+03	-8.6212e+02	5.4530e+02	2.4190e+03	-3.3037e+02	-2.1595e+03	-1.1203e+02	-9.8614e+02	1.4984e+03	-4.3911e+02	-1.6088e+02	-1.4968e+02	-3.9963e+02	-1.0835e+03	1.3096e+03	-4.7530e+02	5.1897e+02	-4.2446e+02	6.7164e+02	1.1483e+03	-5.6746e+02	-1.2384e+03	1.4106e+03	3.9436e+02	-1.2217e+02	1.1850e+03	7.5482e+01	-1.9148e+03	-1.8811e+02	7.5008e+02	8.4726e+02	-1.5296e+03	1.8240e+03	1.0745e+03	1.8941e+03	5.5092e+02	6.0440e+02	-1.7360e+03	2.8440e+03	-1.4459e+03	3.9283e+02	-2.7545e+02	-1.0304e+03	1.5675e+03	-1.2799e+03	1.3790e+02	9.4291e+02	7.2124e+02	-6.8709e+02	2.6886e+02	-4.5892e+01	-4.3574e+02	-1.1236e+02	-5.5853e+02	-1.9073e+03	2.6277e+02	-2.8213e+02	6.8587e+01	7.4677e+02	2.4679e+02	1.4930e+03	7.5018e+02	4.8840e+02	9.1773e+02	-1.6017e+03	2.2430e+03	-2.2686e+02	-1.5226e+03	3.0826e+03	1.8488e+03	2.3505e+03	-1.2035e+03	-1.0301e+03	7.0150e+02	4.4603e+02	1.7630e+03	1.0737e+03	-1.6320e+03	-3.2854e+02	-7.0620e+02	3.0908e+02	2.4568e+03	2.1696e+03	-2.2896e+03	-1.0366e+03	1.3391e+03	-1.8528e+03	-5.8134e+02	-2.6109e+03	-4.0794e+02	-5.1955e+02	1.5074e+03	5.0300e+02	2.7388e+02	1.3036e+03	-1.2027e+03	-4.4382e+03	2.7887e+03	2.2852e+02	2.9094e+03	1.5268e+03	7.7104e+02	1.8583e+03	-5.1326e+02	-8.3104e+02	6.8023e+02	5.7892e+02	-4.8207e+02	-1.6313e+03	-3.2383e+02	4.4202e+02	-4.1656e+02	-1.1492e+03	-8.5448e+02	-8.0852e+02	-2.0772e+02	-1.0091e+03	-7.2388e+02	-2.6285e+02	-1.2992e+03	7.1419e+02	-7.9893e+02	2.9553e+02	1.3645e+03	7.4474e+02	-5.2732e+02	6.9874e+02	3.0057e+03	1.2164e+03	-1.9053e+03	-9.3070e+01	7.7127e+02	-1.0150e+01	9.1195e+02	-2.2363e+03	-1.0548e+03	5.6659e+02	-2.3123e+03	-1.0602e+03	-4.5873e+02	-5.8300e+02	5.5519e+02	1.7137e+03	-1.7280e+03	4.2134e+02	-1.9308e+02	1.2049e+03	-1.0883e+03	-1.6645e+03	-4.5103e+02	9.9926e+02	-8.8656e+02	1.1350e+03	1.2284e+03	-3.1391e+02	1.4280e+01	5.4652e+01	-1.1662e+03	1.4605e+03	1.4373e+03	9.0521e+02	-5.8142e+01	-1.0119e+03	-2.6153e+01	-2.2018e+02	-2.8869e+03	-3.9148e+02	-1.5813e+03	-9.9809e+02	-1.2292e+02	1.6741e+03	2.3891e+03	5.1745e+02	-5.9774e+02	5.0109e+02	1.0436e+03	2.3566e+03
1.2000e+05	-4.5950e+02	-1.0842e+03	-2.1870e+02	1.0924e+03	1.2350e+03	1.3025e+03	-2.7201e+01	-1.3997e+03	5.0716e+02	-7.0361e+02	7.5615e+02	-2.9211e+02	1.2492e+03	5.8527e+02	2.4878e+02	4.5644e+02	3.9400e+02	-1.5417e+02	2.2944e+03	7.9782e+01	-1.9555e+03	-8.1571e+02	-8.4818e+02	1.1547e+03	6.4258e+02	1.2802e+02	2.8732e+02	-2.2515e+02	-1.2308e+03	-1.2982e+03	-1.3081e+02	-4.4894e+02	2.5856e+02	3.1721e+02	2.4538e+02	-4.0450e+02	-2.7851e+02	1.4438e+03	7.2230e+02	1.6204e+02	8.3933e+02	9.8494e+02	-7.4898e+01	1.6409e+03	-9.8690e+02	-1.5526e+01	2.8622e+01	9.3006e+01	2.1876e+02	2.0507e+02	-2.2732e+03	-1.1834e+03	6.3010e+02	9.7052e+02	-4.0294e+01	3.5379e+02	1.4206e+03	-1.3510e+03	-1.5270e+03	-8.4208e+01	1.0205e+03	-1.0381e+03	2.1914e+02	-1.1192e+03	-7.1695e+01	-6.2001e+01	1.3267e+02	-5.1934e+02	9.2785e+02	2.8619e+02	-2.4052e+01	9.0830e+02	4.4078e+02	2.3186e+02	-5.9682e+02	-6.9156e+02	-3.0071e+02	-5.2893e+02	-3.7679e+02	6.4142e+02	-2.6372e+02	-2.2935e+02	9.3255e+02	-1.6645e+03	-1.0527e+03	-2.5121e+02	-1.8495e+03	4.5890e+02	-1.1567e+01	-9.6960e+02	-2.0818e+03	-1.0908e+03	-1.0223e+03	-2.5613e+02	1.9970e+03	2.7481e+02	7.3986e+02	5.4829e+02	-2.3644e+02	1.0092e+03	-4.4414e+02	1.0247e+03	-1.2279e+02	8.6624e+02	-1.8098e+03	-1.4952e+01	1.6266e+03	7.4457e+02	-4.5167e+02	1.3591e+03	-1.0357e+03	-1.8771e+02	1.1661e+03	-9.8791e+02	7.1555e+02	3.1275e+01	6.7751e+01	3.0777e+02	1.5688e+03	-6.1679e+02	-7.8713e+02	-3.5248e+02	1.0871e+03	-7.1785e+02	-3.5897e+02	-2.6235e+02	-6.6361e+02	-4.6001e+02	-8.6399e+02	-4.4928e+01	5.5249e+02	-1.5450e+03	-1.4252e+01	8.4796e+02	-6.2869e+02	1.5562e+02	1.0839e+03	2.4174e+02	4.3783e+02	-3.7099e+01	5.6675e+02	-6.8902e+02	-1.8781e+03	7.3641e+02	6.6367e+02	-6.8904e+02	9.7933e+02	5.8412e+02	8.0100e+02	1.3078e+03	5.0129e+02	-3.5415e+02	1.2310e+03	7.4901e+02	5.8423e+02	2.7993e+02	-1.3890e+03	-8.9253e+02	-1.1513e+03	7.4685e+02	1.4170e+03	-1.4075e+03	-8.9637e+02	-1.1656e+03	3.2246e+01	9.5792e+02	1.1997e+02	6.9227e+02	-1.0555e+03	5.5281e+02	-1.5872e+03	-1.7048e+03	-1.5928e+03	4.3549e+02	-7.8218e+01	9.2918e+02	4.1471e+02	8.2813e+02	-8.7212e+02	-5.7352e+02	2.7403e+02	9.2283e+02	1.9762e+02	-1.0537e+03	-3.1758e+02	8.8577e+02	3.4097e+02	-5.8671e+02	3.1517e+02	7.7979e+02	1.6559e+03	-1.2573e+02	1.2908e+02	3.8348e+02	1.3292e+03	-2.9399e+02	1.3484e+03	9.1505e+02	9.2627e+02	9.1888e+02
1.2000e+05	-2.6445e+02	-1.2961e+03	-8.2649e+02	1.1642e+02	1.3900e+03	1.3533e+03	1.3836e+03	-9.9262e+02	-1.7810e+03	1.5376e+03	8.1855e+02	2.2677e+02	-3.8101e+02	3.3657e+02	3.5511e+01	1.2089e+03	2.8531e+03	-2.4269e+03	-1.7626e+03	-1.1104e+02	-1.5941e+03	-1.0313e+03	1.3628e+03	-2.1134e+03	-1.6485e+03	6.9837e+02	2.6542e+03	6.3002e+02	-2.6610e+03	2.3464e+02	-1.5870e+03	1.6914e+03	-3.1736e+02	-5.1162e+02	3.8305e+02	-9.4819e+00	-1.0528e+03	2.2776e+03	-1.4372e+03	6.3756e+02	-1.7607e+02	8.9477e+02	6.1638e+02	-6.9687e+02	-1.1546e+03	1.0177e+03	1.4299e+03	4.6843e+02	1.5835e+03	4.2586e+02	-1.9711e+03	-1.3243e+03	3.6541e+02	1.9462e+03	-1.4428e+03	2.8262e+03	-1.1380e+02	1.9355e+03	2.3006e+02	1.4243e+03	-1.2113e+03	2.0633e+03	-1.9395e+03	-1.2169e+02	4.7110e+02	-2.4363e+02	1.0624e+03	-1.8148e+03	1.5621e+03	1.2420e+03	1.1288e+03	-3.8771e+02	-1.1327e+03	-2.3346e+01	4.9221e+02	3.9317e+01	-9.8325e+02	-1.5446e+03	1.1354e+03	2.6829e+02	-3.4828e+02	9.7221e+02	2.1324e+02	1.3606e+03	4.3654e+02	3.6176e+02	1.0190e+03	-1.2421e+03	1.7962e+03	-9.7793e+02	-1.7235e+03	4.2295e+03	2.5628e+03	2.5467e+03	-1.5002e+03	-1.6826e+03	2.1278e+02	8.8318e+02	1.4206e+03	1.8168e+03	-1.2074e+03	-4.4221e+02	-1.6029e+02	4.5884e+02	3.1134e+03	1.7824e+03	-2.3304e+03	-1.0799e+03	1.9727e+03	-1.8048e+03	-7.8283e+02	-3.1662e+03	-7.1378e+02	1.8356e+02	1.4051e+03	3.7936e+01	-4.2316e+02	1.7233e+02	-2.0338e+03	-4.2364e+03	3.9611e+03	1.6937e+03	1.6745e+03	7.6552e+02	9.0800e+02	1.3439e+03	-1.4764e+03	-4.0756e+02	1.6149e+03	7.4794e+02	-2.0868e+02	-1.2721e+03	-1.2100e+03	8.5031e+02	-5.6122e+02	-1.2153e+03	-2.4567e+03	-1.3630e+03	3.9737e+02	-1.2083e+03	-8.5747e+02	-6.4655e+02	-6.1531e+02	1.1903e+03	2.1135e+01	6.2600e+01	9.3114e+02	7.0430e+02	-1.6822e+03	8.9861e+02	2.7855e+03	6.0985e+02	-1.4490e+03	-4.5932e+02	8.8067e+02	-1.4555e+03	2.5107e+01	-2.6400e+03	3.9447e+02	4.3613e+02	-3.1127e+03	-9.0144e+02	-1.5010e+03	-6.3830e+02	1.9622e+02	1.0553e+03	-2.4295e+03	-1.2134e+02	-1.7101e+01	7.5328e+02	-7.5519e+02	-1.2045e+03	-1.0324e+03	1.2548e+03	-8.9245e+02	1.3150e+03	2.0000e+03	3.0455e+02	1.5916e+01	6.5588e+02	-1.3617e+03	1.5003e+03	1.1391e+03	2.2417e+03	-1.8278e+01	1.1580e+02	-9.1453e+02	-3.5914e+02	-2.9942e+03	-1.2321e+03	-1.2987e+03	-3.7253e+02	-4.3037e+02	1.8052e+03	2.0632e+03	4.4608e+02	-2.7747e+02	2.8504e+01	1.6893e+03	2.9346e+03
1.4000e+05	7.5246e+01	-1.2629e+03	-5.8630e+02	1.0549e+03	1.6376e+03	9.8573e+02	-6.4840e+01	-2.1657e+03	3.8861e+02	-1.2166e+03	9.4421e+02	-3.1829e+02	1.0254e+03	8.8670e+02	-9.0858e+01	9.0940e+02	7.7439e+02	-9.5562e+02	2.0307e+03	4.3801e+01	-2.1086e+03	-6.3987e+02	-8.3852e+02	6.4416e+02	8.8073e+02	-3.4794e+02	8.8138e+02	-3.8865e+02	-1.2048e+03	-1.4905e+03	-3.3095e+02	-4.7290e+02	9.1187e+02	7.6418e+02	3.2512e+02	3.4584e+01	-1.7950e+02	7.0488e+02	1.0791e+03	3.4054e+01	-2.8660e+01	8.9022e+02	-3.8928e+01	1.3388e+03	-6.7186e+02	2.6076e+02	-4.3885e+02	8.3666e+01	3.7828e+01	6.5281e+01	-1.9190e+03	-7.5615e+02	1.3923e+02	4.7976e+02	-3.5898e+02	-7.4343e+01	1.1458e+03	-1.8559e+03	-1.4081e+03	3.5145e+01	6.9747e+02	-1.3424e+03	-4.4565e+02	-9.9294e+02	1.8429e+02	-2.0413e+01	-2.6662e+02	-5.3764e+02	1.5585e+03	3.6596e+02	6.8262e+02	4.8392e+02	5.0606e+02	6.6972e+02	-2.6291e+02	-3.3474e+02	-5.5939e+02	-6.7099e+02	-6.7812e+02	5.1549e+02	-5.0393e+02	-6.7590e+02	9.7973e+02	-2.0006e+03	-8.2432e+02	-1.4235e+02	-1.9547e+03	1.0651e+03	9.7017e+01	-3.7162e+02	-1.7053e+03	-1.2455e+03	-1.0019e+03	-6.8024e+02	1.8058e+03	-2.6448e+01	7.4964e+02	2.9474e+02	4.1323e+02	1.3907e+03	-5.8706e+02	1.5235e+03	-6.5787e+02	6.1436e+02	-2.2578e+03	6.2666e+02	1.3639e+03	1.0442e+03	-2.7026e+02	1.5502e+03	-1.5800e+03	-5.4191e+02	1.0481e+03	-1.2759e+03	6.8608e+02	-7.5684e+01	-3.6608e+02	2.3817e+02	1.3701e+03	-3.0737e+02	-6.6050e+02	2.3222e+02	7.0038e+02	-5.3731e+02	-1.9622e+02	-1.4171e+02	-4.4946e+02	-7.1722e+02	-7.1312e+02	1.3851e+02	7.0597e+02	-1.5291e+03	4.6382e+02	1.1528e+03	-5.8914e+02	1.5517e+02	7.8288e+02	1.4719e+02	1.1895e+03	4.9636e+02	1.2180e+03	-5.9599e+02	-1.8937e+03	8.2567e+02	6.7227e+02	-7.1297e+02	1.1175e+03	9.5000e+02	2.9425e+02	1.4286e+03	4.4970e+02	-8.4591e+02	1.4055e+03	1.5811e+03	4.6233e+02	2.9116e+02	-1.8686e+03	-7.3755e+02	-1.6655e+03	6.1548e+02	1.0474e+03	-1.5833e+03	-6.3140e+02	-1.5172e+03	3.6634e+02	4.0343e+02	2.9378e+02	1.3169e+02	-1.2271e+03	8.5433e+02	-1.9744e+03	-1.2040e+03	-1.0135e+03	1.0120e+02	-5.7000e+02	1.1744e+03	8.0029e+01	3.9031e+02	-8.3845e+02	-1.5379e+02	-3.5336e+02	1.6997e+03	-1.3827e+02	-1.0059e+03	9.8698e+01	9.0371e+02	6.6839e+02	-1.3364e+03	6.8254e+02	8.7980e+02	1.2682e+03	-2.8063e+02	5.4892e+02	2.2521e+02	5.9102e+02	-5.5322e+02	1.6623e+03	1.2313e+03	1.5447e+03	7.4871e+02
1.4000e+05	-1.2762e+02	-1.7244e+03	-1.6361e+03	3.5261e+02	1.0580e+03	1.5155e+03	2.3787e+03	-2.1021e+03	-2.6625e+03	1.3927e+03	1.1704e+03	-1.2288e+02	-6.4367e+02	7.8068e+02	5.8922e+02	6.2611e+02	3.2758e+03	-2.8623e+03	-1.6397e+03	-1.2738e+03	-1.5613e+03	-1.5301e+03	1.4668e+03	-2.4780e+03	-2.2176e+03	1.1293e+03	3.2138e+03	5.4893e+02	-3.0722e+03	7.5353e+02	-1.8999e+03	9.5209e+02	-1.1528e+03	-6.6843e+02	6.5465e+02	-8.0387e+02	-4.4874e+02	2.8226e+03	-2.5394e+03	-1.8442e+02	-3.3326e+01	1.6016e+03	1.7591e+02	-3.1567e+02	-7.2200e+02	3.4013e+02	1.4535e+03	7.9469e+02	1.8176e+03	4.1174e+01	-3.3537e+03	-1.5426e+03	-1.1250e+02	1.6248e+03	-1.9339e+03	2.3582e+03	2.6758e+02	2.0658e+03	9.1893e+02	1.4977e+03	-4.5890e+02	1.8303e+03	-2.1479e+03	1.2768e+02	3.0999e+01	6.3235e+02	1.7023e+03	-1.0824e+03	1.2344e+03	1.4681e+03	1.1833e+03	-1.6933e+02	-1.5017e+03	5.1682e+01	9.5901e+02	8.0810e+01	-1.8523e+02	-1.9372e+03	1.3547e+03	4.4110e+02	-4.2313e+02	4.8742e+02	-2.1819e+02	7.6872e+02	8.7141e+02	-6.9409e+02	1.0165e+03	-1.8435e+03	2.0118e+03	-1.4013e+03	-2.5788e+03	5.0825e+03	3.0966e+03	2.3368e+03	-1.6837e+03	-1.6765e+03	4.8353e+02	1.2988e+03	2.0242e+03	1.9013e+03	-6.7204e+02	-1.1448e+02	3.5508e+02	1.1665e+03	2.5688e+03	1.7422e+03	-1.5565e+03	7.4806e+02	1.2915e+03	-2.7826e+03	-1.4730e+03	-3.4105e+03	-8.4898e+02	2.1361e+02	1.7048e+03	2.4364e+02	-8.9439e+02	1.0588e+03	-2.7647e+03	-4.4828e+03	3.2876e+03	2.8712e+03	5.4870e+02	1.7094e+03	6.8144e+02	8.6788e+02	-5.5941e+02	-3.8269e+02	1.8062e+03	1.3772e+03	1.0956e+02	-7.6666e+02	-8.6728e+02	7.0789e+02	-1.8917e+03	-9.1637e+02	-3.1253e+03	-1.1735e+03	-5.5094e+02	-7.7440e+02	-5.4998e+02	-2.8066e+02	4.5878e+02	6.8082e+02	7.1494e+02	-5.6906e+02	5.4304e+02	1.2760e+02	-7.8835e+02	9.5078e+02	2.0233e+03	3.4148e+02	-1.3553e+03	-5.2855e+02	-4.7727e+02	-1.7475e+03	1.9112e+02	-3.4058e+03	-2.2587e+02	5.9447e+01	-2.5081e+03	-5.2752e+02	-1.6475e+03	4.1696e+02	-2.1619e+02	3.7409e+02	-2.8976e+03	1.2397e+01	-2.8273e+02	9.3065e+02	-1.3497e+03	-2.2236e+03	1.2008e+02	3.2625e+02	-1.3397e+03	2.1333e+03	2.6808e+03	-1.4746e+02	9.6737e+01	7.9463e+02	-1.5614e+03	1.5598e+03	9.5370e+02	2.8542e+03	-5.5361e+02	4.5178e+02	-3.1724e+02	-3.3102e+02	-2.0730e+03	-7.2555e+02	-1.7071e+03	6.6946e+02	-7.7091e+02	2.5903e+03	2.0029e+03	1.3557e+03	2.6636e+02	-3.8851e+02	2.1121e+03	2.7070e+03
1.6000e+05	3.9510e+02	-9.1087e+02	2.7205e+01	4.3753e+02	1.6131e+03	6.3531e+02	1.3600e+02	-2.2142e+03	5.8526e+02	-1.6847e+03	6.6504e+02	-6.4127e+02	4.1606e+02	1.1614e+03	-6.0218e+01	6.8222e+02	1.0756e+03	-1.3733e+03	2.3034e+03	7.7275e+01	-1.9376e+03	-5.4535e+02	-2.0662e+02	4.7390e+00	1.1738e+03	-5.7785e+02	1.1532e+03	-9.4723e+02	-1.6513e+03	-1.7091e+03	-2.7049e+02	-4.0715e+02	1.1055e+03	6.6554e+02	-2.9276e+02	3.3795e+02	3.1447e+01	7.7874e+02	1.0836e+03	-3.6443e+02	-1.6265e+02	1.2802e+02	-2.4799e+02	1.2348e+03	-9.0520e+02	5.3858e+02	-2.4628e+02	7.4229e+01	-1.5763e+02	4.9310e+02	-1.8108e+03	-6.1682e+02	-1.0583e+02	2.7056e+02	-5.8463e+02	-6.4467e+01	8.3924e+02	-1.3888e+03	-1.5326e+03	-1.9897e+02	1.1462e+03	-1.5944e+03	-4.1375e+02	-3.9944e+02	3.9269e+02	-4.0232e+02	-4.0764e+02	-5.7208e+02	2.1501e+03	-6.6271e+01	2.9946e+02	8.1513e+02	3.3987e+02	7.6284e+02	-3.4939e+02	-2.6850e+02	-5.2715e+02	-1.3471e+03	-1.4453e+02	9.7049e+02	-1.5118e+02	-1.2883e+02	1.1214e+03	-2.5799e+03	-4.1407e+02	9.0862e+02	-1.7886e+03	9.3080e+02	7.5565e+02	-9.8833e+02	-1.2434e+03	-1.6403e+03	-1.1271e+03	-3.0225e+02	1.5815e+03	1.8389e+01	1.4660e+03	8.0938e+02	1.1092e+02	1.3990e+03	-3.6220e+02	1.0485e+03	-9.5036e+02	5.7272e+02	-1.7479e+03	4.0656e+02	6.8329e+02	7.9909e+02	-7.2675e+01	1.3880e+03	-1.9236e+03	-2.0961e+02	7.2891e+02	-1.5228e+03	9.1244e+02	1.6054e+02	-4.2266e+01	-2.4866e+01	1.0347e+03	-3.8279e+02	-9.6124e+02	-7.2218e+01	1.5367e+02	2.7907e+01	-6.2123e+02	-9.5495e+00	-4.1596e+02	-7.3869e+02	-8.5514e+02	8.6828e+01	6.3253e+02	-1.5648e+03	1.4535e+02	4.2627e+02	2.2436e+01	1.4070e+02	6.2112e+02	-9.3025e+02	1.3186e+03	1.1632e+02	4.6763e+02	-8.2691e+02	-9.8516e+02	5.4140e+02	1.0206e+03	-3.4079e+02	1.3965e+03	5.5022e+02	3.7639e+02	1.2264e+03	1.0100e+03	-9.6649e+02	7.4384e+02	1.4153e+03	6.0103e+02	-1.3280e+02	-2.3625e+03	-1.0900e+02	-1.9028e+03	3.2210e+02	6.2284e+02	-1.5057e+03	-6.4351e+02	-1.6160e+03	2.3531e+02	1.3323e+02	7.9112e+02	-6.8738e+01	-1.1835e+03	1.4855e+03	-1.6631e+03	-1.3018e+03	-9.8654e+02	-4.3600e+01	5.3232e+02	1.2628e+03	-2.5335e+02	4.1049e+02	-1.2432e+03	-3.2952e+02	-7.8404e+02	2.0222e+03	1.6170e+02	-4.1147e+02	2.2676e+02	7.7012e+02	-3.1791e+02	-1.2292e+03	7.0388e+02	1.1140e+03	8.2701e+02	-9.0890e+02	4.5369e+02	-1.1677e+02	4.0396e+02	-6.3013e+02	1.4301e+03	1.0739e+03	1.2869e+03	8.4026e+01
1.6000e+05	-6.2122e+02	-2.5821e+03	-1.4105e+03	8.7034e+02	1.7598e+03	1.3936e+03	2.3545e+03	-8.9213e+02	-3.4260e+03	3.0460e+03	8.4159e+02	7.5585e+02	-5.7988e+02	2.3740e+01	2.0350e+02	2.7178e+02	3.3978e+03	-2.9294e+03	-1.1270e+03	-7.2186e+02	-3.7397e+02	-1.3110e+03	2.0533e+03	-2.6458e+03	-2.1160e+03	2.2253e+03	2.8907e+03	-1.6136e+02	-3.3600e+03	6.7847e+02	-2.1921e+03	8.7091e+02	-4.2218e+00	-9.2951e+02	3.9780e+02	-2.0390e+02	-6.3868e+02	2.2130e+03	-2.4336e+03	6.6788e+02	-3.4859e+02	1.7155e+03	5.2945e+02	-2.6744e+02	-1.0055e+03	4.5838e+02	1.9700e+03	1.2776e+03	2.1364e+03	1.8717e+02	-2.5627e+03	-1.4881e+03	-8.3024e+02	2.5227e+03	-1.1335e+03	1.9780e+03	-1.9890e+02	2.7252e+03	9.1227e+02	2.1920e+03	5.8894e+02	1.1465e+03	-1.7162e+03	-4.1139e+01	-2.7299e+02	9.9247e+01	1.6820e+03	-1.5095e+03	1.3679e+03	1.7272e+03	1.0907e+03	-7.4200e+02	-1.8080e+03	-1.3928e+02	5.5855e+02	6.7825e+02	-7.8684e+02	-1.7515e+03	2.2500e+03	8.5647e+02	-4.1709e+02	3.8288e+02	-3.1148e+01	3.4757e+02	1.4311e+03	-8.4771e+02	1.8858e+03	-2.1189e+03	3.3336e+03	-4.2776e+02	-2.3014e+03	6.1031e+03	3.3634e+03	1.8720e+03	-9.9693e+02	-7.9105e+02	5.4933e+02	1.4334e+03	2.0403e+03	2.0718e+03	-5.0709e+02	-2.2101e+02	1.6937e+02	1.2875e+03	2.1111e+03	1.5574e+03	-1.0290e+03	7.4255e+02	3.9604e+02	-3.7842e+03	-1.2512e+03	-3.0977e+03	-1.4171e+03	3.7101e+02	1.8494e+03	-5.6377e+02	-4.5238e+02	1.2274e+03	-3.7986e+03	-5.1273e+03	2.8825e+03	2.7780e+03	4.1053e+02	3.1850e+03	6.7420e+02	7.3450e+02	-2.4557e+02	-1.2043e+03	1.4713e+03	2.0135e+03	-3.6318e+02	-1.6713e+02	-1.3203e+03	5.5954e+02	-8.0741e+02	-3.5015e+02	-2.5249e+03	-6.5646e+02	-8.2312e+02	-1.6925e+03	-1.4561e+03	-3.5945e+02	1.7808e+02	1.3866e+03	4.3302e+02	-2.0299e+02	3.4006e+02	-7.6347e+01	1.2633e+02	1.4164e+03	1.9232e+03	4.8165e+02	-1.8297e+03	-5.2068e+02	-6.9260e+02	-1.1238e+03	1.2884e+02	-3.2166e+03	-7.6346e+02	-8.7498e+02	-2.3967e+03	2.2913e+02	-1.2448e+03	-2.7195e+01	-6.5072e+02	-9.0150e+01	-2.7727e+03	9.0841e+01	-4.9429e+02	-1.1089e+03	-1.8042e+03	-1.8065e+03	-2.5872e+02	4.4156e+02	-1.0785e+03	2.5198e+03	2.6084e+03	-1.7574e+02	-1.4882e+02	7.6558e+02	-2.1252e+02	1.2413e+03	6.0527e+02	3.6838e+03	-1.2548e+02	2.8519e+02	-6.9708e+02	-2.6190e+01	-1.4370e+03	-5.3461e+02	-1.6538e+03	-4.6729e+02	-5.8076e+02	1.6429e+03	2.6329e+03	8.5019e+02	6.1306e+02	7.3825e+01	2.8626e+03	2.7183e+03
1.8000e+05	5.0978e+02	-1.0323e+03	-2.4639e+02	3.5559e+02	1.5498e+03	6.9144e+02	7.0360e+02	-1.6059e+03	5.2706e+02	-1.5929e+03	9.9276e+02	2.0825e+02	7.4568e+01	1.1580e+03	3.4888e+00	8.0936e+02	8.0875e+02	-3.4040e+02	2.0469e+03	6.9392e+02	-2.0503e+03	-6.2604e+02	-2.1203e+02	6.5113e+02	1.1417e+03	-3.9908e+02	1.2706e+03	-4.2873e+02	-1.3912e+03	-1.4134e+03	1.0693e+02	-1.2782e+02	7.5521e+02	6.3769e+02	-5.3586e+02	7.2755e+02	4.4372e+02	8.4690e+02	8.5750e+02	-5.8138e+02	3.0515e+02	6.5837e+02	-3.8748e+02	1.3715e+03	-6.5887e+02	1.7107e+02	-2.0765e+02	6.4382e+01	1.5178e+01	1.5819e+01	-1.8047e+03	-9.1885e+02	8.6751e+01	3.3725e+02	-1.3064e+02	-1.3515e+02	6.5659e+02	-1.3027e+03	-1.3756e+03	-2.8923e+02	1.4768e+03	-2.0454e+03	-5.1075e+02	-7.3115e+02	6.2112e+02	-2.9200e+01	9.4419e+01	4.6421e+01	2.0545e+03	8.9245e+01	5.1190e+01	5.6394e+02	7.2882e+02	1.4697e+03	-2.4639e+02	4.9419e+01	-3.3397e+02	-5.0007e+02	-1.0712e+02	7.5368e+02	4.6800e+02	-1.0448e+02	7.0608e+02	-2.2474e+03	8.1025e+01	1.1568e+03	-1.7695e+03	7.4383e+02	4.1094e+02	-5.2383e+02	-9.0615e+02	-1.7390e+03	-8.0897e+02	-5.5659e+02	1.3730e+03	1.1422e+02	1.6216e+03	1.0332e+03	5.1349e+02	1.6119e+03	-1.6232e+02	1.3989e+03	-7.2678e+02	1.1953e+03	-2.2944e+03	6.1916e+02	1.1054e+03	9.2154e+02	-4.0721e+02	1.5653e+03	-1.9466e+03	-3.5166e+02	7.2296e+02	-1.0846e+03	1.3910e+03	6.5804e+02	-4.4655e+02	3.8898e+02	6.4583e+02	-2.5725e+02	-1.2205e+03	-2.3814e+02	1.1815e+01	-1.5976e+02	-3.6976e+02	-6.9290e+01	1.3748e+02	4.6071e+00	-8.2067e+02	-3.3607e+02	1.2237e+03	-1.0942e+03	5.6385e+02	6.7072e+02	2.5491e+02	-2.9791e+02	9.1422e+02	-1.2709e+03	1.1624e+03	-2.4044e+02	6.9833e+02	-4.0399e+02	-1.6814e+02	3.3907e+02	1.0452e+03	3.9689e+02	1.1609e+03	5.3357e+02	3.7852e+02	1.8497e+03	9.1994e+02	1.5817e+02	8.9730e+02	1.0941e+03	5.5529e+02	5.4656e+01	-1.7952e+03	-4.4303e+02	-2.1466e+03	-1.6935e+02	5.4395e+02	-1.4293e+03	-2.8657e+02	-1.5252e+03	-9.3511e+01	5.9214e+02	3.3076e+02	4.8251e+01	-1.1256e+03	1.4690e+03	-9.9003e+02	-9.2378e+02	-8.6886e+02	-3.4817e+01	1.0705e+03	1.0856e+03	-1.7420e+02	8.4381e+02	-1.3783e+03	-5.5649e+01	-9.5937e+02	2.0831e+03	-1.4765e+02	-5.4049e+02	6.4801e+02	1.1436e+03	-1.7887e+02	-8.5256e+02	9.4628e+02	1.0020e+03	1.3736e+03	-1.2624e+03	2.9233e+02	1.2003e+01	3.8793e+02	-4.0299e+02	1.4903e+03	7.0714e+02	7.2622e+02	-6.4984e+02
1.8000e+05	-5.2938e+02	-2.6216e+03	-1.7970e+03	1.5115e+03	2.9397e+03	1.7421e+03	2.1500e+03	-1.6922e+03	-4.3729e+03	3.3487e+03	8.7190e+02	5.6402e+02	-6.0165e+02	6.5725e+02	-2.9514e+02	5.8660e+02	3.7234e+03	-2.0812e+03	-1.6982e+03	-2.2796e+02	-4.9332e+02	-1.7303e+03	2.2820e+03	-2.6701e+03	-1.3833e+03	2.8437e+03	3.2041e+03	-6.1687e+02	-3.9830e+03	1.1829e+03	-1.5152e+03	9.6630e+02	7.6951e+02	-7.9831e+02	1.2901e+03	-4.7356e+02	-1.1746e+03	1.5879e+03	-3.1648e+03	9.2966e+02	-8.3403e+02	1.4682e+03	2.2164e+02	2.7013e+02	-6.5270e+02	1.0134e+03	1.6356e+03	1.2018e+03	1.3411e+03	3.8115e+02	-2.9704e+03	-9.8452e+02	-6.9694e+02	2.8499e+03	-1.2995e+03	2.1143e+03	1.5350e+02	2.5647e+03	5.2406e+02	2.6761e+03	1.2398e+03	1.1493e+03	-2.5873e+03	3.5277e+02	-8.7668e+02	-3.7286e+02	1.8113e+03	-5.3647e+02	1.7873e+03	2.0088e+03	6.6849e+02	-7.0878e+02	-1.5469e+03	-1.0990e+03	1.3794e+02	3.9786e+02	-2.0086e+03	-2.3428e+03	1.8577e+03	4.7746e+02	4.0824e+02	9.1419e+02	1.3570e+02	6.7867e+02	2.4909e+02	9.5587e+01	1.5515e+03	-2.4778e+03	3.8693e+03	-9.7850e+02	-2.7308e+03	6.2731e+03	3.8192e+03	9.6403e+02	-5.6266e+02	7.3980e+01	1.3185e+03	1.5866e+03	1.5885e+03	2.2100e+03	-4.2265e+02	6.6533e+02	6.5147e+02	1.3932e+03	2.2972e+03	1.1552e+03	-8.0202e+02	6.5511e+02	4.1849e+02	-4.0847e+03	-5.8026e+02	-2.4268e+03	-8.2144e+02	1.1561e+03	1.3791e+03	-7.0048e+02	-4.0952e+02	1.5700e+03	-2.1266e+03	-5.2643e+03	2.9354e+03	2.3438e+03	2.0569e+02	4.2512e+03	8.0596e+02	-1.8164e+02	-7.8426e+02	-9.4260e+02	1.3237e+03	2.3662e+03	-1.4482e+03	6.4768e+02	-1.7412e+03	3.2122e+02	-1.6488e+02	-3.3744e+02	-3.3208e+03	-4.6076e+01	-9.6632e+02	-1.9995e+03	-1.0203e+03	-3.3774e+02	2.4378e+02	1.7149e+03	3.9868e+02	-6.5848e+02	8.0577e+02	6.6582e+02	4.9023e+02	2.1229e+03	2.3869e+03	1.2597e+03	-1.9982e+03	-7.7910e+02	-4.1893e+02	-1.0953e+03	8.8693e+01	-3.6021e+03	-5.7750e+02	-1.9050e+03	-1.9094e+03	1.2923e+03	-1.2214e+03	-1.6487e+02	-8.5264e+02	-3.6482e+02	-3.0589e+03	2.0104e+02	-1.1507e+02	-8.1163e+02	-7.7020e+02	-5.0378e+02	-4.9233e+02	-1.7358e+02	-2.0071e+03	2.6652e+03	1.4080e+03	-3.3244e+02	-5.8444e+02	-3.7682e+02	-2.5789e+02	1.2180e+03	1.0500e+03	3.9222e+03	3.4609e+01	6.7963e+02	-1.1408e+03	4.9300e+01	-1.2490e+03	-8.7601e+02	-1.8810e+03	-2.4850e+02	2.0126e+01	2.6322e+03	2.5381e+03	7.5640e+02	1.1567e+03	2.1830e+01	3.2798e+03	2.1172e+03
2.0000e+05	3.6348e+02	-1.4253e+03	-2.9641e+01	-2.4630e+02	1.6777e+03	8.3260e+02	-5.1734e+00	-1.2441e+03	2.8822e+02	-1.7694e+03	1.1693e+03	1.8914e+01	-2.8094e+02	7.3818e+02	5.1618e+00	8.0912e+02	1.4404e+03	1.7684e+02	1.5833e+03	5.5906e+02	-1.7390e+03	-3.6065e+02	9.6102e+01	1.0519e+03	1.2723e+03	-6.3979e+02	6.6023e+02	-6.4150e+02	-1.4852e+03	-1.3352e+03	1.4970e+02	3.3629e+02	1.0825e+03	6.1715e+02	-8.8972e+02	5.8579e+02	5.7591e+02	7.0612e+02	1.2324e+03	-8.1758e+02	5.3535e+02	1.0704e+03	3.7266e+01	1.4692e+03	-8.8196e+02	4.8152e+02	-1.6814e+02	6.7243e+01	5.2028e+02	8.4677e+02	-1.7870e+03	-1.0321e+03	-6.7556e+01	-2.1034e+02	-7.1104e+00	-4.9706e+02	9.2315e+02	-1.2842e+03	-1.1296e+03	-7.1010e+02	1.1531e+03	-1.6142e+03	-3.8698e+02	-6.0043e+02	9.2089e+02	5.1720e+02	6.7646e+02	5.6293e+02	1.9579e+03	-1.8854e+02	-4.5436e+01	7.3555e+01	9.7030e+02	9.6008e+02	4.7256e+02	-1.2262e+02	-3.7374e+02	-7.0948e+02	-5.0059e+02	8.1660e+02	3.3269e+02	-3.5662e+02	7.0574e+01	-1.7797e+03	6.1544e+02	1.1115e+03	-1.7964e+03	7.4715e+02	7.3587e+01	1.3628e+02	-1.3967e+03	-1.0683e+03	-1.1135e+03	-1.1435e+03	1.3612e+03	3.2201e+02	1.8676e+03	1.2324e+03	-2.6373e+02	1.2789e+03	-4.0931e+01	1.2790e+03	-9.6264e+02	1.2102e+03	-2.3441e+03	8.6043e+02	7.6046e+02	1.2479e+03	-9.3015e+02	1.7160e+03	-2.5920e+03	4.0552e+02	3.5556e+02	-8.0720e+02	1.5816e+03	5.9245e+02	-7.7168e+02	4.3857e+02	4.0378e+02	1.0396e+02	-9.5443e+02	-4.9342e+02	-2.4034e+02	-4.6135e+01	-7.1837e+02	-3.9706e+02	2.6654e+02	-4.5244e+02	-1.0207e+03	-2.8000e+02	1.4076e+03	-6.4804e+02	8.8511e+02	4.5137e+02	2.6143e+02	-2.0752e+02	1.1968e+03	-8.2620e+02	1.0107e+03	-5.7754e+02	4.2478e+02	-1.4406e+02	2.7249e+02	3.3711e+02	6.9208e+02	1.1644e+02	1.5088e+03	2.2144e+02	4.0864e+02	1.4753e+03	5.8964e+02	9.6012e+02	9.0430e+02	1.0811e+03	6.2990e+02	-5.5066e+02	-2.1896e+03	-1.6800e+02	-2.1260e+03	-1.8638e+02	7.9711e+02	-1.5994e+03	-4.3475e+02	-1.6252e+03	-5.2584e+02	4.6506e+02	2.9220e+02	3.1395e+01	-9.9960e+02	1.6810e+03	-5.9546e+02	-3.8525e+02	-1.2391e+03	1.4031e+02	1.2349e+03	1.0796e+03	1.6751e+02	6.5952e+02	-1.3579e+03	4.6943e+02	-1.0040e+03	2.0284e+03	2.0010e+02	-4.3844e+02	1.1951e+03	8.3093e+02	-1.1309e+03	-3.3256e+02	8.5377e+02	6.4822e+02	1.7998e+03	-7.9314e+02	1.1320e+03	-9.9761e+01	4.4607e+02	-3.1740e+02	1.7415e+03	3.8062e+02	6.8715e+02	-5.1517e+02
2.0000e+05	-5.4600e+02	-2.2115e+03	-2.1227e+03	1.1138e+03	2.2349e+03	1.1782e+03	2.4927e+03	-1.5736e+03	-4.1217e+03	2.1289e+03	1.3543e+03	3.7638e+02	6.5091e+01	2.0202e+03	-4.8282e+01	7.4018e+02	4.4999e+03	-1.9438e+03	-1.9907e+03	-4.8366e+02	-2.7215e+02	-1.7732e+03	2.4712e+03	-3.2948e+03	-1.0026e+03	2.3239e+03	3.5506e+03	-2.5363e+02	-4.1139e+03	1.6974e+03	-1.1649e+03	1.3324e+03	2.0112e+03	-7.5028e+02	1.7041e+03	-9.4505e+02	8.1538e+01	1.0010e+03	-3.3474e+03	1.0981e+03	-2.3917e+02	1.3220e+03	-4.2790e+02	8.0714e+02	-1.3338e+03	1.3782e+03	1.7603e+03	1.7166e+03	1.2008e+03	4.3456e+02	-3.0549e+03	-4.1000e+01	-1.6928e+02	3.3556e+03	-7.5173e+02	2.1873e+03	-3.6036e+02	3.0304e+03	4.2149e+02	2.2922e+03	3.0087e+02	5.9303e+02	-2.2486e+03	-1.0751e+02	-4.9807e+02	-2.9353e+02	1.7747e+03	8.5860e+01	1.3881e+03	2.2354e+03	1.1915e+03	1.8487e+02	-1.5598e+03	-9.2065e+02	7.4641e+02	-4.7654e+02	-3.0309e+03	-1.9974e+03	2.1686e+03	5.2207e+02	1.5661e+02	1.2688e+03	-9.2290e+01	1.1229e+03	4.1863e+02	-3.2474e+01	1.7651e+03	-3.1995e+03	3.6311e+03	-1.4420e+03	-2.5196e+03	7.2984e+03	3.9652e+03	4.4440e+01	-1.9299e+02	-4.7940e+02	1.5088e+03	1.0868e+03	1.8455e+03	1.1467e+03	-1.6793e+03	-8.0239e+01	1.0692e+03	1.0058e+03	2.0386e+03	1.7498e+03	-1.2418e+03	1.4500e+03	-2.4888e+02	-3.8443e+03	-2.1709e+02	-2.8574e+03	-1.1303e+03	1.1034e+03	1.8976e+03	-8.3822e+02	-4.4568e+02	1.9066e+03	-2.8997e+03	-5.0850e+03	3.5478e+03	1.9695e+03	-7.5967e+02	4.8093e+03	1.0344e+03	1.8935e+02	-5.5307e+02	-1.6060e+03	2.8091e+02	1.1455e+03	-1.7587e+03	8.5951e+02	-1.9411e+03	7.4279e+01	2.9892e+02	-8.8439e+02	-3.4141e+03	-2.3290e+02	-1.5131e+03	-2.0741e+03	-1.1359e+03	-1.5388e+03	2.6980e+02	1.0808e+03	1.2827e+03	-4.7151e+01	3.9524e+02	3.8492e+02	1.2095e+03	2.3562e+03	2.1860e+03	8.8120e+02	-2.1183e+03	-5.6119e+02	3.5332e+02	-6.2325e+02	-3.4274e+02	-4.2426e+03	-1.2966e+03	-1.9628e+03	-1.7046e+03	1.3439e+03	-1.0191e+03	-9.5388e+02	-7.8856e+02	-7.5131e+02	-3.6492e+03	1.7420e+02	-3.3789e+02	-1.4004e+03	-9.1971e+02	1.6813e+02	6.7172e+01	-9.7044e+02	-1.6949e+03	2.6842e+03	9.6623e+02	-6.5840e+01	-8.2442e+02	-5.9057e+02	-4.8496e+02	1.6110e+03	9.0890e+02	3.9257e+03	7.7211e+02	6.0204e+02	-1.0326e+03	-2.7071e+02	-1.3783e+03	-4.6859e+02	-2.3425e+03	-6.0067e+02	-2.4523e+02	2.4118e+03	3.3096e+03	1.3905e+03	2.2153e+03	4.6081e+02	3.6564e+03	1.7756e+03
