2.0000e+05	7.3665e+04
2.0000e+05	7.3518e+04
2.0000e+05	7.3998e+04
2.0000e+05	7.5848e+04
2.0000e+05	7.7171e+04
2.0000e+05	7.8278e+04
2.0000e+05	8.0237e+04
2.0000e+05	8.2277e+04
2.0000e+05	8.4813e+04
2.0000e+05	8.7766e+04
2.0000e+05	9.1264e+04
2.0000e+05	9.4057e+04
2.0000e+05	9.8217e+04
2.0000e+05	1.0203e+05
2.0000e+05	1.0465e+05
2.0000e+05	1.0869e+05
2.0000e+05	1.1300e+05
2.0000e+05	1.1609e+05
2.0000e+05	1.2028e+05
2.0000e+05	1.2302e+05
2.0000e+05	1.2622e+05
2.0000e+05	1.2990e+05
2.0000e+05	1.3258e+05
2.0000e+05	1.3485e+05
2.0000e+05	1.3421e+05
2.0000e+05	1.2840e+05
2.0000e+05	1.2648e+05
2.0000e+05	1.2727e+05
2.0000e+05	1.2906e+05
2.0000e+05	1.3056e+05
2.0000e+05	1.3128e+05
2.0000e+05	1.3084e+05
2.0000e+05	1.2959e+05
2.0000e+05	1.2872e+05
2.0000e+05	1.2871e+05
2.0000e+05	1.2895e+05
2.0000e+05	1.2881e+05
2.0000e+05	1.2967e+05
2.0000e+05	1.2932e+05
2.0000e+05	1.2860e+05
2.0000e+05	1.2824e+05
2.0000e+05	1.2880e+05
2.0000e+05	1.2755e+05
2.0000e+05	1.2747e+05
2.0000e+05	1.2784e+05
2.0000e+05	1.2837e+05
2.0000e+05	1.2762e+05
2.0000e+05	1.2735e+05
2.0000e+05	1.2670e+05
2.0000e+05	1.2636e+05
2.0000e+05	1.2636e+05
2.0000e+05	1.2646e+05
2.0000e+05	1.2567e+05
2.0000e+05	1.2601e+05
2.0000e+05	1.2536e+05
2.0000e+05	1.2478e+05
2.0000e+05	1.2482e+05
2.0000e+05	1.2438e+05
2.0000e+05	1.2381e+05
2.0000e+05	1.2375e+05
2.0000e+05	1.2349e+05
2.0000e+05	1.2250e+05
2.0000e+05	1.2255e+05
2.0000e+05	1.2188e+05
2.0000e+05	1.2152e+05
2.0000e+05	1.2128e+05
2.0000e+05	1.2077e+05
2.0000e+05	1.2022e+05
2.0000e+05	1.2022e+05
2.0000e+05	1.1966e+05
2.0000e+05	1.1925e+05
2.0000e+05	1.1845e+05
2.0000e+05	1.1820e+05
2.0000e+05	1.1768e+05
2.0000e+05	1.1734e+05
2.0000e+05	1.1682e+05
2.0000e+05	1.1629e+05
2.0000e+05	1.1550e+05
2.0000e+05	1.1584e+05
2.0000e+05	1.1433e+05
2.0000e+05	1.1428e+05
2.0000e+05	1.1372e+05
2.0000e+05	1.1354e+05
2.0000e+05	1.1279e+05
2.0000e+05	1.1189e+05
2.0000e+05	1.1193e+05
2.0000e+05	1.1101e+05
2.0000e+05	1.1157e+05
2.0000e+05	1.1056e+05
2.0000e+05	1.0982e+05
2.0000e+05	1.0910e+05
2.0000e+05	1.0851e+05
2.0000e+05	1.0812e+05
2.0000e+05	1.0780e+05
2.0000e+05	1.0741e+05
2.0000e+05	1.0649e+05
2.0000e+05	1.0630e+05
2.0000e+05	1.0550e+05
2.0000e+05	1.0486e+05
2.0000e+05	1.0421e+05
2.0000e+05	1.0407e+05
2.0000e+05	1.0326e+05
2.0000e+05	1.0319e+05
2.0000e+05	1.0162e+05
2.0000e+05	1.0189e+05
2.0000e+05	1.0061e+05
2.0000e+05	1.0126e+05
2.0000e+05	1.0057e+05
2.0000e+05	1.0004e+05
2.0000e+05	9.9417e+04
2.0000e+05	9.8657e+04
2.0000e+05	9.8152e+04
2.0000e+05	9.7798e+04
2.0000e+05	9.7790e+04
2.0000e+05	9.6944e+04
2.0000e+05	9.6424e+04
2.0000e+05	9.6273e+04
2.0000e+05	9.5297e+04
2.0000e+05	9.3803e+04
2.0000e+05	9.4553e+04
2.0000e+05	9.3310e+04
2.0000e+05	9.3522e+04
2.0000e+05	9.2810e+04
2.0000e+05	9.2279e+04
2.0000e+05	9.2186e+04
2.0000e+05	9.1799e+04
2.0000e+05	9.1289e+04
2.0000e+05	9.0705e+04
2.0000e+05	9.0069e+04
2.0000e+05	8.9598e+04
2.0000e+05	8.9627e+04
2.0000e+05	8.8897e+04
2.0000e+05	8.8735e+04
2.0000e+05	8.8003e+04
2.0000e+05	8.7801e+04
2.0000e+05	8.7025e+04
2.0000e+05	8.6837e+04
2.0000e+05	8.6339e+04
2.0000e+05	8.6375e+04
2.0000e+05	8.6096e+04
2.0000e+05	8.5663e+04
2.0000e+05	8.4871e+04
2.0000e+05	8.3854e+04
2.0000e+05	8.4696e+04
2.0000e+05	8.3668e+04
2.0000e+05	8.3501e+04
2.0000e+05	8.3983e+04
2.0000e+05	8.3029e+04
2.0000e+05	8.2692e+04
2.0000e+05	8.2562e+04
2.0000e+05	8.2085e+04
2.0000e+05	8.1124e+04
2.0000e+05	8.1493e+04
2.0000e+05	8.1028e+04
2.0000e+05	8.0465e+04
2.0000e+05	8.0993e+04
2.0000e+05	8.0153e+04
2.0000e+05	7.9890e+04
2.0000e+05	7.9686e+04
2.0000e+05	7.9187e+04
2.0000e+05	7.9020e+04
2.0000e+05	7.8715e+04
2.0000e+05	7.8682e+04
2.0000e+05	7.8623e+04
2.0000e+05	7.8324e+04
2.0000e+05	7.7873e+04
2.0000e+05	7.7424e+04
2.0000e+05	7.7176e+04
2.0000e+05	7.7142e+04
2.0000e+05	7.7315e+04
2.0000e+05	7.6583e+04
2.0000e+05	7.7048e+04
2.0000e+05	7.5919e+04
2.0000e+05	7.6661e+04
2.0000e+05	7.6184e+04
2.0000e+05	7.5818e+04
2.0000e+05	7.5835e+04
2.0000e+05	7.5775e+04
2.0000e+05	7.5297e+04
2.0000e+05	7.5363e+04
2.0000e+05	7.4998e+04
2.0000e+05	7.5237e+04
2.0000e+05	7.4886e+04
2.0000e+05	7.4641e+04
2.0000e+05	7.4584e+04
2.0000e+05	7.5124e+04
2.0000e+05	7.4825e+04
2.0000e+05	7.4298e+04
2.0000e+05	7.4519e+04
2.0000e+05	7.4162e+04
2.0000e+05	7.3681e+04
2.0000e+05	7.4223e+04
2.0000e+05	7.3919e+04
2.0000e+05	7.4244e+04
2.0000e+05	7.3841e+04
2.0000e+05	7.3999e+04
2.0000e+05	7.4109e+04
2.0000e+05	7.3823e+04
2.0000e+05	7.3399e+04
2.0000e+05	7.3373e+04
