2.0000e+04	1.1791e+02	-2.7503e+00	2.5288e+01	5.5733e+02	2.8557e+02	4.3723e+02	-4.0963e+02	8.3960e+02	2.1268e+02	-3.2824e+02	-1.0949e+02	-4.4032e+01	6.5757e+02	-2.3968e+02	-1.9295e+02	-4.8429e+02	-3.4972e+02	-4.4162e+02	-1.0605e+02	2.1878e+02	-1.2533e+02	1.1094e+02	4.1275e+02	6.1377e+02	1.6479e+02	6.8603e+01	-9.4487e+01	-6.0378e+02	-4.9194e+02	3.6258e+02	-5.0857e+02	1.6676e+02	-1.2064e+02	1.3940e+02	-3.2756e+02	-1.1061e+02	-1.6478e+01	-5.3449e+02	-1.6102e+02	-2.1088e+01	1.7101e+02	-1.8261e+02	-1.8176e+02	-3.1609e+02	-6.1754e+02	-3.7165e+02	-5.8519e+01	-5.9349e+02	1.9551e+02	5.5529e+02	2.0267e+00	-2.3383e+02	4.4276e+02	4.2943e+02	-5.6788e+01	-6.1673e+02	7.5402e+02	1.3395e+02	-5.7255e+02	-3.9067e+02	2.2170e+02	5.7705e+02	-5.6463e+01	4.4521e+02	5.8054e+02	3.8831e+02	-1.8767e+02	-1.8279e+02	5.6672e+02	3.8396e+02	-2.3435e+01	-2.6288e+02	-4.3273e+02	-8.9315e+01	5.4427e+01	4.1138e+02	3.9857e+02	2.4099e+02	3.0740e+01	-1.5118e+02	6.8169e+02	1.6574e+02	-5.0069e+01	8.1185e+01	4.7574e+02	-9.4624e+01	2.5528e+02	5.1321e+02	-4.3034e+02	3.2661e+01	-2.6079e+02	-1.6450e+02	8.3427e+02	7.9074e+02	1.0004e+02	-1.9648e+02	-3.3145e+02	-3.4186e+01	-2.0381e+02	-7.3781e+02	-6.8814e+02	-2.8304e+00	1.0261e+03	3.9857e+02	7.3835e+01	1.9700e+02	3.3651e+02	7.6635e+01	3.3588e+02	-3.9632e+02	9.4559e+01	-1.6195e+02	3.4411e+02	3.5240e+02	2.4259e+02	-5.8067e+02	1.2686e+02	6.9638e+02	5.3423e+02	-9.7266e+01	3.8353e+02	-5.0724e+02	-1.7882e+01	3.7694e+02	-5.3764e+01	-8.2630e+01	-1.1023e+02	6.5858e+02	-6.4264e+02	-3.2613e+02	1.0246e+02	6.1171e+02	-2.4928e+02	4.2931e+02	3.0945e+02	9.9734e+01	2.6668e+01	-1.4826e+02	-3.8167e+01	-4.0635e-01	3.6263e+02	-3.8690e+02	-4.1744e+02	4.1294e+02	-1.8254e+02	-1.8116e+02	-3.8107e+02	2.9445e+02	2.2351e+02	9.8759e+01	8.1964e+02	5.7372e+02	-3.1672e+02	-1.0111e+02	1.8426e+02	-1.2463e+02	7.6832e+01	-9.9243e+01	7.9103e+02	-3.9612e+02	-3.0603e+02	-6.4885e+01	4.7544e+02	-1.4138e+02	2.8910e+02	-4.2481e+02	1.9223e+01	8.3781e+01	-1.7133e+02	3.5890e+02	4.5714e+02	6.0183e+02	3.2900e+02	-1.7219e+02	-7.0888e+02	-9.6031e+01	2.6345e+02	-2.2037e+02	5.6368e+02	-1.8843e+01	-3.5206e+01	-8.9783e+02	6.5260e+02	2.0707e+02	7.5902e+00	-6.6850e+02	-8.8786e+02	5.3857e+01	-7.4159e+01	9.8079e+02	1.7933e+02	-3.6140e+02	-8.4030e+02	4.5207e+02	8.4218e+01	3.3119e+02	-8.0137e+02	1.7102e+02	-4.6786e+02	-1.3716e+01
2.0000e+04	-6.5701e+02	-2.8845e+02	-1.1268e+03	3.3095e+02	-5.0334e+02	1.6998e+02	-1.2345e+02	-6.5955e+02	4.1727e+02	8.3046e+02	-8.8394e+01	-6.2442e+02	-3.9632e+02	1.1738e+02	1.3757e+02	1.4255e+02	5.7519e+02	1.1758e+03	5.5032e+02	-3.8766e+02	4.3735e+02	-1.2288e+02	-4.5440e+01	-5.0215e+02	6.6897e+02	-2.5412e+00	-4.3598e+02	2.7996e+02	-4.8983e+02	5.5215e+02	3.7107e+02	2.4362e+02	-2.7366e+02	-9.3667e+02	3.7835e+02	-8.3778e+02	7.0183e+02	5.9280e+02	-5.0174e+02	-2.4156e+02	-5.0315e+02	3.2272e+02	7.5903e+02	5.8070e+02	2.1509e+02	-3.4651e+02	-1.0790e+02	3.4632e+02	3.4560e+02	-5.7858e+02	-1.7642e+02	6.3023e+01	-5.8939e+02	-1.6370e+03	3.4566e+01	-1.0409e+03	-2.0384e+02	-7.1170e+02	-4.9442e+02	6.4321e+02	-9.6373e+02	8.8345e+02	3.4641e+01	-8.8035e+02	3.6018e+02	3.4047e+02	-3.3507e+02	1.9718e+02	4.9793e+02	-5.3186e+02	6.6996e+02	-1.4797e+02	-1.1172e+02	-8.7093e+02	1.6155e+02	3.3819e+02	3.6626e+01	1.4821e+02	-8.8775e+01	-6.3394e+02	-7.0557e+02	-4.9069e+02	8.0966e+02	6.0226e+02	-4.4765e+02	5.5681e+02	-4.0751e+02	-2.5515e+01	-1.4002e+02	8.0108e+02	-7.6249e+02	1.1265e+02	-3.1580e+01	3.5197e+02	-6.8192e+02	9.2773e+02	2.8001e+02	-8.5075e+02	-2.7939e+02	-6.8479e+02	-3.2282e+02	-4.0196e+02	1.8604e+02	7.2737e+01	9.1418e+01	2.7313e+02	2.4122e+02	1.0339e+03	-3.5757e+01	7.3316e+02	2.3950e+02	-2.2533e+02	5.6941e+02	-4.3353e+02	-8.0570e+02	1.3621e+02	-1.7484e+02	1.6438e+02	-2.4296e+02	-2.8179e+02	-1.2612e+02	1.0259e+03	2.1244e+02	-8.6705e+02	-1.2627e+02	1.0819e+03	-6.3375e+02	-3.2734e+01	-6.6668e+02	9.3468e+02	2.2542e+02	3.9950e+02	-1.8200e+02	5.7355e+02	3.6297e+01	8.7461e+01	-1.9805e+02	4.8340e+02	-4.4871e+02	2.8371e+02	2.8012e+02	-1.2685e+03	-8.2968e+02	5.4069e+02	7.9100e+02	-4.2476e+02	-5.2331e+02	-1.5884e+02	-1.8429e+02	-4.3357e+02	9.3885e+01	1.0257e+03	6.7257e+01	-1.2322e+02	1.5120e+03	-1.5495e+02	7.6291e+02	6.8232e+00	1.7048e+02	8.0934e+02	6.0147e+02	6.4334e+02	-5.6157e+02	3.0511e+02	-1.2187e+00	-4.5144e+02	9.8977e+01	-2.2242e+02	-5.5988e+02	-4.2695e+02	-9.6037e+02	5.9101e+02	3.5113e+02	-6.7390e+02	6.5068e+02	1.4231e+02	-3.9107e+02	-1.2227e+02	-8.6140e+02	2.7167e+02	1.5148e+02	4.9618e+02	2.4520e+02	-6.7233e+02	7.0922e+02	-4.6373e+02	-1.5387e+02	-8.3385e+02	1.0117e+03	-6.7262e+02	-6.7283e+02	-2.3344e+02	4.0580e+02	-3.9901e+02	1.1945e+03	-1.0639e+02	-5.4457e+02	1.8473e+03	1.1791e+03	2.1143e+02
4.0000e+04	8.4298e+01	-1.6232e+02	-1.0192e+02	6.8560e+02	1.1074e+02	-1.9280e+02	-6.5553e+02	1.2427e+03	2.7561e+01	8.0473e+02	8.0477e+01	-7.7866e+02	1.2316e+03	-3.9579e+02	-5.6062e+02	-4.2931e+02	-6.9989e+02	-4.7754e+02	1.6038e+02	2.1971e+02	-3.0784e+02	-7.7151e+01	3.4413e+02	7.6560e+02	1.0063e+02	-4.2889e+02	-5.2425e+02	-8.3415e+02	-8.3571e+02	3.8010e+02	-5.6393e+02	-1.3556e+02	-1.8657e+02	9.0756e+02	-1.6042e+02	1.5334e+02	-2.3565e+02	-5.7072e+02	-5.0607e+02	4.7560e+02	2.3769e+02	-2.0491e+02	-1.8215e+01	-5.9208e+02	-7.9153e+02	-5.9080e+02	-2.2551e+02	-3.3227e+02	3.8304e+01	4.7662e+02	1.8277e+02	-3.7540e+02	1.5971e+02	2.4891e+02	1.9631e+01	-4.7244e+02	4.1529e+02	-1.3560e+02	-2.9366e+02	2.4635e+02	4.4261e+02	8.1262e+02	-6.4342e+01	2.8578e+02	4.4416e+02	7.9141e+02	-5.2817e+02	-2.0989e+02	2.0253e+02	2.1635e+02	-3.2465e+02	-3.2183e+02	-3.3930e+02	-7.5400e+02	-1.6168e+02	3.9692e+02	3.6355e+02	-2.6499e+02	-7.3014e+02	-6.9855e+02	7.7713e+02	1.2188e+02	-8.2423e+02	3.9931e+02	3.9535e+02	2.8510e+02	-2.6842e+02	8.7198e+01	-5.8186e+02	1.8559e+02	-4.8854e+02	-1.9028e+02	1.0858e+03	1.0648e+03	1.9359e+02	6.9006e+01	-1.1407e+03	4.3324e+02	3.7937e+02	-1.1961e+03	-9.1102e+02	8.5071e+00	8.5719e+02	5.6198e+02	1.9591e+02	6.1812e+02	4.2458e+02	2.1181e+02	6.3605e+02	4.6471e+02	2.1286e+02	-2.6240e+02	5.4503e+02	1.6400e+02	-7.5067e+01	-5.4766e+02	-4.3584e+02	1.0731e+03	5.9570e+02	-8.9817e+01	9.5576e+01	-1.5837e+02	-4.9672e+01	-4.8986e+02	2.2198e+01	1.7904e+02	1.4245e+02	7.9624e+01	-3.0589e+02	-4.4092e+02	-6.3556e+02	-1.8390e+02	-5.1864e+02	3.4787e+02	4.6209e+02	-3.6050e+02	4.6921e+02	-5.5078e+01	4.9546e+02	5.2607e+02	4.3669e+02	-1.3676e+02	-8.2096e+02	-1.9944e+02	-2.0470e+02	2.1081e+02	-8.3609e+01	2.5275e+02	-2.6180e+02	6.8774e+02	7.7643e+02	3.8099e+02	-8.3099e+02	-2.0677e+02	5.0607e+02	-4.8284e+02	-4.5548e+01	4.9035e+02	4.4440e+02	-1.5268e+02	-3.5309e+02	-2.3553e+02	2.1913e+02	-2.1527e+02	4.7461e+02	-5.1384e+02	-6.6177e+00	-5.6981e+02	-4.2591e+01	1.1455e+03	5.4961e+00	1.3698e+03	1.7648e+02	1.3763e+01	-5.5576e+02	1.2587e+02	-2.8050e+02	5.1175e+02	3.9679e+02	-6.9448e+02	3.9213e+02	-1.4326e+03	3.9829e+02	1.6069e+02	-7.4220e+02	-4.9611e+01	-3.3404e+02	4.1562e+02	2.2014e+02	9.5716e+02	3.5125e+02	-9.3387e+02	-1.2820e+03	2.6879e+02	-7.8752e+02	6.8098e+02	-1.3355e+03	5.7679e+02	-5.0241e+02	-8.1249e+01
4.0000e+04	-3.1651e+01	-7.2541e+02	3.1456e+02	5.0737e+02	-2.0025e+02	-1.1841e+02	-5.4940e+02	-1.5215e+03	1.0016e+03	8.0701e+02	6.0646e+02	4.5464e+01	-1.0090e+03	3.0496e+01	-4.8082e+02	1.9699e+02	9.4756e+02	1.2019e+03	-1.5838e+02	-1.0117e+03	-1.1018e+01	-8.1904e+02	-4.8961e+02	-7.9458e+02	1.1569e+03	4.8260e+02	-6.4800e+02	8.9241e+02	1.0893e+03	6.9899e+01	1.7544e+01	5.1018e+02	-1.6422e+03	-8.4775e+02	1.1274e+02	-1.3494e+03	-1.4388e+02	1.1943e+03	-6.6236e+02	2.7243e+02	-7.4881e+02	8.1165e+01	1.0010e+03	8.6769e+02	1.8405e+02	-1.7329e+02	2.8506e+02	4.6857e+02	9.2495e+02	-6.7983e+02	-5.8334e+02	3.8392e+02	-7.7201e+02	-1.9728e+03	-2.3345e+02	-2.2808e+02	-3.9258e+02	-1.4338e+03	-5.2298e+02	5.3836e+02	1.2663e+02	7.8508e+02	2.3905e+02	-5.6093e+02	1.2775e+03	-2.1202e+02	-8.0270e+02	-3.5582e+02	1.2737e+02	3.7411e+01	5.6540e+02	2.9703e+02	-4.6225e+02	-1.0276e+03	6.2475e+02	7.6223e+02	4.7407e+02	-3.8644e+02	-7.5976e+01	-1.4560e+03	-1.5235e+03	-4.3762e+02	9.5110e+02	-1.1992e+02	-1.4452e+02	4.0644e+02	-7.0239e+02	2.7145e+02	5.3429e+02	4.1807e+02	-1.1908e+03	6.3220e+02	3.6915e+02	1.4551e+02	-3.3441e+02	1.1399e+03	4.2013e+02	-7.8619e+02	2.4361e+02	-2.0246e+02	-7.5761e+02	-4.8711e+02	6.0887e+02	3.3162e+02	4.6711e+02	-1.4426e+02	-2.6677e+02	1.0833e+03	-3.5508e+02	1.2914e+03	1.0794e+03	1.0799e+02	1.5061e+03	2.4322e+02	-6.5769e+02	-6.7901e+02	-6.4425e+02	-3.5908e+02	-4.8869e+02	-1.3540e+03	-4.6456e+02	1.5133e+03	1.0827e+03	8.5985e+02	5.2169e+02	2.6152e+02	-4.4238e+02	9.1736e+02	-1.5066e+03	9.9363e+02	-8.6546e+01	-4.0042e+02	3.0017e+02	6.1885e+02	-5.9136e+02	-3.4888e+02	5.7140e+01	7.5747e+02	-2.3502e+02	8.0448e+01	3.2299e+02	-1.5770e+03	-6.3498e+02	6.6010e+02	-1.2963e+02	-5.5463e+01	-1.7033e+02	-2.1831e+03	2.5431e+02	1.1332e+01	2.2120e+02	5.5875e+02	6.3520e+02	8.4512e+02	1.7941e+03	-7.4924e+02	1.9917e+03	-1.0047e+02	-2.6641e+02	1.7024e+03	3.9722e+02	1.4146e+03	-1.3458e+03	2.2935e+02	-4.3054e+02	6.5022e+02	4.3255e+02	4.5466e+02	-8.7046e+02	-1.0471e+03	-8.6657e+02	1.3473e+03	-4.8856e+02	-4.0932e+02	1.6827e+03	-4.7020e+02	8.5008e+02	2.0504e+02	-1.1930e+03	2.8582e+02	6.6812e+02	7.1700e+02	-2.1027e+01	-4.8687e+02	1.0205e+03	-8.2492e+02	-2.9044e+02	-7.9696e+02	4.4107e+02	7.0651e+02	-7.5122e+02	-3.5521e+02	-2.6880e+02	-1.2155e+03	1.0462e+03	3.5145e+01	-4.4620e+02	9.7411e+02	6.5706e+02	1.2001e+02
6.0000e+04	1.7209e+02	-4.3523e+02	-9.2983e+02	2.2992e+02	-3.8913e+01	-9.0967e+01	-1.0310e+03	1.1929e+03	1.8842e+02	4.4040e+02	-2.7955e+00	-7.7831e+02	1.1682e+03	-8.9471e+02	-4.3222e+02	-8.6846e+02	-2.2400e+01	-1.8459e+02	-8.6500e+01	3.0426e+02	-3.0139e+02	1.0255e+01	4.6179e+02	8.9368e+02	-1.5050e+02	3.2008e+01	-4.5386e+02	-1.0445e+03	-1.6457e+03	1.3009e+03	-4.5940e+02	-7.9836e+02	-3.9239e+02	7.5396e+02	-4.5888e+02	3.2119e+02	-3.6140e+02	-8.0304e+02	-6.8582e+02	-2.4901e+01	-1.0947e+02	-4.5691e+02	-3.3609e+01	-2.0541e+02	-5.3003e+02	2.3462e+02	1.1981e+02	-2.3163e+01	2.8856e+02	9.4283e+02	4.2409e+01	-2.0889e+02	1.7760e+02	-4.9354e+02	5.5817e+02	-1.3278e+03	2.4397e+02	-8.8691e+02	2.3550e+02	5.9046e+02	3.8499e+02	6.0808e+02	-8.8965e+01	-1.2780e+02	8.8758e+02	3.5054e+02	-7.5601e+02	-1.8059e+02	-1.3770e+02	6.6279e+02	-7.4248e+02	-5.8639e+01	-2.4385e+02	-5.4841e+02	2.5866e+02	4.3520e+02	5.6007e+02	-9.6309e+01	-4.7201e+02	-5.3590e+02	1.1027e+03	2.3894e+02	-4.4144e+02	1.0395e+03	6.6733e+02	2.9271e+02	5.6841e+02	-2.7829e+01	-7.5770e+02	1.1654e+02	-2.7631e+02	-3.7089e+02	1.4708e+03	1.5749e+03	-4.2171e+02	8.1025e+01	-1.5058e+03	4.0689e+02	9.6182e+02	-8.1394e+01	-7.4453e+02	-9.7012e+01	1.6723e+03	-2.1482e+02	1.7293e+02	2.4907e+02	2.7614e+02	-3.5345e+02	1.2262e+03	1.0845e+02	2.5460e+02	7.3082e+00	4.2709e+02	6.0877e+01	-9.9013e+01	-5.1798e+02	-2.1494e+02	1.7967e+03	3.7924e+02	1.2623e+02	4.2041e+02	2.5828e+02	-1.8501e+02	-2.6839e+02	-1.4597e+02	8.0895e+01	1.9166e+00	2.1904e+02	-7.2209e+02	-3.8051e+02	-3.6115e+02	-1.0322e+03	-1.2824e+02	-6.8138e+01	1.7082e+02	-1.3322e+02	7.7084e+01	-4.4564e+02	1.3469e+02	5.5957e+02	6.7809e+02	-7.1096e+01	-8.4643e+02	-6.4690e+02	1.3341e+02	1.8175e+02	-3.9356e+02	1.0624e+02	-3.0032e+02	1.1499e+03	6.8971e+02	1.0286e+03	-4.2375e+02	-2.2018e+02	2.3312e+02	1.1832e+02	1.1371e+02	5.1100e+02	-9.6167e+01	-1.3554e+02	-2.1810e+02	-5.9077e+02	3.7094e+02	-4.0547e+02	1.2453e+02	-6.6473e+02	9.8727e+01	-1.3888e+03	-3.1287e+02	4.3910e+02	1.2493e+02	1.9294e+03	-4.3476e+02	-1.0328e+02	-6.0965e+02	1.8768e+02	2.3477e+02	4.7533e+02	9.0980e+02	3.5024e+02	4.7294e+02	-1.8551e+03	5.9497e+02	4.2305e+02	-3.3041e+02	-1.7498e+02	-8.1527e+02	3.6388e+02	5.6925e+00	1.7749e+03	7.4811e+01	-1.0824e+02	-1.6192e+03	9.9241e+01	-1.1200e+03	7.2913e+02	-1.1339e+03	1.4453e+03	-2.3894e+02	5.2864e+02
6.0000e+04	-1.1020e+02	-3.6384e+02	-1.5763e+02	3.4825e+02	-9.6354e+02	-1.6100e+02	-4.5752e+02	-9.0262e+02	1.8288e+03	9.1944e+02	9.9708e+02	-1.6375e+02	-9.2114e+01	-5.5399e+02	-9.7984e+02	1.8145e+02	1.7348e+02	1.0963e+03	1.7778e+02	-1.1434e+03	-1.3271e+02	-2.9832e+02	4.2988e+02	-6.2599e+02	8.9542e+02	6.7885e+02	-1.0888e+03	1.5731e+03	1.3029e+03	-6.8452e+01	1.1611e+02	2.4582e+02	-1.5749e+03	7.1816e+01	9.3750e+02	-7.3136e+02	-5.9767e+02	1.0932e+03	-7.3352e+02	-3.8161e+02	-5.3698e+01	3.6455e+02	6.6968e+02	8.8111e+02	1.0023e+02	-6.8565e+02	1.2239e+02	9.9643e+02	5.5809e+02	-6.6662e+02	-3.5086e+02	4.8544e+02	7.9819e+01	-2.5174e+03	3.8803e+02	-3.0551e+02	-2.5622e+02	-1.6667e+03	6.7610e+01	4.4521e+02	9.4256e+02	4.6663e+02	-4.4895e+02	-1.8109e+02	7.7407e+02	2.8452e+02	-7.1906e+02	-7.5022e+02	3.4587e+01	1.6124e+02	1.4282e+03	2.6646e+02	-9.7820e+01	-2.2918e+02	7.6451e+02	-1.7044e+02	9.4600e+01	1.7417e+02	7.8825e+02	-8.6813e+02	-1.1346e+03	-2.4845e-01	6.1398e+02	-6.3785e+01	7.3547e+02	9.2466e+02	-6.2488e+02	5.3829e+01	2.0724e+02	8.1926e+01	-1.5798e+03	6.1852e+02	6.5947e+02	9.0573e+01	-4.9210e+02	1.5324e+03	-6.5284e+01	-1.2691e+02	1.3384e+02	-6.0579e+02	-7.7845e+02	5.6467e+01	-5.4727e+02	-2.3881e+01	3.4974e+02	-7.9350e+02	-9.7920e+02	1.1548e+03	-8.0411e+02	2.3620e+03	9.0629e+02	2.2035e+02	9.3508e+02	5.0642e+02	-4.5262e+02	-1.5981e+03	-6.7599e+02	-1.1292e+03	3.9126e+02	-2.1028e+03	-2.4170e+02	5.3989e+02	1.8229e+03	1.0665e+03	5.3675e+02	1.5739e+03	-8.3315e+02	7.9698e+02	-1.9474e+03	1.6362e+03	-2.9990e+02	3.8597e+01	6.6187e+02	3.0645e+02	-1.0748e+03	-4.1522e+01	-1.1289e+02	3.8001e+02	-8.4895e+02	5.3834e+02	4.3855e+02	-2.3326e+03	-1.8568e+02	3.1864e+02	-1.2195e+02	-1.9394e+02	3.9712e+00	-9.1437e+02	-6.4568e+02	-1.4953e+02	8.2259e+02	9.2861e+02	-8.0668e+01	1.1767e+03	1.5393e+03	-8.0633e+02	1.1996e+03	-5.7116e+01	-8.1751e+02	9.8050e+02	1.1655e+03	1.9505e+03	-1.2812e+03	1.6949e+02	1.0858e+03	1.9425e+03	7.8961e+02	2.4771e+02	-4.1930e+02	-1.7078e+03	-1.3023e+03	7.3561e+02	-3.8079e+01	-8.1984e+02	1.9097e+03	-1.1595e+03	1.1781e+03	9.1726e+02	-1.0725e+02	9.4702e+02	-2.8840e+02	9.0698e+02	2.2756e-01	2.9153e+02	5.6531e+02	-5.7796e+01	-8.3336e+02	-4.0568e+02	1.0117e+03	1.1986e+03	-9.6701e+02	-9.8873e+02	3.4960e+02	-1.0660e+03	2.2396e+03	3.1284e+01	-4.9104e+02	7.6795e+02	8.6629e+02	-3.7210e+02
8.0000e+04	4.3580e+02	-3.3535e+02	-1.3313e+03	7.7158e+01	-2.1616e+02	-4.3534e+01	-3.3040e+02	7.9185e+02	1.0548e+03	8.7132e+02	-1.6980e+02	-1.1083e+03	1.3713e+03	-6.5689e+02	-5.4950e+02	-1.2642e+03	-4.0925e+02	4.8649e+01	-1.8698e+02	1.1631e+02	-4.6762e+02	6.5366e+02	3.6217e+02	3.3023e+02	-6.9643e+02	3.3313e+02	-8.8237e+02	-9.8552e+02	-1.7384e+03	1.2373e+03	3.0094e+02	-1.0774e+03	-7.1379e+02	9.1055e+02	1.3193e+02	4.7972e+02	-8.4988e+02	-9.5384e+02	-2.3138e+02	-8.2181e+02	-7.6409e+02	-2.7386e+02	-2.8213e+02	9.6835e+01	-1.0325e+03	1.0686e+03	1.7817e+02	-2.2913e+02	3.4967e+02	1.5003e+03	3.4890e+02	-1.6820e+02	4.3730e+01	-4.6702e+02	6.9025e+02	-1.0792e+03	3.3173e+02	-2.9001e+02	3.1461e+02	2.4372e+02	1.3150e+03	6.7656e+02	6.3651e+02	-2.1926e+00	1.0817e+03	7.4268e+02	-6.1196e+02	5.9050e+01	5.2865e+01	7.3468e+02	-1.7817e+03	1.7768e+02	-7.0804e+02	-7.0959e+02	6.8937e+01	5.8317e+02	7.2116e+02	-2.4439e+02	-7.4205e+02	-8.3720e+02	1.9615e+03	2.0888e+02	-7.6812e+02	1.3338e+03	8.0992e+02	-5.1730e+02	3.9278e+02	3.2164e+02	-4.4229e+02	-4.3590e+02	5.5129e+02	-5.8778e+02	1.2422e+03	1.4465e+03	-6.8201e+02	-1.2584e+02	-1.4419e+03	1.6784e+02	2.0335e+03	-9.1453e+00	-9.8511e+02	-3.4655e+02	2.0557e+03	-2.1016e+02	1.6501e+01	8.9340e+01	2.7033e+02	3.5906e+01	1.1134e+03	2.8867e+02	3.4614e+02	-1.1112e+02	6.0091e+02	-4.4387e+02	-1.6655e+02	-7.7321e+01	-6.8853e+02	1.6392e+03	9.3273e+02	-1.0150e+02	-1.8694e+02	-1.2321e+01	-1.2795e+03	-1.0936e+02	-2.3325e+02	-4.8639e+02	-2.2073e+01	5.3491e+02	-1.1585e+03	-5.5393e+02	-1.0070e+03	-1.6045e+03	-1.7493e+02	-2.8342e+02	1.8524e+02	-2.3135e+02	-7.8784e+02	-1.0481e+02	5.5256e+02	1.5909e+02	1.1032e+03	-8.6310e+02	-2.7524e+02	-5.7379e+02	4.1974e+02	1.3019e+02	-8.8499e+01	3.5027e+01	-7.9902e+02	1.7777e+03	4.4742e+02	1.3861e+03	-8.2692e+02	-1.1004e+03	7.6813e+02	6.6144e+02	-3.2271e+01	4.7177e+01	7.8130e+01	-5.9328e+02	-3.1161e+01	-8.7828e+02	-6.6278e+01	-3.8892e+02	1.5071e+02	-4.3532e+02	2.8629e+01	-1.1366e+03	-5.6877e+02	7.8463e+01	1.3609e+02	1.3491e+03	-1.9659e+02	1.4948e+02	-6.8060e+02	3.8164e+01	5.0989e+02	3.7379e+01	4.9600e+02	4.6915e+02	7.2577e+02	-2.0463e+03	9.6877e+02	2.1773e+02	-7.5997e+02	-3.2291e+01	-8.6693e+02	-2.7140e+02	-1.6148e+02	1.6412e+03	4.3761e+02	-7.9584e+01	-2.0267e+03	4.2201e-01	-8.6740e+02	3.0000e+02	-4.6143e+02	1.0985e+03	-3.5873e+02	4.8634e+01
8.0000e+04	-7.9972e+02	-6.2905e+02	6.8276e+01	6.4370e+02	-5.5198e+02	-7.5285e+02	2.2960e+01	-1.1218e+03	2.8286e+03	7.0539e+02	8.0792e+02	-5.6252e+02	-2.4002e+02	-2.3794e+02	-1.2009e+03	-4.6915e+02	-4.8745e+02	1.3240e+03	-8.3421e+01	-1.3223e+03	-1.4977e+02	-1.0857e+02	3.5707e+00	-1.0299e+03	1.7718e+02	5.6787e+02	-7.5687e+02	1.5732e+03	2.2208e+03	6.6874e+02	-1.0345e+02	4.8534e+02	-9.7633e+02	5.1061e+02	1.5514e+03	-2.2241e+02	-1.1075e+03	7.8707e+02	-9.4710e+02	-5.6643e+02	1.7004e+02	6.5994e+02	5.9998e+02	8.0550e+01	-4.3117e+02	-9.3051e+02	2.2069e+01	1.0312e+03	-1.0308e+02	-3.7676e+02	-1.1545e+03	-2.4714e+01	-7.4693e+02	-3.0365e+03	-1.3761e+02	-5.6202e+02	-2.9180e+02	-9.6957e+02	-4.5117e+02	4.8251e+02	3.9624e+02	3.8088e+02	-7.6819e+02	1.8237e+02	3.9787e+02	1.2914e+03	-2.7936e+02	-3.5807e+02	-2.6783e+02	2.5718e+02	2.3486e+03	8.8259e+02	-2.2946e+02	2.9307e+02	1.4489e+03	3.0329e+02	-4.2783e+02	3.1162e+02	2.1418e+02	-1.9551e+03	-6.7793e+02	-3.9620e+02	9.0542e+02	-1.9038e+02	1.1108e+03	-4.3809e+01	-5.9623e+02	-4.5133e+02	-3.7558e+01	5.7475e+02	-2.0312e+03	-1.9581e+02	9.7785e+02	-8.7162e+02	8.0584e+01	1.9252e+03	6.3437e+02	8.2862e+02	-1.5043e+02	-2.9591e+02	-1.3343e+03	-1.1942e+02	2.9982e+02	-9.2994e+02	-3.1449e+02	6.1688e+01	-7.3266e+02	8.5946e+02	-1.0876e+03	3.2165e+03	2.8872e+02	1.5889e+02	1.0937e+03	8.9463e+02	4.4706e+01	-2.6561e+03	-5.4857e+02	-1.7964e+02	4.0808e+02	-1.6087e+03	3.1092e+01	7.2744e+02	1.6673e+03	1.0466e+03	1.1956e+03	2.6858e+03	-2.2490e+03	7.0762e+02	-1.7527e+03	1.2076e+03	-1.9326e+02	-1.0103e+03	1.1115e+03	-3.4775e+02	-1.2981e+03	1.8488e+03	3.2530e+02	1.9682e+02	-1.7832e+03	5.4809e+02	-1.8661e+02	-2.0339e+03	-1.1155e+03	-7.2614e+02	9.1622e+02	1.4090e+02	-5.6156e+02	-1.4015e+03	-1.2899e+03	-1.0658e+03	2.8828e+02	1.3779e+03	-5.9760e+02	-2.8895e+02	1.8911e+03	-1.5826e+03	5.9145e+02	-5.2153e+02	-1.1959e+03	9.5746e+02	8.3345e+02	1.5306e+03	-7.0420e+02	8.2643e+02	1.0702e+03	2.0392e+03	1.1429e+03	2.5469e+02	6.3078e+02	-1.3551e+03	-1.0506e+03	7.5162e+02	-4.9322e+02	-2.7512e+01	1.4207e+03	-1.8581e+03	1.3488e+03	8.5409e+02	-3.5049e+02	1.1767e+03	8.1622e+01	9.7375e+02	-4.3409e+02	8.4574e+02	5.8530e+02	8.8543e+02	-3.8951e+02	8.1152e+01	5.9659e+02	1.9210e+03	-1.5215e+03	-2.1137e+03	3.6522e+02	-1.1886e+03	2.9471e+03	3.2865e+02	-1.5379e+03	-4.6096e+00	6.3182e+02	8.9931e+01
1.0000e+05	5.9236e+02	-3.2502e+02	-8.8151e+02	2.5916e+02	-6.8347e+02	4.8124e+01	-6.6968e+02	1.2755e+03	1.3215e+03	7.0233e+02	1.0594e+02	-1.0125e+03	1.0126e+03	-1.1256e+02	-6.3130e+02	-1.6535e+03	-7.9978e+02	-4.1265e+02	4.7276e+02	5.5502e+02	-7.0162e+02	6.5196e+02	4.1372e+00	2.8558e+02	-8.9343e+02	1.3275e+03	-1.5947e+03	-9.4204e+02	-2.0577e+03	1.6632e+03	3.1184e+02	-7.8405e+02	-2.7400e+02	1.0582e+03	-2.5953e+02	-2.2071e+02	-8.5068e+02	-1.5841e+03	-1.2200e+02	-1.0396e+03	-9.9709e+02	-6.1061e+02	-9.6317e+02	-8.3409e+01	-1.3740e+03	1.1032e+03	3.5393e+02	-1.5960e+02	1.1925e+02	8.7785e+02	1.1505e+02	5.6020e+01	-7.7000e+02	-4.8047e+02	9.0152e+02	-5.1311e+02	2.0222e+02	-4.6268e+02	-1.8098e+01	2.4465e+01	7.5378e+02	1.4271e+03	1.4552e+03	1.9578e+02	1.4285e+03	1.3765e+03	-6.7148e+02	4.8969e+02	8.2308e+01	7.6432e+02	-1.8734e+03	3.8583e+02	-9.3605e+02	-5.5293e+02	1.5786e+02	4.7870e+02	1.0604e+03	-4.2219e+02	-1.2807e+03	-1.1562e+03	1.5647e+03	-1.8880e+02	-1.6700e+03	1.4331e+03	1.0235e+03	-1.7977e+01	6.5544e+02	2.9519e+02	-3.9467e+02	-2.4509e+02	-3.2491e+02	-4.9101e+02	1.2861e+03	1.3462e+03	-1.2946e+03	-3.0722e+02	-1.1452e+03	-2.2838e+02	1.9843e+03	-9.1116e+01	-6.4605e+02	-4.6497e+02	2.0553e+03	-5.1713e+02	2.9754e+01	-4.5308e+02	8.8517e+02	4.7470e+01	1.3086e+03	7.5107e+02	4.0262e+02	3.7765e+02	8.0953e+02	-8.0200e+02	-5.9005e+02	-2.7097e+02	-7.9824e+02	1.5720e+03	1.4356e+03	-1.4886e+02	-3.0439e+02	2.5139e+02	-1.2727e+03	-6.9737e+01	-4.9357e+02	-3.8935e+02	2.2128e+02	6.3277e+02	-1.1543e+03	-2.3775e+02	-4.2731e+02	-1.5812e+03	1.3757e+02	-7.0629e+02	3.6879e+02	-8.1167e+02	-9.9676e+02	2.8259e+02	1.4726e+03	-4.2069e+02	1.0852e+03	-6.8262e+02	1.6245e+02	-1.8661e+02	5.2295e+02	-5.3770e+02	-3.3919e+01	4.8446e+02	-5.7793e+02	1.6531e+03	9.9454e+01	1.6409e+03	-5.5680e+02	-1.3164e+03	6.0062e+02	2.9365e+02	-5.4112e+02	-3.5544e+02	-4.1391e+02	-8.2417e+02	-5.1598e+02	-6.1041e+02	-3.2340e+02	-2.7222e+02	-4.3145e+01	-7.0582e+02	2.7000e+01	-1.2158e+03	-1.2455e+03	3.1283e+02	-2.0982e+01	1.4197e+03	-4.8642e+02	-1.2358e+02	-6.1372e+02	-1.1628e+02	1.2798e+02	6.1939e+02	3.9391e+02	2.1629e+02	3.6830e+02	-1.7568e+03	1.0443e+03	4.5735e+02	-7.8661e+02	2.9670e+02	-1.6726e+03	-5.5343e+02	-4.0869e+02	1.2293e+03	6.2731e+02	-1.1389e+03	-1.8130e+03	-2.9890e+02	-9.8890e+02	3.6590e+02	-1.0383e+03	9.3471e+02	8.9322e+01	-2.2034e+02
1.0000e+05	-1.4626e+03	4.5288e+02	-3.0803e+02	8.8453e+02	-5.9949e+02	-5.7468e+02	4.5781e+02	-8.8477e+02	3.2949e+03	9.7801e+02	-1.5782e+02	2.9965e+02	-7.4313e+02	-5.0632e+02	-9.7503e+02	-1.4252e+03	-1.1196e+02	6.4110e+02	-5.4906e+02	-1.2241e+03	8.5475e+02	-2.0302e+02	2.3222e+02	-1.6256e+03	1.0031e+03	6.9495e+02	-7.9142e+02	3.4688e+02	1.8811e+03	7.3607e+02	-6.3216e+00	5.4351e+02	-1.6820e+03	-1.3700e+02	2.5363e+03	-6.0107e+02	-1.6613e+03	1.1508e+03	-8.5935e+02	-8.3672e+02	4.7612e+02	-2.4270e+02	2.9272e+01	7.4980e+02	5.2305e+01	-9.2392e+02	-6.2070e+02	7.6429e+02	1.0859e+02	7.0604e+02	-6.2760e+02	-1.2856e+02	2.1368e+02	-2.4998e+03	-6.6473e+02	-1.0985e+03	5.2624e+02	-1.1554e+03	8.9229e+01	7.0682e+02	6.9609e+02	9.4346e+02	-1.6254e+03	7.1631e+02	5.0656e+02	1.2750e+03	-4.4937e+01	7.7209e+02	6.8633e+01	5.9900e+02	2.1140e+03	9.2294e+02	5.2935e+02	4.7764e+02	1.7673e+03	-7.8613e+02	-8.8367e+01	5.8757e+02	1.1649e+03	-1.7802e+03	-4.9668e+01	-8.4208e+02	1.1248e+03	-3.3240e+02	1.2468e+03	-3.3198e+02	2.6908e+02	1.1824e+02	-1.1493e+03	3.9985e+02	-1.6697e+03	-8.4793e+01	-4.8745e+02	-2.0290e+03	1.4738e+02	1.5352e+03	1.4563e+03	6.3703e+02	3.1474e+02	-5.3313e+01	-2.0556e+03	3.8391e+02	1.2096e+00	4.0460e+02	-5.9064e+02	-4.2020e+02	-4.2805e+02	1.6771e+03	-8.3593e+02	3.9130e+03	6.7395e+02	-1.7639e+01	9.6420e+02	1.2259e+03	1.2876e+02	-3.2564e+03	-8.1174e+02	2.2142e+02	8.8154e+02	-1.5140e+03	-5.1735e+02	8.7747e+02	1.9464e+03	1.2761e+03	1.7218e+03	1.9992e+03	-2.1572e+03	-4.2612e+02	-9.2922e+02	1.6222e+03	-4.2112e+02	-1.6520e+03	1.8477e+03	-3.0086e+02	-5.0854e+02	2.1272e+03	8.8321e+02	-7.3620e+01	-1.5751e+03	-6.4727e+01	-2.5601e+02	-2.7715e+03	-1.1067e+03	-5.1156e+02	6.5417e+02	1.3656e+03	-1.7354e+03	-1.2761e+03	-1.9194e+03	-1.1658e+03	1.4973e+03	1.7569e+03	-6.9291e+02	7.8196e+01	1.7602e+03	-1.2956e+03	1.0306e+02	5.5333e+01	-1.1128e+03	4.3893e+02	3.6793e+02	1.4246e+03	-3.0784e+02	8.0712e+02	1.9398e+03	2.7626e+03	6.8171e+02	5.4848e+02	2.9792e+02	-1.1088e+03	-1.2217e+03	7.9476e+02	-2.1362e+02	7.2330e+02	1.6560e+03	-2.7959e+03	2.2808e+03	9.4040e+02	-2.0906e+02	1.4539e+03	9.3823e+02	4.1133e+02	2.3085e+01	1.5408e+03	1.2676e+03	6.4404e+02	8.8760e+02	-5.8968e+01	2.7666e+02	1.9095e+03	-1.5818e+03	-2.4760e+03	1.4181e+03	-1.1047e+03	2.3046e+03	3.0429e+02	-9.5165e+02	-4.7690e+02	-2.8444e+02	3.1016e+02
1.2000e+05	5.9202e+02	-6.8272e+02	-1.0463e+03	5.7272e+02	-1.0383e+03	3.6944e+02	-4.9363e+02	1.9206e+03	1.1520e+03	7.4414e+02	4.6500e+02	-7.5105e+02	1.2778e+03	2.6304e+02	-1.0400e+03	-2.1102e+03	-5.9186e+02	-7.8274e+02	1.2971e+03	1.4082e+03	-3.3874e+02	7.0795e+02	-3.6052e+02	4.7890e+02	-3.8395e+02	6.3007e+02	-1.3902e+03	-9.2022e+02	-2.7589e+03	1.8164e+03	5.1896e+02	-7.4903e+02	-3.4301e+02	1.0327e+03	-1.6701e+02	-2.8739e+02	-1.2835e+03	-1.8790e+03	-4.1984e+02	-1.1502e+03	-1.5027e+03	-6.2363e+01	-3.6363e+02	1.5908e+02	-1.7799e+03	1.0272e+03	7.1385e+02	5.0173e+02	-4.2671e+01	8.1162e+02	8.3026e+01	2.8981e+02	-1.1965e+03	1.6274e+01	6.8040e+02	-2.9052e+02	7.9236e+02	-8.7266e+02	-3.3861e+01	-6.2865e+02	7.6712e+02	9.9853e+02	1.4436e+03	-2.5199e+02	2.0044e+03	1.1742e+03	-6.4827e+02	6.3473e+02	-8.9580e+01	4.3103e+02	-3.0520e+03	9.2817e+02	-6.6864e+02	-1.4916e+03	-2.4866e+02	8.0244e+02	7.4947e+02	-2.5751e+02	-1.8084e+03	-8.6182e+02	1.8008e+03	-6.6853e+02	-1.7167e+03	1.1405e+03	1.8689e+03	1.4951e+00	1.2275e+03	1.7632e+01	-3.7442e+02	-8.3571e+01	-8.5017e+01	-7.9838e+02	8.6881e+02	1.4416e+03	-8.3396e+02	-1.0872e+03	-1.7559e+03	-1.1772e+02	2.2845e+03	1.7284e+02	-4.3130e+02	-8.9122e+02	2.2385e+03	-4.0710e+02	-1.0358e+02	-2.6258e+02	5.4234e+02	-1.2144e+02	1.2004e+03	9.1755e+02	-4.8400e+01	2.7800e+02	9.0121e+02	-4.7264e+02	-1.8764e+02	-3.7831e+02	-9.2241e+02	1.6020e+03	1.7147e+03	-6.2465e+02	-1.8918e+02	1.1740e+03	-1.0469e+03	3.2887e+02	-2.3503e+02	-5.7100e+02	-3.1819e+01	1.2406e+03	-8.3365e+02	-9.4135e+02	7.4031e+01	-2.0608e+03	-2.2643e+02	-1.0499e+03	2.4681e+02	-1.2054e+03	-6.1422e+02	8.8662e+02	5.4614e+02	-5.7089e+02	1.0056e+03	-1.0231e+03	2.1335e+02	-6.0720e+02	1.2258e+03	-4.8444e+01	-3.6409e+02	3.9811e+02	-1.9351e+02	1.0700e+03	4.6464e+02	1.7207e+03	-4.6554e+02	-1.6029e+03	1.5703e+03	-6.5924e+01	-6.5240e+01	-6.4592e+02	-7.6626e+02	-9.9991e+02	-5.9986e+02	-7.3249e+01	-7.3461e+02	-5.9972e+02	8.6961e+01	-5.4927e+02	-1.4021e+02	-1.1530e+03	-1.6779e+03	2.5442e+02	-4.1378e+02	1.4282e+03	-6.9673e+02	5.5079e+01	-6.1488e+02	-5.4509e+02	-4.3756e+02	7.5197e+02	-7.0485e+01	-6.7631e+02	8.8858e+02	-2.5634e+03	1.0352e+03	9.0669e+02	-7.8527e+02	-3.7703e+02	-1.8538e+03	-3.4546e+02	-6.5843e+02	1.0328e+03	1.0728e+03	-1.7015e+03	-1.5628e+03	-2.2795e+02	-1.1957e+03	8.6807e+02	-1.0502e+03	7.2951e+02	1.7585e+02	-5.1467e+02
1.2000e+05	-6.5335e+02	6.0581e+02	-6.1957e+02	1.6830e+03	-2.4913e+02	-4.7312e+02	1.8334e+01	-8.1961e+02	3.8677e+03	9.5789e+02	-3.6937e+02	5.1654e+02	1.0216e+02	-1.1991e+03	-4.0219e+02	-8.3863e+02	-1.2833e+03	3.3833e+02	5.5619e+02	-8.4373e+02	1.1952e+03	-1.0996e+02	-5.8825e+02	-2.4899e+03	1.4012e+03	7.4586e+02	1.0026e+01	4.9615e+02	1.6548e+03	4.1528e+02	-3.4744e+01	7.5011e+02	-2.1816e+03	-7.3713e+02	2.2893e+03	-6.9991e+02	-1.4464e+03	2.4086e+03	-2.1072e+01	-8.8930e+02	5.7619e+02	-9.3809e+02	-1.9257e+02	-6.0320e+02	2.6888e+02	-1.1391e+03	-1.3585e+03	-2.2932e+02	6.1509e+02	-1.5272e+02	-1.1607e+03	-7.7054e+02	4.1974e+02	-2.4089e+03	6.2178e+01	-8.7239e+02	1.2931e+03	-1.9628e+03	-2.7867e+02	1.1428e+03	1.6650e+03	5.6990e+02	-1.6436e+03	9.4527e+02	5.4189e+02	1.3138e+03	2.5025e+02	1.5694e+03	-6.8817e+02	-6.6980e+02	2.9094e+03	8.7583e+02	5.0041e+02	-4.8146e+02	3.9958e+02	-1.0525e+03	-1.9047e+02	4.4166e+02	1.2509e+03	-1.3680e+03	-2.9076e+02	-1.4232e+03	1.1752e+03	-3.9988e+02	2.5505e+03	-3.6553e+01	4.2161e+02	-6.2676e+02	-8.4819e+02	-1.2166e+02	-1.2141e+03	-6.1239e+02	-9.2812e+02	-2.0620e+03	1.1157e+02	1.8321e+03	1.4418e+03	-3.7462e+02	2.9364e+02	9.1438e+01	-1.7347e+03	-3.0738e+02	3.9983e+02	2.6404e+02	-4.7063e+02	-7.4922e+02	-8.3746e+02	1.0362e+03	-2.2737e+02	3.4744e+03	4.7412e+02	4.6965e+01	1.5556e+03	1.4726e+03	4.4106e+02	-3.5853e+03	-4.5290e+00	-2.9402e+02	1.0934e+03	-2.1764e+03	-5.0117e+02	1.2426e+03	1.8218e+03	1.8174e+03	1.6649e+03	1.8338e+03	-3.5354e+03	-5.4594e+02	-1.0332e+03	1.6688e+03	-1.4551e+03	-1.8138e+03	2.3826e+03	-3.0447e+02	-9.7090e+02	2.0187e+03	7.7832e+02	-8.5438e+02	-1.6961e+03	-4.6881e+02	1.1770e+02	-2.8921e+03	-9.5651e+02	-3.8258e+02	6.9867e+01	1.2150e+03	-1.9617e+03	-1.3722e+03	-2.5091e+03	-1.8325e+03	2.2613e+03	1.7831e+03	-7.7130e+02	6.8740e+01	2.0871e+03	-4.3415e+02	-4.1267e+02	1.2275e+03	-1.0674e+03	2.0833e+00	1.0830e+03	6.1667e+02	-1.5433e+03	1.4024e+02	1.7605e+03	3.5997e+03	8.6290e+02	1.0078e+03	2.4858e+02	-7.4743e+02	-2.2355e+03	1.6468e+01	4.4119e+02	1.5313e+02	1.5949e+03	-1.5191e+03	1.5249e+03	1.0282e+03	-4.4369e+00	1.3494e+03	9.6252e+02	9.9790e+02	3.5917e+02	2.4893e+03	9.7146e+02	9.9088e+02	1.0222e+03	-4.7891e+02	1.7784e+02	2.1068e+03	-2.1036e+03	-2.2551e+03	6.3836e+02	-1.6439e+03	1.5763e+03	3.9142e+02	-8.0956e+01	-3.0463e+02	3.8315e+02	-5.6692e+02
1.4000e+05	9.0279e+02	-3.4480e+02	-1.8741e+03	8.3288e+02	-1.4169e+03	1.9973e+02	-2.8385e+02	1.7863e+03	1.3156e+03	6.5981e+02	1.0515e+03	5.3075e+02	1.8190e+03	-2.6789e+02	-1.8069e+03	-1.7739e+03	-4.7933e+01	-6.7792e+02	1.7749e+03	1.4117e+03	-3.4340e+02	1.5290e+03	-5.1426e+02	2.8538e+02	-5.7419e+02	4.2248e+02	-9.2859e+02	-1.0023e+03	-2.7679e+03	2.5917e+03	1.0152e+03	-3.8500e+02	1.2834e+02	1.1352e+03	-2.9525e+02	-5.0720e+02	-1.1282e+03	-1.7393e+03	-7.0638e+01	-1.1156e+03	-1.5968e+03	1.3853e+02	-2.8335e+02	4.3281e+01	-1.7922e+03	9.0593e+02	7.9670e+02	5.3986e+02	5.4531e+01	8.8440e+02	7.3812e+02	5.5865e+02	-8.0559e+02	2.4941e+02	1.2085e+03	-5.0740e+02	5.8372e+01	-1.1904e+03	-1.6568e+02	-7.6441e+02	6.5749e+02	7.4073e+02	1.3528e+03	5.5733e+01	2.0450e+03	1.5038e+03	-3.1905e+02	6.9587e+02	-5.5726e+02	7.9093e+02	-3.4953e+03	1.1758e+03	-1.1141e+03	-1.8990e+03	2.0533e+02	1.2045e+03	3.9161e+02	-5.9780e+02	-2.0252e+03	-9.3410e+02	1.6417e+03	-5.7727e+02	-1.8507e+03	2.6948e+02	1.4453e+03	3.8487e+02	1.2465e+03	8.9349e+00	-2.4762e+02	-3.6450e+02	1.8211e+02	-1.1405e+03	1.2405e+03	1.2631e+03	-5.0091e+02	-1.6102e+03	-2.0927e+03	5.0265e+02	2.0710e+03	6.7067e+01	-6.8815e+02	-1.3225e+03	2.0675e+03	-5.6480e+02	2.3735e+02	-3.7593e+02	3.3433e+01	1.3228e+02	1.0515e+03	3.7483e+02	-7.5568e+02	-3.7787e+02	1.1158e+03	-1.1248e+03	-5.3278e+02	-1.2854e+02	-1.0676e+03	1.3787e+03	2.1241e+03	-4.1517e+02	-1.3182e+02	8.5418e+02	-1.1963e+03	-1.7135e+01	-2.5599e+02	-4.1754e+02	6.6642e+02	1.3644e+03	-1.0335e+03	-7.2936e+02	7.8829e+01	-1.6626e+03	-3.2506e+02	-6.9964e+02	-2.9896e+01	-1.2463e+03	-5.2008e+02	8.1261e+02	2.7732e+02	-1.4222e+02	1.2502e+03	-8.9257e+02	1.0848e+03	-7.0817e+02	1.6679e+03	-2.8328e+02	-2.7677e+01	4.0107e+02	1.0945e+02	1.1276e+03	2.3137e+02	2.0791e+03	-4.9843e+02	-1.5682e+03	2.1669e+03	-5.3038e+02	-2.5897e+01	-4.6809e+02	4.0917e+01	-1.3155e+03	-3.9887e+02	4.6847e+02	-1.0378e+03	-8.6026e+02	3.7954e+02	-9.5218e+02	-3.9976e+02	-5.6544e+02	-8.7094e+02	4.8323e+02	-1.7510e+02	1.2490e+03	-1.5957e+03	2.9095e+02	-3.7055e+02	-4.3218e+02	-1.3111e+02	1.4628e+02	-3.4868e+02	-9.3928e+02	9.6214e+02	-2.7441e+03	6.8741e+02	9.0514e+02	-1.0109e+03	-1.9858e+02	-1.6581e+03	-2.6728e+02	-2.4459e+02	9.5449e+02	1.2861e+03	-2.1784e+03	-1.1946e+03	-1.1444e+02	-1.2380e+03	1.0128e+03	-1.1551e+03	7.6371e+02	2.2010e+02	-3.4322e+02
1.4000e+05	-6.0027e+02	-2.4618e+02	-8.4217e+02	1.2946e+03	7.7634e+01	-8.5995e+02	6.1559e+01	-1.2746e+02	3.3849e+03	8.0493e+02	-3.2989e+02	2.7346e+02	7.1637e+02	-1.1298e+03	-4.3321e+02	3.2395e+01	-7.5758e+02	1.0055e+03	-1.3444e+02	-8.6470e+02	7.0821e+02	-1.0292e+03	2.5876e+02	-2.5994e+03	6.5937e+02	2.3947e+02	5.3432e+02	6.8162e+02	9.6690e+02	1.0535e+03	-9.9113e+02	6.4514e+02	-1.6993e+03	-1.0013e+03	1.1473e+03	5.5662e+02	-1.1695e+03	2.9439e+03	7.1737e+02	-1.3099e+03	7.9462e+02	-5.0801e+02	2.7879e+02	-4.3635e+02	7.3718e+02	-1.4724e+03	-1.0574e+03	-4.5261e+02	3.7598e+02	2.6699e+02	-1.1510e+03	-1.5050e+03	-2.7100e+02	-2.7546e+03	2.0956e+01	-3.2907e+02	1.6898e+03	-1.8423e+03	-1.4729e+03	1.0599e+03	2.0964e+03	2.9950e+02	-1.4119e+03	1.0401e+03	-2.1793e+02	1.3232e+03	6.6772e+02	9.3034e+02	-1.2854e+03	-8.1710e+02	2.9685e+03	2.1672e+02	8.7439e+02	-1.1537e+01	5.3969e+02	-4.0027e+02	9.4283e+02	2.5344e+02	2.0054e+03	-1.0152e+03	3.6731e+02	-9.4972e+02	1.2554e+03	-7.5412e+02	1.2915e+03	-1.7350e+02	1.7594e+03	8.4027e+02	-1.3782e+03	3.7631e+02	-9.2148e+02	-7.4750e+02	-1.8194e+03	-3.5131e+03	2.0013e+02	1.6133e+03	2.1685e+03	-2.9718e+02	5.3428e+02	-1.4583e+01	-6.0315e+02	-8.4638e+02	7.6580e+02	3.7019e+01	-5.2087e+02	-8.9687e+02	9.3625e+02	1.0170e+03	-1.0759e+03	3.3813e+03	3.5583e+02	-4.7788e+02	2.6036e+03	1.8289e+03	7.7005e+01	-3.1953e+03	-8.0214e+02	1.2846e+02	1.6722e+03	-3.5842e+03	-1.0066e+03	8.7421e+02	1.4728e+03	1.7406e+03	3.0505e+02	1.7890e+03	-3.4010e+03	-1.0648e+03	-6.7945e+02	1.7092e+03	-1.9337e+03	-2.1971e+03	1.9377e+03	-8.5855e+02	-8.1893e+02	1.6445e+03	-7.9974e+02	-1.6182e+03	-1.7560e+03	-1.2277e+03	-3.2134e+01	-3.3061e+03	-8.3630e+02	-4.1370e+02	5.5185e+02	1.4310e+03	-2.6820e+03	-2.1182e+02	-2.3526e+03	-1.3303e+03	2.9206e+03	2.1407e+03	-3.3713e+02	-3.8245e+02	2.9845e+03	-9.4105e+02	-2.5671e+02	1.4944e+03	-1.1281e+03	-1.4021e+02	1.2347e+03	8.9878e+02	-1.2035e+03	-2.4080e+02	2.6222e+03	4.0400e+03	9.5914e+02	9.1176e+02	5.2605e+02	-8.3630e+02	-2.5766e+03	-8.4849e+02	-1.1547e+03	-1.9826e+02	9.4733e+02	-1.5687e+03	1.7883e+03	7.5007e+02	4.1389e+02	2.3756e+03	1.9487e+03	6.1722e+02	4.3490e+02	2.7062e+03	4.2575e+02	9.0274e+02	2.2799e+03	-4.1056e+02	1.1350e+03	2.6601e+03	-2.6507e+03	-2.0804e+03	-1.7667e+02	-1.5764e+03	7.9766e+02	-2.2866e+02	-2.2597e+02	-1.9058e+02	1.2316e+03	3.0949e+02
1.6000e+05	1.3243e+03	-3.3808e+02	-1.9412e+03	1.4346e+03	-1.0641e+03	-1.7305e+02	-2.0920e+02	1.5425e+03	1.5745e+03	6.3013e+02	1.0690e+03	2.0960e+02	1.8176e+03	-8.5817e+02	-1.6367e+03	-2.6613e+03	-1.8773e+02	-7.1880e+02	1.7599e+03	1.6717e+03	-8.4735e+02	7.4651e+02	4.8267e+02	4.1574e+02	-8.3297e+02	5.8674e+01	-1.1900e+03	-3.1789e+02	-3.0893e+03	1.9879e+03	1.0624e+03	-8.0670e+02	-5.1087e+01	1.0237e+03	-2.3914e+02	-7.2183e+02	-1.5657e+03	-1.9402e+03	-2.0939e+02	-1.7879e+03	-9.3644e+02	-1.4853e+02	-6.4174e+02	-2.7389e+02	-2.5212e+03	1.0498e+03	4.4669e+02	7.2571e+02	5.6413e+02	1.2929e+03	9.1210e+02	4.7435e+02	-5.1907e+02	-3.3077e+02	1.4472e+03	-5.8224e+02	2.0152e+02	-1.0002e+03	5.3757e+02	-5.8209e+02	1.5334e+03	-1.5712e+02	6.2627e+02	1.3000e+02	1.9866e+03	1.2636e+03	6.7554e+01	4.9085e+02	-2.5666e+02	3.3212e+02	-3.0887e+03	9.4493e+02	-1.0721e+03	-1.9003e+03	-2.2564e+02	1.5758e+03	-5.3294e+02	-4.3879e+02	-1.8894e+03	-1.1849e+03	2.1065e+03	-5.1067e+02	-2.2701e+03	6.3294e+02	1.3501e+03	9.6520e+02	1.1576e+03	-3.5671e+01	1.4958e+01	-3.8426e+02	1.0660e+02	-8.4421e+02	1.5890e+03	1.1766e+03	-1.7881e+02	-1.5620e+03	-2.2479e+03	3.8627e+02	2.6146e+03	-7.5835e+01	-5.3110e+02	-1.3830e+03	2.2324e+03	-9.5163e+02	4.7432e+02	-1.4719e+02	-8.7460e+02	1.6966e+02	9.4484e+02	6.4309e+01	-8.1424e+02	-4.7662e+02	1.1824e+03	-1.1730e+03	-1.8295e+02	3.6792e+01	-8.8288e+02	1.8498e+03	2.0462e+03	-9.5780e+02	-1.7537e+02	7.7345e+02	-1.5505e+03	-2.0994e+02	-1.2273e+02	-6.7691e+02	1.0498e+03	1.0633e+03	-1.1233e+03	-5.1817e+02	2.8225e+02	-1.1930e+03	3.4881e+02	-5.6175e+02	-2.3811e+02	-8.5273e+02	-4.0739e+02	-1.6184e+02	6.7030e+02	-3.1483e+02	1.7347e+03	-7.2630e+02	1.3416e+03	-9.1944e+01	1.7679e+03	-4.6581e+02	-2.4630e+02	8.1040e+02	-8.8418e+01	1.3027e+03	2.7765e+02	2.3914e+03	-8.7070e+02	-1.6365e+03	2.6849e+03	-4.0024e+02	1.3202e+02	-9.4304e+02	1.0235e+03	-9.3169e+02	-7.9079e+02	8.8238e+02	-8.7604e+02	-6.8571e+02	8.9980e+02	-1.7450e+03	-3.1732e+02	-7.6388e+02	-1.4600e+03	8.7412e+02	7.3024e+01	1.2094e+03	-1.3919e+03	7.8986e+02	-6.7926e+02	-7.1134e+02	-2.3052e+02	7.1161e+01	-6.3891e+02	-8.5734e+02	1.3311e+03	-2.9434e+03	6.3592e+02	5.1650e+02	-7.7487e+02	-3.6527e+02	-1.9901e+03	-5.7412e+02	-1.0033e+02	1.0847e+03	1.2261e+03	-1.7062e+03	-7.1403e+02	-1.0100e+02	-1.1075e+03	7.7746e+02	-1.4551e+02	4.3021e+02	-5.3415e+01	-4.4340e+02
1.6000e+05	5.4230e+02	2.2306e+02	-1.8129e+03	1.3692e+03	8.6447e+01	-6.6999e+02	6.7130e+02	-2.2366e+02	2.4127e+03	1.9662e+03	-1.4013e+03	4.7597e+02	5.5272e+02	1.0077e+02	-7.5780e+02	2.7200e+02	-6.7102e+02	2.9814e+02	-9.3505e+02	-6.3778e+02	4.8595e+02	-7.2436e+00	-3.8626e-01	-2.4090e+03	1.4871e+03	8.8038e+02	6.2650e+02	5.8497e+02	1.4491e+03	9.2478e+02	2.5140e+02	-1.1597e+02	-2.4442e+03	4.5860e+02	1.0676e+03	1.4225e+02	-6.0462e+02	4.0037e+03	-1.1023e+02	-6.2778e+02	2.4223e+02	-5.2280e+02	-4.7957e+02	-5.5900e+02	8.8476e+02	-1.3594e+03	-9.4175e+02	-1.4970e+02	4.6744e+02	-2.6767e+02	-1.2333e+03	-1.0228e+03	-9.4284e+02	-3.5648e+03	4.2431e+02	-1.0304e+02	1.2566e+03	-1.7512e+03	-8.6022e+02	2.3248e+03	2.9428e+03	4.3085e+01	-1.8773e+03	2.4949e+02	-1.3509e+03	1.0070e+03	6.9469e+02	1.8610e+03	-2.2300e+03	-7.7685e+02	3.4805e+03	4.9581e+02	2.7747e+02	-5.3717e+02	8.8714e+02	-1.8568e+02	8.2479e+02	1.3225e+03	1.4125e+03	-4.5014e+01	6.7970e+02	1.7492e+01	8.5450e+02	-6.5466e+02	1.3622e+03	1.3394e+03	1.3512e+03	1.2057e+03	-7.6622e+02	1.1196e+03	-9.0689e+02	-1.2375e+03	-2.3241e+03	-3.9217e+03	-2.5287e+02	1.7218e+03	1.2453e+03	5.4002e+02	1.0848e+03	7.7599e+02	-5.1369e+02	-4.2744e+02	6.5888e+02	5.3751e+02	-8.0200e+02	-1.6098e+03	1.3129e+03	1.4602e+03	1.0757e+02	3.9045e+03	2.3888e+02	-4.1314e+01	3.5461e+03	1.4293e+03	-5.7023e+02	-3.6942e+03	-1.7295e+03	-8.8459e+02	2.6361e+03	-3.4106e+03	-1.3005e+03	3.9565e+02	1.5013e+03	2.3232e+03	5.3410e+02	6.9824e+02	-3.7048e+03	-1.4052e+03	-1.0489e+03	9.2714e+02	-2.0716e+03	-1.6142e+03	2.4113e+03	-1.3582e+03	-1.2542e+03	2.2497e+03	-1.7799e+03	-1.0938e+03	-1.0546e+03	-1.4401e+03	-1.2258e+01	-4.0665e+03	-1.9387e+03	-5.8276e+02	-1.2273e+02	1.5968e+03	-2.5436e+03	-7.0865e+02	-2.5648e+03	-2.1839e+03	2.4882e+03	1.6210e+03	7.1977e+02	-9.1623e+01	1.6371e+03	-1.6829e+03	-2.9906e+02	2.0502e+03	-1.6717e+03	3.5952e+02	6.0421e+02	1.3701e+03	-1.0299e+03	-2.1173e+02	2.7635e+03	3.2735e+03	-1.5292e+01	4.4818e+02	9.2793e+01	-9.9656e+01	-1.9302e+03	-7.2732e+02	-3.6962e+02	5.9528e+02	8.4552e+02	-1.7389e+03	2.3346e+03	5.9742e+02	6.1867e+02	2.6051e+03	2.3860e+03	3.9085e+02	1.8096e+02	3.3250e+03	-7.6137e+02	8.3954e+02	2.7876e+03	-1.4005e+03	1.0818e+03	2.0292e+03	-2.8416e+03	-2.6215e+03	6.0433e+02	-1.5910e+03	1.6592e+03	-6.6874e+02	-2.0326e+02	-1.1166e+02	1.5260e+03	1.7321e+03
1.8000e+05	1.3213e+03	-1.4471e+02	-1.6805e+03	2.5766e+03	-1.0760e+03	-4.0355e+02	-1.0482e+03	1.1551e+03	1.9995e+03	6.1601e+02	1.0004e+03	6.6598e+02	1.9264e+03	-1.4401e+03	-1.1795e+03	-2.2787e+03	-2.2805e+02	-3.1569e+02	2.3960e+03	1.8584e+03	-1.0862e+03	8.9434e+02	7.6083e+02	1.0084e+03	-7.2975e+02	3.3494e+02	-6.4213e+02	-3.4658e+02	-2.3758e+03	2.0440e+03	8.1793e+02	-4.1920e+02	4.9829e+02	1.1802e+03	-4.0138e+02	-7.2163e+02	-2.0806e+03	-2.1862e+03	-4.4483e+02	-1.8833e+03	-3.8041e+02	-5.8804e+02	-1.2928e+03	-2.0532e+02	-2.7757e+03	1.4474e+03	6.3564e+02	1.1166e+03	1.3588e+02	1.1158e+03	2.9762e+02	6.4189e+02	-6.7855e+02	-9.0615e+01	1.7479e+03	-1.3954e+03	2.8257e+02	-1.5185e+03	6.3787e+02	-1.7773e+02	1.6553e+03	-6.7892e+02	8.2526e+02	6.1801e+01	2.2007e+03	1.3556e+03	-3.6129e+02	9.6167e+01	4.6350e+01	-5.7030e+01	-2.9323e+03	7.5954e+02	-1.1293e+03	-2.3517e+03	-4.1535e+02	1.8162e+03	-3.7510e+02	-8.2806e+02	-1.1541e+03	-1.6150e+03	2.2542e+03	-2.9340e+02	-2.8068e+03	8.9611e+02	1.3598e+03	3.9723e+02	1.6838e+03	-3.9687e+02	5.7520e+02	-2.8826e+02	1.6800e+02	-9.8580e+02	1.0126e+03	7.3176e+02	3.5731e+01	-1.8049e+03	-2.8130e+03	6.7408e+02	2.3297e+03	5.6658e+02	-1.6846e+02	-1.4587e+03	1.5571e+03	-1.1924e+03	1.3767e+03	-3.4303e+02	-8.3343e+01	5.0839e+02	1.2247e+03	3.9236e+02	-7.6838e+02	2.3137e+02	1.4018e+03	-1.0749e+03	-4.4818e+02	-4.7074e+01	-1.1843e+03	1.5634e+03	1.7827e+03	-7.4745e+02	-4.1320e+02	1.0747e+03	-1.6327e+03	-3.2914e+02	8.8163e+01	-1.3723e+03	1.0653e+03	8.6484e+02	-4.7840e+02	-5.3365e+02	1.1682e+02	-8.9329e+02	2.8272e+02	-5.2195e+02	-3.7679e+02	-7.9124e+02	-7.8722e+02	4.1012e+02	1.7989e+02	-2.9033e+02	1.7969e+03	-8.3226e+02	1.5605e+03	3.5806e+02	1.4322e+03	-5.6516e+02	2.3925e+02	1.0218e+03	3.9914e+02	1.2202e+03	3.2170e+01	2.5763e+03	-1.4273e+03	-2.2426e+03	2.4167e+03	-1.0105e+03	2.7624e+02	-8.0021e+02	1.3875e+03	-1.2339e+03	-1.0959e+03	1.3336e+03	-1.7074e+03	-5.2821e+02	7.6801e+02	-1.8225e+03	1.7793e+02	-8.7453e+02	-1.7250e+03	7.0542e+02	-5.6096e+02	1.3120e+03	-1.3732e+03	7.4558e+01	-9.1699e+02	-5.1334e+02	-6.2183e+02	4.2868e+02	-4.0472e+02	-8.4823e+02	1.4883e+03	-2.7370e+03	8.6618e+02	5.7145e+02	-1.3458e+03	-1.5878e+02	-2.2654e+03	4.3225e+01	-4.3696e+02	7.0553e+02	1.4568e+03	-1.4431e+03	-1.1387e+03	3.5752e+02	-9.7712e+02	7.6118e+02	-4.9171e+02	1.0496e+03	1.1363e+02	-3.0597e+02
1.8000e+05	4.5239e+01	-7.1876e+01	-2.1984e+03	9.0272e+02	-5.3478e+01	-1.9067e+03	-1.6600e+02	-3.2200e+02	2.6352e+03	2.6734e+03	-1.9792e+03	-3.1249e+02	1.1570e+03	1.3854e+02	-1.2304e+02	-3.8809e+02	-4.8089e+02	7.4140e+02	-1.0225e+03	-9.3124e+02	1.3655e+02	1.7922e+02	7.2207e+02	-1.1503e+03	1.0319e+03	2.4740e+03	9.2891e+00	1.5183e+03	1.3091e+03	1.3681e+03	-5.4394e+02	-9.9449e+01	-2.0595e+03	3.8073e+02	7.5735e+02	1.7213e+02	-1.3617e+03	4.2159e+03	-8.0205e+02	3.6959e+02	-1.5103e+02	3.5963e+02	-5.7680e+02	5.2896e+02	1.3665e+03	-1.8113e+03	-1.0426e+03	-7.7752e+02	5.1461e+02	-7.4496e+02	3.0212e+02	-1.5639e+03	-1.6961e+03	-4.3088e+03	4.3561e+02	-7.1811e+02	1.8037e+03	-2.0694e+03	-5.2567e+02	1.7724e+03	3.1727e+03	1.3940e+01	-1.5160e+03	1.4507e+03	-1.7886e+03	1.0210e+03	2.1478e+03	3.0254e+03	-2.6751e+03	-1.5381e+03	3.5195e+03	5.4878e+02	-1.3604e+02	2.1350e+02	2.6719e+02	8.5107e+02	9.7578e+02	1.8437e+03	2.2217e+03	-4.6537e+02	1.2327e+02	3.1433e+02	1.0792e+03	-3.5640e+01	1.7814e+03	1.0213e+03	1.7125e+03	1.4806e+03	-1.3338e+03	1.3356e+03	-6.5512e+02	-8.2530e+02	-1.5470e+03	-3.4468e+03	9.7094e+02	1.2421e+03	1.5509e+03	-1.6176e+02	1.1872e+03	5.9810e+02	-1.0842e+03	4.3580e+02	7.4308e+02	-4.4034e+02	-1.3847e+03	-1.5017e+03	8.2486e+02	2.0928e+03	1.2464e+03	3.9782e+03	2.4623e+02	1.3282e+02	3.1847e+03	1.5991e+03	-1.1344e+03	-3.3888e+03	-1.2981e+03	-1.3657e+03	2.3071e+03	-3.6096e+03	-7.8375e+02	7.1759e+02	1.4534e+03	2.7593e+03	1.5925e+03	2.5101e+02	-3.8941e+03	-8.3298e+02	-1.4001e+03	1.7318e+03	-2.2916e+03	-1.8496e+03	2.3388e+03	-2.1608e+03	-1.2891e+03	1.7476e+03	-2.5537e+03	-6.1583e+02	-1.9565e+03	-1.8965e+03	7.8107e+02	-3.6117e+03	-2.2542e+03	-2.7962e+02	7.3343e+02	3.3159e+03	-2.5691e+03	-1.6595e+01	-2.7843e+03	-3.0936e+03	1.6624e+03	1.2473e+03	5.1720e+02	-2.4106e+02	7.6732e+02	-1.4775e+03	-6.9961e+02	1.5787e+03	-1.4717e+03	4.2672e+02	7.9359e+02	2.7734e+02	-1.4653e+03	-1.1805e+02	1.7455e+03	3.5077e+03	1.3400e+01	3.4470e+02	1.2986e+03	7.2037e+02	-1.1154e+03	-7.9095e+02	-9.5285e+02	5.7736e+02	7.2980e+02	-4.6157e+02	2.9227e+03	8.7099e+02	8.2273e+02	2.9658e+03	3.1968e+03	7.7163e+02	3.0573e+02	3.1515e+03	-5.7538e+02	1.7699e+03	2.5485e+03	-1.1377e+03	1.1435e+03	1.1048e+03	-2.4446e+03	-2.3961e+03	1.4755e+03	-1.6534e+03	1.1107e+03	-7.4482e+02	-3.4654e+02	-3.7180e+02	1.8470e+03	2.1651e+03
2.0000e+05	1.8107e+03	-8.5049e+01	-2.0037e+03	2.3558e+03	-3.7210e+02	-3.3162e+02	-1.1441e+03	1.1962e+03	2.5554e+03	5.4704e+02	8.1068e+02	7.8035e+02	1.2975e+03	-6.5088e+02	-8.6894e+02	-2.1116e+03	-2.2371e+02	-5.8180e+02	2.1417e+03	1.6113e+03	-1.1456e+03	1.0672e+03	7.0779e+02	6.6399e+02	-7.0908e+02	-4.5459e+02	-1.0282e+03	-3.4184e+02	-2.0074e+03	1.7542e+03	5.1923e+02	-3.9128e+02	3.6771e+02	1.1090e+03	-9.5362e+02	-7.6366e+02	-1.6600e+03	-2.2811e+03	4.9819e+01	-1.8086e+03	-6.6168e+02	-9.0625e+02	-1.5183e+03	-1.4807e+02	-3.3709e+03	1.6655e+03	2.8563e+02	8.4652e+02	1.2418e+01	9.0708e+02	3.2359e+02	1.1464e+03	-9.8122e+02	-9.9311e+01	2.0013e+03	-1.2332e+03	3.3788e+02	-9.9700e+02	-8.0178e+01	1.8251e+02	1.9670e+03	-1.9850e+02	9.0506e+02	5.9019e+02	1.4986e+03	1.9113e+03	2.2146e+02	1.8822e+02	3.0898e+02	2.3329e+02	-3.4725e+03	6.6823e+01	-6.3040e+02	-2.8267e+03	-5.9176e+02	1.6784e+03	-7.5202e+02	-1.2442e+03	-1.7101e+03	-1.2261e+03	2.0047e+03	-4.7582e+02	-2.5153e+03	9.0965e+02	1.1683e+03	6.9007e+02	1.4056e+03	-1.3686e+02	4.2604e+02	-4.7279e+02	4.9966e+02	-1.0974e+03	1.3080e+03	6.8653e+02	-4.0375e+02	-1.5604e+03	-2.7670e+03	4.9248e+02	2.5883e+03	9.5778e+02	-3.2906e+02	-1.4177e+03	1.3275e+03	-1.2382e+03	8.7968e+02	-3.7607e+02	4.6395e+01	5.9295e+02	1.5141e+03	5.5375e+02	-1.3498e+03	-3.2413e+02	1.1722e+03	-1.2118e+03	-6.5506e+02	-3.1469e+02	-1.2516e+03	1.2173e+03	2.1179e+03	-1.1786e+03	-4.0677e+02	6.7542e+02	-1.4135e+03	-6.7962e+01	-1.0781e+01	-1.7668e+03	8.9752e+02	9.0975e+01	-7.0105e+02	-6.8078e+02	4.2800e+02	-1.2187e+03	-5.3648e+02	-9.1093e+01	-1.1750e+02	-9.6992e+02	-3.4833e+02	-8.2144e+01	8.9467e+01	-5.2581e+02	1.3784e+03	-6.2723e+02	1.0890e+03	1.2468e+02	8.5294e+02	-5.4264e+02	5.4548e+02	8.4092e+02	9.8165e+01	9.3515e+02	-2.2769e+02	3.3855e+03	-1.4806e+03	-1.8889e+03	2.8015e+03	-1.2428e+03	3.7832e+01	-1.5802e+02	1.2842e+03	-8.6667e+02	-1.2045e+03	1.0136e+03	-1.4454e+03	-4.6899e+02	1.0100e+03	-1.9107e+03	5.5926e+02	-5.9538e+02	-1.8098e+03	5.7757e+02	-3.0348e+02	7.7822e+02	-1.6770e+03	1.2137e+01	-8.1049e+02	-5.5211e+02	-6.4245e+02	9.5513e+01	-2.6345e+02	-1.5234e+03	1.1313e+03	-2.3434e+03	7.3948e+02	1.1312e+03	-8.2665e+02	1.5418e+02	-2.3180e+03	-5.1700e+02	-9.9127e+02	6.7510e+02	1.0603e+03	-6.3142e+02	-2.5470e+02	1.7187e+01	-1.1081e+03	1.5171e+02	-8.6543e+02	1.1849e+03	5.6520e+01	-6.8202e+02
2.0000e+05	8.9008e+01	-3.3663e+02	-2.0545e+03	9.7276e+02	2.9912e+02	-1.4760e+03	5.2258e+01	-1.1267e+03	2.6640e+03	2.9579e+03	-1.9280e+03	1.0678e+03	1.6049e+03	-6.0492e+02	-2.2431e+02	-7.2246e+02	8.1995e+02	1.1057e+03	-9.4669e+01	-2.4463e+03	-9.2932e+01	8.0992e+02	1.6351e+03	-5.5607e+02	4.5207e+02	2.1577e+03	-4.7296e+01	2.6264e+03	7.0570e+02	6.6422e+02	-3.6696e+02	5.3494e+02	-1.4970e+03	6.0210e+02	2.1291e+02	5.0945e+02	-1.3025e+03	4.5038e+03	-7.6668e+02	4.1815e+01	-5.3254e+02	1.0550e+02	-4.5393e+02	-9.1566e+01	1.2211e+03	-2.3611e+03	-1.2917e+03	-1.5806e+03	3.9140e+02	-1.1572e+03	-1.4690e+02	-1.9987e+03	-2.5424e+03	-3.7541e+03	5.2154e+02	-2.9309e+02	1.4880e+03	-3.3577e+03	3.7780e+02	8.0065e+02	3.6038e+03	1.8228e+02	-2.5853e+03	1.8236e+03	-1.6388e+03	8.2827e+02	3.1289e+03	2.7862e+03	-2.4436e+03	-1.7089e+03	3.7318e+03	2.3681e+02	-1.1999e+02	7.1748e+02	-4.7335e+02	1.6618e+03	1.3829e+03	1.9506e+03	2.3478e+03	-5.8554e+02	-4.5050e+02	-1.8560e+02	1.2694e+03	-2.2922e+02	1.9809e+03	1.6450e+03	1.1620e+03	8.5969e+02	-2.1161e+03	1.0008e+03	-1.0356e+03	-7.1508e+02	-1.0897e+03	-4.7224e+03	1.5656e+03	1.2787e+03	2.3055e+03	3.6877e+02	3.2790e+02	4.6646e+02	-4.5027e+02	2.4738e+02	1.0572e+03	-9.7476e+02	-1.9066e+03	-1.7260e+03	6.0126e+02	1.5646e+03	6.2548e+02	4.9160e+03	2.7456e+02	1.8088e+02	3.7094e+03	1.5842e+03	-6.4206e+02	-2.9631e+03	-1.9216e+03	-1.0317e+03	2.2756e+03	-2.8526e+03	-1.0781e+03	9.1118e+02	5.9189e+02	2.2333e+03	1.1226e+03	2.1301e+02	-4.0346e+03	-1.0867e+03	-2.0786e+03	1.1479e+03	-2.4195e+03	-1.8794e+03	3.1384e+03	-2.0150e+03	-2.4640e+03	2.0600e+03	-3.4017e+03	-1.2812e+03	-1.3950e+03	-2.5861e+03	5.4855e+02	-4.1146e+03	-2.6874e+03	-2.3193e+02	-8.9586e+01	3.4703e+03	-2.7062e+03	1.7313e+02	-3.2115e+03	-2.5236e+03	1.6579e+03	2.1431e+03	7.9271e+02	-9.8414e+02	1.1844e+03	-9.1707e+02	-4.1123e+02	1.3825e+03	-9.1653e+02	4.7343e+02	5.8372e+02	1.4653e+03	-1.6293e+03	-2.4259e+02	3.3511e+03	3.4867e+03	-4.2000e+02	6.5035e+02	1.5891e+03	3.0233e+02	-8.4842e+02	-5.3296e+02	-8.8828e+02	1.0268e+03	1.9875e+03	-3.4412e+02	2.9022e+03	1.6772e+03	5.2386e+02	4.0428e+03	2.5380e+03	1.0795e+02	1.6336e+02	2.7441e+03	-2.8908e+02	1.9302e+03	3.0862e+03	-1.4302e+03	9.9172e+02	1.1725e+03	-2.7595e+03	-3.7892e+03	2.0146e+03	-1.4912e+03	1.2215e+03	-6.1749e+02	-5.7236e+02	-7.0464e+02	1.5769e+03	2.0929e+03
