2.0000e+05	7.3256e+04
2.0000e+05	7.3744e+04
2.0000e+05	7.4709e+04
2.0000e+05	7.5369e+04
2.0000e+05	7.7279e+04
2.0000e+05	7.7953e+04
2.0000e+05	8.0370e+04
2.0000e+05	8.2712e+04
2.0000e+05	8.4804e+04
2.0000e+05	8.7926e+04
2.0000e+05	9.1030e+04
2.0000e+05	9.4224e+04
2.0000e+05	9.6971e+04
2.0000e+05	1.0209e+05
2.0000e+05	1.0471e+05
2.0000e+05	1.0929e+05
2.0000e+05	1.1310e+05
2.0000e+05	1.1645e+05
2.0000e+05	1.1954e+05
2.0000e+05	1.2387e+05
2.0000e+05	1.2597e+05
2.0000e+05	1.2952e+05
2.0000e+05	1.3281e+05
2.0000e+05	1.3519e+05
2.0000e+05	1.3394e+05
2.0000e+05	1.2844e+05
2.0000e+05	1.2683e+05
2.0000e+05	1.2706e+05
2.0000e+05	1.2900e+05
2.0000e+05	1.2974e+05
2.0000e+05	1.3136e+05
2.0000e+05	1.3127e+05
2.0000e+05	1.2952e+05
2.0000e+05	1.2918e+05
2.0000e+05	1.2863e+05
2.0000e+05	1.2820e+05
2.0000e+05	1.2912e+05
2.0000e+05	1.2918e+05
2.0000e+05	1.2982e+05
2.0000e+05	1.2873e+05
2.0000e+05	1.2913e+05
2.0000e+05	1.2789e+05
2.0000e+05	1.2770e+05
2.0000e+05	1.2838e+05
2.0000e+05	1.2779e+05
2.0000e+05	1.2743e+05
2.0000e+05	1.2754e+05
2.0000e+05	1.2765e+05
2.0000e+05	1.2735e+05
2.0000e+05	1.2672e+05
2.0000e+05	1.2658e+05
2.0000e+05	1.2571e+05
2.0000e+05	1.2565e+05
2.0000e+05	1.2622e+05
2.0000e+05	1.2534e+05
2.0000e+05	1.2536e+05
2.0000e+05	1.2424e+05
2.0000e+05	1.2500e+05
2.0000e+05	1.2397e+05
2.0000e+05	1.2312e+05
2.0000e+05	1.2278e+05
2.0000e+05	1.2278e+05
2.0000e+05	1.2269e+05
2.0000e+05	1.2184e+05
2.0000e+05	1.2190e+05
2.0000e+05	1.2146e+05
2.0000e+05	1.2093e+05
2.0000e+05	1.2040e+05
2.0000e+05	1.1996e+05
2.0000e+05	1.1927e+05
2.0000e+05	1.1943e+05
2.0000e+05	1.1904e+05
2.0000e+05	1.1825e+05
2.0000e+05	1.1754e+05
2.0000e+05	1.1680e+05
2.0000e+05	1.1665e+05
2.0000e+05	1.1599e+05
2.0000e+05	1.1619e+05
2.0000e+05	1.1531e+05
2.0000e+05	1.1543e+05
2.0000e+05	1.1460e+05
2.0000e+05	1.1361e+05
2.0000e+05	1.1410e+05
2.0000e+05	1.1298e+05
2.0000e+05	1.1220e+05
2.0000e+05	1.1116e+05
2.0000e+05	1.1087e+05
2.0000e+05	1.1092e+05
2.0000e+05	1.1004e+05
2.0000e+05	1.0959e+05
2.0000e+05	1.0952e+05
2.0000e+05	1.0865e+05
2.0000e+05	1.0828e+05
2.0000e+05	1.0787e+05
2.0000e+05	1.0717e+05
2.0000e+05	1.0638e+05
2.0000e+05	1.0607e+05
2.0000e+05	1.0545e+05
2.0000e+05	1.0476e+05
2.0000e+05	1.0476e+05
2.0000e+05	1.0369e+05
2.0000e+05	1.0345e+05
2.0000e+05	1.0251e+05
2.0000e+05	1.0311e+05
2.0000e+05	1.0162e+05
2.0000e+05	1.0094e+05
2.0000e+05	1.0118e+05
2.0000e+05	1.0038e+05
2.0000e+05	9.9623e+04
2.0000e+05	9.9727e+04
2.0000e+05	9.8622e+04
2.0000e+05	9.8106e+04
2.0000e+05	9.7798e+04
2.0000e+05	9.7340e+04
2.0000e+05	9.6609e+04
2.0000e+05	9.5997e+04
2.0000e+05	9.5860e+04
2.0000e+05	9.5354e+04
2.0000e+05	9.4565e+04
2.0000e+05	9.4797e+04
2.0000e+05	9.3729e+04
2.0000e+05	9.3773e+04
2.0000e+05	9.2947e+04
2.0000e+05	9.1777e+04
2.0000e+05	9.2094e+04
2.0000e+05	9.1055e+04
2.0000e+05	9.1069e+04
2.0000e+05	9.0888e+04
2.0000e+05	9.0669e+04
2.0000e+05	8.9784e+04
2.0000e+05	8.8885e+04
2.0000e+05	8.8667e+04
2.0000e+05	8.8785e+04
2.0000e+05	8.8253e+04
2.0000e+05	8.7851e+04
2.0000e+05	8.6908e+04
2.0000e+05	8.7340e+04
2.0000e+05	8.6090e+04
2.0000e+05	8.6092e+04
2.0000e+05	8.6067e+04
2.0000e+05	8.5937e+04
2.0000e+05	8.5431e+04
2.0000e+05	8.4605e+04
2.0000e+05	8.4483e+04
2.0000e+05	8.4061e+04
2.0000e+05	8.3096e+04
2.0000e+05	8.3123e+04
2.0000e+05	8.3015e+04
2.0000e+05	8.2968e+04
2.0000e+05	8.2742e+04
2.0000e+05	8.1621e+04
2.0000e+05	8.1648e+04
2.0000e+05	8.1189e+04
2.0000e+05	8.0673e+04
2.0000e+05	8.0621e+04
2.0000e+05	8.0726e+04
2.0000e+05	8.0128e+04
2.0000e+05	7.9605e+04
2.0000e+05	8.0150e+04
2.0000e+05	7.9684e+04
2.0000e+05	7.9058e+04
2.0000e+05	7.8281e+04
2.0000e+05	7.9037e+04
2.0000e+05	7.8388e+04
2.0000e+05	7.7861e+04
2.0000e+05	7.7938e+04
2.0000e+05	7.7453e+04
2.0000e+05	7.7200e+04
2.0000e+05	7.7376e+04
2.0000e+05	7.6697e+04
2.0000e+05	7.6391e+04
2.0000e+05	7.6371e+04
2.0000e+05	7.6584e+04
2.0000e+05	7.6040e+04
2.0000e+05	7.5917e+04
2.0000e+05	7.5459e+04
2.0000e+05	7.6179e+04
2.0000e+05	7.6089e+04
2.0000e+05	7.5186e+04
2.0000e+05	7.5482e+04
2.0000e+05	7.4991e+04
2.0000e+05	7.5127e+04
2.0000e+05	7.5032e+04
2.0000e+05	7.4759e+04
2.0000e+05	7.4477e+04
2.0000e+05	7.5061e+04
2.0000e+05	7.4580e+04
2.0000e+05	7.4432e+04
2.0000e+05	7.4329e+04
2.0000e+05	7.4214e+04
2.0000e+05	7.4163e+04
2.0000e+05	7.4386e+04
2.0000e+05	7.3946e+04
2.0000e+05	7.3781e+04
2.0000e+05	7.4054e+04
2.0000e+05	7.3873e+04
2.0000e+05	7.3875e+04
2.0000e+05	7.3585e+04
2.0000e+05	7.3829e+04
2.0000e+05	7.3728e+04
