2.0000e+04	-1.4690e+02	-2.9323e+02	6.3848e+02	-6.1883e+02	3.4482e+02	5.1647e+02	-6.4360e+02	6.9442e+02	-4.0095e+00	-3.6007e+01	3.7262e+02	3.5365e+02	6.4552e+02	2.8836e+02	-8.4431e+02	1.7750e+02	3.4880e+02	-1.8906e+02	2.1018e+02	-5.2161e+02	-3.3382e+02	3.5793e+02	2.2377e+02	5.4261e+02	2.3207e+02	1.7471e+02	-1.0502e+02	4.7414e+02	-1.7358e+02	3.9217e+02	2.7363e+02	6.5200e+02	7.1902e+02	-2.0715e+02	-8.1640e+02	6.7645e+02	4.5059e+02	-5.7285e+02	3.6519e+02	-1.6857e+02	-1.6855e+02	-4.1390e+02	3.4888e+02	-3.9810e+02	4.2624e+02	7.3649e+02	9.6205e+01	-5.4127e+02	2.6335e+02	2.4165e+01	-2.6756e+02	2.6320e+02	-1.8948e+02	3.5026e+02	6.3892e+01	7.2963e+02	2.3393e+02	-5.0039e+02	4.7284e+02	-2.0368e+02	1.3863e+02	-2.8018e+02	-7.7676e+01	2.9840e+02	-4.2679e+02	-5.0984e+02	7.9394e+01	2.0794e+02	-1.4034e+02	1.5287e+02	5.4657e+01	-3.1684e+02	-4.5753e+02	-1.0307e+02	-9.4223e+00	2.3913e+01	-4.0447e+02	5.0586e+02	-9.3632e+02	-6.4145e+01	2.8752e+02	1.0834e+03	1.8206e+02	-4.1242e+02	1.1130e+02	-1.2322e+02	2.8466e+02	-1.6549e+02	4.0854e+02	1.1496e+02	-7.6894e+02	3.2571e+02	2.7303e+02	2.3222e+01	4.2240e+02	1.2891e+02	3.8381e+02	-1.8820e+02	3.7783e+02	-2.6512e+02	9.2349e+02	-5.5950e+01	5.5227e+01	5.8611e+01	5.8383e+02	3.0867e+02	5.2074e+02	5.9792e+01	3.1679e+00	4.5256e+02	2.1126e+02	5.0081e+02	-2.7272e+02	1.9869e+02	-3.9687e+02	-2.7805e+02	-7.1035e+01	-7.1185e+02	5.8218e+02	2.9258e+02	-6.0951e+01	9.5219e+02	-3.2221e+02	-2.8092e+02	1.9050e+02	3.9251e+02	-2.5721e+02	3.6580e+02	5.2777e+02	-3.3153e+02	-7.0697e+01	-6.6690e+02	5.8379e+02	2.5309e+01	2.7363e+02	6.3905e+02	1.9458e+02	-1.4844e+02	1.5783e+02	2.3275e+02	6.8546e+00	-1.0360e+02	8.0791e+00	-5.3047e+02	3.1455e+02	-5.0298e+02	-2.5456e+02	-3.6035e+02	3.4640e+02	3.0420e+01	4.5782e+02	-2.9360e+02	8.0736e+01	-1.1370e+02	-3.1055e+01	4.6343e+02	1.4025e+02	-1.4316e+02	-3.1241e+02	-8.1385e+01	1.8140e+02	6.0518e+02	3.2534e+01	-3.6505e+02	1.4426e+02	3.0635e+02	2.1877e+01	2.8683e+02	-4.2601e+02	3.8319e+02	3.5746e+02	-2.3813e+02	5.0006e+02	-5.8975e+01	5.1483e+02	-4.5817e+02	6.0883e+02	-9.7670e+02	-3.2642e+01	-3.4664e+02	4.7060e+02	-1.8859e+02	-2.4315e+02	5.5062e+02	1.6970e+02	4.2638e+02	4.0880e+02	6.7862e+02	-1.7008e+02	2.9120e+02	4.8033e+02	2.3454e+02	1.6606e+03	6.0199e+02	-5.5112e+02	-2.0049e+02	-6.2069e+01	-3.4155e+02	-4.9506e+02	-5.4299e+01
2.0000e+04	-2.3725e+02	1.0616e+03	-1.2472e+03	1.2423e+02	1.6029e+01	4.0797e+02	1.8709e+02	3.2847e+02	-8.8520e+02	7.9470e+02	5.1099e+02	-3.2654e+02	-1.0046e+03	-1.3413e+03	-2.8342e+02	-2.3708e+02	2.0409e+02	-5.7933e+02	-1.3521e+03	8.3074e+02	-7.3368e+02	5.4944e+02	-1.3114e+03	-1.5967e+02	-8.9771e+02	1.9101e+02	-2.1929e+02	1.7319e+02	5.2950e+02	7.5864e+02	-1.1721e+02	-1.3225e+03	-6.5994e+02	-6.1403e+01	3.3710e+02	6.2194e+02	3.8349e+02	2.0992e+02	8.4747e+02	-1.6756e+02	9.6624e+01	4.7318e+02	4.0433e+02	5.2768e+02	-6.4016e+02	-5.4518e+02	-9.7936e+02	3.0731e+02	-7.6784e+02	-4.7929e+02	-1.2997e+02	2.7018e+02	-2.8985e+02	1.4018e+03	4.8097e+02	-2.7081e+02	6.1922e+02	-1.3598e+03	5.4451e+02	-2.0810e+02	3.6662e+02	1.3830e+02	7.8526e+02	1.4057e+02	8.1274e-02	-4.1187e+02	9.1142e+02	-8.0537e+02	2.3715e+02	1.9458e+02	1.8916e+02	-2.1696e+02	6.5994e+01	5.9595e+02	-2.7737e+01	-2.2665e+02	-7.6001e+02	-9.9159e+01	4.2597e+02	7.2171e+02	9.6321e+02	-5.1161e+02	-4.9229e+02	6.6854e+02	-9.2498e+01	-1.7107e+02	1.7696e+01	-3.9078e+02	-7.1870e+00	-7.1929e+02	-1.2569e+01	-3.4059e+02	3.4273e+02	3.3438e+02	-7.0068e+02	1.8400e+02	5.8469e+02	-7.7093e+02	1.5670e+02	2.6518e+01	-7.3949e+02	3.4657e+02	9.3594e+02	2.5125e+02	-3.4702e+01	-4.7601e+02	-1.3756e+02	6.5152e+01	-1.1894e+02	4.8415e+01	2.6958e+01	-1.7061e+02	-3.3518e+02	-7.2680e+02	-7.5955e+02	-2.4953e+02	5.6445e+02	1.8710e+02	3.0412e+02	3.8167e+02	1.2883e+01	-1.4555e+02	1.0729e+02	8.7028e+01	-2.9034e+02	-3.7947e+02	-6.4933e+02	-2.9675e+02	-1.3478e+02	-5.6765e+02	7.4085e+01	8.6985e+01	-2.7586e+00	3.8376e+02	-8.2191e+02	5.2326e+02	2.0998e+02	-7.8391e+01	-1.7405e+02	2.4379e+02	-1.1325e+03	-8.8157e+02	1.9970e+02	-2.9605e+02	-3.4503e+02	2.4570e+02	-9.6557e+01	-5.2306e-01	1.5119e+02	-1.6061e+02	1.1603e+02	1.0828e+02	-3.8214e+01	4.0688e+02	-3.6396e+02	-6.9461e+02	-1.2219e+03	-3.2255e+01	4.5070e+02	1.0513e+03	4.4638e+02	-7.4189e+02	7.9479e+02	-5.3256e+02	-5.1474e+01	3.4314e+02	4.7056e+02	4.4134e+02	5.3605e+02	-1.6763e+03	-5.2891e+02	2.5621e+02	-5.5774e+02	-5.6845e+02	-7.0811e+02	1.1904e+01	-3.4480e+02	-9.1362e+01	1.1853e+01	-2.1312e+02	6.0548e+02	1.1914e+03	6.1300e+02	-3.7073e+02	1.8277e+02	2.8067e+02	6.8783e+02	1.0016e+03	4.9136e+02	1.7358e+02	-2.1496e+01	-2.1991e+02	-2.1479e+02	6.3071e+02	-6.1072e+02	4.8147e+00	6.0847e+01	1.1897e+03	6.7611e+02	9.3706e+02
4.0000e+04	-3.4409e+02	5.3388e+01	1.0834e+03	-1.4611e+03	6.4367e+02	4.7243e+02	-5.0894e+02	4.5617e+02	-1.2278e+02	-1.5261e+02	-2.0786e+02	5.6491e+02	8.1624e+02	-2.9061e+02	-8.9004e+02	-3.7819e+02	8.0396e+02	-6.2376e+00	4.7797e+02	-5.8135e+01	-3.6859e+02	-3.8167e+01	-1.5697e+02	3.8953e+02	2.8156e+02	1.8452e+02	-4.8833e+02	5.1035e+02	-1.7652e+02	4.0338e+02	-3.7377e+02	7.7925e+02	6.1059e+02	-5.8097e+02	-1.2565e+03	1.1568e+03	3.9631e+02	-8.4011e+02	3.3708e+02	3.0469e+02	-2.4421e+02	-4.5812e+02	5.3200e+02	-3.5329e+02	3.7999e+02	9.7810e+02	-6.0853e+02	-7.5103e+02	6.4951e+02	2.3910e+02	-3.9311e+01	2.7094e+02	-9.8967e+01	9.8546e+02	-1.4516e+02	1.7294e+02	3.3053e+02	4.4634e+00	6.5800e+02	1.9540e+02	6.7496e+02	-2.1620e+02	-2.1692e+02	-8.1325e+00	-3.5963e+02	-8.3646e+02	-2.4697e+02	2.5121e+02	4.0190e+02	-5.0944e+02	2.9580e+02	-6.0038e+02	-8.4963e+02	2.4182e+02	-5.0963e+02	4.1315e+02	-7.6984e+02	7.5658e+02	-1.3744e+03	5.3221e+02	2.5380e+02	1.4712e+03	1.8578e+01	-9.6748e+01	-7.9497e+01	-2.1882e+02	5.3796e+00	-3.8154e+02	2.2519e+02	-2.9259e+02	-3.3959e+02	8.0205e+02	4.5800e+02	-3.6920e+02	6.4359e+02	1.6554e+02	1.0314e+03	-2.9645e+02	-8.7903e+00	-5.0661e+02	9.2530e+02	8.6258e+02	-3.0846e+02	2.5178e+02	8.3963e+02	9.1195e+02	-2.1084e+02	-1.9067e+02	4.2609e+02	6.6904e+02	-2.8268e+02	6.5410e+02	-4.5898e+02	3.5463e+02	-3.4523e+02	-7.3378e+02	3.9790e+02	-4.9613e+02	6.8742e+02	-9.7582e+01	-1.8251e+02	1.2645e+03	-2.6472e+02	-7.9750e+02	-9.5131e+01	3.2620e+02	-4.2453e+02	3.0896e+01	2.3217e+02	8.0234e+01	-8.6845e+02	-1.0336e+03	7.5077e+02	-3.0120e+02	-5.4945e+01	6.3353e+02	-8.6669e+01	-7.2697e+01	2.6389e+02	1.9567e+02	-4.2067e+02	-5.8042e+02	7.7796e+01	-8.3539e+02	3.5543e+02	-2.4854e+02	-1.7626e+01	-1.1385e+00	3.6862e+02	-3.0888e+02	2.3013e+01	4.0663e+01	1.6313e+02	-2.5305e+02	1.8707e+02	2.1784e+02	-1.9864e+02	-6.6402e+02	3.2961e+02	-2.4647e+02	3.1162e+02	8.9135e+02	3.5498e+01	-2.4402e+02	1.9267e+02	8.7155e+02	7.8623e+02	-2.0168e+02	-5.1334e+02	-1.5038e+02	4.8512e+02	-3.7156e+01	1.2259e+03	-2.1175e+02	6.2396e+02	-6.1632e+02	2.9038e+02	-1.3057e+03	-2.8587e+02	-5.8490e+02	6.6955e+02	2.3973e+02	-5.1790e+02	5.9281e+02	-2.3422e+01	2.4337e+02	-6.3792e+01	4.3027e+02	-3.1002e+02	-2.4058e+02	-9.8615e+00	3.3893e+02	1.3511e+03	1.1433e+02	-9.2346e+02	-2.6616e+02	8.6907e+01	-8.3179e+02	-7.0161e+02	6.8652e+01
4.0000e+04	6.5348e+02	7.7864e+02	-6.1065e+02	-1.9221e+02	1.9180e+01	4.6185e+02	-6.2143e+02	6.0150e+02	9.1957e+02	3.1282e+02	6.7487e+02	-1.4019e+03	-1.4750e+03	-1.7048e+03	2.3607e+02	1.9526e+02	2.8810e+02	-4.9038e+02	-1.4789e+03	1.3008e+02	-1.0778e+03	-1.8339e+02	-1.3086e+03	-6.1983e+02	-1.6766e+03	8.3243e+01	-4.1718e+02	-7.2361e+02	8.0866e+02	1.3837e+02	3.3218e+02	-7.5219e+02	-1.4882e+03	1.9927e+02	3.5843e+02	4.5328e+02	9.1276e+02	8.0989e+02	8.1785e+02	-3.3347e+02	-8.0849e+01	4.9424e+02	1.4603e+02	1.2689e+03	2.3211e+02	7.4471e+02	-7.6346e+02	1.6856e+02	-4.8877e+02	-6.6055e+02	4.1540e+02	1.9921e+02	-5.7338e+02	2.0300e+03	7.2485e+02	1.1295e+03	6.9457e+02	-1.3031e+03	-1.1452e+02	2.1489e+02	-3.2208e+01	7.4681e+02	1.1780e+03	5.3010e+02	1.4146e+03	-5.9207e+02	8.7490e+02	-1.7223e+03	3.1004e+01	6.6175e+01	7.6089e+02	2.6573e+01	-1.5537e+02	1.7798e+02	-4.8009e+02	4.1862e+02	-2.3626e+02	2.2766e+02	6.8657e+02	1.1070e+03	4.5469e+02	1.1735e+02	-5.3094e+02	1.1213e+03	-2.6925e+02	-1.1841e+03	-1.0651e+03	-8.7411e+02	-2.2903e+02	-1.0364e+03	2.1489e+01	-7.6995e+02	1.3226e+03	5.1307e+01	-2.4423e+02	4.8535e+02	2.0555e+02	-8.2957e+02	5.8135e+01	1.0718e+02	-5.0359e+02	-2.2249e+02	1.0720e+03	5.3961e+00	7.2070e+02	-7.8865e+02	-1.1935e+03	-2.8169e+02	-1.0352e+03	-4.3707e+02	-4.7696e+02	-7.7317e+02	-1.3663e+03	4.3612e+02	-3.7157e+02	-1.4386e+03	4.3156e+02	1.0191e+03	1.0142e+02	4.2749e+02	-6.5167e+02	1.8450e+02	8.5769e+02	1.6815e+02	1.4179e+02	-2.7069e+02	-1.1925e+03	-5.7029e+02	-8.3821e+02	-6.5029e+02	6.9113e+02	-6.6157e+01	9.5131e+02	3.5214e+02	-1.2383e+02	-5.2957e+02	4.4627e+02	2.9748e+00	-4.8384e+02	6.1491e+01	-1.5003e+03	-1.6376e+03	2.9083e+02	6.3035e+02	-6.0871e+02	3.9342e+02	2.5809e+02	-1.0633e+02	2.3677e+02	-1.5110e+02	-3.5909e+02	-1.5040e+02	-2.6158e+01	9.6284e+02	-5.2749e+01	-1.1024e+03	-8.3663e+02	-4.8272e+02	1.4850e+02	9.8565e+02	-5.1126e+01	-4.0941e+02	2.5302e+02	-1.3624e+03	-7.4151e+02	1.1873e+03	-9.0399e+01	5.3739e+02	-1.8159e+02	-1.5306e+03	-5.0335e+02	1.6217e+02	-2.4634e+02	-3.5651e+02	-8.9894e+02	-7.6633e+01	-5.4168e+02	-9.1429e+02	5.6474e+02	-1.2413e+03	2.2143e+02	1.1985e+03	2.9367e+02	-2.8881e+02	5.8799e+02	6.5118e+02	7.5153e+02	1.0693e+03	-3.8592e+02	-1.6153e+02	-2.6802e+02	-2.7892e+02	-1.4138e+03	3.6103e+02	-2.0128e+02	5.4280e+02	4.8739e+02	1.8737e+03	1.1210e+03	1.4639e+03
6.0000e+04	-8.2693e+02	1.9398e+02	9.6697e+02	-1.9527e+03	1.6831e+02	-3.3528e+02	-4.8454e+02	3.0884e+02	-5.4432e+02	8.9113e+02	-2.3003e+02	7.5565e+02	1.1990e+03	-5.2094e+02	-5.4490e+02	-5.0268e+02	4.8096e+02	1.2544e+01	8.2366e+02	3.0075e+01	-1.4563e+02	-2.3861e+02	-4.9885e+02	3.1330e+02	2.7990e+02	-4.0255e+02	-3.2614e+02	4.1310e+02	-1.0879e+03	5.4713e+02	-6.5262e+02	8.9399e+02	4.3029e+02	-1.0711e+03	-1.5286e+03	1.2311e+03	2.9004e+02	-1.1982e+03	4.1634e+02	4.7421e+02	8.4246e+01	-4.1394e+02	8.6610e+02	-1.0862e+02	6.1551e+02	1.4495e+03	-8.4453e+02	-9.3491e+02	7.8096e+02	7.3392e+02	4.0396e+02	-2.2766e+02	1.4377e+02	6.9518e+02	-8.5786e+02	2.3242e+01	-1.7044e+02	-5.4395e+02	4.4186e+02	3.5638e+02	8.8050e+02	-3.7853e+02	-1.3582e+02	2.0091e+02	-2.1583e+02	-1.0304e+03	-4.5454e+02	6.7580e+02	1.1698e+03	-6.9105e+02	1.7445e+02	-8.1835e+02	-8.5851e+02	-3.6759e+02	-7.4872e+01	3.0760e+01	-7.6080e+02	1.1194e+03	-6.1473e+02	4.2800e+02	6.2465e+02	1.0218e+03	1.0887e+03	-3.5459e+02	9.6432e+01	-6.8242e+02	-4.0617e+02	-6.9583e+02	-2.2892e+02	-5.0497e+01	-5.1288e+02	9.4699e+02	5.8878e+01	1.6577e+02	1.5596e+02	1.1723e+02	8.5746e+02	-2.6323e+02	-6.8517e+01	-4.8246e+02	1.1820e+03	1.4487e+03	-2.9377e+01	4.6896e+02	6.4123e+02	2.9133e+02	-1.5203e+02	-3.1202e+02	2.9085e+02	6.4030e+02	2.2019e+02	6.8760e+02	-1.9107e+02	4.2197e+01	-2.9431e+02	-1.0802e+03	7.9179e+02	-5.9821e+02	4.5588e+02	-2.3984e+02	-1.7976e+02	1.0178e+03	-2.9368e+00	-1.2017e+03	1.6684e+01	2.6072e+02	-1.2626e+03	-5.3270e+02	-1.2800e+02	3.3222e+02	-3.4244e+02	-8.1068e+02	4.0441e+02	-6.9806e+02	1.3789e+02	7.9745e+02	5.6679e+01	-2.5558e+02	-3.8371e+02	6.5615e+02	-8.3112e+02	-7.3962e+02	-4.4132e+02	-1.1557e+03	1.3884e+01	-5.9180e+02	1.7921e+02	1.1022e+01	4.8906e+02	1.4514e+01	2.9401e+02	-1.7495e+02	-1.8301e+01	-5.9371e+02	-4.8206e+01	1.6949e+02	-4.0290e+02	-1.1854e+03	6.1516e+02	-3.7504e+01	2.0834e+02	1.1835e+03	-2.6224e+02	-1.5419e+03	-2.2224e+02	4.6701e+02	6.6313e+02	-4.9692e+02	-3.9980e+02	-2.6594e+02	5.9048e+02	4.1036e+02	1.3415e+03	-9.4907e+01	3.0120e+02	-7.5476e+02	-4.1498e+01	-9.8444e+02	-1.2614e+02	-9.4438e+02	7.3264e+02	8.7036e+01	-1.0175e+03	7.5349e+02	-7.8502e+02	4.1577e+02	2.5547e+01	7.8755e+02	-8.8817e+02	-4.8291e+02	1.6074e+02	-8.5502e+01	6.3621e+02	-3.9436e+02	-6.5105e+02	1.6286e+02	2.2614e+02	-1.4787e+03	-8.6972e+02	-1.0893e+02
6.0000e+04	8.4092e+02	8.5350e+02	3.7898e+02	-1.1142e+03	-2.8568e+02	1.8764e+03	-1.9728e+03	1.2870e+02	3.1483e+02	3.4880e+02	1.5719e+03	-1.1642e+03	-2.0516e+03	-1.7047e+03	-5.0726e+02	6.9118e+02	-3.3303e+01	-5.6721e+02	-1.1038e+03	6.2201e+02	7.5990e+02	-4.6025e+02	-3.0973e+02	-1.1856e+03	-1.3055e+03	-2.6785e+02	-1.2836e+03	2.8431e+02	1.2027e+03	-1.6239e+02	7.5833e+02	-1.2829e+03	-2.6661e+03	-6.2116e+02	9.6445e+01	8.6302e+02	7.6283e+02	4.8087e+02	6.8162e+02	-2.4413e+02	2.6916e+00	3.5716e+02	-8.0241e+01	2.6177e+02	2.4583e+02	1.2925e+03	-1.1698e+02	4.1576e+02	-6.2320e+02	-1.0698e+03	4.4326e+02	-6.8006e+02	-6.9704e+01	1.5710e+03	7.2687e+02	9.7563e+02	6.8733e+02	-2.1321e+03	-4.3400e+02	9.4410e+02	-8.4268e+02	1.7304e+02	4.8731e+02	4.2267e+02	5.7885e+02	-1.1264e+03	1.4186e+03	-1.7324e+03	-9.0001e+02	-3.4063e+01	1.8077e+02	6.3911e+02	-2.3060e+02	-1.3853e+02	-1.3138e+03	6.7920e+02	3.8518e+02	-5.6434e+02	1.0053e+03	1.5796e+03	-3.5503e+02	-5.3901e+02	1.6758e+02	1.4558e+03	3.5691e+02	-6.9288e+02	-1.5674e+03	-1.2224e+03	5.2400e+02	-1.2220e+03	1.6477e+02	-1.1225e+03	3.6976e+02	6.7262e+02	4.5839e+02	1.0913e+03	-2.0497e+01	-1.4451e+03	-9.7894e+02	-2.0772e+01	-6.5388e+02	-8.4588e+02	4.3920e+02	-2.7176e+01	1.1312e+03	-2.5323e+02	-3.4301e+02	1.7763e+02	-1.4200e+03	-3.8325e+02	-7.6614e+02	-1.0035e+03	-1.6469e+03	2.6943e+02	-5.1356e+02	-9.8002e+02	1.0208e+02	8.0456e+02	8.3613e+01	-4.0970e+02	-5.5129e+02	4.8428e+02	7.4506e+02	5.3629e+02	-7.2576e+02	-5.8381e+02	-4.5044e+02	-4.0412e+02	-9.0783e+02	-2.5027e+02	6.5217e+02	3.5188e+02	7.4372e+02	6.2367e+02	-3.6740e+01	1.3843e+02	9.5208e+02	-1.1829e+02	-8.6231e+02	-6.3924e+02	-1.3855e+03	-2.1752e+03	-1.7594e+02	2.2569e+02	-1.2732e+03	-1.7613e+02	-3.0472e+02	-1.2492e+03	7.5823e+02	-5.3838e+02	-1.7649e+03	-7.5145e+01	-1.2932e+03	4.5294e+02	-1.1455e+03	-3.2220e+02	-7.7005e+02	-7.8198e+02	9.1658e+02	8.1684e+02	-7.6110e+02	5.9492e+01	-3.2774e+01	-8.2119e+02	4.4291e+02	9.0345e+02	-2.1908e+01	1.0105e+03	-8.6018e+02	-2.1777e+03	-1.3868e+03	-6.3997e+02	2.3790e+02	-7.5763e+02	-8.9112e+02	5.8467e+02	-2.0406e+02	-7.9088e+02	3.2395e+02	-1.1220e+03	7.1834e+02	1.0425e+03	-3.7245e+02	-3.4951e+02	1.1376e+03	4.0157e+02	6.0039e+02	1.4396e+03	-8.6092e+02	-5.6150e+02	-3.0864e+02	4.3793e+02	-1.0177e+03	2.3258e+01	-1.8552e+03	3.0810e+02	-7.0688e+01	8.3111e+02	1.6061e+03	1.2877e+03
8.0000e+04	-1.2451e+03	-1.1186e+01	9.8732e+02	-1.8481e+03	1.2218e+02	4.0048e+02	-6.5147e+02	-4.2969e+02	-3.8042e+02	1.2436e+03	-9.0926e+01	1.2977e+02	1.2443e+03	-7.5491e+02	-6.5769e+02	-2.6502e+02	1.9606e+02	-2.4718e+01	9.0604e+02	4.4900e+02	6.4544e+01	7.8954e+01	-1.6229e+02	6.0379e+02	3.6979e+02	-1.1343e+02	-2.4598e+02	3.8113e+02	-1.7843e+03	1.0459e+03	-8.3294e+02	6.2119e+02	-5.3791e+01	-1.3628e+03	-1.5062e+03	1.5770e+03	4.2763e+02	-1.1412e+03	4.6511e+02	7.9046e+02	-4.3996e+02	-4.2397e+02	8.4857e+02	-9.9382e+01	1.1796e+03	1.0375e+03	-6.9113e+02	-9.8388e+02	4.6727e+02	2.5014e+02	-2.3370e+00	5.8393e+01	-5.6362e+02	8.2466e+02	-1.3260e+03	6.1353e+02	-6.5104e+02	-1.2597e+02	8.2729e+02	1.0522e+03	1.0522e+03	-8.9307e+02	1.7782e+01	5.9484e+02	-1.6039e+02	-7.1860e+02	-3.1674e+02	7.9442e+02	1.2704e+03	-9.6616e+02	7.9253e+02	-8.3774e+02	-9.0228e+02	-2.1414e+02	2.7120e+01	-2.9903e+02	-3.6904e+02	1.7312e+03	-5.7491e+02	4.4822e+02	5.9156e+02	1.3326e+03	1.1107e+03	-4.9665e+02	-4.0746e+02	-4.8601e+02	-4.7622e+02	-4.3915e+02	-5.4235e+02	5.2105e+01	-1.7262e+02	6.9247e+02	4.4951e+02	4.0786e+02	-2.0031e+01	-2.4000e+01	1.1580e+03	-1.2509e+02	-7.0356e+01	-3.7940e+02	1.8352e+03	6.2817e+02	1.7308e+02	5.9248e+02	1.2342e+03	2.8878e+02	5.5567e+02	-3.7194e+02	7.2057e+02	1.2996e+02	7.4444e+02	8.1123e+02	-5.0721e+02	2.7798e+02	4.9136e+01	-1.1359e+03	7.8831e+02	-2.1862e+02	8.7034e+02	-3.0090e+02	5.6068e+02	1.2972e+03	3.1891e+02	-1.3315e+03	-9.8486e+02	1.2795e+03	-5.3987e+02	4.8177e+02	1.9884e+02	-3.9506e+01	-6.1073e+02	-8.0881e+02	5.2253e+02	-1.0272e+03	-3.0261e+02	6.4350e+02	-9.9101e+01	-1.6195e+02	-3.5143e+02	1.3024e+01	-8.5247e+02	-6.0201e+02	-1.6936e+02	-1.3492e+03	9.8564e+02	-5.6495e+02	8.3303e+02	2.0755e+02	9.0406e+02	-4.9521e+02	3.1933e+02	-4.4948e+02	7.5142e+01	-4.2377e+02	-3.3825e+01	1.1228e+02	-6.4268e+02	-1.2161e+03	4.8481e+02	7.8700e+02	2.7008e+02	8.7378e+02	-4.6912e+02	-1.8323e+03	2.0755e+02	4.1877e+02	1.3853e+03	-3.6891e+02	-3.2426e+02	-4.9513e+02	8.4282e+02	1.0576e+03	1.1158e+03	-9.2423e+02	-3.6456e+02	-6.3074e+02	4.7553e+02	-9.8112e+02	-2.1495e+02	-1.0583e+03	9.4112e+02	-6.9841e+01	-4.6652e+02	8.2584e+02	-1.3691e+03	1.2891e+02	3.4678e+02	5.2549e+02	-6.6155e+02	3.3229e+02	1.0016e+01	3.1266e+02	7.3763e+02	-4.6325e+02	-1.8891e+02	4.7070e+02	-3.8472e+02	-9.6491e+02	-1.2883e+03	-5.2959e+02
8.0000e+04	1.2731e+03	1.4229e+03	2.5368e+02	-2.0380e+03	-1.5326e+02	1.9333e+03	-2.1766e+03	1.2029e+03	-1.9425e+01	-2.3745e+02	1.9968e+03	-1.4143e+03	-2.2768e+03	-2.4457e+03	-7.0858e+02	1.5997e+02	-1.0104e+02	-6.6512e+02	-1.5738e+03	1.3668e+03	4.2521e+02	-1.0045e+03	-4.9212e+02	-8.0930e+02	-1.4121e+03	-6.9699e+00	-1.4474e+03	-3.0820e+02	2.4212e+03	-3.2350e+02	4.7737e+02	-1.5352e+03	-1.9291e+03	-3.8894e+02	-5.0071e+02	1.2930e+03	9.9645e+02	9.0605e+02	8.3851e+02	-8.3267e+02	1.4710e+02	1.7849e+02	6.2061e+02	-5.5725e+02	-1.7958e+02	9.1420e+02	-3.4921e+01	4.4744e+02	-1.0392e+03	-8.1526e+02	1.4285e+03	-4.9791e+02	1.1348e+03	1.6963e+03	1.7165e+03	8.3544e+02	8.9795e+02	-2.0423e+03	-8.6259e+02	9.7729e+02	-1.2745e+03	-3.3239e+02	3.6120e+02	1.1003e+03	1.4634e+03	-4.5729e+02	1.9409e+03	-1.7868e+03	-8.0539e+02	-7.8255e+02	4.2763e+02	-2.2882e+02	-6.2267e+02	-1.4286e+02	-2.3687e+03	-1.4204e+02	-1.9031e+02	3.8581e+02	8.7197e+02	1.8759e+03	2.5514e+02	4.6000e+01	1.2140e+02	1.4015e+03	-5.7269e+01	-6.2877e+02	-2.4108e+03	-3.1236e+02	-8.6326e+01	-1.5640e+03	9.2551e+02	-6.8174e+02	8.9540e+02	-7.6141e+01	6.2078e+02	1.6049e+03	-2.4352e+02	-9.8730e+02	-1.0472e+03	-1.0248e+02	4.3484e+02	-9.6580e+02	3.5147e+02	-1.7931e+02	1.3393e+03	3.5047e+02	-2.7910e+02	5.2081e+02	-1.6041e+03	4.7716e+01	-8.0923e+02	-9.4951e+02	-5.7730e+02	7.6696e+02	-7.2975e+02	-1.4384e+03	1.6175e+02	1.3659e+03	-2.3677e+02	-3.4427e+01	-1.8997e+01	1.1996e+03	9.3291e+02	-2.0146e+02	2.1369e+02	-7.5266e+01	-1.6329e+03	-6.8624e+02	-5.2361e+02	-5.3052e+02	-2.0399e+02	-4.5943e+01	6.3191e+02	2.7593e+02	5.0013e+02	-6.4680e+02	3.7564e+02	-1.5109e+03	-2.4470e+02	-1.3903e+03	-2.4461e+03	-1.9885e+03	7.2004e+00	8.3794e+02	-9.9984e+02	3.9561e+02	-6.3128e+02	-6.4321e+02	5.6764e+02	-2.8344e+02	-1.2553e+03	4.9858e+02	-1.6344e+03	4.3382e+02	-4.5570e+02	-8.7354e+02	-2.1526e+02	-8.8675e+02	1.2113e+02	1.2041e+03	-1.1008e+03	-1.6001e+02	-2.4991e+01	-1.5719e+03	4.2799e+02	-3.8600e+01	-3.1605e+02	8.5432e+02	-7.9106e+02	-1.4065e+03	-1.5461e+03	2.2115e+02	1.2809e+03	-1.6020e+03	-1.3617e+03	-6.9191e+02	2.4656e+02	-4.5695e+02	-4.7854e+02	-1.5218e+03	2.0961e+03	2.5264e+03	-5.0338e+02	-1.0072e+03	9.8539e+02	2.2354e+02	-1.0189e+02	6.0476e+02	-6.5475e+02	-2.9838e+02	-7.6047e+02	3.3120e+02	-1.3902e+03	4.0340e+02	-1.8342e+03	1.2069e+03	-8.4084e+02	6.3913e+02	8.5942e+02	1.0774e+03
1.0000e+05	-1.0596e+03	2.6809e+02	1.2135e+03	-1.8175e+03	3.2860e+02	4.0313e+02	-5.7070e+02	3.5865e+02	-1.2206e+01	1.5858e+03	5.9785e+02	-3.9272e+02	1.5327e+03	-1.0087e+03	-4.5543e+02	-6.5259e+02	2.0904e+02	-4.8604e+02	6.4370e+02	-1.5929e+02	3.8401e+02	-5.0114e+02	-5.1008e+01	5.5162e+02	-1.9829e+02	1.1718e+02	7.1223e+02	6.2468e+02	-1.5007e+03	7.3559e+02	-4.1345e+02	5.0321e+02	-4.9721e+02	-1.0922e+03	-1.6595e+03	1.2302e+03	7.9708e+02	-8.7300e+02	3.0551e+01	2.9363e+02	-9.2348e+02	-2.3780e+02	1.4008e+03	1.3828e+02	9.3427e+02	6.5601e+02	-5.8774e+02	-1.0864e+03	5.2102e+02	3.0148e+02	-3.0378e+01	-3.5868e+02	-7.6530e+02	7.7612e+02	-2.1324e+03	2.6403e+02	-5.3055e+02	-3.0408e+02	1.3147e+03	9.6225e+02	1.1366e+03	-4.8020e+02	2.9268e+02	1.0910e+02	-3.0230e+02	-6.8738e+02	-1.3209e+03	1.3357e+02	1.9223e+03	-1.6305e+03	4.9568e+02	-8.9408e+02	-1.5132e+03	-8.1018e+02	3.4835e+01	-3.3736e+02	-2.8264e+02	1.1720e+03	-6.4748e+02	7.9108e+02	2.3480e+02	1.5421e+03	1.3660e+03	-9.3028e+02	-9.2433e+02	-3.3173e+02	-1.0150e+03	-4.9714e+02	-2.3546e+02	3.6760e+02	-8.1742e+01	6.7480e+02	-1.1522e+02	-1.5184e+02	4.9446e+02	-6.0456e+02	1.2675e+03	3.7739e+02	-6.2443e+01	-3.9479e+02	1.2219e+03	6.6081e+02	-3.0409e+02	4.5381e+02	1.2245e+03	3.7736e+02	1.0380e+03	-2.6359e+02	2.7394e+02	-5.1055e+02	6.2670e+02	8.3697e+02	-7.7409e+02	2.1536e+02	4.9332e+00	-1.8151e+03	1.0077e+03	5.2574e+02	1.2580e+03	3.5251e+02	2.6034e+02	1.1968e+03	-4.5429e+02	-6.1130e+02	-1.2511e+03	1.7680e+03	-9.0173e+02	1.5287e+03	-1.2316e+02	1.0351e+02	-1.0520e+03	-6.7018e+02	1.1071e+03	-1.7767e+03	-5.0149e+02	1.2168e+03	-1.9593e+01	-5.1673e+02	-8.9276e+02	1.5103e+02	-9.1391e+02	-8.0074e+02	1.9586e+02	-1.7055e+03	7.6771e+02	-4.0882e+02	9.6575e+02	3.4139e+02	1.1963e+03	-2.1693e+02	2.3131e+02	-6.6085e+02	3.2848e+02	-4.3349e+02	-1.9225e+02	6.6143e+02	-1.1238e+03	-1.2316e+03	2.5169e+02	8.2963e+02	1.7779e+02	1.0199e+03	-4.8761e+02	-1.7778e+03	6.2659e+02	-3.9325e+02	1.5771e+03	-3.2767e+02	-4.1528e+02	-8.0915e+02	1.0315e+03	6.6419e+02	1.0085e+03	-9.6434e+02	1.7567e+01	-7.4798e+02	8.8434e+02	-1.1264e+03	8.9631e+00	-1.3184e+03	6.4221e+02	3.4249e+02	-6.0234e+02	1.1764e+03	-1.5008e+03	3.4392e+02	9.9574e+01	-1.0534e+02	-3.2769e+02	2.1951e+02	-4.5238e+02	5.8880e+02	5.4608e+02	-4.0411e+02	5.7303e+01	8.0591e+02	-9.3793e+01	-1.7324e+03	-1.6330e+03	-1.0675e+03
1.0000e+05	1.7438e+03	1.3717e+03	2.7933e+02	-1.6904e+03	-1.3421e+02	4.6122e+02	-1.9603e+03	1.3195e+03	-5.6443e+02	5.1184e+02	2.0322e+03	-1.4762e+03	-2.4324e+03	-2.5926e+03	-4.4770e+02	-3.5801e+02	-6.6256e+02	-7.3046e+02	-2.1429e+03	1.7385e+03	7.3483e+00	-8.1772e+02	-2.7809e+02	-2.5601e+02	-2.1625e+03	1.7593e+02	-1.2338e+03	-1.3786e+03	1.8573e+03	1.2824e+02	6.6341e+02	-1.5032e+03	-2.0235e+03	5.6552e+02	-5.5430e+02	-1.3587e+02	5.4620e+02	1.0106e+03	1.4816e+03	-1.5647e+03	3.8532e+02	-8.4550e+01	3.9262e+02	-9.4200e+02	-9.1144e+02	1.1305e+03	3.0702e+02	7.5457e+02	-1.6234e+03	-2.1188e+03	1.2471e+03	-3.2037e+02	9.8889e+02	6.5571e+02	7.8363e+02	9.1887e+02	1.0426e+03	-1.7009e+03	-1.1269e+03	1.5008e+03	-8.4721e+02	-2.1419e+02	7.3492e+01	5.3445e+02	2.2813e+03	-1.3402e+03	1.8175e+03	-1.4857e+03	-3.5184e+02	4.1713e+02	6.3102e+02	-6.6460e+02	2.3772e+02	-3.1178e+02	-1.4867e+03	7.5833e+01	-5.4571e+01	9.7331e+02	7.9394e+02	2.2846e+03	1.1411e+03	-4.2956e+02	4.4227e+02	5.8496e+02	1.2376e+02	5.2880e+02	-1.4886e+03	-2.5513e+02	-4.0381e+02	-1.5594e+03	7.6831e+02	-1.6456e+02	5.8425e+02	2.8906e+02	2.5486e+02	1.3232e+03	-6.3592e+02	-7.5535e+02	-9.0190e+01	-1.4005e+02	6.8426e+01	-7.3361e+02	1.1614e+03	-1.1869e+03	1.3435e+03	2.8780e+02	-8.1541e+02	1.0135e+03	-1.7854e+03	3.6173e+02	-5.9103e+02	-1.2658e+03	-7.4749e+02	1.5400e+03	-1.1868e+03	-9.1457e+02	2.3295e+02	7.6070e+02	-1.2366e+02	-7.8462e+02	8.0599e+02	2.4338e+02	1.6704e+03	-3.0310e+01	9.8633e+02	-9.0389e+02	-2.2418e+03	-8.2084e+02	-5.7820e+02	-9.0628e+02	-7.9844e+02	-4.2456e+01	1.0563e+03	5.8750e+02	4.1296e+02	-8.8742e+02	3.0244e+01	-8.1298e+02	4.3540e+02	-1.9581e+03	-3.1001e+03	-2.4945e+03	6.6819e+02	3.7930e+02	-1.1720e+03	1.5009e+03	-7.0478e+02	-7.3055e+02	7.1752e+02	-6.7512e+02	-8.7608e+02	5.3818e+02	-1.5469e+03	7.7372e+02	-3.8711e+02	-5.5685e+02	-3.7494e+02	-9.8595e+02	-1.3540e+03	1.2211e+03	-1.8216e+03	1.1774e+03	1.2788e+02	-7.7536e+02	5.4977e+02	8.3558e+02	-7.8459e+02	1.1837e+03	5.0726e+02	-1.8039e+03	-1.3325e+03	5.8142e+02	1.4794e+03	-1.5875e+03	-5.4533e+02	-5.3319e+02	-1.5328e+02	-2.9293e+02	-1.4500e+03	-1.4347e+03	2.1094e+03	2.5823e+03	-1.1790e+03	-4.8228e+02	-2.0491e+02	2.1111e+02	-1.7994e+02	1.0262e+03	-2.9836e+02	-2.3397e+01	-1.0747e+02	3.5526e+02	-1.0470e+03	-2.8739e+02	-2.6531e+03	1.4103e+03	-1.6541e+03	3.6341e+02	1.5923e+03	5.4762e+02
1.2000e+05	-1.1805e+03	5.0105e+01	9.7230e+02	-1.3284e+03	3.4722e+02	3.6722e+02	-8.1199e+02	-8.3579e+01	5.6727e+01	1.5648e+03	4.1057e+02	3.3155e+02	1.4133e+03	-1.1658e+03	-4.8630e+02	-3.0583e+02	1.4410e+02	-7.8059e+02	6.0950e+02	-2.9484e+02	-1.4662e+02	-9.1677e+02	4.0506e+02	7.8009e+02	-1.3515e+02	3.2317e+01	5.9510e+02	-1.6686e+02	-1.6878e+03	6.2040e+02	-2.5108e+02	5.2148e+02	8.8043e+01	-1.3634e+03	-2.0776e+03	1.3454e+03	3.7398e+02	-6.2788e+02	2.2145e+02	2.4131e+02	-9.8229e+02	9.7755e+01	1.9898e+03	4.5728e+02	8.1194e+02	1.1140e+03	-2.3511e+02	-9.1075e+02	1.7523e+02	3.4174e+02	-3.4603e+02	2.3194e+01	-1.2663e+03	-1.0953e+02	-1.8300e+03	2.3973e+01	-2.7097e+02	-2.6129e+02	5.7818e+02	5.4120e+02	1.0554e+03	-6.6738e+02	3.0814e+02	6.5048e+02	4.2050e+02	-7.9921e+02	-1.4790e+03	3.5487e+02	1.4657e+03	-1.7803e+03	-1.0530e+02	-9.6635e+02	-1.2419e+03	-7.4520e+02	1.9988e+02	-5.9424e+02	3.6783e+02	1.9575e+03	-1.0735e+03	6.9226e+02	3.2265e+02	1.6862e+03	1.1279e+03	-3.7065e+01	-1.3044e+03	-3.7722e+02	-6.9281e+02	-1.1874e+02	-6.2648e+01	9.2868e+02	3.6275e+02	-2.3727e+02	2.3922e+02	2.8476e+01	1.2164e+03	-1.5947e+02	1.3305e+03	3.2896e+02	-3.3818e+02	-1.6257e+02	1.1547e+03	3.9354e+02	-4.1798e+02	8.6606e+02	1.2460e+03	1.6044e+02	3.4841e+02	-9.3416e+02	1.6521e+02	-8.3532e+02	8.5247e+02	2.8112e+02	-8.9300e+02	3.6648e+02	7.8281e+02	-1.6075e+03	1.4264e+03	1.3114e+03	1.5014e+03	2.3772e+02	-5.3895e+01	1.0545e+03	1.3679e+01	-5.8986e+02	-1.8109e+03	1.9501e+03	-8.9849e+02	1.1195e+03	3.8023e+02	5.8123e+02	-9.3339e+02	-6.6483e+02	8.3635e+02	-2.2974e+03	3.9960e+02	1.4777e+03	7.5131e+02	-3.8149e+02	-5.5164e+02	-3.5337e+01	-1.1189e+03	-4.1704e+02	2.8690e+02	-1.5609e+03	1.4899e+03	1.7900e+02	8.4248e+02	3.9128e+02	1.4432e+03	-1.7924e+02	1.2041e+02	-4.5811e+02	3.2385e+02	-4.5871e+02	-2.3038e+02	9.1746e+02	-7.2227e+02	-9.5583e+02	-3.7909e+02	8.1179e+02	-5.6683e+02	1.0769e+03	-2.3798e+02	-1.9612e+03	7.9703e+02	1.3512e+01	1.6072e+03	-1.2123e+02	-8.3837e+02	-7.1344e+02	1.0543e+03	8.4696e+02	7.1332e+02	-1.1700e+03	-2.7912e+02	-1.4167e+03	1.2999e+03	-9.5652e+02	8.9296e+01	-1.8004e+03	7.6687e+02	4.0079e+02	-6.4219e+02	2.2152e+03	-1.5660e+03	3.7170e+02	-1.6259e+02	4.6941e+02	-5.0606e+02	-2.0881e+02	-5.3834e+02	3.8888e+02	7.5120e+02	-1.3071e+02	6.0376e+01	1.5410e+03	-3.8569e+02	-1.1675e+03	-5.5598e+02	-1.6535e+03
1.2000e+05	1.1530e+03	3.9628e+02	-1.2321e+02	-1.9606e+03	4.5150e+02	3.3109e+02	-1.0900e+03	2.2462e+03	3.9123e+01	2.8128e+02	1.8530e+03	-1.1936e+03	-2.3904e+03	-4.1024e+03	-4.2950e+02	-1.2607e+03	-6.0788e+01	-1.0357e+02	-1.2055e+03	1.5327e+03	-3.4151e+02	-5.1028e+02	-2.9017e+02	-4.6204e+02	-2.6917e+03	9.1553e+02	-1.9786e+03	-1.1297e+03	1.8529e+03	5.7389e+02	1.3462e+02	-1.5984e+03	-2.9470e+03	7.9917e+02	-1.4927e+03	1.1755e+02	9.4567e+02	1.5659e+03	1.8338e+03	-1.6587e+03	6.8531e+02	4.5679e+02	5.4597e+02	-2.6825e+02	-2.4948e+02	1.0810e+03	3.2798e+02	1.1244e+03	-1.0965e+03	-3.0723e+03	1.9894e+03	1.4025e+02	1.0726e+02	5.7978e+02	9.5888e+02	-5.4375e+02	6.3245e+01	-1.7688e+03	-3.6181e+02	4.8486e+02	-9.5781e+01	-9.9560e+02	3.3801e+02	8.1407e+02	1.9054e+03	-2.0064e+03	9.1417e+02	-1.8120e+03	-2.3692e+02	-4.8992e+01	1.0952e+03	-7.6545e+02	1.0436e+03	-4.6496e+02	-2.1806e+03	3.2442e+02	3.0818e+02	1.3585e+03	1.2483e+02	2.2519e+03	1.3530e+03	2.2986e+02	7.1445e+02	1.7096e+02	2.1381e+02	1.0442e+03	-1.5655e+03	-8.1954e+02	-4.8823e+02	-2.5776e+03	1.8301e+03	1.8797e+02	7.3909e+02	-6.0796e+02	1.9537e+03	5.0167e+02	-6.6332e+02	-1.7074e+02	-1.6829e+02	-4.7036e+02	-3.9958e+02	-4.2524e+02	1.4221e+03	-1.9613e+03	1.3763e+03	2.4366e+02	-7.6437e+02	1.0164e+03	-2.1448e+03	-1.3066e+02	-7.1531e+02	-1.9933e+03	-7.0632e+02	2.5097e+03	-6.7552e+02	-1.0551e+03	-1.6562e+02	8.4626e+02	-1.9926e+02	-4.8686e+02	9.8328e+02	-1.2323e+02	1.0229e+03	8.2591e+01	5.3333e+02	-1.4048e+03	-1.8805e+03	-1.4889e+03	-9.4732e+02	-1.6111e+03	-1.5999e+03	-9.0654e+02	1.0205e+03	-2.0750e+02	4.3348e+02	-9.0219e+02	7.7918e+01	-1.2395e+03	4.3355e+02	-2.3047e+03	-3.5651e+03	-2.0591e+03	5.9208e+02	1.4352e+03	-1.0477e+03	1.0733e+03	-3.7564e+02	-3.5655e+02	8.0649e+02	-1.2672e+02	-9.8049e+02	8.8449e+02	-1.7657e+03	1.1714e+03	-9.2782e+02	-6.9697e+02	4.8016e+02	-1.1275e+03	-1.7770e+03	1.9605e+03	-1.2604e+03	1.7495e+03	-1.1307e+01	-6.1801e+02	1.8070e+03	8.3252e+02	-6.5745e+02	1.7214e+03	3.2024e+02	-2.1477e+03	-2.0695e+03	1.2824e+03	2.1804e+03	-1.3343e+03	-8.6761e+02	-1.2616e+02	-8.7649e+01	2.9030e+02	-1.9156e+03	-1.2450e+03	2.2589e+03	2.1186e+03	-7.2735e+02	-5.9830e+02	-9.0187e+02	3.2497e+02	-1.9037e+02	6.7714e+02	3.0039e+02	1.5331e+02	4.3228e+01	5.4859e+02	-1.5782e+03	-1.4084e+03	-3.8717e+03	1.7585e+03	-7.6692e+02	5.0688e+02	1.8389e+03	-4.4002e+02
1.4000e+05	-1.4855e+03	1.2736e+02	6.7425e+02	-1.3894e+03	1.6201e+01	3.7380e+02	-1.1545e+03	3.0522e+01	-6.0151e+02	2.0440e+03	-2.8034e+02	6.8012e+02	1.3969e+03	-1.7415e+03	-8.8891e+02	-1.8085e+02	4.0180e+02	-9.5102e+02	7.3495e+02	-2.0351e+02	1.6686e+02	-6.6234e+02	5.8701e+02	7.5929e+02	-4.4412e+02	-2.3425e+02	6.9235e+02	-6.2053e+01	-2.2126e+03	1.1750e+02	-1.2459e+02	3.3839e+02	-7.6859e+01	-1.4255e+03	-1.5536e+03	1.2968e+03	8.3272e+02	-3.6536e+02	-2.6154e+02	3.1010e+02	-9.4033e+02	5.8552e+02	1.9863e+03	7.2365e+02	1.0279e+03	4.7754e+02	3.8911e+02	-9.8323e+02	1.5697e+02	7.2611e+02	9.6986e+01	2.9299e+02	-6.8481e+02	-1.2100e+02	-1.6974e+03	1.5125e+02	9.7069e+01	-1.0703e+02	2.0940e+02	5.7916e+02	8.3803e+02	-4.9996e+02	2.6204e+02	1.5331e+02	4.4185e+02	-1.3967e+03	-1.4086e+03	3.3396e+01	1.5709e+03	-7.7623e+02	-5.9317e+02	-9.5575e+02	-1.9235e+03	-7.1316e+02	2.6188e+02	-1.0363e+02	1.2317e+03	2.3069e+03	-9.9740e+02	6.3906e+02	5.1689e+02	1.6885e+03	5.9207e+02	3.9869e+02	-1.5501e+03	-2.9038e+02	-5.1275e+02	6.4879e+01	-4.3106e+02	8.7899e+02	3.7298e+02	-6.0460e+02	-2.3796e+02	-3.0218e+02	1.0461e+03	-5.6343e+02	1.2145e+03	1.0938e+02	-5.6776e+02	7.2036e+01	1.4176e+03	2.8527e+02	-1.9913e+02	5.3342e+02	9.9204e+02	6.4834e+01	-8.3049e+00	-1.1373e+03	-6.2091e+02	-6.9491e+02	5.4546e+02	7.9345e+01	-8.4109e+02	2.0365e+02	4.8645e+02	-1.3581e+03	1.9856e+03	1.6562e+03	1.3560e+03	6.8115e+02	-5.6538e+01	1.1720e+03	3.7354e+02	-1.2460e+03	-2.4484e+03	1.9744e+03	-1.8312e+03	1.1028e+03	6.3308e+02	1.4293e+03	-8.8067e+02	-4.2898e+02	8.8988e+02	-2.5052e+03	-2.0986e+02	1.2480e+03	2.0092e+02	-1.1956e+03	-1.1923e+03	-4.0324e+02	-1.3530e+03	2.8687e+01	1.9651e+02	-1.8595e+03	1.4379e+03	3.9780e+02	6.5034e+02	3.6824e+02	1.2167e+03	-4.4125e+02	3.2542e+02	-2.8754e+02	-4.8598e+02	-5.1586e+02	-1.0579e+02	1.1442e+03	-4.2817e+02	-1.3437e+03	-3.4469e+02	8.5063e+02	-7.6949e+02	6.6696e+02	-8.1034e+02	-2.1377e+03	7.2432e+02	-6.4312e+02	1.9444e+03	-1.8503e+02	-6.3627e+02	-4.0696e+02	1.6205e+03	1.1896e+03	6.9384e+02	-1.5000e+03	-4.0113e+02	-2.0359e+03	1.3369e+03	-1.7083e+03	-1.3291e+02	-1.4519e+03	3.3007e+02	5.5494e+02	-5.8848e+02	1.8098e+03	-1.8814e+03	5.1321e+02	3.5064e+02	5.0916e+02	-2.4443e+02	-4.6280e+02	-4.0046e+02	6.8526e+02	6.1266e+02	-7.2674e+02	-6.9190e+01	1.3640e+03	1.1850e+01	-1.1704e+03	-7.9971e+02	-1.0939e+03
1.4000e+05	6.0690e+02	9.7765e+02	6.0006e+01	-1.9095e+03	5.3436e+02	-1.0783e+03	-8.5135e+02	1.9394e+03	-1.2949e+02	1.7139e+03	1.5742e+03	-1.2090e+03	-2.4402e+03	-4.2064e+03	-2.9508e+02	-1.5520e+03	-5.8793e+02	-1.2130e+02	-7.1236e+02	1.2629e+03	3.6211e+02	-1.3560e+03	-1.1471e+02	-8.7895e+02	-2.9103e+03	8.3512e+02	-1.5809e+03	-2.0578e+03	2.4811e+03	9.8619e+01	1.8508e+01	-1.5766e+03	-2.9205e+03	6.6219e+02	-1.3009e+03	-3.8661e+02	5.9577e+02	1.9477e+03	2.0238e+03	-1.4919e+03	8.2004e+02	1.3820e+03	5.7350e+02	-6.4719e+02	-6.8925e+00	1.8176e+03	4.6355e+02	2.2137e+03	-1.3463e+03	-2.9534e+03	1.9479e+03	-6.7134e+02	-1.0958e+03	3.9470e+02	1.1562e+03	-1.3667e+03	3.3894e+02	-1.8133e+03	-1.3850e+03	3.8227e+02	-7.3104e+02	-6.0003e+02	7.9583e+02	2.1277e+02	1.7284e+03	-1.2845e+03	1.0405e+03	-2.0435e+03	-1.0477e+02	2.3071e+02	7.3868e+02	-1.5214e+03	5.7563e+02	-4.6169e+02	-1.9007e+03	-4.2990e+02	-6.4429e+02	8.6999e+02	-2.3905e+02	1.8104e+03	1.3772e+03	1.7787e+02	1.1530e+02	1.0895e+03	-1.6146e+02	1.6979e+03	-1.2477e+03	-8.5319e+02	-6.2623e+02	-2.7837e+03	1.5458e+03	3.3894e+02	1.3445e+03	-1.0686e+03	1.7402e+03	5.2124e+02	-7.9691e+02	-1.0571e+03	-7.4216e+02	-4.6134e+02	-1.4953e+02	-1.7807e+02	2.3203e+03	-3.2028e+03	1.3596e+03	4.8948e+02	-8.7074e+02	1.5118e+03	-2.1405e+03	-6.2430e+02	-9.4368e+02	-1.3906e+03	-8.4530e+02	2.1749e+03	-1.4422e+03	3.5677e+02	-3.5296e+02	2.1702e+03	-3.5355e+02	-6.2699e+02	7.9017e+02	-5.7727e+02	5.0490e+02	3.8965e+02	5.7523e+02	-8.4023e+02	-1.3857e+03	-1.6794e+03	-5.2921e+02	-1.3677e+03	-1.6567e+03	-1.7656e+02	8.0938e+02	6.2852e+01	4.8457e+02	-8.0662e+02	-1.6847e+02	-1.6618e+03	-5.2087e+02	-1.8758e+03	-3.7220e+03	-1.8249e+03	4.0377e+02	1.7741e+03	-6.4935e+02	1.3968e+03	-1.4840e+02	-4.9073e+02	9.3154e+02	-1.1849e+03	-1.4552e+03	3.5746e+02	-1.6633e+03	1.4684e+03	-8.1170e+02	-5.2186e+02	1.0408e+03	-1.5002e+03	-7.0561e+02	1.1916e+03	-1.3638e+03	1.2760e+03	-2.2571e+02	-1.0112e+03	5.4537e+02	3.0369e+02	-3.3668e+02	3.1253e+03	2.0970e+02	-1.3982e+03	-2.1522e+03	1.3588e+03	1.9827e+03	-7.1251e+02	-1.4345e+03	2.2227e+02	-6.0713e+02	-6.5948e+02	-1.7711e+03	-6.0589e+02	2.1369e+03	1.0663e+03	-2.1863e+02	-9.2895e+02	-8.2868e+02	-1.3653e+02	-6.5162e+01	4.0431e+01	-4.6219e+02	9.4709e+02	-2.7973e+02	8.5687e+02	-1.5180e+03	-1.9754e+03	-3.9533e+03	8.8860e+02	-8.9600e+02	5.5859e+02	2.1486e+03	-9.6476e+02
1.6000e+05	-1.6242e+03	-3.5305e+02	2.9437e+02	-9.4849e+02	3.8938e+02	-3.0895e+02	-1.0110e+03	-5.6315e+01	-9.2022e+02	1.2357e+03	-3.7183e+02	6.4907e+02	1.2319e+03	-1.7822e+03	-7.9624e+02	-4.7754e+02	6.4382e+02	-1.4721e+03	9.4565e+02	-3.1689e+02	-4.9543e+02	-8.4153e+02	2.6104e+02	5.2032e+02	-4.5082e+02	-6.3843e+01	9.3229e+02	-2.3056e+02	-1.6430e+03	-2.4853e+02	3.1778e+02	2.8760e+02	-4.2062e+01	-2.0580e+03	-1.4396e+03	8.7881e+02	1.2385e+03	-7.0339e+02	-6.2330e+02	5.6493e+02	-8.6597e+02	-2.2427e+02	2.2154e+03	8.1748e+02	5.7004e+02	3.0218e+02	3.6950e+02	-1.1422e+03	7.7763e+02	9.0603e+02	7.6780e+02	5.0003e+02	-8.4984e+02	-8.3424e+01	-1.9840e+03	1.1357e+02	2.1262e+02	-1.0019e+02	-4.3679e+02	2.3619e+02	1.9064e+03	2.9103e+01	6.7391e+01	2.5501e+02	1.2445e+02	-8.7240e+02	-1.0688e+03	5.4223e+02	1.5141e+03	-1.3195e+03	-2.8618e+02	-6.1468e+02	-1.7753e+03	-1.0692e+03	5.8304e+02	-2.5490e+02	1.3542e+03	2.6908e+03	-1.9883e+03	1.2840e+03	1.1780e+03	2.1644e+03	4.0735e+02	5.6035e+02	-1.5915e+03	-1.4599e+02	-1.4636e+02	-3.1190e+01	7.5678e+01	1.0783e+03	7.0408e+02	-5.5268e+02	-5.9896e+02	7.3643e+02	1.1199e+03	-3.7435e+02	1.1321e+03	4.3334e+02	-4.3609e+02	2.3326e+02	1.4405e+03	5.3745e+02	-1.3378e+03	1.1516e+03	8.1009e+02	-7.2170e+01	1.9291e+02	-1.5929e+03	-3.1190e+02	-7.4657e+02	1.1043e+03	3.6673e+01	-7.7323e+02	2.9539e+02	4.6971e+02	-1.8080e+03	2.2416e+03	1.6012e+03	1.5818e+03	1.4627e+03	7.9605e+02	1.0358e+03	5.6269e+02	-6.9363e+02	-2.2754e+03	1.5868e+03	-1.2072e+03	1.3228e+03	-1.8133e+02	1.8485e+03	-8.1423e+02	1.6544e+02	1.0947e+03	-2.6465e+03	-4.7759e+02	9.2211e+02	-4.9387e+02	-1.5718e+03	-1.6990e+03	-1.0665e+02	-8.8156e+02	1.9941e+02	4.5133e+02	-1.9855e+03	1.4279e+03	5.2556e+02	3.2427e+02	6.1703e+02	1.1404e+03	-8.1552e+02	9.8374e+02	2.6489e+02	-4.7597e+02	-6.1433e+02	-3.6903e+02	8.7990e+02	-3.3590e+02	-1.6778e+03	-6.4758e+02	5.2393e+02	-3.5600e+02	5.4160e+02	-9.9921e+02	-2.1658e+03	6.0828e+02	-8.2698e+02	1.6112e+03	6.9728e+02	-7.1870e+02	-5.9624e+02	2.0311e+03	1.5812e+03	2.7515e+01	-1.6441e+03	-1.2850e+03	-1.4325e+03	8.3273e+02	-1.3639e+03	1.8238e+02	-1.2213e+03	1.4932e+02	7.7641e+02	-8.5030e+02	2.2022e+03	-2.0212e+03	5.2088e+02	1.1290e+03	2.9511e+02	-4.7230e+02	1.5834e+01	-1.1115e+03	3.8882e+02	3.2072e+01	-4.9730e+02	-5.4517e+02	1.3068e+03	-2.8130e+02	-1.3630e+03	-4.4227e+02	-1.3746e+03
1.6000e+05	1.0023e+03	5.6217e+02	5.9183e+02	-2.4544e+03	1.5146e+03	-1.4505e+03	-1.3862e+03	1.4196e+03	-3.3907e+02	2.1935e+03	1.1510e+03	2.3680e+00	-8.4647e+02	-4.1326e+03	-2.5629e+02	-1.7543e+03	-1.0302e+03	2.4459e+02	-1.3504e+03	1.4663e+03	8.4459e+02	-1.9430e+03	-5.3263e+02	-1.0038e+03	-2.9969e+03	1.1762e+03	-9.2461e+02	-1.8804e+03	2.3842e+03	-1.5143e+02	5.1802e+02	-1.8977e+03	-3.2459e+03	1.5430e+03	-1.7925e+03	4.8276e+02	6.4216e+02	1.7811e+03	2.2677e+03	-1.5604e+03	6.9093e+02	9.1063e+02	1.4364e+03	-1.5178e+03	-2.8893e+02	1.7111e+03	1.0439e+03	1.6191e+03	-8.2948e+02	-2.6702e+03	2.0174e+03	-6.2003e+02	-1.2749e+03	7.4399e+02	7.0769e+02	-2.1564e+03	5.3600e+02	-2.5576e+03	-2.1112e+03	9.8516e+02	-1.2266e+03	-1.4026e+02	3.6162e+02	-1.0165e+03	1.5744e+03	-2.5554e+03	1.2457e+03	-1.7805e+03	-3.1689e+02	-6.6254e+02	1.3375e+03	-1.5607e+03	1.4514e+03	-8.9406e+02	-1.8386e+03	-1.8646e+03	5.9000e+02	1.2332e+03	4.6921e+02	1.5038e+03	1.2582e+02	-2.8569e+02	-6.4633e+01	8.5678e+02	-5.9886e+02	1.6241e+03	-3.2577e+02	-4.0550e+02	-2.1419e+02	-2.6071e+03	1.8768e+03	3.6179e+02	1.7284e+03	-1.3504e+03	1.7387e+03	3.5929e+02	-1.5045e+03	6.2292e+01	-3.8717e+02	-2.1341e+02	-2.4975e+02	4.8859e+02	3.0359e+03	-3.1283e+03	2.1233e+03	4.3705e+02	-5.2750e+02	1.9779e+03	-2.5957e+03	3.9977e+02	-1.1465e+03	-1.6216e+03	-1.7818e+03	1.6004e+03	-1.8935e+03	1.0092e+03	-3.8621e+02	2.7259e+03	-3.5148e+02	-4.0191e+02	1.0589e+02	-1.3658e+02	-5.2608e+02	6.4799e+02	6.0603e+02	-3.9079e+02	-1.3106e+03	-1.6320e+03	7.0634e+01	-9.5325e+02	1.9092e+02	-5.5189e+02	5.3966e+02	-9.8819e+02	2.0164e+02	-1.4083e+03	-3.3995e+02	-8.2627e+02	-8.0309e+02	-2.2708e+03	-3.7664e+03	-1.7085e+03	5.4917e+02	1.4053e+03	-3.7339e+02	2.0069e+03	5.2323e+02	-7.3571e+02	1.2797e+03	-3.1287e+02	-4.3091e+02	-6.7122e+02	-2.5755e+03	1.2163e+03	-7.2798e+02	-5.7899e+02	1.2015e+03	-1.6034e+03	-7.2072e+02	8.7903e+02	-1.5689e+03	9.0858e+02	-3.7543e+02	-5.2473e+02	8.0048e+02	-9.5424e+01	-3.2357e+01	2.4395e+03	2.7561e+02	-8.2254e+02	-2.4210e+03	5.6071e+02	2.6027e+03	-3.1823e+02	-1.4224e+03	5.6308e+02	-1.2925e+03	-9.5874e+02	-2.4877e+03	-6.8573e+02	2.3428e+03	1.3300e+03	-5.8852e+01	-1.3142e+03	3.8169e+02	1.6478e+02	-4.8632e+02	1.5540e+02	2.5973e+02	9.0463e+02	-1.8451e+02	1.6547e+03	-1.7748e+03	-2.2619e+03	-5.0471e+03	3.9499e+02	-1.1521e+03	9.0948e+02	2.6693e+03	-9.2244e+02
1.8000e+05	-1.6470e+03	-3.9534e+02	8.4411e+02	-1.6943e+03	6.7173e+02	2.1779e+02	-7.1648e+02	-2.4382e+02	-6.3114e+02	8.4411e+02	-4.8055e+02	3.5398e+02	1.4500e+03	-1.2782e+03	-6.5627e+02	-5.5950e+02	9.8827e+02	-2.0490e+03	1.1543e+03	-1.2327e+02	-1.0840e+03	-1.5845e+02	5.7286e+02	3.9625e+02	-2.0572e+01	-6.1507e+01	1.7051e+03	-6.9198e+02	-1.4208e+03	5.1202e+01	-1.2778e+02	1.1163e+03	-3.6705e+02	-2.0575e+03	-1.4943e+03	8.8453e+02	1.5375e+03	-4.4719e+02	-8.1811e+02	5.9941e+01	-1.0676e+03	-5.2750e+02	2.7677e+03	9.0522e+02	1.0750e+03	1.1424e+03	1.4515e+03	-1.6541e+03	8.4555e+02	8.3462e+02	7.3995e+02	7.4623e+02	-1.0316e+03	-1.4448e+01	-2.0436e+03	3.6672e+02	8.7489e+01	8.4441e+02	-8.1437e+02	4.9602e+02	1.9069e+03	-2.1416e+02	4.0384e+02	3.9875e+02	-9.7676e+01	-9.0674e+02	-6.4356e+02	5.0002e+02	1.3350e+03	-6.1246e+02	-2.5503e+02	-6.9282e+02	-1.9645e+03	-8.5618e+02	1.2152e+03	-3.2222e+02	1.1416e+03	1.5755e+03	-2.4616e+03	9.2382e+02	5.9736e+02	2.6901e+03	2.7231e+02	1.2498e+02	-1.8502e+03	-1.1463e+03	6.4026e+01	4.1648e+02	-5.0202e+01	7.4352e+02	6.6244e+02	-6.2071e+02	-3.9672e+02	9.6380e+02	1.0624e+03	-1.0310e+03	1.4360e+03	-8.1384e+01	-8.5184e+02	2.7487e+02	1.6636e+03	-9.6206e+01	-1.3959e+03	1.5640e+03	9.8308e+02	5.3633e+02	4.9219e+02	-1.4440e+03	4.4721e+02	-5.0865e+02	1.6673e+03	6.2368e+02	-8.0826e+02	7.5544e+02	-1.3545e+02	-1.8597e+03	2.8722e+03	1.3241e+03	1.8407e+03	1.8962e+03	9.8967e+02	1.2410e+03	6.2000e+02	-1.0510e+03	-1.9907e+03	2.3398e+03	-1.6022e+03	1.6508e+03	-2.5503e+02	1.7269e+03	-1.5356e+02	7.8919e+02	1.6564e+03	-3.1563e+03	-1.4024e+02	1.5927e+03	-5.1631e+01	-2.0720e+03	-1.0876e+03	-2.0259e+02	-6.0488e+02	2.4606e+02	2.5810e+02	-2.2899e+03	1.9641e+03	3.9146e+02	7.5591e+02	4.7167e+02	9.6667e+02	-3.7232e+02	5.0454e+02	-2.6240e+02	3.5716e+02	-1.4251e+03	-3.2117e+02	7.3149e+02	-2.4593e+02	-2.5812e+03	-2.2418e+02	7.7338e+02	-3.8410e+02	4.2949e+02	-8.3913e+02	-2.2266e+03	9.0024e+02	-1.1193e+03	1.5529e+03	9.1052e+02	-7.3335e+02	8.6096e+00	2.1739e+03	1.2212e+03	7.0159e+01	-2.0925e+03	-1.1423e+03	-1.2571e+03	9.7955e+02	-1.6218e+03	2.9761e+02	-1.0326e+03	7.8451e+01	1.1347e+03	-6.1459e+02	2.4655e+03	-1.8700e+03	8.8648e+02	1.2625e+03	3.1671e+02	-3.1753e+02	1.0602e+02	-5.5100e+02	1.9014e+02	6.9850e+02	-4.5642e+02	1.3384e+02	1.0850e+03	1.1194e+02	-1.9731e+03	-4.5990e+02	-1.0962e+03
1.8000e+05	6.9952e+02	4.4129e+02	2.8676e+01	-1.9512e+03	6.1004e+02	-1.9202e+03	-7.5432e+02	1.7155e+03	-2.3378e+02	1.6256e+03	1.4671e+03	-5.9067e+02	-1.4782e+03	-3.7112e+03	1.9982e+02	-1.0349e+03	-5.2503e+02	-2.4745e+02	-5.5037e+02	2.8102e+03	2.4343e+03	-2.7884e+03	-5.8499e+02	-3.1673e+02	-3.0791e+03	1.5670e+03	1.7236e+02	-1.6118e+03	2.5701e+03	-8.2332e+02	5.1409e+02	-2.2792e+03	-4.0362e+03	1.1329e+03	-2.5404e+03	-1.0228e+02	1.3158e+03	1.0316e+03	2.8017e+03	-9.9455e+02	-3.5228e+01	9.1675e+02	7.8384e+02	-1.7588e+03	9.3227e+02	7.9695e+02	1.6607e+03	1.5947e+03	-9.5801e+02	-2.1752e+03	1.5279e+03	1.5574e+02	-3.0658e+02	1.5633e+03	2.8821e+02	-2.8529e+03	5.8561e+02	-1.8437e+03	-1.8247e+03	8.2890e+02	-9.9960e+02	-5.2949e+02	-2.2134e+02	-9.8853e+02	1.6095e+03	-2.3813e+03	1.0701e+03	-7.9309e+02	2.4369e+02	-3.7520e+02	1.1091e+03	-1.5567e+03	1.0869e+03	-4.4501e+02	-1.4226e+03	-1.0876e+03	-2.7514e+01	2.0235e+03	1.7841e+03	1.4643e+03	4.5396e+01	1.0170e+03	4.5570e+02	6.8434e+02	-3.2542e+01	9.7403e+02	8.6393e+02	-1.7633e+02	-1.1774e+03	-3.9028e+03	1.7358e+03	6.7223e+02	9.2603e+02	-1.6159e+03	1.7727e+03	3.0447e+02	-2.4269e+03	7.0143e+02	-2.9605e+02	-6.3874e+02	-9.0789e+02	8.6950e+02	3.0763e+03	-3.2109e+03	2.0823e+03	5.0843e+02	-9.3447e+02	2.4323e+03	-2.5597e+03	5.6748e+02	-1.3124e+03	-1.2403e+03	-1.1660e+03	1.4018e+03	-1.2181e+03	-1.2117e+02	-4.2812e+02	2.1185e+03	1.7611e+02	-5.3142e+02	4.8655e+02	-3.0059e+02	-5.9351e+02	8.0990e+02	-7.2778e+02	-4.4254e+02	-1.4136e+03	-2.5932e+03	6.1209e+01	-9.6571e+01	3.1498e+02	1.5229e+02	1.0480e+03	-4.3069e+02	-3.2406e+02	-1.5088e+03	2.3959e+01	-1.1245e+03	-5.1536e+02	-1.1618e+03	-4.0668e+03	-1.3356e+03	-2.3340e+02	1.8530e+03	-3.7580e+02	2.2096e+03	-3.9822e+02	-5.7498e+02	1.4014e+03	2.3742e+02	-2.0031e+03	-1.9018e+02	-1.7462e+03	1.8596e+03	-6.4093e+02	-2.4036e+02	9.0973e+02	-8.0355e+02	-1.3487e+03	1.9372e+02	-2.5874e+03	7.0252e+02	-4.0781e+02	-4.1997e+02	6.8518e+02	3.7950e+01	4.1026e+02	3.0441e+03	-5.0667e+02	-1.0980e+03	-2.7934e+03	4.5700e+02	2.4522e+03	5.9641e+01	-1.9942e+03	7.1803e+02	-1.6432e+03	-1.1216e+03	-2.7547e+03	-7.7618e+02	1.9501e+03	2.2852e+03	-1.0377e+02	-4.6475e+02	5.9940e+02	-2.4143e+02	-3.7188e+02	-5.0568e+02	4.2233e+02	1.5083e+03	-9.1732e+02	2.1185e+03	-2.7680e+03	-2.3809e+03	-5.1509e+03	1.3991e+02	-7.7814e+02	4.3262e+02	2.4879e+03	-2.3414e+03
2.0000e+05	-1.7694e+03	-2.7777e+02	1.9556e+02	-1.1515e+03	2.5653e+01	2.2432e+02	-1.6085e+02	-6.9548e+02	-1.0954e+03	5.5422e+02	-1.2536e+02	5.0008e+02	1.3632e+03	-1.8245e+03	-4.7713e+02	-2.6348e+02	7.5695e+02	-2.1322e+03	1.2709e+03	-1.2294e+01	-8.8703e+02	-3.3987e+02	3.8493e+02	4.1246e+02	3.9505e+01	-1.0721e+02	1.7018e+03	-9.6430e+02	-1.4109e+03	-2.9599e+01	7.1722e+01	5.4900e+02	-5.4901e+02	-2.0982e+03	-1.6223e+03	4.4332e+02	1.7278e+03	-3.3914e+02	-5.7078e+02	1.9002e+02	-7.8975e+02	-3.6419e+02	2.5908e+03	1.1573e+03	1.5905e+03	4.5511e+02	1.9551e+03	-1.1872e+03	6.5566e+02	7.0849e+02	5.9041e+02	1.1437e+03	-1.0304e+03	-7.2687e+02	-2.8258e+03	-3.5486e+02	1.8550e+01	8.6380e+02	-7.9073e+02	4.9928e+02	1.7104e+03	-6.2093e+02	3.8106e+02	-1.7662e+02	-4.8646e+02	-6.3248e+02	-3.3114e+02	4.8575e+02	1.5343e+03	-5.3197e+02	-8.6548e+01	-4.4543e+02	-1.8260e+03	-1.2370e+03	4.5416e+02	-6.7084e+02	1.2980e+03	1.3042e+03	-2.3767e+03	1.1515e+03	6.9694e+02	2.4037e+03	7.8796e+02	9.1635e+02	-2.4004e+03	-9.8397e+02	-2.6967e+02	3.4262e+02	-5.4740e+02	3.5425e+00	1.2409e+03	-5.0729e+02	-8.6343e+02	1.0578e+03	8.9528e+02	-8.6928e+02	1.6410e+03	-3.7219e+02	-5.6052e+02	3.1776e+02	1.6029e+03	-1.2016e+02	-2.2912e+03	2.1559e+03	1.3669e+03	7.0316e+02	6.3098e+02	-1.3904e+03	2.5920e+01	-1.3900e+02	5.3072e+02	9.7110e+02	-1.0328e+03	1.0154e+03	-3.3514e+02	-2.0978e+03	2.7117e+03	1.5274e+03	1.7390e+03	2.1636e+03	1.5582e+03	1.9238e+03	3.5456e+02	-1.0692e+03	-1.5100e+03	2.1660e+03	-1.4798e+03	2.0057e+03	2.9109e+01	1.7991e+03	-4.2450e+02	7.3258e+02	1.3755e+03	-3.0946e+03	2.7145e+02	2.0113e+03	-5.7715e+01	-2.1301e+03	-1.7720e+03	-1.7485e+02	-2.5926e+02	-1.2658e+02	5.7319e+02	-2.4243e+03	2.4150e+03	7.6936e+02	9.1984e+02	1.0651e+02	7.4223e+02	-3.5162e+02	4.4777e+02	-6.0109e+02	1.0502e+02	-1.5591e+03	-3.2182e+02	1.1833e+03	-2.8423e+02	-3.1108e+03	-3.3689e+02	1.8460e+03	-5.4959e+02	7.7474e+02	-1.0568e+03	-2.2632e+03	6.6078e+02	-1.4979e+03	1.6835e+03	5.6543e+02	-1.2912e+03	8.3036e+01	2.5099e+03	1.6685e+03	-4.4901e+02	-1.6852e+03	-6.8821e+02	-1.2297e+03	9.5036e+02	-1.7914e+03	-2.6318e+02	-1.3004e+03	-5.8148e+02	1.0682e+03	-6.9395e+02	1.9287e+03	-2.0033e+03	1.0370e+03	1.6174e+03	-3.8938e+01	-1.3898e+03	-4.0769e+02	-5.9595e+02	-4.7752e+02	1.5384e+03	-5.5972e+02	-6.9228e+01	7.1667e+02	-7.4787e+02	-1.1280e+03	-4.0996e+02	-3.9241e+02
2.0000e+05	1.3817e+03	4.9848e+02	2.0746e+02	-2.8870e+03	1.2031e+03	-2.0704e+03	-1.3998e+03	1.9526e+03	-4.0794e+02	9.2575e+02	1.5358e+03	-8.3824e+02	-2.9500e+03	-3.0125e+03	-2.1419e+02	-5.1412e+02	-8.9790e+02	6.2497e+02	-9.5626e+02	2.9745e+03	1.6029e+03	-3.0083e+03	-9.7401e+02	7.2225e+02	-3.0551e+03	3.9480e+02	9.0400e+02	-1.9147e+03	2.0413e+03	-8.4575e+02	-1.1201e+03	-2.6120e+03	-4.4946e+03	8.8279e+02	-1.5647e+03	-9.7031e+02	1.2500e+03	8.3538e+02	3.3777e+03	-1.4532e+03	-9.1591e+01	7.7808e+02	3.1147e+02	-1.9693e+03	2.5481e+02	9.4997e+02	1.7788e+03	2.8080e+02	-7.0347e+02	-1.8375e+03	1.7379e+03	1.3047e+03	-1.1177e+03	1.2062e+03	-9.9846e+01	-2.6997e+03	-6.5335e+01	-2.3770e+03	-1.4621e+03	6.6578e+02	-1.2348e+03	-3.1292e+02	-5.5376e+02	3.7411e+02	1.8331e+03	-1.4449e+03	1.3503e+03	-1.8203e+03	3.7127e+02	-7.3141e+02	1.6051e+03	-1.2935e+03	2.1931e+03	-1.3712e+02	-1.1018e+03	-1.0425e+03	2.6810e+02	1.7210e+03	2.4617e+03	9.7468e+02	-9.8180e+02	1.6605e+03	-3.9477e+02	1.3444e+03	8.0323e+02	1.6137e+03	1.6155e+03	-2.5211e+01	1.0868e+02	-2.9176e+03	2.4016e+03	2.3864e+02	4.0813e+02	-2.4540e+03	9.9597e+02	-4.0906e+00	-2.3116e+03	1.7933e+03	-1.0444e+03	-4.8238e+02	-6.4201e+02	9.4461e+02	3.2184e+03	-3.2011e+03	2.3818e+03	7.3689e+02	-1.5030e+03	2.2017e+03	-2.5737e+03	-1.4683e+02	-1.5275e+03	-1.6685e+03	-3.7904e+02	1.9638e+03	-2.4678e+03	-5.7996e+02	4.9922e+02	1.9825e+03	1.1276e+03	-2.9806e+02	1.1693e+03	-4.7941e+02	1.1611e+03	3.3963e+02	-4.7541e+02	-1.0603e+03	-6.0865e+02	-2.0928e+03	-3.0174e+01	5.1921e+02	1.3481e+03	3.7618e+02	-4.8414e+02	2.4513e+02	-1.2366e+02	-1.5204e+03	-3.4713e+02	-1.0121e+03	-7.4204e+02	-2.6181e+03	-3.9223e+03	-7.4981e+02	4.0702e+02	1.6236e+03	4.3979e+01	2.7461e+03	4.4167e+01	-1.0322e+03	1.3441e+03	8.2270e+02	-2.8558e+03	-8.1561e+02	-1.7662e+03	2.1136e+03	7.5670e+00	-6.6505e+02	1.4919e+03	2.1408e+02	-4.3917e+02	3.9716e+02	-3.1432e+03	9.1142e+02	5.1471e+02	-1.2279e+03	9.9786e+02	5.8925e+02	-1.3111e+02	3.9864e+03	-5.6775e+02	-2.0209e+03	-2.2414e+03	-9.3431e+02	2.4434e+03	5.2126e+02	-1.5723e+03	-1.0933e+03	-1.8878e+03	-1.7429e+03	-2.4176e+03	-7.4729e+02	1.8611e+03	1.6969e+03	-2.2478e+02	-9.4255e+01	1.4009e+03	6.5711e+02	3.4205e+02	3.4548e+02	1.5381e+02	2.6515e+03	-1.7512e+03	2.5154e+03	-2.9464e+03	-1.6067e+03	-5.5533e+03	-1.0365e+03	-1.8871e+03	1.3855e+02	2.0964e+03	-2.0433e+03
