2.0000e+04	7.5759e+02	2.0159e+02	5.9566e+02	2.4460e+02	3.2568e+02	2.1648e+02	3.8794e+02	-2.8413e+02	-1.3538e+02	3.9065e+02	1.8699e+02	2.5216e+02	-7.8993e+01	-1.7946e+02	-3.6473e+02	-4.1269e+02	3.5071e+02	1.1090e+02	-1.7696e+02	9.1928e+00	2.1798e+02	3.5528e+02	-2.9878e+02	6.5583e+02	2.7528e+02	6.1001e+02	-4.4196e+02	-3.3456e+02	-2.2426e+02	2.6361e+01	9.6642e+01	1.4219e+02	2.6960e+02	5.3503e+02	5.6082e+01	-5.4512e+02	2.2655e+02	-8.4455e+02	-4.6993e+02	1.4736e+02	-1.3822e+02	-6.6362e+01	-4.5104e+02	1.5882e+02	6.2768e+01	8.3269e+00	5.3727e+02	4.5754e+01	-4.2568e+02	3.4867e+02	1.6597e+02	-1.0195e+03	-4.7815e+02	4.6741e+02	-1.5744e+02	-5.0690e+02	-5.2434e+02	1.3479e+02	1.0150e+02	3.7637e+02	-4.0847e+02	-3.1728e+02	-5.8146e+01	7.2606e+02	2.6130e+02	3.5174e+02	-3.4174e+02	7.6950e+01	5.8265e+02	1.8743e+02	-2.8755e+02	3.7457e+02	-2.0931e+02	-4.3233e+02	1.5090e+02	2.5590e+02	2.0951e+02	-1.2919e+02	5.1920e+02	1.2507e+02	7.9110e+02	2.9490e+02	9.0727e+01	3.7385e+02	6.5101e+02	3.6776e+02	-5.8829e+02	-1.7693e+02	-2.0787e+02	4.1894e+02	3.3401e+02	1.8565e+02	1.8005e+02	-1.3135e+02	-1.8521e+02	1.7967e+02	-9.9024e+01	6.1855e+01	-4.7196e+02	-6.6247e+02	3.1537e+02	2.0134e+02	-2.3333e+02	1.2165e+02	8.7217e+01	-1.8300e+02	-1.0633e+02	3.2898e+02	-6.9445e+01	3.7569e+02	-3.6597e+02	-4.3386e+01	-2.9077e+02	-8.8769e+01	3.2430e+02	-7.6635e+01	-8.1439e+01	-1.1920e+01	4.0966e+02	1.7061e+02	-2.3636e+02	-8.7919e+01	3.6382e+02	-1.1080e+02	1.4234e+02	-4.3292e+02	2.5626e+02	1.2486e+02	4.1329e+02	-1.0762e+01	1.5481e+02	1.9207e+02	2.9839e+02	-4.3904e+02	-3.7698e+02	1.8883e+01	-2.8009e+02	4.4041e+02	3.6191e+02	1.1910e+02	-3.3450e+01	-3.3453e+02	-2.6658e+02	8.5782e+01	2.3716e+02	-1.0355e+02	1.5975e+02	3.0708e+02	-3.9783e+01	-8.6651e+02	-3.0923e+01	2.8617e+00	6.1400e+02	2.8965e+02	3.7242e+00	4.5570e+02	-1.4572e+02	-1.5859e+01	1.7987e+02	3.3406e+02	-1.1765e+02	4.2314e+02	-5.2515e+02	-2.2810e+02	5.7419e+02	-5.5043e+01	2.0079e+02	8.7677e+02	-6.9375e+02	1.4125e+02	-4.6541e+02	1.0654e+02	7.8556e+02	-3.8337e+02	-2.4410e+02	9.7635e+01	-8.0208e+02	-2.1522e+02	4.9267e+02	8.6673e+01	-1.7199e+02	-4.9234e+02	-2.6728e+02	2.4907e+02	-7.7870e+01	-4.6595e+02	5.2161e+02	4.5060e+00	6.6098e+02	8.1769e+01	1.4546e+01	-4.0810e+02	-2.5553e+02	-2.9372e+02	-3.4392e+02	-1.6199e+02	-2.0117e+02	-1.8364e+02	-3.7785e+01	-5.6890e+02
2.0000e+04	4.4554e+02	2.4316e+02	3.5364e+01	-3.2825e+02	-5.3490e+02	-4.6298e+01	2.9905e+00	-6.0101e+02	-1.0098e+02	7.5043e+01	7.1186e+02	-7.4178e+01	-4.3303e+02	2.5600e+02	4.5109e+00	-7.3697e+02	-3.4611e+02	9.0267e+02	4.0815e+02	-5.2724e+02	-2.2479e+02	1.0333e+03	-3.9649e+02	5.8191e+01	3.5931e+02	-6.2144e+02	-4.3504e+02	-3.3784e+02	3.6614e+02	2.4872e+02	-1.0391e+02	5.0407e+02	-2.6677e+02	3.3733e+02	5.4022e+01	-2.1184e+02	-4.4819e+01	-5.1169e+02	-2.3439e+02	-9.9200e+02	-5.6162e+02	7.8421e+00	-3.7214e+02	4.7957e+02	7.4980e+02	-2.3462e+02	2.9569e+02	2.4390e+02	-3.7266e+01	-1.6231e+02	5.2104e+02	-5.4781e+02	1.0012e+02	-1.2585e+02	-1.6482e+03	2.1186e+02	3.9082e+02	-2.2971e+02	3.8900e+02	-2.9133e+02	-4.4568e+02	-4.8936e+01	-5.1229e+02	3.4234e+02	1.0302e+03	3.6912e+02	1.4166e+02	1.9628e+02	8.6417e+02	4.6107e+02	-6.3933e+01	5.7529e+02	-8.8520e+02	2.7178e+02	-6.1164e+01	-4.7000e+01	-3.7024e+02	-4.6789e+02	3.7422e+02	7.5974e+02	-3.1650e+02	-9.8344e+02	-6.6593e+02	5.5136e+02	5.9542e+02	1.2334e+02	-9.8330e+02	-8.7312e+02	1.4744e+03	2.9756e+02	-3.5460e+02	1.5169e+01	-9.2751e+02	-7.9572e+01	-1.7910e+03	-9.7146e+02	-4.2131e+02	9.0593e+02	9.1193e+02	5.7381e+02	-8.5480e+02	-5.6715e+02	4.2457e+02	-2.7071e+02	-2.1184e+01	4.9472e+02	-3.0329e+02	3.1328e+02	-3.5613e+02	-7.2023e+02	2.1368e+02	6.4209e+02	-2.1882e+02	4.8844e+02	-5.1612e+01	4.3490e+02	-4.2381e+02	-9.8020e+02	2.3796e+02	4.0556e+02	-9.9092e+02	9.2190e+02	5.1056e+02	-1.0069e+03	-1.4372e+02	4.0236e+02	-9.8317e+02	8.9470e+02	-2.9909e+02	2.3991e+01	3.0264e+02	-8.8880e+02	-1.4735e+02	-3.3922e+02	-9.9279e+01	7.7287e+02	-6.3095e+01	-6.4682e+02	9.2281e+02	-1.8133e+02	-1.1687e+03	-6.2373e+02	-4.2194e+02	-6.2077e+02	-4.8750e+02	2.0949e+02	2.7466e+02	2.4302e+02	5.2372e+02	3.8242e+02	2.6262e+02	3.1797e+02	1.0923e+02	-6.2973e+02	7.4462e+01	-3.1733e+02	-1.4074e+03	1.2705e+02	1.1263e+03	-3.6691e+02	2.1397e+02	-1.1790e+02	5.1171e+02	3.4861e+01	-3.8709e+02	-5.4407e+02	-1.6815e+02	1.1042e+02	-5.2288e+02	-2.7253e+02	3.1669e-01	3.3088e+02	8.1917e+01	2.6741e+01	-4.1717e+02	-1.8372e+02	9.9660e+00	5.3929e+02	3.5925e+02	1.0986e+03	7.6800e+02	-1.6283e+02	-8.4284e+02	-1.2211e+03	1.7950e+02	-6.6040e+01	-3.5638e+02	9.4236e+02	2.9803e+02	-2.5962e+02	2.3750e+02	1.4603e+02	-1.3078e+02	6.1667e+01	1.3674e+03	-6.2565e+02	6.5261e+02	3.4055e+02	2.4856e+02	1.2099e+03
4.0000e+04	1.4778e+03	3.8304e+02	1.1891e+02	7.6304e+02	3.2316e+01	2.5734e+02	1.1010e+03	-6.2436e+02	-2.0546e+02	7.2154e+02	-2.3601e+02	1.0753e+03	3.8599e+02	-3.3727e+02	-1.2971e+01	5.7383e+02	2.9489e+02	8.3571e+02	-7.5702e+02	1.8800e+02	7.3087e+02	4.5784e+01	-3.2382e+01	7.9607e+02	7.4464e+02	9.4736e+01	1.1441e+02	-4.6351e+02	-6.9647e+02	-4.4710e+02	-1.2440e+02	2.4285e+02	-1.2824e+02	-3.1870e+02	2.3083e+02	-6.0100e+02	3.7416e+02	-4.5186e+02	-3.5151e+02	-2.0882e+02	5.9522e+02	1.6934e+02	-5.1574e+02	-2.5609e+02	-1.4810e+02	6.0685e+02	5.8287e+02	4.6055e+02	-1.7059e+02	-4.5083e+02	3.7447e+02	-1.5925e+03	-7.2222e+02	4.6143e+02	2.3722e+02	-5.7804e+02	-4.2951e+02	1.1872e+02	-1.9621e+01	-5.4157e+02	-1.0109e+02	-3.1753e+02	-1.2733e+02	7.3064e+02	3.5726e+02	-3.8336e+01	-1.0052e+03	-2.1688e+01	5.5544e+02	1.1208e+02	-2.6385e+02	8.1499e+02	2.8372e+02	-6.5092e+02	9.0577e+02	-6.5386e+01	5.4636e+02	-1.0181e+02	5.4985e+02	8.9867e+01	1.3509e+03	2.2501e+01	4.3566e+02	1.7809e+02	2.1828e+02	2.1962e+02	-1.0678e+03	-3.9326e+02	6.6988e+02	2.9275e+02	9.5785e+01	5.3459e+02	6.6123e+02	-2.1862e+01	-1.1388e+00	7.3566e+02	1.7111e+02	4.0698e+01	7.5238e+01	-1.6160e+02	4.8070e+02	-3.9463e+01	-6.1964e+02	-2.5730e+02	6.6930e+01	-3.0198e+02	-3.3548e+02	5.9901e+02	5.8524e+00	1.8336e+02	-1.7293e+02	-9.2758e+02	-1.2719e+02	6.4317e+01	-2.1565e+01	-7.1981e+01	1.0958e+02	4.2958e+02	4.3612e+02	-5.5415e+02	-3.0284e+02	-1.2615e+02	-2.2517e+02	-8.3429e+02	7.5133e+02	-4.2303e+02	4.3705e+01	4.3460e+02	7.8582e+02	5.6918e+02	-2.7099e+02	3.8030e+02	6.3755e+02	-8.4512e+02	2.5183e+01	-2.3835e+02	-1.7412e+02	2.6249e+02	3.8306e+02	-5.2612e+02	-6.4970e+02	-3.5326e+02	5.6984e+02	2.5893e+02	9.4404e+01	8.7214e+02	-4.2449e+02	-1.1848e+02	-3.8482e+02	-1.5189e+03	3.5763e+02	-3.0443e+02	4.9660e+02	4.0000e+02	1.5865e+02	1.2482e+03	-2.2276e+02	7.4304e+01	-5.4810e+02	4.6418e+02	-5.6500e+02	3.0584e+02	-2.0305e+02	6.6883e+01	1.2885e+03	-2.7684e+02	2.8795e+01	1.1376e+03	-8.1434e+02	3.1054e+01	-6.9439e+02	4.8162e+02	1.0314e+03	-3.7134e+02	7.2958e+02	5.0424e+02	-8.2347e+02	4.4068e+02	9.0200e+02	5.0243e+02	-2.8154e+02	-7.1050e+01	1.3219e+02	4.7082e+02	-1.2964e+02	-5.7716e+01	7.5543e+02	2.8877e+01	2.1330e+02	-6.1422e+02	2.0711e+02	-1.4685e+01	3.9413e+01	-2.1170e+02	4.4247e+02	-5.4640e+02	-2.1683e+02	-2.7116e+02	-3.6189e+02	-6.5455e+02
4.0000e+04	4.6564e+02	-6.9075e+02	-5.2246e+01	-2.9572e+02	-1.6523e+02	-7.2809e+02	-3.1851e+02	-9.3388e+02	5.8760e+02	1.5261e+02	8.5738e+02	-1.1645e+02	-3.9239e+02	7.9556e+02	-7.3654e+02	-7.0979e+02	-1.3615e+02	9.9502e+02	8.2466e+02	-9.4981e+02	-3.6432e+02	9.0718e+02	7.4836e+01	-3.2474e+01	7.1040e+02	-2.9171e+02	-1.2489e+03	-8.8492e+02	8.1851e+02	8.1995e+02	2.4581e+02	6.9305e+02	-6.6687e+02	4.4768e+02	-2.1950e+02	-6.0307e+01	5.1736e+02	-1.8548e+03	-1.0180e+02	-1.2461e+03	2.8796e+02	-1.2822e+02	-3.9048e+02	5.0539e+02	5.6960e+02	-8.1529e+02	1.3545e+02	1.7205e+02	-1.4366e+03	7.5478e+02	5.7409e+02	-3.7382e+02	3.2822e+02	-2.9685e+02	-1.3929e+03	-1.9777e+01	1.3611e+03	4.9339e+02	4.3211e+02	-1.3931e+03	-8.3008e+02	-1.1175e+03	-6.5991e+00	1.9516e+03	1.0069e+03	-9.7574e+01	-9.5552e+02	7.2587e+02	9.6970e+02	4.8547e+02	2.2211e+02	5.0827e+02	1.5885e+02	-2.5864e+02	3.7195e+02	-3.8525e+02	-8.5719e+01	-1.6115e+03	3.2264e+02	2.5455e+02	-4.6210e+02	-3.6187e+01	-5.7843e+02	6.8022e+02	1.7808e+03	-4.2581e+02	-8.4242e+02	-1.4739e+03	1.2000e+03	1.5676e+02	4.4658e+02	-3.6836e+02	-1.3358e+03	3.6885e+02	-2.2598e+03	-1.9715e+03	-1.4157e+03	8.0025e+02	1.3570e+03	1.9304e+03	-1.5130e+03	-7.0001e+02	1.5266e+03	-5.7236e+02	3.4983e+02	9.7894e+01	-5.9907e+02	1.8370e+02	-5.9408e+02	-1.3683e+03	-2.2046e+01	-1.7373e+02	-4.7323e+02	7.3426e+02	-5.9956e+02	6.3525e+02	4.3936e+02	-1.0342e+03	9.6526e+01	1.1180e+03	-1.3529e+03	5.5392e+02	6.1468e+02	-1.3472e+03	-2.2150e+02	6.1100e+02	-1.0473e+03	1.2644e+03	-3.5410e+02	-6.6642e+02	1.7501e+02	3.1047e+01	-7.3334e+02	-1.2307e+03	-2.5540e+02	5.6986e+01	8.6890e+02	-1.5287e+03	9.9081e+02	-9.5176e+02	-1.9566e+02	-1.6707e+03	-2.7148e+02	-5.0114e+02	4.2650e+02	9.8166e+01	-1.0890e+03	7.6554e+00	4.6867e+02	1.7267e+02	7.8824e+01	1.8674e+02	-4.7221e+01	-1.7060e+03	-3.5609e+01	-9.7522e+01	-1.9983e+03	8.4647e+02	9.1830e+02	-4.8203e+02	3.0231e+02	-9.7042e+01	5.2871e+02	2.0682e+02	-7.8218e+02	-9.5787e+02	3.9786e+02	1.1732e+03	-7.4790e+02	-1.1757e+03	3.9272e+02	-2.8652e+02	-3.0450e+02	9.3347e+01	-1.7343e+03	-3.3240e+02	7.3975e+02	1.1066e+03	8.9364e+02	1.0130e+03	1.2128e+03	-1.3217e+03	-3.2827e+02	-1.7599e+03	6.7380e+02	-4.6750e+02	-5.5865e+02	1.1285e+03	5.5232e+02	-5.5185e+02	1.4459e+02	9.7816e+02	-3.9551e+02	5.0505e+02	1.0217e+03	-1.0718e+03	1.5501e+03	8.6906e+02	7.3511e+02	2.5687e+03
6.0000e+04	1.2700e+03	4.8750e+02	-1.0303e+01	3.3874e+02	4.7147e+02	5.4042e+02	1.3683e+03	-9.1256e+02	-5.2240e+01	2.4153e+02	-3.1784e+02	7.8400e+02	1.4451e+02	-5.8175e+02	3.6793e+02	1.1283e+02	-2.5221e+02	9.7994e+02	-1.0469e+03	5.6416e+02	1.6089e+02	3.7317e+02	9.4535e+01	4.0783e+02	7.4390e+02	4.1223e+02	4.7097e+02	-7.1814e+02	-7.6056e+02	-9.3294e+02	-3.1456e+02	1.3432e+02	-5.4495e+02	-1.4737e+03	2.8973e+02	-6.0747e+02	2.4889e+02	-1.0019e+03	5.6175e+01	3.6313e+02	7.2395e+02	3.7479e+02	-6.0183e+02	-5.5882e+02	-7.6511e+02	3.9660e+02	4.9814e+02	6.6049e+01	-6.7783e+02	-4.9270e+02	2.7514e+02	-1.9933e+03	-5.2937e+02	5.8509e+02	7.0523e+02	-8.0286e+02	-2.7120e+02	-4.9692e+02	-4.9830e+01	-5.3495e+02	1.5234e+02	-1.8633e+01	-5.4977e+02	4.2739e+02	2.1406e+02	-2.7172e+00	-7.1359e+02	4.1911e+00	4.6793e+02	2.2099e+02	3.2110e+02	1.3485e+03	5.3446e+02	-6.4328e+02	1.2280e+03	-2.6350e+01	2.5620e+02	5.3502e+02	2.5173e+02	3.3390e+02	8.1962e+02	-2.7315e+02	7.7815e+02	8.1022e+01	-2.5925e+02	-3.5661e+02	-8.9520e+02	9.4829e+01	7.8385e+02	7.7400e+02	-3.5048e+02	7.1906e+02	1.2951e+03	-2.2176e+02	-3.9898e+02	9.0265e+02	3.8981e+02	5.3142e+02	2.1742e+02	-3.5309e+02	1.5697e+02	-3.0992e+02	-1.0768e+03	3.4694e+01	-7.2702e+02	-6.3042e+02	-3.2018e+02	5.1050e+02	-8.8162e+01	5.2475e+02	-2.4572e+02	-4.8067e+02	4.7235e+02	-8.5179e+01	-9.2192e+01	3.2026e+02	2.7437e+02	7.5708e+02	-3.7214e+02	-2.1092e+02	-3.1737e+02	-6.7782e+02	3.7788e+02	-1.0849e+03	2.7742e+02	-6.7865e+02	-2.4811e+02	-4.8432e+02	8.0273e+02	4.2947e+02	-6.0861e+02	4.1297e+02	6.4654e+02	-1.1123e+03	9.9225e+01	-4.3954e+02	-3.2324e+02	4.7358e+02	-3.4001e+02	-4.7534e+02	-5.7575e+02	-6.3204e+02	5.6588e+02	-3.1633e+02	1.4639e+02	1.3551e+03	-4.9728e+02	-4.1156e+02	-9.2906e+02	-1.4866e+03	1.5699e+02	-4.6586e+02	4.6505e+02	4.5801e+02	-1.3879e+02	1.5930e+03	-4.2485e+02	1.0728e+02	-6.8958e+02	6.7763e+02	-4.8680e+02	5.3824e+02	-4.6941e+02	1.2677e+02	1.3340e+03	-2.6634e+02	5.4496e+02	1.8248e+03	-1.4951e+02	3.3625e+02	-5.0970e+01	8.5948e+01	7.9661e+02	-9.6942e+02	2.2533e+00	7.0869e+02	-3.6088e+02	3.8310e+02	3.0358e+02	3.1127e+02	-3.8825e+02	-7.4648e+01	-7.3248e+00	3.6359e+01	-3.8507e+02	-5.3092e+02	6.3360e+02	1.7487e+02	-3.9210e+02	-5.8264e+02	7.3786e+02	-4.6463e+01	6.1124e+01	-9.4308e+02	5.7169e+02	-1.1139e+03	4.3102e+02	-3.3413e+02	-4.2092e+02	-8.3811e+01
6.0000e+04	-3.8253e+02	3.2885e+02	1.9095e+02	-3.0435e+01	-7.0813e+02	8.3161e+01	-6.7447e+02	-5.7076e+02	4.9650e+02	2.3750e+02	1.1517e+03	6.0434e+02	4.1975e+02	1.0908e+03	6.0181e+02	-3.8462e+02	7.8305e+01	8.3598e+02	9.2375e+01	-1.8164e+03	-5.9722e+02	-2.7088e+02	-2.8856e+02	3.7136e+02	2.2477e+01	8.6997e+01	-7.4849e+02	-1.3448e+03	1.3195e+03	1.0405e+03	-6.2768e+02	9.1107e+02	-6.8157e-01	1.0879e+03	2.3729e+02	8.7749e+02	1.0249e+03	-2.7385e+03	-1.0421e+03	-3.6916e+02	-1.1562e+02	-9.7358e+01	-5.8303e+02	7.6321e+02	5.1886e+02	3.9249e+02	7.9005e+02	5.0602e+02	-1.8667e+03	2.1499e+03	2.3902e+02	-1.4127e+03	-9.5003e+02	-5.9453e+02	-1.7184e+03	1.6341e+02	1.0485e+03	2.6418e+02	1.0310e+03	-1.2534e+03	-1.6382e+03	-4.5790e+02	1.7115e+02	1.5396e+03	1.4876e+03	-3.7471e+01	-6.2118e+02	5.3109e+02	3.6614e+02	1.0481e+02	2.1660e+02	1.0488e+03	2.1646e+02	-7.8375e+02	1.1156e+03	-1.1625e+03	2.5078e+02	-9.6846e+02	3.3543e+02	6.1713e+02	-1.9615e+02	-1.1228e+03	-1.0318e+02	1.2992e+03	1.6955e+03	5.3737e+02	-1.8890e+03	-2.6544e+03	1.9651e+03	1.0831e+02	-1.1779e+02	-1.0197e+03	-8.1977e+02	5.3574e+02	-1.7473e+03	-2.3915e+03	-1.3098e+03	4.1040e+02	7.2578e+02	3.2995e+03	-2.6241e+03	-6.3859e+02	1.2845e+03	-8.4293e+02	1.8017e+02	1.9382e+02	-2.0506e+02	1.0372e+03	-1.7572e+03	-8.3575e+02	-1.0681e+03	-8.3192e+02	-8.9252e+02	8.2904e+02	-1.2715e+03	2.4747e+02	1.0625e+03	-9.2507e+02	1.6378e+03	-5.9874e+02	-1.3061e+03	9.9229e+02	2.9390e+02	-1.2603e+03	2.0492e+02	1.1373e+03	-9.6710e+02	1.2965e+03	-8.9407e+02	2.7248e+02	3.3678e+01	-7.7608e+02	-8.0030e+02	-2.1218e+03	-4.2275e+02	-5.7515e+01	1.0958e+03	-1.0310e+03	7.2889e+02	-3.3056e+02	5.0180e+02	-2.8429e+03	-2.9112e+02	-7.7404e+02	4.4725e+02	-5.7362e+02	-9.7585e+02	6.7233e+02	1.3454e+03	8.9073e+01	1.4806e+02	-4.7563e+02	-6.5884e+02	-1.8330e+03	9.0381e+02	3.8495e+01	-2.3252e+03	-1.1940e+02	1.5430e+03	-3.0838e+02	-2.2487e+02	1.9894e+02	2.6187e+02	9.9866e+02	-7.2842e+02	-5.5081e+02	1.3146e+03	1.5515e+03	-4.2579e+02	-1.9969e+03	5.1583e+02	-1.7188e+01	-1.4003e+02	8.4891e+02	-1.6703e+03	1.7841e+02	5.2276e+02	9.7794e+02	5.9218e+02	1.5021e+03	1.3808e+03	-1.2527e+03	3.5704e+02	-1.8123e+03	6.1240e+02	-1.4262e+03	-1.1015e+03	8.5443e+02	2.0926e+02	-1.1355e+03	-6.1915e+02	1.5189e+03	8.1669e+02	1.1860e+03	1.1086e+03	-1.0201e+03	1.3950e+03	5.1952e+02	3.4515e+02	2.6227e+03
8.0000e+04	1.3701e+03	1.0445e+02	-6.1192e+01	-3.5708e+02	1.8850e+02	2.4970e+01	9.3302e+02	-1.4483e+03	-4.4182e+02	4.3790e+02	-1.7404e+02	1.1350e+03	6.4697e+01	-3.2374e+02	4.5726e+02	3.4231e+02	-7.6921e+01	1.0557e+03	-3.0089e+02	6.7671e+02	7.1029e+02	3.8700e+02	3.9393e+01	1.2129e+03	8.0349e+02	-1.9744e+02	6.8267e+02	-1.0474e+03	-2.6158e+02	-4.9118e+02	-5.9866e+02	-4.6612e+01	-7.5771e+02	-2.4896e+03	3.3651e+02	-9.4186e+02	-1.2782e+02	-1.5620e+03	-1.9470e+02	-1.6606e+02	6.9154e+02	-1.8537e+02	-1.2142e+02	-7.8254e+02	-7.2071e+02	3.0673e+02	4.3692e+02	-3.2741e+02	-6.9757e+02	-6.1329e+02	3.9753e+02	-2.7144e+03	-6.2112e+02	-2.6164e+02	4.4340e+02	-7.9824e+02	-4.7973e+02	-4.8721e+02	5.4445e+01	-5.1045e+02	4.2438e+01	8.7687e+02	-4.1392e+02	4.6392e+02	1.4848e+02	-3.9250e+02	-7.9704e+02	-4.6457e+02	5.3106e+02	-3.9992e+02	1.7032e+02	1.1047e+03	9.3991e+02	-5.4585e+02	1.3504e+03	-1.4405e+02	9.6440e+02	8.4904e+02	2.8350e+02	2.7993e+02	5.1778e+02	-3.6071e+02	7.7276e+02	-2.9633e+02	-7.2168e+02	-6.9957e+02	-1.7968e+03	3.3905e+02	9.4566e+02	1.3068e+03	-8.5190e+00	7.4061e+02	1.6872e+03	1.5776e+02	-9.1597e+02	7.5730e+02	-8.9685e+01	6.7892e+02	9.2371e+02	2.4461e+02	-6.8132e+02	-6.7022e+02	-1.1619e+03	3.9758e+02	-2.3988e+02	-3.9481e+02	2.0790e+02	3.3800e+02	1.0387e+02	1.0373e+02	-6.0812e+02	-3.6664e+02	5.3616e+02	-3.5436e+02	-5.5365e+02	6.0666e+02	4.6231e+02	3.9910e+02	-5.7317e+02	-1.9960e+02	-4.4086e+02	-5.2084e+02	3.2037e+02	-1.4350e+03	2.1169e+02	-8.0755e+02	-4.8411e+02	1.8655e+02	8.7950e+02	4.7855e+02	-4.0587e+02	1.4778e+02	1.8304e+02	-1.1714e+02	3.8647e+01	-1.1951e+03	3.8005e+02	8.1376e+02	-3.5295e+02	-1.1889e+03	7.0407e+00	-8.9123e+02	7.3344e+02	-2.8972e+02	2.2596e+02	1.5369e+03	-1.0360e+03	-2.2277e+02	-9.2674e+02	-1.6339e+03	1.4260e+03	-1.9208e+02	2.6551e+02	7.7140e+02	2.3909e+02	1.4339e+03	-6.8094e+02	-9.0630e+01	-5.2937e+02	7.0237e+02	-1.0279e+03	6.7229e+02	-3.0052e+02	2.3464e+02	1.3385e+03	-1.1595e+02	4.4119e+02	1.9737e+03	-7.0184e+01	-1.9800e+02	-2.6946e+02	-7.6420e+01	3.8542e+02	-9.6618e+02	7.2694e+02	6.5878e+02	-1.3951e+01	6.5674e+02	8.6742e+02	7.3978e+02	1.5458e+01	2.9865e+02	-1.6628e+02	1.3686e+02	-8.3648e+02	-2.5763e+01	1.2554e+03	2.2886e+02	-4.3041e+02	-4.8972e+01	1.1418e+03	3.5290e+02	5.4923e+01	-8.4371e+02	4.0877e+02	-5.4062e+02	2.7116e+02	-5.2534e+02	-2.0535e+02	3.5989e+02
8.0000e+04	-5.7595e+01	8.2732e+02	1.1801e+02	1.8351e+02	-9.4223e+02	1.2747e+03	-1.4007e+03	-1.8408e+02	6.6174e+02	5.9077e+02	1.4437e+03	6.9424e+02	2.0550e+02	8.2991e+02	1.0171e+03	-1.2890e+03	3.3884e+02	7.3139e+02	-5.3992e+02	-1.9787e+03	-7.6487e+02	2.2941e+01	-1.1573e+03	1.9319e+03	6.5119e+02	-8.9113e+02	-6.1382e+02	-1.1003e+03	9.7179e+02	5.1586e+02	-2.6344e+02	1.0964e+03	-4.8362e+02	5.7578e+02	2.0190e+02	9.9837e+02	1.8808e+03	-3.3420e+03	-1.1253e+03	5.1473e+01	5.4508e+02	9.1431e+01	-9.8913e+02	9.3302e+02	-2.4109e+02	-8.9105e+02	6.5922e+02	8.4684e+02	-1.0672e+03	2.3121e+03	5.1128e+02	-7.1562e+01	-7.0511e+02	1.7187e+01	-1.4655e+03	3.5493e+01	1.5679e+03	2.1189e+03	4.8968e+02	-8.9037e+02	-2.3903e+03	-1.5180e+03	-6.4887e+02	6.5580e+02	1.0013e+03	9.3463e+01	5.8836e+01	1.4600e+02	6.6139e+02	5.0259e+02	8.6349e+02	9.4135e+02	8.2995e+02	-1.4232e+03	9.5435e+02	-6.7096e+02	1.2336e+02	-1.4585e+03	1.0291e+03	1.0163e+02	-3.6032e+02	-7.7342e+02	-3.8090e+02	5.9069e+02	1.9070e+03	9.1575e+02	-2.1712e+03	-2.8863e+03	1.3885e+03	-3.3737e+02	-7.3090e+02	-1.2163e+03	-1.3654e+03	1.5733e+03	-9.6819e+02	-2.9831e+03	-2.1585e+03	-3.4807e+01	6.5851e+02	3.3239e+03	-2.5432e+03	-7.8419e+02	1.9425e+03	-1.1399e+03	2.4005e+02	8.7050e+02	-1.8687e+02	1.5518e+03	-9.5163e+02	-1.6518e+03	-1.7790e+03	-1.7502e+03	-1.2515e+03	5.7541e+02	-1.5775e+03	-1.6878e+02	8.1338e+02	-1.5563e+03	6.2098e+02	-5.2942e+02	-9.9752e+02	1.4484e+03	4.2204e+01	-1.7978e+03	-6.4885e+02	1.6763e+03	-7.1518e+02	5.2668e+02	-8.8465e+02	9.0423e+02	2.6654e+02	-1.3220e+03	-4.3377e+02	-1.8572e+03	-9.7254e+02	-1.2330e+03	1.9099e+03	-1.3357e+03	7.9054e+02	-7.6696e+02	1.2889e+03	-2.9449e+03	-1.3053e+03	-5.8005e+02	1.3659e+01	-3.9557e+02	-4.8976e+01	9.8078e+02	1.4860e+03	1.0705e+03	-1.2266e+02	-3.2552e+02	-4.2143e+02	-1.3103e+03	1.4536e+03	-1.1270e+02	-3.0716e+03	-7.3260e+02	3.5460e+02	-6.2505e+01	6.3202e+02	-3.9148e+01	9.8209e+01	3.3029e+02	-6.2070e+02	-8.3569e+02	1.0171e+03	1.4911e+03	-1.4828e+03	-2.6409e+03	-2.2319e+02	-1.5608e+02	-4.0484e+02	6.8606e+02	-1.1856e+03	1.4778e+03	1.1139e+03	7.8948e+02	-5.6012e+02	1.4845e+03	5.2535e+02	-1.4013e+03	1.2302e+03	-2.8018e+03	7.3704e+02	-1.2547e+03	-1.8755e+03	7.4637e+02	2.7252e+02	-8.9315e+02	-4.2642e+02	3.4274e+03	1.0222e+03	5.8391e+02	4.8238e+02	-1.3843e+02	1.9408e+03	4.7148e+02	4.6947e+02	3.9993e+03
1.0000e+05	1.2917e+03	2.7005e+00	4.1169e+02	-2.5241e+02	4.7789e+01	4.7464e+02	9.5332e+02	-1.0830e+03	-8.1912e+02	6.0479e+01	2.5206e+02	1.4880e+03	-1.4968e+02	-1.0729e+03	-3.4414e+02	5.7170e+02	-1.3100e+02	1.3765e+03	-2.1143e+02	1.3366e+03	1.0464e+03	3.0198e+02	1.7238e+02	1.2931e+03	5.7469e+02	-4.2197e+02	3.8812e+02	-5.0462e+02	-3.3844e+02	-5.9399e+02	-5.7626e+02	3.2322e+02	-1.1022e+03	-3.1443e+03	-2.0434e+01	-1.5832e+03	-1.9423e+02	-1.7126e+03	-4.1290e+02	-1.1625e+02	1.2357e+03	5.1875e+01	-6.1905e+02	-1.6060e+02	-5.9786e+02	7.8388e+02	6.0281e+02	-3.1213e+02	-4.1613e+02	-5.0559e+02	2.7799e+02	-3.5302e+03	-8.5575e+02	5.9203e+02	1.0887e+03	-8.2134e+02	8.0664e+01	-5.0138e+02	-1.9457e+02	-4.6355e+01	9.2829e+02	1.2811e+02	-1.0577e+02	3.2119e+02	6.9650e+02	3.4701e+02	-2.8473e+02	-6.0620e+02	6.9560e+02	-1.1005e+03	9.7762e+01	1.4816e+03	1.3748e+03	-3.3232e+02	1.5067e+03	-4.0143e+02	1.1598e+03	5.7481e+01	3.7513e+02	2.6400e+02	5.0493e+02	-4.2062e+02	1.8516e+03	-9.0996e+02	-1.1448e+03	-8.6286e+02	-1.6662e+03	6.3769e+02	7.3594e+02	9.8692e+02	-6.2181e+02	8.4575e+02	1.7863e+03	1.2478e+02	-6.3071e+02	4.7850e+02	4.7334e+02	-1.9884e+02	8.7857e+02	4.1529e+02	-6.6088e+02	-5.1968e+02	-1.1278e+03	2.8262e+02	-1.6141e+02	-5.5931e+02	-2.7677e+02	1.6259e+02	1.2593e+02	-3.7096e+02	-6.2277e+02	-5.0183e+02	1.0087e+03	-5.7231e+02	-2.9521e+02	6.7312e+02	4.0846e+02	1.5043e+02	-6.9760e+02	-3.1123e+02	-5.4662e+02	-6.1629e+02	5.0239e+02	-1.0278e+03	2.5865e+02	-1.3789e+03	-5.0076e+02	-1.0877e+01	1.1343e+03	6.0255e+02	-1.0007e+03	3.4996e+02	4.8437e+01	-6.1101e+02	1.3724e+02	-4.6051e+02	5.5498e+02	3.8739e+02	-6.0262e+02	-1.1163e+03	6.2299e+01	-8.5044e+02	1.1163e+03	-2.9000e+02	-5.3427e+02	1.7723e+03	-1.1321e+03	-3.1197e+02	-7.8058e+02	-2.0626e+03	1.3042e+03	-2.3906e+02	-7.2239e+02	1.8945e+03	2.1367e+02	2.2903e+03	-5.7023e+02	3.0710e+02	2.0552e+02	7.3821e+02	-1.0796e+03	2.2261e+02	-4.2953e+02	1.7714e+02	1.0061e+03	-3.1665e+02	4.7741e+02	1.7342e+03	5.7110e+01	4.5334e+01	-9.5602e+02	8.9264e+01	7.5896e+02	-1.6400e+03	4.2802e+02	-1.2202e+02	7.7939e+02	3.9325e+02	2.8579e+02	4.8552e+02	2.7156e+02	4.9565e+02	-2.3632e+01	4.6406e+02	-1.4543e+03	6.3373e+01	1.7217e+03	9.0844e+02	-3.8161e+02	2.9390e+02	1.1919e+03	6.2943e+02	-1.6779e+02	-3.9533e+02	6.1823e+02	-6.2809e+02	3.2441e+02	-2.5820e+02	-4.8781e+02	7.4139e+02
1.0000e+05	-2.3414e+02	6.8745e+01	-2.7938e+02	-2.6817e+02	-1.2072e+03	1.3556e+03	-9.2173e+02	2.5028e+01	1.6031e+03	-5.6041e+02	6.4878e+02	7.1634e+02	8.5800e+02	1.0122e+03	1.4045e+03	-7.4497e+02	-3.2124e+02	7.6690e+02	-8.0622e+02	-1.6484e+03	-5.3799e+02	6.5332e+01	-1.2938e+03	1.5960e+03	1.0564e+03	-1.0853e+03	-6.6236e+02	-1.1555e+01	1.0220e+03	-7.5329e+01	3.8155e+02	1.5618e+03	-1.5142e+03	-1.0641e+03	1.1685e+02	1.2801e+03	1.6735e+03	-3.3177e+03	-1.1793e+03	5.4298e+02	5.6499e+01	-3.2857e+00	-1.2455e+03	1.2203e+03	4.7046e+01	-1.4116e+03	9.1325e+02	8.9462e+02	-1.4358e+03	1.9650e+03	1.1770e+02	-5.1904e+02	-9.6618e+02	-2.7100e+02	-1.7751e+03	1.5186e+02	1.5979e+03	1.9258e+03	8.6004e+01	-1.1822e+03	-2.7175e+03	-1.1286e+03	-2.0554e+03	4.0272e+02	1.6829e+03	-8.9698e+02	4.8941e+02	-8.0286e+02	1.3438e+03	1.2967e+03	1.5096e+03	4.6016e+02	8.1433e+02	-1.4817e+03	1.6886e+03	5.8088e+02	5.2076e+02	-1.2526e+03	7.5550e+02	3.5595e+02	-6.2205e+02	-1.5243e+02	-3.3524e+02	9.3866e+02	1.8718e+03	2.0728e+03	-2.9204e+03	-2.5248e+03	3.9506e+02	7.0190e+01	-4.8623e+02	-1.4184e+03	-2.8849e+03	2.1546e+03	-1.3810e+03	-2.8916e+03	-2.3194e+03	-3.8103e+02	-1.5060e+02	3.9063e+03	-2.8024e+03	-5.0758e+02	1.9435e+03	-1.2445e+03	1.0853e+03	1.3268e+03	-1.1828e+02	2.1065e+03	-1.0687e+03	-1.3045e+03	-1.3978e+03	-1.7856e+03	-9.9272e+02	5.3414e+02	-2.6887e+03	2.4610e+02	7.5189e+02	-2.3326e+03	1.4438e+03	-6.3332e+02	-1.5321e+03	1.7000e+03	7.1900e+02	-1.2141e+03	-1.5493e+03	2.6555e+03	1.9093e+02	7.0069e+02	-1.0962e+03	6.5151e+02	6.1048e+02	-1.1818e+03	4.0044e+02	-1.1584e+03	-5.2463e+02	-1.5526e+03	1.9102e+03	-4.3296e+02	1.3769e+03	-3.9882e+02	5.6682e+02	-2.8495e+03	-1.8485e+03	-8.8533e+02	7.7810e+02	-9.5225e+01	6.2454e+02	1.1040e+03	6.8552e+02	1.1188e+03	-7.8107e+02	-3.7213e+02	-2.3873e+02	-4.9103e+02	1.2408e+03	-9.1730e+01	-4.1282e+03	-1.0203e+02	3.6311e+02	-3.2556e+02	1.2289e+02	4.5761e+02	8.9205e+01	-1.1768e+02	-9.2660e+02	5.4986e+01	9.3542e+02	1.0645e+03	-1.5355e+03	-3.4077e+03	-1.4939e+02	-6.2176e+02	-7.9875e+02	6.6494e+02	-1.4968e+03	2.0202e+03	1.9442e+03	3.1958e+02	-2.4504e+02	2.5173e+03	1.3216e+03	-1.5198e+03	1.4994e+03	-2.7528e+03	2.3975e+02	-9.1146e+02	-2.0030e+03	1.3452e+03	1.2081e+02	-1.1226e+03	-8.5961e+01	3.2807e+03	1.6033e+03	6.3237e+02	5.1665e+02	7.5454e+00	1.4098e+03	9.0734e+02	2.6456e+02	4.4878e+03
1.2000e+05	1.4227e+03	-2.3054e+02	5.0188e+02	-4.3332e+02	-3.2642e+01	8.0152e+02	2.2776e+02	-1.4613e+03	-6.6057e+02	3.9035e+02	5.2043e+02	1.9368e+03	-3.0105e+02	-8.0514e+02	-1.8757e+02	4.3011e+02	-1.9344e+02	1.3452e+03	2.4325e+02	1.5409e+03	1.7135e+03	7.3093e+02	6.9543e+02	1.1897e+03	5.4277e+02	-7.0398e+02	3.7267e+02	-6.3307e+02	8.7351e+01	-9.0552e+01	-3.1835e+02	-4.0044e+01	-5.0458e+02	-2.8407e+03	2.6424e+02	-1.2770e+03	-1.4125e+02	-2.1704e+03	-2.5939e+02	8.7340e+01	1.7010e+03	5.3702e+02	-1.3418e+03	7.7886e+00	-5.9843e+02	8.5858e+02	5.6801e+02	1.2783e+02	-3.6480e+02	-3.1021e+02	7.4333e+01	-3.0929e+03	-1.0267e+03	-6.5829e+01	1.2331e+03	-5.2666e+02	6.8296e+02	-6.7648e+02	9.8048e+01	2.0405e+02	1.1060e+03	8.5740e+02	-8.1678e+02	3.8770e+02	1.1757e+03	1.0744e+02	2.6359e+02	-5.0325e+02	4.4945e+02	-7.9480e+02	5.7559e+02	9.0967e+02	1.3038e+03	-2.5521e+02	1.3182e+03	-9.4862e+01	9.6871e+02	-2.5708e+02	4.0435e+02	4.0000e+02	5.9463e+02	-4.4270e+02	1.8923e+03	-9.4035e+02	-2.0299e+02	-6.9760e+02	-1.2520e+03	9.2092e+02	1.3159e+03	4.7760e+02	3.9254e+01	1.5560e+03	1.4518e+03	-3.9247e+02	-6.9102e+02	6.2586e+02	3.4995e+02	-3.9088e+02	1.1570e+03	1.5293e+02	-4.4885e+02	-6.1654e+02	-6.0206e+02	-1.6472e+02	-4.8160e+02	-5.8986e+02	-5.4423e+02	-3.7704e+02	1.0067e+02	-1.3273e+03	-9.8973e+02	-7.9037e+02	1.1917e+03	-1.4289e+02	2.9998e+01	6.9073e+02	2.4887e+01	-2.7447e+02	-1.2782e+03	-5.7713e+00	3.8919e+01	-2.3538e+02	4.6866e+02	-1.0328e+03	6.6224e+02	-8.3549e+02	-2.3904e+02	-2.7526e+02	1.1172e+03	2.6669e+02	-8.7046e+02	1.9408e+02	4.3741e+02	-5.7583e+02	4.1005e+02	2.0968e+02	8.3860e+02	9.9959e+02	-1.8482e+02	-6.5969e+02	-5.5463e+00	-9.3582e+02	6.4143e+02	-1.2945e+01	2.9050e+02	2.6677e+03	-1.4344e+03	-6.6187e+02	-1.0005e+03	-2.4433e+03	1.4169e+03	-4.5844e+02	-8.2264e+02	2.1389e+03	-5.5615e+02	2.8098e+03	-1.3841e+02	1.1229e+03	7.6007e+02	6.5397e+02	-9.5107e+02	-1.9256e+02	-4.5287e+02	4.8756e+01	4.1766e+02	-9.6932e+02	1.2516e+03	1.7020e+03	2.1902e+02	-1.1622e+02	-5.6640e+02	-4.6791e+01	1.2180e+03	-1.2577e+03	2.5128e+02	-9.2119e+02	1.0773e+03	5.2426e+02	-6.7421e+01	8.4256e+02	4.6737e+02	2.0533e+02	3.9607e+02	1.2602e+03	-1.4026e+03	-1.4771e+02	1.7193e+03	6.7791e+02	-3.5431e+02	5.2771e+02	1.0815e+03	1.6421e+02	-5.2352e+02	-2.3422e+02	1.1624e+03	-7.1856e+02	6.5250e+02	-3.6546e+02	2.8437e+01	4.3708e+02
1.2000e+05	-8.9253e+02	-2.4585e+00	-1.1338e+03	-9.5103e+02	-5.4575e+02	7.5408e+02	-1.0457e+03	-2.0328e+02	8.8107e+02	-7.4719e+02	9.1359e+02	5.7614e+02	3.0106e+02	1.1092e+03	1.2549e+03	-8.7975e+02	-1.0259e+03	9.0693e+02	-7.2045e+02	-2.1375e+03	-2.1928e+01	4.8991e+01	-4.7961e+02	2.3457e+03	5.1803e+02	-1.0365e+03	-1.1662e+03	-6.0552e+02	1.7330e+03	5.1622e+02	1.3087e+03	1.6334e+03	-2.2181e+03	-6.4448e+02	9.7787e+02	9.1670e+02	1.7662e+03	-4.2085e+03	-1.2730e+03	2.9296e+02	2.8578e+02	-2.0831e+01	-1.2400e+03	1.6077e+03	-2.9541e+01	-9.1399e+02	1.4705e+03	1.7879e+03	-2.4184e+03	2.0639e+03	5.1547e+01	-1.3816e+03	-5.4796e+02	2.3507e+02	-2.2345e+03	1.0715e+03	7.1703e+02	1.0715e+03	-4.3017e+02	-1.2537e+03	-2.3134e+03	-4.3210e+02	-2.5257e+03	5.4577e+02	3.1647e+03	-8.3968e+02	6.0396e+02	-1.2400e+03	9.6957e+02	1.2910e+03	1.6411e+03	9.8946e+02	1.2710e+03	-1.4417e+03	1.3169e+03	1.3470e+03	-4.7916e+02	-1.2735e+03	2.7353e+02	-7.0704e+02	2.6894e+02	2.2426e+02	-8.6285e+02	1.8129e+03	1.8792e+03	1.5793e+03	-4.6933e+03	-2.3811e+03	8.3053e+02	-7.8641e+02	-4.4977e+02	-1.9833e+03	-3.2408e+03	2.2138e+03	-2.1815e+03	-2.7924e+03	-1.4874e+03	-5.4209e+02	-1.7010e+02	4.1771e+03	-3.2763e+03	-1.8166e+03	2.9227e+03	-1.6556e+03	1.1943e+03	2.0748e+03	-1.4483e+03	1.9699e+03	-1.0915e+03	-2.1557e+03	-4.4386e+01	-1.0610e+03	-1.1738e+03	-1.1202e+02	-2.4568e+03	1.1708e+03	1.1679e+03	-2.2117e+03	1.5543e+03	-1.2542e+03	-1.9492e+03	1.7042e+03	-8.8708e+02	-5.2001e+02	-8.2033e+02	2.2621e+03	6.6718e+02	5.0634e+02	-1.1695e+03	1.6267e+03	-1.2039e+02	-1.6473e+03	-7.6326e+01	-1.6573e+03	3.4757e+02	-1.1385e+03	2.6378e+03	-1.5326e+03	1.6180e+03	-1.4595e+03	3.9270e+02	-2.8709e+03	-2.2628e+03	-3.4278e+02	3.1963e+02	1.2636e+03	6.4040e+02	1.9953e+03	8.3095e+02	1.3429e+03	-1.0729e+03	-3.1920e+02	-4.0563e+02	-3.2379e+02	9.8907e+02	3.3151e+02	-4.5874e+03	-1.6218e+02	6.8936e+02	7.8010e+02	4.3204e+02	2.1814e+01	6.1192e+02	-2.5674e+01	-1.3286e+03	-2.2463e+02	1.6533e+02	2.0332e+03	-1.3707e+03	-3.4897e+03	-4.5182e+02	8.5318e+02	-1.0193e+03	6.3161e+02	-9.9801e+02	1.9849e+03	2.1698e+03	-1.1157e+01	-8.0109e+01	2.7910e+03	1.1407e+03	-1.9905e+03	1.2917e+03	-3.0303e+03	-2.0358e+02	-1.2041e+03	-2.0149e+03	5.8153e+02	-5.6832e+02	-9.9898e+02	3.7770e+02	4.1537e+03	1.0070e+03	-1.2786e+02	6.6752e+01	6.6018e+02	2.4730e+03	6.2722e+02	3.4896e+02	4.3020e+03
1.4000e+05	1.6706e+03	8.8526e+01	5.1917e+02	-7.9896e+01	2.7058e+01	4.6077e+02	2.5843e+02	-1.1929e+03	-2.6513e+02	5.0558e+02	1.4088e+03	1.6934e+03	-3.6457e+02	-8.4757e+02	-3.2050e+02	1.0687e+02	-6.4605e+02	1.1000e+03	3.0275e+02	1.9783e+03	2.3637e+03	6.5303e+02	7.8360e+02	1.4057e+03	8.5406e+02	1.2310e+02	1.0865e+03	-8.2535e+02	6.5269e+02	4.4165e+02	-1.4847e+02	-1.8630e+02	-7.6354e+02	-3.1206e+03	-1.8175e+01	-1.4533e+03	-3.6175e+02	-1.5746e+03	-5.9771e+02	3.0865e+01	9.2944e+02	8.1082e+02	-1.1039e+03	8.0205e+02	-7.8119e+02	2.3984e+02	3.5098e+02	7.4698e+02	-6.8483e+02	-6.7806e+02	2.6410e+02	-3.2728e+03	-8.1839e+02	-3.6027e+02	1.1762e+03	-9.3435e+02	6.0884e+02	-9.1625e+02	1.0589e+02	-7.1808e+02	1.1818e+03	1.2625e+03	-1.3281e+03	6.1359e+02	1.1810e+03	8.2743e+02	3.3499e+02	-7.0338e+02	7.1334e+02	-6.6043e+02	5.7959e+02	6.2115e+02	1.6209e+03	-2.0516e+02	1.6460e+03	-7.8292e+01	8.3449e+02	-1.7785e+02	4.6433e+02	8.9873e+02	6.5918e+02	-4.5382e+02	9.8933e+02	-1.1983e+03	-1.7802e+02	-3.8941e+02	-4.1237e+02	8.0535e+02	9.6628e+02	-1.8130e+02	1.6508e+02	1.6250e+03	1.3630e+03	-4.5400e+02	-1.6830e+02	6.4048e+02	7.3929e+02	-5.6575e+02	1.5987e+03	-1.9587e+01	-8.0285e+02	-4.6982e+02	-6.0766e+01	1.9209e+02	-5.0981e+02	-9.8767e+02	-3.9127e+00	-2.3917e+02	1.7014e+02	-1.0469e+03	-7.7053e+02	-1.0176e+03	8.6550e+02	1.1242e+02	3.0523e+02	8.9949e+02	1.1338e+03	-1.7644e+02	-1.5812e+03	2.9618e+02	3.0792e+02	3.2954e+02	8.4181e+02	-9.8549e+02	7.9473e+02	-1.1075e+03	-9.8909e+02	-6.1653e+02	7.8193e+02	-3.2572e+02	-5.9953e+02	5.8194e+01	6.3906e+02	-1.2342e+03	1.9728e+02	4.0443e+02	1.3923e+03	5.3417e+02	3.1296e+02	-5.0281e+02	-2.2313e+02	-7.4568e+02	9.2696e+02	-1.1798e+02	4.7767e+02	2.7935e+03	-1.7855e+03	-4.5676e+02	-1.8380e+03	-2.8758e+03	1.3586e+03	-4.4883e+02	-1.3191e+03	1.9135e+03	-1.6036e+02	3.6008e+03	4.8345e+02	1.1803e+03	-1.1583e+02	4.2406e+01	-1.0168e+03	-2.5221e+01	-5.1502e+02	5.7132e+02	1.5718e+02	-1.1749e+03	2.1730e+03	1.1962e+03	3.0001e+02	-1.5838e+01	1.0383e+02	3.4716e+02	1.8940e+03	-9.3086e+02	5.9420e+02	-5.2850e+02	1.4069e+03	-2.8333e+01	-4.2538e+02	1.1088e+03	7.4969e+02	4.8004e+02	7.2902e+02	7.8030e+02	-7.6265e+02	-1.3627e+02	2.1533e+03	8.0372e+02	2.7560e+02	1.3991e+02	4.6996e+02	2.5484e+02	1.6922e+02	-2.3731e+02	9.5140e+02	-3.3617e+02	1.0338e+03	-2.0423e+02	5.4143e+02	5.7637e+02
1.4000e+05	-1.0271e+03	4.5445e+02	-7.8737e+02	-1.7353e+03	-4.2845e+02	-3.8894e+02	-1.0421e+03	1.0992e+02	3.4600e+02	-8.9157e+02	6.2332e+02	2.6894e+02	2.6343e+02	1.5972e+03	1.3771e+03	-6.6623e+02	-1.5979e+03	9.9999e+02	-3.7395e+02	-1.7715e+03	9.3711e+01	-2.9380e+02	-1.2740e+03	2.8314e+03	5.0325e+02	-9.7166e+02	-9.4362e+02	-7.5036e+02	2.3968e+03	9.4737e+02	6.7651e+02	1.9816e+03	-2.7902e+03	-3.7037e+02	8.7059e+02	1.5731e+03	1.3582e+03	-4.9573e+03	-2.6278e+03	1.4948e+03	8.5198e+02	3.2685e+01	-7.4441e+02	5.5709e+02	2.0406e+02	-1.1258e+03	1.8988e+03	2.8629e+03	-2.2160e+03	1.8863e+03	1.1363e+02	-2.5626e+03	-8.9477e+02	-2.5572e+02	-4.0688e+03	1.5097e+03	1.5439e+03	1.4011e+03	-1.6649e+03	-5.0698e+02	-1.9711e+03	4.3807e+02	-2.9788e+03	3.2014e+02	2.8433e+03	-1.3466e+03	9.7558e+02	-9.0978e+02	6.1581e+02	1.6421e+03	1.8077e+03	2.1646e+03	3.1887e+02	-1.7391e+03	1.5366e+03	2.2732e+03	-6.1711e+02	-1.4567e+03	5.9205e+02	-8.6361e+02	6.0939e+02	5.6752e+02	-5.2795e+02	1.2464e+03	2.2642e+03	1.5331e+03	-5.2224e+03	-2.6557e+03	9.3002e+02	-9.8452e+02	-4.3739e+02	-2.0955e+03	-3.7120e+03	2.2637e+03	-2.3707e+03	-3.2053e+03	-1.9816e+03	-1.1287e+03	2.2161e+02	3.6441e+03	-2.6337e+03	-2.2392e+03	2.8372e+03	-2.3831e+03	3.6175e+02	2.5444e+03	-1.4460e+03	2.5596e+03	-8.2213e+02	-1.7480e+03	-3.9178e+02	-3.2661e+02	-1.0853e+03	-2.9504e+02	-6.0764e+02	1.5036e+03	1.5288e+03	-1.2090e+03	1.3556e+03	-3.5630e+02	-1.4471e+03	2.4664e+03	-1.2705e+03	-6.6545e+02	-8.8295e+01	2.8690e+03	6.0415e+02	1.4533e+03	-6.9879e+02	2.1230e+03	-3.6677e+01	-1.7365e+03	4.5319e+02	-1.7366e+03	1.1006e+03	-1.1887e+03	3.4400e+03	-1.6298e+03	1.6240e+03	-1.7503e+03	1.4820e+02	-2.5899e+03	-2.2383e+03	-2.7934e+01	-2.1220e+02	1.2446e+03	-8.6150e+01	1.8070e+03	8.8698e+01	1.4801e+03	-1.7472e+03	-8.4136e+02	-6.8612e+02	-1.3637e+03	1.1178e+03	1.2350e+03	-5.4592e+03	-8.9674e+00	9.8732e+02	-4.3638e+02	1.1392e+03	2.7030e+02	-1.2216e+02	8.9960e+02	-1.0978e+03	2.8893e+02	-2.2747e+01	2.2532e+03	-1.0128e+03	-2.4422e+03	4.0932e+02	2.1047e+03	-1.6962e+03	-4.1176e+02	-7.5569e+02	1.8754e+03	2.6741e+03	7.7384e+01	-1.1169e+03	2.6482e+03	1.6420e+03	-1.7612e+03	1.1893e+03	-3.4977e+03	-4.8390e+02	-1.3532e+03	-1.7802e+03	-1.1759e+02	4.9712e+02	-6.8871e+01	1.5031e+03	3.1965e+03	4.5721e+02	-3.4438e+02	9.8959e+02	2.0248e+02	2.2263e+03	1.0702e+03	3.9132e+02	3.6881e+03
1.6000e+05	1.8024e+03	-1.9247e+02	5.1227e+02	-1.0799e+03	-1.5128e+02	6.3026e+01	2.4671e+02	-1.6185e+03	-2.6213e+02	5.9948e+02	1.6099e+03	1.9666e+03	1.0037e+02	-1.0694e+02	-4.4716e+02	6.4102e+01	-5.7723e+02	1.3363e+03	1.4259e+03	2.1347e+03	2.3486e+03	1.0090e+03	6.3704e+02	9.5133e+02	1.0477e+03	-1.9712e+02	1.6913e+03	-1.7071e+03	6.3215e+02	2.7246e+02	5.7118e+01	6.3786e+01	-5.1104e+02	-3.2839e+03	1.3331e+02	-8.9626e+02	-1.4697e+02	-1.1820e+03	-9.4792e+02	-5.9435e+02	5.8500e+02	1.5935e+03	-5.2322e+02	7.6963e+02	-5.9282e+02	1.6534e+02	-2.5364e+02	1.0825e+03	-8.4625e+02	-8.6206e+02	-4.6022e+01	-3.0783e+03	-6.8747e+02	-2.5814e+01	1.7485e+03	-9.9544e+02	3.3263e+02	-1.2663e+03	5.9768e+02	-6.1283e+02	1.5365e+03	1.2963e+03	-8.5604e+02	3.7486e+02	1.5895e+03	7.3245e+02	-1.4332e+02	-8.1803e+02	8.8705e+02	-1.3478e+03	5.4590e+02	4.5772e+02	8.9478e+02	-5.8589e+02	1.3370e+03	5.6500e+02	1.6226e+03	-6.8801e+02	7.5202e+02	7.9138e+02	1.3236e+03	-6.3677e+02	9.7964e+02	-1.0138e+03	-3.1236e+02	-1.2367e+02	-5.9854e+02	6.6093e+02	1.4398e+03	1.4215e+02	6.9764e+01	1.3745e+03	1.5356e+03	-7.6667e+02	6.3122e+01	9.4625e+02	2.3047e+02	-7.7331e+02	2.0328e+03	6.0305e+02	-1.1402e+03	-6.1153e+02	4.4957e+02	-1.6374e+02	3.4103e+01	-7.4034e+02	-7.4048e+00	-7.9784e+01	-1.4939e+02	-8.8483e+02	-7.3720e+02	-1.3192e+03	1.0006e+03	5.0815e+02	7.5972e+02	9.8436e+02	9.3935e+02	-8.3244e+01	-1.5469e+03	1.6303e+02	9.6468e+02	4.9418e+02	2.7238e+02	-1.5810e+03	-1.0995e+02	-1.0407e+03	-3.3396e+02	-6.5210e+02	1.6328e+02	-7.6998e+02	-9.9030e+02	-2.4712e+02	4.1826e+02	-1.3167e+03	8.3390e+02	6.7830e+02	1.6523e+03	1.1779e+03	2.8447e+02	-1.8262e+02	-4.4048e+02	-9.9669e+02	1.4650e+03	-5.9301e+02	9.5206e+02	2.7252e+03	-2.3518e+03	1.6374e+02	-1.7006e+03	-2.2475e+03	1.7302e+03	3.9083e+02	-1.1010e+03	2.0271e+03	-9.3326e+01	2.9197e+03	3.3048e+02	8.0590e+02	2.4303e+02	-3.4549e+02	-1.3314e+03	-8.6796e+02	-1.2771e+03	2.9378e+01	7.8308e+02	-7.9420e+02	1.5116e+03	1.8269e+03	2.4233e+02	-5.7399e+01	-2.7908e+02	5.6787e+02	1.9047e+03	-1.5833e+03	3.9271e+02	-1.1567e+03	1.4900e+03	1.2898e+02	-1.8113e+02	1.0181e+03	1.2916e+03	5.4962e+02	7.2829e+02	1.1685e+03	-2.1014e+02	6.6706e+01	1.0797e+03	4.4664e+02	4.0726e+02	-2.7888e+02	1.5790e+02	6.8756e+02	-2.4939e+02	-6.6704e+02	1.1233e+03	-8.5772e+01	9.4927e+02	-2.1337e+02	7.7239e+02	1.1323e+03
1.6000e+05	-7.4704e+02	1.7617e+02	-1.0893e+03	-2.8469e+03	-1.7778e+03	5.3345e+02	-1.6263e+03	-1.9371e+02	7.1326e+02	-1.2898e+03	8.6033e+02	-3.8494e+02	4.2432e+02	1.5017e+03	1.7460e+03	-8.8198e+02	-1.6968e+03	2.2260e+02	2.9625e+02	-8.9451e+02	-8.0447e+01	3.4718e+02	-3.8537e+02	2.8129e+03	-1.7223e+01	-1.1748e+03	-1.5856e+03	-7.1017e+02	1.6623e+03	5.5532e+02	5.7089e+02	1.6756e+03	-3.1408e+03	-6.4285e+02	8.2012e+02	1.5972e+03	1.4011e+03	-4.7717e+03	-2.9911e+03	1.2444e+03	1.1449e+03	1.2363e+02	-2.0197e+03	-1.9444e+02	1.2082e+03	-9.1603e+02	1.7096e+03	2.7465e+03	-2.3120e+03	2.2644e+03	4.4342e+00	-2.6421e+03	-9.9259e+02	-8.9824e+01	-4.2529e+03	9.1362e+02	1.4348e+03	1.9871e+03	-1.9582e+03	-1.4516e+03	-1.7953e+03	4.5606e+02	-1.9661e+03	3.4248e+02	3.0078e+03	-1.2910e+03	1.3142e+03	-4.7913e+02	1.4971e+03	1.7873e+03	3.2833e+03	2.4983e+03	1.0537e+03	-8.6767e+02	1.4987e+03	2.1740e+03	2.7421e+02	-2.1333e+03	5.0278e+02	-4.7884e+02	1.7671e+02	8.3566e+02	-1.0802e+03	2.6809e+03	2.1333e+03	1.9060e+03	-5.8006e+03	-2.0402e+03	1.5042e+03	-5.3585e+02	-1.7511e+02	-2.1576e+03	-3.3415e+03	2.7373e+03	-1.8687e+03	-2.6228e+03	-2.8755e+03	-9.6877e+02	-3.2435e+02	3.3023e+03	-3.3124e+03	-3.6479e+03	2.0707e+03	-2.1283e+03	1.0489e+03	4.0226e+03	-1.8056e+03	2.4311e+03	-7.8442e+02	-1.8437e+03	-2.7987e+02	-1.3452e+03	-1.0722e+03	1.8018e+02	-1.6783e+03	9.4186e+02	9.2750e+02	-1.4626e+03	1.8285e+03	-4.8260e+02	-1.3017e+03	2.7091e+03	-2.4569e+03	1.4780e+02	9.7276e+01	2.1523e+03	1.5450e+03	6.9875e+02	-7.5311e+02	2.7373e+03	-1.4997e+02	-2.1303e+03	-1.0704e+02	-2.0779e+03	3.9605e+02	-1.4197e+03	3.7832e+03	-7.5794e+02	8.5158e+02	-8.5498e+02	1.2813e+03	-3.5964e+03	-2.2205e+03	-1.1439e+02	-4.0889e+02	1.3107e+03	6.0848e+01	1.6934e+03	-1.2151e+02	8.0689e+02	-1.0176e+03	-9.7832e+02	-6.9827e+02	-1.0730e+03	1.0360e+03	8.5073e+02	-6.2059e+03	2.9095e+02	1.6169e+03	9.3698e+02	1.0600e+03	8.7134e+01	-5.3878e+02	1.0207e+03	-5.3550e+02	-4.0105e+02	-4.5911e+02	1.8448e+03	-1.5101e+03	-1.5748e+03	5.6458e+02	2.5183e+03	-1.0899e+02	-1.1052e+03	-1.4681e+03	1.7853e+03	3.9378e+03	2.2024e+02	1.7070e+02	3.8686e+03	1.6560e+03	-2.1861e+03	1.5052e+03	-4.5415e+03	-7.2927e+02	-1.0114e+03	-1.1731e+03	-1.7786e+02	5.7246e+02	1.0780e+03	1.2310e+03	2.4847e+03	4.2183e+02	2.2563e+02	8.5447e+02	1.7778e+03	1.9958e+03	2.0660e+03	9.2555e+02	3.9171e+03
1.8000e+05	1.4956e+03	-8.9098e+01	4.5499e+02	-6.9863e+02	2.5875e+02	2.0081e+02	-3.4118e+02	-1.3882e+03	-5.0053e+02	2.4318e+02	2.0590e+03	1.7281e+03	2.6475e+02	5.7929e+02	-8.6948e+02	2.4789e+02	-6.6744e+02	2.2823e+03	1.5322e+03	2.1705e+03	2.4980e+03	8.3425e+02	3.3040e+02	7.0562e+02	1.0941e+03	-2.5670e+02	1.9562e+03	-1.5705e+03	1.0873e+03	1.0045e+03	-1.6966e+01	-1.5869e+02	-2.8355e+02	-3.4398e+03	7.2513e+02	-3.0629e+02	1.2483e+02	-7.9836e+02	-1.0863e+03	-6.0935e+02	4.3485e+02	1.3316e+03	-2.4089e+02	1.3108e+03	-6.0362e+01	-1.3834e+02	-5.4469e+02	1.4148e+03	-6.0661e+02	-3.8261e+02	-1.7970e+02	-3.3500e+03	-1.1024e+03	-8.3612e+02	1.8641e+03	-5.7729e+02	2.4449e+02	-2.2204e+03	5.8749e+02	-4.1435e+02	1.9459e+03	1.0167e+03	-6.1203e+02	4.7781e+01	1.2804e+03	1.1636e+03	-1.2255e+01	-7.4514e+02	9.6886e+02	-1.2383e+03	2.3353e+02	7.3580e+02	1.0439e+03	-5.8207e+02	1.3777e+03	5.6098e+02	1.8200e+03	-8.4615e+02	3.6358e+02	1.3014e+03	1.0773e+03	-1.0714e+03	2.1704e+03	-8.3603e+02	2.8067e+01	-1.5828e+02	-8.6256e+02	6.7156e+02	1.7405e+03	1.1377e+01	-7.4443e+01	2.3666e+03	1.8154e+03	-7.8458e+02	-1.4073e+02	1.1677e+03	6.2371e+02	-1.2825e+03	2.4450e+03	6.8928e+02	-7.1705e+02	-3.6699e+02	2.7689e+02	-4.6777e+02	6.5921e+02	-5.8447e+02	2.9541e+02	-4.2104e+02	-6.7028e+01	-1.3171e+03	-9.5511e+02	-1.3704e+03	6.1128e+02	1.4025e+03	1.2841e+03	1.1552e+03	1.3833e+03	-4.0755e+01	-1.2401e+03	3.8963e+02	5.8323e+02	5.6752e+02	1.4589e+02	-1.2028e+03	-2.5621e+02	-8.3426e+02	-4.5895e+02	-8.9048e+02	-1.3411e+02	-5.7928e+01	-1.0565e+03	-3.9074e+02	5.8673e+01	-1.1917e+03	1.2331e+02	4.4775e+02	1.6383e+03	1.5494e+03	-9.0280e+01	-2.1616e+02	-7.3991e+01	-1.2361e+03	1.5157e+03	-3.6094e+02	9.2040e+02	2.1493e+03	-1.8238e+03	3.2324e+02	-1.3773e+03	-1.6406e+03	1.2973e+03	3.9748e+02	-1.3452e+03	2.7111e+03	-5.4761e+02	2.9282e+03	4.4438e+02	6.4472e+02	7.0299e+02	-5.8174e+02	-1.7359e+03	-7.6648e+02	-1.3638e+03	4.2893e+02	2.1000e+02	-1.0920e+03	1.8350e+03	1.4322e+03	-1.4776e+02	8.5612e+01	1.5159e+01	1.2675e+03	1.9717e+03	-1.8241e+03	5.9342e+02	-1.2946e+03	1.4760e+03	-2.6987e+02	-3.8238e+02	8.7042e+02	1.6392e+03	6.0868e+02	4.0373e+02	1.4207e+03	5.4565e+02	-7.0714e+02	1.4985e+03	1.0864e+03	1.4489e+03	3.8774e+02	4.1299e+02	1.2985e+03	4.7566e+01	-4.3975e+02	1.7717e+03	3.1663e+02	9.7137e+02	-3.7996e+02	6.8797e+02	1.1092e+03
1.8000e+05	-1.2378e+03	-7.3885e+02	-6.0122e+02	-3.1384e+03	-8.1363e+02	-4.1414e+02	-9.8197e+02	4.9485e+02	5.7417e+02	-1.3660e+03	1.3255e+03	-1.0498e+03	3.4558e+02	1.8389e+03	1.4767e+03	-4.8961e+02	-1.0332e+03	8.4749e+02	7.3055e+02	-9.7085e+02	-1.0436e+03	4.9170e+02	4.1338e+02	3.5521e+03	8.7407e+02	-1.5411e+03	-3.9555e+02	-5.0880e+02	2.0348e+03	6.8059e+02	1.4130e+03	2.0216e+03	-2.0628e+03	-8.0230e+02	-4.4357e+02	1.2008e+03	1.0591e+03	-3.9119e+03	-2.5461e+03	1.2088e+03	5.5076e+02	2.4640e+02	-1.7122e+03	2.6072e+01	8.7144e+02	-1.2214e+03	2.4408e+03	2.0605e+03	-2.4309e+03	2.6983e+03	-1.0446e+02	-2.7094e+03	-2.2580e+02	3.4373e+02	-4.3676e+03	1.5638e+03	1.5304e+03	1.5575e+03	-1.3156e+03	-2.2387e+03	-6.5827e+02	2.0185e+02	-1.7179e+03	1.2169e+03	3.2869e+03	-1.3296e+03	1.2737e+03	-1.1281e+02	2.2631e+03	1.3286e+03	3.0984e+03	2.4018e+03	1.1702e+03	-1.0640e+03	2.2137e+03	2.4985e+03	1.0640e+03	-1.6290e+03	8.3455e+02	-2.4331e+02	-1.7160e+02	1.0970e+03	-2.2828e+03	1.7236e+03	2.4980e+03	1.3613e+03	-5.6142e+03	-2.1860e+03	4.9866e+02	-2.3248e+03	-4.6773e+02	-2.3988e+03	-2.5294e+03	2.8533e+03	-1.7655e+03	-2.7329e+03	-3.0626e+03	-1.2421e+03	-1.2320e+03	3.4005e+03	-3.5504e+03	-4.8859e+03	1.3160e+03	-1.7258e+03	-7.1466e+01	4.7748e+03	-1.8614e+03	3.1554e+03	-2.0091e+03	-1.2569e+03	-1.9718e+02	-1.3848e+03	-1.2051e+03	-2.7906e+02	-2.1882e+03	9.3833e+02	3.1952e+02	-9.9132e+02	1.0175e+03	3.0240e+02	-1.3806e+03	2.4784e+03	-2.7360e+03	1.6444e+02	-1.4561e+03	2.6997e+03	8.3072e+02	1.6966e+03	-1.1829e+03	3.8943e+03	2.6161e+01	-2.5375e+03	3.1733e+01	-6.7349e+02	-1.3432e+02	-1.9655e+03	2.9379e+03	4.8247e+02	-5.4634e+02	-1.3272e+03	1.8273e+03	-3.9192e+03	-1.3903e+03	-4.9907e+02	-1.0665e+03	9.6370e+02	-5.5337e+02	1.1393e+03	-1.1164e+02	6.6669e+02	-3.9556e+02	-1.0899e+03	-6.3726e+02	-8.4303e+02	9.1634e+02	1.9989e+03	-5.9117e+03	1.5362e+03	1.4421e+03	1.6490e+03	1.4245e+03	8.3357e+02	-1.5176e+02	2.3546e+03	-5.7470e+02	-1.0480e+03	1.1287e+02	2.2407e+03	-1.8490e+03	-9.3537e+02	-3.0126e+02	9.6149e+02	-8.0710e+02	-1.3620e+03	-1.3703e+03	9.9779e+02	3.8907e+03	-3.7048e+02	-2.1252e+02	3.3008e+03	1.1729e+03	-2.7876e+03	1.8855e+03	-4.3754e+03	-7.5187e+02	-1.5298e+03	-1.3992e+03	3.0178e+01	9.9319e+02	8.1395e+02	6.3522e+02	1.8707e+03	-3.6619e+02	5.9165e+01	6.5219e+02	2.3830e+03	1.6074e+03	1.8435e+03	9.8567e+02	4.3128e+03
2.0000e+05	1.6610e+03	8.9942e+01	1.4504e+02	-1.0324e+03	6.0301e+02	6.1858e+02	-1.8249e+02	-1.9055e+03	-5.3031e+02	-7.0426e+00	1.9566e+03	2.3027e+03	1.0291e+03	1.1886e+03	-8.3132e+02	6.9888e+01	-3.5512e+02	2.2745e+03	1.4465e+03	1.4016e+03	2.2555e+03	1.0168e+03	3.1197e+02	5.2173e+02	1.2319e+03	-5.3199e+02	2.3896e+03	-2.0431e+03	5.7108e+02	7.7410e+02	4.2021e+02	2.2274e+01	-1.3309e+02	-3.3358e+03	8.8736e+02	-1.4128e+03	4.2271e+01	-6.6879e+02	-8.3707e+02	-9.8578e+02	6.3908e+02	1.1535e+03	-5.1531e+02	5.2684e+02	6.3267e+01	7.5581e+01	-8.2892e+02	9.4122e+02	-7.9014e+02	-1.2944e+02	-6.9082e+02	-3.2730e+03	-1.8483e+03	-9.6332e+02	2.3831e+03	-6.5320e+02	2.2030e+02	-1.4591e+03	5.7281e+02	-1.2578e+01	1.8538e+03	1.2448e+03	-1.0537e+03	3.5698e+01	5.3772e+02	9.4152e+02	2.7949e+02	-7.2939e+02	7.7878e+02	-1.5818e+03	5.5561e+02	4.3677e+02	9.5558e+02	-1.7702e+02	8.8060e+02	3.7306e+02	1.4107e+03	-1.2415e+03	8.0901e+02	9.7949e+02	1.0703e+03	-1.2790e+03	1.9895e+03	-5.7859e+02	1.9589e+01	-6.6472e+02	-4.4273e+02	7.4773e+02	2.0439e+03	4.6343e+01	-7.7381e+02	1.9257e+03	2.1715e+03	-6.9676e+02	-1.0168e+02	8.4543e+02	6.3003e+02	-1.6655e+03	2.5396e+03	3.6317e+02	-7.0161e+02	-7.1112e+02	-3.3098e+02	-1.2261e+03	-8.4236e+01	-4.6495e+02	5.7433e+02	-4.8653e+02	-3.8242e+02	-1.9016e+03	-7.4502e+02	-1.2048e+03	2.0775e+02	1.7602e+03	1.6090e+03	1.2448e+03	1.2009e+03	9.6615e+01	-1.1522e+03	1.8007e+02	7.3054e+02	1.4268e+03	-3.7580e+02	-2.0218e+03	-2.2441e+02	-8.4473e+02	-8.7456e+02	-3.4506e+02	-6.0021e+02	-6.2310e+02	-1.5777e+03	-1.1036e+03	-6.2287e+01	-1.4228e+03	-9.6900e+01	7.8584e+02	1.6431e+03	1.4289e+03	2.5520e+02	-5.5234e+02	-1.0083e+01	-1.2011e+03	2.0060e+03	-1.8857e+02	7.6947e+02	2.6916e+03	-2.5410e+03	3.4184e+02	-1.5687e+03	-9.7083e+02	1.5329e+03	2.6248e+02	-2.0647e+03	2.6296e+03	-4.0242e+01	2.8347e+03	-2.7032e+02	8.8808e+02	1.3210e+03	-2.6806e+02	-2.3551e+03	-1.3506e+03	-7.0676e+02	1.2572e+02	1.9751e+02	-6.5387e+02	8.0203e+02	1.6127e+03	-5.0740e+01	-1.0074e+01	-1.7341e+01	8.6342e+02	1.2271e+03	-1.5815e+03	4.7281e+02	-1.0665e+03	1.4436e+03	-3.1702e+02	-8.2875e+02	5.8466e+02	1.2600e+03	5.4028e+01	6.9944e+02	9.9409e+02	3.3994e+02	-6.6715e+02	2.0110e+03	7.4624e+02	1.0275e+03	1.8240e+02	5.7450e+01	1.4675e+03	-9.0868e+01	-8.4726e+02	1.9296e+03	9.9832e+01	8.8535e+02	-3.6097e+02	7.6145e+02	1.5432e+03
2.0000e+05	-1.4207e+03	-1.1524e+03	-5.1418e+02	-3.3899e+03	-1.5082e+03	-1.8467e+02	-1.5971e+03	4.2606e+01	5.5273e+02	-3.0471e+03	1.1561e+03	-1.4344e+03	-2.1107e+02	8.8538e+02	2.2264e+03	-5.5477e+02	-1.0460e+03	5.1539e+02	8.8160e+02	-5.7652e+02	-6.5434e+02	-3.9172e+02	1.7448e+03	3.2368e+03	7.7744e+02	-2.9231e+03	-1.0069e+03	-7.7837e+02	1.7489e+03	8.1272e+02	1.7216e+03	2.1693e+03	-1.5316e+03	-5.6253e+02	3.9275e+02	1.0965e+03	3.7728e+02	-3.9804e+03	-3.2482e+03	9.2616e+02	8.5832e+01	9.4432e+02	-7.1537e+02	-3.1329e+01	1.1029e+03	-1.3538e+03	2.7528e+03	1.4925e+03	-1.6327e+03	2.8355e+03	-4.5334e+02	-1.7535e+03	-9.8841e+02	5.2114e+02	-3.5833e+03	1.5296e+03	2.1928e+03	1.3950e+03	-1.5741e+03	-2.0203e+03	-6.4502e+02	-3.6705e+02	-9.8767e+02	5.7615e+02	2.3505e+03	-8.8041e+02	1.1577e+03	-5.4807e+02	2.6884e+03	1.5080e+03	2.9463e+03	2.0410e+03	1.6003e+03	-5.4839e+02	2.8067e+03	2.5362e+03	9.5168e+02	-1.1926e+03	1.0954e+03	1.5612e+02	5.7017e+02	1.9000e+03	-1.1556e+03	2.0462e+03	1.4290e+03	1.4713e+03	-5.8911e+03	-2.7348e+03	4.3808e+02	-2.3372e+03	-7.2422e+02	-1.5501e+03	-2.4282e+03	3.2523e+03	-1.5626e+03	-2.2095e+03	-2.7542e+03	-1.8736e+03	-1.4533e+03	4.7632e+03	-4.2969e+03	-5.5494e+03	9.7895e+02	-2.4634e+03	6.2668e+01	4.5138e+03	-1.5942e+03	2.7471e+03	-2.7683e+03	-1.0555e+03	7.4493e+02	-1.3268e+03	-2.2689e+03	-1.2044e+03	-1.9792e+03	6.9770e+02	-8.5137e+02	-1.1784e+03	1.6711e+03	-1.8025e+02	-1.1336e+03	2.8847e+03	-2.2111e+03	1.3142e+03	-1.1765e+03	1.6039e+03	1.1495e+03	1.6838e+03	-1.8508e+03	4.3444e+03	2.9206e+02	-1.9606e+03	9.6617e+02	3.7950e+02	1.6121e+02	-9.7434e+02	2.0770e+03	1.3939e+02	-1.3431e+03	-1.3922e+03	2.2191e+03	-3.6314e+03	-1.4777e+03	-1.5061e+03	-6.4252e+02	1.1370e+03	-6.5231e+02	2.0463e+03	-1.0027e+03	1.0615e+03	-8.5731e+02	-4.4672e+02	-7.3973e+01	-2.8332e+01	1.3924e+03	1.5555e+03	-6.9970e+03	1.6518e+03	2.1651e+03	1.5645e+03	7.5340e+01	2.0016e+03	-6.8162e+02	2.1453e+03	-1.2764e+03	-1.8752e+03	4.3156e+01	3.0221e+03	-1.6183e+03	-2.0260e+02	4.0548e+02	9.0464e+01	-3.2743e+02	-1.1053e+03	-6.9156e+02	1.4333e+03	3.1885e+03	-8.1669e+01	-9.4931e+01	4.1239e+03	2.2763e+02	-2.3208e+03	2.9225e+03	-4.6139e+03	-8.5512e+02	-1.0819e+03	-1.8156e+03	9.5221e+02	1.2363e+03	9.2429e+02	4.4384e+02	1.6009e+03	-1.0199e+03	-5.0167e+02	2.5751e+03	2.4717e+03	1.7636e+02	2.8147e+03	9.6821e+02	4.5146e+03
