100000.0000	144154
100000.0000	144285
100000.0000	143953
100000.0000	143035
100000.0000	141831
100000.0000	141346
100000.0000	140250
100000.0000	141098
100000.0000	140489
100000.0000	140116
100000.0000	140238
100000.0000	138760
100000.0000	138299
100000.0000	136775
100000.0000	137937
100000.0000	135800
100000.0000	136596
100000.0000	137120
100000.0000	133041
100000.0000	133797
100000.0000	133069
100000.0000	131641
100000.0000	131927
100000.0000	130287
100000.0000	132137
100000.0000	130305
100000.0000	131750
100000.0000	137110
100000.0000	145088
100000.0000	157157
100000.0000	174604
100000.0000	198055
100000.0000	224189
100000.0000	256057
100000.0000	300288
100000.0000	347598
100000.0000	415147
100000.0000	498782
100000.0000	603210
100000.0000	732113
100000.0000	894110
100000.0000	1.03968e+06
100000.0000	1.16284e+06
100000.0000	1.25821e+06
100000.0000	1.29704e+06
100000.0000	1.31115e+06
100000.0000	1.30317e+06
100000.0000	1.30183e+06
100000.0000	1.30398e+06
100000.0000	1.30024e+06
100000.0000	1.30238e+06
100000.0000	1.30419e+06
100000.0000	1.29992e+06
100000.0000	1.30052e+06
100000.0000	1.29781e+06
100000.0000	1.30314e+06
100000.0000	1.29429e+06
100000.0000	1.29807e+06
100000.0000	1.29401e+06
100000.0000	1.28982e+06
100000.0000	1.29066e+06
100000.0000	1.29522e+06
100000.0000	1.29021e+06
100000.0000	1.2942e+06
100000.0000	1.29235e+06
100000.0000	1.28876e+06
100000.0000	1.29683e+06
100000.0000	1.29149e+06
100000.0000	1.28908e+06
100000.0000	1.28889e+06
100000.0000	1.28628e+06
100000.0000	1.29148e+06
100000.0000	1.28826e+06
100000.0000	1.28386e+06
100000.0000	1.28678e+06
100000.0000	1.28447e+06
100000.0000	1.28374e+06
100000.0000	1.28619e+06
100000.0000	1.28037e+06
100000.0000	1.2828e+06
100000.0000	1.28176e+06
100000.0000	1.28618e+06
100000.0000	1.28253e+06
100000.0000	1.2822e+06
100000.0000	1.27882e+06
100000.0000	1.28051e+06
100000.0000	1.27501e+06
100000.0000	1.27755e+06
100000.0000	1.27845e+06
100000.0000	1.28309e+06
100000.0000	1.28104e+06
100000.0000	1.28178e+06
100000.0000	1.28134e+06
100000.0000	1.28075e+06
100000.0000	1.27757e+06
100000.0000	1.27539e+06
100000.0000	1.27396e+06
100000.0000	1.27645e+06
100000.0000	1.27296e+06
100000.0000	1.27436e+06
100000.0000	1.27271e+06
100000.0000	1.26368e+06
100000.0000	1.25462e+06
100000.0000	1.2428e+06
100000.0000	1.22147e+06
100000.0000	1.18996e+06
100000.0000	1.16592e+06
100000.0000	1.12817e+06
100000.0000	1.11114e+06
100000.0000	1.07752e+06
100000.0000	1.04608e+06
100000.0000	1.01336e+06
100000.0000	981342
100000.0000	942937
100000.0000	910713
100000.0000	878850
100000.0000	835720
100000.0000	800695
100000.0000	758490
100000.0000	722984
100000.0000	687939
100000.0000	652167
100000.0000	622570
100000.0000	595520
100000.0000	571293
100000.0000	549518
100000.0000	524923
100000.0000	507422
100000.0000	491404
100000.0000	472878
100000.0000	465840
100000.0000	445722
100000.0000	436665
100000.0000	424006
100000.0000	417343
100000.0000	404265
100000.0000	395744
100000.0000	388569
100000.0000	380337
100000.0000	374275
100000.0000	361452
100000.0000	358269
100000.0000	343844
100000.0000	339219
100000.0000	332378
100000.0000	327568
100000.0000	314168
100000.0000	310531
100000.0000	299558
100000.0000	293053
100000.0000	281060
100000.0000	275062
100000.0000	263446
100000.0000	254857
100000.0000	245385
100000.0000	232924
100000.0000	225803
100000.0000	214017
100000.0000	202787
100000.0000	191621
100000.0000	183714
100000.0000	176042
100000.0000	171851
100000.0000	164333
100000.0000	164305
100000.0000	163557
100000.0000	164343
100000.0000	163290
100000.0000	161384
100000.0000	161993
100000.0000	161562
100000.0000	162204
100000.0000	160990
100000.0000	159097
100000.0000	157341
100000.0000	158267
100000.0000	158299
100000.0000	156913
100000.0000	158200
100000.0000	154530
100000.0000	155801
100000.0000	156012
100000.0000	155750
100000.0000	155234
100000.0000	153638
100000.0000	154754
100000.0000	151419
100000.0000	151489
100000.0000	154436
100000.0000	149746
100000.0000	149225
100000.0000	150087
100000.0000	149564
100000.0000	149526
100000.0000	147886
100000.0000	147950
100000.0000	148158
100000.0000	145928
100000.0000	146955
100000.0000	145372
