100000.0000	0
100000.0000	0
100000.0000	0
100000.0000	0
100000.0000	0
100000.0000	0
100000.0000	0
100000.0000	0
100000.0000	0
100000.0000	0
100000.0000	0
100000.0000	0
100000.0000	0
100000.0000	0
100000.0000	0
100000.0000	0
100000.0000	0
100000.0000	0
100000.0000	0
100000.0000	0
100000.0000	0
100000.0000	0
100000.0000	0
100000.0000	0
100000.0000	0.0136966
100000.0000	0.604883
100000.0000	1.86436
100000.0000	3.39655
100000.0000	5.33674
100000.0000	7.84886
100000.0000	10.2589
100000.0000	12.4032
100000.0000	15.2308
100000.0000	18.8436
100000.0000	23.3204
100000.0000	29.5152
100000.0000	37.072
100000.0000	46.7516
100000.0000	58.9172
100000.0000	72.8921
100000.0000	79.2722
100000.0000	70.9627
100000.0000	54.5822
100000.0000	33.4954
100000.0000	11.0315
100000.0000	0.128899
100000.0000	0
100000.0000	0
100000.0000	0
100000.0000	0
100000.0000	0
100000.0000	0
100000.0000	0
100000.0000	0
100000.0000	0
100000.0000	0
100000.0000	0
100000.0000	0
100000.0000	0
100000.0000	0
100000.0000	0
100000.0000	0
100000.0000	0
100000.0000	0
100000.0000	0
100000.0000	0
100000.0000	0
100000.0000	0
100000.0000	0
100000.0000	0
100000.0000	0
100000.0000	0
100000.0000	0
100000.0000	0
100000.0000	0
100000.0000	0
100000.0000	0
100000.0000	0
100000.0000	0
100000.0000	0
100000.0000	0
100000.0000	0
100000.0000	0
100000.0000	0
100000.0000	0
100000.0000	0
100000.0000	0
100000.0000	0
100000.0000	0
100000.0000	0
100000.0000	0
100000.0000	0
100000.0000	0
100000.0000	0
100000.0000	0
100000.0000	0
100000.0000	0
100000.0000	0
100000.0000	0
100000.0000	-0.032555
100000.0000	-1.30225
100000.0000	-3.85468
100000.0000	-6.45606
100000.0000	-9.10631
100000.0000	-11.8373
100000.0000	-13.3692
100000.0000	-13.7079
100000.0000	-14.0613
100000.0000	-14.4403
100000.0000	-14.9006
100000.0000	-15.4686
100000.0000	-16.0085
100000.0000	-16.6365
100000.0000	-17.2295
100000.0000	-17.8511
100000.0000	-18.266
100000.0000	-18.6941
100000.0000	-18.8051
100000.0000	-18.5776
100000.0000	-18.0622
100000.0000	-17.1189
100000.0000	-15.9208
100000.0000	-14.6941
100000.0000	-13.2441
100000.0000	-11.9218
100000.0000	-10.6681
100000.0000	-9.5972
100000.0000	-8.5919
100000.0000	-7.7303
100000.0000	-7.0019
100000.0000	-6.3904
100000.0000	-5.8094
100000.0000	-5.3638
100000.0000	-4.9853
100000.0000	-4.6949
100000.0000	-4.3943
100000.0000	-4.1869
100000.0000	-3.9605
100000.0000	-3.8041
100000.0000	-3.6787
100000.0000	-3.6832
100000.0000	-3.5945
100000.0000	-3.5782
100000.0000	-3.5702
100000.0000	-3.6185
100000.0000	-3.6593
100000.0000	-3.7291
100000.0000	-3.7937
100000.0000	-3.8873
100000.0000	-4.0489
100000.0000	-4.191
100000.0000	-4.3503
100000.0000	-4.443
100000.0000	-4.6466
100000.0000	-4.7935
100000.0000	-4.939
100000.0000	-4.9506
100000.0000	-4.9974
100000.0000	-4.9253
100000.0000	-4.81417
100000.0000	-4.10336
100000.0000	-2.97439
100000.0000	-1.99961
100000.0000	-1.12325
100000.0000	-0.352496
100000.0000	-0.0039033
100000.0000	0
100000.0000	0
100000.0000	0
100000.0000	0
100000.0000	0
100000.0000	0
100000.0000	0
100000.0000	0
100000.0000	0
100000.0000	0
100000.0000	0
100000.0000	0
100000.0000	0
100000.0000	0
100000.0000	0
100000.0000	0
100000.0000	0
100000.0000	0
100000.0000	0
100000.0000	0
100000.0000	0
100000.0000	0
100000.0000	0
100000.0000	0
100000.0000	0
100000.0000	0
100000.0000	0
100000.0000	0
100000.0000	0
100000.0000	0
100000.0000	0
100000.0000	0
100000.0000	0
100000.0000	0
100000.0000	0
100000.0000	0
100000.0000	0
100000.0000	0
100000.0000	0
100000.0000	0
100000.0000	0
100000.0000	0
100000.0000	0
100000.0000	0
100000.0000	0
100000.0000	0
100000.0000	0
100000.0000	0
100000.0000	0
100000.0000	0
100000.0000	0
100000.0000	0
100000.0000	0
100000.0000	0
100000.0000	0
100000.0000	0
100000.0000	0
100000.0000	0
100000.0000	0
100000.0000	0
100000.0000	0
100000.0000	0
100000.0000	0
100000.0000	0
100000.0000	0
100000.0000	0
100000.0000	0
100000.0000	0
100000.0000	0
100000.0000	0
100000.0000	0
100000.0000	0
100000.0000	0
100000.0000	0
100000.0000	0
100000.0000	0
100000.0000	0
100000.0000	0
100000.0000	0
100000.0000	0
100000.0000	0
100000.0000	0
100000.0000	0
100000.0000	0
100000.0000	0
100000.0000	0
100000.0000	0
100000.0000	0
100000.0000	0
100000.0000	0
100000.0000	0
100000.0000	0
100000.0000	0
100000.0000	0
100000.0000	0
100000.0000	0
100000.0000	0
100000.0000	0
100000.0000	0
100000.0000	0
100000.0000	0
100000.0000	0
100000.0000	0
100000.0000	0
100000.0000	0
100000.0000	0
100000.0000	0
100000.0000	0
100000.0000	0
100000.0000	0
100000.0000	0
100000.0000	0
100000.0000	0
100000.0000	0
100000.0000	0
100000.0000	0
100000.0000	0
100000.0000	0
100000.0000	0
100000.0000	0
100000.0000	0
100000.0000	0
100000.0000	0
100000.0000	0
100000.0000	0
100000.0000	0
100000.0000	0
100000.0000	0
100000.0000	0
100000.0000	0
100000.0000	0
100000.0000	0
100000.0000	0
100000.0000	0
100000.0000	0
100000.0000	0
100000.0000	0
100000.0000	0
100000.0000	0
100000.0000	0
100000.0000	0
100000.0000	0
100000.0000	0
100000.0000	0
100000.0000	0
100000.0000	0
100000.0000	0
100000.0000	0
100000.0000	0
100000.0000	0
100000.0000	0
100000.0000	0
100000.0000	0
100000.0000	0
100000.0000	0
100000.0000	0
100000.0000	0
100000.0000	0
100000.0000	0
100000.0000	0
100000.0000	0
100000.0000	0
100000.0000	0
100000.0000	0
100000.0000	0
100000.0000	0
100000.0000	0
100000.0000	0
100000.0000	0
100000.0000	0
100000.0000	0
100000.0000	0
100000.0000	0
100000.0000	0
100000.0000	0
100000.0000	0
100000.0000	0
100000.0000	0
100000.0000	0
100000.0000	0
100000.0000	0
100000.0000	0
100000.0000	0
100000.0000	0
100000.0000	0
100000.0000	0
100000.0000	0
100000.0000	0
100000.0000	0
100000.0000	0
100000.0000	0
100000.0000	0
100000.0000	0
100000.0000	0
100000.0000	0
100000.0000	0
100000.0000	0
100000.0000	0
100000.0000	0
100000.0000	0
100000.0000	0
100000.0000	0
100000.0000	0
100000.0000	0
100000.0000	0
100000.0000	0
100000.0000	0
100000.0000	0
100000.0000	0
100000.0000	0
100000.0000	0
100000.0000	0
100000.0000	0
100000.0000	0
100000.0000	0
100000.0000	0
100000.0000	0
100000.0000	0
100000.0000	0
100000.0000	0
100000.0000	0
100000.0000	0
100000.0000	0
100000.0000	0
100000.0000	0
100000.0000	0
100000.0000	0
100000.0000	0
100000.0000	0
100000.0000	0
100000.0000	0
100000.0000	0
100000.0000	0
100000.0000	0
