100000.0000	0
100000.0000	0
100000.0000	0
100000.0000	0
100000.0000	0
100000.0000	0
100000.0000	0
100000.0000	0
100000.0000	0
100000.0000	0
100000.0000	0
100000.0000	0
100000.0000	0
100000.0000	0
100000.0000	0
100000.0000	0
100000.0000	0
100000.0000	0
100000.0000	0
100000.0000	0
100000.0000	0
100000.0000	0
100000.0000	0
100000.0000	0
100000.0000	0
100000.0000	0
100000.0000	0
100000.0000	0
100000.0000	0
100000.0000	0
100000.0000	0
100000.0000	0
100000.0000	0
100000.0000	0
100000.0000	0
100000.0000	0
100000.0000	0
100000.0000	0
100000.0000	0
100000.0000	0
100000.0000	0
100000.0000	0
100000.0000	0
100000.0000	0
100000.0000	0
100000.0000	0
100000.0000	0
100000.0000	0
100000.0000	0
100000.0000	0
100000.0000	0
100000.0000	0
100000.0000	0
100000.0000	0
100000.0000	0
100000.0000	0
100000.0000	0
100000.0000	0
100000.0000	0
100000.0000	0
100000.0000	0
100000.0000	0
100000.0000	0
100000.0000	0
100000.0000	0
100000.0000	0
100000.0000	0
100000.0000	0
100000.0000	0
100000.0000	0
100000.0000	0
100000.0000	0
100000.0000	0
100000.0000	0
100000.0000	0
100000.0000	0
100000.0000	0
100000.0000	0
100000.0000	0
100000.0000	0
100000.0000	0
100000.0000	0
100000.0000	0
100000.0000	0
100000.0000	0
100000.0000	0
100000.0000	0
100000.0000	0
100000.0000	0
100000.0000	0
100000.0000	0
100000.0000	0
100000.0000	0
100000.0000	0
100000.0000	0
100000.0000	0
100000.0000	0
100000.0000	0
100000.0000	0
100000.0000	0
100000.0000	0
100000.0000	0
100000.0000	0
100000.0000	0
100000.0000	0
100000.0000	0
100000.0000	0
100000.0000	0
100000.0000	0
100000.0000	0
100000.0000	0
100000.0000	0
100000.0000	0
100000.0000	0
100000.0000	0
100000.0000	0
100000.0000	0
100000.0000	0
100000.0000	0
100000.0000	0
100000.0000	0
100000.0000	0
100000.0000	0
100000.0000	0
100000.0000	0
100000.0000	0
100000.0000	0
100000.0000	0
100000.0000	0
100000.0000	0
100000.0000	0
100000.0000	0
100000.0000	0
100000.0000	0
100000.0000	0
100000.0000	0
100000.0000	0
100000.0000	0
100000.0000	0
100000.0000	0
100000.0000	0
100000.0000	0
100000.0000	0
100000.0000	0
100000.0000	0
100000.0000	0
100000.0000	0
100000.0000	0
100000.0000	0
100000.0000	0
100000.0000	0
100000.0000	0
100000.0000	0
100000.0000	0
100000.0000	0
100000.0000	0
100000.0000	0
100000.0000	0
100000.0000	0
100000.0000	0
100000.0000	0
100000.0000	0
100000.0000	0
100000.0000	0
100000.0000	0
100000.0000	0
100000.0000	0
100000.0000	0
100000.0000	0
100000.0000	0
100000.0000	0
100000.0000	0
100000.0000	0
100000.0000	0
100000.0000	0
100000.0000	0
100000.0000	0
100000.0000	0
100000.0000	0
100000.0000	0
100000.0000	0
100000.0000	0
100000.0000	0
100000.0000	0
100000.0000	0
100000.0000	0
100000.0000	0
100000.0000	0
100000.0000	0
100000.0000	0
100000.0000	0
100000.0000	0
100000.0000	0
100000.0000	0
100000.0000	0
100000.0000	0
100000.0000	0
100000.0000	0
100000.0000	0
100000.0000	0
100000.0000	0
100000.0000	0
100000.0000	0
100000.0000	0
100000.0000	0
100000.0000	0
100000.0000	0
100000.0000	0
100000.0000	0
100000.0000	0
100000.0000	0
100000.0000	0
100000.0000	0
100000.0000	0
100000.0000	0
100000.0000	0
100000.0000	0
100000.0000	0
100000.0000	0
100000.0000	0
100000.0000	0
100000.0000	0
100000.0000	0
100000.0000	0
100000.0000	0
100000.0000	0
100000.0000	0
100000.0000	0
100000.0000	0
100000.0000	0
100000.0000	0
100000.0000	0
100000.0000	0
100000.0000	0
100000.0000	0
100000.0000	0
100000.0000	0
100000.0000	0
100000.0000	0
100000.0000	0
100000.0000	0
100000.0000	0
100000.0000	0
100000.0000	0
100000.0000	0
100000.0000	0
100000.0000	0
100000.0000	0
100000.0000	0
100000.0000	0
100000.0000	0
100000.0000	0
100000.0000	0
100000.0000	0
100000.0000	0
100000.0000	0
100000.0000	0
100000.0000	0
100000.0000	0
100000.0000	0
100000.0000	0
100000.0000	0
100000.0000	0
100000.0000	0
100000.0000	0
100000.0000	0
100000.0000	0
100000.0000	0
100000.0000	0
100000.0000	0
100000.0000	0
100000.0000	0
100000.0000	0
100000.0000	0
100000.0000	0
100000.0000	0
100000.0000	0
100000.0000	0
100000.0000	0
100000.0000	0
100000.0000	0
100000.0000	0
100000.0000	0
100000.0000	0
100000.0000	0
100000.0000	0
100000.0000	0
100000.0000	0
100000.0000	0
100000.0000	0
100000.0000	0
100000.0000	0
100000.0000	0
100000.0000	0
100000.0000	0
100000.0000	0
100000.0000	0
100000.0000	0
100000.0000	0
100000.0000	0
100000.0000	0
100000.0000	0
100000.0000	0
100000.0000	0
100000.0000	0
100000.0000	0
100000.0000	0
100000.0000	0
100000.0000	0
100000.0000	0
100000.0000	0
100000.0000	0
100000.0000	0
100000.0000	0
100000.0000	0
100000.0000	0
100000.0000	0
100000.0000	0
100000.0000	0
100000.0000	0
100000.0000	0
100000.0000	0
100000.0000	0
100000.0000	0
100000.0000	0
100000.0000	0
100000.0000	0
100000.0000	0
100000.0000	0
100000.0000	0
100000.0000	0
100000.0000	0
100000.0000	0
100000.0000	0
100000.0000	0
100000.0000	0
100000.0000	0
100000.0000	0
100000.0000	0
100000.0000	0
100000.0000	0
100000.0000	0
100000.0000	0
100000.0000	0
100000.0000	0
100000.0000	0
100000.0000	0
100000.0000	0
100000.0000	0
100000.0000	0
100000.0000	0
100000.0000	0
100000.0000	0
100000.0000	0
100000.0000	0
100000.0000	0
100000.0000	0
100000.0000	0
100000.0000	0
100000.0000	0
100000.0000	0
100000.0000	0
100000.0000	0
100000.0000	0
100000.0000	0
100000.0000	0
100000.0000	0
100000.0000	0
100000.0000	0
100000.0000	0
100000.0000	0
100000.0000	0
100000.0000	0
100000.0000	0
100000.0000	0
100000.0000	0
100000.0000	0
100000.0000	0
100000.0000	0
100000.0000	0
100000.0000	0
100000.0000	0
100000.0000	0
100000.0000	0
100000.0000	0
100000.0000	0
100000.0000	0
100000.0000	0
100000.0000	0
100000.0000	0
100000.0000	0
100000.0000	0
100000.0000	0
100000.0000	0
100000.0000	0
100000.0000	0
100000.0000	0
100000.0000	0
100000.0000	0
100000.0000	0
100000.0000	-67730.3
100000.0000	146669
100000.0000	61307.4
100000.0000	-13828.4
100000.0000	60027.5
100000.0000	-91658.3
100000.0000	44464
100000.0000	-24245.6
100000.0000	-8295.22
100000.0000	-80646.3
100000.0000	-83360.9
100000.0000	13932
100000.0000	-46603.3
100000.0000	18198.4
100000.0000	100825
100000.0000	-122274
100000.0000	-50423.4
100000.0000	25704.2
100000.0000	-130469
100000.0000	8798.37
100000.0000	58920.9
100000.0000	40909.8
100000.0000	4125.16
100000.0000	-64345.1
100000.0000	-79431.9
100000.0000	11495.3
100000.0000	-78698.4
100000.0000	-111337
100000.0000	-107301
100000.0000	71514.9
100000.0000	-111187
100000.0000	-129902
100000.0000	55754.3
100000.0000	-123391
100000.0000	-22978.7
100000.0000	22605.5
100000.0000	166578
100000.0000	98921
100000.0000	-39479.5
100000.0000	-1588.14
100000.0000	141032
100000.0000	-148709
100000.0000	-149605
100000.0000	214377
100000.0000	-83185.1
100000.0000	99285.6
100000.0000	-58011.1
100000.0000	-201058
100000.0000	393974
100000.0000	-114493
100000.0000	-48783.7
100000.0000	227254
100000.0000	242499
100000.0000	-145976
100000.0000	328151
100000.0000	8199.9
100000.0000	222575
100000.0000	62614.4
100000.0000	419938
100000.0000	186902
100000.0000	-168631
100000.0000	288441
100000.0000	-280683
100000.0000	-296474
100000.0000	-332058
100000.0000	-88589.5
100000.0000	-24927.6
100000.0000	259513
100000.0000	-157212
100000.0000	-33157.8
100000.0000	79273.4
100000.0000	377956
100000.0000	-329892
100000.0000	263791
100000.0000	-75546.8
100000.0000	-104808
100000.0000	-245387
100000.0000	-339981
100000.0000	154562
100000.0000	122422
100000.0000	-47546.4
100000.0000	-184152
100000.0000	34503.1
100000.0000	-57609.2
100000.0000	-167153
100000.0000	-61764.8
100000.0000	464216
100000.0000	-321447
100000.0000	13057.8
100000.0000	201856
100000.0000	-106810
100000.0000	-130592
100000.0000	-438065
100000.0000	-33787.2
100000.0000	23082.3
100000.0000	314984
100000.0000	69024.6
100000.0000	-381325
100000.0000	-180946
100000.0000	-43730
100000.0000	-18160.1
100000.0000	-209548
100000.0000	-92330.3
100000.0000	-151452
100000.0000	-125985
100000.0000	56748.4
100000.0000	129669
100000.0000	-170236
100000.0000	-185851
100000.0000	393190
100000.0000	122697
100000.0000	263484
100000.0000	-440535
100000.0000	-14315.3
100000.0000	-174058
100000.0000	-352401
100000.0000	6212.14
100000.0000	-38940.6
100000.0000	-26582.8
100000.0000	-358713
100000.0000	-62276.6
100000.0000	2394.59
100000.0000	87120.8
100000.0000	148497
100000.0000	136098
100000.0000	-198455
100000.0000	54268.1
100000.0000	122415
100000.0000	-93902
100000.0000	-56720.9
100000.0000	-117157
100000.0000	-65112.7
100000.0000	91248.4
100000.0000	-93968.7
100000.0000	19125.1
100000.0000	-59066.8
100000.0000	133200
100000.0000	9069.78
100000.0000	-17447.8
100000.0000	135673
100000.0000	-123270
100000.0000	131531
100000.0000	32091.4
100000.0000	-99035.8
100000.0000	66692.4
100000.0000	-68834.9
100000.0000	16404.4
100000.0000	-6845.74
100000.0000	78777.6
100000.0000	45529.4
100000.0000	32068.2
100000.0000	117655
100000.0000	137706
100000.0000	29337.5
100000.0000	-166011
100000.0000	134864
100000.0000	-27246.7
100000.0000	-29426.3
100000.0000	-38765.3
100000.0000	-9358.77
100000.0000	-60644.6
100000.0000	-164370
100000.0000	-3910.3
100000.0000	-100035
100000.0000	55498.5
100000.0000	-64692.9
100000.0000	-161985
100000.0000	34124.7
100000.0000	12666.7
100000.0000	175796
100000.0000	19461.2
100000.0000	-8215.08
100000.0000	-90520
100000.0000	10277.2
100000.0000	19475.6
100000.0000	23489.9
100000.0000	78504
100000.0000	8165.59
100000.0000	-136557
100000.0000	25270.5
100000.0000	-4030.59
100000.0000	-61864.8
100000.0000	-171933
100000.0000	-78297.3
100000.0000	46857.5
100000.0000	15062.8
100000.0000	80386
100000.0000	66088.5
100000.0000	74396
100000.0000	63441
100000.0000	-138013
100000.0000	-11133.7
100000.0000	48445.2
100000.0000	36269.9
100000.0000	18749.8
100000.0000	20060.8
100000.0000	110910
100000.0000	51479.9
100000.0000	-2115.16
100000.0000	89988.9
100000.0000	60957.3
100000.0000	-52854.9
100000.0000	-10396.7
100000.0000	99811.7
100000.0000	29127.2
100000.0000	-26.6132
100000.0000	101140
100000.0000	-89388.9
100000.0000	-3587.78
100000.0000	69614.6
100000.0000	-22995.9
100000.0000	87622
100000.0000	-151515
100000.0000	69285.7
100000.0000	-93365.8
100000.0000	96252.6
100000.0000	-76042.9
100000.0000	16035.5
100000.0000	-114248
100000.0000	-80577.6
100000.0000	106559
100000.0000	134698
100000.0000	-47666.4
100000.0000	-2600.17
100000.0000	79500.8
100000.0000	2933.56
100000.0000	-794.59
100000.0000	-78469
100000.0000	-13776.7
100000.0000	-29141.9
100000.0000	93001.5
100000.0000	-78749.6
100000.0000	29479.6
100000.0000	92097.9
100000.0000	892.627
100000.0000	-86822.3
100000.0000	47256.4
100000.0000	-231163
100000.0000	-312093
100000.0000	-240569
100000.0000	-317966
100000.0000	-212602
100000.0000	19183.6
100000.0000	447207
100000.0000	276087
100000.0000	151000
100000.0000	284953
100000.0000	297623
100000.0000	127760
100000.0000	-322621
100000.0000	-27772.8
100000.0000	327394
100000.0000	-73269
100000.0000	518179
100000.0000	5318.22
100000.0000	-169606
100000.0000	119586
100000.0000	153368
100000.0000	-447395
100000.0000	-447823
100000.0000	-317037
100000.0000	-6009.33
100000.0000	30666.6
100000.0000	48914.7
100000.0000	229615
100000.0000	-102970
100000.0000	-112965
100000.0000	113336
100000.0000	-106877
100000.0000	-119280
100000.0000	-137304
100000.0000	426185
100000.0000	-553.141
100000.0000	47128.8
100000.0000	-290295
100000.0000	-398355
100000.0000	-331370
100000.0000	-159206
100000.0000	-358079
100000.0000	228458
100000.0000	324522
100000.0000	268143
100000.0000	-59114.3
100000.0000	104216
100000.0000	124161
100000.0000	102481
100000.0000	47080.2
100000.0000	40099.4
100000.0000	277986
100000.0000	110264
100000.0000	216218
100000.0000	188744
100000.0000	241663
100000.0000	131100
100000.0000	-34029.3
100000.0000	-234781
100000.0000	-353159
100000.0000	103123
100000.0000	222519
100000.0000	65962.1
100000.0000	-458326
100000.0000	203733
100000.0000	171829
100000.0000	66058
100000.0000	-107345
100000.0000	-153035
100000.0000	57767.8
100000.0000	76290.6
100000.0000	90403.2
100000.0000	308365
100000.0000	19113
100000.0000	69620.2
100000.0000	-50844.7
100000.0000	127451
100000.0000	80594.4
100000.0000	-207893
100000.0000	100422
100000.0000	-58852.7
100000.0000	24690.8
100000.0000	185616
100000.0000	-131555
100000.0000	-62494
100000.0000	-5365.14
100000.0000	256160
100000.0000	-172341
100000.0000	-155601
100000.0000	-238144
100000.0000	23144.1
100000.0000	2781.11
100000.0000	-46103.2
100000.0000	7056.67
100000.0000	-31944.6
100000.0000	34244
100000.0000	-27293.8
100000.0000	17042.8
100000.0000	-49135.9
100000.0000	187704
100000.0000	-123294
100000.0000	41123.2
100000.0000	-71550.9
100000.0000	170546
100000.0000	-1221.39
100000.0000	175854
100000.0000	122943
100000.0000	91085.9
100000.0000	-69082.9
100000.0000	-26278.3
100000.0000	-82461.4
100000.0000	-36761
100000.0000	-1133.99
100000.0000	106752
100000.0000	-58102.8
100000.0000	-15991.7
100000.0000	-19074.6
100000.0000	-9809.22
100000.0000	-117176
100000.0000	-57451.7
100000.0000	96154.6
100000.0000	-79990.8
100000.0000	-91698.4
100000.0000	-27832.9
100000.0000	-126802
100000.0000	-4928.55
100000.0000	-155673
100000.0000	-61099.7
100000.0000	-2488.26
100000.0000	148216
100000.0000	34676.3
100000.0000	11971.1
100000.0000	8995.42
100000.0000	12956.1
100000.0000	89776.4
100000.0000	86354.5
100000.0000	42921.6
100000.0000	107021
100000.0000	-72293.1
100000.0000	77955.5
100000.0000	3083.76
100000.0000	29081.9
100000.0000	-132496
100000.0000	23837.5
100000.0000	110391
100000.0000	-43766.1
100000.0000	161568
100000.0000	12235.1
100000.0000	-84510.9
100000.0000	31680.9
100000.0000	125294
100000.0000	71870.3
100000.0000	140506
100000.0000	-11386.2
100000.0000	-112138
100000.0000	4660.69
100000.0000	31904.9
100000.0000	-64130.8
100000.0000	-110072
100000.0000	-119080
100000.0000	28286.6
100000.0000	11269.3
100000.0000	-89048.3
