400000.0002	-1291.05	-466.374	870.94	-1009.62	449.246	-936.142	1321.29	36.0698	627.599	931.602	537.221	1170.94	-979.225	1146.8	894.287	-2210.68	-1081.66	913.087	826.922	-1679.11	-1307.92	-138.107	1256.17	346.579	-145.662	111.482	1359.07	731.913	-761.514	-1298.02	-2055.57	704.431	-466.558	-523.727	264.243	-124.426	-1050.95	-976.535	-313.994	-1229.6	-11.0186	-873.369	-986.507	-94.7448	-1172.46	-514.597	757.111	-428.439	-285.699	34.0555	807.482	-1275.4	731.215	110.679	-525.996	63.2112	-572.443	1776.6	83.0412	-1416.18	981.366	-584.877	247.252	-179.623	-27.7653	-27.9624	826.744	-836.153	406.049	572.285	578.22	672.873	-1005.03	200.501	-1151.37	-1561.4	2120.03	-315.165	-1969.87	811.389	1463.02	-1042.44	-957.19	-864.749	1360.76	719.888	-34.9296	-1244.87	2329.64	-917.036	296.651	162.655	-2664.83	227.766	1116.54	401.707	425.091	1352.19	1299.45	370.876	217.615	1782.84	-1690.58	-524.922	720.506	-1443.49	-101.355	-309.399	-1032.79	-761.088	639.332	-759.421	-452.437	733.947	1580.01	567.303	776.204	991.837	-140.342	944.871
400000.0002	665.073	-17.3215	-53.7277	38.8889	419.129	-396.941	-1919.97	-466.703	-468.431	-460.743	400.422	-310.839	205.348	965.322	-455.721	489.585	2624.8	2494.38	-613.2	-208.68	-1068.02	76.2695	-1009.43	1216.38	551.676	650.389	-287.791	-102.202	499.269	-1986.26	-6.84478	1349.92	424.986	-175.603	744.872	22.5961	390.703	-979.379	165.886	1432.19	404.731	-527.848	-899.792	-1567.81	-334.036	691.744	-1247.39	345.522	-303.965	-427.81	-1960.38	1322.96	-736.662	-259.941	-1423.23	-1244.54	100.008	649.427	72.7096	-718.481	-306.229	1597.38	380.264	-2021.03	-148.233	-629.048	-971.93	-697.121	-1141.95	1087.05	-1324.61	-179.584	-305.124	-41.0135	-8.09549	-536.284	-1407.12	1273.24	-634.596	241.797	661.466	158.699	-624.826	-61.8121	137.063	-1859.15	1676.69	-1743.67	-1006	-625.37	1496.65	-342.26	877.984	-503.427	-38.9919	417.342	1768.66	-254.063	543.153	-1984.51	1768.41	1263.21	3050.01	-767.752	-462.041	-518.199	1423.94	-844.105	-490.631	180.232	-22.0377	955.878	-450.953	-1979.88	-225.044	-5.49332	841.034	312.828	-1383.56	-1027.7
800000.0001	-838.239	-1067.03	1356.26	315.498	-361.265	-561.838	799.165	292.926	-368.901	965.44	-567.6	-1492.67	-2279.25	1930.54	482.789	-1730.61	-213.787	1842.09	1907.78	-1351.99	51.2034	-359.321	3643.95	1416.33	333.551	-381.48	1140.52	2230.12	-76.5414	754.231	1.95696	3848.87	-934.178	-1084.12	-626.029	806.598	-212.351	-1159.54	111.577	-2003.62	-559.931	-1548.08	-1163.52	148.471	-997.222	-1257.26	1893.68	-348.733	232.534	116.227	454.373	-1942.15	1845.01	-868.732	1041.84	-48.077	62.9686	2878.01	935.837	-924.745	1405.9	-2802.56	-424.935	910.232	1186.96	-1436.05	-166.069	-227.015	-308.214	2560.34	767.359	1389.5	-2317.84	413.978	346.497	-3370.95	1440.37	-1498.93	-2808.32	1204.69	1443.79	-1519.86	46.7508	-633.549	1632.15	1991.76	1777.45	-1713.73	3037.1	-2087.32	926.096	113.635	-2824.63	374.502	1251	-656.411	-529.215	1855.71	987.906	601.549	-36.4754	211.174	-1971.43	-2741.19	1002.57	-3178.22	972.632	-401.7	1217.34	-1635.44	425.866	-1154.95	-1279.34	-590.819	2388.06	1665.08	-509.19	871.006	-704.005	-801.162
800000.0001	198.686	640.513	-318.663	-1419.4	1097.7	2269.58	-2339.8	-1007.12	1246.58	-1077.72	604.378	-514.444	-570.85	2366.08	-1172.9	291.083	3984.56	710.419	-2670.96	-1588.58	376.354	327.449	-786.072	2914.39	297.537	-311.737	-2456.18	-1386.47	1528.66	-2514.22	792.717	2378.31	1236.53	733.153	2799.93	673.682	-246.634	-1125.42	-21.6556	908.153	1502.7	-1459.34	-1108.31	-1429.91	-479.757	191.903	-400.052	515.318	1964.99	-883.029	-2204.9	2137.86	-316.312	1078.29	-2245.25	-1814.31	1226.82	-1628.86	331.566	-1231.28	-908.527	2937.98	923.408	-3165.51	118.898	-1849.96	-2205.8	941.007	1437.66	-392.739	782.426	1263.16	-1297.9	-22.8048	1372.41	-208.53	-1136.39	1427.31	-1208.84	1410.22	2504.56	2501.45	-924.894	613.803	-1796.15	-1424.36	1396.56	-854.708	-591.096	-403.806	-457.385	257.687	-1209.3	307.988	-120.206	-88.0734	518.942	-185.52	34.9359	-1996.86	2730.49	2626.58	3641.65	-588.775	-200.38	-111.417	2354.01	-1938.04	-1027.95	-452.52	170.776	349.241	-1643.57	-2358.08	-1028.58	1073.36	451.475	607.342	-750.578	372.707
1200000.0002	-945.721	-1696.18	1940.33	-1693.35	174.381	486.866	1809.41	-626.249	-493.845	1392.32	414.892	-1801.98	-1476.29	977.814	205.643	-1987.17	541.636	2642.26	2526.07	-1878.54	-804.918	421.122	3644.46	1541.55	1710.35	1026.88	939.17	2375.17	674.862	-1313.23	-1561.82	3224.77	-1053.98	-128.308	363.625	3262.39	-263.736	-1305.22	1360.61	-448.523	-2738.89	-1570.97	-48.0059	3702.48	-957.819	-466.402	668.283	-521.536	-80.2481	1276.08	1632.45	-830.623	1429.2	-1656.71	702.156	-894.058	1388.95	2987.87	651.519	-940.062	1164.38	-4078.26	1702.41	-25.7569	2093.72	-1088.12	3012.92	1435.67	-1736.19	1729.98	-847.98	3049.51	-1738.37	949.765	1130.06	-3403.32	1017.82	-1571.57	-4048.62	1579.89	3762.41	-2517.48	267.698	-674.485	1828.54	3530.88	1506.59	-2864.11	4358.87	-1828.65	1296.49	-1806.38	-1656.55	1832.68	2830.44	-182.591	-1717.6	876.22	1829.27	-289.903	94.9735	861.037	-116.986	-3470.84	2944.46	-2089.42	2870.68	-1687.85	365.941	-2133.42	1454.48	-1477.35	-2180.34	-2035.23	2370.3	3573.59	-2082.06	-1018.6	1531.47	-1405.96
1200000.0002	-520.028	124.668	-2081.06	-356.141	79.5249	1306.07	-2692.72	-1187.87	-635.606	-1188.33	-126.868	-1327.8	1831.82	2480.81	-2412.98	1864.76	4619.82	383.406	-1095.05	-389.625	696.526	191.876	154.342	2436.72	1652.65	423.949	-3937.69	-2125.48	1849.04	-620.525	-283.762	1780.65	1621.74	-488.671	3005.74	765.164	-24.024	863.195	1184.06	60.7212	787.925	-1119.39	231.679	-1406.24	422.269	93.2249	2004.32	337.811	1231.91	1385.16	-1725.19	1538.31	740.576	2543.11	-2258.14	-3221.36	236.914	-2411.25	-1357.58	589.911	-64.9345	2137.34	1511.51	-3807.99	-1132.67	-2036.18	-1440.31	874.862	2936.45	876.085	438.28	2406.67	-630.675	-1362.4	2695.91	-151.109	679.002	1389.28	-1987.62	1618.74	885.678	1903.44	-135.729	-1017.32	-1290.75	-636.895	3008.98	187.573	-1784.5	703.255	-1115.25	667.319	-2577.79	121.945	350.018	-826.944	1422.07	259.955	-836.774	-2167.88	3724.53	2838.33	3256.29	851.25	-2193.7	51.0931	2333.06	-2294.92	-703.943	281.686	785.804	655.921	-2484.49	-3160.57	-1430.08	753.694	-566.106	1363.22	-621.514	1332.31
1600000.0002	-1715.1	-1515.47	3201.84	-2590.09	134.889	797.314	1598.88	1816.06	-868.897	1458.65	1660.58	-2841.11	-2970.15	-510.636	-1045.11	-1809.69	1918.53	665.925	2024.51	-2343.88	-787.557	-1074.41	3744.79	-334.233	2593.92	-147.83	2809.1	3295.26	53.3069	256.607	-3219.97	2236.24	-1138.18	-424.565	749.442	4653.66	353.906	25.655	-804.953	-241.284	-1703.45	-1859.13	544.821	2847.4	-2001.7	-2564.81	1185.27	-1245.94	360.299	1602.86	1208.96	-221.674	1268.55	614.997	1364.61	-241.368	1649.4	5560.11	1566.56	-114.358	409.426	-4426.39	2414.3	-616.079	799.643	-967.592	3597.66	594.868	-1061.73	1768.09	-2829.42	3305.7	-2212.98	1744.38	2238.41	-2532.71	1281.19	-1582.16	-2879.74	1886.03	2628.75	-583.485	-916.982	-1456.07	3374.07	4647.38	1129.91	-2593.53	4157.88	-1149.29	2080.78	-1386.02	-803.763	3264.64	3081.43	-1138.28	-635.372	979.441	2953.79	-634.144	1128.35	-160.022	-1347.94	-3416.52	1921.39	-2020.69	2538.27	-1177.49	-1407.46	-2679.98	1420.61	-1799.15	-1932.23	-1297.8	2786.79	3316.89	-2127.09	-495.91	430.264	-1140.51
1600000.0002	-1299.24	-141.832	-2638.75	-1669.13	-1365.62	1619.92	-1956.19	-814.345	-2729.73	-2297.26	352.769	-2161.33	2492.2	1499.72	-4164.29	2263.11	3899.93	-492.458	-1831.4	838.489	609.144	1812.77	-1168.3	2548.75	2803.31	1251.53	-2593.05	-4586.89	1297.11	-225.638	877.201	2824.32	2972.26	52.6127	2213.57	1467.82	-719.094	3023.03	1270.36	-1393.33	1555.72	-2051.42	269.115	-1437.98	-368.894	1654.9	2233.91	-2116.68	1984.84	331.145	-1810.44	1545.99	2266.18	3408.53	-126.343	-3149.8	-617.735	-2668.81	397.955	507.796	436.149	2109.66	504.208	-3599.79	-985.448	-1575.96	-2317.5	897.877	3344.87	1003.74	159.772	2259.21	-178.085	-13.5091	2748.99	1257.04	562.822	2579.72	-2910.52	3305.51	183.085	3553.76	684.214	-553.165	-1803.15	-854.186	2772.44	-648.625	-2853.71	872.462	-2455.98	1401.9	-3411.72	-382.328	1175.72	362.662	1233.71	2022.59	-1731.39	-2766.7	3964.7	2520.38	1300.27	2105.56	-3064.39	1090.61	2143.5	-2431.77	-1367.47	1238.2	717.007	-895.838	-3015.57	-4898.35	959.848	1075.22	-827.871	1357.01	1284.77	1281.16
2000000.0000	-3038.3	-2293.5	2891.69	-683.265	959.73	1709.84	1001.46	3586.24	-1539.15	-148.956	2509.37	-1912.03	-2180.62	-96.4708	247.005	-1611.07	2817.91	938.34	2870.18	-2697.44	-1483.6	-873.638	5099.96	-2845.64	3981.8	-836.936	2952.16	4690.24	2166.86	-948.826	-3454.77	2264.99	-566.63	-236.544	2475.4	3312.38	1359.85	-1016.07	685.781	1363.89	-1483.89	-1607.14	-377.133	3631.13	-2228	-2778.13	660.752	-1612.69	370.678	3394.26	3310.09	-957.79	2251.99	-113.461	1892.1	729.695	1906.22	4794	-658.45	190.507	356.719	-6200.71	4381.4	-1887.41	509.614	-673.033	3604.97	518.001	-643.607	1967.63	-2932.16	3158.96	-1999.53	1809.27	1660.14	-2564.16	750.489	-690.757	-2516.32	3091.15	2683.08	-1130.7	-3865.45	107.368	649.594	3666.49	-233.51	-1350.23	5047.04	60.4305	2845.88	-2470.72	-859.588	1142.58	2466.83	-2592.27	-1990.78	1582.13	2524.7	293.582	2314.19	878.911	-1400.07	-2658.66	2354.48	-474.459	3099.38	-2929.37	-621.839	-3431.02	-520.564	-1206.53	-2063.78	180.672	3037.74	3170.64	-1616.92	2262.8	-376.274	-1979.26
2000000.0000	1087.55	403.598	-2796.72	-981.371	-588.205	2183.71	-3222.58	-173.715	-2676.24	-670.419	21.5426	-3188.45	2790.95	2016.6	-2509.91	2069.37	2165.56	916.601	-1159.23	198.225	1286.31	1142.91	-1955.04	2453.93	5306.95	1951.48	-5080.88	-4469.67	1663.23	269.405	885.269	3007.4	2991.37	320.673	1298.85	899.493	-2015.87	3588.14	-334.194	-1111.35	2316.65	-1880.98	572.203	-3050.06	1365.61	1124.7	2244.51	-2950.59	2160	1300.94	-1179	714.662	3293.71	3983.86	-1528.51	-7304.84	-1082.42	-2335.44	1470.41	646.233	1487.52	3085.01	1783.42	-3697.01	-2232.86	-2566.77	-1602.19	1241.8	2255.07	339.357	1093.47	4256.94	-444.398	255.635	2874.27	2398.69	-1157.41	1661.04	-3181.71	3263.81	445.976	4035.37	1210.07	-3101.67	-2068.7	-326.527	3752.73	-1419.38	-4554.19	1794.95	-2570.19	552.112	-2280.12	-1019.29	456.503	-13.3363	3243.31	1842.85	-758.351	-2746.27	5113.03	2500.12	142.147	208.077	-3156.01	1615.8	158.009	-2451.41	-2149.96	1005.08	160.069	437.43	-3399.7	-5848.33	1141.41	-265.913	-1184.09	443.539	1176.43	3054.33
2400000.0001	-2078.4	-1476.25	1684.85	-812.249	1410	1394.73	-255.172	3038.8	-2092.44	-39.5171	2555.51	-1486.77	-161.438	-1732.76	2506.23	-1866.69	4638.96	-1679.1	1082.1	-2662.76	-1046.53	-1383.38	4948.07	-3203.13	4002.67	132.295	3958.95	6244.83	2318.03	-2014.7	-5199.89	2039.09	-552.454	1759.03	3054.27	4877.61	1258.67	-1876.75	1856.99	980.609	-567.82	-1936.73	743.591	4391.16	-5247.59	-2327.22	-196.284	-2920.73	-189.57	4701.39	999.004	-3160.09	3118.58	-1013.71	1736.93	2822.41	330.447	4549.52	-1298.77	-1009.33	826.555	-6176.31	3256.07	-2642.5	-1380.45	-2091.11	4990.87	204.653	-1827.41	-56.46	-6576.75	3740.94	-962.609	842.068	3623.31	-1714.23	1081.14	-1420.61	-2360.64	3109.94	3082.7	136.879	-6795.9	1650.93	1468.85	1976.98	-246.513	-3414.61	6309.39	551.285	3626.07	-3349.43	-1417.71	534.483	2279.85	-2864.13	-1142.96	2043.02	962.865	208.881	815.233	1578.78	-2725.17	-2728.53	4763.66	651.908	3849.18	-2452.27	242.517	-3250.36	-1479.27	-1266.84	-2526.1	1094.57	3540.5	4402.67	-3506.41	2825.39	685.378	-2995.41
2400000.0001	-382.563	582.132	-2840.52	-3160	345.541	-23.776	-3918.68	1103.81	921.641	-2.87741	-2392.8	-2596.17	2490.03	33.2601	-3507.78	1649.64	2292.42	2232.15	-1770.31	122.75	985.423	1678.46	-592.667	3651.78	4258.78	1714.79	-7233.91	-2817.45	3370.6	921.615	-8.31269	2860.59	4258.94	131.007	1038.68	1139.14	-2783.07	2879.53	364.746	-1515.71	631.035	-2501.07	1414.33	-3736.08	1424.86	549.122	674.83	-3428.09	1005.65	665.422	-1564.91	303.797	3309.73	3610.92	-1437.89	-7485.96	-542.847	-1069.77	2790.36	1590.65	2475.91	5541.46	1735.34	-4502.34	-2011.67	-3122.3	-363.626	878.296	3785.25	1051.31	948.535	7227.04	-1177.49	122.65	2543.43	2459.44	17.8244	2190.12	-1371.36	1747.08	767.103	3184.88	897.135	-2416.16	-1310.03	-1103.31	3113.16	-1401.86	-4094.83	1769.12	-2566.24	1092.59	-1899.75	286.951	-1013.26	-2003.85	1879.21	308.391	73.2184	-2145.36	6202.4	3046.45	870.977	-2369.37	-2297.2	2243.34	511.229	-1347.36	-1262.18	3677.54	-439.141	1159.18	-4118.96	-6155.75	1459.85	-429.456	-1980.49	1347.82	2386.64	3517.71
2800000.0002	242.663	-1351.12	1251.22	-2637.4	1975.56	2962.34	1302.32	2236.74	-2132.05	-1548.63	2835.16	-3107.84	-404.994	-1286.68	1876.28	-1108.69	4077.34	-3850.16	-1635.16	-4051.27	-1913.73	-1907.99	4849.4	-5356.52	3531.56	-2088.39	901.972	7275.62	3967.33	-3656.48	-4257.94	2479.75	-2382.07	3534.9	2909.96	5068.41	1330.17	300.371	1785.19	1886.04	-1866.67	-1948.78	-835.292	2449.08	-6075.36	-3454.52	-832.565	-1155.39	150.081	5983.76	184.289	-3874.5	2873.81	-455.259	1975.4	2870.28	-277.063	5712.23	-1424.13	-249.326	-14.9179	-5341.6	3188.46	-2686.01	-2194.52	-3678.67	3393.25	418.97	-1671.15	1544.01	-5561.51	3060.04	-1610.11	-1021.65	3056.04	-629.571	1488.88	-1880.34	-2796.16	976.619	3125.03	1173.78	-6587.29	1402.98	2031.26	2335.82	-1093.95	-2885.88	4476.33	648.783	2508.08	-3983.54	-222.942	-208.024	1857.61	-2676.87	632.685	1757.23	408.354	313.212	1294.87	1921.53	-1914.89	-2183.09	4431.09	1009.89	4369.97	-2352.51	-1053.96	-5152.81	-856.402	-2105.45	-1413.65	4162.75	2215.46	3654.17	-2318.25	2758.54	2041.61	-3930.02
2800000.0002	-355.345	1215.37	-4079.06	-2507.88	-1314.21	-1238.55	-4237.12	984.121	2314.45	693.193	-574.818	-5004.16	2470.48	378.296	-2060.53	3372.99	1877.98	1826.6	-179.129	-1822.86	1853.18	1180.99	-1164.56	2867.99	5181.74	1198.15	-7936.64	-3824.74	2410.52	1301.4	-1336.07	4825.91	4003.54	-279.757	2537.38	698.445	-2562.33	3182.28	1010.98	-1586.72	659.667	-1810.57	1600.06	-4592.2	1311.48	1573.81	82.1981	-3780.86	1121.47	-357.025	-2773.46	169.586	4008.36	4647.52	-3619.78	-8230.15	-500.971	495.301	1449.07	1364.17	3640.51	5076.26	2316.14	-3849.5	-3165.75	-3739.72	2763.41	1318.13	1708.61	-424.74	2543.25	8068.45	-323.475	-1210.52	2644.04	4124.94	935.459	2123.84	-1832.4	2111.26	1219.64	1463.18	27.2433	-4251.72	189.333	-91.2922	4486.96	261.894	-4423.02	479.331	-3098.17	1585.17	-2266.29	156.348	-1887.78	-1169.13	1486.31	2263.22	438.783	-2606.24	8451.35	2755.96	1152.12	-3241.91	-1268.3	1933.18	-523.568	-2248.38	1433.72	2496.2	-543.811	-1423.67	-2355.35	-5953.34	918.378	-474.09	-1769.88	-1346.43	-131.091	4394.2
3200000.0002	1508.74	-2996.86	2074.08	-1904.19	791.949	2220.22	1540.19	472.649	-1401.03	-1051.97	1960.77	-2339.09	376.926	-2059.77	2561.77	-2647.34	3820.11	-5867.43	56.8173	-3770.96	-2175.02	-1532.52	4571.79	-5394.21	3892.85	-853.072	1562.22	7401.38	4390.11	-4427.53	-2301.14	1450.91	-1984.79	2386.53	3691.36	3737.19	264.987	-742.88	139.873	2158.52	161.054	-2433.56	-3604.36	3954.37	-6263.65	-1669.55	766.177	-159.371	-531.717	4942.16	1455.88	-5345.15	2997.38	1157.39	2469.22	1237.87	-715.394	5357.85	310.053	346.505	2243.14	-6208.03	2886.83	230.931	-795.111	-5344.31	5166.18	1395.8	-1849.96	2612.99	-4873.47	2729.76	-1945.49	-2012.76	4507.52	1165.28	529.154	-1908.87	-4049.56	2550.12	3893.91	968.569	-6529.75	1429.13	914.637	2942.3	-686.38	-2404.86	5327.48	738.765	3119.32	-4633.11	-838.945	-447.407	1921.16	-2207.82	1107.91	2108.27	1425.89	219.972	1002.67	498.61	-1627.32	-1818.67	3989.11	976.517	3637.12	-705.803	-3656.12	-5715.77	-416.603	-999.53	-3362.6	6632.33	1890.9	2780.43	-3875.7	3853.83	2688.36	-3568.61
3200000.0002	-710.95	4438.11	-6497.91	-1378.13	-2847.45	-469.163	-5555.65	475.779	2962	627.932	2876.59	-6205.86	3082.76	1475.3	-2008.44	3096.07	1860.93	3623.45	288.364	-1685.11	1784.71	3728.96	-1432.13	4268.8	5779.45	2153.87	-8089.84	-3303.48	2603.6	279.962	-2124.8	4430.38	5756.58	-654.244	3685.83	198.405	-2259.85	3140.87	-945.209	-2743.26	1732.65	-1084.71	218.668	-4798.05	673.874	2295.77	555.024	-4409.4	915.417	793.1	-3339.66	-154.451	3977.11	4462.11	-2517.34	-7956.11	-312.821	1781.93	980.088	-1026.9	3995.28	5820.71	4155.77	-3014.25	-3886.28	-3180.06	571.838	1660.16	2044.97	-2157.21	3249.53	7676.37	748.71	309.859	538.69	3558.66	2205.49	1543.06	-3703.65	2130.16	54.4018	706.149	-1367.63	-3005.12	-457.39	320.222	7115.46	1567.15	-3055.43	1150.36	-4192.6	318.848	-4398.05	-1529.01	-2584.98	-146.492	2687.46	2318.96	698.314	-2400.21	8641.75	2861.17	1907.3	-2723.5	-1347.37	1848.48	-364.046	-2691.14	1732.77	3607.62	2009.35	-766.94	-949.095	-7027.17	-279.195	851.697	804.362	-2259.27	-595.838	5379.24
3600000.0000	2585.4	-172.205	3600.71	-1201.75	1960.36	3971.27	890.521	-356.981	-1053.47	192.868	2152.17	-3451.08	1690.51	-1117.07	2521.32	-3148.57	4917.93	-6117.35	1244.02	-2521.64	-346.774	-939.998	5578.24	-5116.79	4604.37	-2919.99	1624.32	6093.07	6352.75	-3155.99	-2410.22	-612.213	-2036.9	908.102	3827.71	2396.19	1749.22	-748.63	-373.865	642.486	-2532.65	-1985.42	-4323.59	5763.73	-5567.33	-2351.65	-1118.45	-614.985	-230.905	5014.42	1913.83	-4278.89	2414.02	4092	3978.94	981.833	-1226.36	4563.57	-1948.67	356.152	1913.47	-5194.56	2913.91	-408.329	-925.324	-3298.11	4123.11	-1076.64	-1724.85	2995.24	-5988.47	3246.94	-1786.41	-1955.49	5276.95	1088.15	-3255.82	-1081.24	-3558.35	2458.93	2274.81	490.489	-7336.39	1979.58	-169.162	1673.51	-3879.55	-2100.92	7398.01	1653.23	1932.41	-5445.84	-1516.32	339.739	3618.6	-1313.96	-660.928	2342.09	575.696	1800.04	1020.13	-188.974	-319.518	-2331.92	4245.34	3116.5	4863.37	-282.929	-5323.01	-5275.94	-710.222	625.858	-3115.39	7458.75	2712.68	1861.5	-5082.71	3924.8	2912.33	-1884.46
3600000.0000	-775.223	4546.43	-4913.21	-324.921	-1907.29	-1188.04	-4471.4	1414.81	4131.27	-1884.12	3166.26	-6229.13	2711.18	2209.84	-1793.64	5136.48	869.127	4007.48	2136.61	-2392.2	1741.81	3561.51	-2018.78	3678.24	4448.78	1706.02	-8328.21	-1725.78	3571.22	-1797.29	-2721.62	6914.59	6971.24	-239.812	4205.28	-1707.71	-3606.7	2304.41	-793.633	-2911.44	2229.69	-1457.15	1743.59	-3397.91	558.679	2654.36	-370.739	-4281.63	1357.93	1020.51	-2750.52	-406.854	3413.27	5793.1	-2558.18	-7832.71	-699.279	2295.21	-1210.26	1201.13	3868.93	7380.86	5016.19	-4206.27	-3796.46	-3407.89	-54.2836	3689.63	2558.85	-1976.73	4909.25	8653.75	1387.8	-472.988	2450.58	4681.1	2221.99	696.666	-4150.25	2444.56	2757.99	-1664.54	-1223.97	-4284.78	69.3714	1291.8	9436.35	2375.07	-3436.75	2604.58	-3666.31	452.866	-4516.14	-1402.43	-3619.05	-1930.29	4120.02	2259.95	178.244	-2463.19	7148.87	1319.69	2997.35	-3271.92	-355.767	2003.08	-1764.14	-2865.59	2362.5	5083.97	2397.48	1157.81	-3499.07	-7726.31	-247.52	-1075.83	1134.24	-2521.73	-1682.68	6118.29
4000000.0001	1546.19	-309.968	2954.83	-784.83	2513.55	5703.79	1472.57	-1834.6	651.383	173.741	3088.74	-2045.4	1124.42	-501.019	3195.76	-2435.37	4120.43	-6491.2	1981.2	-3557.67	719.677	-718.862	4448.52	-3076.41	3504.06	-3662.88	1355	4970.22	8186.31	-4025.25	-1015.42	106.835	-834.91	1373.75	4052.03	1244.7	1431.57	418.019	351.829	-1531.59	-2489.5	-1358.17	-4648.09	4670.17	-5377.86	-2987.22	-482.329	-788.444	-1121.91	5216.15	479.477	-4987.57	1364.73	5820.18	2174.31	101.561	-1990.64	4917.5	-826.463	2.56979	1635.81	-4825.35	2366.33	2158.47	363.249	-3357.77	2863.74	-1911.81	-4682.4	3442.55	-5350.7	1339.06	-3072.53	-1444.9	7332.63	2196.58	-2527.12	-438.773	-1313.62	4072.92	195.69	940.202	-8048.13	1603.18	1914.99	3146.58	-4959.42	-905.016	6488.11	-103.298	-111.072	-4823.44	-1367.16	-1088.82	2641.27	-1211.85	-654.839	2370.29	615.595	2527.08	1290.81	-756.919	1479.53	-1404.76	3562.8	2207.76	5854.28	831.623	-7537.23	-5370.67	-259.445	2255.53	-1627.15	7327.05	2424.11	984.476	-6205.4	4243.75	2268.41	-329.105
4000000.0001	-1053.21	4151.39	-5911.5	-666.559	-1267.24	-2195.88	-4830.93	1269.38	1458.99	-1782.63	4425.35	-5928.9	3809.58	1478.54	-2885.22	5770.16	824.858	4757	3098.45	-3923.77	172.856	3483.7	-1203.95	4011.2	3208.12	1347.38	-6540.39	-172.291	3706.29	-1761.87	-1359.99	6604.3	7576.4	-1768.46	2236.68	-238.815	-3452.38	2604.48	-2647.51	-3421.83	3666.38	-2334.25	-127.591	-3234.8	-366.606	3657.71	-384.412	-4355.62	-507.536	-174.415	-2735.13	-750.456	3112.95	4537.44	-5129.52	-7565.59	-876.386	1341.54	-1476.09	2639.64	4011.71	7916.01	4095.59	-3730.23	-4226.98	-5914.35	-792.186	4970.65	566.313	-1323.69	6104.12	8053.26	744.264	-528.556	3689.14	6275.3	1444.46	1187.34	-4287.06	5071.5	549.984	-2924.81	202.954	-5223.24	-666.546	-1447.21	10643.8	1002.56	-5225.75	3684.3	-2997.06	618.161	-4670.85	-3509.62	-4264.75	-1187.25	3982.75	1102.41	-2380.95	-2447.9	7039.45	2913.61	3109.42	-3989.93	829.313	1755.58	-3123.98	-2295.67	1999.78	5582.26	2958.62	-285.211	-4440.02	-8586.03	63.3086	1532.41	634.7	-3244.72	-1131.69	5993.21
4400000.0000	2391.34	-186	2665.52	1187.13	2360.45	5839.92	961.041	-2044.23	-594.356	321.223	3169.65	-1868.49	-618.405	-995.941	3246.87	-4351.35	3789.75	-5649.62	751.736	-3258.91	1175.38	-3179.68	4436.55	-4625.68	2991.79	-3980.9	850.854	5284.89	8281.41	-3164.35	-111.14	449.886	-1490.82	2164.94	2894.36	684.167	201.608	-495.867	-276.695	-611.227	-3830.82	-1817.43	-3467.51	4624.37	-5893.02	-398.139	-1466.59	-3091.09	111.986	7128.78	134.623	-3857.09	1686.63	5614.48	576.88	1715.2	-1185.86	6077.01	-7.30256	-221.377	4518.75	-4806.04	2639.73	2609.64	-1054.77	-4450.48	3682.15	151.118	-6266.29	3814.55	-4806.17	2886.04	-2217.36	-504.795	6941.25	1491.21	-1299.82	162.133	-194.322	3848.54	481.287	1950.35	-5948.9	889.168	1409.32	2935.63	-5888.61	455.198	6172.48	-1212.75	499.232	-4755.21	-1701.98	1201.6	2380.18	871.804	-1146.77	3040.99	93.3109	4945.64	-1158.71	-1104.78	1254.65	-1432.48	3824.5	3256.54	6241.15	1898.22	-11113.7	-5046.59	-231.962	1961.76	-1064.56	7425.13	2784.05	1977.81	-6514.21	3082.4	2416.75	-1759.44
4400000.0000	-320.517	3257.9	-4679.12	-1328.39	-1051.06	-1332.56	-4023.75	2427.29	2254.02	-1301.02	3429.62	-5267.61	2609.62	1228.97	-992.513	5348.08	-291.267	4717.86	4588.22	-2568.68	2697.93	2437.14	-1514.35	5214.16	1990.28	2150.01	-5311.62	70.4669	3638.57	-2418.87	-1373.26	6495.6	7972.31	-637.1	2161.67	182.09	-2059.09	2090.59	-2708.84	-1724.96	2100.13	-2728	353.897	-3333.75	-382.205	1563.92	-1185.48	-4029.09	1205.5	88.3759	-4469.08	-3310.6	1279.4	6004.23	-4787.44	-6248.28	243.538	3468.09	-1850.59	4503.19	3794.63	5904.55	4084.37	-5110.87	-4639.97	-4631.95	-457.392	5208.08	571.801	-1661.59	5450.03	6819.89	2403.39	-866.486	4493.84	5926.65	1670.64	918.448	-5053.1	4029.67	93.9813	-2948.85	1230.94	-6494.07	-879.448	-1917.83	9357.4	734.484	-5364.16	4358.75	-2020.82	967.121	-5013.71	-3313.78	-2875.07	-904.241	5275.51	1802.31	-2284.74	-2119.17	6538.76	1881.13	2660.77	-4058.46	1244.46	2527.86	-3315	-2860.21	-620.667	5896.52	2761.7	418.242	-4230.47	-7232.16	-61.6132	283.164	2943.97	-3491.94	-971.564	5949.61
4800000.0000	2384.97	672.043	4066	3722.38	3050.77	5288.16	398.073	-1752.33	-1698.74	891.005	1597.14	87.142	-1437.43	-364.391	4517.49	-3896.65	5072.78	-3981.03	-473.255	-3440.84	448.169	-1557.08	5284.47	-2648.49	3646.24	-3300.32	-71.1135	5669.67	8156.65	-3563.13	481.773	850.321	-775.718	459.389	3568.93	1854.73	1171.8	-1184.11	-2162.77	-1022.68	-3636.91	-1578.29	-3651	6187.44	-7036.72	63.7929	394.752	-2318.92	-1010.46	7418.42	-1668.46	-3613.66	2185.76	6035.07	775.15	1283.63	-2478.21	6619.32	1036.67	-944.415	4364.74	-4863.37	856.628	2826.43	-1187.74	-3443.52	4177.48	-1214.3	-5360.17	3878.53	-4207.58	3801.85	-1202.26	-1520.1	7296.75	1056.3	-157.871	881.663	-509.251	4003.27	2243.52	3968.87	-6220.49	-469.023	1204.41	2864.8	-6600.76	-594.251	8484.19	-2115.5	-455.321	-3971.75	-1127.9	1656.65	2637.99	180.32	-911.163	2241.91	1047.96	3245.29	-2675.58	-380.142	796.805	-119.389	3127.59	3248.2	5661.96	3792.39	-10195.6	-4032.04	-1582.78	1752.57	-1206.17	6956.2	686.646	3505.71	-6567.01	2953.89	588.151	-1123.63
4800000.0000	572.884	4710.58	-4529.81	-1771.16	-998.188	1415.97	-2389.5	1553.88	1600.45	-2034.09	4356.22	-4470.57	4667.3	326.717	-780.608	5707.24	113.123	5299.43	5023.07	-1569.11	2990.46	1975.98	-2906.99	5032.43	1948	2045.43	-6717.49	-1436.11	2807.51	-1529.4	-926.65	5866.37	6071.27	382.601	1038.42	918.434	-4209.28	331.28	-2803.7	-904.011	1526.32	-3647.73	2918.63	-4073.79	947.132	158.003	-2856.49	-2843.69	1239.76	-469.974	-5191.86	-3778.48	476.415	5444.8	-6063.25	-5959.87	752.141	2832.16	-2833.89	5517.59	4472.33	5575.34	5587.09	-4335.73	-5376.6	-4479.57	1092.04	5943.88	-688.243	-2215.79	3662.26	5680.93	587.152	1576.39	4449.76	4378.78	1025.53	637.775	-3780.26	4649.45	129.684	-628.991	3830.99	-4988.54	-530.504	-1819.73	11157.6	2178.58	-4392.9	3718.87	-1773.01	-950.189	-6137.79	-2378.87	-3301.01	-1335.93	5042.03	4058.37	-2881.32	-2240.85	6124.57	2809.24	2259.35	-5985.96	756.277	2528.2	-3066.36	-3382.74	-602.506	4230.53	-295.819	409.138	-3093.19	-7699.66	-769.483	-127.819	3192.43	-3067.43	-723.344	6578.76
5200000.0000	324.191	372.626	5352.53	2866.04	2815.5	5008.1	-118.967	-752.99	-1991.47	1615.95	1425.22	117.268	-1699.67	-1244.17	3098.88	-5978.43	3452.13	-3028	499.325	-2174.91	1156.62	-3170.33	6215.3	-1548.57	4603.67	-3419.34	820.192	5347.29	9173.61	-2068.74	246.72	999.673	-866.728	292.422	1472.91	2408.74	467.541	-2525.76	-3164.08	-1869.78	-2122.82	-2555.86	-3220.76	3243.69	-6215.04	-1162.01	477.677	-1660.16	-1810	4807.03	-340.852	-4505.67	3886.74	6040.91	282.142	-165.8	-1551.25	7902.62	321.495	-2524.46	4183.3	-5508.58	1782.56	2567.58	-1547.09	-4864.13	2923.18	-1731.78	-5834.89	4604.16	-4330.24	4440.66	-1572.9	-1102.46	8921.12	90.4585	706.701	197.502	-677.739	5632.58	2934.78	3058	-5908.51	-1848.52	1259.57	3095.14	-4849.4	676.357	8907.21	-1130.21	-953.006	-4415.96	-1906.76	815.097	1978.11	-1258.28	-2473.77	2276.84	-226.289	4911.43	-3485.51	1081.67	880.987	-747.375	3308.67	3625.28	4960.35	4022.74	-11124.2	-5126.69	-1421.07	874.241	-1491.41	7564.76	-1237.6	3593.45	-5765.31	2528.75	59.6774	-3045.61
5200000.0000	1198.11	5781.66	-4812.37	-2866.42	-569.623	2067.56	-1943.69	1574.57	1341.5	-931.672	4563.22	-4179.16	6033.63	-489.703	-2716.76	5486.35	1312.62	4639.06	6662.39	-1186.37	2379.71	2935.63	-2571.96	4802.77	3267.2	2726.64	-7501.94	-1011.06	3060.59	-3450.6	-1667.93	5247.82	7081.01	-263.987	2297.41	414.048	-3899.98	459.416	-4798.27	144.797	1354.62	-2920.73	1959.23	-3626.65	248.86	1039.44	-3283.41	-2715.08	306.895	-91.9994	-4932.56	-6235.11	-1300.93	5042.62	-6287.65	-3357.83	250.336	3665.06	-3600.22	5983.39	1813.47	4548.91	5289.96	-3655.82	-5146.89	-4642.4	3257.45	2884.83	-2269.31	-1104.8	2798.96	5252.55	-1212.03	1735.44	4880.26	2925.2	-64.1035	1105.22	-4582.1	5634.17	-874.562	-1429.77	3433.86	-6124.87	-125.417	-1053.25	12426	4285.38	-5996.04	4153.99	-3075.57	-2125.48	-5109.53	-2183.53	-1776.19	-1102.62	6098.54	3825.85	-2996.5	-4293.09	5435.83	3070.44	1166.89	-5479.93	1090.61	2541.89	-2538.45	-4996.32	1316.2	4284.5	-2039.25	-190.769	-4380.33	-7409.11	-1003.72	580.345	3193.87	-4609.75	-435.971	7101.88
5600000.0000	355.791	-542.311	5394.51	1578.63	3159.93	6050.15	214.472	-751.17	-2942.23	475.563	2274.88	1600.64	-3124.91	184.482	4502.3	-6887.61	2759.48	-1196.76	1455.23	-1894.09	2043.58	-1442.28	6334.46	-589.331	5038.68	-3597.15	692.901	5427.96	9694.34	-1700.54	-153.132	-856.999	-534.872	1208.78	-350.363	3435.38	1446.34	-2050.06	-3735.88	-1134.27	-1849.47	-1187.78	-3232.24	2673.05	-7789.78	-2151.64	1101.37	-1488.91	-2377.09	5622.78	-418.713	-4092.79	4136.39	6523.49	-296.844	-1018.5	-476.042	8346.93	600.931	-2079.17	5351.44	-6421.63	3006.18	4391.66	-776.966	-5788.44	2970.68	-1853.54	-4211.11	5896.37	-3433.49	5723.95	-5.2571	451.415	8408.77	-954.932	1641.63	335.72	-2361.8	5757.33	2804.34	5494.52	-5635.55	-1106.61	2440.52	4134.61	-5512.04	119.235	8989.55	693.325	-309.707	-4213.83	-2065.42	953.781	1796.76	-1928.45	-4237.67	2064.56	937.505	4139.07	-4266.59	220.232	-219.196	-1662.35	3645.87	4294.08	4349.27	4768.98	-13241.3	-5414.25	-2178.05	1580.67	28.3037	7190.56	-613.885	4408.94	-5499.87	1819.51	-496.137	-4366.16
5600000.0000	-748.032	5834.12	-7361.51	-3197.73	-1154.99	989.331	-488.456	562.404	1656.01	-150.829	4415.44	-4317.68	4484.4	-111.56	-1221.88	6899.15	-104.549	6352.75	5101.99	-1437.26	568.84	2755.19	-2683.04	5910.94	3270.78	2761.06	-8003.51	-2064.33	2359.13	-3252.97	-1152.56	5832.81	7620.03	-1779.14	1947.09	519.658	-4453.32	-863.155	-4586.12	1624.74	1861.84	-2946.44	1641.54	-5665.04	-321.469	44.3012	-2743.01	-4380.99	1727.55	3765.65	-6009.09	-6297.47	-2510.33	4785.14	-7030.65	-3716.74	-399.195	3228.25	-4047.01	6115.66	2.34598	4494.48	4341.39	-3490.66	-2490.24	-4280.62	4854.58	4170.04	-1364.62	171.906	3312.32	6397.03	-56.9639	1224.99	5525.71	3634.62	-153.576	1641.43	-4571.36	6943.24	-1522.1	-809.852	4279.13	-5786.97	-763.668	-2465.55	12430.8	4871.7	-4753.6	4397.31	-2419.14	-2308.27	-4383.96	-1197.53	-1397.41	-186.321	5550.07	2469.04	-2109	-6895.97	3279.4	1877.89	1077.37	-6008.55	1619.66	1946.7	-3067.61	-7796.06	370.34	4553.53	-2521.83	1611	-3470.07	-4698.88	-886.653	292.27	3007.02	-6538.72	1156.71	6139.79
6000000.0001	1024.4	736.779	3245.81	3220.31	2715.96	5011.92	1407.77	546.419	-2275.3	-657.864	3368.93	-388.025	-2498.51	-1391.08	5020.91	-5847.49	3642.15	-447.94	1711.28	-2461.14	2035.03	-1899.84	3126.29	-767.993	6130.42	-3584.24	402.709	5946.64	6983.42	-633.972	1703.01	-620.345	-1396.63	-1369.03	-14.7927	1877.06	61.408	-1887.51	-4585.4	-2507.71	-300.571	-1267.81	-3154.7	2419.01	-5938.36	-2607.9	-171.27	-907.034	-1010.8	4865.76	-18.8989	-3179.45	2245.25	6882.4	203.345	-1368.48	-951.689	9175.31	-235.691	-1056.93	6028.28	-7372.54	2880.19	3810.03	1656.82	-4193.19	2248.67	-2006.25	-5742.41	5548.18	-3168.24	6649.46	-2102.04	-361.944	6970.85	-174.771	2211.47	1313.9	-1943.64	5210.61	1303.56	4747.47	-7121.59	-1925.23	1361.26	3932.03	-4917.46	1097.13	7764.89	346.528	-1173.59	-5924.94	-1851.34	1542.8	2379.94	-804.358	-5216.16	1941.4	854.845	4928.06	-4082.4	-160.262	575.955	-562.261	3147.6	5104.41	6131.91	5184.28	-12952.4	-5018.59	-3032.85	1376.33	305.519	7442.58	-2534.73	3662.28	-5597.71	902.787	-1394.16	-4210.31
6000000.0001	-274.732	6975.82	-5375.89	-3128.91	-1003.55	1839.17	-1464.04	1588.15	1680.3	-1262.5	3290.8	-3447.67	2618.56	660.928	-1109.3	6357.49	310.913	7195.4	5551.08	439.621	1715.56	3063.08	-2533.71	5639.8	2449.46	3778.84	-7022	-2655.8	2753.92	-3843.25	-1297.7	5310.52	8039.19	-1376.87	2992.56	980.059	-5694.33	127.451	-5493.05	1402.75	3652.26	-1117.84	1562.11	-5986.05	-936.106	188.25	-1894.84	-3326.53	664.318	2642.43	-5931.14	-7534.79	-2218.48	5492.93	-6938.91	-4907.66	-545.719	3774.2	-2232.74	7987.77	45.0968	5339.58	4976.47	-2662.28	-865.95	-4593.13	5403.54	2564.16	-1390.21	524.371	4426.85	7228.94	59.29	2325.17	5677.38	4480.74	-978.61	1599.14	-4520.89	6110.76	-431.508	-710.373	5369.19	-4380.14	281.786	-2306	13877.7	3265.61	-5354.34	4141	-2533.34	355.88	-2509.72	-1258.67	-3298.46	1522.47	5801.48	4291	-1379.49	-8518.84	3047.37	3382.81	1392.46	-5167.67	1872.22	1382.89	-2905.82	-6880.94	913.278	4455.15	-2314.63	2416.43	-3422.98	-4916.81	-958.341	394.199	3223.34	-5687.62	443.978	5767.95
6400000.0001	1709.26	2356.65	2552.43	3206.67	4046.63	2990.98	159.675	1038.31	-2298.18	-980.891	3154.97	622.221	-3368.86	-1168.9	5515.9	-5878.75	3058.68	-1015.37	2497.81	-2025.36	2291.65	-2056.61	3525.32	-846.772	6528.88	-3899.7	-1233.08	6342.58	6625.74	-707.377	2435.03	-1448.87	-1127.71	-214.366	-501.933	1612.45	1147.41	1004.52	-3979.61	-324.735	-1110.11	-2009.17	-4199.27	1182.98	-5906.96	-880.19	1292.32	-44.1634	-1240.46	4867.2	-1802.02	-2834.63	2799.78	8923.91	232.771	-2947.49	-3248.58	8482.94	-518.523	-2494.42	7750.01	-6684.46	3063.66	6338.81	1427.52	-2830.06	3089.12	-3982.16	-6954.29	3337.29	-4157.96	6124.74	-860.681	-799.54	7264.06	-1368.4	2772.05	2319.49	-2547.87	4868.16	1365.57	3150.6	-6802.13	-1122.67	1888.82	4645.78	-5641.06	4608.12	6232.2	1162.62	332.991	-5133.49	-788.417	395.845	2077.56	-306.925	-5721.93	492.381	3101.18	5118.03	-3557.03	81.2313	-471.608	-2220.99	3339.48	4802.49	7259.21	2942.34	-13627.3	-5341.35	-1305.86	1941.19	887.539	6727.06	-2596.03	4815.37	-5506.04	1859.82	-1205.55	-3116.72
6400000.0001	843.798	6899.53	-3641.45	-3443.51	-136.887	90.7152	-860.443	2383.74	3155.17	-211.25	2611.6	-1571.4	2099.27	1258.27	-1108.37	5438.99	757.086	6949.35	6348.34	1027.13	1938.85	3008.48	-2376.98	6147.52	2035.29	3888.59	-6581.05	-3965.44	5450.66	-3716.41	-1683.1	5336.22	7420.61	710.973	2466.54	51.9582	-4625.66	-1237.53	-4654.85	2602.31	4041.23	-1933.3	2159.41	-3747.28	138.959	-415.067	-3620.68	-2602.62	-894.973	2053.15	-6003.97	-7569.35	-3650.87	8235.97	-7542.4	-5925.71	-479.863	586.315	-2466.03	9992.59	1390.4	4402.22	4202.47	-2909.57	-475.526	-4746.39	5559.86	3047.1	-932.887	1239.12	2858.97	5976.09	-957.446	3061.64	5682.03	5641.34	-1753.35	337.838	-6210.58	5594.99	-1116.18	-128.072	7031.79	-5104.99	1428.08	-2610.09	13513.8	3643.09	-4722.06	3111.81	-3114.64	184.34	-1778.52	-2059.32	-2099.1	1822.52	4841.01	5126.71	-1544.54	-9364.15	2948.91	4869.83	281.106	-8311.12	2610.87	-408.838	-3032.08	-7150.74	-1113.78	3299.6	-3911.31	360.571	-2120.08	-4703.29	-3125.52	1472.8	3308.01	-7615.25	313.029	3589.14
6800000.0001	2679.95	2223.65	1687.14	905.5	2972.32	3758.22	-2946.08	1993.56	-1395.76	-1291.78	3036.54	27.5411	-2658.97	331.483	6032.23	-4620.45	4167.4	-878.409	2257.25	-1692.02	3986.55	-1348.69	4918.46	-773.921	8284.21	-3627.41	-444.809	7225.12	6930.76	1848.39	2440.97	-3593.42	-1669.09	-1342.66	920.296	2469.77	-920.35	328.879	-2212.96	-1694.75	-1182.51	-2437.61	-3250.27	1581.66	-6474.5	-1997.57	812.184	-737.313	-1001.93	8175.24	-2813.32	-1632	1830.45	8969.08	231.832	-2233	-3312.64	9537.04	-708.814	-4544.18	8208.58	-6414.26	2006.65	7020.19	419.75	-4059.27	3831.08	-4605.32	-5501.69	2613.96	-3563.56	6465.57	-2635.01	-874.973	6539.55	-1939.94	3099.11	4344.36	-3202.23	2825.32	1560.86	3501.25	-6318.18	-1434.7	3057.02	3494.7	-5475.89	4742.64	6529.05	-361.667	-649.566	-6086.03	1160.97	12.0108	-703.349	-571.125	-4420.82	76.5601	3266.25	7260.16	-3639.43	972.879	-1282.71	-2230.37	1754.09	4840.46	5551.68	1365.04	-14833.6	-4913.1	-827.521	1975.99	1223.94	8276.72	-1783.99	5945.7	-3979.97	2349.7	-4040.79	-2820.72
6800000.0001	2072.53	7596.08	-4970.99	-3027.04	-1135.94	1641.1	225.094	2128.58	4296.11	-455.909	4311.99	-1383.08	2844.85	42.6967	-640.142	4487.36	167.623	6924.18	5203.34	-15.4776	2282.17	1850.01	293.525	8313.45	2333.63	5880.9	-6498.93	-5478.2	4386.74	-4063.29	-2026.59	3914.88	7086.08	1256.63	2757.62	2146.09	-3193.68	726.579	-5606.96	1541.03	4552.59	-1392.81	3090.24	-3677.41	763.543	-792.611	-4452.17	-1115.5	-1673.83	2337.51	-7150.84	-8160.29	-4043.18	8757.76	-6949.82	-6025.4	-399.273	56.4885	-3394.56	9238.24	2288.73	3686.23	5062.32	-3873.41	-1005.02	-4543.83	4139.98	2484.52	-79.9716	2339.7	1864.61	5490.8	-792.68	2508.66	5777.35	5166.71	-2088.5	323.959	-5800.13	5949.94	-2001.56	-2430.1	7999.66	-5607.59	774.511	-2460.6	15554.6	2507	-4528.11	3707.98	-4513.85	827.346	-2155.28	-2094.61	-2587.42	582.588	4251.91	7113.63	-2267.6	-7736.27	2076.61	4645.65	1124.15	-8141.59	871.403	119.568	-3182.13	-7329.92	-1594.24	2271.27	-2811.3	2553.79	-4860.99	-4647.92	-3980.42	363.336	5153.06	-7254.92	-1037.58	5956.08
7200000.0001	981.022	2344.36	1242.89	473.22	1329.85	3653.77	-2839.85	1225.36	-2746.09	-251.528	4595.76	-336.699	-2250.83	-1361.1	5205.82	-4028.28	3927.94	-3295.41	2927.48	-2690.87	4056.82	-1350.86	3454.68	-739.111	7770.54	-4379.6	480.166	7340.74	8378.64	2714.86	1443.1	-3503.51	-2347.08	-1564.09	187.3	1940.74	-229.946	-757.004	-2227.33	-1902.33	-1830.39	-2627.14	-3554.23	3393.48	-6300.01	-2831.64	687.11	-833.818	-3095.56	7997.58	-4629.89	-697.322	3835.27	7942.81	-482.48	-2567.12	-4692.62	8689.43	-2721.58	-5280.31	7259.76	-6824.34	3916.61	5941.75	2606.24	-2865.49	5392.42	-5291.11	-4575.83	3582.09	-3652.88	5767.03	-2746.83	1073.34	7839.17	-2091.61	3719.86	4320.2	-3424.42	4038.31	1424.62	4676.65	-5074.13	-2156.73	4351.5	5991.86	-5498.16	4290.35	5181.06	-736.846	-652.813	-7535.28	1010.74	111.144	-369.388	3.81863	-6379.54	-478.124	5239.73	7466.81	-3938.15	1919.52	-978.856	-1086.2	1061.08	3689.21	7949.53	2613.09	-15538.7	-4854.67	165.767	3955.23	845.307	8936.31	-376.786	6952.77	-3020.46	1735.59	-2723.94	-3330.5
7200000.0001	2456.19	7368.48	-5165.67	-1186.24	-2527.5	136.25	2215.39	2450.55	4857.02	160.495	3845.53	-1847.02	1608.24	-1391.16	422.494	6745.53	865.358	6830.72	5583.21	-19.5494	1060.17	1841.62	-166.187	7596.78	3004.11	5586.03	-5897.28	-5631.35	4282.17	-4020.73	-2132.34	4135.81	7843.27	1610.54	2649.22	2279.88	-4268.72	-1188.49	-3719.76	28.6774	3726.47	-1217.55	2769.24	-2982.28	2225.65	-177.432	-4727.73	-2175.04	-2535.86	3158.35	-8098.35	-8077.83	-4623.25	9715.61	-6386.03	-6918.31	1284.17	-280.515	-4354.27	8585.31	1993.44	4858.83	3798.19	-3355.65	197.507	-5407.07	6295.53	1658.15	1218.24	2989.27	2965.95	5054.53	499.791	3517.55	6472.62	5512.61	-2987.22	1417.86	-6741.75	5622.16	-2171.19	-4199.8	6974.13	-4604.8	1394.74	-1786.38	15863.6	2102.53	-1858.49	2624.2	-3752.35	1231.22	-1209.16	-1078.94	-2223.18	1224.15	4287.15	7875.82	-1919.87	-10363.3	2636.01	3345.91	653.239	-7725.27	572.39	-1284.94	-2907.41	-6519.88	-2021.31	1700.34	-2444.15	1731.85	-5167.08	-3959.33	-5623.39	-697.401	5407.45	-9222.99	-231.772	6127.98
7600000.0001	535.047	1355.99	960.216	891.162	1688.34	3961.05	-2934.25	2578.82	-3262.06	-237.898	6007.05	738.756	-775.69	-1649.35	4921.81	-4191.62	3633.76	-4558.2	2913.7	-3239.87	4180.74	-1656.41	5794.63	-1485.68	7861.69	-5115.58	666.732	7295.51	8489.06	2177.98	2330.75	-2263.32	-1455.24	-1649.34	-1242.11	2193.34	-1581.3	-1973.84	-2728.79	-778.176	-1228.25	-1582.93	-4532.95	4724.83	-6435.62	-1576.57	105.376	-40.2408	-2871.01	8903.72	-5341.29	-1474.69	3134.95	5403.26	-1322.81	-3739.75	-4772.21	9124.4	-2685.33	-3481.64	6226.93	-6834.85	2993.87	7180.2	1264.54	-3537.69	6120.73	-5582.89	-5542.52	1887.33	-6247.83	8838.95	-3418.94	-338.117	7487.68	-1481.8	3321.97	2529.73	-4091.9	4887.69	525.124	2865	-4549.46	-2152.86	6583.67	6266.78	-5155.2	4240.32	4634.27	-1488.71	273.55	-9269.81	464.565	-61.1113	392.202	-461.726	-6973.47	1400.69	7393.87	8821.53	-1027.41	4368.75	840.061	-1186.08	1985.32	4245.12	7728.94	1756.59	-16597.3	-4990.6	740.109	6203.66	139.979	9920.03	-673.042	9101.32	-2601.47	224.235	-1058.38	-2548.94
7600000.0001	2160.9	7163.34	-4289.13	-732.847	-2793.15	741.104	4064.24	2323.86	5741.71	582.662	3845.26	-942.39	444.724	-1450.61	-162.215	6605.56	1130.34	6740.52	5470.87	169.21	2101.9	52.2561	-566.309	5966.69	1195.49	4791.55	-5554.49	-6633.04	4086.45	-3579.79	-3459.23	3742.89	8084.59	499.885	2618.21	2563.67	-4993.09	-3062.64	-4566.13	-38.6184	4237.84	-1566.03	2934.32	-1914.89	2496.94	1485.66	-5815.14	-174.035	-2030.42	1319.37	-8094.74	-6679.86	-5608.03	9114.36	-6103.24	-8674.29	513.166	-2700.18	-6529.86	8416.18	3892.83	6931.86	3877.48	-3586.88	-23.7397	-5353.71	6280.1	2823.81	3147.46	4413.32	3011.91	4771.94	272.43	3087.82	7347.27	4860.92	-2261.77	1597.92	-7155.44	5610.27	-2686.31	-3851.81	7223.37	-4634.79	946.448	-2186.39	17276.8	3661.58	-1503.36	1655.43	-4530.65	336.625	-602.106	-2041.44	-3950.6	2485.36	4826.27	8703.16	-3183.94	-9471.1	2347.25	1363.65	524.167	-7653.23	-859.181	305.501	-2200.14	-5286.96	-2281.56	582.192	-353.94	3378.03	-4577.15	-4209.24	-5446.31	-1532.28	6059.91	-8328.49	774.468	6462.64
8000000.0001	1431.25	1868.46	-1426.43	438.78	3370.31	4504.45	-2438.29	3371.12	-2548.92	193.437	6740.88	674.798	-696.69	-1040.27	5547.05	-3360.89	4007.47	-3380.11	1485.68	-1958.96	4159.23	-1554.93	8578.75	-366.204	7964.95	-4829.79	429.338	7760.84	7776.83	-1085.06	2903.25	-881.075	-766.068	-816.191	-1430.13	1647.54	-1205.89	-375.565	-1643.18	-739.897	-1218.05	-3346.76	-5310.22	3840.31	-5120.46	-397.095	1805	-1496.98	-1256.9	8506.32	-4712.9	-2246.15	2979.93	4398.55	-771.59	-3083.7	-4440.72	8482.33	-3189.59	-2941.47	6409.65	-5933.89	4098.67	6785.3	1062.79	-5563.36	7962.85	-5704.23	-4414.26	1527.76	-5792.96	8357.37	-1595.29	81.3833	9007.21	-1484.39	1693.5	196.918	-3094.69	6388.15	-839.977	4769.67	-4988.32	-3325.6	6843.81	5281.53	-5187.1	2968.54	5074.57	-2267.75	809.013	-11147	401.803	216.526	806.844	-2221.84	-6844.72	867.885	6918.73	7760.44	-597.886	5008.31	1427.73	-1768.44	2823.83	5208.66	8252.98	1188.36	-15224.4	-4769.49	250.919	5046.3	560.61	11400.7	993.418	9779.09	-3563.53	29.6849	-1211.19	-2887.1
8000000.0001	1487.45	5859.25	-5105.13	1439.13	-3521.17	1654.34	3498.87	2297.27	3842.62	-858.23	3070.8	-1230.26	-654.138	-3539.88	-635.06	6115.71	2151.74	6280.8	4915.25	-834.567	2628.07	143.384	-1618	4344.25	-126.21	2727.6	-4041.67	-6631.03	2585.56	-4044.09	-2779.59	278.781	8280.6	1569.06	932.692	3323.03	-4568.8	-4635.4	-5980.86	-928.405	3093.82	-2514.27	2048.42	-1247.52	2103.11	473.902	-6833.21	-389.859	-3780.79	2198.1	-8381.61	-7026.59	-6393.12	7035.33	-4493.54	-9074.23	794.173	-1770.88	-7193.71	7283.11	2647.08	6205.97	4998.22	-3696.88	1322.72	-5050.36	6047.39	2113.51	1793.23	6557.83	2805.51	3390.64	1939.11	2374.45	6935.72	6319.78	-326.882	1790.02	-7118.51	5624.74	-1137.59	-4075.84	6613.3	-3652.94	2303.57	-1559.69	17306.6	5597.89	-1459.49	3689.47	-5539.7	-901.592	691.566	-2074.44	-4942.93	3869.35	4874.71	8994.5	-2487.28	-10044.8	2670.42	1528.63	506.935	-8108.61	-1559.59	1138.6	-1838.84	-6028.97	-1414.07	-559.293	-1505.5	4429.06	-3130.09	-5990.07	-4382.22	-1246.9	5560.64	-8822.73	-1150.46	5629.6
