4000	0	0	1195
4000	0.1	0	1085
4000	0.2	0	1210
4000	0.3	0	1171
4000	0.4	0	1209
4000	0.5	0	1287
4000	0.6	0	1279
4000	0.7	0	1437
4000	0.8	0	1562
4000	0.9	0	1629
4000	1	0	1833
4000	1.1	0	2044
4000	1.2	0	2174
4000	1.3	0	2572
4000	1.4	0	2936
4000	1.5	0	3390
4000	1.6	0	4008
4000	1.7	0	4929
4000	1.8	0	6004
4000	1.9	0	7491
4000	2	0	9396
4000	2.1	0	12500
4000	2.2	0	15473
4000	2.3	0	18333
4000	2.4	0	19593
4000	2.5	0	18525
4000	2.6	0	18205
4000	2.7	0	18054
4000	2.8	0	18217
4000	2.9	0	18246
4000	3	0	18401
4000	3.1	0	18584
4000	3.2	0	18593
4000	3.3	0	18703
4000	3.4	0	18933
4000	3.5	0	18928
4000	3.6	0	18842
4000	3.7	0	18591
4000	3.8	0	18992
4000	3.9	0	18455
4000	4	0	18784
4000	4.1	0	18823
4000	4.2	0	18866
4000	4.3	0	18784
4000	4.4	0	18636
4000	4.5	0	18449
4000	4.6	0	18630
4000	4.7	0	18386
4000	4.8	0	18574
4000	4.9	0	18407
4000	5	0	18467
4000	5.1	0	18493
4000	5.2	0	17857
4000	5.3	0	17101
4000	5.4	0	16418
4000	5.5	0	15698
4000	5.6	0	14430
4000	5.7	0	13548
4000	5.8	0	12403
4000	5.9	0	11349
4000	6	0	10392
4000	6.1	0	9472
4000	6.2	0	8529
4000	6.3	0	7882
4000	6.4	0	7083
4000	6.5	0	6649
4000	6.6	0	6102
4000	6.7	0	5596
4000	6.8	0	5149
4000	6.9	0	4890
4000	7	0	4562
4000	7.1	0	4292
4000	7.2	0	3916
4000	7.3	0	3660
4000	7.4	0	3405
4000	7.5	0	3257
4000	7.6	0	3067
4000	7.7	0	2938
4000	7.8	0	2887
4000	7.9	0	2580
4000	8	0	2492
4000	8.1	0	2390
4000	8.2	0	2280
4000	8.3	0	2300
4000	8.4	0	2191
4000	8.5	0	2056
4000	8.6	0	1920
4000	8.7	0	1902
4000	8.8	0	1802
4000	8.9	0	1672
4000	9	0	1764
4000	9.1	0	1647
4000	9.2	0	1636
4000	9.3	0	1610
4000	9.4	0	1567
4000	9.5	0	1423
4000	9.6	0	1404
4000	9.7	0	1370
4000	9.8	0	1364
4000	9.9	0	1360
4000	10	0	1314
4000	10.1	0	1358
4000	10.2	0	1299
4000	10.3	0	1252
4000	10.4	0	1258
4000	10.5	0	1195
4000	10.6	0	1256
4000	10.7	0	1208
4000	10.8	0	1232
4000	10.9	0	1154
4000	11	0	1119
4000	11.1	0	1171
4000	11.2	0	1179
4000	11.3	0	1107
4000	11.4	0	1050
4000	11.5	0	1143
4000	11.6	0	1089
4000	11.7	0	1141
4000	11.8	0	1075
4000	11.9	0	1078
4000	12	0	1044
4000	12.1	0	1109
4000	12.2	0	1087
4000	12.3	0	1072
4000	12.4	0	1094
4000	12.5	0	1085
4000	12.6	0	1144
4000	12.7	0	1075
4000	12.8	0	1081
4000	12.9	0	1086
4000	13	0	1083
4000	13.1	0	1094
4000	13.2	0	1100
4000	13.3	0	1052
4000	13.4	0	1127
4000	13.5	0	1025
4000	13.6	0	1063
4000	13.7	0	998
4000	13.8	0	1066
4000	13.9	0	1137
4000	14	0	1050
4000	14.1	0	1065
4000	14.2	0	1075
4000	14.3	0	1077
4000	14.4	0	1076
4000	14.5	0	1119
4000	14.6	0	1081
4000	14.7	0	1087
4000	14.8	0	1081
4000	14.9	0	1027
4000	15	0	1138
4000	15.1	0	1129
4000	15.2	0	1091
4000	15.3	0	1131
4000	15.4	0	1064
4000	15.5	0	1085
4000	15.6	0	1070
4000	15.7	0	1037
4000	15.8	0	1103
4000	15.9	0	1038
4000	16	0	1117
4000	16.1	0	1052
4000	16.2	0	1157
4000	16.3	0	1131
4000	16.4	0	1067
4000	16.5	0	1072
4000	16.6	0	1076
4000	16.7	0	1067
4000	16.8	0	1112
4000	16.9	0	1082
4000	17	0	1127
4000	17.1	0	1109
4000	17.2	0	1132
4000	17.3	0	1075
4000	17.4	0	1133
4000	17.5	0	1129
4000	17.6	0	1141
4000	17.7	0	1130
4000	17.8	0	1123
4000	17.9	0	1151
4000	18	0	1134
4000	18.1	0	1081
4000	18.2	0	1072
4000	18.3	0	1090
4000	18.4	0	1138
4000	18.5	0	1115
4000	18.6	0	1093
4000	18.7	0	1098
4000	18.8	0	1110
4000	18.9	0	1137
4000	19	0	1107
4000	19.1	0	1088
4000	19.2	0	1118
4000	19.3	0	1063
4000	19.4	0	1107
4000	19.5	0	1168
4000	19.6	0	1148
4000	19.7	0	1189
4000	19.8	0	1168
4000	19.9	0	1099
8000	0	0	1121
8000	0.1	0	1140
8000	0.2	0	1181
8000	0.3	0	1180
8000	0.4	0	1217
8000	0.5	0	1317
8000	0.6	0	1405
8000	0.7	0	1411
8000	0.8	0	1508
8000	0.9	0	1681
8000	1	0	1855
8000	1.1	0	1942
8000	1.2	0	2221
8000	1.3	0	2504
8000	1.4	0	2929
8000	1.5	0	3285
8000	1.6	0	4042
8000	1.7	0	4885
8000	1.8	0	6105
8000	1.9	0	7629
8000	2	0	9730
8000	2.1	0	12538
8000	2.2	0	15401
8000	2.3	0	18477
8000	2.4	0	19299
8000	2.5	0	18658
8000	2.6	0	18379
8000	2.7	0	17979
8000	2.8	0	18070
8000	2.9	0	18344
8000	3	0	18378
8000	3.1	0	18576
8000	3.2	0	18486
8000	3.3	0	18653
8000	3.4	0	18879
8000	3.5	0	18800
8000	3.6	0	18766
8000	3.7	0	18555
8000	3.8	0	18709
8000	3.9	0	18890
8000	4	0	18345
8000	4.1	0	18872
8000	4.2	0	18728
8000	4.3	0	18751
8000	4.4	0	18647
8000	4.5	0	18488
8000	4.6	0	18605
8000	4.7	0	18553
8000	4.8	0	18635
8000	4.9	0	18399
8000	5	0	18482
8000	5.1	0	18306
8000	5.2	0	18117
8000	5.3	0	17184
8000	5.4	0	16353
8000	5.5	0	15593
8000	5.6	0	14594
8000	5.7	0	13439
8000	5.8	0	12581
8000	5.9	0	11328
8000	6	0	10175
8000	6.1	0	9569
8000	6.2	0	8739
8000	6.3	0	8079
8000	6.4	0	7207
8000	6.5	0	6765
8000	6.6	0	6115
8000	6.7	0	5648
8000	6.8	0	5158
8000	6.9	0	4767
8000	7	0	4435
8000	7.1	0	4102
8000	7.2	0	3949
8000	7.3	0	3795
8000	7.4	0	3465
8000	7.5	0	3305
8000	7.6	0	3094
8000	7.7	0	2882
8000	7.8	0	2838
8000	7.9	0	2596
8000	8	0	2470
8000	8.1	0	2450
8000	8.2	0	2386
8000	8.3	0	2219
8000	8.4	0	2070
8000	8.5	0	2035
8000	8.6	0	1968
8000	8.7	0	1930
8000	8.8	0	1802
8000	8.9	0	1715
8000	9	0	1675
8000	9.1	0	1682
8000	9.2	0	1611
8000	9.3	0	1587
8000	9.4	0	1498
8000	9.5	0	1455
8000	9.6	0	1425
8000	9.7	0	1350
8000	9.8	0	1329
8000	9.9	0	1332
8000	10	0	1326
8000	10.1	0	1330
8000	10.2	0	1286
8000	10.3	0	1292
8000	10.4	0	1280
8000	10.5	0	1169
8000	10.6	0	1214
8000	10.7	0	1173
8000	10.8	0	1198
8000	10.9	0	1097
8000	11	0	1128
8000	11.1	0	1138
8000	11.2	0	1102
8000	11.3	0	1133
8000	11.4	0	1062
8000	11.5	0	1085
8000	11.6	0	1100
8000	11.7	0	1041
8000	11.8	0	1067
8000	11.9	0	1102
8000	12	0	1158
8000	12.1	0	1085
8000	12.2	0	1023
8000	12.3	0	1095
8000	12.4	0	1095
8000	12.5	0	1074
8000	12.6	0	1107
8000	12.7	0	1064
8000	12.8	0	1089
8000	12.9	0	1119
8000	13	0	1086
8000	13.1	0	1099
8000	13.2	0	1128
8000	13.3	0	1084
8000	13.4	0	1079
8000	13.5	0	1095
8000	13.6	0	1029
8000	13.7	0	1077
8000	13.8	0	1107
8000	13.9	0	1109
8000	14	0	1094
8000	14.1	0	1077
8000	14.2	0	1065
8000	14.3	0	1134
8000	14.4	0	1090
8000	14.5	0	1133
8000	14.6	0	1146
8000	14.7	0	1103
8000	14.8	0	1073
8000	14.9	0	1092
8000	15	0	1111
8000	15.1	0	1070
8000	15.2	0	1095
8000	15.3	0	1137
8000	15.4	0	1028
8000	15.5	0	1154
8000	15.6	0	1062
8000	15.7	0	1076
8000	15.8	0	1154
8000	15.9	0	1065
8000	16	0	1053
8000	16.1	0	1060
8000	16.2	0	1128
8000	16.3	0	1124
8000	16.4	0	1157
8000	16.5	0	1057
8000	16.6	0	1056
8000	16.7	0	1099
8000	16.8	0	1110
8000	16.9	0	1068
8000	17	0	1088
8000	17.1	0	1118
8000	17.2	0	1122
8000	17.3	0	1152
8000	17.4	0	1124
8000	17.5	0	1096
8000	17.6	0	1105
8000	17.7	0	1106
8000	17.8	0	1141
8000	17.9	0	1120
8000	18	0	1092
8000	18.1	0	1115
8000	18.2	0	1087
8000	18.3	0	1067
8000	18.4	0	1110
8000	18.5	0	1149
8000	18.6	0	1121
8000	18.7	0	1074
8000	18.8	0	1077
8000	18.9	0	1130
8000	19	0	1129
8000	19.1	0	1095
8000	19.2	0	1043
8000	19.3	0	1135
8000	19.4	0	1107
8000	19.5	0	1082
8000	19.6	0	1107
8000	19.7	0	1068
8000	19.8	0	1118
8000	19.9	0	1129
12000	0	0	1105
12000	0.1	0	1174
12000	0.2	0	1202
12000	0.3	0	1127
12000	0.4	0	1195
12000	0.5	0	1258
12000	0.6	0	1332
12000	0.7	0	1459
12000	0.8	0	1506
12000	0.9	0	1602
12000	1	0	1772
12000	1.1	0	1996
12000	1.2	0	2259
12000	1.3	0	2539
12000	1.4	0	3004
12000	1.5	0	3399
12000	1.6	0	4017
12000	1.7	0	4968
12000	1.8	0	6067
12000	1.9	0	7661
12000	2	0	9670
12000	2.1	0	12386
12000	2.2	0	15750
12000	2.3	0	18251
12000	2.4	0	19531
12000	2.5	0	18887
12000	2.6	0	18202
12000	2.7	0	18108
12000	2.8	0	17889
12000	2.9	0	18170
12000	3	0	18595
12000	3.1	0	18626
12000	3.2	0	18764
12000	3.3	0	18722
12000	3.4	0	18663
12000	3.5	0	18857
12000	3.6	0	18757
12000	3.7	0	18712
12000	3.8	0	18872
12000	3.9	0	18836
12000	4	0	18757
12000	4.1	0	18548
12000	4.2	0	18676
12000	4.3	0	18877
12000	4.4	0	18615
12000	4.5	0	18589
12000	4.6	0	18631
12000	4.7	0	18434
12000	4.8	0	18429
12000	4.9	0	18421
12000	5	0	18506
12000	5.1	0	18349
12000	5.2	0	17994
12000	5.3	0	17161
12000	5.4	0	16616
12000	5.5	0	15570
12000	5.6	0	14436
12000	5.7	0	13681
12000	5.8	0	12508
12000	5.9	0	11464
12000	6	0	10215
12000	6.1	0	9451
12000	6.2	0	8706
12000	6.3	0	7954
12000	6.4	0	7309
12000	6.5	0	6666
12000	6.6	0	6121
12000	6.7	0	5545
12000	6.8	0	5307
12000	6.9	0	4788
12000	7	0	4522
12000	7.1	0	4172
12000	7.2	0	3892
12000	7.3	0	3632
12000	7.4	0	3408
12000	7.5	0	3295
12000	7.6	0	3107
12000	7.7	0	2916
12000	7.8	0	2813
12000	7.9	0	2555
12000	8	0	2470
12000	8.1	0	2423
12000	8.2	0	2351
12000	8.3	0	2229
12000	8.4	0	2070
12000	8.5	0	2093
12000	8.6	0	1998
12000	8.7	0	1872
12000	8.8	0	1789
12000	8.9	0	1733
12000	9	0	1811
12000	9.1	0	1669
12000	9.2	0	1554
12000	9.3	0	1574
12000	9.4	0	1531
12000	9.5	0	1498
12000	9.6	0	1442
12000	9.7	0	1449
12000	9.8	0	1327
12000	9.9	0	1289
12000	10	0	1280
12000	10.1	0	1308
12000	10.2	0	1279
12000	10.3	0	1246
12000	10.4	0	1206
12000	10.5	0	1204
12000	10.6	0	1182
12000	10.7	0	1182
12000	10.8	0	1113
12000	10.9	0	1140
12000	11	0	1199
12000	11.1	0	1123
12000	11.2	0	1161
12000	11.3	0	1119
12000	11.4	0	1076
12000	11.5	0	1162
12000	11.6	0	1117
12000	11.7	0	1061
12000	11.8	0	1058
12000	11.9	0	1098
12000	12	0	1051
12000	12.1	0	1148
12000	12.2	0	1132
12000	12.3	0	1028
12000	12.4	0	1072
12000	12.5	0	1045
12000	12.6	0	1067
12000	12.7	0	1085
12000	12.8	0	1093
12000	12.9	0	1111
12000	13	0	1060
12000	13.1	0	1119
12000	13.2	0	1048
12000	13.3	0	1130
12000	13.4	0	1005
12000	13.5	0	1105
12000	13.6	0	1021
12000	13.7	0	1036
12000	13.8	0	1071
12000	13.9	0	1080
12000	14	0	1167
12000	14.1	0	1086
12000	14.2	0	1147
12000	14.3	0	1061
12000	14.4	0	1068
12000	14.5	0	1109
12000	14.6	0	1062
12000	14.7	0	1117
12000	14.8	0	1090
12000	14.9	0	1081
12000	15	0	1054
12000	15.1	0	1077
12000	15.2	0	1103
12000	15.3	0	1063
12000	15.4	0	1094
12000	15.5	0	1107
12000	15.6	0	1054
12000	15.7	0	1122
12000	15.8	0	1106
12000	15.9	0	1104
12000	16	0	1058
12000	16.1	0	1187
12000	16.2	0	1116
12000	16.3	0	1128
12000	16.4	0	1093
12000	16.5	0	1052
12000	16.6	0	1090
12000	16.7	0	1092
12000	16.8	0	1113
12000	16.9	0	1073
12000	17	0	1085
12000	17.1	0	1015
12000	17.2	0	1134
12000	17.3	0	1038
12000	17.4	0	1052
12000	17.5	0	1115
12000	17.6	0	1077
12000	17.7	0	1056
12000	17.8	0	1072
12000	17.9	0	1112
12000	18	0	1084
12000	18.1	0	1118
12000	18.2	0	1102
12000	18.3	0	1042
12000	18.4	0	1120
12000	18.5	0	1039
12000	18.6	0	1115
12000	18.7	0	1034
12000	18.8	0	1051
12000	18.9	0	1085
12000	19	0	1112
12000	19.1	0	1057
12000	19.2	0	1053
12000	19.3	0	1142
12000	19.4	0	1098
12000	19.5	0	1070
12000	19.6	0	1093
12000	19.7	0	1155
12000	19.8	0	1161
12000	19.9	0	1120
16000	0	0	1114
16000	0.1	0	1117
16000	0.2	0	1138
16000	0.3	0	1196
16000	0.4	0	1234
16000	0.5	0	1246
16000	0.6	0	1286
16000	0.7	0	1421
16000	0.8	0	1526
16000	0.9	0	1665
16000	1	0	1865
16000	1.1	0	1940
16000	1.2	0	2251
16000	1.3	0	2522
16000	1.4	0	2857
16000	1.5	0	3336
16000	1.6	0	4085
16000	1.7	0	4910
16000	1.8	0	5981
16000	1.9	0	7647
16000	2	0	9629
16000	2.1	0	12494
16000	2.2	0	15657
16000	2.3	0	18478
16000	2.4	0	19611
16000	2.5	0	18647
16000	2.6	0	18158
16000	2.7	0	18069
16000	2.8	0	18106
16000	2.9	0	18267
16000	3	0	18231
16000	3.1	0	18608
16000	3.2	0	18739
16000	3.3	0	18549
16000	3.4	0	18722
16000	3.5	0	18770
16000	3.6	0	18629
16000	3.7	0	18582
16000	3.8	0	18892
16000	3.9	0	18681
16000	4	0	18726
16000	4.1	0	18602
16000	4.2	0	18960
16000	4.3	0	18872
16000	4.4	0	18815
16000	4.5	0	18528
16000	4.6	0	18437
16000	4.7	0	18556
16000	4.8	0	18689
16000	4.9	0	18488
16000	5	0	18280
16000	5.1	0	18419
16000	5.2	0	17988
16000	5.3	0	17198
16000	5.4	0	16358
16000	5.5	0	15681
16000	5.6	0	14475
16000	5.7	0	13687
16000	5.8	0	12541
16000	5.9	0	11324
16000	6	0	10276
16000	6.1	0	9532
16000	6.2	0	8672
16000	6.3	0	7972
16000	6.4	0	7295
16000	6.5	0	6590
16000	6.6	0	6109
16000	6.7	0	5765
16000	6.8	0	5209
16000	6.9	0	4752
16000	7	0	4466
16000	7.1	0	4154
16000	7.2	0	3955
16000	7.3	0	3642
16000	7.4	0	3480
16000	7.5	0	3285
16000	7.6	0	3039
16000	7.7	0	2969
16000	7.8	0	2787
16000	7.9	0	2655
16000	8	0	2556
16000	8.1	0	2345
16000	8.2	0	2343
16000	8.3	0	2206
16000	8.4	0	2127
16000	8.5	0	2019
16000	8.6	0	1999
16000	8.7	0	1927
16000	8.8	0	1868
16000	8.9	0	1769
16000	9	0	1672
16000	9.1	0	1639
16000	9.2	0	1630
16000	9.3	0	1561
16000	9.4	0	1557
16000	9.5	0	1483
16000	9.6	0	1442
16000	9.7	0	1366
16000	9.8	0	1341
16000	9.9	0	1365
16000	10	0	1354
16000	10.1	0	1291
16000	10.2	0	1229
16000	10.3	0	1206
16000	10.4	0	1210
16000	10.5	0	1206
16000	10.6	0	1149
16000	10.7	0	1208
16000	10.8	0	1179
16000	10.9	0	1129
16000	11	0	1152
16000	11.1	0	1122
16000	11.2	0	1096
16000	11.3	0	1111
16000	11.4	0	1099
16000	11.5	0	1093
16000	11.6	0	1074
16000	11.7	0	1089
16000	11.8	0	1124
16000	11.9	0	1097
16000	12	0	1013
16000	12.1	0	1138
16000	12.2	0	1115
16000	12.3	0	1090
16000	12.4	0	1067
16000	12.5	0	1057
16000	12.6	0	1080
16000	12.7	0	1125
16000	12.8	0	1090
16000	12.9	0	1108
16000	13	0	1109
16000	13.1	0	1110
16000	13.2	0	1059
16000	13.3	0	1139
16000	13.4	0	1051
16000	13.5	0	1036
16000	13.6	0	1101
16000	13.7	0	1058
16000	13.8	0	1112
16000	13.9	0	1107
16000	14	0	1104
16000	14.1	0	1053
16000	14.2	0	1087
16000	14.3	0	1090
16000	14.4	0	1117
16000	14.5	0	1062
16000	14.6	0	1073
16000	14.7	0	1104
16000	14.8	0	1086
16000	14.9	0	1100
16000	15	0	1111
16000	15.1	0	1058
16000	15.2	0	1084
16000	15.3	0	1078
16000	15.4	0	1064
16000	15.5	0	1111
16000	15.6	0	1094
16000	15.7	0	1044
16000	15.8	0	1133
16000	15.9	0	1116
16000	16	0	1103
16000	16.1	0	1045
16000	16.2	0	1054
16000	16.3	0	1072
16000	16.4	0	1159
16000	16.5	0	1122
16000	16.6	0	1140
16000	16.7	0	1094
16000	16.8	0	1091
16000	16.9	0	1108
16000	17	0	1088
16000	17.1	0	1138
16000	17.2	0	1052
16000	17.3	0	970
16000	17.4	0	1086
16000	17.5	0	1112
16000	17.6	0	1080
16000	17.7	0	1110
16000	17.8	0	1101
16000	17.9	0	1148
16000	18	0	1064
16000	18.1	0	1055
16000	18.2	0	1083
16000	18.3	0	1104
16000	18.4	0	1136
16000	18.5	0	1075
16000	18.6	0	1074
16000	18.7	0	1130
16000	18.8	0	1087
16000	18.9	0	1162
16000	19	0	1106
16000	19.1	0	1114
16000	19.2	0	1080
16000	19.3	0	1087
16000	19.4	0	1172
16000	19.5	0	1074
16000	19.6	0	1113
16000	19.7	0	1127
16000	19.8	0	1161
16000	19.9	0	1072
20000	0	0	1148
20000	0.1	0	1110
20000	0.2	0	1127
20000	0.3	0	1230
20000	0.4	0	1251
20000	0.5	0	1278
20000	0.6	0	1397
20000	0.7	0	1418
20000	0.8	0	1525
20000	0.9	0	1633
20000	1	0	1843
20000	1.1	0	1982
20000	1.2	0	2193
20000	1.3	0	2507
20000	1.4	0	2870
20000	1.5	0	3301
20000	1.6	0	3955
20000	1.7	0	4809
20000	1.8	0	6004
20000	1.9	0	7598
20000	2	0	9630
20000	2.1	0	12441
20000	2.2	0	15546
20000	2.3	0	18409
20000	2.4	0	19582
20000	2.5	0	18870
20000	2.6	0	18011
20000	2.7	0	17783
20000	2.8	0	18183
20000	2.9	0	18338
20000	3	0	18392
20000	3.1	0	18721
20000	3.2	0	18680
20000	3.3	0	18786
20000	3.4	0	18538
20000	3.5	0	18876
20000	3.6	0	18607
20000	3.7	0	18925
20000	3.8	0	18568
20000	3.9	0	18665
20000	4	0	18723
20000	4.1	0	18859
20000	4.2	0	18836
20000	4.3	0	18802
20000	4.4	0	18663
20000	4.5	0	18508
20000	4.6	0	18643
20000	4.7	0	18280
20000	4.8	0	18653
20000	4.9	0	18527
20000	5	0	18491
20000	5.1	0	18361
20000	5.2	0	17965
20000	5.3	0	17199
20000	5.4	0	16521
20000	5.5	0	15445
20000	5.6	0	14412
20000	5.7	0	13509
20000	5.8	0	12426
20000	5.9	0	11461
20000	6	0	10516
20000	6.1	0	9635
20000	6.2	0	8613
20000	6.3	0	7862
20000	6.4	0	7162
20000	6.5	0	6758
20000	6.6	0	6136
20000	6.7	0	5762
20000	6.8	0	5338
20000	6.9	0	4859
20000	7	0	4489
20000	7.1	0	4188
20000	7.2	0	3901
20000	7.3	0	3759
20000	7.4	0	3441
20000	7.5	0	3270
20000	7.6	0	3130
20000	7.7	0	2848
20000	7.8	0	2781
20000	7.9	0	2622
20000	8	0	2591
20000	8.1	0	2431
20000	8.2	0	2307
20000	8.3	0	2193
20000	8.4	0	2053
20000	8.5	0	2022
20000	8.6	0	1934
20000	8.7	0	1915
20000	8.8	0	1807
20000	8.9	0	1713
20000	9	0	1739
20000	9.1	0	1653
20000	9.2	0	1645
20000	9.3	0	1554
20000	9.4	0	1502
20000	9.5	0	1466
20000	9.6	0	1403
20000	9.7	0	1462
20000	9.8	0	1394
20000	9.9	0	1371
20000	10	0	1390
20000	10.1	0	1263
20000	10.2	0	1284
20000	10.3	0	1273
20000	10.4	0	1230
20000	10.5	0	1269
20000	10.6	0	1178
20000	10.7	0	1197
20000	10.8	0	1133
20000	10.9	0	1210
20000	11	0	1057
20000	11.1	0	1139
20000	11.2	0	1097
20000	11.3	0	1145
20000	11.4	0	1131
20000	11.5	0	1087
20000	11.6	0	1064
20000	11.7	0	1091
20000	11.8	0	1069
20000	11.9	0	1049
20000	12	0	1088
20000	12.1	0	1092
20000	12.2	0	1082
20000	12.3	0	1063
20000	12.4	0	1075
20000	12.5	0	1112
20000	12.6	0	1076
20000	12.7	0	1089
20000	12.8	0	1045
20000	12.9	0	1089
20000	13	0	1109
20000	13.1	0	1105
20000	13.2	0	1083
20000	13.3	0	1102
20000	13.4	0	1068
20000	13.5	0	1087
20000	13.6	0	1065
20000	13.7	0	1104
20000	13.8	0	1054
20000	13.9	0	1071
20000	14	0	1088
20000	14.1	0	1060
20000	14.2	0	1137
20000	14.3	0	1120
20000	14.4	0	1085
20000	14.5	0	1109
20000	14.6	0	1131
20000	14.7	0	1102
20000	14.8	0	1116
20000	14.9	0	1111
20000	15	0	1065
20000	15.1	0	1127
20000	15.2	0	1133
20000	15.3	0	1050
20000	15.4	0	1049
20000	15.5	0	1134
20000	15.6	0	1057
20000	15.7	0	1065
20000	15.8	0	1070
20000	15.9	0	1093
20000	16	0	1037
20000	16.1	0	1076
20000	16.2	0	1111
20000	16.3	0	1103
20000	16.4	0	1078
20000	16.5	0	1052
20000	16.6	0	1098
20000	16.7	0	1031
20000	16.8	0	1047
20000	16.9	0	1053
20000	17	0	1136
20000	17.1	0	1061
20000	17.2	0	1037
20000	17.3	0	1121
20000	17.4	0	1116
20000	17.5	0	1117
20000	17.6	0	1051
20000	17.7	0	1106
20000	17.8	0	1131
20000	17.9	0	1101
20000	18	0	1095
20000	18.1	0	1066
20000	18.2	0	1074
20000	18.3	0	1160
20000	18.4	0	1087
20000	18.5	0	1079
20000	18.6	0	1091
20000	18.7	0	1162
20000	18.8	0	1095
20000	18.9	0	1197
20000	19	0	1115
20000	19.1	0	1134
20000	19.2	0	1081
20000	19.3	0	1067
20000	19.4	0	1142
20000	19.5	0	1093
20000	19.6	0	1052
20000	19.7	0	1136
20000	19.8	0	1118
20000	19.9	0	1137
