4000	0	0	1049
4000	0.1	0	1074
4000	0.2	0	1105
4000	0.3	0	1149
4000	0.4	0	1179
4000	0.5	0	1188
4000	0.6	0	1189
4000	0.7	0	1313
4000	0.8	0	1390
4000	0.9	0	1563
4000	1	0	1653
4000	1.1	0	1780
4000	1.2	0	2047
4000	1.3	0	2284
4000	1.4	0	2573
4000	1.5	0	3040
4000	1.6	0	3558
4000	1.7	0	4315
4000	1.8	0	5171
4000	1.9	0	6676
4000	2	0	8450
4000	2.1	0	10649
4000	2.2	0	13923
4000	2.3	0	17437
4000	2.4	0	19822
4000	2.5	0	19646
4000	2.6	0	19405
4000	2.7	0	19341
4000	2.8	0	19235
4000	2.9	0	19136
4000	3	0	19675
4000	3.1	0	19245
4000	3.2	0	19530
4000	3.3	0	19613
4000	3.4	0	19739
4000	3.5	0	19754
4000	3.6	0	19728
4000	3.7	0	19627
4000	3.8	0	19480
4000	3.9	0	19422
4000	4	0	19329
4000	4.1	0	19532
4000	4.2	0	19665
4000	4.3	0	19740
4000	4.4	0	19390
4000	4.5	0	19508
4000	4.6	0	19442
4000	4.7	0	19432
4000	4.8	0	19342
4000	4.9	0	19456
4000	5	0	19448
4000	5.1	0	19203
4000	5.2	0	18484
4000	5.3	0	17545
4000	5.4	0	16366
4000	5.5	0	15372
4000	5.6	0	14186
4000	5.7	0	12869
4000	5.8	0	11576
4000	5.9	0	10829
4000	6	0	9865
4000	6.1	0	8868
4000	6.2	0	7902
4000	6.3	0	7370
4000	6.4	0	6762
4000	6.5	0	6297
4000	6.6	0	5718
4000	6.7	0	5266
4000	6.8	0	4965
4000	6.9	0	4457
4000	7	0	4269
4000	7.1	0	4062
4000	7.2	0	3727
4000	7.3	0	3610
4000	7.4	0	3239
4000	7.5	0	3103
4000	7.6	0	2989
4000	7.7	0	2722
4000	7.8	0	2646
4000	7.9	0	2471
4000	8	0	2451
4000	8.1	0	2331
4000	8.2	0	2277
4000	8.3	0	2145
4000	8.4	0	2001
4000	8.5	0	1957
4000	8.6	0	1844
4000	8.7	0	1826
4000	8.8	0	1726
4000	8.9	0	1730
4000	9	0	1605
4000	9.1	0	1575
4000	9.2	0	1570
4000	9.3	0	1467
4000	9.4	0	1475
4000	9.5	0	1368
4000	9.6	0	1401
4000	9.7	0	1351
4000	9.8	0	1324
4000	9.9	0	1313
4000	10	0	1312
4000	10.1	0	1148
4000	10.2	0	1279
4000	10.3	0	1143
4000	10.4	0	1130
4000	10.5	0	1110
4000	10.6	0	1092
4000	10.7	0	1152
4000	10.8	0	1128
4000	10.9	0	1086
4000	11	0	1108
4000	11.1	0	1076
4000	11.2	0	1026
4000	11.3	0	1117
4000	11.4	0	1047
4000	11.5	0	1133
4000	11.6	0	1051
4000	11.7	0	1063
4000	11.8	0	1068
4000	11.9	0	1060
4000	12	0	1049
4000	12.1	0	1022
4000	12.2	0	1040
4000	12.3	0	1013
4000	12.4	0	1042
4000	12.5	0	1064
4000	12.6	0	1059
4000	12.7	0	1009
4000	12.8	0	1123
4000	12.9	0	1054
4000	13	0	1028
4000	13.1	0	992
4000	13.2	0	977
4000	13.3	0	1073
4000	13.4	0	1007
4000	13.5	0	1056
4000	13.6	0	1086
4000	13.7	0	1080
4000	13.8	0	1115
4000	13.9	0	1009
4000	14	0	1112
4000	14.1	0	1036
4000	14.2	0	1074
4000	14.3	0	1067
4000	14.4	0	1063
4000	14.5	0	992
4000	14.6	0	1035
4000	14.7	0	1045
4000	14.8	0	1000
4000	14.9	0	1066
4000	15	0	1039
4000	15.1	0	1010
4000	15.2	0	1129
4000	15.3	0	998
4000	15.4	0	1023
4000	15.5	0	1092
4000	15.6	0	1089
4000	15.7	0	1054
4000	15.8	0	1081
4000	15.9	0	1048
4000	16	0	1066
4000	16.1	0	975
4000	16.2	0	1033
4000	16.3	0	1044
4000	16.4	0	1046
4000	16.5	0	1022
4000	16.6	0	1011
4000	16.7	0	1036
4000	16.8	0	1046
4000	16.9	0	1034
4000	17	0	1022
4000	17.1	0	1116
4000	17.2	0	1016
4000	17.3	0	1035
4000	17.4	0	1001
4000	17.5	0	1115
4000	17.6	0	1006
4000	17.7	0	1026
4000	17.8	0	1071
4000	17.9	0	1079
4000	18	0	1055
4000	18.1	0	1112
4000	18.2	0	1117
4000	18.3	0	999
4000	18.4	0	997
4000	18.5	0	1142
4000	18.6	0	1064
4000	18.7	0	1037
4000	18.8	0	946
4000	18.9	0	1061
4000	19	0	1077
4000	19.1	0	1034
4000	19.2	0	998
4000	19.3	0	1035
4000	19.4	0	1065
4000	19.5	0	1066
4000	19.6	0	1052
4000	19.7	0	1025
4000	19.8	0	1075
4000	19.9	0	1051
8000	0	0	1035
8000	0.1	0	1088
8000	0.2	0	1082
8000	0.3	0	1132
8000	0.4	0	1148
8000	0.5	0	1213
8000	0.6	0	1303
8000	0.7	0	1327
8000	0.8	0	1325
8000	0.9	0	1553
8000	1	0	1681
8000	1.1	0	1855
8000	1.2	0	2023
8000	1.3	0	2329
8000	1.4	0	2633
8000	1.5	0	3034
8000	1.6	0	3568
8000	1.7	0	4252
8000	1.8	0	5333
8000	1.9	0	6709
8000	2	0	8321
8000	2.1	0	10833
8000	2.2	0	13726
8000	2.3	0	17383
8000	2.4	0	19500
8000	2.5	0	19736
8000	2.6	0	19410
8000	2.7	0	19265
8000	2.8	0	19274
8000	2.9	0	19145
8000	3	0	19338
8000	3.1	0	19486
8000	3.2	0	19515
8000	3.3	0	19647
8000	3.4	0	19685
8000	3.5	0	19555
8000	3.6	0	19561
8000	3.7	0	19297
8000	3.8	0	19661
8000	3.9	0	19721
8000	4	0	19886
8000	4.1	0	19502
8000	4.2	0	19569
8000	4.3	0	19806
8000	4.4	0	19454
8000	4.5	0	19321
8000	4.6	0	19707
8000	4.7	0	19340
8000	4.8	0	19556
8000	4.9	0	19446
8000	5	0	19286
8000	5.1	0	19060
8000	5.2	0	18487
8000	5.3	0	17563
8000	5.4	0	16718
8000	5.5	0	15397
8000	5.6	0	14088
8000	5.7	0	12934
8000	5.8	0	11906
8000	5.9	0	10774
8000	6	0	9743
8000	6.1	0	9054
8000	6.2	0	8067
8000	6.3	0	7389
8000	6.4	0	6936
8000	6.5	0	6264
8000	6.6	0	5643
8000	6.7	0	5282
8000	6.8	0	4855
8000	6.9	0	4556
8000	7	0	4221
8000	7.1	0	3914
8000	7.2	0	3781
8000	7.3	0	3472
8000	7.4	0	3334
8000	7.5	0	3045
8000	7.6	0	2851
8000	7.7	0	2695
8000	7.8	0	2590
8000	7.9	0	2502
8000	8	0	2321
8000	8.1	0	2309
8000	8.2	0	2271
8000	8.3	0	2144
8000	8.4	0	2005
8000	8.5	0	1907
8000	8.6	0	1939
8000	8.7	0	1803
8000	8.8	0	1743
8000	8.9	0	1626
8000	9	0	1661
8000	9.1	0	1601
8000	9.2	0	1539
8000	9.3	0	1502
8000	9.4	0	1452
8000	9.5	0	1454
8000	9.6	0	1483
8000	9.7	0	1339
8000	9.8	0	1355
8000	9.9	0	1257
8000	10	0	1289
8000	10.1	0	1255
8000	10.2	0	1208
8000	10.3	0	1198
8000	10.4	0	1153
8000	10.5	0	1195
8000	10.6	0	1113
8000	10.7	0	1128
8000	10.8	0	1136
8000	10.9	0	1094
8000	11	0	1031
8000	11.1	0	1030
8000	11.2	0	1040
8000	11.3	0	1079
8000	11.4	0	1068
8000	11.5	0	1038
8000	11.6	0	1014
8000	11.7	0	1026
8000	11.8	0	1069
8000	11.9	0	1046
8000	12	0	1036
8000	12.1	0	1024
8000	12.2	0	983
8000	12.3	0	1001
8000	12.4	0	1054
8000	12.5	0	1085
8000	12.6	0	1059
8000	12.7	0	1064
8000	12.8	0	1064
8000	12.9	0	1010
8000	13	0	1090
8000	13.1	0	1064
8000	13.2	0	1091
8000	13.3	0	1018
8000	13.4	0	1026
8000	13.5	0	1010
8000	13.6	0	1041
8000	13.7	0	1009
8000	13.8	0	1019
8000	13.9	0	1027
8000	14	0	1061
8000	14.1	0	1045
8000	14.2	0	983
8000	14.3	0	1033
8000	14.4	0	1037
8000	14.5	0	1033
8000	14.6	0	1013
8000	14.7	0	1004
8000	14.8	0	1075
8000	14.9	0	1067
8000	15	0	1064
8000	15.1	0	1052
8000	15.2	0	1051
8000	15.3	0	1034
8000	15.4	0	1055
8000	15.5	0	1063
8000	15.6	0	1039
8000	15.7	0	1032
8000	15.8	0	1018
8000	15.9	0	1008
8000	16	0	994
8000	16.1	0	1059
8000	16.2	0	1055
8000	16.3	0	1039
8000	16.4	0	1031
8000	16.5	0	1045
8000	16.6	0	1058
8000	16.7	0	1029
8000	16.8	0	1032
8000	16.9	0	1045
8000	17	0	1089
8000	17.1	0	1083
8000	17.2	0	1047
8000	17.3	0	1048
8000	17.4	0	1077
8000	17.5	0	1019
8000	17.6	0	1029
8000	17.7	0	1067
8000	17.8	0	1076
8000	17.9	0	1084
8000	18	0	1053
8000	18.1	0	1033
8000	18.2	0	1018
8000	18.3	0	1070
8000	18.4	0	1048
8000	18.5	0	1014
8000	18.6	0	1052
8000	18.7	0	1039
8000	18.8	0	1068
8000	18.9	0	1068
8000	19	0	985
8000	19.1	0	1051
8000	19.2	0	994
8000	19.3	0	1057
8000	19.4	0	1035
8000	19.5	0	1051
8000	19.6	0	1044
8000	19.7	0	1029
8000	19.8	0	1059
8000	19.9	0	1087
12000	0	0	1097
12000	0.1	0	1042
12000	0.2	0	1088
12000	0.3	0	1093
12000	0.4	0	1202
12000	0.5	0	1310
12000	0.6	0	1320
12000	0.7	0	1346
12000	0.8	0	1411
12000	0.9	0	1518
12000	1	0	1657
12000	1.1	0	1817
12000	1.2	0	2025
12000	1.3	0	2311
12000	1.4	0	2682
12000	1.5	0	3071
12000	1.6	0	3557
12000	1.7	0	4289
12000	1.8	0	5256
12000	1.9	0	6548
12000	2	0	8422
12000	2.1	0	10824
12000	2.2	0	14007
12000	2.3	0	17238
12000	2.4	0	19585
12000	2.5	0	19383
12000	2.6	0	19382
12000	2.7	0	19284
12000	2.8	0	19322
12000	2.9	0	19080
12000	3	0	19204
12000	3.1	0	19586
12000	3.2	0	19388
12000	3.3	0	19608
12000	3.4	0	19455
12000	3.5	0	19385
12000	3.6	0	19580
12000	3.7	0	19843
12000	3.8	0	19413
12000	3.9	0	19524
12000	4	0	19490
12000	4.1	0	19487
12000	4.2	0	19558
12000	4.3	0	19619
12000	4.4	0	19503
12000	4.5	0	19518
12000	4.6	0	19445
12000	4.7	0	19620
12000	4.8	0	19558
12000	4.9	0	19314
12000	5	0	19469
12000	5.1	0	19242
12000	5.2	0	18578
12000	5.3	0	17553
12000	5.4	0	16457
12000	5.5	0	15223
12000	5.6	0	14205
12000	5.7	0	12941
12000	5.8	0	11762
12000	5.9	0	10626
12000	6	0	9942
12000	6.1	0	8849
12000	6.2	0	8177
12000	6.3	0	7402
12000	6.4	0	6847
12000	6.5	0	6115
12000	6.6	0	5854
12000	6.7	0	5307
12000	6.8	0	4940
12000	6.9	0	4409
12000	7	0	4175
12000	7.1	0	3955
12000	7.2	0	3735
12000	7.3	0	3530
12000	7.4	0	3308
12000	7.5	0	3207
12000	7.6	0	2927
12000	7.7	0	2849
12000	7.8	0	2692
12000	7.9	0	2595
12000	8	0	2396
12000	8.1	0	2314
12000	8.2	0	2246
12000	8.3	0	2140
12000	8.4	0	2046
12000	8.5	0	2004
12000	8.6	0	1810
12000	8.7	0	1785
12000	8.8	0	1720
12000	8.9	0	1701
12000	9	0	1637
12000	9.1	0	1565
12000	9.2	0	1550
12000	9.3	0	1482
12000	9.4	0	1500
12000	9.5	0	1459
12000	9.6	0	1433
12000	9.7	0	1349
12000	9.8	0	1351
12000	9.9	0	1314
12000	10	0	1313
12000	10.1	0	1220
12000	10.2	0	1177
12000	10.3	0	1215
12000	10.4	0	1166
12000	10.5	0	1111
12000	10.6	0	1208
12000	10.7	0	1126
12000	10.8	0	1124
12000	10.9	0	1102
12000	11	0	1101
12000	11.1	0	1073
12000	11.2	0	1116
12000	11.3	0	1034
12000	11.4	0	1068
12000	11.5	0	1053
12000	11.6	0	1080
12000	11.7	0	1030
12000	11.8	0	1043
12000	11.9	0	1067
12000	12	0	970
12000	12.1	0	1039
12000	12.2	0	1009
12000	12.3	0	1019
12000	12.4	0	1072
12000	12.5	0	1053
12000	12.6	0	1004
12000	12.7	0	1100
12000	12.8	0	1011
12000	12.9	0	1068
12000	13	0	1086
12000	13.1	0	1061
12000	13.2	0	989
12000	13.3	0	1042
12000	13.4	0	1079
12000	13.5	0	1047
12000	13.6	0	1068
12000	13.7	0	992
12000	13.8	0	999
12000	13.9	0	1045
12000	14	0	1071
12000	14.1	0	1066
12000	14.2	0	1010
12000	14.3	0	1085
12000	14.4	0	1051
12000	14.5	0	1080
12000	14.6	0	1107
12000	14.7	0	1026
12000	14.8	0	1097
12000	14.9	0	1039
12000	15	0	1041
12000	15.1	0	1027
12000	15.2	0	1033
12000	15.3	0	1028
12000	15.4	0	1024
12000	15.5	0	1102
12000	15.6	0	1012
12000	15.7	0	1090
12000	15.8	0	1008
12000	15.9	0	1026
12000	16	0	1062
12000	16.1	0	991
12000	16.2	0	1029
12000	16.3	0	1073
12000	16.4	0	1057
12000	16.5	0	1053
12000	16.6	0	1040
12000	16.7	0	1072
12000	16.8	0	1063
12000	16.9	0	1039
12000	17	0	1052
12000	17.1	0	997
12000	17.2	0	1060
12000	17.3	0	995
12000	17.4	0	1063
12000	17.5	0	1058
12000	17.6	0	1041
12000	17.7	0	1018
12000	17.8	0	975
12000	17.9	0	1048
12000	18	0	1112
12000	18.1	0	1057
12000	18.2	0	1039
12000	18.3	0	1029
12000	18.4	0	1050
12000	18.5	0	1065
12000	18.6	0	1107
12000	18.7	0	1092
12000	18.8	0	990
12000	18.9	0	981
12000	19	0	1091
12000	19.1	0	1001
12000	19.2	0	1042
12000	19.3	0	1072
12000	19.4	0	1033
12000	19.5	0	1083
12000	19.6	0	1062
12000	19.7	0	1045
12000	19.8	0	1083
12000	19.9	0	1039
16000	0	0	1024
16000	0.1	0	1063
16000	0.2	0	1078
16000	0.3	0	1121
16000	0.4	0	1123
16000	0.5	0	1132
16000	0.6	0	1293
16000	0.7	0	1374
16000	0.8	0	1325
16000	0.9	0	1515
16000	1	0	1659
16000	1.1	0	1877
16000	1.2	0	2043
16000	1.3	0	2260
16000	1.4	0	2587
16000	1.5	0	2930
16000	1.6	0	3570
16000	1.7	0	4222
16000	1.8	0	5293
16000	1.9	0	6619
16000	2	0	8265
16000	2.1	0	10866
16000	2.2	0	14065
16000	2.3	0	17514
16000	2.4	0	19566
16000	2.5	0	19666
16000	2.6	0	19446
16000	2.7	0	19201
16000	2.8	0	19278
16000	2.9	0	19378
16000	3	0	19445
16000	3.1	0	19374
16000	3.2	0	19650
16000	3.3	0	19613
16000	3.4	0	19527
16000	3.5	0	19425
16000	3.6	0	19503
16000	3.7	0	19539
16000	3.8	0	19470
16000	3.9	0	19544
16000	4	0	19782
16000	4.1	0	19495
16000	4.2	0	19429
16000	4.3	0	19587
16000	4.4	0	19509
16000	4.5	0	19449
16000	4.6	0	19517
16000	4.7	0	19529
16000	4.8	0	19591
16000	4.9	0	19626
16000	5	0	19305
16000	5.1	0	19016
16000	5.2	0	18397
16000	5.3	0	17714
16000	5.4	0	16349
16000	5.5	0	15322
16000	5.6	0	14122
16000	5.7	0	12715
16000	5.8	0	12059
16000	5.9	0	10804
16000	6	0	9830
16000	6.1	0	9058
16000	6.2	0	8176
16000	6.3	0	7442
16000	6.4	0	6940
16000	6.5	0	6274
16000	6.6	0	5690
16000	6.7	0	5427
16000	6.8	0	4876
16000	6.9	0	4520
16000	7	0	4305
16000	7.1	0	4021
16000	7.2	0	3621
16000	7.3	0	3501
16000	7.4	0	3241
16000	7.5	0	2997
16000	7.6	0	3048
16000	7.7	0	2739
16000	7.8	0	2672
16000	7.9	0	2579
16000	8	0	2416
16000	8.1	0	2245
16000	8.2	0	2177
16000	8.3	0	2069
16000	8.4	0	2089
16000	8.5	0	1995
16000	8.6	0	1863
16000	8.7	0	1783
16000	8.8	0	1746
16000	8.9	0	1724
16000	9	0	1599
16000	9.1	0	1608
16000	9.2	0	1500
16000	9.3	0	1496
16000	9.4	0	1459
16000	9.5	0	1473
16000	9.6	0	1343
16000	9.7	0	1328
16000	9.8	0	1308
16000	9.9	0	1345
16000	10	0	1254
16000	10.1	0	1229
16000	10.2	0	1196
16000	10.3	0	1227
16000	10.4	0	1166
16000	10.5	0	1145
16000	10.6	0	1216
16000	10.7	0	1108
16000	10.8	0	1062
16000	10.9	0	1159
16000	11	0	1048
16000	11.1	0	1103
16000	11.2	0	1092
16000	11.3	0	1069
16000	11.4	0	1029
16000	11.5	0	1085
16000	11.6	0	1012
16000	11.7	0	1017
16000	11.8	0	1042
16000	11.9	0	1039
16000	12	0	1052
16000	12.1	0	1020
16000	12.2	0	1095
16000	12.3	0	1042
16000	12.4	0	993
16000	12.5	0	1027
16000	12.6	0	1075
16000	12.7	0	1051
16000	12.8	0	1015
16000	12.9	0	1053
16000	13	0	994
16000	13.1	0	1092
16000	13.2	0	1035
16000	13.3	0	1054
16000	13.4	0	1061
16000	13.5	0	1002
16000	13.6	0	1071
16000	13.7	0	1050
16000	13.8	0	1078
16000	13.9	0	1015
16000	14	0	1042
16000	14.1	0	1051
16000	14.2	0	1034
16000	14.3	0	1024
16000	14.4	0	1013
16000	14.5	0	1022
16000	14.6	0	1058
16000	14.7	0	1059
16000	14.8	0	1033
16000	14.9	0	1064
16000	15	0	1011
16000	15.1	0	1035
16000	15.2	0	1010
16000	15.3	0	1052
16000	15.4	0	993
16000	15.5	0	1038
16000	15.6	0	1068
16000	15.7	0	1016
16000	15.8	0	1032
16000	15.9	0	1057
16000	16	0	1036
16000	16.1	0	1042
16000	16.2	0	1052
16000	16.3	0	1080
16000	16.4	0	1017
16000	16.5	0	1044
16000	16.6	0	949
16000	16.7	0	1009
16000	16.8	0	1080
16000	16.9	0	1060
16000	17	0	1085
16000	17.1	0	1053
16000	17.2	0	1029
16000	17.3	0	1029
16000	17.4	0	1025
16000	17.5	0	1117
16000	17.6	0	1017
16000	17.7	0	1012
16000	17.8	0	1036
16000	17.9	0	990
16000	18	0	1011
16000	18.1	0	1043
16000	18.2	0	1065
16000	18.3	0	1041
16000	18.4	0	1052
16000	18.5	0	1040
16000	18.6	0	1081
16000	18.7	0	1036
16000	18.8	0	1046
16000	18.9	0	1083
16000	19	0	1062
16000	19.1	0	1056
16000	19.2	0	1066
16000	19.3	0	1107
16000	19.4	0	1078
16000	19.5	0	1023
16000	19.6	0	1042
16000	19.7	0	1082
16000	19.8	0	996
16000	19.9	0	1060
20000	0	0	1098
20000	0.1	0	1024
20000	0.2	0	1082
20000	0.3	0	1105
20000	0.4	0	1093
20000	0.5	0	1198
20000	0.6	0	1233
20000	0.7	0	1341
20000	0.8	0	1403
20000	0.9	0	1623
20000	1	0	1718
20000	1.1	0	1761
20000	1.2	0	2070
20000	1.3	0	2345
20000	1.4	0	2670
20000	1.5	0	3119
20000	1.6	0	3608
20000	1.7	0	4194
20000	1.8	0	5227
20000	1.9	0	6435
20000	2	0	8345
20000	2.1	0	10814
20000	2.2	0	13986
20000	2.3	0	17448
20000	2.4	0	19475
20000	2.5	0	19442
20000	2.6	0	19315
20000	2.7	0	19281
20000	2.8	0	19107
20000	2.9	0	19339
20000	3	0	19449
20000	3.1	0	19319
20000	3.2	0	19299
20000	3.3	0	19760
20000	3.4	0	19572
20000	3.5	0	19504
20000	3.6	0	19643
20000	3.7	0	19517
20000	3.8	0	19960
20000	3.9	0	19532
20000	4	0	19679
20000	4.1	0	19652
20000	4.2	0	19606
20000	4.3	0	19594
20000	4.4	0	19390
20000	4.5	0	19581
20000	4.6	0	19423
20000	4.7	0	19634
20000	4.8	0	19523
20000	4.9	0	19423
20000	5	0	19411
20000	5.1	0	19105
20000	5.2	0	18451
20000	5.3	0	17847
20000	5.4	0	16385
20000	5.5	0	15415
20000	5.6	0	13977
20000	5.7	0	12807
20000	5.8	0	11775
20000	5.9	0	10803
20000	6	0	9929
20000	6.1	0	8796
20000	6.2	0	8111
20000	6.3	0	7474
20000	6.4	0	6629
20000	6.5	0	6235
20000	6.6	0	5787
20000	6.7	0	5259
20000	6.8	0	4832
20000	6.9	0	4533
20000	7	0	4235
20000	7.1	0	3947
20000	7.2	0	3675
20000	7.3	0	3550
20000	7.4	0	3250
20000	7.5	0	3104
20000	7.6	0	3005
20000	7.7	0	2777
20000	7.8	0	2691
20000	7.9	0	2563
20000	8	0	2412
20000	8.1	0	2344
20000	8.2	0	2207
20000	8.3	0	2114
20000	8.4	0	2063
20000	8.5	0	1944
20000	8.6	0	1933
20000	8.7	0	1871
20000	8.8	0	1714
20000	8.9	0	1681
20000	9	0	1694
20000	9.1	0	1618
20000	9.2	0	1533
20000	9.3	0	1445
20000	9.4	0	1472
20000	9.5	0	1351
20000	9.6	0	1362
20000	9.7	0	1409
20000	9.8	0	1312
20000	9.9	0	1305
20000	10	0	1306
20000	10.1	0	1251
20000	10.2	0	1230
20000	10.3	0	1189
20000	10.4	0	1208
20000	10.5	0	1169
20000	10.6	0	1171
20000	10.7	0	1084
20000	10.8	0	1134
20000	10.9	0	1081
20000	11	0	1101
20000	11.1	0	1076
20000	11.2	0	1125
20000	11.3	0	1060
20000	11.4	0	1073
20000	11.5	0	1059
20000	11.6	0	1025
20000	11.7	0	1012
20000	11.8	0	1027
20000	11.9	0	1059
20000	12	0	1068
20000	12.1	0	1081
20000	12.2	0	1108
20000	12.3	0	1063
20000	12.4	0	1026
20000	12.5	0	1015
20000	12.6	0	1067
20000	12.7	0	1050
20000	12.8	0	1140
20000	12.9	0	1037
20000	13	0	1022
20000	13.1	0	1005
20000	13.2	0	990
20000	13.3	0	1010
20000	13.4	0	1023
20000	13.5	0	1077
20000	13.6	0	1016
20000	13.7	0	1015
20000	13.8	0	990
20000	13.9	0	1079
20000	14	0	1080
20000	14.1	0	998
20000	14.2	0	1034
20000	14.3	0	1053
20000	14.4	0	1000
20000	14.5	0	1069
20000	14.6	0	1020
20000	14.7	0	1054
20000	14.8	0	1077
20000	14.9	0	1053
20000	15	0	1107
20000	15.1	0	995
20000	15.2	0	1065
20000	15.3	0	1046
20000	15.4	0	1006
20000	15.5	0	1051
20000	15.6	0	1024
20000	15.7	0	1026
20000	15.8	0	1023
20000	15.9	0	1022
20000	16	0	1121
20000	16.1	0	1022
20000	16.2	0	1015
20000	16.3	0	1076
20000	16.4	0	1038
20000	16.5	0	1027
20000	16.6	0	1037
20000	16.7	0	1048
20000	16.8	0	1077
20000	16.9	0	1012
20000	17	0	999
20000	17.1	0	1073
20000	17.2	0	1034
20000	17.3	0	1019
20000	17.4	0	1090
20000	17.5	0	1070
20000	17.6	0	1044
20000	17.7	0	1057
20000	17.8	0	1010
20000	17.9	0	1071
20000	18	0	1064
20000	18.1	0	1014
20000	18.2	0	1045
20000	18.3	0	1049
20000	18.4	0	1015
20000	18.5	0	1038
20000	18.6	0	1024
20000	18.7	0	1039
20000	18.8	0	1017
20000	18.9	0	1037
20000	19	0	1043
20000	19.1	0	1051
20000	19.2	0	1073
20000	19.3	0	1036
20000	19.4	0	1027
20000	19.5	0	1047
20000	19.6	0	1086
20000	19.7	0	1095
20000	19.8	0	1010
20000	19.9	0	1024
