4000	0	0	1240
4000	0.1	0	1229
4000	0.2	0	1312
4000	0.3	0	1363
4000	0.4	0	1382
4000	0.5	0	1463
4000	0.6	0	1492
4000	0.7	0	1631
4000	0.8	0	1662
4000	0.9	0	1887
4000	1	0	2104
4000	1.1	0	2411
4000	1.2	0	2648
4000	1.3	0	2941
4000	1.4	0	3451
4000	1.5	0	3989
4000	1.6	0	4917
4000	1.7	0	5873
4000	1.8	0	7382
4000	1.9	0	9227
4000	2	0	11793
4000	2.1	0	14705
4000	2.2	0	17585
4000	2.3	0	19300
4000	2.4	0	18325
4000	2.5	0	16848
4000	2.6	0	16247
4000	2.7	0	16733
4000	2.8	0	16805
4000	2.9	0	16918
4000	3	0	17107
4000	3.1	0	17272
4000	3.2	0	17257
4000	3.3	0	17079
4000	3.4	0	17037
4000	3.5	0	17025
4000	3.6	0	16905
4000	3.7	0	17049
4000	3.8	0	17039
4000	3.9	0	16941
4000	4	0	17326
4000	4.1	0	16977
4000	4.2	0	16898
4000	4.3	0	17136
4000	4.4	0	16929
4000	4.5	0	16941
4000	4.6	0	17029
4000	4.7	0	16910
4000	4.8	0	16892
4000	4.9	0	16831
4000	5	0	17045
4000	5.1	0	16927
4000	5.2	0	16810
4000	5.3	0	16318
4000	5.4	0	16102
4000	5.5	0	15590
4000	5.6	0	14809
4000	5.7	0	14018
4000	5.8	0	13329
4000	5.9	0	12425
4000	6	0	11479
4000	6.1	0	10594
4000	6.2	0	9806
4000	6.3	0	8854
4000	6.4	0	8199
4000	6.5	0	7596
4000	6.6	0	7106
4000	6.7	0	6319
4000	6.8	0	5821
4000	6.9	0	5428
4000	7	0	5087
4000	7.1	0	4741
4000	7.2	0	4435
4000	7.3	0	4078
4000	7.4	0	3896
4000	7.5	0	3543
4000	7.6	0	3413
4000	7.7	0	3206
4000	7.8	0	3117
4000	7.9	0	2878
4000	8	0	2797
4000	8.1	0	2706
4000	8.2	0	2548
4000	8.3	0	2339
4000	8.4	0	2302
4000	8.5	0	2238
4000	8.6	0	2098
4000	8.7	0	2120
4000	8.8	0	2105
4000	8.9	0	1925
4000	9	0	1871
4000	9.1	0	1893
4000	9.2	0	1760
4000	9.3	0	1727
4000	9.4	0	1669
4000	9.5	0	1644
4000	9.6	0	1598
4000	9.7	0	1625
4000	9.8	0	1505
4000	9.9	0	1480
4000	10	0	1429
4000	10.1	0	1413
4000	10.2	0	1428
4000	10.3	0	1297
4000	10.4	0	1359
4000	10.5	0	1362
4000	10.6	0	1353
4000	10.7	0	1269
4000	10.8	0	1298
4000	10.9	0	1323
4000	11	0	1314
4000	11.1	0	1203
4000	11.2	0	1290
4000	11.3	0	1201
4000	11.4	0	1262
4000	11.5	0	1133
4000	11.6	0	1167
4000	11.7	0	1207
4000	11.8	0	1129
4000	11.9	0	1164
4000	12	0	1216
4000	12.1	0	1197
4000	12.2	0	1195
4000	12.3	0	1212
4000	12.4	0	1147
4000	12.5	0	1210
4000	12.6	0	1247
4000	12.7	0	1156
4000	12.8	0	1188
4000	12.9	0	1193
4000	13	0	1144
4000	13.1	0	1199
4000	13.2	0	1158
4000	13.3	0	1141
4000	13.4	0	1174
4000	13.5	0	1208
4000	13.6	0	1187
4000	13.7	0	1242
4000	13.8	0	1197
4000	13.9	0	1238
4000	14	0	1138
4000	14.1	0	1202
4000	14.2	0	1199
4000	14.3	0	1196
4000	14.4	0	1189
4000	14.5	0	1111
4000	14.6	0	1148
4000	14.7	0	1249
4000	14.8	0	1181
4000	14.9	0	1240
4000	15	0	1132
4000	15.1	0	1190
4000	15.2	0	1170
4000	15.3	0	1153
4000	15.4	0	1190
4000	15.5	0	1218
4000	15.6	0	1179
4000	15.7	0	1160
4000	15.8	0	1203
4000	15.9	0	1171
4000	16	0	1209
4000	16.1	0	1169
4000	16.2	0	1295
4000	16.3	0	1208
4000	16.4	0	1211
4000	16.5	0	1127
4000	16.6	0	1175
4000	16.7	0	1224
4000	16.8	0	1143
4000	16.9	0	1222
4000	17	0	1172
4000	17.1	0	1268
4000	17.2	0	1207
4000	17.3	0	1227
4000	17.4	0	1230
4000	17.5	0	1202
4000	17.6	0	1242
4000	17.7	0	1167
4000	17.8	0	1140
4000	17.9	0	1152
4000	18	0	1221
4000	18.1	0	1213
4000	18.2	0	1198
4000	18.3	0	1223
4000	18.4	0	1236
4000	18.5	0	1180
4000	18.6	0	1219
4000	18.7	0	1184
4000	18.8	0	1271
4000	18.9	0	1266
4000	19	0	1239
4000	19.1	0	1184
4000	19.2	0	1219
4000	19.3	0	1235
4000	19.4	0	1262
4000	19.5	0	1192
4000	19.6	0	1287
4000	19.7	0	1217
4000	19.8	0	1301
4000	19.9	0	1232
8000	0	0	1325
8000	0.1	0	1239
8000	0.2	0	1357
8000	0.3	0	1347
8000	0.4	0	1375
8000	0.5	0	1391
8000	0.6	0	1569
8000	0.7	0	1621
8000	0.8	0	1734
8000	0.9	0	1958
8000	1	0	2074
8000	1.1	0	2350
8000	1.2	0	2634
8000	1.3	0	3032
8000	1.4	0	3557
8000	1.5	0	3983
8000	1.6	0	4710
8000	1.7	0	5894
8000	1.8	0	7276
8000	1.9	0	9203
8000	2	0	11712
8000	2.1	0	14680
8000	2.2	0	17659
8000	2.3	0	18978
8000	2.4	0	18505
8000	2.5	0	16925
8000	2.6	0	16282
8000	2.7	0	16409
8000	2.8	0	16721
8000	2.9	0	17003
8000	3	0	17135
8000	3.1	0	17130
8000	3.2	0	17093
8000	3.3	0	17157
8000	3.4	0	17059
8000	3.5	0	16974
8000	3.6	0	16917
8000	3.7	0	16896
8000	3.8	0	17019
8000	3.9	0	17045
8000	4	0	17096
8000	4.1	0	17089
8000	4.2	0	16940
8000	4.3	0	17079
8000	4.4	0	17021
8000	4.5	0	16835
8000	4.6	0	16899
8000	4.7	0	17050
8000	4.8	0	16877
8000	4.9	0	16988
8000	5	0	17014
8000	5.1	0	16895
8000	5.2	0	16864
8000	5.3	0	16559
8000	5.4	0	15919
8000	5.5	0	15681
8000	5.6	0	15018
8000	5.7	0	14098
8000	5.8	0	13315
8000	5.9	0	12558
8000	6	0	11536
8000	6.1	0	10542
8000	6.2	0	9644
8000	6.3	0	8898
8000	6.4	0	8275
8000	6.5	0	7448
8000	6.6	0	6947
8000	6.7	0	6473
8000	6.8	0	5869
8000	6.9	0	5437
8000	7	0	4971
8000	7.1	0	4726
8000	7.2	0	4319
8000	7.3	0	4066
8000	7.4	0	3800
8000	7.5	0	3591
8000	7.6	0	3391
8000	7.7	0	3313
8000	7.8	0	3027
8000	7.9	0	2909
8000	8	0	2871
8000	8.1	0	2593
8000	8.2	0	2547
8000	8.3	0	2346
8000	8.4	0	2380
8000	8.5	0	2172
8000	8.6	0	2180
8000	8.7	0	2100
8000	8.8	0	2020
8000	8.9	0	2003
8000	9	0	1932
8000	9.1	0	1845
8000	9.2	0	1726
8000	9.3	0	1746
8000	9.4	0	1624
8000	9.5	0	1668
8000	9.6	0	1625
8000	9.7	0	1575
8000	9.8	0	1523
8000	9.9	0	1520
8000	10	0	1484
8000	10.1	0	1446
8000	10.2	0	1433
8000	10.3	0	1291
8000	10.4	0	1360
8000	10.5	0	1289
8000	10.6	0	1268
8000	10.7	0	1326
8000	10.8	0	1310
8000	10.9	0	1300
8000	11	0	1266
8000	11.1	0	1195
8000	11.2	0	1206
8000	11.3	0	1261
8000	11.4	0	1240
8000	11.5	0	1278
8000	11.6	0	1179
8000	11.7	0	1201
8000	11.8	0	1164
8000	11.9	0	1224
8000	12	0	1185
8000	12.1	0	1283
8000	12.2	0	1176
8000	12.3	0	1152
8000	12.4	0	1172
8000	12.5	0	1200
8000	12.6	0	1169
8000	12.7	0	1150
8000	12.8	0	1254
8000	12.9	0	1149
8000	13	0	1197
8000	13.1	0	1164
8000	13.2	0	1173
8000	13.3	0	1174
8000	13.4	0	1164
8000	13.5	0	1154
8000	13.6	0	1208
8000	13.7	0	1191
8000	13.8	0	1217
8000	13.9	0	1170
8000	14	0	1169
8000	14.1	0	1209
8000	14.2	0	1175
8000	14.3	0	1211
8000	14.4	0	1132
8000	14.5	0	1169
8000	14.6	0	1227
8000	14.7	0	1214
8000	14.8	0	1178
8000	14.9	0	1194
8000	15	0	1203
8000	15.1	0	1216
8000	15.2	0	1206
8000	15.3	0	1195
8000	15.4	0	1199
8000	15.5	0	1165
8000	15.6	0	1201
8000	15.7	0	1201
8000	15.8	0	1166
8000	15.9	0	1238
8000	16	0	1195
8000	16.1	0	1218
8000	16.2	0	1233
8000	16.3	0	1213
8000	16.4	0	1169
8000	16.5	0	1214
8000	16.6	0	1223
8000	16.7	0	1204
8000	16.8	0	1220
8000	16.9	0	1202
8000	17	0	1222
8000	17.1	0	1193
8000	17.2	0	1100
8000	17.3	0	1240
8000	17.4	0	1188
8000	17.5	0	1195
8000	17.6	0	1221
8000	17.7	0	1246
8000	17.8	0	1234
8000	17.9	0	1245
8000	18	0	1194
8000	18.1	0	1128
8000	18.2	0	1172
8000	18.3	0	1269
8000	18.4	0	1182
8000	18.5	0	1196
8000	18.6	0	1242
8000	18.7	0	1284
8000	18.8	0	1187
8000	18.9	0	1210
8000	19	0	1260
8000	19.1	0	1230
8000	19.2	0	1253
8000	19.3	0	1283
8000	19.4	0	1294
8000	19.5	0	1238
8000	19.6	0	1181
8000	19.7	0	1275
8000	19.8	0	1296
8000	19.9	0	1259
12000	0	0	1240
12000	0.1	0	1248
12000	0.2	0	1259
12000	0.3	0	1364
12000	0.4	0	1357
12000	0.5	0	1436
12000	0.6	0	1465
12000	0.7	0	1618
12000	0.8	0	1778
12000	0.9	0	1921
12000	1	0	1970
12000	1.1	0	2250
12000	1.2	0	2645
12000	1.3	0	2981
12000	1.4	0	3440
12000	1.5	0	3989
12000	1.6	0	4926
12000	1.7	0	5844
12000	1.8	0	7553
12000	1.9	0	9127
12000	2	0	11780
12000	2.1	0	14680
12000	2.2	0	17659
12000	2.3	0	19100
12000	2.4	0	18430
12000	2.5	0	16868
12000	2.6	0	16495
12000	2.7	0	16489
12000	2.8	0	16841
12000	2.9	0	16880
12000	3	0	16890
12000	3.1	0	17165
12000	3.2	0	17219
12000	3.3	0	17227
12000	3.4	0	16892
12000	3.5	0	17102
12000	3.6	0	16990
12000	3.7	0	16919
12000	3.8	0	17211
12000	3.9	0	16970
12000	4	0	17067
12000	4.1	0	17162
12000	4.2	0	16870
12000	4.3	0	16923
12000	4.4	0	17212
12000	4.5	0	17182
12000	4.6	0	16766
12000	4.7	0	16830
12000	4.8	0	16943
12000	4.9	0	16986
12000	5	0	16941
12000	5.1	0	16946
12000	5.2	0	16668
12000	5.3	0	16510
12000	5.4	0	16219
12000	5.5	0	15501
12000	5.6	0	14999
12000	5.7	0	14235
12000	5.8	0	13344
12000	5.9	0	12476
12000	6	0	11517
12000	6.1	0	10590
12000	6.2	0	9508
12000	6.3	0	8881
12000	6.4	0	8259
12000	6.5	0	7476
12000	6.6	0	6884
12000	6.7	0	6211
12000	6.8	0	5789
12000	6.9	0	5541
12000	7	0	4890
12000	7.1	0	4732
12000	7.2	0	4415
12000	7.3	0	4128
12000	7.4	0	4037
12000	7.5	0	3598
12000	7.6	0	3570
12000	7.7	0	3258
12000	7.8	0	3002
12000	7.9	0	2900
12000	8	0	2762
12000	8.1	0	2504
12000	8.2	0	2498
12000	8.3	0	2499
12000	8.4	0	2275
12000	8.5	0	2196
12000	8.6	0	2197
12000	8.7	0	2030
12000	8.8	0	2104
12000	8.9	0	1995
12000	9	0	1778
12000	9.1	0	1859
12000	9.2	0	1774
12000	9.3	0	1694
12000	9.4	0	1640
12000	9.5	0	1582
12000	9.6	0	1646
12000	9.7	0	1587
12000	9.8	0	1536
12000	9.9	0	1501
12000	10	0	1428
12000	10.1	0	1424
12000	10.2	0	1390
12000	10.3	0	1363
12000	10.4	0	1421
12000	10.5	0	1325
12000	10.6	0	1354
12000	10.7	0	1316
12000	10.8	0	1295
12000	10.9	0	1269
12000	11	0	1260
12000	11.1	0	1303
12000	11.2	0	1236
12000	11.3	0	1243
12000	11.4	0	1209
12000	11.5	0	1208
12000	11.6	0	1188
12000	11.7	0	1216
12000	11.8	0	1147
12000	11.9	0	1185
12000	12	0	1202
12000	12.1	0	1220
12000	12.2	0	1207
12000	12.3	0	1165
12000	12.4	0	1212
12000	12.5	0	1134
12000	12.6	0	1175
12000	12.7	0	1196
12000	12.8	0	1191
12000	12.9	0	1196
12000	13	0	1203
12000	13.1	0	1208
12000	13.2	0	1234
12000	13.3	0	1245
12000	13.4	0	1222
12000	13.5	0	1147
12000	13.6	0	1231
12000	13.7	0	1175
12000	13.8	0	1197
12000	13.9	0	1154
12000	14	0	1224
12000	14.1	0	1180
12000	14.2	0	1178
12000	14.3	0	1208
12000	14.4	0	1180
12000	14.5	0	1219
12000	14.6	0	1179
12000	14.7	0	1260
12000	14.8	0	1179
12000	14.9	0	1207
12000	15	0	1194
12000	15.1	0	1144
12000	15.2	0	1215
12000	15.3	0	1204
12000	15.4	0	1268
12000	15.5	0	1137
12000	15.6	0	1204
12000	15.7	0	1137
12000	15.8	0	1200
12000	15.9	0	1123
12000	16	0	1168
12000	16.1	0	1188
12000	16.2	0	1210
12000	16.3	0	1192
12000	16.4	0	1225
12000	16.5	0	1191
12000	16.6	0	1160
12000	16.7	0	1207
12000	16.8	0	1207
12000	16.9	0	1204
12000	17	0	1196
12000	17.1	0	1236
12000	17.2	0	1227
12000	17.3	0	1211
12000	17.4	0	1213
12000	17.5	0	1253
12000	17.6	0	1231
12000	17.7	0	1158
12000	17.8	0	1238
12000	17.9	0	1206
12000	18	0	1249
12000	18.1	0	1254
12000	18.2	0	1170
12000	18.3	0	1275
12000	18.4	0	1222
12000	18.5	0	1243
12000	18.6	0	1200
12000	18.7	0	1248
12000	18.8	0	1291
12000	18.9	0	1208
12000	19	0	1241
12000	19.1	0	1136
12000	19.2	0	1157
12000	19.3	0	1127
12000	19.4	0	1276
12000	19.5	0	1194
12000	19.6	0	1238
12000	19.7	0	1282
12000	19.8	0	1219
12000	19.9	0	1274
16000	0	0	1269
16000	0.1	0	1210
16000	0.2	0	1339
16000	0.3	0	1358
16000	0.4	0	1366
16000	0.5	0	1446
16000	0.6	0	1569
16000	0.7	0	1707
16000	0.8	0	1656
16000	0.9	0	1868
16000	1	0	2033
16000	1.1	0	2241
16000	1.2	0	2616
16000	1.3	0	3050
16000	1.4	0	3403
16000	1.5	0	4070
16000	1.6	0	4826
16000	1.7	0	5966
16000	1.8	0	7318
16000	1.9	0	9103
16000	2	0	11901
16000	2.1	0	14690
16000	2.2	0	17447
16000	2.3	0	19041
16000	2.4	0	18468
16000	2.5	0	17057
16000	2.6	0	16399
16000	2.7	0	16464
16000	2.8	0	16634
16000	2.9	0	16932
16000	3	0	17091
16000	3.1	0	17223
16000	3.2	0	17152
16000	3.3	0	17048
16000	3.4	0	16724
16000	3.5	0	17103
16000	3.6	0	17073
16000	3.7	0	16953
16000	3.8	0	17028
16000	3.9	0	17047
16000	4	0	17184
16000	4.1	0	17038
16000	4.2	0	17134
16000	4.3	0	17007
16000	4.4	0	16959
16000	4.5	0	16820
16000	4.6	0	17017
16000	4.7	0	16984
16000	4.8	0	16886
16000	4.9	0	16952
16000	5	0	17105
16000	5.1	0	17086
16000	5.2	0	16520
16000	5.3	0	16557
16000	5.4	0	16011
16000	5.5	0	15608
16000	5.6	0	15099
16000	5.7	0	14250
16000	5.8	0	13298
16000	5.9	0	12530
16000	6	0	11415
16000	6.1	0	10690
16000	6.2	0	9592
16000	6.3	0	9029
16000	6.4	0	8173
16000	6.5	0	7608
16000	6.6	0	6854
16000	6.7	0	6444
16000	6.8	0	5996
16000	6.9	0	5446
16000	7	0	4908
16000	7.1	0	4691
16000	7.2	0	4422
16000	7.3	0	4057
16000	7.4	0	3921
16000	7.5	0	3668
16000	7.6	0	3411
16000	7.7	0	3187
16000	7.8	0	2969
16000	7.9	0	2921
16000	8	0	2770
16000	8.1	0	2640
16000	8.2	0	2481
16000	8.3	0	2449
16000	8.4	0	2289
16000	8.5	0	2267
16000	8.6	0	2113
16000	8.7	0	2086
16000	8.8	0	2042
16000	8.9	0	1968
16000	9	0	1826
16000	9.1	0	1812
16000	9.2	0	1763
16000	9.3	0	1730
16000	9.4	0	1627
16000	9.5	0	1596
16000	9.6	0	1672
16000	9.7	0	1493
16000	9.8	0	1492
16000	9.9	0	1462
16000	10	0	1413
16000	10.1	0	1433
16000	10.2	0	1396
16000	10.3	0	1403
16000	10.4	0	1346
16000	10.5	0	1387
16000	10.6	0	1334
16000	10.7	0	1296
16000	10.8	0	1223
16000	10.9	0	1292
16000	11	0	1269
16000	11.1	0	1234
16000	11.2	0	1182
16000	11.3	0	1245
16000	11.4	0	1169
16000	11.5	0	1228
16000	11.6	0	1261
16000	11.7	0	1186
16000	11.8	0	1156
16000	11.9	0	1244
16000	12	0	1169
16000	12.1	0	1248
16000	12.2	0	1188
16000	12.3	0	1164
16000	12.4	0	1187
16000	12.5	0	1217
16000	12.6	0	1193
16000	12.7	0	1135
16000	12.8	0	1225
16000	12.9	0	1245
16000	13	0	1196
16000	13.1	0	1179
16000	13.2	0	1194
16000	13.3	0	1247
16000	13.4	0	1194
16000	13.5	0	1179
16000	13.6	0	1193
16000	13.7	0	1201
16000	13.8	0	1196
16000	13.9	0	1192
16000	14	0	1246
16000	14.1	0	1163
16000	14.2	0	1205
16000	14.3	0	1206
16000	14.4	0	1164
16000	14.5	0	1209
16000	14.6	0	1206
16000	14.7	0	1269
16000	14.8	0	1152
16000	14.9	0	1237
16000	15	0	1275
16000	15.1	0	1217
16000	15.2	0	1131
16000	15.3	0	1218
16000	15.4	0	1174
16000	15.5	0	1222
16000	15.6	0	1220
16000	15.7	0	1203
16000	15.8	0	1165
16000	15.9	0	1226
16000	16	0	1204
16000	16.1	0	1290
16000	16.2	0	1203
16000	16.3	0	1183
16000	16.4	0	1206
16000	16.5	0	1161
16000	16.6	0	1190
16000	16.7	0	1202
16000	16.8	0	1198
16000	16.9	0	1229
16000	17	0	1241
16000	17.1	0	1184
16000	17.2	0	1203
16000	17.3	0	1191
16000	17.4	0	1238
16000	17.5	0	1126
16000	17.6	0	1234
16000	17.7	0	1241
16000	17.8	0	1238
16000	17.9	0	1199
16000	18	0	1163
16000	18.1	0	1151
16000	18.2	0	1237
16000	18.3	0	1215
16000	18.4	0	1126
16000	18.5	0	1200
16000	18.6	0	1230
16000	18.7	0	1219
16000	18.8	0	1165
16000	18.9	0	1224
16000	19	0	1190
16000	19.1	0	1225
16000	19.2	0	1257
16000	19.3	0	1195
16000	19.4	0	1207
16000	19.5	0	1201
16000	19.6	0	1220
16000	19.7	0	1236
16000	19.8	0	1281
16000	19.9	0	1236
20000	0	0	1262
20000	0.1	0	1285
20000	0.2	0	1321
20000	0.3	0	1367
20000	0.4	0	1339
20000	0.5	0	1430
20000	0.6	0	1558
20000	0.7	0	1636
20000	0.8	0	1690
20000	0.9	0	1941
20000	1	0	2139
20000	1.1	0	2337
20000	1.2	0	2624
20000	1.3	0	2950
20000	1.4	0	3500
20000	1.5	0	4060
20000	1.6	0	4791
20000	1.7	0	5870
20000	1.8	0	7364
20000	1.9	0	9220
20000	2	0	11747
20000	2.1	0	14635
20000	2.2	0	17762
20000	2.3	0	18939
20000	2.4	0	18676
20000	2.5	0	16954
20000	2.6	0	16472
20000	2.7	0	16477
20000	2.8	0	16643
20000	2.9	0	16807
20000	3	0	17114
20000	3.1	0	17100
20000	3.2	0	17269
20000	3.3	0	17055
20000	3.4	0	17074
20000	3.5	0	16985
20000	3.6	0	16860
20000	3.7	0	17069
20000	3.8	0	16971
20000	3.9	0	16988
20000	4	0	16886
20000	4.1	0	17102
20000	4.2	0	17056
20000	4.3	0	17031
20000	4.4	0	17049
20000	4.5	0	16829
20000	4.6	0	16969
20000	4.7	0	16992
20000	4.8	0	16786
20000	4.9	0	16830
20000	5	0	17044
20000	5.1	0	16949
20000	5.2	0	16846
20000	5.3	0	16380
20000	5.4	0	15939
20000	5.5	0	15674
20000	5.6	0	14786
20000	5.7	0	14067
20000	5.8	0	13237
20000	5.9	0	12435
20000	6	0	11353
20000	6.1	0	10572
20000	6.2	0	9813
20000	6.3	0	9043
20000	6.4	0	8277
20000	6.5	0	7677
20000	6.6	0	6873
20000	6.7	0	6483
20000	6.8	0	5845
20000	6.9	0	5435
20000	7	0	5088
20000	7.1	0	4711
20000	7.2	0	4430
20000	7.3	0	4233
20000	7.4	0	3766
20000	7.5	0	3736
20000	7.6	0	3478
20000	7.7	0	3299
20000	7.8	0	3173
20000	7.9	0	2904
20000	8	0	2808
20000	8.1	0	2665
20000	8.2	0	2569
20000	8.3	0	2512
20000	8.4	0	2256
20000	8.5	0	2234
20000	8.6	0	2189
20000	8.7	0	2136
20000	8.8	0	2101
20000	8.9	0	1985
20000	9	0	1879
20000	9.1	0	1744
20000	9.2	0	1785
20000	9.3	0	1797
20000	9.4	0	1700
20000	9.5	0	1545
20000	9.6	0	1541
20000	9.7	0	1548
20000	9.8	0	1535
20000	9.9	0	1481
20000	10	0	1470
20000	10.1	0	1401
20000	10.2	0	1441
20000	10.3	0	1360
20000	10.4	0	1368
20000	10.5	0	1343
20000	10.6	0	1289
20000	10.7	0	1404
20000	10.8	0	1312
20000	10.9	0	1255
20000	11	0	1207
20000	11.1	0	1253
20000	11.2	0	1232
20000	11.3	0	1218
20000	11.4	0	1205
20000	11.5	0	1214
20000	11.6	0	1203
20000	11.7	0	1145
20000	11.8	0	1161
20000	11.9	0	1201
20000	12	0	1164
20000	12.1	0	1210
20000	12.2	0	1215
20000	12.3	0	1188
20000	12.4	0	1140
20000	12.5	0	1216
20000	12.6	0	1219
20000	12.7	0	1179
20000	12.8	0	1220
20000	12.9	0	1136
20000	13	0	1238
20000	13.1	0	1198
20000	13.2	0	1188
20000	13.3	0	1179
20000	13.4	0	1147
20000	13.5	0	1217
20000	13.6	0	1178
20000	13.7	0	1159
20000	13.8	0	1121
20000	13.9	0	1198
20000	14	0	1161
20000	14.1	0	1187
20000	14.2	0	1201
20000	14.3	0	1198
20000	14.4	0	1162
20000	14.5	0	1217
20000	14.6	0	1195
20000	14.7	0	1200
20000	14.8	0	1174
20000	14.9	0	1213
20000	15	0	1177
20000	15.1	0	1252
20000	15.2	0	1179
20000	15.3	0	1145
20000	15.4	0	1157
20000	15.5	0	1146
20000	15.6	0	1212
20000	15.7	0	1189
20000	15.8	0	1182
20000	15.9	0	1160
20000	16	0	1216
20000	16.1	0	1241
20000	16.2	0	1239
20000	16.3	0	1175
20000	16.4	0	1179
20000	16.5	0	1276
20000	16.6	0	1169
20000	16.7	0	1245
20000	16.8	0	1186
20000	16.9	0	1210
20000	17	0	1240
20000	17.1	0	1250
20000	17.2	0	1201
20000	17.3	0	1180
20000	17.4	0	1115
20000	17.5	0	1203
20000	17.6	0	1140
20000	17.7	0	1214
20000	17.8	0	1216
20000	17.9	0	1176
20000	18	0	1205
20000	18.1	0	1240
20000	18.2	0	1190
20000	18.3	0	1209
20000	18.4	0	1189
20000	18.5	0	1249
20000	18.6	0	1243
20000	18.7	0	1201
20000	18.8	0	1241
20000	18.9	0	1202
20000	19	0	1164
20000	19.1	0	1222
20000	19.2	0	1204
20000	19.3	0	1302
20000	19.4	0	1208
20000	19.5	0	1241
20000	19.6	0	1238
20000	19.7	0	1243
20000	19.8	0	1192
20000	19.9	0	1280
