4000	0	0	1022
4000	0.1	0	987
4000	0.2	0	1020
4000	0.3	0	1048
4000	0.4	0	1112
4000	0.5	0	1142
4000	0.6	0	1165
4000	0.7	0	1239
4000	0.8	0	1395
4000	0.9	0	1509
4000	1	0	1533
4000	1.1	0	1743
4000	1.2	0	1950
4000	1.3	0	2134
4000	1.4	0	2495
4000	1.5	0	2792
4000	1.6	0	3281
4000	1.7	0	3983
4000	1.8	0	4796
4000	1.9	0	6014
4000	2	0	7761
4000	2.1	0	10018
4000	2.2	0	13046
4000	2.3	0	16735
4000	2.4	0	19415
4000	2.5	0	19981
4000	2.6	0	19985
4000	2.7	0	20137
4000	2.8	0	20178
4000	2.9	0	20148
4000	3	0	20229
4000	3.1	0	20325
4000	3.2	0	20085
4000	3.3	0	19924
4000	3.4	0	20256
4000	3.5	0	20467
4000	3.6	0	20185
4000	3.7	0	20124
4000	3.8	0	20177
4000	3.9	0	20261
4000	4	0	19965
4000	4.1	0	19901
4000	4.2	0	20007
4000	4.3	0	20097
4000	4.4	0	20158
4000	4.5	0	20216
4000	4.6	0	20327
4000	4.7	0	20061
4000	4.8	0	20207
4000	4.9	0	20236
4000	5	0	20111
4000	5.1	0	19508
4000	5.2	0	18744
4000	5.3	0	17476
4000	5.4	0	16601
4000	5.5	0	15099
4000	5.6	0	13578
4000	5.7	0	12489
4000	5.8	0	11302
4000	5.9	0	10361
4000	6	0	9353
4000	6.1	0	8518
4000	6.2	0	7615
4000	6.3	0	7035
4000	6.4	0	6412
4000	6.5	0	5821
4000	6.6	0	5302
4000	6.7	0	4969
4000	6.8	0	4863
4000	6.9	0	4402
4000	7	0	4111
4000	7.1	0	3826
4000	7.2	0	3614
4000	7.3	0	3350
4000	7.4	0	3144
4000	7.5	0	3005
4000	7.6	0	2779
4000	7.7	0	2696
4000	7.8	0	2612
4000	7.9	0	2275
4000	8	0	2271
4000	8.1	0	2254
4000	8.2	0	2129
4000	8.3	0	2037
4000	8.4	0	1878
4000	8.5	0	1907
4000	8.6	0	1859
4000	8.7	0	1783
4000	8.8	0	1760
4000	8.9	0	1618
4000	9	0	1565
4000	9.1	0	1483
4000	9.2	0	1475
4000	9.3	0	1430
4000	9.4	0	1452
4000	9.5	0	1392
4000	9.6	0	1378
4000	9.7	0	1304
4000	9.8	0	1224
4000	9.9	0	1253
4000	10	0	1211
4000	10.1	0	1230
4000	10.2	0	1146
4000	10.3	0	1239
4000	10.4	0	1140
4000	10.5	0	1130
4000	10.6	0	1154
4000	10.7	0	1099
4000	10.8	0	1101
4000	10.9	0	1032
4000	11	0	1017
4000	11.1	0	1073
4000	11.2	0	1076
4000	11.3	0	1047
4000	11.4	0	984
4000	11.5	0	1041
4000	11.6	0	1038
4000	11.7	0	996
4000	11.8	0	1010
4000	11.9	0	982
4000	12	0	981
4000	12.1	0	981
4000	12.2	0	1017
4000	12.3	0	1014
4000	12.4	0	977
4000	12.5	0	1035
4000	12.6	0	1010
4000	12.7	0	1016
4000	12.8	0	1062
4000	12.9	0	1029
4000	13	0	1011
4000	13.1	0	1032
4000	13.2	0	1019
4000	13.3	0	1010
4000	13.4	0	988
4000	13.5	0	1010
4000	13.6	0	1045
4000	13.7	0	1028
4000	13.8	0	983
4000	13.9	0	993
4000	14	0	951
4000	14.1	0	1004
4000	14.2	0	994
4000	14.3	0	970
4000	14.4	0	1069
4000	14.5	0	989
4000	14.6	0	968
4000	14.7	0	997
4000	14.8	0	1024
4000	14.9	0	1034
4000	15	0	995
4000	15.1	0	1057
4000	15.2	0	1005
4000	15.3	0	988
4000	15.4	0	1019
4000	15.5	0	1008
4000	15.6	0	1000
4000	15.7	0	1020
4000	15.8	0	1008
4000	15.9	0	1060
4000	16	0	988
4000	16.1	0	1027
4000	16.2	0	990
4000	16.3	0	1023
4000	16.4	0	1031
4000	16.5	0	1080
4000	16.6	0	966
4000	16.7	0	1040
4000	16.8	0	1053
4000	16.9	0	1025
4000	17	0	982
4000	17.1	0	1054
4000	17.2	0	997
4000	17.3	0	981
4000	17.4	0	975
4000	17.5	0	1009
4000	17.6	0	1028
4000	17.7	0	1051
4000	17.8	0	985
4000	17.9	0	1022
4000	18	0	989
4000	18.1	0	1019
4000	18.2	0	1084
4000	18.3	0	1019
4000	18.4	0	1015
4000	18.5	0	961
4000	18.6	0	960
4000	18.7	0	1046
4000	18.8	0	1012
4000	18.9	0	998
4000	19	0	992
4000	19.1	0	993
4000	19.2	0	1059
4000	19.3	0	983
4000	19.4	0	1055
4000	19.5	0	962
4000	19.6	0	994
4000	19.7	0	973
4000	19.8	0	983
4000	19.9	0	1054
8000	0	0	1077
8000	0.1	0	1002
8000	0.2	0	1006
8000	0.3	0	1001
8000	0.4	0	1065
8000	0.5	0	1165
8000	0.6	0	1185
8000	0.7	0	1178
8000	0.8	0	1369
8000	0.9	0	1415
8000	1	0	1598
8000	1.1	0	1692
8000	1.2	0	1897
8000	1.3	0	2154
8000	1.4	0	2411
8000	1.5	0	2880
8000	1.6	0	3317
8000	1.7	0	4120
8000	1.8	0	4821
8000	1.9	0	5991
8000	2	0	7555
8000	2.1	0	10013
8000	2.2	0	13109
8000	2.3	0	16652
8000	2.4	0	19579
8000	2.5	0	20487
8000	2.6	0	20232
8000	2.7	0	20291
8000	2.8	0	19758
8000	2.9	0	20223
8000	3	0	20435
8000	3.1	0	20062
8000	3.2	0	20329
8000	3.3	0	20141
8000	3.4	0	20385
8000	3.5	0	20204
8000	3.6	0	19992
8000	3.7	0	20157
8000	3.8	0	20024
8000	3.9	0	20106
8000	4	0	19846
8000	4.1	0	20274
8000	4.2	0	20075
8000	4.3	0	20191
8000	4.4	0	20192
8000	4.5	0	20176
8000	4.6	0	19977
8000	4.7	0	19990
8000	4.8	0	20362
8000	4.9	0	20216
8000	5	0	20083
8000	5.1	0	19692
8000	5.2	0	18807
8000	5.3	0	17569
8000	5.4	0	16230
8000	5.5	0	14906
8000	5.6	0	13576
8000	5.7	0	12348
8000	5.8	0	11285
8000	5.9	0	10414
8000	6	0	9227
8000	6.1	0	8581
8000	6.2	0	7677
8000	6.3	0	7085
8000	6.4	0	6332
8000	6.5	0	5868
8000	6.6	0	5458
8000	6.7	0	5213
8000	6.8	0	4839
8000	6.9	0	4423
8000	7	0	4046
8000	7.1	0	3814
8000	7.2	0	3499
8000	7.3	0	3320
8000	7.4	0	3166
8000	7.5	0	2966
8000	7.6	0	2947
8000	7.7	0	2704
8000	7.8	0	2496
8000	7.9	0	2411
8000	8	0	2290
8000	8.1	0	2164
8000	8.2	0	2102
8000	8.3	0	2096
8000	8.4	0	1935
8000	8.5	0	1946
8000	8.6	0	1795
8000	8.7	0	1776
8000	8.8	0	1747
8000	8.9	0	1600
8000	9	0	1624
8000	9.1	0	1537
8000	9.2	0	1502
8000	9.3	0	1460
8000	9.4	0	1337
8000	9.5	0	1329
8000	9.6	0	1378
8000	9.7	0	1263
8000	9.8	0	1248
8000	9.9	0	1249
8000	10	0	1250
8000	10.1	0	1209
8000	10.2	0	1171
8000	10.3	0	1077
8000	10.4	0	1165
8000	10.5	0	1192
8000	10.6	0	1089
8000	10.7	0	1115
8000	10.8	0	1126
8000	10.9	0	1098
8000	11	0	1058
8000	11.1	0	1023
8000	11.2	0	1053
8000	11.3	0	985
8000	11.4	0	1042
8000	11.5	0	994
8000	11.6	0	1004
8000	11.7	0	983
8000	11.8	0	1021
8000	11.9	0	971
8000	12	0	1031
8000	12.1	0	955
8000	12.2	0	1036
8000	12.3	0	1007
8000	12.4	0	1031
8000	12.5	0	1021
8000	12.6	0	975
8000	12.7	0	999
8000	12.8	0	1027
8000	12.9	0	1007
8000	13	0	1003
8000	13.1	0	963
8000	13.2	0	949
8000	13.3	0	1065
8000	13.4	0	1005
8000	13.5	0	999
8000	13.6	0	1001
8000	13.7	0	983
8000	13.8	0	1020
8000	13.9	0	1040
8000	14	0	1037
8000	14.1	0	983
8000	14.2	0	1001
8000	14.3	0	987
8000	14.4	0	990
8000	14.5	0	1005
8000	14.6	0	1001
8000	14.7	0	1027
8000	14.8	0	1031
8000	14.9	0	1016
8000	15	0	1023
8000	15.1	0	981
8000	15.2	0	1019
8000	15.3	0	1032
8000	15.4	0	1041
8000	15.5	0	1025
8000	15.6	0	1026
8000	15.7	0	1022
8000	15.8	0	1019
8000	15.9	0	1017
8000	16	0	971
8000	16.1	0	1034
8000	16.2	0	1015
8000	16.3	0	1033
8000	16.4	0	985
8000	16.5	0	984
8000	16.6	0	1016
8000	16.7	0	1026
8000	16.8	0	1026
8000	16.9	0	1061
8000	17	0	1028
8000	17.1	0	999
8000	17.2	0	997
8000	17.3	0	981
8000	17.4	0	1010
8000	17.5	0	1025
8000	17.6	0	1025
8000	17.7	0	980
8000	17.8	0	956
8000	17.9	0	1026
8000	18	0	1020
8000	18.1	0	1000
8000	18.2	0	980
8000	18.3	0	1037
8000	18.4	0	1005
8000	18.5	0	1017
8000	18.6	0	1001
8000	18.7	0	1049
8000	18.8	0	998
8000	18.9	0	974
8000	19	0	1013
8000	19.1	0	989
8000	19.2	0	1034
8000	19.3	0	996
8000	19.4	0	1028
8000	19.5	0	995
8000	19.6	0	949
8000	19.7	0	1000
8000	19.8	0	975
8000	19.9	0	999
12000	0	0	1055
12000	0.1	0	968
12000	0.2	0	962
12000	0.3	0	1030
12000	0.4	0	1121
12000	0.5	0	1135
12000	0.6	0	1249
12000	0.7	0	1292
12000	0.8	0	1349
12000	0.9	0	1415
12000	1	0	1545
12000	1.1	0	1769
12000	1.2	0	1924
12000	1.3	0	2180
12000	1.4	0	2512
12000	1.5	0	2710
12000	1.6	0	3289
12000	1.7	0	3936
12000	1.8	0	4864
12000	1.9	0	6002
12000	2	0	7616
12000	2.1	0	9849
12000	2.2	0	13249
12000	2.3	0	16775
12000	2.4	0	19710
12000	2.5	0	19984
12000	2.6	0	20056
12000	2.7	0	20271
12000	2.8	0	20325
12000	2.9	0	20031
12000	3	0	20305
12000	3.1	0	20142
12000	3.2	0	20198
12000	3.3	0	20211
12000	3.4	0	20217
12000	3.5	0	19981
12000	3.6	0	19919
12000	3.7	0	19893
12000	3.8	0	19909
12000	3.9	0	20314
12000	4	0	20144
12000	4.1	0	20312
12000	4.2	0	20192
12000	4.3	0	20125
12000	4.4	0	20184
12000	4.5	0	20243
12000	4.6	0	19927
12000	4.7	0	20239
12000	4.8	0	20118
12000	4.9	0	20213
12000	5	0	19933
12000	5.1	0	19535
12000	5.2	0	18723
12000	5.3	0	17534
12000	5.4	0	16291
12000	5.5	0	15198
12000	5.6	0	13686
12000	5.7	0	12509
12000	5.8	0	11570
12000	5.9	0	10370
12000	6	0	9437
12000	6.1	0	8428
12000	6.2	0	7783
12000	6.3	0	7036
12000	6.4	0	6571
12000	6.5	0	6024
12000	6.6	0	5508
12000	6.7	0	5107
12000	6.8	0	4708
12000	6.9	0	4395
12000	7	0	4078
12000	7.1	0	3873
12000	7.2	0	3643
12000	7.3	0	3361
12000	7.4	0	3178
12000	7.5	0	2962
12000	7.6	0	2817
12000	7.7	0	2672
12000	7.8	0	2502
12000	7.9	0	2405
12000	8	0	2337
12000	8.1	0	2234
12000	8.2	0	2131
12000	8.3	0	1983
12000	8.4	0	1983
12000	8.5	0	1829
12000	8.6	0	1862
12000	8.7	0	1770
12000	8.8	0	1682
12000	8.9	0	1603
12000	9	0	1596
12000	9.1	0	1552
12000	9.2	0	1477
12000	9.3	0	1402
12000	9.4	0	1392
12000	9.5	0	1415
12000	9.6	0	1340
12000	9.7	0	1334
12000	9.8	0	1274
12000	9.9	0	1237
12000	10	0	1238
12000	10.1	0	1182
12000	10.2	0	1179
12000	10.3	0	1213
12000	10.4	0	1138
12000	10.5	0	1105
12000	10.6	0	1078
12000	10.7	0	1152
12000	10.8	0	1056
12000	10.9	0	1094
12000	11	0	1049
12000	11.1	0	1054
12000	11.2	0	1020
12000	11.3	0	1008
12000	11.4	0	984
12000	11.5	0	1013
12000	11.6	0	1048
12000	11.7	0	1033
12000	11.8	0	952
12000	11.9	0	969
12000	12	0	1048
12000	12.1	0	1012
12000	12.2	0	952
12000	12.3	0	937
12000	12.4	0	915
12000	12.5	0	959
12000	12.6	0	1005
12000	12.7	0	1005
12000	12.8	0	999
12000	12.9	0	1011
12000	13	0	986
12000	13.1	0	1057
12000	13.2	0	980
12000	13.3	0	994
12000	13.4	0	1019
12000	13.5	0	1032
12000	13.6	0	1011
12000	13.7	0	992
12000	13.8	0	1000
12000	13.9	0	1025
12000	14	0	972
12000	14.1	0	1006
12000	14.2	0	998
12000	14.3	0	1028
12000	14.4	0	1002
12000	14.5	0	997
12000	14.6	0	1034
12000	14.7	0	965
12000	14.8	0	1036
12000	14.9	0	998
12000	15	0	1065
12000	15.1	0	926
12000	15.2	0	990
12000	15.3	0	1019
12000	15.4	0	989
12000	15.5	0	954
12000	15.6	0	1019
12000	15.7	0	1034
12000	15.8	0	1002
12000	15.9	0	1002
12000	16	0	1042
12000	16.1	0	988
12000	16.2	0	962
12000	16.3	0	969
12000	16.4	0	1018
12000	16.5	0	1003
12000	16.6	0	1021
12000	16.7	0	1039
12000	16.8	0	1014
12000	16.9	0	1010
12000	17	0	995
12000	17.1	0	1002
12000	17.2	0	1005
12000	17.3	0	1027
12000	17.4	0	998
12000	17.5	0	1017
12000	17.6	0	1029
12000	17.7	0	1010
12000	17.8	0	954
12000	17.9	0	1074
12000	18	0	986
12000	18.1	0	960
12000	18.2	0	1032
12000	18.3	0	992
12000	18.4	0	1063
12000	18.5	0	1044
12000	18.6	0	1007
12000	18.7	0	984
12000	18.8	0	1052
12000	18.9	0	940
12000	19	0	984
12000	19.1	0	981
12000	19.2	0	994
12000	19.3	0	961
12000	19.4	0	1052
12000	19.5	0	987
12000	19.6	0	971
12000	19.7	0	1022
12000	19.8	0	1011
12000	19.9	0	1031
16000	0	0	1025
16000	0.1	0	1051
16000	0.2	0	1032
16000	0.3	0	1082
16000	0.4	0	1120
16000	0.5	0	1119
16000	0.6	0	1164
16000	0.7	0	1296
16000	0.8	0	1279
16000	0.9	0	1465
16000	1	0	1599
16000	1.1	0	1660
16000	1.2	0	1896
16000	1.3	0	2177
16000	1.4	0	2496
16000	1.5	0	2816
16000	1.6	0	3358
16000	1.7	0	3918
16000	1.8	0	4910
16000	1.9	0	5984
16000	2	0	7691
16000	2.1	0	10178
16000	2.2	0	13187
16000	2.3	0	16910
16000	2.4	0	19709
16000	2.5	0	20009
16000	2.6	0	20107
16000	2.7	0	20251
16000	2.8	0	20060
16000	2.9	0	19954
16000	3	0	20355
16000	3.1	0	20071
16000	3.2	0	20170
16000	3.3	0	20205
16000	3.4	0	20235
16000	3.5	0	20208
16000	3.6	0	19989
16000	3.7	0	20199
16000	3.8	0	20082
16000	3.9	0	20110
16000	4	0	20147
16000	4.1	0	19877
16000	4.2	0	20050
16000	4.3	0	20233
16000	4.4	0	20070
16000	4.5	0	20044
16000	4.6	0	20054
16000	4.7	0	20017
16000	4.8	0	19950
16000	4.9	0	20280
16000	5	0	19947
16000	5.1	0	19513
16000	5.2	0	18840
16000	5.3	0	17712
16000	5.4	0	16391
16000	5.5	0	15030
16000	5.6	0	13766
16000	5.7	0	12594
16000	5.8	0	11328
16000	5.9	0	10257
16000	6	0	9364
16000	6.1	0	8522
16000	6.2	0	7862
16000	6.3	0	7124
16000	6.4	0	6543
16000	6.5	0	5948
16000	6.6	0	5528
16000	6.7	0	5123
16000	6.8	0	4684
16000	6.9	0	4399
16000	7	0	3906
16000	7.1	0	3700
16000	7.2	0	3596
16000	7.3	0	3305
16000	7.4	0	3169
16000	7.5	0	3037
16000	7.6	0	2858
16000	7.7	0	2605
16000	7.8	0	2582
16000	7.9	0	2371
16000	8	0	2319
16000	8.1	0	2230
16000	8.2	0	2169
16000	8.3	0	2023
16000	8.4	0	1967
16000	8.5	0	1925
16000	8.6	0	1827
16000	8.7	0	1756
16000	8.8	0	1725
16000	8.9	0	1610
16000	9	0	1599
16000	9.1	0	1523
16000	9.2	0	1535
16000	9.3	0	1458
16000	9.4	0	1438
16000	9.5	0	1332
16000	9.6	0	1295
16000	9.7	0	1247
16000	9.8	0	1334
16000	9.9	0	1245
16000	10	0	1267
16000	10.1	0	1229
16000	10.2	0	1194
16000	10.3	0	1159
16000	10.4	0	1093
16000	10.5	0	1140
16000	10.6	0	1113
16000	10.7	0	1111
16000	10.8	0	1051
16000	10.9	0	1100
16000	11	0	1083
16000	11.1	0	1021
16000	11.2	0	1077
16000	11.3	0	998
16000	11.4	0	1045
16000	11.5	0	1021
16000	11.6	0	1041
16000	11.7	0	1012
16000	11.8	0	1022
16000	11.9	0	1058
16000	12	0	979
16000	12.1	0	987
16000	12.2	0	1017
16000	12.3	0	1033
16000	12.4	0	1052
16000	12.5	0	1024
16000	12.6	0	951
16000	12.7	0	1008
16000	12.8	0	982
16000	12.9	0	1018
16000	13	0	1044
16000	13.1	0	977
16000	13.2	0	1013
16000	13.3	0	971
16000	13.4	0	1017
16000	13.5	0	1012
16000	13.6	0	927
16000	13.7	0	998
16000	13.8	0	1019
16000	13.9	0	955
16000	14	0	1033
16000	14.1	0	969
16000	14.2	0	961
16000	14.3	0	1005
16000	14.4	0	1001
16000	14.5	0	1006
16000	14.6	0	995
16000	14.7	0	998
16000	14.8	0	1041
16000	14.9	0	1033
16000	15	0	994
16000	15.1	0	1018
16000	15.2	0	1052
16000	15.3	0	1009
16000	15.4	0	989
16000	15.5	0	982
16000	15.6	0	975
16000	15.7	0	920
16000	15.8	0	1042
16000	15.9	0	984
16000	16	0	1031
16000	16.1	0	1040
16000	16.2	0	984
16000	16.3	0	1048
16000	16.4	0	1003
16000	16.5	0	1031
16000	16.6	0	1057
16000	16.7	0	997
16000	16.8	0	990
16000	16.9	0	965
16000	17	0	996
16000	17.1	0	1040
16000	17.2	0	922
16000	17.3	0	1010
16000	17.4	0	985
16000	17.5	0	1043
16000	17.6	0	997
16000	17.7	0	975
16000	17.8	0	975
16000	17.9	0	1028
16000	18	0	991
16000	18.1	0	1018
16000	18.2	0	1036
16000	18.3	0	996
16000	18.4	0	938
16000	18.5	0	1037
16000	18.6	0	1071
16000	18.7	0	1023
16000	18.8	0	990
16000	18.9	0	983
16000	19	0	1045
16000	19.1	0	964
16000	19.2	0	926
16000	19.3	0	967
16000	19.4	0	1017
16000	19.5	0	1019
16000	19.6	0	995
16000	19.7	0	1056
16000	19.8	0	996
16000	19.9	0	979
20000	0	0	1031
20000	0.1	0	1028
20000	0.2	0	1050
20000	0.3	0	1049
20000	0.4	0	1102
20000	0.5	0	1141
20000	0.6	0	1167
20000	0.7	0	1259
20000	0.8	0	1334
20000	0.9	0	1512
20000	1	0	1527
20000	1.1	0	1718
20000	1.2	0	1838
20000	1.3	0	2137
20000	1.4	0	2482
20000	1.5	0	2779
20000	1.6	0	3358
20000	1.7	0	4009
20000	1.8	0	4851
20000	1.9	0	6121
20000	2	0	7685
20000	2.1	0	10116
20000	2.2	0	13184
20000	2.3	0	16737
20000	2.4	0	19671
20000	2.5	0	20109
20000	2.6	0	20234
20000	2.7	0	20311
20000	2.8	0	19755
20000	2.9	0	20199
20000	3	0	20109
20000	3.1	0	20278
20000	3.2	0	19969
20000	3.3	0	20119
20000	3.4	0	20274
20000	3.5	0	20109
20000	3.6	0	20072
20000	3.7	0	20013
20000	3.8	0	20013
20000	3.9	0	19996
20000	4	0	19945
20000	4.1	0	20041
20000	4.2	0	19999
20000	4.3	0	20159
20000	4.4	0	19788
20000	4.5	0	20208
20000	4.6	0	20125
20000	4.7	0	19952
20000	4.8	0	19915
20000	4.9	0	19964
20000	5	0	19970
20000	5.1	0	19787
20000	5.2	0	18706
20000	5.3	0	17713
20000	5.4	0	16420
20000	5.5	0	15160
20000	5.6	0	13810
20000	5.7	0	12661
20000	5.8	0	11334
20000	5.9	0	10293
20000	6	0	9338
20000	6.1	0	8557
20000	6.2	0	7769
20000	6.3	0	6949
20000	6.4	0	6495
20000	6.5	0	5951
20000	6.6	0	5395
20000	6.7	0	5103
20000	6.8	0	4701
20000	6.9	0	4469
20000	7	0	4081
20000	7.1	0	3796
20000	7.2	0	3544
20000	7.3	0	3411
20000	7.4	0	3167
20000	7.5	0	3021
20000	7.6	0	2822
20000	7.7	0	2642
20000	7.8	0	2580
20000	7.9	0	2340
20000	8	0	2305
20000	8.1	0	2257
20000	8.2	0	2203
20000	8.3	0	1977
20000	8.4	0	1922
20000	8.5	0	1907
20000	8.6	0	1853
20000	8.7	0	1804
20000	8.8	0	1690
20000	8.9	0	1647
20000	9	0	1631
20000	9.1	0	1494
20000	9.2	0	1511
20000	9.3	0	1472
20000	9.4	0	1383
20000	9.5	0	1410
20000	9.6	0	1350
20000	9.7	0	1351
20000	9.8	0	1238
20000	9.9	0	1319
20000	10	0	1262
20000	10.1	0	1208
20000	10.2	0	1238
20000	10.3	0	1181
20000	10.4	0	1144
20000	10.5	0	1168
20000	10.6	0	1146
20000	10.7	0	1089
20000	10.8	0	1094
20000	10.9	0	1032
20000	11	0	1087
20000	11.1	0	1002
20000	11.2	0	1022
20000	11.3	0	1024
20000	11.4	0	1018
20000	11.5	0	963
20000	11.6	0	1046
20000	11.7	0	984
20000	11.8	0	1036
20000	11.9	0	1060
20000	12	0	1049
20000	12.1	0	1017
20000	12.2	0	1014
20000	12.3	0	1064
20000	12.4	0	984
20000	12.5	0	1009
20000	12.6	0	1037
20000	12.7	0	989
20000	12.8	0	982
20000	12.9	0	1024
20000	13	0	980
20000	13.1	0	1012
20000	13.2	0	994
20000	13.3	0	1027
20000	13.4	0	989
20000	13.5	0	1040
20000	13.6	0	1075
20000	13.7	0	979
20000	13.8	0	973
20000	13.9	0	1055
20000	14	0	1006
20000	14.1	0	989
20000	14.2	0	1018
20000	14.3	0	1064
20000	14.4	0	1033
20000	14.5	0	1045
20000	14.6	0	1038
20000	14.7	0	996
20000	14.8	0	979
20000	14.9	0	1000
20000	15	0	970
20000	15.1	0	989
20000	15.2	0	977
20000	15.3	0	1029
20000	15.4	0	1036
20000	15.5	0	1004
20000	15.6	0	1048
20000	15.7	0	927
20000	15.8	0	971
20000	15.9	0	950
20000	16	0	989
20000	16.1	0	982
20000	16.2	0	1017
20000	16.3	0	985
20000	16.4	0	992
20000	16.5	0	1033
20000	16.6	0	1023
20000	16.7	0	1028
20000	16.8	0	1000
20000	16.9	0	976
20000	17	0	1035
20000	17.1	0	1051
20000	17.2	0	1014
20000	17.3	0	1031
20000	17.4	0	1013
20000	17.5	0	1017
20000	17.6	0	1042
20000	17.7	0	1012
20000	17.8	0	1017
20000	17.9	0	1023
20000	18	0	977
20000	18.1	0	1039
20000	18.2	0	991
20000	18.3	0	1033
20000	18.4	0	1052
20000	18.5	0	1000
20000	18.6	0	1044
20000	18.7	0	976
20000	18.8	0	993
20000	18.9	0	982
20000	19	0	1009
20000	19.1	0	1026
20000	19.2	0	986
20000	19.3	0	1071
20000	19.4	0	1042
20000	19.5	0	981
20000	19.6	0	1078
20000	19.7	0	1004
20000	19.8	0	1007
20000	19.9	0	1012
