4000	0	0	1174
4000	0.1	0	1155
4000	0.2	0	1265
4000	0.3	0	1313
4000	0.4	0	1333
4000	0.5	0	1316
4000	0.6	0	1464
4000	0.7	0	1514
4000	0.8	0	1649
4000	0.9	0	1785
4000	1	0	1958
4000	1.1	0	2178
4000	1.2	0	2374
4000	1.3	0	2702
4000	1.4	0	3023
4000	1.5	0	3575
4000	1.6	0	4236
4000	1.7	0	5211
4000	1.8	0	6539
4000	1.9	0	8209
4000	2	0	10456
4000	2.1	0	13195
4000	2.2	0	16486
4000	2.3	0	18999
4000	2.4	0	19191
4000	2.5	0	18248
4000	2.6	0	17591
4000	2.7	0	17228
4000	2.8	0	17113
4000	2.9	0	17550
4000	3	0	17910
4000	3.1	0	17564
4000	3.2	0	17676
4000	3.3	0	17697
4000	3.4	0	17805
4000	3.5	0	17795
4000	3.6	0	17723
4000	3.7	0	17654
4000	3.8	0	17690
4000	3.9	0	17853
4000	4	0	17708
4000	4.1	0	17636
4000	4.2	0	17830
4000	4.3	0	17680
4000	4.4	0	17954
4000	4.5	0	17938
4000	4.6	0	17416
4000	4.7	0	17885
4000	4.8	0	17656
4000	4.9	0	17716
4000	5	0	17882
4000	5.1	0	17620
4000	5.2	0	17447
4000	5.3	0	17294
4000	5.4	0	16452
4000	5.5	0	15736
4000	5.6	0	14698
4000	5.7	0	13804
4000	5.8	0	12915
4000	5.9	0	12074
4000	6	0	10955
4000	6.1	0	10148
4000	6.2	0	9156
4000	6.3	0	8533
4000	6.4	0	7719
4000	6.5	0	7026
4000	6.6	0	6618
4000	6.7	0	6060
4000	6.8	0	5595
4000	6.9	0	5222
4000	7	0	4719
4000	7.1	0	4376
4000	7.2	0	4119
4000	7.3	0	3997
4000	7.4	0	3773
4000	7.5	0	3500
4000	7.6	0	3208
4000	7.7	0	3202
4000	7.8	0	3050
4000	7.9	0	2693
4000	8	0	2623
4000	8.1	0	2621
4000	8.2	0	2393
4000	8.3	0	2326
4000	8.4	0	2240
4000	8.5	0	2119
4000	8.6	0	2080
4000	8.7	0	2048
4000	8.8	0	1941
4000	8.9	0	1903
4000	9	0	1819
4000	9.1	0	1775
4000	9.2	0	1756
4000	9.3	0	1689
4000	9.4	0	1570
4000	9.5	0	1575
4000	9.6	0	1512
4000	9.7	0	1506
4000	9.8	0	1476
4000	9.9	0	1401
4000	10	0	1410
4000	10.1	0	1355
4000	10.2	0	1321
4000	10.3	0	1321
4000	10.4	0	1328
4000	10.5	0	1301
4000	10.6	0	1288
4000	10.7	0	1262
4000	10.8	0	1265
4000	10.9	0	1262
4000	11	0	1218
4000	11.1	0	1192
4000	11.2	0	1121
4000	11.3	0	1195
4000	11.4	0	1170
4000	11.5	0	1159
4000	11.6	0	1128
4000	11.7	0	1150
4000	11.8	0	1163
4000	11.9	0	1172
4000	12	0	1139
4000	12.1	0	1183
4000	12.2	0	1120
4000	12.3	0	1112
4000	12.4	0	1168
4000	12.5	0	1145
4000	12.6	0	1104
4000	12.7	0	1215
4000	12.8	0	1136
4000	12.9	0	1168
4000	13	0	1146
4000	13.1	0	1163
4000	13.2	0	1141
4000	13.3	0	1223
4000	13.4	0	1159
4000	13.5	0	1215
4000	13.6	0	1138
4000	13.7	0	1165
4000	13.8	0	1167
4000	13.9	0	1114
4000	14	0	1182
4000	14.1	0	1183
4000	14.2	0	1205
4000	14.3	0	1132
4000	14.4	0	1152
4000	14.5	0	1206
4000	14.6	0	1191
4000	14.7	0	1081
4000	14.8	0	1162
4000	14.9	0	1204
4000	15	0	1218
4000	15.1	0	1107
4000	15.2	0	1152
4000	15.3	0	1114
4000	15.4	0	1144
4000	15.5	0	1128
4000	15.6	0	1122
4000	15.7	0	1160
4000	15.8	0	1144
4000	15.9	0	1090
4000	16	0	1111
4000	16.1	0	1047
4000	16.2	0	1098
4000	16.3	0	1153
4000	16.4	0	1181
4000	16.5	0	1234
4000	16.6	0	1166
4000	16.7	0	1198
4000	16.8	0	1157
4000	16.9	0	1164
4000	17	0	1164
4000	17.1	0	1125
4000	17.2	0	1167
4000	17.3	0	1205
4000	17.4	0	1103
4000	17.5	0	1142
4000	17.6	0	1110
4000	17.7	0	1146
4000	17.8	0	1112
4000	17.9	0	1188
4000	18	0	1134
4000	18.1	0	1170
4000	18.2	0	1210
4000	18.3	0	1169
4000	18.4	0	1177
4000	18.5	0	1164
4000	18.6	0	1130
4000	18.7	0	1201
4000	18.8	0	1138
4000	18.9	0	1172
4000	19	0	1231
4000	19.1	0	1145
4000	19.2	0	1152
4000	19.3	0	1205
4000	19.4	0	1164
4000	19.5	0	1171
4000	19.6	0	1147
4000	19.7	0	1067
4000	19.8	0	1146
4000	19.9	0	1177
8000	0	0	1190
8000	0.1	0	1183
8000	0.2	0	1238
8000	0.3	0	1269
8000	0.4	0	1241
8000	0.5	0	1342
8000	0.6	0	1502
8000	0.7	0	1569
8000	0.8	0	1564
8000	0.9	0	1732
8000	1	0	1955
8000	1.1	0	2103
8000	1.2	0	2279
8000	1.3	0	2677
8000	1.4	0	3095
8000	1.5	0	3668
8000	1.6	0	4378
8000	1.7	0	5198
8000	1.8	0	6421
8000	1.9	0	8192
8000	2	0	10428
8000	2.1	0	13251
8000	2.2	0	16546
8000	2.3	0	18907
8000	2.4	0	19489
8000	2.5	0	18002
8000	2.6	0	17454
8000	2.7	0	17389
8000	2.8	0	17286
8000	2.9	0	17658
8000	3	0	17767
8000	3.1	0	17611
8000	3.2	0	17932
8000	3.3	0	17690
8000	3.4	0	17993
8000	3.5	0	17730
8000	3.6	0	17787
8000	3.7	0	17918
8000	3.8	0	17749
8000	3.9	0	17673
8000	4	0	17714
8000	4.1	0	17637
8000	4.2	0	17828
8000	4.3	0	17826
8000	4.4	0	17887
8000	4.5	0	17652
8000	4.6	0	17808
8000	4.7	0	17720
8000	4.8	0	17561
8000	4.9	0	17542
8000	5	0	17831
8000	5.1	0	17763
8000	5.2	0	17681
8000	5.3	0	16979
8000	5.4	0	16287
8000	5.5	0	15694
8000	5.6	0	14992
8000	5.7	0	13965
8000	5.8	0	12895
8000	5.9	0	11759
8000	6	0	10882
8000	6.1	0	9960
8000	6.2	0	9166
8000	6.3	0	8364
8000	6.4	0	7789
8000	6.5	0	7053
8000	6.6	0	6548
8000	6.7	0	6011
8000	6.8	0	5586
8000	6.9	0	5144
8000	7	0	4711
8000	7.1	0	4359
8000	7.2	0	4294
8000	7.3	0	3912
8000	7.4	0	3727
8000	7.5	0	3596
8000	7.6	0	3308
8000	7.7	0	3142
8000	7.8	0	2952
8000	7.9	0	2796
8000	8	0	2671
8000	8.1	0	2505
8000	8.2	0	2427
8000	8.3	0	2298
8000	8.4	0	2218
8000	8.5	0	2203
8000	8.6	0	2040
8000	8.7	0	2004
8000	8.8	0	1974
8000	8.9	0	1921
8000	9	0	1833
8000	9.1	0	1752
8000	9.2	0	1728
8000	9.3	0	1701
8000	9.4	0	1661
8000	9.5	0	1579
8000	9.6	0	1544
8000	9.7	0	1494
8000	9.8	0	1547
8000	9.9	0	1429
8000	10	0	1429
8000	10.1	0	1370
8000	10.2	0	1398
8000	10.3	0	1287
8000	10.4	0	1335
8000	10.5	0	1300
8000	10.6	0	1292
8000	10.7	0	1264
8000	10.8	0	1274
8000	10.9	0	1164
8000	11	0	1235
8000	11.1	0	1205
8000	11.2	0	1203
8000	11.3	0	1208
8000	11.4	0	1190
8000	11.5	0	1136
8000	11.6	0	1170
8000	11.7	0	1156
8000	11.8	0	1084
8000	11.9	0	1194
8000	12	0	1112
8000	12.1	0	1143
8000	12.2	0	1185
8000	12.3	0	1156
8000	12.4	0	1138
8000	12.5	0	1088
8000	12.6	0	1104
8000	12.7	0	1107
8000	12.8	0	1207
8000	12.9	0	1169
8000	13	0	1139
8000	13.1	0	1193
8000	13.2	0	1132
8000	13.3	0	1136
8000	13.4	0	1093
8000	13.5	0	1145
8000	13.6	0	1133
8000	13.7	0	1161
8000	13.8	0	1191
8000	13.9	0	1173
8000	14	0	1114
8000	14.1	0	1130
8000	14.2	0	1234
8000	14.3	0	1155
8000	14.4	0	1118
8000	14.5	0	1125
8000	14.6	0	1126
8000	14.7	0	1211
8000	14.8	0	1159
8000	14.9	0	1076
8000	15	0	1124
8000	15.1	0	1139
8000	15.2	0	1127
8000	15.3	0	1263
8000	15.4	0	1155
8000	15.5	0	1144
8000	15.6	0	1165
8000	15.7	0	1070
8000	15.8	0	1113
8000	15.9	0	1181
8000	16	0	1149
8000	16.1	0	1159
8000	16.2	0	1177
8000	16.3	0	1136
8000	16.4	0	1156
8000	16.5	0	1105
8000	16.6	0	1148
8000	16.7	0	1202
8000	16.8	0	1142
8000	16.9	0	1149
8000	17	0	1199
8000	17.1	0	1122
8000	17.2	0	1179
8000	17.3	0	1148
8000	17.4	0	1145
8000	17.5	0	1122
8000	17.6	0	1198
8000	17.7	0	1171
8000	17.8	0	1147
8000	17.9	0	1176
8000	18	0	1136
8000	18.1	0	1139
8000	18.2	0	1176
8000	18.3	0	1148
8000	18.4	0	1151
8000	18.5	0	1172
8000	18.6	0	1147
8000	18.7	0	1129
8000	18.8	0	1163
8000	18.9	0	1115
8000	19	0	1185
8000	19.1	0	1122
8000	19.2	0	1198
8000	19.3	0	1220
8000	19.4	0	1218
8000	19.5	0	1136
8000	19.6	0	1154
8000	19.7	0	1180
8000	19.8	0	1168
8000	19.9	0	1179
12000	0	0	1138
12000	0.1	0	1245
12000	0.2	0	1270
12000	0.3	0	1246
12000	0.4	0	1273
12000	0.5	0	1352
12000	0.6	0	1382
12000	0.7	0	1607
12000	0.8	0	1657
12000	0.9	0	1815
12000	1	0	1971
12000	1.1	0	2152
12000	1.2	0	2431
12000	1.3	0	2698
12000	1.4	0	3162
12000	1.5	0	3718
12000	1.6	0	4382
12000	1.7	0	5191
12000	1.8	0	6413
12000	1.9	0	8006
12000	2	0	10271
12000	2.1	0	13282
12000	2.2	0	16508
12000	2.3	0	18921
12000	2.4	0	19247
12000	2.5	0	18094
12000	2.6	0	17537
12000	2.7	0	17245
12000	2.8	0	17207
12000	2.9	0	17713
12000	3	0	17635
12000	3.1	0	17744
12000	3.2	0	17669
12000	3.3	0	17977
12000	3.4	0	17746
12000	3.5	0	17848
12000	3.6	0	17664
12000	3.7	0	17822
12000	3.8	0	17677
12000	3.9	0	17738
12000	4	0	17971
12000	4.1	0	17797
12000	4.2	0	17768
12000	4.3	0	17748
12000	4.4	0	17676
12000	4.5	0	17743
12000	4.6	0	17781
12000	4.7	0	17677
12000	4.8	0	17546
12000	4.9	0	17662
12000	5	0	17973
12000	5.1	0	17792
12000	5.2	0	17542
12000	5.3	0	17291
12000	5.4	0	16103
12000	5.5	0	15715
12000	5.6	0	14823
12000	5.7	0	13864
12000	5.8	0	12809
12000	5.9	0	11910
12000	6	0	11036
12000	6.1	0	10073
12000	6.2	0	9171
12000	6.3	0	8517
12000	6.4	0	7695
12000	6.5	0	6931
12000	6.6	0	6433
12000	6.7	0	5979
12000	6.8	0	5599
12000	6.9	0	5082
12000	7	0	4905
12000	7.1	0	4449
12000	7.2	0	4175
12000	7.3	0	3990
12000	7.4	0	3556
12000	7.5	0	3467
12000	7.6	0	3233
12000	7.7	0	3187
12000	7.8	0	2995
12000	7.9	0	2788
12000	8	0	2719
12000	8.1	0	2527
12000	8.2	0	2483
12000	8.3	0	2272
12000	8.4	0	2273
12000	8.5	0	2124
12000	8.6	0	2075
12000	8.7	0	1973
12000	8.8	0	1927
12000	8.9	0	1864
12000	9	0	1839
12000	9.1	0	1793
12000	9.2	0	1692
12000	9.3	0	1615
12000	9.4	0	1621
12000	9.5	0	1606
12000	9.6	0	1535
12000	9.7	0	1456
12000	9.8	0	1532
12000	9.9	0	1362
12000	10	0	1403
12000	10.1	0	1388
12000	10.2	0	1351
12000	10.3	0	1363
12000	10.4	0	1251
12000	10.5	0	1232
12000	10.6	0	1317
12000	10.7	0	1264
12000	10.8	0	1219
12000	10.9	0	1256
12000	11	0	1181
12000	11.1	0	1164
12000	11.2	0	1239
12000	11.3	0	1184
12000	11.4	0	1125
12000	11.5	0	1222
12000	11.6	0	1179
12000	11.7	0	1220
12000	11.8	0	1156
12000	11.9	0	1170
12000	12	0	1168
12000	12.1	0	1142
12000	12.2	0	1128
12000	12.3	0	1204
12000	12.4	0	1157
12000	12.5	0	1158
12000	12.6	0	1186
12000	12.7	0	1110
12000	12.8	0	1093
12000	12.9	0	1148
12000	13	0	1159
12000	13.1	0	1187
12000	13.2	0	1141
12000	13.3	0	1148
12000	13.4	0	1139
12000	13.5	0	1175
12000	13.6	0	1192
12000	13.7	0	1107
12000	13.8	0	1182
12000	13.9	0	1143
12000	14	0	1140
12000	14.1	0	1117
12000	14.2	0	1184
12000	14.3	0	1155
12000	14.4	0	1184
12000	14.5	0	1115
12000	14.6	0	1111
12000	14.7	0	1238
12000	14.8	0	1194
12000	14.9	0	1081
12000	15	0	1100
12000	15.1	0	1166
12000	15.2	0	1167
12000	15.3	0	1190
12000	15.4	0	1162
12000	15.5	0	1111
12000	15.6	0	1211
12000	15.7	0	1104
12000	15.8	0	1125
12000	15.9	0	1179
12000	16	0	1137
12000	16.1	0	1167
12000	16.2	0	1134
12000	16.3	0	1150
12000	16.4	0	1161
12000	16.5	0	1080
12000	16.6	0	1164
12000	16.7	0	1151
12000	16.8	0	1141
12000	16.9	0	1161
12000	17	0	1197
12000	17.1	0	1176
12000	17.2	0	1193
12000	17.3	0	1215
12000	17.4	0	1155
12000	17.5	0	1172
12000	17.6	0	1180
12000	17.7	0	1156
12000	17.8	0	1181
12000	17.9	0	1154
12000	18	0	1180
12000	18.1	0	1122
12000	18.2	0	1218
12000	18.3	0	1154
12000	18.4	0	1188
12000	18.5	0	1179
12000	18.6	0	1183
12000	18.7	0	1191
12000	18.8	0	1175
12000	18.9	0	1175
12000	19	0	1208
12000	19.1	0	1137
12000	19.2	0	1150
12000	19.3	0	1177
12000	19.4	0	1178
12000	19.5	0	1165
12000	19.6	0	1147
12000	19.7	0	1163
12000	19.8	0	1154
12000	19.9	0	1152
16000	0	0	1203
16000	0.1	0	1179
16000	0.2	0	1272
16000	0.3	0	1248
16000	0.4	0	1311
16000	0.5	0	1377
16000	0.6	0	1464
16000	0.7	0	1561
16000	0.8	0	1647
16000	0.9	0	1778
16000	1	0	1933
16000	1.1	0	2130
16000	1.2	0	2392
16000	1.3	0	2715
16000	1.4	0	3176
16000	1.5	0	3630
16000	1.6	0	4284
16000	1.7	0	5237
16000	1.8	0	6502
16000	1.9	0	8235
16000	2	0	10436
16000	2.1	0	13160
16000	2.2	0	16578
16000	2.3	0	19012
16000	2.4	0	19313
16000	2.5	0	18143
16000	2.6	0	17275
16000	2.7	0	17431
16000	2.8	0	17465
16000	2.9	0	17700
16000	3	0	17567
16000	3.1	0	17615
16000	3.2	0	17753
16000	3.3	0	17790
16000	3.4	0	17813
16000	3.5	0	17683
16000	3.6	0	17632
16000	3.7	0	17650
16000	3.8	0	17809
16000	3.9	0	17797
16000	4	0	17786
16000	4.1	0	17838
16000	4.2	0	17779
16000	4.3	0	17770
16000	4.4	0	17657
16000	4.5	0	17497
16000	4.6	0	17913
16000	4.7	0	17542
16000	4.8	0	17716
16000	4.9	0	17724
16000	5	0	17734
16000	5.1	0	17620
16000	5.2	0	17458
16000	5.3	0	17087
16000	5.4	0	16400
16000	5.5	0	15731
16000	5.6	0	14902
16000	5.7	0	13699
16000	5.8	0	12856
16000	5.9	0	12026
16000	6	0	10978
16000	6.1	0	10063
16000	6.2	0	9069
16000	6.3	0	8561
16000	6.4	0	7689
16000	6.5	0	7118
16000	6.6	0	6545
16000	6.7	0	5957
16000	6.8	0	5621
16000	6.9	0	5110
16000	7	0	4879
16000	7.1	0	4572
16000	7.2	0	4172
16000	7.3	0	3935
16000	7.4	0	3658
16000	7.5	0	3437
16000	7.6	0	3253
16000	7.7	0	2996
16000	7.8	0	2991
16000	7.9	0	2752
16000	8	0	2646
16000	8.1	0	2513
16000	8.2	0	2477
16000	8.3	0	2306
16000	8.4	0	2203
16000	8.5	0	2105
16000	8.6	0	2098
16000	8.7	0	2058
16000	8.8	0	2014
16000	8.9	0	1872
16000	9	0	1798
16000	9.1	0	1736
16000	9.2	0	1645
16000	9.3	0	1636
16000	9.4	0	1644
16000	9.5	0	1568
16000	9.6	0	1477
16000	9.7	0	1570
16000	9.8	0	1474
16000	9.9	0	1444
16000	10	0	1431
16000	10.1	0	1404
16000	10.2	0	1413
16000	10.3	0	1347
16000	10.4	0	1293
16000	10.5	0	1303
16000	10.6	0	1278
16000	10.7	0	1281
16000	10.8	0	1205
16000	10.9	0	1203
16000	11	0	1219
16000	11.1	0	1222
16000	11.2	0	1166
16000	11.3	0	1209
16000	11.4	0	1173
16000	11.5	0	1156
16000	11.6	0	1193
16000	11.7	0	1225
16000	11.8	0	1131
16000	11.9	0	1199
16000	12	0	1149
16000	12.1	0	1194
16000	12.2	0	1112
16000	12.3	0	1138
16000	12.4	0	1125
16000	12.5	0	1105
16000	12.6	0	1102
16000	12.7	0	1129
16000	12.8	0	1166
16000	12.9	0	1151
16000	13	0	1144
16000	13.1	0	1140
16000	13.2	0	1120
16000	13.3	0	1211
16000	13.4	0	1143
16000	13.5	0	1132
16000	13.6	0	1149
16000	13.7	0	1144
16000	13.8	0	1113
16000	13.9	0	1260
16000	14	0	1154
16000	14.1	0	1137
16000	14.2	0	1140
16000	14.3	0	1125
16000	14.4	0	1115
16000	14.5	0	1204
16000	14.6	0	1169
16000	14.7	0	1163
16000	14.8	0	1121
16000	14.9	0	1094
16000	15	0	1180
16000	15.1	0	1218
16000	15.2	0	1170
16000	15.3	0	1159
16000	15.4	0	1141
16000	15.5	0	1121
16000	15.6	0	1148
16000	15.7	0	1136
16000	15.8	0	1172
16000	15.9	0	1162
16000	16	0	1174
16000	16.1	0	1150
16000	16.2	0	1240
16000	16.3	0	1159
16000	16.4	0	1172
16000	16.5	0	1210
16000	16.6	0	1108
16000	16.7	0	1151
16000	16.8	0	1130
16000	16.9	0	1167
16000	17	0	1092
16000	17.1	0	1135
16000	17.2	0	1225
16000	17.3	0	1157
16000	17.4	0	1182
16000	17.5	0	1165
16000	17.6	0	1208
16000	17.7	0	1173
16000	17.8	0	1135
16000	17.9	0	1177
16000	18	0	1171
16000	18.1	0	1160
16000	18.2	0	1166
16000	18.3	0	1117
16000	18.4	0	1209
16000	18.5	0	1152
16000	18.6	0	1170
16000	18.7	0	1151
16000	18.8	0	1197
16000	18.9	0	1228
16000	19	0	1128
16000	19.1	0	1179
16000	19.2	0	1172
16000	19.3	0	1208
16000	19.4	0	1264
16000	19.5	0	1120
16000	19.6	0	1141
16000	19.7	0	1157
16000	19.8	0	1161
16000	19.9	0	1161
20000	0	0	1211
20000	0.1	0	1159
20000	0.2	0	1260
20000	0.3	0	1254
20000	0.4	0	1299
20000	0.5	0	1297
20000	0.6	0	1432
20000	0.7	0	1546
20000	0.8	0	1653
20000	0.9	0	1759
20000	1	0	1923
20000	1.1	0	2227
20000	1.2	0	2402
20000	1.3	0	2639
20000	1.4	0	3071
20000	1.5	0	3569
20000	1.6	0	4326
20000	1.7	0	5268
20000	1.8	0	6523
20000	1.9	0	8083
20000	2	0	10333
20000	2.1	0	13374
20000	2.2	0	16604
20000	2.3	0	18909
20000	2.4	0	19690
20000	2.5	0	17904
20000	2.6	0	17408
20000	2.7	0	17273
20000	2.8	0	17541
20000	2.9	0	17785
20000	3	0	17676
20000	3.1	0	17766
20000	3.2	0	17739
20000	3.3	0	17796
20000	3.4	0	17932
20000	3.5	0	17798
20000	3.6	0	17676
20000	3.7	0	17805
20000	3.8	0	17818
20000	3.9	0	17612
20000	4	0	17698
20000	4.1	0	17812
20000	4.2	0	17858
20000	4.3	0	17981
20000	4.4	0	17596
20000	4.5	0	17586
20000	4.6	0	17739
20000	4.7	0	17663
20000	4.8	0	17533
20000	4.9	0	17910
20000	5	0	17645
20000	5.1	0	17785
20000	5.2	0	17499
20000	5.3	0	16878
20000	5.4	0	16497
20000	5.5	0	15638
20000	5.6	0	14858
20000	5.7	0	13812
20000	5.8	0	12936
20000	5.9	0	11922
20000	6	0	10787
20000	6.1	0	10101
20000	6.2	0	9055
20000	6.3	0	8397
20000	6.4	0	7719
20000	6.5	0	7072
20000	6.6	0	6346
20000	6.7	0	6119
20000	6.8	0	5496
20000	6.9	0	5129
20000	7	0	4906
20000	7.1	0	4407
20000	7.2	0	4413
20000	7.3	0	3868
20000	7.4	0	3709
20000	7.5	0	3544
20000	7.6	0	3374
20000	7.7	0	3082
20000	7.8	0	2968
20000	7.9	0	2821
20000	8	0	2705
20000	8.1	0	2537
20000	8.2	0	2510
20000	8.3	0	2329
20000	8.4	0	2315
20000	8.5	0	2139
20000	8.6	0	1978
20000	8.7	0	1964
20000	8.8	0	1953
20000	8.9	0	1892
20000	9	0	1927
20000	9.1	0	1703
20000	9.2	0	1695
20000	9.3	0	1598
20000	9.4	0	1644
20000	9.5	0	1528
20000	9.6	0	1519
20000	9.7	0	1547
20000	9.8	0	1443
20000	9.9	0	1459
20000	10	0	1409
20000	10.1	0	1331
20000	10.2	0	1343
20000	10.3	0	1309
20000	10.4	0	1233
20000	10.5	0	1326
20000	10.6	0	1250
20000	10.7	0	1240
20000	10.8	0	1282
20000	10.9	0	1178
20000	11	0	1228
20000	11.1	0	1247
20000	11.2	0	1201
20000	11.3	0	1169
20000	11.4	0	1192
20000	11.5	0	1157
20000	11.6	0	1150
20000	11.7	0	1169
20000	11.8	0	1143
20000	11.9	0	1150
20000	12	0	1163
20000	12.1	0	1161
20000	12.2	0	1153
20000	12.3	0	1084
20000	12.4	0	1119
20000	12.5	0	1203
20000	12.6	0	1211
20000	12.7	0	1173
20000	12.8	0	1169
20000	12.9	0	1194
20000	13	0	1141
20000	13.1	0	1149
20000	13.2	0	1133
20000	13.3	0	1122
20000	13.4	0	1146
20000	13.5	0	1156
20000	13.6	0	1187
20000	13.7	0	1114
20000	13.8	0	1137
20000	13.9	0	1170
20000	14	0	1192
20000	14.1	0	1148
20000	14.2	0	1105
20000	14.3	0	1102
20000	14.4	0	1164
20000	14.5	0	1132
20000	14.6	0	1108
20000	14.7	0	1146
20000	14.8	0	1120
20000	14.9	0	1126
20000	15	0	1146
20000	15.1	0	1160
20000	15.2	0	1130
20000	15.3	0	1159
20000	15.4	0	1068
20000	15.5	0	1053
20000	15.6	0	1146
20000	15.7	0	1197
20000	15.8	0	1172
20000	15.9	0	1134
20000	16	0	1124
20000	16.1	0	1178
20000	16.2	0	1131
20000	16.3	0	1181
20000	16.4	0	1124
20000	16.5	0	1168
20000	16.6	0	1179
20000	16.7	0	1191
20000	16.8	0	1176
20000	16.9	0	1125
20000	17	0	1160
20000	17.1	0	1187
20000	17.2	0	1107
20000	17.3	0	1147
20000	17.4	0	1217
20000	17.5	0	1175
20000	17.6	0	1152
20000	17.7	0	1171
20000	17.8	0	1210
20000	17.9	0	1136
20000	18	0	1285
20000	18.1	0	1143
20000	18.2	0	1116
20000	18.3	0	1149
20000	18.4	0	1167
20000	18.5	0	1178
20000	18.6	0	1125
20000	18.7	0	1123
20000	18.8	0	1214
20000	18.9	0	1099
20000	19	0	1154
20000	19.1	0	1104
20000	19.2	0	1178
20000	19.3	0	1212
20000	19.4	0	1191
20000	19.5	0	1116
20000	19.6	0	1187
20000	19.7	0	1207
20000	19.8	0	1177
20000	19.9	0	1252
