4000	0	0	1091
4000	0.1	0	1125
4000	0.2	0	1116
4000	0.3	0	1121
4000	0.4	0	1165
4000	0.5	0	1262
4000	0.6	0	1257
4000	0.7	0	1329
4000	0.8	0	1467
4000	0.9	0	1571
4000	1	0	1656
4000	1.1	0	1819
4000	1.2	0	2069
4000	1.3	0	2260
4000	1.4	0	2670
4000	1.5	0	2972
4000	1.6	0	3573
4000	1.7	0	4240
4000	1.8	0	5140
4000	1.9	0	6501
4000	2	0	8347
4000	2.1	0	10524
4000	2.2	0	13836
4000	2.3	0	17445
4000	2.4	0	19487
4000	2.5	0	19656
4000	2.6	0	19444
4000	2.7	0	19356
4000	2.8	0	19109
4000	2.9	0	19006
4000	3	0	19365
4000	3.1	0	19306
4000	3.2	0	19345
4000	3.3	0	19421
4000	3.4	0	19224
4000	3.5	0	19281
4000	3.6	0	19699
4000	3.7	0	19181
4000	3.8	0	19690
4000	3.9	0	19359
4000	4	0	19161
4000	4.1	0	19474
4000	4.2	0	19649
4000	4.3	0	19408
4000	4.4	0	19532
4000	4.5	0	19422
4000	4.6	0	19434
4000	4.7	0	19242
4000	4.8	0	19435
4000	4.9	0	19547
4000	5	0	19327
4000	5.1	0	19286
4000	5.2	0	18481
4000	5.3	0	17851
4000	5.4	0	16693
4000	5.5	0	15487
4000	5.6	0	14170
4000	5.7	0	12908
4000	5.8	0	11744
4000	5.9	0	10776
4000	6	0	9847
4000	6.1	0	8985
4000	6.2	0	8171
4000	6.3	0	7538
4000	6.4	0	6845
4000	6.5	0	6095
4000	6.6	0	5734
4000	6.7	0	5312
4000	6.8	0	4898
4000	6.9	0	4672
4000	7	0	4261
4000	7.1	0	4079
4000	7.2	0	3877
4000	7.3	0	3437
4000	7.4	0	3262
4000	7.5	0	3015
4000	7.6	0	2981
4000	7.7	0	2877
4000	7.8	0	2707
4000	7.9	0	2618
4000	8	0	2506
4000	8.1	0	2360
4000	8.2	0	2195
4000	8.3	0	2180
4000	8.4	0	2051
4000	8.5	0	1997
4000	8.6	0	1944
4000	8.7	0	1831
4000	8.8	0	1778
4000	8.9	0	1761
4000	9	0	1748
4000	9.1	0	1583
4000	9.2	0	1534
4000	9.3	0	1505
4000	9.4	0	1473
4000	9.5	0	1452
4000	9.6	0	1423
4000	9.7	0	1381
4000	9.8	0	1397
4000	9.9	0	1268
4000	10	0	1243
4000	10.1	0	1272
4000	10.2	0	1267
4000	10.3	0	1159
4000	10.4	0	1166
4000	10.5	0	1181
4000	10.6	0	1116
4000	10.7	0	1139
4000	10.8	0	1146
4000	10.9	0	1139
4000	11	0	1045
4000	11.1	0	1110
4000	11.2	0	1071
4000	11.3	0	1071
4000	11.4	0	1060
4000	11.5	0	1081
4000	11.6	0	1041
4000	11.7	0	1066
4000	11.8	0	1024
4000	11.9	0	1029
4000	12	0	1064
4000	12.1	0	1029
4000	12.2	0	974
4000	12.3	0	1020
4000	12.4	0	1053
4000	12.5	0	1035
4000	12.6	0	1127
4000	12.7	0	1088
4000	12.8	0	1067
4000	12.9	0	1002
4000	13	0	1052
4000	13.1	0	1020
4000	13.2	0	1053
4000	13.3	0	1046
4000	13.4	0	994
4000	13.5	0	1082
4000	13.6	0	1123
4000	13.7	0	1059
4000	13.8	0	1091
4000	13.9	0	1112
4000	14	0	1085
4000	14.1	0	1036
4000	14.2	0	1006
4000	14.3	0	1117
4000	14.4	0	1056
4000	14.5	0	1032
4000	14.6	0	1051
4000	14.7	0	1027
4000	14.8	0	1092
4000	14.9	0	1132
4000	15	0	1120
4000	15.1	0	1019
4000	15.2	0	1011
4000	15.3	0	1056
4000	15.4	0	1063
4000	15.5	0	1130
4000	15.6	0	1039
4000	15.7	0	1075
4000	15.8	0	999
4000	15.9	0	1051
4000	16	0	1085
4000	16.1	0	1031
4000	16.2	0	1028
4000	16.3	0	1090
4000	16.4	0	1068
4000	16.5	0	1012
4000	16.6	0	1096
4000	16.7	0	981
4000	16.8	0	1041
4000	16.9	0	1125
4000	17	0	1080
4000	17.1	0	1015
4000	17.2	0	1046
4000	17.3	0	1087
4000	17.4	0	1003
4000	17.5	0	1054
4000	17.6	0	1025
4000	17.7	0	1066
4000	17.8	0	1064
4000	17.9	0	1109
4000	18	0	1075
4000	18.1	0	1004
4000	18.2	0	1095
4000	18.3	0	1025
4000	18.4	0	1046
4000	18.5	0	1050
4000	18.6	0	1069
4000	18.7	0	1087
4000	18.8	0	1035
4000	18.9	0	1008
4000	19	0	1075
4000	19.1	0	990
4000	19.2	0	1094
4000	19.3	0	1057
4000	19.4	0	1068
4000	19.5	0	1101
4000	19.6	0	1036
4000	19.7	0	1008
4000	19.8	0	1072
4000	19.9	0	1095
8000	0	0	1078
8000	0.1	0	1070
8000	0.2	0	1079
8000	0.3	0	1199
8000	0.4	0	1165
8000	0.5	0	1214
8000	0.6	0	1306
8000	0.7	0	1380
8000	0.8	0	1355
8000	0.9	0	1511
8000	1	0	1634
8000	1.1	0	1840
8000	1.2	0	2004
8000	1.3	0	2265
8000	1.4	0	2592
8000	1.5	0	2969
8000	1.6	0	3470
8000	1.7	0	4252
8000	1.8	0	5174
8000	1.9	0	6558
8000	2	0	8192
8000	2.1	0	10695
8000	2.2	0	14025
8000	2.3	0	17362
8000	2.4	0	19597
8000	2.5	0	19472
8000	2.6	0	19499
8000	2.7	0	19429
8000	2.8	0	19077
8000	2.9	0	19207
8000	3	0	19545
8000	3.1	0	19322
8000	3.2	0	19344
8000	3.3	0	19432
8000	3.4	0	19511
8000	3.5	0	19447
8000	3.6	0	19425
8000	3.7	0	19729
8000	3.8	0	19327
8000	3.9	0	19736
8000	4	0	19331
8000	4.1	0	19655
8000	4.2	0	19547
8000	4.3	0	19275
8000	4.4	0	19486
8000	4.5	0	19295
8000	4.6	0	19616
8000	4.7	0	19569
8000	4.8	0	19343
8000	4.9	0	19633
8000	5	0	19339
8000	5.1	0	19038
8000	5.2	0	18692
8000	5.3	0	17614
8000	5.4	0	16453
8000	5.5	0	15230
8000	5.6	0	14185
8000	5.7	0	12914
8000	5.8	0	11566
8000	5.9	0	10828
8000	6	0	9901
8000	6.1	0	9042
8000	6.2	0	8123
8000	6.3	0	7439
8000	6.4	0	6779
8000	6.5	0	6360
8000	6.6	0	5881
8000	6.7	0	5339
8000	6.8	0	4971
8000	6.9	0	4670
8000	7	0	4257
8000	7.1	0	3949
8000	7.2	0	3633
8000	7.3	0	3509
8000	7.4	0	3260
8000	7.5	0	3083
8000	7.6	0	2961
8000	7.7	0	2738
8000	7.8	0	2624
8000	7.9	0	2525
8000	8	0	2465
8000	8.1	0	2313
8000	8.2	0	2197
8000	8.3	0	2186
8000	8.4	0	2092
8000	8.5	0	1946
8000	8.6	0	1917
8000	8.7	0	1816
8000	8.8	0	1746
8000	8.9	0	1670
8000	9	0	1642
8000	9.1	0	1657
8000	9.2	0	1573
8000	9.3	0	1506
8000	9.4	0	1466
8000	9.5	0	1470
8000	9.6	0	1364
8000	9.7	0	1356
8000	9.8	0	1294
8000	9.9	0	1347
8000	10	0	1283
8000	10.1	0	1277
8000	10.2	0	1235
8000	10.3	0	1199
8000	10.4	0	1148
8000	10.5	0	1194
8000	10.6	0	1097
8000	10.7	0	1160
8000	10.8	0	1158
8000	10.9	0	1142
8000	11	0	1039
8000	11.1	0	1110
8000	11.2	0	1065
8000	11.3	0	1003
8000	11.4	0	1117
8000	11.5	0	1038
8000	11.6	0	1085
8000	11.7	0	1062
8000	11.8	0	992
8000	11.9	0	1065
8000	12	0	1008
8000	12.1	0	1042
8000	12.2	0	1016
8000	12.3	0	1072
8000	12.4	0	1053
8000	12.5	0	1027
8000	12.6	0	1095
8000	12.7	0	1001
8000	12.8	0	1070
8000	12.9	0	1052
8000	13	0	1080
8000	13.1	0	1041
8000	13.2	0	990
8000	13.3	0	1068
8000	13.4	0	1093
8000	13.5	0	1074
8000	13.6	0	1028
8000	13.7	0	1059
8000	13.8	0	1018
8000	13.9	0	1068
8000	14	0	1036
8000	14.1	0	1059
8000	14.2	0	1022
8000	14.3	0	1087
8000	14.4	0	1041
8000	14.5	0	990
8000	14.6	0	1054
8000	14.7	0	985
8000	14.8	0	1092
8000	14.9	0	1040
8000	15	0	1073
8000	15.1	0	1075
8000	15.2	0	1102
8000	15.3	0	1025
8000	15.4	0	1085
8000	15.5	0	1023
8000	15.6	0	1068
8000	15.7	0	1019
8000	15.8	0	1016
8000	15.9	0	1050
8000	16	0	1030
8000	16.1	0	1058
8000	16.2	0	1060
8000	16.3	0	1100
8000	16.4	0	1034
8000	16.5	0	1126
8000	16.6	0	1058
8000	16.7	0	1065
8000	16.8	0	1032
8000	16.9	0	1062
8000	17	0	1078
8000	17.1	0	1028
8000	17.2	0	1064
8000	17.3	0	1078
8000	17.4	0	1055
8000	17.5	0	1097
8000	17.6	0	1021
8000	17.7	0	1114
8000	17.8	0	1120
8000	17.9	0	1031
8000	18	0	1069
8000	18.1	0	1056
8000	18.2	0	1056
8000	18.3	0	1043
8000	18.4	0	1020
8000	18.5	0	1086
8000	18.6	0	1092
8000	18.7	0	1042
8000	18.8	0	1068
8000	18.9	0	1056
8000	19	0	1065
8000	19.1	0	1097
8000	19.2	0	1091
8000	19.3	0	1057
8000	19.4	0	1017
8000	19.5	0	1011
8000	19.6	0	1071
8000	19.7	0	1077
8000	19.8	0	1087
8000	19.9	0	998
12000	0	0	1102
12000	0.1	0	1038
12000	0.2	0	1020
12000	0.3	0	1107
12000	0.4	0	1176
12000	0.5	0	1268
12000	0.6	0	1237
12000	0.7	0	1389
12000	0.8	0	1458
12000	0.9	0	1519
12000	1	0	1615
12000	1.1	0	1843
12000	1.2	0	1930
12000	1.3	0	2255
12000	1.4	0	2570
12000	1.5	0	2904
12000	1.6	0	3637
12000	1.7	0	4374
12000	1.8	0	5139
12000	1.9	0	6603
12000	2	0	8279
12000	2.1	0	10652
12000	2.2	0	13707
12000	2.3	0	17313
12000	2.4	0	19607
12000	2.5	0	19617
12000	2.6	0	19405
12000	2.7	0	19400
12000	2.8	0	19341
12000	2.9	0	19457
12000	3	0	19277
12000	3.1	0	19518
12000	3.2	0	19338
12000	3.3	0	19388
12000	3.4	0	19246
12000	3.5	0	19180
12000	3.6	0	19455
12000	3.7	0	19426
12000	3.8	0	19544
12000	3.9	0	19377
12000	4	0	19568
12000	4.1	0	19526
12000	4.2	0	19329
12000	4.3	0	19594
12000	4.4	0	19484
12000	4.5	0	19494
12000	4.6	0	19661
12000	4.7	0	19329
12000	4.8	0	19723
12000	4.9	0	19601
12000	5	0	19587
12000	5.1	0	19112
12000	5.2	0	18634
12000	5.3	0	17550
12000	5.4	0	16619
12000	5.5	0	15389
12000	5.6	0	14179
12000	5.7	0	12933
12000	5.8	0	11932
12000	5.9	0	10748
12000	6	0	9835
12000	6.1	0	8694
12000	6.2	0	8021
12000	6.3	0	7425
12000	6.4	0	6852
12000	6.5	0	6279
12000	6.6	0	5742
12000	6.7	0	5230
12000	6.8	0	4981
12000	6.9	0	4646
12000	7	0	4298
12000	7.1	0	4116
12000	7.2	0	3801
12000	7.3	0	3579
12000	7.4	0	3230
12000	7.5	0	3168
12000	7.6	0	2924
12000	7.7	0	2851
12000	7.8	0	2606
12000	7.9	0	2584
12000	8	0	2464
12000	8.1	0	2315
12000	8.2	0	2288
12000	8.3	0	2047
12000	8.4	0	2059
12000	8.5	0	1908
12000	8.6	0	1890
12000	8.7	0	1787
12000	8.8	0	1765
12000	8.9	0	1686
12000	9	0	1679
12000	9.1	0	1624
12000	9.2	0	1605
12000	9.3	0	1551
12000	9.4	0	1532
12000	9.5	0	1432
12000	9.6	0	1423
12000	9.7	0	1330
12000	9.8	0	1316
12000	9.9	0	1325
12000	10	0	1303
12000	10.1	0	1292
12000	10.2	0	1203
12000	10.3	0	1230
12000	10.4	0	1188
12000	10.5	0	1150
12000	10.6	0	1166
12000	10.7	0	1118
12000	10.8	0	1116
12000	10.9	0	1127
12000	11	0	1045
12000	11.1	0	1081
12000	11.2	0	1144
12000	11.3	0	1089
12000	11.4	0	1093
12000	11.5	0	1074
12000	11.6	0	1054
12000	11.7	0	1059
12000	11.8	0	1050
12000	11.9	0	1004
12000	12	0	1049
12000	12.1	0	1058
12000	12.2	0	1019
12000	12.3	0	1046
12000	12.4	0	1055
12000	12.5	0	1072
12000	12.6	0	1061
12000	12.7	0	1036
12000	12.8	0	1029
12000	12.9	0	1038
12000	13	0	1032
12000	13.1	0	1059
12000	13.2	0	1103
12000	13.3	0	1047
12000	13.4	0	1046
12000	13.5	0	1057
12000	13.6	0	1026
12000	13.7	0	1059
12000	13.8	0	1069
12000	13.9	0	1039
12000	14	0	1039
12000	14.1	0	1007
12000	14.2	0	1055
12000	14.3	0	1097
12000	14.4	0	1038
12000	14.5	0	1048
12000	14.6	0	990
12000	14.7	0	1023
12000	14.8	0	1025
12000	14.9	0	1074
12000	15	0	1095
12000	15.1	0	1029
12000	15.2	0	1062
12000	15.3	0	1089
12000	15.4	0	1012
12000	15.5	0	1023
12000	15.6	0	1052
12000	15.7	0	1034
12000	15.8	0	1069
12000	15.9	0	1075
12000	16	0	1015
12000	16.1	0	1123
12000	16.2	0	1058
12000	16.3	0	1021
12000	16.4	0	1041
12000	16.5	0	1086
12000	16.6	0	1052
12000	16.7	0	1090
12000	16.8	0	1029
12000	16.9	0	1027
12000	17	0	1081
12000	17.1	0	999
12000	17.2	0	1101
12000	17.3	0	1053
12000	17.4	0	1090
12000	17.5	0	1058
12000	17.6	0	1022
12000	17.7	0	1057
12000	17.8	0	1020
12000	17.9	0	1009
12000	18	0	962
12000	18.1	0	1048
12000	18.2	0	1043
12000	18.3	0	1053
12000	18.4	0	1037
12000	18.5	0	981
12000	18.6	0	1066
12000	18.7	0	1051
12000	18.8	0	1043
12000	18.9	0	1007
12000	19	0	1084
12000	19.1	0	1078
12000	19.2	0	1056
12000	19.3	0	1047
12000	19.4	0	1047
12000	19.5	0	1034
12000	19.6	0	1069
12000	19.7	0	1021
12000	19.8	0	1070
12000	19.9	0	1058
16000	0	0	1045
16000	0.1	0	996
16000	0.2	0	1018
16000	0.3	0	1112
16000	0.4	0	1068
16000	0.5	0	1183
16000	0.6	0	1251
16000	0.7	0	1313
16000	0.8	0	1452
16000	0.9	0	1554
16000	1	0	1632
16000	1.1	0	1864
16000	1.2	0	2094
16000	1.3	0	2262
16000	1.4	0	2658
16000	1.5	0	3009
16000	1.6	0	3529
16000	1.7	0	4225
16000	1.8	0	5094
16000	1.9	0	6486
16000	2	0	8200
16000	2.1	0	10831
16000	2.2	0	13817
16000	2.3	0	17351
16000	2.4	0	19831
16000	2.5	0	19766
16000	2.6	0	19574
16000	2.7	0	19112
16000	2.8	0	19393
16000	2.9	0	19229
16000	3	0	19473
16000	3.1	0	19344
16000	3.2	0	19601
16000	3.3	0	19538
16000	3.4	0	19431
16000	3.5	0	19469
16000	3.6	0	19304
16000	3.7	0	19359
16000	3.8	0	19695
16000	3.9	0	19513
16000	4	0	19472
16000	4.1	0	19346
16000	4.2	0	19625
16000	4.3	0	19421
16000	4.4	0	19603
16000	4.5	0	19563
16000	4.6	0	19479
16000	4.7	0	19503
16000	4.8	0	19423
16000	4.9	0	19138
16000	5	0	19443
16000	5.1	0	19263
16000	5.2	0	18501
16000	5.3	0	17667
16000	5.4	0	16491
16000	5.5	0	15178
16000	5.6	0	14236
16000	5.7	0	12986
16000	5.8	0	11892
16000	5.9	0	10859
16000	6	0	9730
16000	6.1	0	8822
16000	6.2	0	8201
16000	6.3	0	7502
16000	6.4	0	6693
16000	6.5	0	6261
16000	6.6	0	5806
16000	6.7	0	5314
16000	6.8	0	4996
16000	6.9	0	4560
16000	7	0	4362
16000	7.1	0	3929
16000	7.2	0	3805
16000	7.3	0	3553
16000	7.4	0	3327
16000	7.5	0	3135
16000	7.6	0	2932
16000	7.7	0	2842
16000	7.8	0	2734
16000	7.9	0	2435
16000	8	0	2449
16000	8.1	0	2335
16000	8.2	0	2160
16000	8.3	0	2123
16000	8.4	0	2072
16000	8.5	0	1913
16000	8.6	0	1790
16000	8.7	0	1879
16000	8.8	0	1783
16000	8.9	0	1671
16000	9	0	1587
16000	9.1	0	1606
16000	9.2	0	1601
16000	9.3	0	1538
16000	9.4	0	1483
16000	9.5	0	1460
16000	9.6	0	1414
16000	9.7	0	1410
16000	9.8	0	1301
16000	9.9	0	1287
16000	10	0	1283
16000	10.1	0	1273
16000	10.2	0	1267
16000	10.3	0	1199
16000	10.4	0	1165
16000	10.5	0	1135
16000	10.6	0	1130
16000	10.7	0	1169
16000	10.8	0	1071
16000	10.9	0	1093
16000	11	0	1090
16000	11.1	0	1121
16000	11.2	0	1058
16000	11.3	0	1105
16000	11.4	0	1018
16000	11.5	0	1026
16000	11.6	0	1003
16000	11.7	0	1053
16000	11.8	0	1018
16000	11.9	0	1037
16000	12	0	1071
16000	12.1	0	1043
16000	12.2	0	978
16000	12.3	0	1070
16000	12.4	0	1035
16000	12.5	0	1045
16000	12.6	0	1020
16000	12.7	0	1024
16000	12.8	0	1091
16000	12.9	0	1041
16000	13	0	1033
16000	13.1	0	1007
16000	13.2	0	1138
16000	13.3	0	1096
16000	13.4	0	1068
16000	13.5	0	1095
16000	13.6	0	1034
16000	13.7	0	1026
16000	13.8	0	1035
16000	13.9	0	1069
16000	14	0	1062
16000	14.1	0	1031
16000	14.2	0	1014
16000	14.3	0	1049
16000	14.4	0	1062
16000	14.5	0	1058
16000	14.6	0	1048
16000	14.7	0	1022
16000	14.8	0	1076
16000	14.9	0	1075
16000	15	0	1057
16000	15.1	0	1124
16000	15.2	0	1110
16000	15.3	0	1041
16000	15.4	0	1051
16000	15.5	0	1027
16000	15.6	0	1010
16000	15.7	0	1060
16000	15.8	0	1111
16000	15.9	0	1083
16000	16	0	1064
16000	16.1	0	996
16000	16.2	0	1061
16000	16.3	0	1061
16000	16.4	0	1042
16000	16.5	0	1016
16000	16.6	0	1043
16000	16.7	0	1028
16000	16.8	0	1013
16000	16.9	0	989
16000	17	0	1063
16000	17.1	0	1112
16000	17.2	0	990
16000	17.3	0	1028
16000	17.4	0	984
16000	17.5	0	1037
16000	17.6	0	1068
16000	17.7	0	1043
16000	17.8	0	1072
16000	17.9	0	1084
16000	18	0	1039
16000	18.1	0	1073
16000	18.2	0	1052
16000	18.3	0	1049
16000	18.4	0	1071
16000	18.5	0	1052
16000	18.6	0	1073
16000	18.7	0	1100
16000	18.8	0	1061
16000	18.9	0	1039
16000	19	0	1092
16000	19.1	0	994
16000	19.2	0	1007
16000	19.3	0	1075
16000	19.4	0	1049
16000	19.5	0	1024
16000	19.6	0	1074
16000	19.7	0	1077
16000	19.8	0	1065
16000	19.9	0	1070
20000	0	0	1049
20000	0.1	0	1064
20000	0.2	0	1094
20000	0.3	0	1096
20000	0.4	0	1129
20000	0.5	0	1199
20000	0.6	0	1263
20000	0.7	0	1342
20000	0.8	0	1431
20000	0.9	0	1461
20000	1	0	1595
20000	1.1	0	1865
20000	1.2	0	2062
20000	1.3	0	2254
20000	1.4	0	2506
20000	1.5	0	2938
20000	1.6	0	3513
20000	1.7	0	4333
20000	1.8	0	5257
20000	1.9	0	6376
20000	2	0	8322
20000	2.1	0	10995
20000	2.2	0	13908
20000	2.3	0	17433
20000	2.4	0	19453
20000	2.5	0	19958
20000	2.6	0	19463
20000	2.7	0	19197
20000	2.8	0	19411
20000	2.9	0	19331
20000	3	0	19190
20000	3.1	0	19433
20000	3.2	0	19319
20000	3.3	0	19453
20000	3.4	0	19399
20000	3.5	0	19290
20000	3.6	0	19429
20000	3.7	0	19272
20000	3.8	0	19595
20000	3.9	0	19518
20000	4	0	19454
20000	4.1	0	19676
20000	4.2	0	19483
20000	4.3	0	19438
20000	4.4	0	19574
20000	4.5	0	19307
20000	4.6	0	19315
20000	4.7	0	19429
20000	4.8	0	19447
20000	4.9	0	19397
20000	5	0	19433
20000	5.1	0	19097
20000	5.2	0	18428
20000	5.3	0	17563
20000	5.4	0	16614
20000	5.5	0	15415
20000	5.6	0	14114
20000	5.7	0	12920
20000	5.8	0	11814
20000	5.9	0	10960
20000	6	0	9772
20000	6.1	0	9007
20000	6.2	0	8177
20000	6.3	0	7550
20000	6.4	0	6770
20000	6.5	0	6259
20000	6.6	0	5760
20000	6.7	0	5445
20000	6.8	0	5013
20000	6.9	0	4687
20000	7	0	4358
20000	7.1	0	3941
20000	7.2	0	3768
20000	7.3	0	3452
20000	7.4	0	3386
20000	7.5	0	3084
20000	7.6	0	3029
20000	7.7	0	2769
20000	7.8	0	2694
20000	7.9	0	2553
20000	8	0	2425
20000	8.1	0	2350
20000	8.2	0	2222
20000	8.3	0	2111
20000	8.4	0	2078
20000	8.5	0	2026
20000	8.6	0	1910
20000	8.7	0	1849
20000	8.8	0	1729
20000	8.9	0	1758
20000	9	0	1767
20000	9.1	0	1605
20000	9.2	0	1535
20000	9.3	0	1516
20000	9.4	0	1460
20000	9.5	0	1465
20000	9.6	0	1463
20000	9.7	0	1368
20000	9.8	0	1311
20000	9.9	0	1280
20000	10	0	1348
20000	10.1	0	1291
20000	10.2	0	1313
20000	10.3	0	1257
20000	10.4	0	1191
20000	10.5	0	1196
20000	10.6	0	1142
20000	10.7	0	1224
20000	10.8	0	1049
20000	10.9	0	1123
20000	11	0	1072
20000	11.1	0	1079
20000	11.2	0	1055
20000	11.3	0	1074
20000	11.4	0	1028
20000	11.5	0	1024
20000	11.6	0	1051
20000	11.7	0	1020
20000	11.8	0	1050
20000	11.9	0	1012
20000	12	0	1038
20000	12.1	0	1029
20000	12.2	0	1056
20000	12.3	0	1027
20000	12.4	0	1027
20000	12.5	0	1085
20000	12.6	0	1023
20000	12.7	0	1024
20000	12.8	0	1001
20000	12.9	0	995
20000	13	0	1005
20000	13.1	0	1013
20000	13.2	0	1124
20000	13.3	0	1043
20000	13.4	0	1068
20000	13.5	0	1066
20000	13.6	0	1045
20000	13.7	0	1018
20000	13.8	0	1084
20000	13.9	0	1072
20000	14	0	1072
20000	14.1	0	1030
20000	14.2	0	1048
20000	14.3	0	1023
20000	14.4	0	1031
20000	14.5	0	1000
20000	14.6	0	1094
20000	14.7	0	1055
20000	14.8	0	1019
20000	14.9	0	1011
20000	15	0	1057
20000	15.1	0	1014
20000	15.2	0	1083
20000	15.3	0	1020
20000	15.4	0	1034
20000	15.5	0	995
20000	15.6	0	1024
20000	15.7	0	1065
20000	15.8	0	1030
20000	15.9	0	1046
20000	16	0	1021
20000	16.1	0	1097
20000	16.2	0	1062
20000	16.3	0	1017
20000	16.4	0	1020
20000	16.5	0	992
20000	16.6	0	1055
20000	16.7	0	1043
20000	16.8	0	1077
20000	16.9	0	1075
20000	17	0	1033
20000	17.1	0	1012
20000	17.2	0	1111
20000	17.3	0	1007
20000	17.4	0	1046
20000	17.5	0	1019
20000	17.6	0	1077
20000	17.7	0	1025
20000	17.8	0	1063
20000	17.9	0	1112
20000	18	0	1030
20000	18.1	0	1002
20000	18.2	0	1085
20000	18.3	0	1009
20000	18.4	0	1085
20000	18.5	0	1037
20000	18.6	0	1105
20000	18.7	0	1071
20000	18.8	0	1065
20000	18.9	0	1038
20000	19	0	1104
20000	19.1	0	1003
20000	19.2	0	1066
20000	19.3	0	1053
20000	19.4	0	1065
20000	19.5	0	1032
20000	19.6	0	1093
20000	19.7	0	1046
20000	19.8	0	1046
20000	19.9	0	1032
