4000	0	0	1179
4000	0.1	0	1175
4000	0.2	0	1243
4000	0.3	0	1281
4000	0.4	0	1320
4000	0.5	0	1474
4000	0.6	0	1523
4000	0.7	0	1541
4000	0.8	0	1751
4000	0.9	0	1920
4000	1	0	1977
4000	1.1	0	2338
4000	1.2	0	2722
4000	1.3	0	3066
4000	1.4	0	3854
4000	1.5	0	4533
4000	1.6	0	5442
4000	1.7	0	6866
4000	1.8	0	8500
4000	1.9	0	10555
4000	2	0	12668
4000	2.1	0	15239
4000	2.2	0	17267
4000	2.3	0	18338
4000	2.4	0	17688
4000	2.5	0	16559
4000	2.6	0	16264
4000	2.7	0	16502
4000	2.8	0	16882
4000	2.9	0	16628
4000	3	0	17272
4000	3.1	0	17355
4000	3.2	0	17117
4000	3.3	0	17312
4000	3.4	0	17205
4000	3.5	0	17113
4000	3.6	0	17272
4000	3.7	0	17272
4000	3.8	0	17140
4000	3.9	0	17213
4000	4	0	17216
4000	4.1	0	17423
4000	4.2	0	17344
4000	4.3	0	17000
4000	4.4	0	17167
4000	4.5	0	17269
4000	4.6	0	17085
4000	4.7	0	16920
4000	4.8	0	16771
4000	4.9	0	16858
4000	5	0	17175
4000	5.1	0	16777
4000	5.2	0	16561
4000	5.3	0	16182
4000	5.4	0	15907
4000	5.5	0	15258
4000	5.6	0	14776
4000	5.7	0	13937
4000	5.8	0	13273
4000	5.9	0	12472
4000	6	0	11525
4000	6.1	0	10783
4000	6.2	0	9921
4000	6.3	0	8978
4000	6.4	0	8531
4000	6.5	0	7687
4000	6.6	0	6957
4000	6.7	0	6499
4000	6.8	0	5976
4000	6.9	0	5455
4000	7	0	5138
4000	7.1	0	4681
4000	7.2	0	4215
4000	7.3	0	4097
4000	7.4	0	3851
4000	7.5	0	3683
4000	7.6	0	3339
4000	7.7	0	3172
4000	7.8	0	3015
4000	7.9	0	2892
4000	8	0	2682
4000	8.1	0	2589
4000	8.2	0	2497
4000	8.3	0	2325
4000	8.4	0	2280
4000	8.5	0	2182
4000	8.6	0	2039
4000	8.7	0	2011
4000	8.8	0	2011
4000	8.9	0	1835
4000	9	0	1830
4000	9.1	0	1674
4000	9.2	0	1633
4000	9.3	0	1695
4000	9.4	0	1677
4000	9.5	0	1531
4000	9.6	0	1474
4000	9.7	0	1463
4000	9.8	0	1541
4000	9.9	0	1423
4000	10	0	1411
4000	10.1	0	1386
4000	10.2	0	1376
4000	10.3	0	1281
4000	10.4	0	1341
4000	10.5	0	1242
4000	10.6	0	1284
4000	10.7	0	1258
4000	10.8	0	1268
4000	10.9	0	1182
4000	11	0	1225
4000	11.1	0	1245
4000	11.2	0	1199
4000	11.3	0	1155
4000	11.4	0	1221
4000	11.5	0	1120
4000	11.6	0	1164
4000	11.7	0	1151
4000	11.8	0	1218
4000	11.9	0	1090
4000	12	0	1144
4000	12.1	0	1193
4000	12.2	0	1173
4000	12.3	0	1188
4000	12.4	0	1125
4000	12.5	0	1127
4000	12.6	0	1101
4000	12.7	0	1164
4000	12.8	0	1144
4000	12.9	0	1150
4000	13	0	1140
4000	13.1	0	1090
4000	13.2	0	1158
4000	13.3	0	1132
4000	13.4	0	1138
4000	13.5	0	1131
4000	13.6	0	1155
4000	13.7	0	1129
4000	13.8	0	1078
4000	13.9	0	1163
4000	14	0	1140
4000	14.1	0	1182
4000	14.2	0	1163
4000	14.3	0	1084
4000	14.4	0	1157
4000	14.5	0	1128
4000	14.6	0	1140
4000	14.7	0	1148
4000	14.8	0	1170
4000	14.9	0	1213
4000	15	0	1166
4000	15.1	0	1142
4000	15.2	0	1112
4000	15.3	0	1146
4000	15.4	0	1130
4000	15.5	0	1173
4000	15.6	0	1172
4000	15.7	0	1135
4000	15.8	0	1128
4000	15.9	0	1197
4000	16	0	1159
4000	16.1	0	1097
4000	16.2	0	1143
4000	16.3	0	1113
4000	16.4	0	1152
4000	16.5	0	1112
4000	16.6	0	1218
4000	16.7	0	1112
4000	16.8	0	1149
4000	16.9	0	1224
4000	17	0	1200
4000	17.1	0	1182
4000	17.2	0	1118
4000	17.3	0	1126
4000	17.4	0	1243
4000	17.5	0	1164
4000	17.6	0	1132
4000	17.7	0	1095
4000	17.8	0	1188
4000	17.9	0	1142
4000	18	0	1146
4000	18.1	0	1155
4000	18.2	0	1114
4000	18.3	0	1189
4000	18.4	0	1158
4000	18.5	0	1160
4000	18.6	0	1209
4000	18.7	0	1158
4000	18.8	0	1160
4000	18.9	0	1115
4000	19	0	1195
4000	19.1	0	1230
4000	19.2	0	1127
4000	19.3	0	1225
4000	19.4	0	1246
4000	19.5	0	1224
4000	19.6	0	1202
4000	19.7	0	1156
4000	19.8	0	1171
4000	19.9	0	1201
8000	0	0	1247
8000	0.1	0	1195
8000	0.2	0	1250
8000	0.3	0	1280
8000	0.4	0	1324
8000	0.5	0	1409
8000	0.6	0	1529
8000	0.7	0	1652
8000	0.8	0	1840
8000	0.9	0	1830
8000	1	0	2104
8000	1.1	0	2363
8000	1.2	0	2542
8000	1.3	0	3253
8000	1.4	0	3704
8000	1.5	0	4498
8000	1.6	0	5490
8000	1.7	0	6754
8000	1.8	0	8436
8000	1.9	0	10556
8000	2	0	12790
8000	2.1	0	15017
8000	2.2	0	17368
8000	2.3	0	18433
8000	2.4	0	17769
8000	2.5	0	16572
8000	2.6	0	16337
8000	2.7	0	16344
8000	2.8	0	16686
8000	2.9	0	16955
8000	3	0	17076
8000	3.1	0	17080
8000	3.2	0	17332
8000	3.3	0	17112
8000	3.4	0	17151
8000	3.5	0	17225
8000	3.6	0	17103
8000	3.7	0	17293
8000	3.8	0	17227
8000	3.9	0	17274
8000	4	0	17320
8000	4.1	0	17017
8000	4.2	0	17432
8000	4.3	0	17166
8000	4.4	0	17118
8000	4.5	0	17166
8000	4.6	0	16975
8000	4.7	0	16938
8000	4.8	0	16954
8000	4.9	0	16803
8000	5	0	16964
8000	5.1	0	16988
8000	5.2	0	16649
8000	5.3	0	16433
8000	5.4	0	15804
8000	5.5	0	15246
8000	5.6	0	14653
8000	5.7	0	14065
8000	5.8	0	13249
8000	5.9	0	12386
8000	6	0	11632
8000	6.1	0	10722
8000	6.2	0	10096
8000	6.3	0	9325
8000	6.4	0	8471
8000	6.5	0	7679
8000	6.6	0	7071
8000	6.7	0	6430
8000	6.8	0	5970
8000	6.9	0	5447
8000	7	0	5014
8000	7.1	0	4695
8000	7.2	0	4422
8000	7.3	0	4064
8000	7.4	0	3796
8000	7.5	0	3714
8000	7.6	0	3492
8000	7.7	0	3122
8000	7.8	0	2955
8000	7.9	0	2761
8000	8	0	2651
8000	8.1	0	2645
8000	8.2	0	2477
8000	8.3	0	2387
8000	8.4	0	2229
8000	8.5	0	2167
8000	8.6	0	2185
8000	8.7	0	2003
8000	8.8	0	1954
8000	8.9	0	1798
8000	9	0	1780
8000	9.1	0	1762
8000	9.2	0	1670
8000	9.3	0	1649
8000	9.4	0	1618
8000	9.5	0	1596
8000	9.6	0	1511
8000	9.7	0	1546
8000	9.8	0	1465
8000	9.9	0	1386
8000	10	0	1443
8000	10.1	0	1371
8000	10.2	0	1326
8000	10.3	0	1354
8000	10.4	0	1381
8000	10.5	0	1277
8000	10.6	0	1308
8000	10.7	0	1262
8000	10.8	0	1208
8000	10.9	0	1275
8000	11	0	1179
8000	11.1	0	1200
8000	11.2	0	1186
8000	11.3	0	1227
8000	11.4	0	1122
8000	11.5	0	1175
8000	11.6	0	1150
8000	11.7	0	1102
8000	11.8	0	1154
8000	11.9	0	1181
8000	12	0	1139
8000	12.1	0	1101
8000	12.2	0	1139
8000	12.3	0	1113
8000	12.4	0	1110
8000	12.5	0	1171
8000	12.6	0	1108
8000	12.7	0	1211
8000	12.8	0	1118
8000	12.9	0	1142
8000	13	0	1154
8000	13.1	0	1127
8000	13.2	0	1200
8000	13.3	0	1114
8000	13.4	0	1214
8000	13.5	0	1114
8000	13.6	0	1111
8000	13.7	0	1132
8000	13.8	0	1137
8000	13.9	0	1155
8000	14	0	1117
8000	14.1	0	1158
8000	14.2	0	1163
8000	14.3	0	1137
8000	14.4	0	1134
8000	14.5	0	1136
8000	14.6	0	1137
8000	14.7	0	1104
8000	14.8	0	1155
8000	14.9	0	1144
8000	15	0	1105
8000	15.1	0	1129
8000	15.2	0	1198
8000	15.3	0	1135
8000	15.4	0	1139
8000	15.5	0	1132
8000	15.6	0	1104
8000	15.7	0	1194
8000	15.8	0	1142
8000	15.9	0	1124
8000	16	0	1156
8000	16.1	0	1155
8000	16.2	0	1146
8000	16.3	0	1192
8000	16.4	0	1219
8000	16.5	0	1143
8000	16.6	0	1122
8000	16.7	0	1121
8000	16.8	0	1131
8000	16.9	0	1136
8000	17	0	1188
8000	17.1	0	1101
8000	17.2	0	1173
8000	17.3	0	1160
8000	17.4	0	1113
8000	17.5	0	1168
8000	17.6	0	1146
8000	17.7	0	1142
8000	17.8	0	1175
8000	17.9	0	1163
8000	18	0	1117
8000	18.1	0	1203
8000	18.2	0	1168
8000	18.3	0	1172
8000	18.4	0	1123
8000	18.5	0	1157
8000	18.6	0	1127
8000	18.7	0	1262
8000	18.8	0	1145
8000	18.9	0	1160
8000	19	0	1214
8000	19.1	0	1200
8000	19.2	0	1150
8000	19.3	0	1202
8000	19.4	0	1173
8000	19.5	0	1091
8000	19.6	0	1150
8000	19.7	0	1204
8000	19.8	0	1177
8000	19.9	0	1194
12000	0	0	1256
12000	0.1	0	1283
12000	0.2	0	1226
12000	0.3	0	1273
12000	0.4	0	1332
12000	0.5	0	1413
12000	0.6	0	1462
12000	0.7	0	1572
12000	0.8	0	1677
12000	0.9	0	1833
12000	1	0	2074
12000	1.1	0	2421
12000	1.2	0	2707
12000	1.3	0	3196
12000	1.4	0	3701
12000	1.5	0	4444
12000	1.6	0	5369
12000	1.7	0	6830
12000	1.8	0	8513
12000	1.9	0	10493
12000	2	0	12885
12000	2.1	0	15094
12000	2.2	0	17206
12000	2.3	0	18168
12000	2.4	0	17837
12000	2.5	0	16590
12000	2.6	0	16227
12000	2.7	0	16490
12000	2.8	0	16706
12000	2.9	0	16905
12000	3	0	17157
12000	3.1	0	17378
12000	3.2	0	17226
12000	3.3	0	16992
12000	3.4	0	17159
12000	3.5	0	17220
12000	3.6	0	17288
12000	3.7	0	17213
12000	3.8	0	17216
12000	3.9	0	17059
12000	4	0	17486
12000	4.1	0	17328
12000	4.2	0	17240
12000	4.3	0	16978
12000	4.4	0	17078
12000	4.5	0	17119
12000	4.6	0	17169
12000	4.7	0	16987
12000	4.8	0	16849
12000	4.9	0	16985
12000	5	0	16943
12000	5.1	0	16837
12000	5.2	0	16632
12000	5.3	0	16319
12000	5.4	0	15677
12000	5.5	0	15418
12000	5.6	0	14692
12000	5.7	0	14030
12000	5.8	0	13464
12000	5.9	0	12390
12000	6	0	11523
12000	6.1	0	10857
12000	6.2	0	9856
12000	6.3	0	8998
12000	6.4	0	8339
12000	6.5	0	7763
12000	6.6	0	7027
12000	6.7	0	6465
12000	6.8	0	6024
12000	6.9	0	5351
12000	7	0	5050
12000	7.1	0	4711
12000	7.2	0	4404
12000	7.3	0	4102
12000	7.4	0	3855
12000	7.5	0	3645
12000	7.6	0	3327
12000	7.7	0	3264
12000	7.8	0	3044
12000	7.9	0	2918
12000	8	0	2835
12000	8.1	0	2567
12000	8.2	0	2473
12000	8.3	0	2516
12000	8.4	0	2276
12000	8.5	0	2196
12000	8.6	0	2119
12000	8.7	0	2064
12000	8.8	0	1985
12000	8.9	0	1855
12000	9	0	1862
12000	9.1	0	1736
12000	9.2	0	1768
12000	9.3	0	1628
12000	9.4	0	1591
12000	9.5	0	1551
12000	9.6	0	1536
12000	9.7	0	1542
12000	9.8	0	1504
12000	9.9	0	1399
12000	10	0	1415
12000	10.1	0	1330
12000	10.2	0	1397
12000	10.3	0	1305
12000	10.4	0	1314
12000	10.5	0	1217
12000	10.6	0	1259
12000	10.7	0	1196
12000	10.8	0	1237
12000	10.9	0	1187
12000	11	0	1217
12000	11.1	0	1239
12000	11.2	0	1199
12000	11.3	0	1212
12000	11.4	0	1162
12000	11.5	0	1121
12000	11.6	0	1159
12000	11.7	0	1111
12000	11.8	0	1158
12000	11.9	0	1107
12000	12	0	1118
12000	12.1	0	1152
12000	12.2	0	1181
12000	12.3	0	1151
12000	12.4	0	1176
12000	12.5	0	1129
12000	12.6	0	1124
12000	12.7	0	1094
12000	12.8	0	1194
12000	12.9	0	1180
12000	13	0	1147
12000	13.1	0	1115
12000	13.2	0	1153
12000	13.3	0	1121
12000	13.4	0	1148
12000	13.5	0	1116
12000	13.6	0	1125
12000	13.7	0	1134
12000	13.8	0	1086
12000	13.9	0	1166
12000	14	0	1120
12000	14.1	0	1137
12000	14.2	0	1057
12000	14.3	0	1091
12000	14.4	0	1133
12000	14.5	0	1179
12000	14.6	0	1139
12000	14.7	0	1117
12000	14.8	0	1195
12000	14.9	0	1205
12000	15	0	1106
12000	15.1	0	1108
12000	15.2	0	1204
12000	15.3	0	1186
12000	15.4	0	1196
12000	15.5	0	1128
12000	15.6	0	1135
12000	15.7	0	1151
12000	15.8	0	1146
12000	15.9	0	1176
12000	16	0	1154
12000	16.1	0	1180
12000	16.2	0	1180
12000	16.3	0	1162
12000	16.4	0	1129
12000	16.5	0	1133
12000	16.6	0	1142
12000	16.7	0	1127
12000	16.8	0	1101
12000	16.9	0	1103
12000	17	0	1091
12000	17.1	0	1124
12000	17.2	0	1154
12000	17.3	0	1192
12000	17.4	0	1163
12000	17.5	0	1191
12000	17.6	0	1129
12000	17.7	0	1171
12000	17.8	0	1144
12000	17.9	0	1182
12000	18	0	1153
12000	18.1	0	1171
12000	18.2	0	1179
12000	18.3	0	1188
12000	18.4	0	1137
12000	18.5	0	1120
12000	18.6	0	1189
12000	18.7	0	1264
12000	18.8	0	1162
12000	18.9	0	1158
12000	19	0	1204
12000	19.1	0	1143
12000	19.2	0	1173
12000	19.3	0	1200
12000	19.4	0	1151
12000	19.5	0	1182
12000	19.6	0	1151
12000	19.7	0	1172
12000	19.8	0	1244
12000	19.9	0	1208
16000	0	0	1212
16000	0.1	0	1252
16000	0.2	0	1280
16000	0.3	0	1339
16000	0.4	0	1367
16000	0.5	0	1422
16000	0.6	0	1522
16000	0.7	0	1563
16000	0.8	0	1765
16000	0.9	0	1893
16000	1	0	2109
16000	1.1	0	2415
16000	1.2	0	2707
16000	1.3	0	3125
16000	1.4	0	3742
16000	1.5	0	4564
16000	1.6	0	5612
16000	1.7	0	6770
16000	1.8	0	8293
16000	1.9	0	10496
16000	2	0	12769
16000	2.1	0	15083
16000	2.2	0	17172
16000	2.3	0	18336
16000	2.4	0	17765
16000	2.5	0	16373
16000	2.6	0	16310
16000	2.7	0	16558
16000	2.8	0	16712
16000	2.9	0	16963
16000	3	0	17026
16000	3.1	0	17301
16000	3.2	0	17018
16000	3.3	0	17328
16000	3.4	0	17220
16000	3.5	0	17093
16000	3.6	0	17161
16000	3.7	0	17244
16000	3.8	0	17270
16000	3.9	0	17090
16000	4	0	17245
16000	4.1	0	17169
16000	4.2	0	17381
16000	4.3	0	17072
16000	4.4	0	17055
16000	4.5	0	17244
16000	4.6	0	17208
16000	4.7	0	16747
16000	4.8	0	16920
16000	4.9	0	16793
16000	5	0	16962
16000	5.1	0	16872
16000	5.2	0	16684
16000	5.3	0	16198
16000	5.4	0	15750
16000	5.5	0	15560
16000	5.6	0	14637
16000	5.7	0	14048
16000	5.8	0	13157
16000	5.9	0	12498
16000	6	0	11582
16000	6.1	0	10794
16000	6.2	0	9995
16000	6.3	0	9122
16000	6.4	0	8546
16000	6.5	0	7568
16000	6.6	0	6934
16000	6.7	0	6517
16000	6.8	0	5782
16000	6.9	0	5550
16000	7	0	5118
16000	7.1	0	4725
16000	7.2	0	4424
16000	7.3	0	4054
16000	7.4	0	3795
16000	7.5	0	3678
16000	7.6	0	3352
16000	7.7	0	3250
16000	7.8	0	3133
16000	7.9	0	2914
16000	8	0	2712
16000	8.1	0	2728
16000	8.2	0	2521
16000	8.3	0	2444
16000	8.4	0	2219
16000	8.5	0	2090
16000	8.6	0	2074
16000	8.7	0	2048
16000	8.8	0	1878
16000	8.9	0	1922
16000	9	0	1821
16000	9.1	0	1810
16000	9.2	0	1682
16000	9.3	0	1665
16000	9.4	0	1653
16000	9.5	0	1502
16000	9.6	0	1515
16000	9.7	0	1533
16000	9.8	0	1429
16000	9.9	0	1470
16000	10	0	1443
16000	10.1	0	1420
16000	10.2	0	1336
16000	10.3	0	1352
16000	10.4	0	1285
16000	10.5	0	1286
16000	10.6	0	1284
16000	10.7	0	1184
16000	10.8	0	1258
16000	10.9	0	1215
16000	11	0	1176
16000	11.1	0	1173
16000	11.2	0	1230
16000	11.3	0	1169
16000	11.4	0	1167
16000	11.5	0	1182
16000	11.6	0	1098
16000	11.7	0	1124
16000	11.8	0	1159
16000	11.9	0	1153
16000	12	0	1163
16000	12.1	0	1160
16000	12.2	0	1109
16000	12.3	0	1156
16000	12.4	0	1134
16000	12.5	0	1112
16000	12.6	0	1129
16000	12.7	0	1203
16000	12.8	0	1231
16000	12.9	0	1152
16000	13	0	1166
16000	13.1	0	1118
16000	13.2	0	1098
16000	13.3	0	1151
16000	13.4	0	1129
16000	13.5	0	1121
16000	13.6	0	1151
16000	13.7	0	1145
16000	13.8	0	1104
16000	13.9	0	1159
16000	14	0	1129
16000	14.1	0	1186
16000	14.2	0	1125
16000	14.3	0	1171
16000	14.4	0	1180
16000	14.5	0	1114
16000	14.6	0	1176
16000	14.7	0	1148
16000	14.8	0	1142
16000	14.9	0	1080
16000	15	0	1107
16000	15.1	0	1161
16000	15.2	0	1125
16000	15.3	0	1112
16000	15.4	0	1151
16000	15.5	0	1124
16000	15.6	0	1202
16000	15.7	0	1117
16000	15.8	0	1186
16000	15.9	0	1142
16000	16	0	1138
16000	16.1	0	1148
16000	16.2	0	1188
16000	16.3	0	1198
16000	16.4	0	1127
16000	16.5	0	1142
16000	16.6	0	1126
16000	16.7	0	1153
16000	16.8	0	1156
16000	16.9	0	1132
16000	17	0	1102
16000	17.1	0	1145
16000	17.2	0	1144
16000	17.3	0	1151
16000	17.4	0	1199
16000	17.5	0	1144
16000	17.6	0	1151
16000	17.7	0	1136
16000	17.8	0	1138
16000	17.9	0	1124
16000	18	0	1180
16000	18.1	0	1149
16000	18.2	0	1176
16000	18.3	0	1168
16000	18.4	0	1154
16000	18.5	0	1103
16000	18.6	0	1187
16000	18.7	0	1156
16000	18.8	0	1194
16000	18.9	0	1174
16000	19	0	1183
16000	19.1	0	1177
16000	19.2	0	1189
16000	19.3	0	1171
16000	19.4	0	1177
16000	19.5	0	1216
16000	19.6	0	1229
16000	19.7	0	1241
16000	19.8	0	1218
16000	19.9	0	1164
20000	0	0	1215
20000	0.1	0	1211
20000	0.2	0	1248
20000	0.3	0	1308
20000	0.4	0	1317
20000	0.5	0	1396
20000	0.6	0	1461
20000	0.7	0	1603
20000	0.8	0	1686
20000	0.9	0	1880
20000	1	0	2121
20000	1.1	0	2348
20000	1.2	0	2688
20000	1.3	0	3158
20000	1.4	0	3724
20000	1.5	0	4449
20000	1.6	0	5560
20000	1.7	0	6717
20000	1.8	0	8454
20000	1.9	0	10454
20000	2	0	12911
20000	2.1	0	15076
20000	2.2	0	17341
20000	2.3	0	18208
20000	2.4	0	17913
20000	2.5	0	16496
20000	2.6	0	16325
20000	2.7	0	16414
20000	2.8	0	16773
20000	2.9	0	17046
20000	3	0	17177
20000	3.1	0	17120
20000	3.2	0	17171
20000	3.3	0	17155
20000	3.4	0	17192
20000	3.5	0	17182
20000	3.6	0	17249
20000	3.7	0	17359
20000	3.8	0	17126
20000	3.9	0	17400
20000	4	0	17208
20000	4.1	0	17367
20000	4.2	0	17050
20000	4.3	0	17106
20000	4.4	0	17407
20000	4.5	0	17248
20000	4.6	0	17054
20000	4.7	0	16796
20000	4.8	0	16930
20000	4.9	0	16932
20000	5	0	16926
20000	5.1	0	17004
20000	5.2	0	16742
20000	5.3	0	16024
20000	5.4	0	15703
20000	5.5	0	15355
20000	5.6	0	14714
20000	5.7	0	14171
20000	5.8	0	13360
20000	5.9	0	12342
20000	6	0	11514
20000	6.1	0	10627
20000	6.2	0	9914
20000	6.3	0	9115
20000	6.4	0	8400
20000	6.5	0	7663
20000	6.6	0	6901
20000	6.7	0	6494
20000	6.8	0	6066
20000	6.9	0	5549
20000	7	0	5121
20000	7.1	0	4612
20000	7.2	0	4308
20000	7.3	0	4050
20000	7.4	0	3875
20000	7.5	0	3549
20000	7.6	0	3397
20000	7.7	0	3173
20000	7.8	0	3044
20000	7.9	0	2849
20000	8	0	2815
20000	8.1	0	2607
20000	8.2	0	2515
20000	8.3	0	2401
20000	8.4	0	2192
20000	8.5	0	2191
20000	8.6	0	2124
20000	8.7	0	2026
20000	8.8	0	1975
20000	8.9	0	1771
20000	9	0	1790
20000	9.1	0	1816
20000	9.2	0	1701
20000	9.3	0	1707
20000	9.4	0	1602
20000	9.5	0	1569
20000	9.6	0	1512
20000	9.7	0	1487
20000	9.8	0	1456
20000	9.9	0	1399
20000	10	0	1450
20000	10.1	0	1366
20000	10.2	0	1343
20000	10.3	0	1312
20000	10.4	0	1345
20000	10.5	0	1263
20000	10.6	0	1250
20000	10.7	0	1247
20000	10.8	0	1229
20000	10.9	0	1157
20000	11	0	1183
20000	11.1	0	1196
20000	11.2	0	1167
20000	11.3	0	1202
20000	11.4	0	1190
20000	11.5	0	1141
20000	11.6	0	1199
20000	11.7	0	1167
20000	11.8	0	1120
20000	11.9	0	1158
20000	12	0	1117
20000	12.1	0	1104
20000	12.2	0	1142
20000	12.3	0	1183
20000	12.4	0	1132
20000	12.5	0	1147
20000	12.6	0	1219
20000	12.7	0	1134
20000	12.8	0	1124
20000	12.9	0	1169
20000	13	0	1088
20000	13.1	0	1142
20000	13.2	0	1125
20000	13.3	0	1141
20000	13.4	0	1145
20000	13.5	0	1054
20000	13.6	0	1116
20000	13.7	0	1125
20000	13.8	0	1185
20000	13.9	0	1117
20000	14	0	1127
20000	14.1	0	1163
20000	14.2	0	1072
20000	14.3	0	1192
20000	14.4	0	1088
20000	14.5	0	1097
20000	14.6	0	1157
20000	14.7	0	1151
20000	14.8	0	1124
20000	14.9	0	1141
20000	15	0	1148
20000	15.1	0	1134
20000	15.2	0	1110
20000	15.3	0	1072
20000	15.4	0	1157
20000	15.5	0	1147
20000	15.6	0	1200
20000	15.7	0	1185
20000	15.8	0	1179
20000	15.9	0	1142
20000	16	0	1111
20000	16.1	0	1128
20000	16.2	0	1169
20000	16.3	0	1214
20000	16.4	0	1127
20000	16.5	0	1118
20000	16.6	0	1214
20000	16.7	0	1178
20000	16.8	0	1148
20000	16.9	0	1126
20000	17	0	1130
20000	17.1	0	1168
20000	17.2	0	1164
20000	17.3	0	1185
20000	17.4	0	1139
20000	17.5	0	1157
20000	17.6	0	1155
20000	17.7	0	1114
20000	17.8	0	1126
20000	17.9	0	1149
20000	18	0	1212
20000	18.1	0	1222
20000	18.2	0	1172
20000	18.3	0	1192
20000	18.4	0	1174
20000	18.5	0	1247
20000	18.6	0	1186
20000	18.7	0	1108
20000	18.8	0	1202
20000	18.9	0	1181
20000	19	0	1196
20000	19.1	0	1183
20000	19.2	0	1220
20000	19.3	0	1144
20000	19.4	0	1177
20000	19.5	0	1171
20000	19.6	0	1219
20000	19.7	0	1233
20000	19.8	0	1191
20000	19.9	0	1222
