4000	0	0	1025
4000	0.1	0	974
4000	0.2	0	1059
4000	0.3	0	1067
4000	0.4	0	1076
4000	0.5	0	1152
4000	0.6	0	1235
4000	0.7	0	1312
4000	0.8	0	1397
4000	0.9	0	1400
4000	1	0	1609
4000	1.1	0	1711
4000	1.2	0	1986
4000	1.3	0	2146
4000	1.4	0	2488
4000	1.5	0	2825
4000	1.6	0	3324
4000	1.7	0	4006
4000	1.8	0	4872
4000	1.9	0	5895
4000	2	0	7541
4000	2.1	0	9944
4000	2.2	0	13151
4000	2.3	0	16593
4000	2.4	0	19540
4000	2.5	0	20240
4000	2.6	0	20336
4000	2.7	0	19995
4000	2.8	0	20050
4000	2.9	0	20092
4000	3	0	19890
4000	3.1	0	19898
4000	3.2	0	20168
4000	3.3	0	20247
4000	3.4	0	20178
4000	3.5	0	19974
4000	3.6	0	19962
4000	3.7	0	19987
4000	3.8	0	20317
4000	3.9	0	20066
4000	4	0	20310
4000	4.1	0	20070
4000	4.2	0	19938
4000	4.3	0	20137
4000	4.4	0	20220
4000	4.5	0	19957
4000	4.6	0	20329
4000	4.7	0	20175
4000	4.8	0	20131
4000	4.9	0	20183
4000	5	0	20364
4000	5.1	0	19519
4000	5.2	0	18837
4000	5.3	0	17838
4000	5.4	0	16365
4000	5.5	0	15309
4000	5.6	0	13855
4000	5.7	0	12494
4000	5.8	0	11403
4000	5.9	0	10278
4000	6	0	9502
4000	6.1	0	8368
4000	6.2	0	7675
4000	6.3	0	7017
4000	6.4	0	6541
4000	6.5	0	5943
4000	6.6	0	5644
4000	6.7	0	5022
4000	6.8	0	4722
4000	6.9	0	4454
4000	7	0	3965
4000	7.1	0	3822
4000	7.2	0	3567
4000	7.3	0	3260
4000	7.4	0	3239
4000	7.5	0	3002
4000	7.6	0	2757
4000	7.7	0	2638
4000	7.8	0	2562
4000	7.9	0	2381
4000	8	0	2273
4000	8.1	0	2200
4000	8.2	0	2101
4000	8.3	0	2028
4000	8.4	0	2031
4000	8.5	0	1920
4000	8.6	0	1791
4000	8.7	0	1748
4000	8.8	0	1724
4000	8.9	0	1584
4000	9	0	1559
4000	9.1	0	1534
4000	9.2	0	1473
4000	9.3	0	1413
4000	9.4	0	1441
4000	9.5	0	1368
4000	9.6	0	1348
4000	9.7	0	1214
4000	9.8	0	1237
4000	9.9	0	1232
4000	10	0	1211
4000	10.1	0	1192
4000	10.2	0	1213
4000	10.3	0	1128
4000	10.4	0	1124
4000	10.5	0	1102
4000	10.6	0	1112
4000	10.7	0	1059
4000	10.8	0	1099
4000	10.9	0	1021
4000	11	0	1088
4000	11.1	0	1086
4000	11.2	0	1087
4000	11.3	0	999
4000	11.4	0	1016
4000	11.5	0	1013
4000	11.6	0	1020
4000	11.7	0	1023
4000	11.8	0	1021
4000	11.9	0	951
4000	12	0	963
4000	12.1	0	1031
4000	12.2	0	1010
4000	12.3	0	1031
4000	12.4	0	1078
4000	12.5	0	1057
4000	12.6	0	953
4000	12.7	0	944
4000	12.8	0	998
4000	12.9	0	1042
4000	13	0	996
4000	13.1	0	1026
4000	13.2	0	1012
4000	13.3	0	1044
4000	13.4	0	1065
4000	13.5	0	1068
4000	13.6	0	1061
4000	13.7	0	1053
4000	13.8	0	1028
4000	13.9	0	1027
4000	14	0	1012
4000	14.1	0	965
4000	14.2	0	1013
4000	14.3	0	986
4000	14.4	0	1040
4000	14.5	0	974
4000	14.6	0	1017
4000	14.7	0	999
4000	14.8	0	971
4000	14.9	0	998
4000	15	0	1036
4000	15.1	0	1064
4000	15.2	0	1037
4000	15.3	0	981
4000	15.4	0	1028
4000	15.5	0	972
4000	15.6	0	1059
4000	15.7	0	1001
4000	15.8	0	1001
4000	15.9	0	1005
4000	16	0	975
4000	16.1	0	1010
4000	16.2	0	978
4000	16.3	0	989
4000	16.4	0	941
4000	16.5	0	984
4000	16.6	0	996
4000	16.7	0	997
4000	16.8	0	1015
4000	16.9	0	1023
4000	17	0	1005
4000	17.1	0	1001
4000	17.2	0	1027
4000	17.3	0	995
4000	17.4	0	1032
4000	17.5	0	963
4000	17.6	0	977
4000	17.7	0	1028
4000	17.8	0	1002
4000	17.9	0	1040
4000	18	0	1001
4000	18.1	0	1008
4000	18.2	0	989
4000	18.3	0	1008
4000	18.4	0	991
4000	18.5	0	1011
4000	18.6	0	975
4000	18.7	0	1049
4000	18.8	0	964
4000	18.9	0	1025
4000	19	0	999
4000	19.1	0	1023
4000	19.2	0	932
4000	19.3	0	991
4000	19.4	0	1024
4000	19.5	0	1022
4000	19.6	0	981
4000	19.7	0	1014
4000	19.8	0	1015
4000	19.9	0	1049
8000	0	0	1045
8000	0.1	0	1043
8000	0.2	0	1021
8000	0.3	0	1049
8000	0.4	0	1121
8000	0.5	0	1138
8000	0.6	0	1162
8000	0.7	0	1292
8000	0.8	0	1318
8000	0.9	0	1530
8000	1	0	1625
8000	1.1	0	1617
8000	1.2	0	1844
8000	1.3	0	2183
8000	1.4	0	2544
8000	1.5	0	2845
8000	1.6	0	3350
8000	1.7	0	3843
8000	1.8	0	4771
8000	1.9	0	6024
8000	2	0	7636
8000	2.1	0	10212
8000	2.2	0	13398
8000	2.3	0	16859
8000	2.4	0	19626
8000	2.5	0	20164
8000	2.6	0	20114
8000	2.7	0	19834
8000	2.8	0	20157
8000	2.9	0	20294
8000	3	0	20107
8000	3.1	0	20048
8000	3.2	0	20323
8000	3.3	0	20092
8000	3.4	0	20096
8000	3.5	0	19995
8000	3.6	0	20227
8000	3.7	0	20049
8000	3.8	0	20266
8000	3.9	0	20005
8000	4	0	20204
8000	4.1	0	20081
8000	4.2	0	20407
8000	4.3	0	20138
8000	4.4	0	20070
8000	4.5	0	20017
8000	4.6	0	20089
8000	4.7	0	20060
8000	4.8	0	20336
8000	4.9	0	20103
8000	5	0	20140
8000	5.1	0	19848
8000	5.2	0	18743
8000	5.3	0	17390
8000	5.4	0	16280
8000	5.5	0	15186
8000	5.6	0	13665
8000	5.7	0	12662
8000	5.8	0	11428
8000	5.9	0	10321
8000	6	0	9280
8000	6.1	0	8368
8000	6.2	0	7745
8000	6.3	0	6963
8000	6.4	0	6390
8000	6.5	0	5975
8000	6.6	0	5440
8000	6.7	0	5041
8000	6.8	0	4641
8000	6.9	0	4304
8000	7	0	4032
8000	7.1	0	3694
8000	7.2	0	3570
8000	7.3	0	3339
8000	7.4	0	3120
8000	7.5	0	2998
8000	7.6	0	2853
8000	7.7	0	2638
8000	7.8	0	2511
8000	7.9	0	2516
8000	8	0	2299
8000	8.1	0	2233
8000	8.2	0	2111
8000	8.3	0	2110
8000	8.4	0	2028
8000	8.5	0	1880
8000	8.6	0	1869
8000	8.7	0	1739
8000	8.8	0	1733
8000	8.9	0	1577
8000	9	0	1575
8000	9.1	0	1459
8000	9.2	0	1516
8000	9.3	0	1467
8000	9.4	0	1434
8000	9.5	0	1298
8000	9.6	0	1349
8000	9.7	0	1262
8000	9.8	0	1290
8000	9.9	0	1284
8000	10	0	1233
8000	10.1	0	1179
8000	10.2	0	1191
8000	10.3	0	1180
8000	10.4	0	1122
8000	10.5	0	1144
8000	10.6	0	1109
8000	10.7	0	1064
8000	10.8	0	1110
8000	10.9	0	1136
8000	11	0	1048
8000	11.1	0	1063
8000	11.2	0	1058
8000	11.3	0	1017
8000	11.4	0	1046
8000	11.5	0	981
8000	11.6	0	1003
8000	11.7	0	933
8000	11.8	0	969
8000	11.9	0	1041
8000	12	0	1040
8000	12.1	0	992
8000	12.2	0	990
8000	12.3	0	1014
8000	12.4	0	1030
8000	12.5	0	932
8000	12.6	0	1074
8000	12.7	0	999
8000	12.8	0	1029
8000	12.9	0	1022
8000	13	0	1009
8000	13.1	0	979
8000	13.2	0	994
8000	13.3	0	1015
8000	13.4	0	1059
8000	13.5	0	1051
8000	13.6	0	1010
8000	13.7	0	1021
8000	13.8	0	950
8000	13.9	0	965
8000	14	0	964
8000	14.1	0	1001
8000	14.2	0	1001
8000	14.3	0	964
8000	14.4	0	1021
8000	14.5	0	1020
8000	14.6	0	1027
8000	14.7	0	973
8000	14.8	0	1002
8000	14.9	0	1046
8000	15	0	1040
8000	15.1	0	1024
8000	15.2	0	1077
8000	15.3	0	979
8000	15.4	0	1001
8000	15.5	0	977
8000	15.6	0	1006
8000	15.7	0	1057
8000	15.8	0	981
8000	15.9	0	1029
8000	16	0	958
8000	16.1	0	958
8000	16.2	0	1000
8000	16.3	0	1013
8000	16.4	0	1063
8000	16.5	0	1007
8000	16.6	0	977
8000	16.7	0	998
8000	16.8	0	1048
8000	16.9	0	1004
8000	17	0	942
8000	17.1	0	977
8000	17.2	0	971
8000	17.3	0	1017
8000	17.4	0	1035
8000	17.5	0	1056
8000	17.6	0	986
8000	17.7	0	1080
8000	17.8	0	976
8000	17.9	0	968
8000	18	0	1019
8000	18.1	0	969
8000	18.2	0	1014
8000	18.3	0	985
8000	18.4	0	1034
8000	18.5	0	981
8000	18.6	0	1017
8000	18.7	0	1057
8000	18.8	0	1013
8000	18.9	0	999
8000	19	0	998
8000	19.1	0	1029
8000	19.2	0	1017
8000	19.3	0	979
8000	19.4	0	946
8000	19.5	0	992
8000	19.6	0	953
8000	19.7	0	997
8000	19.8	0	1002
8000	19.9	0	1007
12000	0	0	1020
12000	0.1	0	979
12000	0.2	0	1029
12000	0.3	0	1071
12000	0.4	0	1032
12000	0.5	0	1192
12000	0.6	0	1177
12000	0.7	0	1240
12000	0.8	0	1356
12000	0.9	0	1417
12000	1	0	1541
12000	1.1	0	1645
12000	1.2	0	1901
12000	1.3	0	2134
12000	1.4	0	2559
12000	1.5	0	2935
12000	1.6	0	3195
12000	1.7	0	4042
12000	1.8	0	4896
12000	1.9	0	5978
12000	2	0	7649
12000	2.1	0	10029
12000	2.2	0	13340
12000	2.3	0	16638
12000	2.4	0	19673
12000	2.5	0	20317
12000	2.6	0	20337
12000	2.7	0	20099
12000	2.8	0	20135
12000	2.9	0	20147
12000	3	0	20265
12000	3.1	0	19935
12000	3.2	0	20122
12000	3.3	0	20192
12000	3.4	0	20164
12000	3.5	0	20267
12000	3.6	0	19905
12000	3.7	0	20208
12000	3.8	0	20054
12000	3.9	0	19965
12000	4	0	19788
12000	4.1	0	20044
12000	4.2	0	20159
12000	4.3	0	20138
12000	4.4	0	20177
12000	4.5	0	20283
12000	4.6	0	20140
12000	4.7	0	20124
12000	4.8	0	20333
12000	4.9	0	20379
12000	5	0	19987
12000	5.1	0	19569
12000	5.2	0	18532
12000	5.3	0	17740
12000	5.4	0	16769
12000	5.5	0	15166
12000	5.6	0	13684
12000	5.7	0	12451
12000	5.8	0	11321
12000	5.9	0	10169
12000	6	0	9088
12000	6.1	0	8572
12000	6.2	0	7585
12000	6.3	0	7075
12000	6.4	0	6603
12000	6.5	0	6007
12000	6.6	0	5387
12000	6.7	0	5073
12000	6.8	0	4742
12000	6.9	0	4361
12000	7	0	4023
12000	7.1	0	3719
12000	7.2	0	3595
12000	7.3	0	3241
12000	7.4	0	3183
12000	7.5	0	2927
12000	7.6	0	2842
12000	7.7	0	2721
12000	7.8	0	2507
12000	7.9	0	2426
12000	8	0	2297
12000	8.1	0	2234
12000	8.2	0	2161
12000	8.3	0	1993
12000	8.4	0	2098
12000	8.5	0	1894
12000	8.6	0	1898
12000	8.7	0	1817
12000	8.8	0	1645
12000	8.9	0	1573
12000	9	0	1547
12000	9.1	0	1517
12000	9.2	0	1515
12000	9.3	0	1478
12000	9.4	0	1395
12000	9.5	0	1343
12000	9.6	0	1379
12000	9.7	0	1340
12000	9.8	0	1262
12000	9.9	0	1257
12000	10	0	1192
12000	10.1	0	1183
12000	10.2	0	1202
12000	10.3	0	1167
12000	10.4	0	1166
12000	10.5	0	1084
12000	10.6	0	1101
12000	10.7	0	1093
12000	10.8	0	1070
12000	10.9	0	1045
12000	11	0	1066
12000	11.1	0	1041
12000	11.2	0	1064
12000	11.3	0	1028
12000	11.4	0	1031
12000	11.5	0	961
12000	11.6	0	1003
12000	11.7	0	1008
12000	11.8	0	989
12000	11.9	0	927
12000	12	0	993
12000	12.1	0	1061
12000	12.2	0	1025
12000	12.3	0	1057
12000	12.4	0	972
12000	12.5	0	1011
12000	12.6	0	1053
12000	12.7	0	992
12000	12.8	0	1001
12000	12.9	0	995
12000	13	0	997
12000	13.1	0	1035
12000	13.2	0	996
12000	13.3	0	1008
12000	13.4	0	1074
12000	13.5	0	996
12000	13.6	0	1033
12000	13.7	0	967
12000	13.8	0	1062
12000	13.9	0	975
12000	14	0	1028
12000	14.1	0	1041
12000	14.2	0	979
12000	14.3	0	971
12000	14.4	0	955
12000	14.5	0	1038
12000	14.6	0	1000
12000	14.7	0	1041
12000	14.8	0	1023
12000	14.9	0	1008
12000	15	0	1021
12000	15.1	0	977
12000	15.2	0	1054
12000	15.3	0	971
12000	15.4	0	1004
12000	15.5	0	1055
12000	15.6	0	987
12000	15.7	0	999
12000	15.8	0	1006
12000	15.9	0	942
12000	16	0	985
12000	16.1	0	1034
12000	16.2	0	993
12000	16.3	0	1013
12000	16.4	0	1020
12000	16.5	0	975
12000	16.6	0	999
12000	16.7	0	1035
12000	16.8	0	1023
12000	16.9	0	995
12000	17	0	990
12000	17.1	0	962
12000	17.2	0	971
12000	17.3	0	996
12000	17.4	0	1025
12000	17.5	0	1003
12000	17.6	0	967
12000	17.7	0	1044
12000	17.8	0	978
12000	17.9	0	1027
12000	18	0	1023
12000	18.1	0	1021
12000	18.2	0	977
12000	18.3	0	1000
12000	18.4	0	1008
12000	18.5	0	980
12000	18.6	0	1020
12000	18.7	0	982
12000	18.8	0	953
12000	18.9	0	1005
12000	19	0	1012
12000	19.1	0	1021
12000	19.2	0	1022
12000	19.3	0	1003
12000	19.4	0	1001
12000	19.5	0	1028
12000	19.6	0	998
12000	19.7	0	1012
12000	19.8	0	1027
12000	19.9	0	995
16000	0	0	985
16000	0.1	0	1043
16000	0.2	0	999
16000	0.3	0	1056
16000	0.4	0	1081
16000	0.5	0	1176
16000	0.6	0	1241
16000	0.7	0	1189
16000	0.8	0	1407
16000	0.9	0	1502
16000	1	0	1593
16000	1.1	0	1730
16000	1.2	0	1890
16000	1.3	0	2061
16000	1.4	0	2414
16000	1.5	0	2792
16000	1.6	0	3296
16000	1.7	0	3854
16000	1.8	0	4763
16000	1.9	0	6062
16000	2	0	7753
16000	2.1	0	10135
16000	2.2	0	13132
16000	2.3	0	16837
16000	2.4	0	19495
16000	2.5	0	20038
16000	2.6	0	20435
16000	2.7	0	20331
16000	2.8	0	19971
16000	2.9	0	20146
16000	3	0	20117
16000	3.1	0	20059
16000	3.2	0	20209
16000	3.3	0	20045
16000	3.4	0	20178
16000	3.5	0	20111
16000	3.6	0	20022
16000	3.7	0	19993
16000	3.8	0	20215
16000	3.9	0	20034
16000	4	0	20174
16000	4.1	0	20322
16000	4.2	0	20066
16000	4.3	0	20023
16000	4.4	0	19933
16000	4.5	0	20102
16000	4.6	0	19980
16000	4.7	0	20233
16000	4.8	0	20238
16000	4.9	0	19940
16000	5	0	20180
16000	5.1	0	19699
16000	5.2	0	18512
16000	5.3	0	17741
16000	5.4	0	16627
16000	5.5	0	15175
16000	5.6	0	13908
16000	5.7	0	12541
16000	5.8	0	11312
16000	5.9	0	10347
16000	6	0	9479
16000	6.1	0	8595
16000	6.2	0	7688
16000	6.3	0	7170
16000	6.4	0	6421
16000	6.5	0	5944
16000	6.6	0	5546
16000	6.7	0	5051
16000	6.8	0	4621
16000	6.9	0	4407
16000	7	0	4004
16000	7.1	0	3727
16000	7.2	0	3557
16000	7.3	0	3400
16000	7.4	0	3170
16000	7.5	0	3096
16000	7.6	0	2903
16000	7.7	0	2649
16000	7.8	0	2520
16000	7.9	0	2426
16000	8	0	2332
16000	8.1	0	2189
16000	8.2	0	2105
16000	8.3	0	2023
16000	8.4	0	1960
16000	8.5	0	1932
16000	8.6	0	1862
16000	8.7	0	1700
16000	8.8	0	1722
16000	8.9	0	1626
16000	9	0	1559
16000	9.1	0	1584
16000	9.2	0	1539
16000	9.3	0	1412
16000	9.4	0	1375
16000	9.5	0	1369
16000	9.6	0	1344
16000	9.7	0	1333
16000	9.8	0	1252
16000	9.9	0	1215
16000	10	0	1217
16000	10.1	0	1169
16000	10.2	0	1218
16000	10.3	0	1174
16000	10.4	0	1133
16000	10.5	0	1126
16000	10.6	0	1125
16000	10.7	0	1026
16000	10.8	0	1134
16000	10.9	0	1081
16000	11	0	1097
16000	11.1	0	1092
16000	11.2	0	1039
16000	11.3	0	1062
16000	11.4	0	1003
16000	11.5	0	1021
16000	11.6	0	1053
16000	11.7	0	984
16000	11.8	0	1004
16000	11.9	0	1056
16000	12	0	1052
16000	12.1	0	965
16000	12.2	0	1023
16000	12.3	0	963
16000	12.4	0	1002
16000	12.5	0	1028
16000	12.6	0	1004
16000	12.7	0	1001
16000	12.8	0	1022
16000	12.9	0	1028
16000	13	0	1120
16000	13.1	0	1066
16000	13.2	0	968
16000	13.3	0	1025
16000	13.4	0	1032
16000	13.5	0	989
16000	13.6	0	1028
16000	13.7	0	991
16000	13.8	0	980
16000	13.9	0	1000
16000	14	0	1007
16000	14.1	0	1030
16000	14.2	0	1020
16000	14.3	0	1017
16000	14.4	0	941
16000	14.5	0	963
16000	14.6	0	1033
16000	14.7	0	1042
16000	14.8	0	935
16000	14.9	0	955
16000	15	0	1084
16000	15.1	0	995
16000	15.2	0	980
16000	15.3	0	947
16000	15.4	0	976
16000	15.5	0	908
16000	15.6	0	989
16000	15.7	0	962
16000	15.8	0	1018
16000	15.9	0	1015
16000	16	0	1036
16000	16.1	0	969
16000	16.2	0	980
16000	16.3	0	1010
16000	16.4	0	976
16000	16.5	0	929
16000	16.6	0	995
16000	16.7	0	1029
16000	16.8	0	1033
16000	16.9	0	1065
16000	17	0	955
16000	17.1	0	1021
16000	17.2	0	961
16000	17.3	0	1023
16000	17.4	0	1043
16000	17.5	0	977
16000	17.6	0	1003
16000	17.7	0	1018
16000	17.8	0	1025
16000	17.9	0	992
16000	18	0	1017
16000	18.1	0	995
16000	18.2	0	982
16000	18.3	0	1032
16000	18.4	0	1021
16000	18.5	0	981
16000	18.6	0	964
16000	18.7	0	1036
16000	18.8	0	989
16000	18.9	0	1011
16000	19	0	932
16000	19.1	0	978
16000	19.2	0	1000
16000	19.3	0	978
16000	19.4	0	932
16000	19.5	0	1014
16000	19.6	0	994
16000	19.7	0	965
16000	19.8	0	1000
16000	19.9	0	971
20000	0	0	1036
20000	0.1	0	1050
20000	0.2	0	1046
20000	0.3	0	1063
20000	0.4	0	1085
20000	0.5	0	1210
20000	0.6	0	1196
20000	0.7	0	1231
20000	0.8	0	1254
20000	0.9	0	1409
20000	1	0	1583
20000	1.1	0	1807
20000	1.2	0	1895
20000	1.3	0	2119
20000	1.4	0	2466
20000	1.5	0	2776
20000	1.6	0	3264
20000	1.7	0	4082
20000	1.8	0	4752
20000	1.9	0	5950
20000	2	0	7861
20000	2.1	0	10139
20000	2.2	0	13178
20000	2.3	0	16830
20000	2.4	0	19610
20000	2.5	0	19931
20000	2.6	0	20173
20000	2.7	0	20019
20000	2.8	0	20067
20000	2.9	0	19735
20000	3	0	20387
20000	3.1	0	20128
20000	3.2	0	20191
20000	3.3	0	20161
20000	3.4	0	19907
20000	3.5	0	20200
20000	3.6	0	20017
20000	3.7	0	20153
20000	3.8	0	19941
20000	3.9	0	20195
20000	4	0	20397
20000	4.1	0	20118
20000	4.2	0	20207
20000	4.3	0	20231
20000	4.4	0	20046
20000	4.5	0	20025
20000	4.6	0	19889
20000	4.7	0	20010
20000	4.8	0	20050
20000	4.9	0	20171
20000	5	0	20126
20000	5.1	0	19560
20000	5.2	0	18773
20000	5.3	0	17735
20000	5.4	0	16471
20000	5.5	0	15080
20000	5.6	0	13773
20000	5.7	0	12439
20000	5.8	0	11289
20000	5.9	0	10295
20000	6	0	9334
20000	6.1	0	8644
20000	6.2	0	7788
20000	6.3	0	7089
20000	6.4	0	6543
20000	6.5	0	6059
20000	6.6	0	5479
20000	6.7	0	5126
20000	6.8	0	4735
20000	6.9	0	4372
20000	7	0	4066
20000	7.1	0	3798
20000	7.2	0	3526
20000	7.3	0	3403
20000	7.4	0	3119
20000	7.5	0	2947
20000	7.6	0	2840
20000	7.7	0	2679
20000	7.8	0	2600
20000	7.9	0	2453
20000	8	0	2329
20000	8.1	0	2205
20000	8.2	0	2173
20000	8.3	0	2030
20000	8.4	0	2015
20000	8.5	0	1828
20000	8.6	0	1872
20000	8.7	0	1714
20000	8.8	0	1682
20000	8.9	0	1663
20000	9	0	1582
20000	9.1	0	1565
20000	9.2	0	1583
20000	9.3	0	1447
20000	9.4	0	1438
20000	9.5	0	1360
20000	9.6	0	1309
20000	9.7	0	1320
20000	9.8	0	1245
20000	9.9	0	1250
20000	10	0	1233
20000	10.1	0	1145
20000	10.2	0	1147
20000	10.3	0	1224
20000	10.4	0	1158
20000	10.5	0	1060
20000	10.6	0	1124
20000	10.7	0	1105
20000	10.8	0	1063
20000	10.9	0	1071
20000	11	0	1024
20000	11.1	0	1029
20000	11.2	0	1092
20000	11.3	0	1022
20000	11.4	0	1051
20000	11.5	0	1053
20000	11.6	0	984
20000	11.7	0	968
20000	11.8	0	951
20000	11.9	0	953
20000	12	0	1005
20000	12.1	0	994
20000	12.2	0	1018
20000	12.3	0	984
20000	12.4	0	1071
20000	12.5	0	998
20000	12.6	0	963
20000	12.7	0	991
20000	12.8	0	1038
20000	12.9	0	945
20000	13	0	1001
20000	13.1	0	1025
20000	13.2	0	1014
20000	13.3	0	1003
20000	13.4	0	952
20000	13.5	0	966
20000	13.6	0	1062
20000	13.7	0	1018
20000	13.8	0	1016
20000	13.9	0	998
20000	14	0	1027
20000	14.1	0	974
20000	14.2	0	1000
20000	14.3	0	1022
20000	14.4	0	948
20000	14.5	0	1023
20000	14.6	0	1005
20000	14.7	0	988
20000	14.8	0	1008
20000	14.9	0	1025
20000	15	0	980
20000	15.1	0	1007
20000	15.2	0	1045
20000	15.3	0	1066
20000	15.4	0	1015
20000	15.5	0	1034
20000	15.6	0	991
20000	15.7	0	960
20000	15.8	0	969
20000	15.9	0	994
20000	16	0	1053
20000	16.1	0	1033
20000	16.2	0	957
20000	16.3	0	1010
20000	16.4	0	1087
20000	16.5	0	977
20000	16.6	0	1008
20000	16.7	0	1046
20000	16.8	0	990
20000	16.9	0	953
20000	17	0	1049
20000	17.1	0	1029
20000	17.2	0	1038
20000	17.3	0	1001
20000	17.4	0	1008
20000	17.5	0	999
20000	17.6	0	945
20000	17.7	0	996
20000	17.8	0	1091
20000	17.9	0	995
20000	18	0	1010
20000	18.1	0	980
20000	18.2	0	983
20000	18.3	0	971
20000	18.4	0	1029
20000	18.5	0	978
20000	18.6	0	1051
20000	18.7	0	1013
20000	18.8	0	1019
20000	18.9	0	1022
20000	19	0	1034
20000	19.1	0	979
20000	19.2	0	1036
20000	19.3	0	1009
20000	19.4	0	1028
20000	19.5	0	1031
20000	19.6	0	1043
20000	19.7	0	957
20000	19.8	0	988
20000	19.9	0	982
