4000	0	0	1199
4000	0.1	0	1179
4000	0.2	0	1147
4000	0.3	0	1238
4000	0.4	0	1272
4000	0.5	0	1352
4000	0.6	0	1424
4000	0.7	0	1493
4000	0.8	0	1539
4000	0.9	0	1677
4000	1	0	1890
4000	1.1	0	2083
4000	1.2	0	2382
4000	1.3	0	2593
4000	1.4	0	2942
4000	1.5	0	3451
4000	1.6	0	4132
4000	1.7	0	5044
4000	1.8	0	6135
4000	1.9	0	7740
4000	2	0	9963
4000	2.1	0	12687
4000	2.2	0	16017
4000	2.3	0	18568
4000	2.4	0	19485
4000	2.5	0	18748
4000	2.6	0	17967
4000	2.7	0	17567
4000	2.8	0	17749
4000	2.9	0	18019
4000	3	0	18009
4000	3.1	0	18023
4000	3.2	0	18176
4000	3.3	0	18078
4000	3.4	0	17989
4000	3.5	0	18145
4000	3.6	0	18072
4000	3.7	0	18032
4000	3.8	0	18097
4000	3.9	0	18015
4000	4	0	18089
4000	4.1	0	17992
4000	4.2	0	18278
4000	4.3	0	18105
4000	4.4	0	18130
4000	4.5	0	17976
4000	4.6	0	17983
4000	4.7	0	18036
4000	4.8	0	18168
4000	4.9	0	18272
4000	5	0	17982
4000	5.1	0	18128
4000	5.2	0	17787
4000	5.3	0	17212
4000	5.4	0	16404
4000	5.5	0	15602
4000	5.6	0	14871
4000	5.7	0	13863
4000	5.8	0	12679
4000	5.9	0	11538
4000	6	0	10528
4000	6.1	0	9979
4000	6.2	0	9053
4000	6.3	0	8232
4000	6.4	0	7616
4000	6.5	0	6933
4000	6.6	0	6448
4000	6.7	0	5730
4000	6.8	0	5376
4000	6.9	0	5067
4000	7	0	4678
4000	7.1	0	4315
4000	7.2	0	4232
4000	7.3	0	3800
4000	7.4	0	3532
4000	7.5	0	3517
4000	7.6	0	3303
4000	7.7	0	3022
4000	7.8	0	2878
4000	7.9	0	2754
4000	8	0	2707
4000	8.1	0	2501
4000	8.2	0	2373
4000	8.3	0	2322
4000	8.4	0	2200
4000	8.5	0	2121
4000	8.6	0	1997
4000	8.7	0	1899
4000	8.8	0	1882
4000	8.9	0	1849
4000	9	0	1805
4000	9.1	0	1743
4000	9.2	0	1677
4000	9.3	0	1631
4000	9.4	0	1620
4000	9.5	0	1496
4000	9.6	0	1474
4000	9.7	0	1419
4000	9.8	0	1452
4000	9.9	0	1426
4000	10	0	1375
4000	10.1	0	1362
4000	10.2	0	1310
4000	10.3	0	1378
4000	10.4	0	1287
4000	10.5	0	1234
4000	10.6	0	1225
4000	10.7	0	1216
4000	10.8	0	1256
4000	10.9	0	1158
4000	11	0	1134
4000	11.1	0	1176
4000	11.2	0	1131
4000	11.3	0	1166
4000	11.4	0	1162
4000	11.5	0	1136
4000	11.6	0	1135
4000	11.7	0	1092
4000	11.8	0	1167
4000	11.9	0	1138
4000	12	0	1163
4000	12.1	0	1155
4000	12.2	0	1188
4000	12.3	0	1106
4000	12.4	0	1138
4000	12.5	0	1151
4000	12.6	0	1118
4000	12.7	0	1170
4000	12.8	0	1172
4000	12.9	0	1127
4000	13	0	1070
4000	13.1	0	1066
4000	13.2	0	1116
4000	13.3	0	1116
4000	13.4	0	1133
4000	13.5	0	1152
4000	13.6	0	1071
4000	13.7	0	1174
4000	13.8	0	1096
4000	13.9	0	1152
4000	14	0	1157
4000	14.1	0	1113
4000	14.2	0	1154
4000	14.3	0	1090
4000	14.4	0	1153
4000	14.5	0	1127
4000	14.6	0	1102
4000	14.7	0	1149
4000	14.8	0	1111
4000	14.9	0	1107
4000	15	0	1185
4000	15.1	0	1151
4000	15.2	0	1116
4000	15.3	0	1121
4000	15.4	0	1137
4000	15.5	0	1153
4000	15.6	0	1112
4000	15.7	0	1131
4000	15.8	0	1117
4000	15.9	0	1087
4000	16	0	1077
4000	16.1	0	1152
4000	16.2	0	1151
4000	16.3	0	1164
4000	16.4	0	1097
4000	16.5	0	1144
4000	16.6	0	1158
4000	16.7	0	1115
4000	16.8	0	1109
4000	16.9	0	1156
4000	17	0	1099
4000	17.1	0	1107
4000	17.2	0	1107
4000	17.3	0	1177
4000	17.4	0	1187
4000	17.5	0	1252
4000	17.6	0	1084
4000	17.7	0	1089
4000	17.8	0	1072
4000	17.9	0	1120
4000	18	0	1074
4000	18.1	0	1064
4000	18.2	0	1115
4000	18.3	0	1175
4000	18.4	0	1179
4000	18.5	0	1159
4000	18.6	0	1120
4000	18.7	0	1166
4000	18.8	0	1150
4000	18.9	0	1177
4000	19	0	1130
4000	19.1	0	1226
4000	19.2	0	1186
4000	19.3	0	1144
4000	19.4	0	1189
4000	19.5	0	1126
4000	19.6	0	1117
4000	19.7	0	1150
4000	19.8	0	1189
4000	19.9	0	1102
8000	0	0	1159
8000	0.1	0	1227
8000	0.2	0	1194
8000	0.3	0	1240
8000	0.4	0	1272
8000	0.5	0	1334
8000	0.6	0	1420
8000	0.7	0	1484
8000	0.8	0	1580
8000	0.9	0	1757
8000	1	0	1904
8000	1.1	0	2109
8000	1.2	0	2325
8000	1.3	0	2568
8000	1.4	0	3074
8000	1.5	0	3517
8000	1.6	0	4245
8000	1.7	0	5058
8000	1.8	0	6134
8000	1.9	0	7723
8000	2	0	9967
8000	2.1	0	12673
8000	2.2	0	15824
8000	2.3	0	18821
8000	2.4	0	19725
8000	2.5	0	18256
8000	2.6	0	17907
8000	2.7	0	17630
8000	2.8	0	17725
8000	2.9	0	17885
8000	3	0	17999
8000	3.1	0	17993
8000	3.2	0	18015
8000	3.3	0	17991
8000	3.4	0	17992
8000	3.5	0	18056
8000	3.6	0	18022
8000	3.7	0	18234
8000	3.8	0	18121
8000	3.9	0	17815
8000	4	0	17889
8000	4.1	0	18229
8000	4.2	0	18132
8000	4.3	0	18014
8000	4.4	0	18310
8000	4.5	0	17974
8000	4.6	0	17759
8000	4.7	0	18010
8000	4.8	0	17887
8000	4.9	0	18061
8000	5	0	18134
8000	5.1	0	18053
8000	5.2	0	17728
8000	5.3	0	17007
8000	5.4	0	16564
8000	5.5	0	15808
8000	5.6	0	14799
8000	5.7	0	13724
8000	5.8	0	12684
8000	5.9	0	11570
8000	6	0	10761
8000	6.1	0	9795
8000	6.2	0	8812
8000	6.3	0	8218
8000	6.4	0	7466
8000	6.5	0	6817
8000	6.6	0	6371
8000	6.7	0	5920
8000	6.8	0	5490
8000	6.9	0	5038
8000	7	0	4658
8000	7.1	0	4336
8000	7.2	0	4112
8000	7.3	0	3874
8000	7.4	0	3736
8000	7.5	0	3418
8000	7.6	0	3272
8000	7.7	0	3073
8000	7.8	0	2906
8000	7.9	0	2746
8000	8	0	2687
8000	8.1	0	2442
8000	8.2	0	2443
8000	8.3	0	2371
8000	8.4	0	2177
8000	8.5	0	2162
8000	8.6	0	2003
8000	8.7	0	1984
8000	8.8	0	1938
8000	8.9	0	1804
8000	9	0	1725
8000	9.1	0	1739
8000	9.2	0	1754
8000	9.3	0	1663
8000	9.4	0	1600
8000	9.5	0	1586
8000	9.6	0	1532
8000	9.7	0	1467
8000	9.8	0	1452
8000	9.9	0	1426
8000	10	0	1393
8000	10.1	0	1339
8000	10.2	0	1283
8000	10.3	0	1395
8000	10.4	0	1287
8000	10.5	0	1275
8000	10.6	0	1257
8000	10.7	0	1263
8000	10.8	0	1164
8000	10.9	0	1191
8000	11	0	1188
8000	11.1	0	1182
8000	11.2	0	1145
8000	11.3	0	1176
8000	11.4	0	1080
8000	11.5	0	1185
8000	11.6	0	1171
8000	11.7	0	1164
8000	11.8	0	1127
8000	11.9	0	1141
8000	12	0	1099
8000	12.1	0	1149
8000	12.2	0	1188
8000	12.3	0	1108
8000	12.4	0	1199
8000	12.5	0	1210
8000	12.6	0	1127
8000	12.7	0	1146
8000	12.8	0	1079
8000	12.9	0	1118
8000	13	0	1128
8000	13.1	0	1188
8000	13.2	0	1138
8000	13.3	0	1115
8000	13.4	0	1138
8000	13.5	0	1151
8000	13.6	0	1146
8000	13.7	0	1200
8000	13.8	0	1166
8000	13.9	0	1149
8000	14	0	1106
8000	14.1	0	1118
8000	14.2	0	1173
8000	14.3	0	1136
8000	14.4	0	1125
8000	14.5	0	1177
8000	14.6	0	1205
8000	14.7	0	1173
8000	14.8	0	1126
8000	14.9	0	1188
8000	15	0	1152
8000	15.1	0	1136
8000	15.2	0	1167
8000	15.3	0	1133
8000	15.4	0	1155
8000	15.5	0	1182
8000	15.6	0	1143
8000	15.7	0	1118
8000	15.8	0	1078
8000	15.9	0	1164
8000	16	0	1121
8000	16.1	0	1109
8000	16.2	0	1140
8000	16.3	0	1116
8000	16.4	0	1179
8000	16.5	0	1089
8000	16.6	0	1132
8000	16.7	0	1189
8000	16.8	0	1069
8000	16.9	0	1139
8000	17	0	1141
8000	17.1	0	1119
8000	17.2	0	1239
8000	17.3	0	1095
8000	17.4	0	1165
8000	17.5	0	1215
8000	17.6	0	1155
8000	17.7	0	1091
8000	17.8	0	1106
8000	17.9	0	1125
8000	18	0	1159
8000	18.1	0	1133
8000	18.2	0	1103
8000	18.3	0	1143
8000	18.4	0	1128
8000	18.5	0	1166
8000	18.6	0	1197
8000	18.7	0	1190
8000	18.8	0	1110
8000	18.9	0	1064
8000	19	0	1148
8000	19.1	0	1135
8000	19.2	0	1147
8000	19.3	0	1145
8000	19.4	0	1178
8000	19.5	0	1159
8000	19.6	0	1121
8000	19.7	0	1160
8000	19.8	0	1184
8000	19.9	0	1108
12000	0	0	1139
12000	0.1	0	1190
12000	0.2	0	1164
12000	0.3	0	1267
12000	0.4	0	1271
12000	0.5	0	1340
12000	0.6	0	1439
12000	0.7	0	1508
12000	0.8	0	1577
12000	0.9	0	1709
12000	1	0	1888
12000	1.1	0	2053
12000	1.2	0	2398
12000	1.3	0	2661
12000	1.4	0	2885
12000	1.5	0	3541
12000	1.6	0	4163
12000	1.7	0	4851
12000	1.8	0	6206
12000	1.9	0	7676
12000	2	0	9795
12000	2.1	0	12672
12000	2.2	0	15885
12000	2.3	0	18663
12000	2.4	0	19488
12000	2.5	0	18358
12000	2.6	0	17956
12000	2.7	0	17591
12000	2.8	0	17591
12000	2.9	0	17830
12000	3	0	17989
12000	3.1	0	18155
12000	3.2	0	18025
12000	3.3	0	18158
12000	3.4	0	18146
12000	3.5	0	18031
12000	3.6	0	18121
12000	3.7	0	18101
12000	3.8	0	18009
12000	3.9	0	18150
12000	4	0	18082
12000	4.1	0	18169
12000	4.2	0	17960
12000	4.3	0	18099
12000	4.4	0	18463
12000	4.5	0	18057
12000	4.6	0	18082
12000	4.7	0	18170
12000	4.8	0	17977
12000	4.9	0	18224
12000	5	0	18294
12000	5.1	0	18064
12000	5.2	0	17739
12000	5.3	0	17335
12000	5.4	0	16201
12000	5.5	0	15620
12000	5.6	0	14803
12000	5.7	0	13899
12000	5.8	0	12842
12000	5.9	0	11966
12000	6	0	10794
12000	6.1	0	9817
12000	6.2	0	8911
12000	6.3	0	8231
12000	6.4	0	7552
12000	6.5	0	6861
12000	6.6	0	6442
12000	6.7	0	5862
12000	6.8	0	5332
12000	6.9	0	4924
12000	7	0	4726
12000	7.1	0	4371
12000	7.2	0	4065
12000	7.3	0	3829
12000	7.4	0	3588
12000	7.5	0	3374
12000	7.6	0	3247
12000	7.7	0	3089
12000	7.8	0	2930
12000	7.9	0	2806
12000	8	0	2573
12000	8.1	0	2466
12000	8.2	0	2381
12000	8.3	0	2368
12000	8.4	0	2117
12000	8.5	0	2088
12000	8.6	0	2001
12000	8.7	0	1935
12000	8.8	0	1917
12000	8.9	0	1887
12000	9	0	1784
12000	9.1	0	1774
12000	9.2	0	1559
12000	9.3	0	1619
12000	9.4	0	1546
12000	9.5	0	1502
12000	9.6	0	1502
12000	9.7	0	1487
12000	9.8	0	1387
12000	9.9	0	1399
12000	10	0	1333
12000	10.1	0	1385
12000	10.2	0	1388
12000	10.3	0	1303
12000	10.4	0	1251
12000	10.5	0	1282
12000	10.6	0	1232
12000	10.7	0	1276
12000	10.8	0	1199
12000	10.9	0	1211
12000	11	0	1135
12000	11.1	0	1132
12000	11.2	0	1161
12000	11.3	0	1216
12000	11.4	0	1166
12000	11.5	0	1128
12000	11.6	0	1098
12000	11.7	0	1155
12000	11.8	0	1108
12000	11.9	0	1161
12000	12	0	1135
12000	12.1	0	1129
12000	12.2	0	1164
12000	12.3	0	1041
12000	12.4	0	1148
12000	12.5	0	1110
12000	12.6	0	1098
12000	12.7	0	1097
12000	12.8	0	1147
12000	12.9	0	1140
12000	13	0	1139
12000	13.1	0	1130
12000	13.2	0	1124
12000	13.3	0	1099
12000	13.4	0	1147
12000	13.5	0	1180
12000	13.6	0	1090
12000	13.7	0	1113
12000	13.8	0	1163
12000	13.9	0	1072
12000	14	0	1094
12000	14.1	0	1141
12000	14.2	0	1218
12000	14.3	0	1172
12000	14.4	0	1180
12000	14.5	0	1160
12000	14.6	0	1144
12000	14.7	0	1129
12000	14.8	0	1133
12000	14.9	0	1179
12000	15	0	1126
12000	15.1	0	1104
12000	15.2	0	1179
12000	15.3	0	1139
12000	15.4	0	1121
12000	15.5	0	1137
12000	15.6	0	1106
12000	15.7	0	1137
12000	15.8	0	1157
12000	15.9	0	1156
12000	16	0	1168
12000	16.1	0	1102
12000	16.2	0	1173
12000	16.3	0	1187
12000	16.4	0	1176
12000	16.5	0	1151
12000	16.6	0	1127
12000	16.7	0	1146
12000	16.8	0	1128
12000	16.9	0	1117
12000	17	0	1112
12000	17.1	0	1144
12000	17.2	0	1111
12000	17.3	0	1089
12000	17.4	0	1118
12000	17.5	0	1143
12000	17.6	0	1130
12000	17.7	0	1121
12000	17.8	0	1050
12000	17.9	0	1157
12000	18	0	1178
12000	18.1	0	1142
12000	18.2	0	1167
12000	18.3	0	1148
12000	18.4	0	1119
12000	18.5	0	1160
12000	18.6	0	1096
12000	18.7	0	1109
12000	18.8	0	1098
12000	18.9	0	1129
12000	19	0	1191
12000	19.1	0	1184
12000	19.2	0	1088
12000	19.3	0	1180
12000	19.4	0	1141
12000	19.5	0	1166
12000	19.6	0	1095
12000	19.7	0	1135
12000	19.8	0	1212
12000	19.9	0	1185
16000	0	0	1138
16000	0.1	0	1164
16000	0.2	0	1127
16000	0.3	0	1292
16000	0.4	0	1328
16000	0.5	0	1318
16000	0.6	0	1302
16000	0.7	0	1505
16000	0.8	0	1625
16000	0.9	0	1744
16000	1	0	1890
16000	1.1	0	2009
16000	1.2	0	2264
16000	1.3	0	2697
16000	1.4	0	2942
16000	1.5	0	3407
16000	1.6	0	4078
16000	1.7	0	4976
16000	1.8	0	6332
16000	1.9	0	7707
16000	2	0	9776
16000	2.1	0	12847
16000	2.2	0	15931
16000	2.3	0	18718
16000	2.4	0	19677
16000	2.5	0	18592
16000	2.6	0	17979
16000	2.7	0	17720
16000	2.8	0	17834
16000	2.9	0	17940
16000	3	0	18036
16000	3.1	0	17782
16000	3.2	0	18296
16000	3.3	0	18104
16000	3.4	0	17947
16000	3.5	0	18107
16000	3.6	0	18210
16000	3.7	0	18093
16000	3.8	0	18198
16000	3.9	0	18195
16000	4	0	17921
16000	4.1	0	18063
16000	4.2	0	18132
16000	4.3	0	18143
16000	4.4	0	18157
16000	4.5	0	17975
16000	4.6	0	18136
16000	4.7	0	18048
16000	4.8	0	18198
16000	4.9	0	18049
16000	5	0	17873
16000	5.1	0	18022
16000	5.2	0	17640
16000	5.3	0	17375
16000	5.4	0	16565
16000	5.5	0	15566
16000	5.6	0	14761
16000	5.7	0	13722
16000	5.8	0	12547
16000	5.9	0	11640
16000	6	0	10666
16000	6.1	0	9941
16000	6.2	0	8981
16000	6.3	0	8091
16000	6.4	0	7609
16000	6.5	0	6823
16000	6.6	0	6378
16000	6.7	0	5805
16000	6.8	0	5457
16000	6.9	0	4999
16000	7	0	4735
16000	7.1	0	4429
16000	7.2	0	4162
16000	7.3	0	3833
16000	7.4	0	3478
16000	7.5	0	3391
16000	7.6	0	3306
16000	7.7	0	2940
16000	7.8	0	2900
16000	7.9	0	2747
16000	8	0	2617
16000	8.1	0	2544
16000	8.2	0	2406
16000	8.3	0	2351
16000	8.4	0	2197
16000	8.5	0	2131
16000	8.6	0	2124
16000	8.7	0	1947
16000	8.8	0	1821
16000	8.9	0	1893
16000	9	0	1658
16000	9.1	0	1723
16000	9.2	0	1682
16000	9.3	0	1588
16000	9.4	0	1562
16000	9.5	0	1480
16000	9.6	0	1480
16000	9.7	0	1459
16000	9.8	0	1418
16000	9.9	0	1406
16000	10	0	1354
16000	10.1	0	1378
16000	10.2	0	1346
16000	10.3	0	1321
16000	10.4	0	1354
16000	10.5	0	1305
16000	10.6	0	1165
16000	10.7	0	1290
16000	10.8	0	1198
16000	10.9	0	1146
16000	11	0	1121
16000	11.1	0	1188
16000	11.2	0	1148
16000	11.3	0	1172
16000	11.4	0	1174
16000	11.5	0	1109
16000	11.6	0	1165
16000	11.7	0	1175
16000	11.8	0	1077
16000	11.9	0	1178
16000	12	0	1131
16000	12.1	0	1169
16000	12.2	0	1159
16000	12.3	0	1139
16000	12.4	0	1113
16000	12.5	0	1119
16000	12.6	0	1165
16000	12.7	0	1165
16000	12.8	0	1109
16000	12.9	0	1143
16000	13	0	1146
16000	13.1	0	1130
16000	13.2	0	1157
16000	13.3	0	1173
16000	13.4	0	1108
16000	13.5	0	1188
16000	13.6	0	1100
16000	13.7	0	1105
16000	13.8	0	1101
16000	13.9	0	1077
16000	14	0	1117
16000	14.1	0	1208
16000	14.2	0	1143
16000	14.3	0	1184
16000	14.4	0	1077
16000	14.5	0	1076
16000	14.6	0	1130
16000	14.7	0	1144
16000	14.8	0	1073
16000	14.9	0	1119
16000	15	0	1108
16000	15.1	0	1111
16000	15.2	0	1101
16000	15.3	0	1141
16000	15.4	0	1120
16000	15.5	0	1092
16000	15.6	0	1138
16000	15.7	0	1171
16000	15.8	0	1140
16000	15.9	0	1159
16000	16	0	1098
16000	16.1	0	1060
16000	16.2	0	1110
16000	16.3	0	1094
16000	16.4	0	1081
16000	16.5	0	1147
16000	16.6	0	1155
16000	16.7	0	1189
16000	16.8	0	1096
16000	16.9	0	1221
16000	17	0	1082
16000	17.1	0	1138
16000	17.2	0	1163
16000	17.3	0	1180
16000	17.4	0	1161
16000	17.5	0	1170
16000	17.6	0	1104
16000	17.7	0	1198
16000	17.8	0	1139
16000	17.9	0	1194
16000	18	0	1158
16000	18.1	0	1178
16000	18.2	0	1144
16000	18.3	0	1112
16000	18.4	0	1141
16000	18.5	0	1179
16000	18.6	0	1169
16000	18.7	0	1173
16000	18.8	0	1103
16000	18.9	0	1119
16000	19	0	1160
16000	19.1	0	1158
16000	19.2	0	1178
16000	19.3	0	1096
16000	19.4	0	1139
16000	19.5	0	1238
16000	19.6	0	1161
16000	19.7	0	1227
16000	19.8	0	1104
16000	19.9	0	1152
20000	0	0	1174
20000	0.1	0	1207
20000	0.2	0	1230
20000	0.3	0	1223
20000	0.4	0	1314
20000	0.5	0	1400
20000	0.6	0	1401
20000	0.7	0	1460
20000	0.8	0	1602
20000	0.9	0	1717
20000	1	0	1860
20000	1.1	0	2119
20000	1.2	0	2340
20000	1.3	0	2577
20000	1.4	0	3012
20000	1.5	0	3489
20000	1.6	0	4139
20000	1.7	0	5054
20000	1.8	0	6170
20000	1.9	0	7639
20000	2	0	9893
20000	2.1	0	12505
20000	2.2	0	15979
20000	2.3	0	18684
20000	2.4	0	19550
20000	2.5	0	18582
20000	2.6	0	17707
20000	2.7	0	17772
20000	2.8	0	17790
20000	2.9	0	18010
20000	3	0	17842
20000	3.1	0	18093
20000	3.2	0	18199
20000	3.3	0	18406
20000	3.4	0	18028
20000	3.5	0	18149
20000	3.6	0	18110
20000	3.7	0	17876
20000	3.8	0	18062
20000	3.9	0	18030
20000	4	0	18006
20000	4.1	0	18071
20000	4.2	0	18102
20000	4.3	0	18212
20000	4.4	0	18097
20000	4.5	0	17870
20000	4.6	0	18066
20000	4.7	0	18001
20000	4.8	0	18154
20000	4.9	0	17888
20000	5	0	18091
20000	5.1	0	18249
20000	5.2	0	17821
20000	5.3	0	17132
20000	5.4	0	16431
20000	5.5	0	15552
20000	5.6	0	14842
20000	5.7	0	13704
20000	5.8	0	12643
20000	5.9	0	11540
20000	6	0	10898
20000	6.1	0	9701
20000	6.2	0	8881
20000	6.3	0	8423
20000	6.4	0	7465
20000	6.5	0	6867
20000	6.6	0	6499
20000	6.7	0	5895
20000	6.8	0	5329
20000	6.9	0	5064
20000	7	0	4766
20000	7.1	0	4378
20000	7.2	0	3956
20000	7.3	0	3825
20000	7.4	0	3671
20000	7.5	0	3355
20000	7.6	0	3142
20000	7.7	0	3076
20000	7.8	0	2913
20000	7.9	0	2750
20000	8	0	2560
20000	8.1	0	2578
20000	8.2	0	2376
20000	8.3	0	2341
20000	8.4	0	2308
20000	8.5	0	2151
20000	8.6	0	2071
20000	8.7	0	2026
20000	8.8	0	1810
20000	8.9	0	1851
20000	9	0	1751
20000	9.1	0	1755
20000	9.2	0	1672
20000	9.3	0	1670
20000	9.4	0	1562
20000	9.5	0	1530
20000	9.6	0	1473
20000	9.7	0	1493
20000	9.8	0	1460
20000	9.9	0	1481
20000	10	0	1321
20000	10.1	0	1331
20000	10.2	0	1253
20000	10.3	0	1329
20000	10.4	0	1256
20000	10.5	0	1241
20000	10.6	0	1191
20000	10.7	0	1241
20000	10.8	0	1235
20000	10.9	0	1189
20000	11	0	1255
20000	11.1	0	1162
20000	11.2	0	1205
20000	11.3	0	1164
20000	11.4	0	1112
20000	11.5	0	1152
20000	11.6	0	1189
20000	11.7	0	1086
20000	11.8	0	1113
20000	11.9	0	1137
20000	12	0	1142
20000	12.1	0	1141
20000	12.2	0	1130
20000	12.3	0	1138
20000	12.4	0	1181
20000	12.5	0	1165
20000	12.6	0	1166
20000	12.7	0	1113
20000	12.8	0	1132
20000	12.9	0	1113
20000	13	0	1106
20000	13.1	0	1123
20000	13.2	0	1112
20000	13.3	0	1113
20000	13.4	0	1138
20000	13.5	0	1136
20000	13.6	0	1182
20000	13.7	0	1093
20000	13.8	0	1178
20000	13.9	0	1112
20000	14	0	1121
20000	14.1	0	1143
20000	14.2	0	1095
20000	14.3	0	1075
20000	14.4	0	1174
20000	14.5	0	1178
20000	14.6	0	1114
20000	14.7	0	1143
20000	14.8	0	1117
20000	14.9	0	1146
20000	15	0	1131
20000	15.1	0	1173
20000	15.2	0	1123
20000	15.3	0	1177
20000	15.4	0	1134
20000	15.5	0	1172
20000	15.6	0	1174
20000	15.7	0	1174
20000	15.8	0	1087
20000	15.9	0	1144
20000	16	0	1147
20000	16.1	0	1117
20000	16.2	0	1089
20000	16.3	0	1124
20000	16.4	0	1125
20000	16.5	0	1125
20000	16.6	0	1102
20000	16.7	0	1149
20000	16.8	0	1145
20000	16.9	0	1162
20000	17	0	1124
20000	17.1	0	1117
20000	17.2	0	1158
20000	17.3	0	1127
20000	17.4	0	1060
20000	17.5	0	1131
20000	17.6	0	1132
20000	17.7	0	1175
20000	17.8	0	1160
20000	17.9	0	1145
20000	18	0	1125
20000	18.1	0	1166
20000	18.2	0	1106
20000	18.3	0	1194
20000	18.4	0	1120
20000	18.5	0	1171
20000	18.6	0	1139
20000	18.7	0	1137
20000	18.8	0	1171
20000	18.9	0	1194
20000	19	0	1099
20000	19.1	0	1166
20000	19.2	0	1099
20000	19.3	0	1125
20000	19.4	0	1165
20000	19.5	0	1205
20000	19.6	0	1211
20000	19.7	0	1181
20000	19.8	0	1176
20000	19.9	0	1126
