4000	0	0	1274
4000	0.1	0	1262
4000	0.2	0	1314
4000	0.3	0	1334
4000	0.4	0	1375
4000	0.5	0	1390
4000	0.6	0	1528
4000	0.7	0	1673
4000	0.8	0	1741
4000	0.9	0	1858
4000	1	0	2054
4000	1.1	0	2245
4000	1.2	0	2595
4000	1.3	0	3037
4000	1.4	0	3476
4000	1.5	0	3988
4000	1.6	0	4911
4000	1.7	0	5854
4000	1.8	0	7349
4000	1.9	0	9239
4000	2	0	11755
4000	2.1	0	14547
4000	2.2	0	17516
4000	2.3	0	19128
4000	2.4	0	18507
4000	2.5	0	16819
4000	2.6	0	16378
4000	2.7	0	16578
4000	2.8	0	16492
4000	2.9	0	16939
4000	3	0	17016
4000	3.1	0	17275
4000	3.2	0	17087
4000	3.3	0	17115
4000	3.4	0	16849
4000	3.5	0	17012
4000	3.6	0	16974
4000	3.7	0	16993
4000	3.8	0	16986
4000	3.9	0	17065
4000	4	0	17010
4000	4.1	0	16999
4000	4.2	0	16961
4000	4.3	0	17033
4000	4.4	0	16908
4000	4.5	0	16896
4000	4.6	0	17105
4000	4.7	0	16893
4000	4.8	0	16725
4000	4.9	0	17299
4000	5	0	16758
4000	5.1	0	16767
4000	5.2	0	16633
4000	5.3	0	16527
4000	5.4	0	16190
4000	5.5	0	15437
4000	5.6	0	14900
4000	5.7	0	14268
4000	5.8	0	13372
4000	5.9	0	12412
4000	6	0	11493
4000	6.1	0	10648
4000	6.2	0	9731
4000	6.3	0	8825
4000	6.4	0	8168
4000	6.5	0	7591
4000	6.6	0	6924
4000	6.7	0	6324
4000	6.8	0	6000
4000	6.9	0	5500
4000	7	0	5138
4000	7.1	0	4722
4000	7.2	0	4438
4000	7.3	0	4103
4000	7.4	0	3937
4000	7.5	0	3684
4000	7.6	0	3458
4000	7.7	0	3193
4000	7.8	0	3154
4000	7.9	0	2893
4000	8	0	2780
4000	8.1	0	2614
4000	8.2	0	2427
4000	8.3	0	2446
4000	8.4	0	2384
4000	8.5	0	2279
4000	8.6	0	2199
4000	8.7	0	2156
4000	8.8	0	2016
4000	8.9	0	1932
4000	9	0	1824
4000	9.1	0	1817
4000	9.2	0	1800
4000	9.3	0	1684
4000	9.4	0	1710
4000	9.5	0	1574
4000	9.6	0	1602
4000	9.7	0	1528
4000	9.8	0	1536
4000	9.9	0	1510
4000	10	0	1549
4000	10.1	0	1403
4000	10.2	0	1452
4000	10.3	0	1446
4000	10.4	0	1303
4000	10.5	0	1375
4000	10.6	0	1287
4000	10.7	0	1322
4000	10.8	0	1231
4000	10.9	0	1249
4000	11	0	1220
4000	11.1	0	1267
4000	11.2	0	1257
4000	11.3	0	1288
4000	11.4	0	1247
4000	11.5	0	1180
4000	11.6	0	1152
4000	11.7	0	1186
4000	11.8	0	1215
4000	11.9	0	1268
4000	12	0	1232
4000	12.1	0	1186
4000	12.2	0	1234
4000	12.3	0	1148
4000	12.4	0	1193
4000	12.5	0	1185
4000	12.6	0	1245
4000	12.7	0	1218
4000	12.8	0	1167
4000	12.9	0	1201
4000	13	0	1150
4000	13.1	0	1178
4000	13.2	0	1216
4000	13.3	0	1271
4000	13.4	0	1187
4000	13.5	0	1194
4000	13.6	0	1244
4000	13.7	0	1163
4000	13.8	0	1235
4000	13.9	0	1185
4000	14	0	1182
4000	14.1	0	1150
4000	14.2	0	1196
4000	14.3	0	1151
4000	14.4	0	1211
4000	14.5	0	1209
4000	14.6	0	1213
4000	14.7	0	1233
4000	14.8	0	1209
4000	14.9	0	1140
4000	15	0	1215
4000	15.1	0	1206
4000	15.2	0	1129
4000	15.3	0	1141
4000	15.4	0	1219
4000	15.5	0	1166
4000	15.6	0	1212
4000	15.7	0	1139
4000	15.8	0	1240
4000	15.9	0	1220
4000	16	0	1220
4000	16.1	0	1211
4000	16.2	0	1264
4000	16.3	0	1224
4000	16.4	0	1167
4000	16.5	0	1266
4000	16.6	0	1228
4000	16.7	0	1193
4000	16.8	0	1181
4000	16.9	0	1193
4000	17	0	1239
4000	17.1	0	1199
4000	17.2	0	1203
4000	17.3	0	1220
4000	17.4	0	1183
4000	17.5	0	1174
4000	17.6	0	1201
4000	17.7	0	1241
4000	17.8	0	1216
4000	17.9	0	1208
4000	18	0	1181
4000	18.1	0	1182
4000	18.2	0	1230
4000	18.3	0	1286
4000	18.4	0	1235
4000	18.5	0	1199
4000	18.6	0	1232
4000	18.7	0	1219
4000	18.8	0	1212
4000	18.9	0	1226
4000	19	0	1198
4000	19.1	0	1263
4000	19.2	0	1284
4000	19.3	0	1244
4000	19.4	0	1270
4000	19.5	0	1273
4000	19.6	0	1215
4000	19.7	0	1305
4000	19.8	0	1279
4000	19.9	0	1163
8000	0	0	1207
8000	0.1	0	1216
8000	0.2	0	1274
8000	0.3	0	1317
8000	0.4	0	1432
8000	0.5	0	1461
8000	0.6	0	1487
8000	0.7	0	1547
8000	0.8	0	1775
8000	0.9	0	1945
8000	1	0	2049
8000	1.1	0	2301
8000	1.2	0	2702
8000	1.3	0	3017
8000	1.4	0	3519
8000	1.5	0	3983
8000	1.6	0	4970
8000	1.7	0	5846
8000	1.8	0	7216
8000	1.9	0	9230
8000	2	0	11687
8000	2.1	0	14591
8000	2.2	0	17544
8000	2.3	0	19147
8000	2.4	0	18513
8000	2.5	0	16901
8000	2.6	0	16389
8000	2.7	0	16333
8000	2.8	0	16833
8000	2.9	0	16744
8000	3	0	17017
8000	3.1	0	17088
8000	3.2	0	17062
8000	3.3	0	17077
8000	3.4	0	17073
8000	3.5	0	17048
8000	3.6	0	17211
8000	3.7	0	16852
8000	3.8	0	17038
8000	3.9	0	17001
8000	4	0	16954
8000	4.1	0	17017
8000	4.2	0	17024
8000	4.3	0	17010
8000	4.4	0	17096
8000	4.5	0	17108
8000	4.6	0	16726
8000	4.7	0	17033
8000	4.8	0	16750
8000	4.9	0	16968
8000	5	0	17117
8000	5.1	0	16768
8000	5.2	0	16773
8000	5.3	0	16527
8000	5.4	0	16142
8000	5.5	0	15535
8000	5.6	0	14792
8000	5.7	0	14071
8000	5.8	0	13411
8000	5.9	0	12475
8000	6	0	11566
8000	6.1	0	10386
8000	6.2	0	9751
8000	6.3	0	8940
8000	6.4	0	8275
8000	6.5	0	7530
8000	6.6	0	6932
8000	6.7	0	6364
8000	6.8	0	5972
8000	6.9	0	5437
8000	7	0	5148
8000	7.1	0	4731
8000	7.2	0	4415
8000	7.3	0	4155
8000	7.4	0	3900
8000	7.5	0	3617
8000	7.6	0	3499
8000	7.7	0	3221
8000	7.8	0	3115
8000	7.9	0	2902
8000	8	0	2752
8000	8.1	0	2664
8000	8.2	0	2468
8000	8.3	0	2495
8000	8.4	0	2426
8000	8.5	0	2289
8000	8.6	0	2188
8000	8.7	0	2062
8000	8.8	0	1979
8000	8.9	0	1919
8000	9	0	1899
8000	9.1	0	1831
8000	9.2	0	1783
8000	9.3	0	1671
8000	9.4	0	1668
8000	9.5	0	1597
8000	9.6	0	1541
8000	9.7	0	1521
8000	9.8	0	1523
8000	9.9	0	1504
8000	10	0	1461
8000	10.1	0	1452
8000	10.2	0	1380
8000	10.3	0	1373
8000	10.4	0	1369
8000	10.5	0	1402
8000	10.6	0	1278
8000	10.7	0	1326
8000	10.8	0	1265
8000	10.9	0	1267
8000	11	0	1199
8000	11.1	0	1241
8000	11.2	0	1285
8000	11.3	0	1242
8000	11.4	0	1222
8000	11.5	0	1165
8000	11.6	0	1202
8000	11.7	0	1188
8000	11.8	0	1270
8000	11.9	0	1176
8000	12	0	1187
8000	12.1	0	1159
8000	12.2	0	1177
8000	12.3	0	1242
8000	12.4	0	1264
8000	12.5	0	1190
8000	12.6	0	1175
8000	12.7	0	1210
8000	12.8	0	1151
8000	12.9	0	1224
8000	13	0	1158
8000	13.1	0	1219
8000	13.2	0	1139
8000	13.3	0	1156
8000	13.4	0	1245
8000	13.5	0	1180
8000	13.6	0	1159
8000	13.7	0	1243
8000	13.8	0	1194
8000	13.9	0	1188
8000	14	0	1223
8000	14.1	0	1209
8000	14.2	0	1201
8000	14.3	0	1209
8000	14.4	0	1215
8000	14.5	0	1190
8000	14.6	0	1239
8000	14.7	0	1214
8000	14.8	0	1200
8000	14.9	0	1209
8000	15	0	1165
8000	15.1	0	1212
8000	15.2	0	1175
8000	15.3	0	1179
8000	15.4	0	1209
8000	15.5	0	1261
8000	15.6	0	1201
8000	15.7	0	1200
8000	15.8	0	1214
8000	15.9	0	1193
8000	16	0	1269
8000	16.1	0	1181
8000	16.2	0	1193
8000	16.3	0	1147
8000	16.4	0	1192
8000	16.5	0	1160
8000	16.6	0	1185
8000	16.7	0	1213
8000	16.8	0	1172
8000	16.9	0	1237
8000	17	0	1182
8000	17.1	0	1231
8000	17.2	0	1202
8000	17.3	0	1208
8000	17.4	0	1272
8000	17.5	0	1181
8000	17.6	0	1216
8000	17.7	0	1263
8000	17.8	0	1259
8000	17.9	0	1209
8000	18	0	1243
8000	18.1	0	1196
8000	18.2	0	1153
8000	18.3	0	1232
8000	18.4	0	1183
8000	18.5	0	1247
8000	18.6	0	1257
8000	18.7	0	1189
8000	18.8	0	1242
8000	18.9	0	1278
8000	19	0	1246
8000	19.1	0	1211
8000	19.2	0	1238
8000	19.3	0	1248
8000	19.4	0	1166
8000	19.5	0	1251
8000	19.6	0	1209
8000	19.7	0	1277
8000	19.8	0	1216
8000	19.9	0	1229
12000	0	0	1286
12000	0.1	0	1274
12000	0.2	0	1312
12000	0.3	0	1338
12000	0.4	0	1395
12000	0.5	0	1433
12000	0.6	0	1579
12000	0.7	0	1629
12000	0.8	0	1711
12000	0.9	0	1846
12000	1	0	2000
12000	1.1	0	2272
12000	1.2	0	2610
12000	1.3	0	3031
12000	1.4	0	3512
12000	1.5	0	4133
12000	1.6	0	4935
12000	1.7	0	5898
12000	1.8	0	7338
12000	1.9	0	9094
12000	2	0	11892
12000	2.1	0	14586
12000	2.2	0	17522
12000	2.3	0	19126
12000	2.4	0	18526
12000	2.5	0	16991
12000	2.6	0	16465
12000	2.7	0	16524
12000	2.8	0	16530
12000	2.9	0	16879
12000	3	0	17223
12000	3.1	0	17072
12000	3.2	0	17249
12000	3.3	0	17141
12000	3.4	0	16728
12000	3.5	0	17039
12000	3.6	0	16938
12000	3.7	0	17084
12000	3.8	0	16987
12000	3.9	0	17109
12000	4	0	17184
12000	4.1	0	16927
12000	4.2	0	17012
12000	4.3	0	17042
12000	4.4	0	17049
12000	4.5	0	16979
12000	4.6	0	17070
12000	4.7	0	16909
12000	4.8	0	16814
12000	4.9	0	16968
12000	5	0	16956
12000	5.1	0	16981
12000	5.2	0	16724
12000	5.3	0	16404
12000	5.4	0	16120
12000	5.5	0	15420
12000	5.6	0	15026
12000	5.7	0	14157
12000	5.8	0	13232
12000	5.9	0	12430
12000	6	0	11554
12000	6.1	0	10881
12000	6.2	0	9730
12000	6.3	0	8871
12000	6.4	0	8253
12000	6.5	0	7634
12000	6.6	0	6807
12000	6.7	0	6306
12000	6.8	0	5906
12000	6.9	0	5461
12000	7	0	5099
12000	7.1	0	4687
12000	7.2	0	4415
12000	7.3	0	4114
12000	7.4	0	3831
12000	7.5	0	3705
12000	7.6	0	3508
12000	7.7	0	3291
12000	7.8	0	3082
12000	7.9	0	2916
12000	8	0	2746
12000	8.1	0	2620
12000	8.2	0	2593
12000	8.3	0	2384
12000	8.4	0	2405
12000	8.5	0	2209
12000	8.6	0	2188
12000	8.7	0	2033
12000	8.8	0	2035
12000	8.9	0	1979
12000	9	0	1937
12000	9.1	0	1803
12000	9.2	0	1766
12000	9.3	0	1761
12000	9.4	0	1635
12000	9.5	0	1569
12000	9.6	0	1585
12000	9.7	0	1598
12000	9.8	0	1485
12000	9.9	0	1425
12000	10	0	1453
12000	10.1	0	1446
12000	10.2	0	1425
12000	10.3	0	1405
12000	10.4	0	1400
12000	10.5	0	1325
12000	10.6	0	1252
12000	10.7	0	1336
12000	10.8	0	1309
12000	10.9	0	1234
12000	11	0	1189
12000	11.1	0	1281
12000	11.2	0	1188
12000	11.3	0	1191
12000	11.4	0	1209
12000	11.5	0	1204
12000	11.6	0	1181
12000	11.7	0	1212
12000	11.8	0	1218
12000	11.9	0	1180
12000	12	0	1180
12000	12.1	0	1139
12000	12.2	0	1171
12000	12.3	0	1218
12000	12.4	0	1204
12000	12.5	0	1154
12000	12.6	0	1218
12000	12.7	0	1196
12000	12.8	0	1201
12000	12.9	0	1154
12000	13	0	1191
12000	13.1	0	1241
12000	13.2	0	1180
12000	13.3	0	1208
12000	13.4	0	1147
12000	13.5	0	1164
12000	13.6	0	1270
12000	13.7	0	1295
12000	13.8	0	1230
12000	13.9	0	1142
12000	14	0	1162
12000	14.1	0	1185
12000	14.2	0	1138
12000	14.3	0	1167
12000	14.4	0	1224
12000	14.5	0	1158
12000	14.6	0	1150
12000	14.7	0	1209
12000	14.8	0	1143
12000	14.9	0	1218
12000	15	0	1164
12000	15.1	0	1179
12000	15.2	0	1194
12000	15.3	0	1175
12000	15.4	0	1189
12000	15.5	0	1234
12000	15.6	0	1199
12000	15.7	0	1121
12000	15.8	0	1228
12000	15.9	0	1144
12000	16	0	1151
12000	16.1	0	1115
12000	16.2	0	1164
12000	16.3	0	1225
12000	16.4	0	1141
12000	16.5	0	1136
12000	16.6	0	1247
12000	16.7	0	1234
12000	16.8	0	1194
12000	16.9	0	1238
12000	17	0	1219
12000	17.1	0	1226
12000	17.2	0	1160
12000	17.3	0	1129
12000	17.4	0	1233
12000	17.5	0	1195
12000	17.6	0	1223
12000	17.7	0	1204
12000	17.8	0	1197
12000	17.9	0	1249
12000	18	0	1187
12000	18.1	0	1190
12000	18.2	0	1307
12000	18.3	0	1154
12000	18.4	0	1211
12000	18.5	0	1188
12000	18.6	0	1202
12000	18.7	0	1166
12000	18.8	0	1182
12000	18.9	0	1225
12000	19	0	1240
12000	19.1	0	1245
12000	19.2	0	1250
12000	19.3	0	1241
12000	19.4	0	1247
12000	19.5	0	1286
12000	19.6	0	1188
12000	19.7	0	1229
12000	19.8	0	1305
12000	19.9	0	1307
16000	0	0	1269
16000	0.1	0	1253
16000	0.2	0	1275
16000	0.3	0	1368
16000	0.4	0	1413
16000	0.5	0	1490
16000	0.6	0	1618
16000	0.7	0	1639
16000	0.8	0	1740
16000	0.9	0	1922
16000	1	0	2104
16000	1.1	0	2283
16000	1.2	0	2600
16000	1.3	0	2968
16000	1.4	0	3401
16000	1.5	0	4090
16000	1.6	0	4856
16000	1.7	0	5972
16000	1.8	0	7272
16000	1.9	0	9209
16000	2	0	11549
16000	2.1	0	14674
16000	2.2	0	17387
16000	2.3	0	19279
16000	2.4	0	18664
16000	2.5	0	16767
16000	2.6	0	16581
16000	2.7	0	16286
16000	2.8	0	16746
16000	2.9	0	16881
16000	3	0	17200
16000	3.1	0	17079
16000	3.2	0	16967
16000	3.3	0	17077
16000	3.4	0	17014
16000	3.5	0	17161
16000	3.6	0	17105
16000	3.7	0	16967
16000	3.8	0	17029
16000	3.9	0	17157
16000	4	0	17125
16000	4.1	0	16854
16000	4.2	0	16811
16000	4.3	0	17379
16000	4.4	0	16848
16000	4.5	0	17123
16000	4.6	0	17037
16000	4.7	0	16935
16000	4.8	0	16973
16000	4.9	0	16956
16000	5	0	16955
16000	5.1	0	16861
16000	5.2	0	16867
16000	5.3	0	16455
16000	5.4	0	16075
16000	5.5	0	15584
16000	5.6	0	14993
16000	5.7	0	14164
16000	5.8	0	13376
16000	5.9	0	12344
16000	6	0	11388
16000	6.1	0	10608
16000	6.2	0	9626
16000	6.3	0	8797
16000	6.4	0	8174
16000	6.5	0	7540
16000	6.6	0	7007
16000	6.7	0	6243
16000	6.8	0	6014
16000	6.9	0	5486
16000	7	0	5135
16000	7.1	0	4738
16000	7.2	0	4410
16000	7.3	0	4222
16000	7.4	0	3777
16000	7.5	0	3645
16000	7.6	0	3459
16000	7.7	0	3273
16000	7.8	0	3157
16000	7.9	0	2948
16000	8	0	2810
16000	8.1	0	2722
16000	8.2	0	2601
16000	8.3	0	2437
16000	8.4	0	2373
16000	8.5	0	2239
16000	8.6	0	2099
16000	8.7	0	2097
16000	8.8	0	2035
16000	8.9	0	1921
16000	9	0	1910
16000	9.1	0	1857
16000	9.2	0	1777
16000	9.3	0	1753
16000	9.4	0	1702
16000	9.5	0	1678
16000	9.6	0	1537
16000	9.7	0	1619
16000	9.8	0	1459
16000	9.9	0	1447
16000	10	0	1460
16000	10.1	0	1469
16000	10.2	0	1398
16000	10.3	0	1438
16000	10.4	0	1411
16000	10.5	0	1290
16000	10.6	0	1285
16000	10.7	0	1290
16000	10.8	0	1277
16000	10.9	0	1279
16000	11	0	1174
16000	11.1	0	1250
16000	11.2	0	1174
16000	11.3	0	1217
16000	11.4	0	1224
16000	11.5	0	1191
16000	11.6	0	1225
16000	11.7	0	1121
16000	11.8	0	1220
16000	11.9	0	1174
16000	12	0	1219
16000	12.1	0	1159
16000	12.2	0	1238
16000	12.3	0	1236
16000	12.4	0	1185
16000	12.5	0	1196
16000	12.6	0	1230
16000	12.7	0	1156
16000	12.8	0	1179
16000	12.9	0	1193
16000	13	0	1246
16000	13.1	0	1189
16000	13.2	0	1278
16000	13.3	0	1136
16000	13.4	0	1143
16000	13.5	0	1199
16000	13.6	0	1178
16000	13.7	0	1210
16000	13.8	0	1196
16000	13.9	0	1192
16000	14	0	1206
16000	14.1	0	1215
16000	14.2	0	1201
16000	14.3	0	1180
16000	14.4	0	1191
16000	14.5	0	1129
16000	14.6	0	1234
16000	14.7	0	1123
16000	14.8	0	1212
16000	14.9	0	1122
16000	15	0	1160
16000	15.1	0	1193
16000	15.2	0	1244
16000	15.3	0	1138
16000	15.4	0	1184
16000	15.5	0	1172
16000	15.6	0	1091
16000	15.7	0	1201
16000	15.8	0	1227
16000	15.9	0	1161
16000	16	0	1205
16000	16.1	0	1210
16000	16.2	0	1178
16000	16.3	0	1101
16000	16.4	0	1194
16000	16.5	0	1229
16000	16.6	0	1271
16000	16.7	0	1181
16000	16.8	0	1181
16000	16.9	0	1267
16000	17	0	1145
16000	17.1	0	1145
16000	17.2	0	1146
16000	17.3	0	1159
16000	17.4	0	1234
16000	17.5	0	1209
16000	17.6	0	1223
16000	17.7	0	1195
16000	17.8	0	1202
16000	17.9	0	1213
16000	18	0	1217
16000	18.1	0	1232
16000	18.2	0	1089
16000	18.3	0	1157
16000	18.4	0	1215
16000	18.5	0	1147
16000	18.6	0	1106
16000	18.7	0	1243
16000	18.8	0	1222
16000	18.9	0	1253
16000	19	0	1177
16000	19.1	0	1304
16000	19.2	0	1196
16000	19.3	0	1235
16000	19.4	0	1287
16000	19.5	0	1294
16000	19.6	0	1160
16000	19.7	0	1212
16000	19.8	0	1289
16000	19.9	0	1221
20000	0	0	1278
20000	0.1	0	1244
20000	0.2	0	1322
20000	0.3	0	1307
20000	0.4	0	1345
20000	0.5	0	1475
20000	0.6	0	1558
20000	0.7	0	1590
20000	0.8	0	1729
20000	0.9	0	1845
20000	1	0	2123
20000	1.1	0	2303
20000	1.2	0	2645
20000	1.3	0	2973
20000	1.4	0	3414
20000	1.5	0	4133
20000	1.6	0	4831
20000	1.7	0	5942
20000	1.8	0	7245
20000	1.9	0	9230
20000	2	0	11790
20000	2.1	0	14514
20000	2.2	0	17489
20000	2.3	0	19247
20000	2.4	0	18257
20000	2.5	0	16974
20000	2.6	0	16403
20000	2.7	0	16580
20000	2.8	0	16669
20000	2.9	0	16966
20000	3	0	17085
20000	3.1	0	17170
20000	3.2	0	17068
20000	3.3	0	17102
20000	3.4	0	16857
20000	3.5	0	17169
20000	3.6	0	17042
20000	3.7	0	17084
20000	3.8	0	17044
20000	3.9	0	16874
20000	4	0	17116
20000	4.1	0	16990
20000	4.2	0	17061
20000	4.3	0	17005
20000	4.4	0	17102
20000	4.5	0	16963
20000	4.6	0	16925
20000	4.7	0	16841
20000	4.8	0	16957
20000	4.9	0	17061
20000	5	0	17055
20000	5.1	0	16813
20000	5.2	0	16952
20000	5.3	0	16380
20000	5.4	0	16270
20000	5.5	0	15491
20000	5.6	0	14827
20000	5.7	0	14043
20000	5.8	0	13466
20000	5.9	0	12384
20000	6	0	11524
20000	6.1	0	10613
20000	6.2	0	9818
20000	6.3	0	9028
20000	6.4	0	8130
20000	6.5	0	7490
20000	6.6	0	6943
20000	6.7	0	6268
20000	6.8	0	5908
20000	6.9	0	5472
20000	7	0	5143
20000	7.1	0	4629
20000	7.2	0	4446
20000	7.3	0	4249
20000	7.4	0	3829
20000	7.5	0	3744
20000	7.6	0	3399
20000	7.7	0	3212
20000	7.8	0	3114
20000	7.9	0	2898
20000	8	0	2840
20000	8.1	0	2718
20000	8.2	0	2549
20000	8.3	0	2498
20000	8.4	0	2350
20000	8.5	0	2194
20000	8.6	0	2145
20000	8.7	0	2137
20000	8.8	0	2019
20000	8.9	0	1973
20000	9	0	1832
20000	9.1	0	1774
20000	9.2	0	1752
20000	9.3	0	1694
20000	9.4	0	1636
20000	9.5	0	1685
20000	9.6	0	1618
20000	9.7	0	1554
20000	9.8	0	1544
20000	9.9	0	1488
20000	10	0	1442
20000	10.1	0	1437
20000	10.2	0	1406
20000	10.3	0	1404
20000	10.4	0	1368
20000	10.5	0	1360
20000	10.6	0	1325
20000	10.7	0	1288
20000	10.8	0	1294
20000	10.9	0	1220
20000	11	0	1247
20000	11.1	0	1301
20000	11.2	0	1225
20000	11.3	0	1223
20000	11.4	0	1197
20000	11.5	0	1210
20000	11.6	0	1200
20000	11.7	0	1136
20000	11.8	0	1234
20000	11.9	0	1182
20000	12	0	1256
20000	12.1	0	1165
20000	12.2	0	1225
20000	12.3	0	1130
20000	12.4	0	1213
20000	12.5	0	1205
20000	12.6	0	1186
20000	12.7	0	1201
20000	12.8	0	1142
20000	12.9	0	1213
20000	13	0	1109
20000	13.1	0	1201
20000	13.2	0	1140
20000	13.3	0	1194
20000	13.4	0	1185
20000	13.5	0	1172
20000	13.6	0	1184
20000	13.7	0	1198
20000	13.8	0	1140
20000	13.9	0	1198
20000	14	0	1246
20000	14.1	0	1122
20000	14.2	0	1220
20000	14.3	0	1201
20000	14.4	0	1153
20000	14.5	0	1103
20000	14.6	0	1192
20000	14.7	0	1194
20000	14.8	0	1250
20000	14.9	0	1171
20000	15	0	1155
20000	15.1	0	1158
20000	15.2	0	1205
20000	15.3	0	1219
20000	15.4	0	1207
20000	15.5	0	1130
20000	15.6	0	1206
20000	15.7	0	1261
20000	15.8	0	1196
20000	15.9	0	1228
20000	16	0	1149
20000	16.1	0	1236
20000	16.2	0	1131
20000	16.3	0	1193
20000	16.4	0	1206
20000	16.5	0	1247
20000	16.6	0	1217
20000	16.7	0	1237
20000	16.8	0	1204
20000	16.9	0	1225
20000	17	0	1193
20000	17.1	0	1177
20000	17.2	0	1143
20000	17.3	0	1238
20000	17.4	0	1190
20000	17.5	0	1232
20000	17.6	0	1125
20000	17.7	0	1169
20000	17.8	0	1210
20000	17.9	0	1186
20000	18	0	1147
20000	18.1	0	1172
20000	18.2	0	1205
20000	18.3	0	1246
20000	18.4	0	1179
20000	18.5	0	1210
20000	18.6	0	1205
20000	18.7	0	1269
20000	18.8	0	1223
20000	18.9	0	1184
20000	19	0	1206
20000	19.1	0	1279
20000	19.2	0	1202
20000	19.3	0	1263
20000	19.4	0	1204
20000	19.5	0	1273
20000	19.6	0	1180
20000	19.7	0	1284
20000	19.8	0	1203
20000	19.9	0	1310
