4000	0	0	1264
4000	0.1	0	1290
4000	0.2	0	1310
4000	0.3	0	1397
4000	0.4	0	1409
4000	0.5	0	1390
4000	0.6	0	1521
4000	0.7	0	1680
4000	0.8	0	1782
4000	0.9	0	1934
4000	1	0	2162
4000	1.1	0	2394
4000	1.2	0	2635
4000	1.3	0	3044
4000	1.4	0	3539
4000	1.5	0	4285
4000	1.6	0	4968
4000	1.7	0	6224
4000	1.8	0	7527
4000	1.9	0	9598
4000	2	0	12155
4000	2.1	0	15158
4000	2.2	0	17830
4000	2.3	0	18987
4000	2.4	0	18131
4000	2.5	0	16684
4000	2.6	0	16239
4000	2.7	0	16270
4000	2.8	0	16621
4000	2.9	0	16822
4000	3	0	17096
4000	3.1	0	16905
4000	3.2	0	16983
4000	3.3	0	16863
4000	3.4	0	16950
4000	3.5	0	16787
4000	3.6	0	16872
4000	3.7	0	16826
4000	3.8	0	16792
4000	3.9	0	16723
4000	4	0	16833
4000	4.1	0	16887
4000	4.2	0	16881
4000	4.3	0	16798
4000	4.4	0	16688
4000	4.5	0	16803
4000	4.6	0	16646
4000	4.7	0	16738
4000	4.8	0	16832
4000	4.9	0	16610
4000	5	0	16735
4000	5.1	0	16814
4000	5.2	0	16391
4000	5.3	0	16286
4000	5.4	0	15794
4000	5.5	0	15500
4000	5.6	0	15007
4000	5.7	0	14151
4000	5.8	0	13393
4000	5.9	0	12418
4000	6	0	11502
4000	6.1	0	10924
4000	6.2	0	9856
4000	6.3	0	9040
4000	6.4	0	8289
4000	6.5	0	7636
4000	6.6	0	6966
4000	6.7	0	6581
4000	6.8	0	5896
4000	6.9	0	5491
4000	7	0	5205
4000	7.1	0	4786
4000	7.2	0	4387
4000	7.3	0	4103
4000	7.4	0	3890
4000	7.5	0	3588
4000	7.6	0	3573
4000	7.7	0	3258
4000	7.8	0	3026
4000	7.9	0	3088
4000	8	0	2805
4000	8.1	0	2727
4000	8.2	0	2593
4000	8.3	0	2500
4000	8.4	0	2375
4000	8.5	0	2352
4000	8.6	0	2199
4000	8.7	0	2050
4000	8.8	0	2038
4000	8.9	0	1946
4000	9	0	1837
4000	9.1	0	1857
4000	9.2	0	1770
4000	9.3	0	1742
4000	9.4	0	1768
4000	9.5	0	1627
4000	9.6	0	1567
4000	9.7	0	1560
4000	9.8	0	1503
4000	9.9	0	1458
4000	10	0	1417
4000	10.1	0	1426
4000	10.2	0	1351
4000	10.3	0	1364
4000	10.4	0	1392
4000	10.5	0	1305
4000	10.6	0	1321
4000	10.7	0	1295
4000	10.8	0	1239
4000	10.9	0	1310
4000	11	0	1322
4000	11.1	0	1280
4000	11.2	0	1219
4000	11.3	0	1258
4000	11.4	0	1293
4000	11.5	0	1226
4000	11.6	0	1212
4000	11.7	0	1195
4000	11.8	0	1203
4000	11.9	0	1197
4000	12	0	1216
4000	12.1	0	1213
4000	12.2	0	1204
4000	12.3	0	1282
4000	12.4	0	1235
4000	12.5	0	1178
4000	12.6	0	1156
4000	12.7	0	1202
4000	12.8	0	1257
4000	12.9	0	1202
4000	13	0	1209
4000	13.1	0	1222
4000	13.2	0	1162
4000	13.3	0	1162
4000	13.4	0	1187
4000	13.5	0	1202
4000	13.6	0	1135
4000	13.7	0	1134
4000	13.8	0	1221
4000	13.9	0	1230
4000	14	0	1177
4000	14.1	0	1174
4000	14.2	0	1286
4000	14.3	0	1207
4000	14.4	0	1242
4000	14.5	0	1192
4000	14.6	0	1168
4000	14.7	0	1172
4000	14.8	0	1217
4000	14.9	0	1282
4000	15	0	1212
4000	15.1	0	1228
4000	15.2	0	1216
4000	15.3	0	1237
4000	15.4	0	1190
4000	15.5	0	1216
4000	15.6	0	1239
4000	15.7	0	1245
4000	15.8	0	1211
4000	15.9	0	1204
4000	16	0	1216
4000	16.1	0	1134
4000	16.2	0	1240
4000	16.3	0	1195
4000	16.4	0	1177
4000	16.5	0	1280
4000	16.6	0	1219
4000	16.7	0	1242
4000	16.8	0	1205
4000	16.9	0	1279
4000	17	0	1224
4000	17.1	0	1206
4000	17.2	0	1233
4000	17.3	0	1199
4000	17.4	0	1191
4000	17.5	0	1137
4000	17.6	0	1207
4000	17.7	0	1265
4000	17.8	0	1184
4000	17.9	0	1276
4000	18	0	1250
4000	18.1	0	1180
4000	18.2	0	1229
4000	18.3	0	1261
4000	18.4	0	1209
4000	18.5	0	1240
4000	18.6	0	1269
4000	18.7	0	1210
4000	18.8	0	1311
4000	18.9	0	1213
4000	19	0	1198
4000	19.1	0	1226
4000	19.2	0	1311
4000	19.3	0	1200
4000	19.4	0	1287
4000	19.5	0	1320
4000	19.6	0	1273
4000	19.7	0	1254
4000	19.8	0	1225
4000	19.9	0	1265
8000	0	0	1315
8000	0.1	0	1353
8000	0.2	0	1274
8000	0.3	0	1244
8000	0.4	0	1440
8000	0.5	0	1509
8000	0.6	0	1523
8000	0.7	0	1647
8000	0.8	0	1799
8000	0.9	0	1917
8000	1	0	2150
8000	1.1	0	2420
8000	1.2	0	2729
8000	1.3	0	3085
8000	1.4	0	3537
8000	1.5	0	4278
8000	1.6	0	5017
8000	1.7	0	6118
8000	1.8	0	7629
8000	1.9	0	9599
8000	2	0	12028
8000	2.1	0	15172
8000	2.2	0	17833
8000	2.3	0	18992
8000	2.4	0	18035
8000	2.5	0	16662
8000	2.6	0	16222
8000	2.7	0	16201
8000	2.8	0	16450
8000	2.9	0	16923
8000	3	0	16884
8000	3.1	0	17090
8000	3.2	0	16816
8000	3.3	0	16960
8000	3.4	0	16730
8000	3.5	0	16840
8000	3.6	0	16750
8000	3.7	0	16805
8000	3.8	0	16742
8000	3.9	0	16744
8000	4	0	16854
8000	4.1	0	16828
8000	4.2	0	16792
8000	4.3	0	16874
8000	4.4	0	16897
8000	4.5	0	16724
8000	4.6	0	16483
8000	4.7	0	16697
8000	4.8	0	16815
8000	4.9	0	16869
8000	5	0	16648
8000	5.1	0	16772
8000	5.2	0	16593
8000	5.3	0	16157
8000	5.4	0	16025
8000	5.5	0	15473
8000	5.6	0	14806
8000	5.7	0	14247
8000	5.8	0	13565
8000	5.9	0	12388
8000	6	0	11590
8000	6.1	0	10817
8000	6.2	0	9891
8000	6.3	0	9101
8000	6.4	0	8386
8000	6.5	0	7661
8000	6.6	0	7158
8000	6.7	0	6509
8000	6.8	0	6007
8000	6.9	0	5547
8000	7	0	5024
8000	7.1	0	4785
8000	7.2	0	4329
8000	7.3	0	4187
8000	7.4	0	3866
8000	7.5	0	3621
8000	7.6	0	3476
8000	7.7	0	3349
8000	7.8	0	3084
8000	7.9	0	2983
8000	8	0	2796
8000	8.1	0	2648
8000	8.2	0	2626
8000	8.3	0	2457
8000	8.4	0	2415
8000	8.5	0	2259
8000	8.6	0	2256
8000	8.7	0	2102
8000	8.8	0	2042
8000	8.9	0	2001
8000	9	0	1961
8000	9.1	0	1808
8000	9.2	0	1801
8000	9.3	0	1809
8000	9.4	0	1670
8000	9.5	0	1651
8000	9.6	0	1631
8000	9.7	0	1642
8000	9.8	0	1485
8000	9.9	0	1477
8000	10	0	1467
8000	10.1	0	1474
8000	10.2	0	1359
8000	10.3	0	1399
8000	10.4	0	1387
8000	10.5	0	1336
8000	10.6	0	1385
8000	10.7	0	1316
8000	10.8	0	1304
8000	10.9	0	1324
8000	11	0	1215
8000	11.1	0	1306
8000	11.2	0	1259
8000	11.3	0	1215
8000	11.4	0	1263
8000	11.5	0	1279
8000	11.6	0	1262
8000	11.7	0	1236
8000	11.8	0	1252
8000	11.9	0	1214
8000	12	0	1220
8000	12.1	0	1183
8000	12.2	0	1194
8000	12.3	0	1186
8000	12.4	0	1187
8000	12.5	0	1170
8000	12.6	0	1186
8000	12.7	0	1163
8000	12.8	0	1206
8000	12.9	0	1213
8000	13	0	1219
8000	13.1	0	1145
8000	13.2	0	1214
8000	13.3	0	1198
8000	13.4	0	1130
8000	13.5	0	1238
8000	13.6	0	1230
8000	13.7	0	1211
8000	13.8	0	1205
8000	13.9	0	1236
8000	14	0	1160
8000	14.1	0	1169
8000	14.2	0	1137
8000	14.3	0	1160
8000	14.4	0	1208
8000	14.5	0	1148
8000	14.6	0	1214
8000	14.7	0	1184
8000	14.8	0	1193
8000	14.9	0	1256
8000	15	0	1182
8000	15.1	0	1217
8000	15.2	0	1205
8000	15.3	0	1179
8000	15.4	0	1245
8000	15.5	0	1134
8000	15.6	0	1210
8000	15.7	0	1153
8000	15.8	0	1212
8000	15.9	0	1192
8000	16	0	1229
8000	16.1	0	1251
8000	16.2	0	1200
8000	16.3	0	1163
8000	16.4	0	1215
8000	16.5	0	1174
8000	16.6	0	1182
8000	16.7	0	1212
8000	16.8	0	1196
8000	16.9	0	1222
8000	17	0	1211
8000	17.1	0	1224
8000	17.2	0	1231
8000	17.3	0	1226
8000	17.4	0	1246
8000	17.5	0	1228
8000	17.6	0	1243
8000	17.7	0	1216
8000	17.8	0	1240
8000	17.9	0	1234
8000	18	0	1227
8000	18.1	0	1248
8000	18.2	0	1208
8000	18.3	0	1169
8000	18.4	0	1175
8000	18.5	0	1219
8000	18.6	0	1253
8000	18.7	0	1223
8000	18.8	0	1195
8000	18.9	0	1286
8000	19	0	1269
8000	19.1	0	1232
8000	19.2	0	1227
8000	19.3	0	1222
8000	19.4	0	1257
8000	19.5	0	1277
8000	19.6	0	1266
8000	19.7	0	1303
8000	19.8	0	1331
8000	19.9	0	1249
12000	0	0	1242
12000	0.1	0	1288
12000	0.2	0	1248
12000	0.3	0	1286
12000	0.4	0	1472
12000	0.5	0	1475
12000	0.6	0	1487
12000	0.7	0	1645
12000	0.8	0	1778
12000	0.9	0	1968
12000	1	0	2137
12000	1.1	0	2367
12000	1.2	0	2679
12000	1.3	0	2909
12000	1.4	0	3556
12000	1.5	0	4239
12000	1.6	0	5066
12000	1.7	0	6090
12000	1.8	0	7543
12000	1.9	0	9455
12000	2	0	12302
12000	2.1	0	14976
12000	2.2	0	17971
12000	2.3	0	18835
12000	2.4	0	18292
12000	2.5	0	16615
12000	2.6	0	16167
12000	2.7	0	16431
12000	2.8	0	16523
12000	2.9	0	16801
12000	3	0	16821
12000	3.1	0	17106
12000	3.2	0	16942
12000	3.3	0	16893
12000	3.4	0	16863
12000	3.5	0	16586
12000	3.6	0	16670
12000	3.7	0	16922
12000	3.8	0	16775
12000	3.9	0	16866
12000	4	0	16805
12000	4.1	0	16820
12000	4.2	0	16857
12000	4.3	0	16804
12000	4.4	0	16798
12000	4.5	0	16549
12000	4.6	0	16730
12000	4.7	0	16846
12000	4.8	0	16622
12000	4.9	0	16909
12000	5	0	16732
12000	5.1	0	16640
12000	5.2	0	16448
12000	5.3	0	16386
12000	5.4	0	16140
12000	5.5	0	15239
12000	5.6	0	14963
12000	5.7	0	14060
12000	5.8	0	13477
12000	5.9	0	12540
12000	6	0	11656
12000	6.1	0	10710
12000	6.2	0	10055
12000	6.3	0	9139
12000	6.4	0	8356
12000	6.5	0	7645
12000	6.6	0	7119
12000	6.7	0	6506
12000	6.8	0	5880
12000	6.9	0	5618
12000	7	0	5233
12000	7.1	0	4864
12000	7.2	0	4472
12000	7.3	0	4220
12000	7.4	0	3953
12000	7.5	0	3604
12000	7.6	0	3449
12000	7.7	0	3270
12000	7.8	0	3110
12000	7.9	0	2976
12000	8	0	2714
12000	8.1	0	2709
12000	8.2	0	2537
12000	8.3	0	2538
12000	8.4	0	2392
12000	8.5	0	2203
12000	8.6	0	2169
12000	8.7	0	2149
12000	8.8	0	2012
12000	8.9	0	1978
12000	9	0	1924
12000	9.1	0	1905
12000	9.2	0	1775
12000	9.3	0	1771
12000	9.4	0	1666
12000	9.5	0	1652
12000	9.6	0	1574
12000	9.7	0	1559
12000	9.8	0	1593
12000	9.9	0	1518
12000	10	0	1453
12000	10.1	0	1466
12000	10.2	0	1375
12000	10.3	0	1362
12000	10.4	0	1411
12000	10.5	0	1299
12000	10.6	0	1275
12000	10.7	0	1266
12000	10.8	0	1260
12000	10.9	0	1277
12000	11	0	1228
12000	11.1	0	1282
12000	11.2	0	1235
12000	11.3	0	1182
12000	11.4	0	1241
12000	11.5	0	1260
12000	11.6	0	1228
12000	11.7	0	1186
12000	11.8	0	1199
12000	11.9	0	1260
12000	12	0	1152
12000	12.1	0	1204
12000	12.2	0	1198
12000	12.3	0	1231
12000	12.4	0	1239
12000	12.5	0	1194
12000	12.6	0	1169
12000	12.7	0	1256
12000	12.8	0	1174
12000	12.9	0	1160
12000	13	0	1192
12000	13.1	0	1270
12000	13.2	0	1200
12000	13.3	0	1203
12000	13.4	0	1221
12000	13.5	0	1258
12000	13.6	0	1220
12000	13.7	0	1142
12000	13.8	0	1214
12000	13.9	0	1256
12000	14	0	1154
12000	14.1	0	1200
12000	14.2	0	1220
12000	14.3	0	1160
12000	14.4	0	1175
12000	14.5	0	1209
12000	14.6	0	1233
12000	14.7	0	1214
12000	14.8	0	1224
12000	14.9	0	1173
12000	15	0	1231
12000	15.1	0	1267
12000	15.2	0	1229
12000	15.3	0	1228
12000	15.4	0	1208
12000	15.5	0	1256
12000	15.6	0	1210
12000	15.7	0	1195
12000	15.8	0	1215
12000	15.9	0	1192
12000	16	0	1215
12000	16.1	0	1167
12000	16.2	0	1248
12000	16.3	0	1194
12000	16.4	0	1175
12000	16.5	0	1196
12000	16.6	0	1220
12000	16.7	0	1265
12000	16.8	0	1236
12000	16.9	0	1253
12000	17	0	1239
12000	17.1	0	1180
12000	17.2	0	1183
12000	17.3	0	1212
12000	17.4	0	1242
12000	17.5	0	1161
12000	17.6	0	1304
12000	17.7	0	1159
12000	17.8	0	1270
12000	17.9	0	1207
12000	18	0	1254
12000	18.1	0	1223
12000	18.2	0	1250
12000	18.3	0	1273
12000	18.4	0	1287
12000	18.5	0	1224
12000	18.6	0	1199
12000	18.7	0	1217
12000	18.8	0	1219
12000	18.9	0	1223
12000	19	0	1244
12000	19.1	0	1177
12000	19.2	0	1263
12000	19.3	0	1182
12000	19.4	0	1265
12000	19.5	0	1208
12000	19.6	0	1219
12000	19.7	0	1229
12000	19.8	0	1282
12000	19.9	0	1320
16000	0	0	1278
16000	0.1	0	1240
16000	0.2	0	1276
16000	0.3	0	1356
16000	0.4	0	1389
16000	0.5	0	1422
16000	0.6	0	1568
16000	0.7	0	1618
16000	0.8	0	1742
16000	0.9	0	1848
16000	1	0	2061
16000	1.1	0	2353
16000	1.2	0	2694
16000	1.3	0	3072
16000	1.4	0	3528
16000	1.5	0	4262
16000	1.6	0	4933
16000	1.7	0	6207
16000	1.8	0	7777
16000	1.9	0	9676
16000	2	0	12137
16000	2.1	0	15126
16000	2.2	0	17910
16000	2.3	0	19027
16000	2.4	0	18062
16000	2.5	0	16571
16000	2.6	0	16251
16000	2.7	0	16210
16000	2.8	0	16573
16000	2.9	0	16812
16000	3	0	16908
16000	3.1	0	16944
16000	3.2	0	17109
16000	3.3	0	16796
16000	3.4	0	16653
16000	3.5	0	16845
16000	3.6	0	16988
16000	3.7	0	16742
16000	3.8	0	16917
16000	3.9	0	16860
16000	4	0	16776
16000	4.1	0	16760
16000	4.2	0	16935
16000	4.3	0	16690
16000	4.4	0	16916
16000	4.5	0	16705
16000	4.6	0	16896
16000	4.7	0	16786
16000	4.8	0	16689
16000	4.9	0	16658
16000	5	0	16960
16000	5.1	0	16784
16000	5.2	0	16602
16000	5.3	0	16151
16000	5.4	0	16111
16000	5.5	0	15517
16000	5.6	0	14767
16000	5.7	0	14296
16000	5.8	0	13512
16000	5.9	0	12495
16000	6	0	11719
16000	6.1	0	10717
16000	6.2	0	9864
16000	6.3	0	9071
16000	6.4	0	8374
16000	6.5	0	7665
16000	6.6	0	7003
16000	6.7	0	6671
16000	6.8	0	5979
16000	6.9	0	5532
16000	7	0	5194
16000	7.1	0	4623
16000	7.2	0	4427
16000	7.3	0	4258
16000	7.4	0	3856
16000	7.5	0	3689
16000	7.6	0	3482
16000	7.7	0	3363
16000	7.8	0	3046
16000	7.9	0	2977
16000	8	0	2859
16000	8.1	0	2763
16000	8.2	0	2581
16000	8.3	0	2398
16000	8.4	0	2378
16000	8.5	0	2306
16000	8.6	0	2157
16000	8.7	0	2106
16000	8.8	0	2074
16000	8.9	0	1994
16000	9	0	1853
16000	9.1	0	1806
16000	9.2	0	1846
16000	9.3	0	1764
16000	9.4	0	1629
16000	9.5	0	1602
16000	9.6	0	1642
16000	9.7	0	1522
16000	9.8	0	1583
16000	9.9	0	1435
16000	10	0	1480
16000	10.1	0	1428
16000	10.2	0	1405
16000	10.3	0	1426
16000	10.4	0	1339
16000	10.5	0	1321
16000	10.6	0	1280
16000	10.7	0	1263
16000	10.8	0	1331
16000	10.9	0	1265
16000	11	0	1290
16000	11.1	0	1244
16000	11.2	0	1228
16000	11.3	0	1243
16000	11.4	0	1224
16000	11.5	0	1215
16000	11.6	0	1271
16000	11.7	0	1209
16000	11.8	0	1180
16000	11.9	0	1242
16000	12	0	1230
16000	12.1	0	1173
16000	12.2	0	1163
16000	12.3	0	1251
16000	12.4	0	1244
16000	12.5	0	1140
16000	12.6	0	1178
16000	12.7	0	1241
16000	12.8	0	1221
16000	12.9	0	1211
16000	13	0	1177
16000	13.1	0	1229
16000	13.2	0	1220
16000	13.3	0	1218
16000	13.4	0	1153
16000	13.5	0	1162
16000	13.6	0	1197
16000	13.7	0	1168
16000	13.8	0	1232
16000	13.9	0	1154
16000	14	0	1191
16000	14.1	0	1226
16000	14.2	0	1228
16000	14.3	0	1217
16000	14.4	0	1182
16000	14.5	0	1192
16000	14.6	0	1205
16000	14.7	0	1169
16000	14.8	0	1196
16000	14.9	0	1217
16000	15	0	1198
16000	15.1	0	1161
16000	15.2	0	1136
16000	15.3	0	1193
16000	15.4	0	1161
16000	15.5	0	1215
16000	15.6	0	1253
16000	15.7	0	1126
16000	15.8	0	1166
16000	15.9	0	1221
16000	16	0	1226
16000	16.1	0	1184
16000	16.2	0	1206
16000	16.3	0	1222
16000	16.4	0	1193
16000	16.5	0	1166
16000	16.6	0	1171
16000	16.7	0	1210
16000	16.8	0	1217
16000	16.9	0	1178
16000	17	0	1263
16000	17.1	0	1218
16000	17.2	0	1170
16000	17.3	0	1278
16000	17.4	0	1192
16000	17.5	0	1245
16000	17.6	0	1202
16000	17.7	0	1331
16000	17.8	0	1152
16000	17.9	0	1191
16000	18	0	1184
16000	18.1	0	1178
16000	18.2	0	1246
16000	18.3	0	1235
16000	18.4	0	1241
16000	18.5	0	1212
16000	18.6	0	1227
16000	18.7	0	1237
16000	18.8	0	1279
16000	18.9	0	1259
16000	19	0	1234
16000	19.1	0	1206
16000	19.2	0	1190
16000	19.3	0	1195
16000	19.4	0	1245
16000	19.5	0	1240
16000	19.6	0	1179
16000	19.7	0	1265
16000	19.8	0	1265
16000	19.9	0	1214
20000	0	0	1262
20000	0.1	0	1281
20000	0.2	0	1298
20000	0.3	0	1352
20000	0.4	0	1375
20000	0.5	0	1463
20000	0.6	0	1530
20000	0.7	0	1620
20000	0.8	0	1774
20000	0.9	0	1935
20000	1	0	2119
20000	1.1	0	2369
20000	1.2	0	2746
20000	1.3	0	3063
20000	1.4	0	3452
20000	1.5	0	4080
20000	1.6	0	4801
20000	1.7	0	6168
20000	1.8	0	7625
20000	1.9	0	9527
20000	2	0	12263
20000	2.1	0	15010
20000	2.2	0	17853
20000	2.3	0	18995
20000	2.4	0	18169
20000	2.5	0	16521
20000	2.6	0	16216
20000	2.7	0	16326
20000	2.8	0	16695
20000	2.9	0	16488
20000	3	0	17154
20000	3.1	0	16993
20000	3.2	0	16946
20000	3.3	0	16958
20000	3.4	0	16661
20000	3.5	0	16870
20000	3.6	0	16848
20000	3.7	0	16750
20000	3.8	0	17045
20000	3.9	0	16830
20000	4	0	16888
20000	4.1	0	16499
20000	4.2	0	17177
20000	4.3	0	16775
20000	4.4	0	16758
20000	4.5	0	16893
20000	4.6	0	16675
20000	4.7	0	16774
20000	4.8	0	16766
20000	4.9	0	16807
20000	5	0	16853
20000	5.1	0	16458
20000	5.2	0	16735
20000	5.3	0	16291
20000	5.4	0	16020
20000	5.5	0	15590
20000	5.6	0	14980
20000	5.7	0	14270
20000	5.8	0	13269
20000	5.9	0	12565
20000	6	0	11543
20000	6.1	0	10767
20000	6.2	0	10015
20000	6.3	0	9203
20000	6.4	0	8323
20000	6.5	0	7652
20000	6.6	0	7033
20000	6.7	0	6528
20000	6.8	0	5947
20000	6.9	0	5548
20000	7	0	5147
20000	7.1	0	4755
20000	7.2	0	4387
20000	7.3	0	4108
20000	7.4	0	3863
20000	7.5	0	3619
20000	7.6	0	3508
20000	7.7	0	3388
20000	7.8	0	3010
20000	7.9	0	3048
20000	8	0	2816
20000	8.1	0	2699
20000	8.2	0	2608
20000	8.3	0	2359
20000	8.4	0	2432
20000	8.5	0	2288
20000	8.6	0	2130
20000	8.7	0	2142
20000	8.8	0	2003
20000	8.9	0	2019
20000	9	0	1836
20000	9.1	0	1828
20000	9.2	0	1767
20000	9.3	0	1793
20000	9.4	0	1671
20000	9.5	0	1581
20000	9.6	0	1572
20000	9.7	0	1579
20000	9.8	0	1588
20000	9.9	0	1539
20000	10	0	1463
20000	10.1	0	1445
20000	10.2	0	1403
20000	10.3	0	1403
20000	10.4	0	1379
20000	10.5	0	1341
20000	10.6	0	1397
20000	10.7	0	1347
20000	10.8	0	1300
20000	10.9	0	1296
20000	11	0	1269
20000	11.1	0	1235
20000	11.2	0	1259
20000	11.3	0	1227
20000	11.4	0	1256
20000	11.5	0	1171
20000	11.6	0	1169
20000	11.7	0	1189
20000	11.8	0	1159
20000	11.9	0	1186
20000	12	0	1192
20000	12.1	0	1232
20000	12.2	0	1169
20000	12.3	0	1214
20000	12.4	0	1161
20000	12.5	0	1162
20000	12.6	0	1214
20000	12.7	0	1195
20000	12.8	0	1160
20000	12.9	0	1143
20000	13	0	1208
20000	13.1	0	1232
20000	13.2	0	1172
20000	13.3	0	1196
20000	13.4	0	1182
20000	13.5	0	1186
20000	13.6	0	1179
20000	13.7	0	1170
20000	13.8	0	1187
20000	13.9	0	1254
20000	14	0	1214
20000	14.1	0	1233
20000	14.2	0	1296
20000	14.3	0	1155
20000	14.4	0	1159
20000	14.5	0	1232
20000	14.6	0	1217
20000	14.7	0	1194
20000	14.8	0	1199
20000	14.9	0	1236
20000	15	0	1194
20000	15.1	0	1158
20000	15.2	0	1196
20000	15.3	0	1201
20000	15.4	0	1288
20000	15.5	0	1190
20000	15.6	0	1214
20000	15.7	0	1182
20000	15.8	0	1177
20000	15.9	0	1142
20000	16	0	1228
20000	16.1	0	1235
20000	16.2	0	1190
20000	16.3	0	1206
20000	16.4	0	1195
20000	16.5	0	1253
20000	16.6	0	1236
20000	16.7	0	1159
20000	16.8	0	1228
20000	16.9	0	1193
20000	17	0	1187
20000	17.1	0	1210
20000	17.2	0	1176
20000	17.3	0	1203
20000	17.4	0	1192
20000	17.5	0	1288
20000	17.6	0	1279
20000	17.7	0	1255
20000	17.8	0	1162
20000	17.9	0	1255
20000	18	0	1221
20000	18.1	0	1238
20000	18.2	0	1250
20000	18.3	0	1281
20000	18.4	0	1235
20000	18.5	0	1200
20000	18.6	0	1195
20000	18.7	0	1198
20000	18.8	0	1248
20000	18.9	0	1251
20000	19	0	1223
20000	19.1	0	1268
20000	19.2	0	1198
20000	19.3	0	1239
20000	19.4	0	1228
20000	19.5	0	1220
20000	19.6	0	1287
20000	19.7	0	1263
20000	19.8	0	1234
20000	19.9	0	1298
