4000	0	0	1107
4000	0.1	0	1071
4000	0.2	0	1136
4000	0.3	0	1177
4000	0.4	0	1186
4000	0.5	0	1223
4000	0.6	0	1285
4000	0.7	0	1435
4000	0.8	0	1508
4000	0.9	0	1653
4000	1	0	1793
4000	1.1	0	1906
4000	1.2	0	2147
4000	1.3	0	2315
4000	1.4	0	2785
4000	1.5	0	3156
4000	1.6	0	3786
4000	1.7	0	4560
4000	1.8	0	5478
4000	1.9	0	6968
4000	2	0	8919
4000	2.1	0	11494
4000	2.2	0	14479
4000	2.3	0	17839
4000	2.4	0	19646
4000	2.5	0	19519
4000	2.6	0	18913
4000	2.7	0	18654
4000	2.8	0	18876
4000	2.9	0	18621
4000	3	0	18686
4000	3.1	0	18701
4000	3.2	0	18977
4000	3.3	0	18944
4000	3.4	0	18903
4000	3.5	0	18637
4000	3.6	0	18961
4000	3.7	0	18745
4000	3.8	0	19164
4000	3.9	0	18936
4000	4	0	18864
4000	4.1	0	18805
4000	4.2	0	18884
4000	4.3	0	19217
4000	4.4	0	18785
4000	4.5	0	18862
4000	4.6	0	18824
4000	4.7	0	18772
4000	4.8	0	18629
4000	4.9	0	18786
4000	5	0	19017
4000	5.1	0	18684
4000	5.2	0	18539
4000	5.3	0	17386
4000	5.4	0	16468
4000	5.5	0	15660
4000	5.6	0	14709
4000	5.7	0	13235
4000	5.8	0	12165
4000	5.9	0	10931
4000	6	0	10062
4000	6.1	0	9268
4000	6.2	0	8468
4000	6.3	0	7806
4000	6.4	0	7033
4000	6.5	0	6619
4000	6.6	0	6036
4000	6.7	0	5599
4000	6.8	0	5215
4000	6.9	0	4792
4000	7	0	4351
4000	7.1	0	4225
4000	7.2	0	3858
4000	7.3	0	3694
4000	7.4	0	3442
4000	7.5	0	3252
4000	7.6	0	3086
4000	7.7	0	2885
4000	7.8	0	2817
4000	7.9	0	2635
4000	8	0	2479
4000	8.1	0	2373
4000	8.2	0	2261
4000	8.3	0	2229
4000	8.4	0	2055
4000	8.5	0	2068
4000	8.6	0	1980
4000	8.7	0	1914
4000	8.8	0	1864
4000	8.9	0	1735
4000	9	0	1737
4000	9.1	0	1702
4000	9.2	0	1576
4000	9.3	0	1574
4000	9.4	0	1526
4000	9.5	0	1468
4000	9.6	0	1420
4000	9.7	0	1381
4000	9.8	0	1345
4000	9.9	0	1374
4000	10	0	1389
4000	10.1	0	1296
4000	10.2	0	1247
4000	10.3	0	1270
4000	10.4	0	1231
4000	10.5	0	1161
4000	10.6	0	1212
4000	10.7	0	1107
4000	10.8	0	1197
4000	10.9	0	1111
4000	11	0	1151
4000	11.1	0	1112
4000	11.2	0	1118
4000	11.3	0	1101
4000	11.4	0	1126
4000	11.5	0	1091
4000	11.6	0	1052
4000	11.7	0	1124
4000	11.8	0	1133
4000	11.9	0	1058
4000	12	0	1104
4000	12.1	0	1045
4000	12.2	0	1070
4000	12.3	0	1037
4000	12.4	0	1084
4000	12.5	0	1071
4000	12.6	0	1067
4000	12.7	0	1074
4000	12.8	0	1077
4000	12.9	0	1053
4000	13	0	1132
4000	13.1	0	1102
4000	13.2	0	1125
4000	13.3	0	1118
4000	13.4	0	1094
4000	13.5	0	1045
4000	13.6	0	1120
4000	13.7	0	1061
4000	13.8	0	1098
4000	13.9	0	1038
4000	14	0	1052
4000	14.1	0	1162
4000	14.2	0	1082
4000	14.3	0	1047
4000	14.4	0	1065
4000	14.5	0	1006
4000	14.6	0	1060
4000	14.7	0	1105
4000	14.8	0	1042
4000	14.9	0	1104
4000	15	0	1115
4000	15.1	0	1087
4000	15.2	0	1102
4000	15.3	0	1039
4000	15.4	0	1111
4000	15.5	0	1111
4000	15.6	0	1114
4000	15.7	0	1093
4000	15.8	0	1085
4000	15.9	0	1114
4000	16	0	1069
4000	16.1	0	1069
4000	16.2	0	1075
4000	16.3	0	1064
4000	16.4	0	1103
4000	16.5	0	1108
4000	16.6	0	1139
4000	16.7	0	1120
4000	16.8	0	1042
4000	16.9	0	1141
4000	17	0	1066
4000	17.1	0	1079
4000	17.2	0	1113
4000	17.3	0	1158
4000	17.4	0	1093
4000	17.5	0	1089
4000	17.6	0	1076
4000	17.7	0	1078
4000	17.8	0	1079
4000	17.9	0	1071
4000	18	0	1088
4000	18.1	0	1015
4000	18.2	0	1123
4000	18.3	0	1077
4000	18.4	0	1132
4000	18.5	0	1131
4000	18.6	0	1048
4000	18.7	0	1147
4000	18.8	0	1064
4000	18.9	0	1120
4000	19	0	1124
4000	19.1	0	1019
4000	19.2	0	1086
4000	19.3	0	1146
4000	19.4	0	1066
4000	19.5	0	1103
4000	19.6	0	1086
4000	19.7	0	1067
4000	19.8	0	1079
4000	19.9	0	1134
8000	0	0	1069
8000	0.1	0	1130
8000	0.2	0	1113
8000	0.3	0	1143
8000	0.4	0	1273
8000	0.5	0	1237
8000	0.6	0	1350
8000	0.7	0	1413
8000	0.8	0	1454
8000	0.9	0	1519
8000	1	0	1771
8000	1.1	0	1878
8000	1.2	0	2158
8000	1.3	0	2397
8000	1.4	0	2766
8000	1.5	0	3081
8000	1.6	0	3774
8000	1.7	0	4675
8000	1.8	0	5534
8000	1.9	0	6866
8000	2	0	8985
8000	2.1	0	11462
8000	2.2	0	14713
8000	2.3	0	17788
8000	2.4	0	19812
8000	2.5	0	19088
8000	2.6	0	18812
8000	2.7	0	18790
8000	2.8	0	18332
8000	2.9	0	18672
8000	3	0	18699
8000	3.1	0	18775
8000	3.2	0	18877
8000	3.3	0	18716
8000	3.4	0	19141
8000	3.5	0	18857
8000	3.6	0	18995
8000	3.7	0	18777
8000	3.8	0	18734
8000	3.9	0	18889
8000	4	0	18887
8000	4.1	0	19096
8000	4.2	0	18839
8000	4.3	0	18878
8000	4.4	0	18757
8000	4.5	0	18941
8000	4.6	0	19007
8000	4.7	0	18903
8000	4.8	0	18871
8000	4.9	0	18680
8000	5	0	19067
8000	5.1	0	18808
8000	5.2	0	18130
8000	5.3	0	17492
8000	5.4	0	16471
8000	5.5	0	15451
8000	5.6	0	14490
8000	5.7	0	13275
8000	5.8	0	12129
8000	5.9	0	11228
8000	6	0	10293
8000	6.1	0	9264
8000	6.2	0	8476
8000	6.3	0	7813
8000	6.4	0	7093
8000	6.5	0	6425
8000	6.6	0	6158
8000	6.7	0	5546
8000	6.8	0	5271
8000	6.9	0	4772
8000	7	0	4353
8000	7.1	0	4040
8000	7.2	0	3900
8000	7.3	0	3667
8000	7.4	0	3459
8000	7.5	0	3262
8000	7.6	0	3087
8000	7.7	0	2955
8000	7.8	0	2837
8000	7.9	0	2669
8000	8	0	2507
8000	8.1	0	2471
8000	8.2	0	2306
8000	8.3	0	2202
8000	8.4	0	2107
8000	8.5	0	2086
8000	8.6	0	1926
8000	8.7	0	1942
8000	8.8	0	1798
8000	8.9	0	1764
8000	9	0	1627
8000	9.1	0	1695
8000	9.2	0	1634
8000	9.3	0	1572
8000	9.4	0	1522
8000	9.5	0	1423
8000	9.6	0	1460
8000	9.7	0	1420
8000	9.8	0	1443
8000	9.9	0	1416
8000	10	0	1363
8000	10.1	0	1277
8000	10.2	0	1272
8000	10.3	0	1282
8000	10.4	0	1220
8000	10.5	0	1220
8000	10.6	0	1223
8000	10.7	0	1191
8000	10.8	0	1203
8000	10.9	0	1168
8000	11	0	1117
8000	11.1	0	1132
8000	11.2	0	1174
8000	11.3	0	1098
8000	11.4	0	1066
8000	11.5	0	1127
8000	11.6	0	1026
8000	11.7	0	1080
8000	11.8	0	1115
8000	11.9	0	1117
8000	12	0	1078
8000	12.1	0	1079
8000	12.2	0	1121
8000	12.3	0	1060
8000	12.4	0	1097
8000	12.5	0	1039
8000	12.6	0	1045
8000	12.7	0	1099
8000	12.8	0	1034
8000	12.9	0	1100
8000	13	0	1182
8000	13.1	0	1078
8000	13.2	0	1046
8000	13.3	0	1048
8000	13.4	0	1029
8000	13.5	0	1017
8000	13.6	0	1111
8000	13.7	0	1064
8000	13.8	0	1115
8000	13.9	0	1114
8000	14	0	1092
8000	14.1	0	1049
8000	14.2	0	1125
8000	14.3	0	1078
8000	14.4	0	1096
8000	14.5	0	1064
8000	14.6	0	1056
8000	14.7	0	1142
8000	14.8	0	1126
8000	14.9	0	1079
8000	15	0	1051
8000	15.1	0	1089
8000	15.2	0	1129
8000	15.3	0	1064
8000	15.4	0	1099
8000	15.5	0	1097
8000	15.6	0	1078
8000	15.7	0	1087
8000	15.8	0	1124
8000	15.9	0	1104
8000	16	0	1104
8000	16.1	0	1032
8000	16.2	0	1105
8000	16.3	0	1006
8000	16.4	0	1089
8000	16.5	0	1101
8000	16.6	0	1077
8000	16.7	0	1081
8000	16.8	0	1093
8000	16.9	0	1126
8000	17	0	1047
8000	17.1	0	1126
8000	17.2	0	1108
8000	17.3	0	1071
8000	17.4	0	1139
8000	17.5	0	1126
8000	17.6	0	1039
8000	17.7	0	1092
8000	17.8	0	1109
8000	17.9	0	1129
8000	18	0	1014
8000	18.1	0	1071
8000	18.2	0	1159
8000	18.3	0	1112
8000	18.4	0	1104
8000	18.5	0	1101
8000	18.6	0	1026
8000	18.7	0	1069
8000	18.8	0	1087
8000	18.9	0	1073
8000	19	0	1066
8000	19.1	0	1142
8000	19.2	0	1114
8000	19.3	0	1054
8000	19.4	0	1082
8000	19.5	0	1085
8000	19.6	0	1181
8000	19.7	0	1059
8000	19.8	0	1128
8000	19.9	0	1041
12000	0	0	1104
12000	0.1	0	1098
12000	0.2	0	1114
12000	0.3	0	1164
12000	0.4	0	1241
12000	0.5	0	1243
12000	0.6	0	1338
12000	0.7	0	1329
12000	0.8	0	1444
12000	0.9	0	1540
12000	1	0	1747
12000	1.1	0	1930
12000	1.2	0	2180
12000	1.3	0	2471
12000	1.4	0	2741
12000	1.5	0	3186
12000	1.6	0	3756
12000	1.7	0	4527
12000	1.8	0	5529
12000	1.9	0	6976
12000	2	0	8861
12000	2.1	0	11462
12000	2.2	0	14713
12000	2.3	0	17979
12000	2.4	0	19772
12000	2.5	0	19145
12000	2.6	0	18993
12000	2.7	0	18621
12000	2.8	0	18567
12000	2.9	0	18828
12000	3	0	18791
12000	3.1	0	18776
12000	3.2	0	18767
12000	3.3	0	18785
12000	3.4	0	18868
12000	3.5	0	19101
12000	3.6	0	18780
12000	3.7	0	18972
12000	3.8	0	18949
12000	3.9	0	18795
12000	4	0	18788
12000	4.1	0	19158
12000	4.2	0	18779
12000	4.3	0	19031
12000	4.4	0	19010
12000	4.5	0	18829
12000	4.6	0	18960
12000	4.7	0	18728
12000	4.8	0	18806
12000	4.9	0	18987
12000	5	0	19190
12000	5.1	0	18690
12000	5.2	0	18353
12000	5.3	0	17325
12000	5.4	0	16447
12000	5.5	0	15713
12000	5.6	0	14456
12000	5.7	0	13300
12000	5.8	0	12109
12000	5.9	0	11070
12000	6	0	10115
12000	6.1	0	9309
12000	6.2	0	8398
12000	6.3	0	7839
12000	6.4	0	7123
12000	6.5	0	6534
12000	6.6	0	6124
12000	6.7	0	5468
12000	6.8	0	5147
12000	6.9	0	4717
12000	7	0	4355
12000	7.1	0	4150
12000	7.2	0	3925
12000	7.3	0	3529
12000	7.4	0	3333
12000	7.5	0	3199
12000	7.6	0	2981
12000	7.7	0	2927
12000	7.8	0	2764
12000	7.9	0	2677
12000	8	0	2554
12000	8.1	0	2401
12000	8.2	0	2291
12000	8.3	0	2256
12000	8.4	0	2157
12000	8.5	0	1960
12000	8.6	0	1927
12000	8.7	0	1869
12000	8.8	0	1829
12000	8.9	0	1812
12000	9	0	1748
12000	9.1	0	1652
12000	9.2	0	1580
12000	9.3	0	1622
12000	9.4	0	1499
12000	9.5	0	1478
12000	9.6	0	1479
12000	9.7	0	1391
12000	9.8	0	1381
12000	9.9	0	1309
12000	10	0	1286
12000	10.1	0	1352
12000	10.2	0	1264
12000	10.3	0	1226
12000	10.4	0	1240
12000	10.5	0	1217
12000	10.6	0	1187
12000	10.7	0	1166
12000	10.8	0	1160
12000	10.9	0	1161
12000	11	0	1156
12000	11.1	0	1154
12000	11.2	0	1061
12000	11.3	0	1150
12000	11.4	0	1070
12000	11.5	0	1065
12000	11.6	0	1119
12000	11.7	0	1078
12000	11.8	0	1069
12000	11.9	0	1077
12000	12	0	1115
12000	12.1	0	1058
12000	12.2	0	1082
12000	12.3	0	1104
12000	12.4	0	1079
12000	12.5	0	1059
12000	12.6	0	1064
12000	12.7	0	1075
12000	12.8	0	1090
12000	12.9	0	1101
12000	13	0	1101
12000	13.1	0	1087
12000	13.2	0	1151
12000	13.3	0	1085
12000	13.4	0	1084
12000	13.5	0	1082
12000	13.6	0	1105
12000	13.7	0	1043
12000	13.8	0	993
12000	13.9	0	1069
12000	14	0	1108
12000	14.1	0	1168
12000	14.2	0	1004
12000	14.3	0	1096
12000	14.4	0	1081
12000	14.5	0	1137
12000	14.6	0	1084
12000	14.7	0	1083
12000	14.8	0	1116
12000	14.9	0	1104
12000	15	0	1094
12000	15.1	0	1081
12000	15.2	0	1053
12000	15.3	0	1059
12000	15.4	0	1092
12000	15.5	0	1069
12000	15.6	0	1075
12000	15.7	0	1082
12000	15.8	0	1123
12000	15.9	0	1131
12000	16	0	1096
12000	16.1	0	1042
12000	16.2	0	1066
12000	16.3	0	1087
12000	16.4	0	1115
12000	16.5	0	1076
12000	16.6	0	1017
12000	16.7	0	1046
12000	16.8	0	1027
12000	16.9	0	1067
12000	17	0	1069
12000	17.1	0	1088
12000	17.2	0	1112
12000	17.3	0	1067
12000	17.4	0	1063
12000	17.5	0	1163
12000	17.6	0	1115
12000	17.7	0	1146
12000	17.8	0	1101
12000	17.9	0	1075
12000	18	0	1122
12000	18.1	0	1124
12000	18.2	0	1148
12000	18.3	0	1083
12000	18.4	0	1093
12000	18.5	0	1109
12000	18.6	0	1019
12000	18.7	0	1164
12000	18.8	0	1103
12000	18.9	0	1018
12000	19	0	1120
12000	19.1	0	1111
12000	19.2	0	1088
12000	19.3	0	1094
12000	19.4	0	1074
12000	19.5	0	1125
12000	19.6	0	1119
12000	19.7	0	1042
12000	19.8	0	1048
12000	19.9	0	1112
16000	0	0	1116
16000	0.1	0	1124
16000	0.2	0	1124
16000	0.3	0	1160
16000	0.4	0	1154
16000	0.5	0	1210
16000	0.6	0	1345
16000	0.7	0	1370
16000	0.8	0	1458
16000	0.9	0	1637
16000	1	0	1729
16000	1.1	0	1917
16000	1.2	0	2120
16000	1.3	0	2422
16000	1.4	0	2730
16000	1.5	0	3165
16000	1.6	0	3821
16000	1.7	0	4539
16000	1.8	0	5572
16000	1.9	0	6991
16000	2	0	8821
16000	2.1	0	11414
16000	2.2	0	14474
16000	2.3	0	17992
16000	2.4	0	19701
16000	2.5	0	19155
16000	2.6	0	18739
16000	2.7	0	18696
16000	2.8	0	18658
16000	2.9	0	18749
16000	3	0	18763
16000	3.1	0	18901
16000	3.2	0	18858
16000	3.3	0	18794
16000	3.4	0	18813
16000	3.5	0	18990
16000	3.6	0	18854
16000	3.7	0	18909
16000	3.8	0	18819
16000	3.9	0	18851
16000	4	0	18922
16000	4.1	0	18919
16000	4.2	0	18954
16000	4.3	0	18881
16000	4.4	0	19047
16000	4.5	0	18834
16000	4.6	0	18968
16000	4.7	0	18961
16000	4.8	0	19070
16000	4.9	0	18872
16000	5	0	19099
16000	5.1	0	18714
16000	5.2	0	18209
16000	5.3	0	17619
16000	5.4	0	16558
16000	5.5	0	15730
16000	5.6	0	14447
16000	5.7	0	13195
16000	5.8	0	12246
16000	5.9	0	11038
16000	6	0	10101
16000	6.1	0	9493
16000	6.2	0	8549
16000	6.3	0	7751
16000	6.4	0	6961
16000	6.5	0	6473
16000	6.6	0	5948
16000	6.7	0	5529
16000	6.8	0	5072
16000	6.9	0	4770
16000	7	0	4428
16000	7.1	0	4103
16000	7.2	0	3838
16000	7.3	0	3692
16000	7.4	0	3429
16000	7.5	0	3250
16000	7.6	0	3019
16000	7.7	0	2808
16000	7.8	0	2759
16000	7.9	0	2683
16000	8	0	2606
16000	8.1	0	2462
16000	8.2	0	2268
16000	8.3	0	2169
16000	8.4	0	2071
16000	8.5	0	2075
16000	8.6	0	1988
16000	8.7	0	1855
16000	8.8	0	1883
16000	8.9	0	1748
16000	9	0	1730
16000	9.1	0	1679
16000	9.2	0	1602
16000	9.3	0	1555
16000	9.4	0	1468
16000	9.5	0	1478
16000	9.6	0	1498
16000	9.7	0	1391
16000	9.8	0	1355
16000	9.9	0	1331
16000	10	0	1359
16000	10.1	0	1310
16000	10.2	0	1289
16000	10.3	0	1258
16000	10.4	0	1231
16000	10.5	0	1185
16000	10.6	0	1152
16000	10.7	0	1193
16000	10.8	0	1179
16000	10.9	0	1104
16000	11	0	1156
16000	11.1	0	1125
16000	11.2	0	1152
16000	11.3	0	1133
16000	11.4	0	1091
16000	11.5	0	1105
16000	11.6	0	1106
16000	11.7	0	1084
16000	11.8	0	1002
16000	11.9	0	1036
16000	12	0	1085
16000	12.1	0	1076
16000	12.2	0	1135
16000	12.3	0	1104
16000	12.4	0	1121
16000	12.5	0	1088
16000	12.6	0	1089
16000	12.7	0	1174
16000	12.8	0	1130
16000	12.9	0	1077
16000	13	0	1046
16000	13.1	0	1081
16000	13.2	0	1091
16000	13.3	0	1096
16000	13.4	0	1085
16000	13.5	0	1153
16000	13.6	0	1052
16000	13.7	0	1081
16000	13.8	0	1112
16000	13.9	0	1065
16000	14	0	1068
16000	14.1	0	1073
16000	14.2	0	1097
16000	14.3	0	1060
16000	14.4	0	1096
16000	14.5	0	1045
16000	14.6	0	1133
16000	14.7	0	1096
16000	14.8	0	1035
16000	14.9	0	1123
16000	15	0	1048
16000	15.1	0	1025
16000	15.2	0	1124
16000	15.3	0	1091
16000	15.4	0	1092
16000	15.5	0	1101
16000	15.6	0	1106
16000	15.7	0	1099
16000	15.8	0	1038
16000	15.9	0	1108
16000	16	0	1121
16000	16.1	0	1144
16000	16.2	0	1140
16000	16.3	0	1010
16000	16.4	0	1073
16000	16.5	0	1038
16000	16.6	0	1061
16000	16.7	0	1077
16000	16.8	0	1076
16000	16.9	0	1099
16000	17	0	1150
16000	17.1	0	1041
16000	17.2	0	1022
16000	17.3	0	1111
16000	17.4	0	1104
16000	17.5	0	1071
16000	17.6	0	1020
16000	17.7	0	1069
16000	17.8	0	1048
16000	17.9	0	1090
16000	18	0	1073
16000	18.1	0	1130
16000	18.2	0	1071
16000	18.3	0	1114
16000	18.4	0	1096
16000	18.5	0	1069
16000	18.6	0	1064
16000	18.7	0	1041
16000	18.8	0	1129
16000	18.9	0	1028
16000	19	0	1112
16000	19.1	0	1048
16000	19.2	0	1106
16000	19.3	0	1145
16000	19.4	0	1133
16000	19.5	0	1134
16000	19.6	0	1047
16000	19.7	0	1067
16000	19.8	0	1080
16000	19.9	0	1093
20000	0	0	1085
20000	0.1	0	1097
20000	0.2	0	1174
20000	0.3	0	1176
20000	0.4	0	1250
20000	0.5	0	1262
20000	0.6	0	1301
20000	0.7	0	1468
20000	0.8	0	1519
20000	0.9	0	1581
20000	1	0	1734
20000	1.1	0	1908
20000	1.2	0	2141
20000	1.3	0	2365
20000	1.4	0	2716
20000	1.5	0	3260
20000	1.6	0	3762
20000	1.7	0	4594
20000	1.8	0	5398
20000	1.9	0	6802
20000	2	0	8835
20000	2.1	0	11464
20000	2.2	0	14611
20000	2.3	0	18030
20000	2.4	0	19821
20000	2.5	0	19314
20000	2.6	0	18941
20000	2.7	0	18541
20000	2.8	0	18759
20000	2.9	0	18677
20000	3	0	18747
20000	3.1	0	18907
20000	3.2	0	19027
20000	3.3	0	18890
20000	3.4	0	18647
20000	3.5	0	19021
20000	3.6	0	19063
20000	3.7	0	18908
20000	3.8	0	18852
20000	3.9	0	19172
20000	4	0	18866
20000	4.1	0	18777
20000	4.2	0	18876
20000	4.3	0	18957
20000	4.4	0	18726
20000	4.5	0	18746
20000	4.6	0	18895
20000	4.7	0	19139
20000	4.8	0	18803
20000	4.9	0	18821
20000	5	0	19091
20000	5.1	0	18478
20000	5.2	0	18263
20000	5.3	0	17703
20000	5.4	0	16592
20000	5.5	0	15475
20000	5.6	0	14313
20000	5.7	0	13245
20000	5.8	0	12202
20000	5.9	0	11085
20000	6	0	10028
20000	6.1	0	9204
20000	6.2	0	8324
20000	6.3	0	7811
20000	6.4	0	7148
20000	6.5	0	6512
20000	6.6	0	6000
20000	6.7	0	5570
20000	6.8	0	5206
20000	6.9	0	4755
20000	7	0	4420
20000	7.1	0	4140
20000	7.2	0	3945
20000	7.3	0	3659
20000	7.4	0	3422
20000	7.5	0	3202
20000	7.6	0	2988
20000	7.7	0	2988
20000	7.8	0	2787
20000	7.9	0	2550
20000	8	0	2624
20000	8.1	0	2282
20000	8.2	0	2245
20000	8.3	0	2262
20000	8.4	0	2090
20000	8.5	0	2031
20000	8.6	0	1949
20000	8.7	0	1903
20000	8.8	0	1777
20000	8.9	0	1823
20000	9	0	1650
20000	9.1	0	1698
20000	9.2	0	1681
20000	9.3	0	1590
20000	9.4	0	1536
20000	9.5	0	1437
20000	9.6	0	1459
20000	9.7	0	1443
20000	9.8	0	1361
20000	9.9	0	1388
20000	10	0	1345
20000	10.1	0	1331
20000	10.2	0	1293
20000	10.3	0	1230
20000	10.4	0	1214
20000	10.5	0	1191
20000	10.6	0	1193
20000	10.7	0	1175
20000	10.8	0	1162
20000	10.9	0	1079
20000	11	0	1169
20000	11.1	0	1186
20000	11.2	0	1174
20000	11.3	0	1103
20000	11.4	0	1104
20000	11.5	0	1104
20000	11.6	0	1087
20000	11.7	0	1066
20000	11.8	0	1109
20000	11.9	0	1088
20000	12	0	1107
20000	12.1	0	1081
20000	12.2	0	1064
20000	12.3	0	1068
20000	12.4	0	1116
20000	12.5	0	1061
20000	12.6	0	1042
20000	12.7	0	1092
20000	12.8	0	1048
20000	12.9	0	1079
20000	13	0	1082
20000	13.1	0	1038
20000	13.2	0	1096
20000	13.3	0	1061
20000	13.4	0	1067
20000	13.5	0	1089
20000	13.6	0	1048
20000	13.7	0	1062
20000	13.8	0	1066
20000	13.9	0	1096
20000	14	0	1056
20000	14.1	0	1119
20000	14.2	0	1124
20000	14.3	0	1047
20000	14.4	0	1047
20000	14.5	0	1062
20000	14.6	0	1075
20000	14.7	0	1112
20000	14.8	0	1084
20000	14.9	0	1039
20000	15	0	1088
20000	15.1	0	1068
20000	15.2	0	1089
20000	15.3	0	1058
20000	15.4	0	1088
20000	15.5	0	1123
20000	15.6	0	1078
20000	15.7	0	1065
20000	15.8	0	1116
20000	15.9	0	1122
20000	16	0	1089
20000	16.1	0	1105
20000	16.2	0	1075
20000	16.3	0	1137
20000	16.4	0	1069
20000	16.5	0	1053
20000	16.6	0	1131
20000	16.7	0	1096
20000	16.8	0	1144
20000	16.9	0	1077
20000	17	0	1072
20000	17.1	0	1062
20000	17.2	0	1129
20000	17.3	0	1082
20000	17.4	0	1070
20000	17.5	0	1126
20000	17.6	0	1105
20000	17.7	0	1131
20000	17.8	0	1099
20000	17.9	0	1117
20000	18	0	1069
20000	18.1	0	1095
20000	18.2	0	1091
20000	18.3	0	1091
20000	18.4	0	1097
20000	18.5	0	1064
20000	18.6	0	1113
20000	18.7	0	1076
20000	18.8	0	1080
20000	18.9	0	1057
20000	19	0	1006
20000	19.1	0	1113
20000	19.2	0	1130
20000	19.3	0	1129
20000	19.4	0	1066
20000	19.5	0	1140
20000	19.6	0	1060
20000	19.7	0	1145
20000	19.8	0	1062
20000	19.9	0	1060
