4000	0	0	988
4000	0.1	0	1076
4000	0.2	0	1115
4000	0.3	0	1182
4000	0.4	0	1176
4000	0.5	0	1216
4000	0.6	0	1229
4000	0.7	0	1388
4000	0.8	0	1359
4000	0.9	0	1488
4000	1	0	1690
4000	1.1	0	1836
4000	1.2	0	2031
4000	1.3	0	2267
4000	1.4	0	2617
4000	1.5	0	2948
4000	1.6	0	3562
4000	1.7	0	4171
4000	1.8	0	5303
4000	1.9	0	6576
4000	2	0	8365
4000	2.1	0	10812
4000	2.2	0	13975
4000	2.3	0	17271
4000	2.4	0	19458
4000	2.5	0	19421
4000	2.6	0	19404
4000	2.7	0	19307
4000	2.8	0	19253
4000	2.9	0	19356
4000	3	0	19366
4000	3.1	0	19630
4000	3.2	0	19656
4000	3.3	0	19366
4000	3.4	0	19482
4000	3.5	0	19589
4000	3.6	0	19798
4000	3.7	0	19723
4000	3.8	0	19637
4000	3.9	0	19366
4000	4	0	19655
4000	4.1	0	19616
4000	4.2	0	19476
4000	4.3	0	19707
4000	4.4	0	19363
4000	4.5	0	19664
4000	4.6	0	19626
4000	4.7	0	19264
4000	4.8	0	19380
4000	4.9	0	19594
4000	5	0	19355
4000	5.1	0	19074
4000	5.2	0	18564
4000	5.3	0	17604
4000	5.4	0	16479
4000	5.5	0	15541
4000	5.6	0	14094
4000	5.7	0	12972
4000	5.8	0	11847
4000	5.9	0	10737
4000	6	0	9910
4000	6.1	0	8878
4000	6.2	0	8106
4000	6.3	0	7527
4000	6.4	0	6780
4000	6.5	0	6184
4000	6.6	0	5758
4000	6.7	0	5338
4000	6.8	0	4936
4000	6.9	0	4440
4000	7	0	4420
4000	7.1	0	3944
4000	7.2	0	3730
4000	7.3	0	3565
4000	7.4	0	3230
4000	7.5	0	3244
4000	7.6	0	2958
4000	7.7	0	2693
4000	7.8	0	2655
4000	7.9	0	2371
4000	8	0	2403
4000	8.1	0	2325
4000	8.2	0	2217
4000	8.3	0	1995
4000	8.4	0	2109
4000	8.5	0	1892
4000	8.6	0	1896
4000	8.7	0	1742
4000	8.8	0	1817
4000	8.9	0	1702
4000	9	0	1612
4000	9.1	0	1551
4000	9.2	0	1507
4000	9.3	0	1511
4000	9.4	0	1479
4000	9.5	0	1429
4000	9.6	0	1399
4000	9.7	0	1348
4000	9.8	0	1343
4000	9.9	0	1305
4000	10	0	1256
4000	10.1	0	1187
4000	10.2	0	1258
4000	10.3	0	1258
4000	10.4	0	1177
4000	10.5	0	1165
4000	10.6	0	1136
4000	10.7	0	1125
4000	10.8	0	1102
4000	10.9	0	1067
4000	11	0	1066
4000	11.1	0	1132
4000	11.2	0	1078
4000	11.3	0	1050
4000	11.4	0	1045
4000	11.5	0	1113
4000	11.6	0	1054
4000	11.7	0	1029
4000	11.8	0	1001
4000	11.9	0	1085
4000	12	0	1034
4000	12.1	0	1045
4000	12.2	0	1086
4000	12.3	0	1039
4000	12.4	0	975
4000	12.5	0	1022
4000	12.6	0	1050
4000	12.7	0	1039
4000	12.8	0	1090
4000	12.9	0	1028
4000	13	0	1031
4000	13.1	0	1012
4000	13.2	0	1084
4000	13.3	0	963
4000	13.4	0	999
4000	13.5	0	1026
4000	13.6	0	934
4000	13.7	0	1070
4000	13.8	0	1059
4000	13.9	0	1067
4000	14	0	1055
4000	14.1	0	1032
4000	14.2	0	1076
4000	14.3	0	1036
4000	14.4	0	1018
4000	14.5	0	1081
4000	14.6	0	1004
4000	14.7	0	1004
4000	14.8	0	972
4000	14.9	0	1037
4000	15	0	1045
4000	15.1	0	1085
4000	15.2	0	997
4000	15.3	0	1028
4000	15.4	0	1023
4000	15.5	0	1009
4000	15.6	0	1015
4000	15.7	0	1010
4000	15.8	0	1009
4000	15.9	0	1037
4000	16	0	1062
4000	16.1	0	1078
4000	16.2	0	1106
4000	16.3	0	1061
4000	16.4	0	1079
4000	16.5	0	1039
4000	16.6	0	1037
4000	16.7	0	1059
4000	16.8	0	1062
4000	16.9	0	998
4000	17	0	1042
4000	17.1	0	1029
4000	17.2	0	1057
4000	17.3	0	1100
4000	17.4	0	1054
4000	17.5	0	1060
4000	17.6	0	1031
4000	17.7	0	1079
4000	17.8	0	1049
4000	17.9	0	1020
4000	18	0	1014
4000	18.1	0	1053
4000	18.2	0	1104
4000	18.3	0	1056
4000	18.4	0	1069
4000	18.5	0	1018
4000	18.6	0	1058
4000	18.7	0	1081
4000	18.8	0	999
4000	18.9	0	1051
4000	19	0	1089
4000	19.1	0	1010
4000	19.2	0	1054
4000	19.3	0	1001
4000	19.4	0	1023
4000	19.5	0	1024
4000	19.6	0	1040
4000	19.7	0	1105
4000	19.8	0	1069
4000	19.9	0	1056
8000	0	0	987
8000	0.1	0	1057
8000	0.2	0	1105
8000	0.3	0	1097
8000	0.4	0	1146
8000	0.5	0	1212
8000	0.6	0	1221
8000	0.7	0	1383
8000	0.8	0	1376
8000	0.9	0	1533
8000	1	0	1640
8000	1.1	0	1821
8000	1.2	0	1997
8000	1.3	0	2273
8000	1.4	0	2578
8000	1.5	0	3032
8000	1.6	0	3596
8000	1.7	0	4322
8000	1.8	0	5222
8000	1.9	0	6418
8000	2	0	8272
8000	2.1	0	10789
8000	2.2	0	14043
8000	2.3	0	17274
8000	2.4	0	19535
8000	2.5	0	19603
8000	2.6	0	19142
8000	2.7	0	19291
8000	2.8	0	19278
8000	2.9	0	19285
8000	3	0	19487
8000	3.1	0	19443
8000	3.2	0	19520
8000	3.3	0	19487
8000	3.4	0	19702
8000	3.5	0	19396
8000	3.6	0	19474
8000	3.7	0	19665
8000	3.8	0	19836
8000	3.9	0	19455
8000	4	0	19647
8000	4.1	0	19748
8000	4.2	0	19513
8000	4.3	0	19645
8000	4.4	0	19522
8000	4.5	0	19356
8000	4.6	0	19410
8000	4.7	0	19571
8000	4.8	0	19257
8000	4.9	0	19685
8000	5	0	19322
8000	5.1	0	19341
8000	5.2	0	18483
8000	5.3	0	17530
8000	5.4	0	16534
8000	5.5	0	15446
8000	5.6	0	14057
8000	5.7	0	13128
8000	5.8	0	11827
8000	5.9	0	10667
8000	6	0	9812
8000	6.1	0	8818
8000	6.2	0	8316
8000	6.3	0	7534
8000	6.4	0	6763
8000	6.5	0	6176
8000	6.6	0	5703
8000	6.7	0	5230
8000	6.8	0	4865
8000	6.9	0	4476
8000	7	0	4293
8000	7.1	0	4094
8000	7.2	0	3632
8000	7.3	0	3456
8000	7.4	0	3314
8000	7.5	0	3056
8000	7.6	0	2970
8000	7.7	0	2786
8000	7.8	0	2616
8000	7.9	0	2617
8000	8	0	2342
8000	8.1	0	2329
8000	8.2	0	2177
8000	8.3	0	2095
8000	8.4	0	1987
8000	8.5	0	1941
8000	8.6	0	1846
8000	8.7	0	1765
8000	8.8	0	1784
8000	8.9	0	1771
8000	9	0	1643
8000	9.1	0	1652
8000	9.2	0	1579
8000	9.3	0	1511
8000	9.4	0	1505
8000	9.5	0	1433
8000	9.6	0	1407
8000	9.7	0	1292
8000	9.8	0	1373
8000	9.9	0	1236
8000	10	0	1278
8000	10.1	0	1259
8000	10.2	0	1261
8000	10.3	0	1180
8000	10.4	0	1191
8000	10.5	0	1229
8000	10.6	0	1159
8000	10.7	0	1138
8000	10.8	0	1135
8000	10.9	0	1080
8000	11	0	1095
8000	11.1	0	1105
8000	11.2	0	1040
8000	11.3	0	1013
8000	11.4	0	1048
8000	11.5	0	1088
8000	11.6	0	1036
8000	11.7	0	1093
8000	11.8	0	1022
8000	11.9	0	1037
8000	12	0	973
8000	12.1	0	1078
8000	12.2	0	990
8000	12.3	0	1003
8000	12.4	0	1082
8000	12.5	0	1017
8000	12.6	0	1119
8000	12.7	0	1020
8000	12.8	0	1137
8000	12.9	0	1053
8000	13	0	1015
8000	13.1	0	1040
8000	13.2	0	1010
8000	13.3	0	1077
8000	13.4	0	1020
8000	13.5	0	1085
8000	13.6	0	1061
8000	13.7	0	1090
8000	13.8	0	1051
8000	13.9	0	1031
8000	14	0	1045
8000	14.1	0	975
8000	14.2	0	1031
8000	14.3	0	1023
8000	14.4	0	1027
8000	14.5	0	1059
8000	14.6	0	1004
8000	14.7	0	1040
8000	14.8	0	1003
8000	14.9	0	1066
8000	15	0	1009
8000	15.1	0	1004
8000	15.2	0	1046
8000	15.3	0	1085
8000	15.4	0	1026
8000	15.5	0	1051
8000	15.6	0	1005
8000	15.7	0	1021
8000	15.8	0	1032
8000	15.9	0	1018
8000	16	0	1019
8000	16.1	0	1054
8000	16.2	0	1029
8000	16.3	0	1077
8000	16.4	0	1068
8000	16.5	0	1040
8000	16.6	0	978
8000	16.7	0	1053
8000	16.8	0	1043
8000	16.9	0	1005
8000	17	0	1055
8000	17.1	0	1102
8000	17.2	0	1073
8000	17.3	0	1099
8000	17.4	0	1020
8000	17.5	0	1089
8000	17.6	0	1090
8000	17.7	0	1065
8000	17.8	0	1047
8000	17.9	0	1056
8000	18	0	1030
8000	18.1	0	1067
8000	18.2	0	1124
8000	18.3	0	1077
8000	18.4	0	1067
8000	18.5	0	1049
8000	18.6	0	1049
8000	18.7	0	1041
8000	18.8	0	1027
8000	18.9	0	1080
8000	19	0	1068
8000	19.1	0	1102
8000	19.2	0	1030
8000	19.3	0	1065
8000	19.4	0	1043
8000	19.5	0	1003
8000	19.6	0	1030
8000	19.7	0	1041
8000	19.8	0	1059
8000	19.9	0	1000
12000	0	0	1055
12000	0.1	0	1033
12000	0.2	0	1070
12000	0.3	0	1125
12000	0.4	0	1118
12000	0.5	0	1175
12000	0.6	0	1256
12000	0.7	0	1345
12000	0.8	0	1363
12000	0.9	0	1566
12000	1	0	1642
12000	1.1	0	1916
12000	1.2	0	1990
12000	1.3	0	2251
12000	1.4	0	2569
12000	1.5	0	3086
12000	1.6	0	3531
12000	1.7	0	4346
12000	1.8	0	5050
12000	1.9	0	6672
12000	2	0	8378
12000	2.1	0	10875
12000	2.2	0	13937
12000	2.3	0	17206
12000	2.4	0	19517
12000	2.5	0	19461
12000	2.6	0	19603
12000	2.7	0	19297
12000	2.8	0	19296
12000	2.9	0	19216
12000	3	0	19281
12000	3.1	0	19441
12000	3.2	0	19419
12000	3.3	0	19470
12000	3.4	0	19606
12000	3.5	0	19711
12000	3.6	0	19662
12000	3.7	0	19371
12000	3.8	0	19901
12000	3.9	0	19600
12000	4	0	19508
12000	4.1	0	19455
12000	4.2	0	19698
12000	4.3	0	19626
12000	4.4	0	19498
12000	4.5	0	19571
12000	4.6	0	19440
12000	4.7	0	19527
12000	4.8	0	19490
12000	4.9	0	19498
12000	5	0	19454
12000	5.1	0	18956
12000	5.2	0	18537
12000	5.3	0	17516
12000	5.4	0	16239
12000	5.5	0	15421
12000	5.6	0	14143
12000	5.7	0	12899
12000	5.8	0	11698
12000	5.9	0	10722
12000	6	0	9717
12000	6.1	0	8795
12000	6.2	0	8172
12000	6.3	0	7480
12000	6.4	0	6780
12000	6.5	0	6228
12000	6.6	0	5758
12000	6.7	0	5439
12000	6.8	0	4844
12000	6.9	0	4523
12000	7	0	4269
12000	7.1	0	3975
12000	7.2	0	3837
12000	7.3	0	3571
12000	7.4	0	3370
12000	7.5	0	3050
12000	7.6	0	2997
12000	7.7	0	2752
12000	7.8	0	2710
12000	7.9	0	2510
12000	8	0	2375
12000	8.1	0	2343
12000	8.2	0	2158
12000	8.3	0	2010
12000	8.4	0	2067
12000	8.5	0	1945
12000	8.6	0	1799
12000	8.7	0	1756
12000	8.8	0	1734
12000	8.9	0	1687
12000	9	0	1631
12000	9.1	0	1619
12000	9.2	0	1561
12000	9.3	0	1532
12000	9.4	0	1466
12000	9.5	0	1419
12000	9.6	0	1426
12000	9.7	0	1367
12000	9.8	0	1349
12000	9.9	0	1315
12000	10	0	1280
12000	10.1	0	1178
12000	10.2	0	1205
12000	10.3	0	1199
12000	10.4	0	1195
12000	10.5	0	1170
12000	10.6	0	1105
12000	10.7	0	1105
12000	10.8	0	1079
12000	10.9	0	1105
12000	11	0	1120
12000	11.1	0	1086
12000	11.2	0	1038
12000	11.3	0	1068
12000	11.4	0	1051
12000	11.5	0	1077
12000	11.6	0	1094
12000	11.7	0	988
12000	11.8	0	994
12000	11.9	0	1044
12000	12	0	1080
12000	12.1	0	1121
12000	12.2	0	1095
12000	12.3	0	1038
12000	12.4	0	1004
12000	12.5	0	1062
12000	12.6	0	1108
12000	12.7	0	1081
12000	12.8	0	1105
12000	12.9	0	1053
12000	13	0	1068
12000	13.1	0	1073
12000	13.2	0	1049
12000	13.3	0	1036
12000	13.4	0	1051
12000	13.5	0	1015
12000	13.6	0	1003
12000	13.7	0	1055
12000	13.8	0	1029
12000	13.9	0	1074
12000	14	0	1044
12000	14.1	0	1100
12000	14.2	0	1055
12000	14.3	0	1004
12000	14.4	0	1054
12000	14.5	0	1006
12000	14.6	0	1044
12000	14.7	0	1021
12000	14.8	0	986
12000	14.9	0	1073
12000	15	0	1084
12000	15.1	0	1036
12000	15.2	0	1046
12000	15.3	0	1071
12000	15.4	0	1004
12000	15.5	0	1086
12000	15.6	0	1042
12000	15.7	0	1052
12000	15.8	0	1014
12000	15.9	0	1083
12000	16	0	952
12000	16.1	0	1077
12000	16.2	0	1022
12000	16.3	0	1041
12000	16.4	0	1038
12000	16.5	0	1038
12000	16.6	0	1021
12000	16.7	0	1038
12000	16.8	0	1046
12000	16.9	0	1016
12000	17	0	1016
12000	17.1	0	1021
12000	17.2	0	1047
12000	17.3	0	1043
12000	17.4	0	1100
12000	17.5	0	1020
12000	17.6	0	1041
12000	17.7	0	1040
12000	17.8	0	1053
12000	17.9	0	1039
12000	18	0	1120
12000	18.1	0	1030
12000	18.2	0	1066
12000	18.3	0	1054
12000	18.4	0	1093
12000	18.5	0	996
12000	18.6	0	1107
12000	18.7	0	1054
12000	18.8	0	1052
12000	18.9	0	1051
12000	19	0	1075
12000	19.1	0	1033
12000	19.2	0	1069
12000	19.3	0	1063
12000	19.4	0	1075
12000	19.5	0	1103
12000	19.6	0	1107
12000	19.7	0	1109
12000	19.8	0	1077
12000	19.9	0	1032
16000	0	0	1084
16000	0.1	0	1112
16000	0.2	0	1046
16000	0.3	0	1027
16000	0.4	0	1150
16000	0.5	0	1198
16000	0.6	0	1323
16000	0.7	0	1337
16000	0.8	0	1442
16000	0.9	0	1580
16000	1	0	1603
16000	1.1	0	1874
16000	1.2	0	2032
16000	1.3	0	2283
16000	1.4	0	2597
16000	1.5	0	2986
16000	1.6	0	3622
16000	1.7	0	4220
16000	1.8	0	5202
16000	1.9	0	6341
16000	2	0	8325
16000	2.1	0	10689
16000	2.2	0	13996
16000	2.3	0	17318
16000	2.4	0	19556
16000	2.5	0	19770
16000	2.6	0	19379
16000	2.7	0	19253
16000	2.8	0	19336
16000	2.9	0	19449
16000	3	0	19446
16000	3.1	0	19276
16000	3.2	0	19417
16000	3.3	0	19553
16000	3.4	0	19494
16000	3.5	0	19478
16000	3.6	0	19505
16000	3.7	0	19689
16000	3.8	0	19583
16000	3.9	0	19347
16000	4	0	19532
16000	4.1	0	19530
16000	4.2	0	19641
16000	4.3	0	19454
16000	4.4	0	19437
16000	4.5	0	19744
16000	4.6	0	19567
16000	4.7	0	19218
16000	4.8	0	19488
16000	4.9	0	19492
16000	5	0	19431
16000	5.1	0	18920
16000	5.2	0	18473
16000	5.3	0	17717
16000	5.4	0	16606
16000	5.5	0	15511
16000	5.6	0	14005
16000	5.7	0	13018
16000	5.8	0	11842
16000	5.9	0	10838
16000	6	0	9869
16000	6.1	0	8837
16000	6.2	0	8085
16000	6.3	0	7341
16000	6.4	0	6888
16000	6.5	0	6217
16000	6.6	0	5700
16000	6.7	0	5327
16000	6.8	0	4927
16000	6.9	0	4618
16000	7	0	4357
16000	7.1	0	4031
16000	7.2	0	3657
16000	7.3	0	3465
16000	7.4	0	3241
16000	7.5	0	3164
16000	7.6	0	3005
16000	7.7	0	2690
16000	7.8	0	2651
16000	7.9	0	2491
16000	8	0	2375
16000	8.1	0	2265
16000	8.2	0	2159
16000	8.3	0	2173
16000	8.4	0	2019
16000	8.5	0	1911
16000	8.6	0	1872
16000	8.7	0	1866
16000	8.8	0	1782
16000	8.9	0	1653
16000	9	0	1681
16000	9.1	0	1531
16000	9.2	0	1564
16000	9.3	0	1547
16000	9.4	0	1471
16000	9.5	0	1431
16000	9.6	0	1410
16000	9.7	0	1406
16000	9.8	0	1321
16000	9.9	0	1322
16000	10	0	1251
16000	10.1	0	1219
16000	10.2	0	1234
16000	10.3	0	1210
16000	10.4	0	1143
16000	10.5	0	1207
16000	10.6	0	1111
16000	10.7	0	1158
16000	10.8	0	1111
16000	10.9	0	1093
16000	11	0	1107
16000	11.1	0	1071
16000	11.2	0	1030
16000	11.3	0	1065
16000	11.4	0	1021
16000	11.5	0	1084
16000	11.6	0	1013
16000	11.7	0	1062
16000	11.8	0	1067
16000	11.9	0	1068
16000	12	0	1007
16000	12.1	0	1045
16000	12.2	0	1033
16000	12.3	0	1052
16000	12.4	0	1002
16000	12.5	0	1067
16000	12.6	0	1022
16000	12.7	0	1077
16000	12.8	0	1068
16000	12.9	0	1105
16000	13	0	1029
16000	13.1	0	1090
16000	13.2	0	1089
16000	13.3	0	1007
16000	13.4	0	1016
16000	13.5	0	987
16000	13.6	0	1065
16000	13.7	0	1072
16000	13.8	0	1051
16000	13.9	0	1094
16000	14	0	1020
16000	14.1	0	1073
16000	14.2	0	1100
16000	14.3	0	1018
16000	14.4	0	1020
16000	14.5	0	1064
16000	14.6	0	1080
16000	14.7	0	1044
16000	14.8	0	1026
16000	14.9	0	1080
16000	15	0	1057
16000	15.1	0	1076
16000	15.2	0	1026
16000	15.3	0	1036
16000	15.4	0	1015
16000	15.5	0	1062
16000	15.6	0	1045
16000	15.7	0	1062
16000	15.8	0	1028
16000	15.9	0	1048
16000	16	0	1025
16000	16.1	0	1088
16000	16.2	0	1087
16000	16.3	0	1039
16000	16.4	0	1082
16000	16.5	0	986
16000	16.6	0	1079
16000	16.7	0	1058
16000	16.8	0	1037
16000	16.9	0	1058
16000	17	0	1035
16000	17.1	0	1071
16000	17.2	0	1089
16000	17.3	0	1057
16000	17.4	0	1044
16000	17.5	0	1056
16000	17.6	0	1066
16000	17.7	0	1047
16000	17.8	0	1032
16000	17.9	0	1053
16000	18	0	995
16000	18.1	0	1053
16000	18.2	0	1036
16000	18.3	0	1032
16000	18.4	0	1057
16000	18.5	0	1061
16000	18.6	0	1068
16000	18.7	0	1018
16000	18.8	0	1054
16000	18.9	0	1128
16000	19	0	1055
16000	19.1	0	1067
16000	19.2	0	1058
16000	19.3	0	1061
16000	19.4	0	1078
16000	19.5	0	988
16000	19.6	0	1016
16000	19.7	0	1016
16000	19.8	0	1039
16000	19.9	0	1046
20000	0	0	1099
20000	0.1	0	1045
20000	0.2	0	1064
20000	0.3	0	1064
20000	0.4	0	1198
20000	0.5	0	1189
20000	0.6	0	1224
20000	0.7	0	1292
20000	0.8	0	1453
20000	0.9	0	1541
20000	1	0	1658
20000	1.1	0	1898
20000	1.2	0	2047
20000	1.3	0	2236
20000	1.4	0	2594
20000	1.5	0	3083
20000	1.6	0	3555
20000	1.7	0	4342
20000	1.8	0	5140
20000	1.9	0	6650
20000	2	0	8405
20000	2.1	0	10834
20000	2.2	0	14030
20000	2.3	0	17216
20000	2.4	0	19752
20000	2.5	0	19404
20000	2.6	0	19244
20000	2.7	0	19417
20000	2.8	0	19264
20000	2.9	0	19203
20000	3	0	19237
20000	3.1	0	19370
20000	3.2	0	19427
20000	3.3	0	19471
20000	3.4	0	19826
20000	3.5	0	19485
20000	3.6	0	19547
20000	3.7	0	19626
20000	3.8	0	19492
20000	3.9	0	19862
20000	4	0	19443
20000	4.1	0	19567
20000	4.2	0	19951
20000	4.3	0	19579
20000	4.4	0	19535
20000	4.5	0	19437
20000	4.6	0	19409
20000	4.7	0	19896
20000	4.8	0	19394
20000	4.9	0	19198
20000	5	0	19238
20000	5.1	0	19243
20000	5.2	0	18564
20000	5.3	0	17573
20000	5.4	0	16495
20000	5.5	0	15491
20000	5.6	0	14333
20000	5.7	0	12815
20000	5.8	0	11919
20000	5.9	0	10611
20000	6	0	9908
20000	6.1	0	8848
20000	6.2	0	8117
20000	6.3	0	7318
20000	6.4	0	6868
20000	6.5	0	6265
20000	6.6	0	5701
20000	6.7	0	5265
20000	6.8	0	4775
20000	6.9	0	4578
20000	7	0	4332
20000	7.1	0	4008
20000	7.2	0	3713
20000	7.3	0	3551
20000	7.4	0	3251
20000	7.5	0	3141
20000	7.6	0	2852
20000	7.7	0	2669
20000	7.8	0	2612
20000	7.9	0	2470
20000	8	0	2392
20000	8.1	0	2422
20000	8.2	0	2142
20000	8.3	0	2098
20000	8.4	0	2003
20000	8.5	0	1924
20000	8.6	0	1876
20000	8.7	0	1899
20000	8.8	0	1761
20000	8.9	0	1746
20000	9	0	1691
20000	9.1	0	1613
20000	9.2	0	1612
20000	9.3	0	1432
20000	9.4	0	1484
20000	9.5	0	1431
20000	9.6	0	1439
20000	9.7	0	1329
20000	9.8	0	1353
20000	9.9	0	1299
20000	10	0	1307
20000	10.1	0	1212
20000	10.2	0	1200
20000	10.3	0	1198
20000	10.4	0	1131
20000	10.5	0	1240
20000	10.6	0	1148
20000	10.7	0	1049
20000	10.8	0	1168
20000	10.9	0	1130
20000	11	0	1093
20000	11.1	0	1041
20000	11.2	0	1081
20000	11.3	0	1049
20000	11.4	0	1107
20000	11.5	0	1085
20000	11.6	0	1107
20000	11.7	0	1081
20000	11.8	0	1063
20000	11.9	0	1047
20000	12	0	1072
20000	12.1	0	997
20000	12.2	0	990
20000	12.3	0	1054
20000	12.4	0	1020
20000	12.5	0	1124
20000	12.6	0	1011
20000	12.7	0	1017
20000	12.8	0	1048
20000	12.9	0	1076
20000	13	0	1058
20000	13.1	0	1003
20000	13.2	0	984
20000	13.3	0	1057
20000	13.4	0	1057
20000	13.5	0	1008
20000	13.6	0	991
20000	13.7	0	1083
20000	13.8	0	1010
20000	13.9	0	1040
20000	14	0	1097
20000	14.1	0	1003
20000	14.2	0	1076
20000	14.3	0	1036
20000	14.4	0	1042
20000	14.5	0	1013
20000	14.6	0	997
20000	14.7	0	1104
20000	14.8	0	1043
20000	14.9	0	981
20000	15	0	1053
20000	15.1	0	1044
20000	15.2	0	1053
20000	15.3	0	1051
20000	15.4	0	1068
20000	15.5	0	1043
20000	15.6	0	1100
20000	15.7	0	1027
20000	15.8	0	1047
20000	15.9	0	1020
20000	16	0	1065
20000	16.1	0	1018
20000	16.2	0	1025
20000	16.3	0	995
20000	16.4	0	1014
20000	16.5	0	1016
20000	16.6	0	1084
20000	16.7	0	1048
20000	16.8	0	1054
20000	16.9	0	1092
20000	17	0	1051
20000	17.1	0	1082
20000	17.2	0	1039
20000	17.3	0	1072
20000	17.4	0	981
20000	17.5	0	1002
20000	17.6	0	1025
20000	17.7	0	1090
20000	17.8	0	1002
20000	17.9	0	975
20000	18	0	1018
20000	18.1	0	953
20000	18.2	0	1060
20000	18.3	0	999
20000	18.4	0	1031
20000	18.5	0	1032
20000	18.6	0	1036
20000	18.7	0	1025
20000	18.8	0	1068
20000	18.9	0	1062
20000	19	0	1101
20000	19.1	0	1027
20000	19.2	0	998
20000	19.3	0	1009
20000	19.4	0	1049
20000	19.5	0	1044
20000	19.6	0	1028
20000	19.7	0	1093
20000	19.8	0	1062
20000	19.9	0	1077
