4000	0	0	1142
4000	0.1	0	1216
4000	0.2	0	1161
4000	0.3	0	1214
4000	0.4	0	1331
4000	0.5	0	1329
4000	0.6	0	1415
4000	0.7	0	1535
4000	0.8	0	1639
4000	0.9	0	1788
4000	1	0	1965
4000	1.1	0	2214
4000	1.2	0	2377
4000	1.3	0	2741
4000	1.4	0	3131
4000	1.5	0	3600
4000	1.6	0	4240
4000	1.7	0	5199
4000	1.8	0	6454
4000	1.9	0	8138
4000	2	0	10424
4000	2.1	0	13309
4000	2.2	0	16310
4000	2.3	0	19121
4000	2.4	0	19543
4000	2.5	0	18148
4000	2.6	0	17297
4000	2.7	0	17367
4000	2.8	0	17372
4000	2.9	0	17535
4000	3	0	17582
4000	3.1	0	17683
4000	3.2	0	17832
4000	3.3	0	17845
4000	3.4	0	17814
4000	3.5	0	17717
4000	3.6	0	17701
4000	3.7	0	17643
4000	3.8	0	17735
4000	3.9	0	17898
4000	4	0	17684
4000	4.1	0	17794
4000	4.2	0	17858
4000	4.3	0	17809
4000	4.4	0	17571
4000	4.5	0	17712
4000	4.6	0	17646
4000	4.7	0	17595
4000	4.8	0	17926
4000	4.9	0	17626
4000	5	0	17811
4000	5.1	0	17664
4000	5.2	0	17492
4000	5.3	0	16835
4000	5.4	0	16363
4000	5.5	0	15583
4000	5.6	0	15077
4000	5.7	0	13914
4000	5.8	0	12746
4000	5.9	0	12007
4000	6	0	11024
4000	6.1	0	10241
4000	6.2	0	9244
4000	6.3	0	8236
4000	6.4	0	7733
4000	6.5	0	7081
4000	6.6	0	6513
4000	6.7	0	5843
4000	6.8	0	5529
4000	6.9	0	5126
4000	7	0	4721
4000	7.1	0	4434
4000	7.2	0	4141
4000	7.3	0	3908
4000	7.4	0	3781
4000	7.5	0	3491
4000	7.6	0	3186
4000	7.7	0	3113
4000	7.8	0	3009
4000	7.9	0	2752
4000	8	0	2736
4000	8.1	0	2505
4000	8.2	0	2465
4000	8.3	0	2263
4000	8.4	0	2313
4000	8.5	0	2144
4000	8.6	0	2100
4000	8.7	0	1965
4000	8.8	0	1969
4000	8.9	0	1928
4000	9	0	1817
4000	9.1	0	1678
4000	9.2	0	1740
4000	9.3	0	1697
4000	9.4	0	1673
4000	9.5	0	1630
4000	9.6	0	1515
4000	9.7	0	1495
4000	9.8	0	1450
4000	9.9	0	1433
4000	10	0	1380
4000	10.1	0	1429
4000	10.2	0	1342
4000	10.3	0	1359
4000	10.4	0	1350
4000	10.5	0	1262
4000	10.6	0	1249
4000	10.7	0	1263
4000	10.8	0	1264
4000	10.9	0	1221
4000	11	0	1222
4000	11.1	0	1228
4000	11.2	0	1256
4000	11.3	0	1119
4000	11.4	0	1167
4000	11.5	0	1180
4000	11.6	0	1143
4000	11.7	0	1132
4000	11.8	0	1085
4000	11.9	0	1104
4000	12	0	1202
4000	12.1	0	1130
4000	12.2	0	1103
4000	12.3	0	1175
4000	12.4	0	1122
4000	12.5	0	1175
4000	12.6	0	1192
4000	12.7	0	1116
4000	12.8	0	1166
4000	12.9	0	1146
4000	13	0	1208
4000	13.1	0	1144
4000	13.2	0	1164
4000	13.3	0	1236
4000	13.4	0	1156
4000	13.5	0	1197
4000	13.6	0	1170
4000	13.7	0	1189
4000	13.8	0	1156
4000	13.9	0	1129
4000	14	0	1182
4000	14.1	0	1193
4000	14.2	0	1171
4000	14.3	0	1184
4000	14.4	0	1109
4000	14.5	0	1142
4000	14.6	0	1123
4000	14.7	0	1116
4000	14.8	0	1158
4000	14.9	0	1150
4000	15	0	1077
4000	15.1	0	1127
4000	15.2	0	1146
4000	15.3	0	1204
4000	15.4	0	1236
4000	15.5	0	1151
4000	15.6	0	1146
4000	15.7	0	1166
4000	15.8	0	1216
4000	15.9	0	1152
4000	16	0	1154
4000	16.1	0	1176
4000	16.2	0	1159
4000	16.3	0	1214
4000	16.4	0	1160
4000	16.5	0	1141
4000	16.6	0	1178
4000	16.7	0	1133
4000	16.8	0	1117
4000	16.9	0	1143
4000	17	0	1169
4000	17.1	0	1107
4000	17.2	0	1111
4000	17.3	0	1111
4000	17.4	0	1186
4000	17.5	0	1150
4000	17.6	0	1165
4000	17.7	0	1206
4000	17.8	0	1199
4000	17.9	0	1122
4000	18	0	1127
4000	18.1	0	1194
4000	18.2	0	1221
4000	18.3	0	1184
4000	18.4	0	1160
4000	18.5	0	1162
4000	18.6	0	1153
4000	18.7	0	1245
4000	18.8	0	1157
4000	18.9	0	1165
4000	19	0	1159
4000	19.1	0	1200
4000	19.2	0	1141
4000	19.3	0	1182
4000	19.4	0	1203
4000	19.5	0	1186
4000	19.6	0	1252
4000	19.7	0	1180
4000	19.8	0	1183
4000	19.9	0	1225
8000	0	0	1172
8000	0.1	0	1241
8000	0.2	0	1207
8000	0.3	0	1248
8000	0.4	0	1313
8000	0.5	0	1320
8000	0.6	0	1444
8000	0.7	0	1531
8000	0.8	0	1584
8000	0.9	0	1784
8000	1	0	2036
8000	1.1	0	2149
8000	1.2	0	2354
8000	1.3	0	2625
8000	1.4	0	2976
8000	1.5	0	3612
8000	1.6	0	4375
8000	1.7	0	5310
8000	1.8	0	6551
8000	1.9	0	8109
8000	2	0	10385
8000	2.1	0	13134
8000	2.2	0	16127
8000	2.3	0	19102
8000	2.4	0	19448
8000	2.5	0	18006
8000	2.6	0	17586
8000	2.7	0	17363
8000	2.8	0	17268
8000	2.9	0	17404
8000	3	0	17811
8000	3.1	0	17812
8000	3.2	0	17694
8000	3.3	0	17771
8000	3.4	0	17830
8000	3.5	0	17769
8000	3.6	0	17856
8000	3.7	0	17741
8000	3.8	0	17856
8000	3.9	0	17849
8000	4	0	17748
8000	4.1	0	17818
8000	4.2	0	17680
8000	4.3	0	17856
8000	4.4	0	17762
8000	4.5	0	17759
8000	4.6	0	17636
8000	4.7	0	17785
8000	4.8	0	17668
8000	4.9	0	17660
8000	5	0	17632
8000	5.1	0	17849
8000	5.2	0	17354
8000	5.3	0	17156
8000	5.4	0	16400
8000	5.5	0	15775
8000	5.6	0	14732
8000	5.7	0	13902
8000	5.8	0	13127
8000	5.9	0	11781
8000	6	0	10790
8000	6.1	0	10139
8000	6.2	0	9191
8000	6.3	0	8429
8000	6.4	0	7741
8000	6.5	0	7006
8000	6.6	0	6578
8000	6.7	0	6049
8000	6.8	0	5503
8000	6.9	0	5040
8000	7	0	4722
8000	7.1	0	4469
8000	7.2	0	4213
8000	7.3	0	4002
8000	7.4	0	3696
8000	7.5	0	3379
8000	7.6	0	3365
8000	7.7	0	3135
8000	7.8	0	2847
8000	7.9	0	2812
8000	8	0	2788
8000	8.1	0	2509
8000	8.2	0	2387
8000	8.3	0	2341
8000	8.4	0	2245
8000	8.5	0	2143
8000	8.6	0	2064
8000	8.7	0	1994
8000	8.8	0	2001
8000	8.9	0	1843
8000	9	0	1761
8000	9.1	0	1820
8000	9.2	0	1681
8000	9.3	0	1674
8000	9.4	0	1609
8000	9.5	0	1602
8000	9.6	0	1582
8000	9.7	0	1495
8000	9.8	0	1481
8000	9.9	0	1452
8000	10	0	1432
8000	10.1	0	1451
8000	10.2	0	1283
8000	10.3	0	1367
8000	10.4	0	1279
8000	10.5	0	1242
8000	10.6	0	1275
8000	10.7	0	1245
8000	10.8	0	1271
8000	10.9	0	1244
8000	11	0	1201
8000	11.1	0	1210
8000	11.2	0	1214
8000	11.3	0	1214
8000	11.4	0	1184
8000	11.5	0	1167
8000	11.6	0	1174
8000	11.7	0	1199
8000	11.8	0	1095
8000	11.9	0	1171
8000	12	0	1107
8000	12.1	0	1136
8000	12.2	0	1155
8000	12.3	0	1145
8000	12.4	0	1126
8000	12.5	0	1186
8000	12.6	0	1165
8000	12.7	0	1169
8000	12.8	0	1167
8000	12.9	0	1173
8000	13	0	1120
8000	13.1	0	1132
8000	13.2	0	1105
8000	13.3	0	1172
8000	13.4	0	1097
8000	13.5	0	1186
8000	13.6	0	1190
8000	13.7	0	1182
8000	13.8	0	1112
8000	13.9	0	1130
8000	14	0	1138
8000	14.1	0	1126
8000	14.2	0	1146
8000	14.3	0	1190
8000	14.4	0	1132
8000	14.5	0	1121
8000	14.6	0	1173
8000	14.7	0	1150
8000	14.8	0	1182
8000	14.9	0	1144
8000	15	0	1067
8000	15.1	0	1196
8000	15.2	0	1168
8000	15.3	0	1188
8000	15.4	0	1187
8000	15.5	0	1155
8000	15.6	0	1197
8000	15.7	0	1210
8000	15.8	0	1146
8000	15.9	0	1139
8000	16	0	1187
8000	16.1	0	1116
8000	16.2	0	1168
8000	16.3	0	1168
8000	16.4	0	1242
8000	16.5	0	1136
8000	16.6	0	1163
8000	16.7	0	1120
8000	16.8	0	1129
8000	16.9	0	1150
8000	17	0	1195
8000	17.1	0	1127
8000	17.2	0	1122
8000	17.3	0	1170
8000	17.4	0	1150
8000	17.5	0	1140
8000	17.6	0	1132
8000	17.7	0	1175
8000	17.8	0	1192
8000	17.9	0	1198
8000	18	0	1181
8000	18.1	0	1205
8000	18.2	0	1183
8000	18.3	0	1152
8000	18.4	0	1156
8000	18.5	0	1134
8000	18.6	0	1170
8000	18.7	0	1148
8000	18.8	0	1119
8000	18.9	0	1112
8000	19	0	1216
8000	19.1	0	1148
8000	19.2	0	1150
8000	19.3	0	1169
8000	19.4	0	1193
8000	19.5	0	1205
8000	19.6	0	1163
8000	19.7	0	1206
8000	19.8	0	1182
8000	19.9	0	1189
12000	0	0	1185
12000	0.1	0	1289
12000	0.2	0	1252
12000	0.3	0	1225
12000	0.4	0	1294
12000	0.5	0	1324
12000	0.6	0	1404
12000	0.7	0	1485
12000	0.8	0	1663
12000	0.9	0	1743
12000	1	0	1936
12000	1.1	0	2163
12000	1.2	0	2363
12000	1.3	0	2630
12000	1.4	0	3165
12000	1.5	0	3615
12000	1.6	0	4401
12000	1.7	0	5237
12000	1.8	0	6460
12000	1.9	0	8072
12000	2	0	10396
12000	2.1	0	13001
12000	2.2	0	16523
12000	2.3	0	18906
12000	2.4	0	19337
12000	2.5	0	18125
12000	2.6	0	17613
12000	2.7	0	17157
12000	2.8	0	17426
12000	2.9	0	17453
12000	3	0	17639
12000	3.1	0	17718
12000	3.2	0	17807
12000	3.3	0	17928
12000	3.4	0	17664
12000	3.5	0	17583
12000	3.6	0	17933
12000	3.7	0	17776
12000	3.8	0	17675
12000	3.9	0	17664
12000	4	0	17977
12000	4.1	0	17668
12000	4.2	0	17489
12000	4.3	0	17738
12000	4.4	0	17944
12000	4.5	0	17760
12000	4.6	0	17735
12000	4.7	0	17581
12000	4.8	0	17650
12000	4.9	0	17618
12000	5	0	17858
12000	5.1	0	17730
12000	5.2	0	17498
12000	5.3	0	17048
12000	5.4	0	16743
12000	5.5	0	15629
12000	5.6	0	14628
12000	5.7	0	13805
12000	5.8	0	13132
12000	5.9	0	11849
12000	6	0	10907
12000	6.1	0	10019
12000	6.2	0	9134
12000	6.3	0	8508
12000	6.4	0	7764
12000	6.5	0	6970
12000	6.6	0	6476
12000	6.7	0	6072
12000	6.8	0	5488
12000	6.9	0	5021
12000	7	0	4851
12000	7.1	0	4485
12000	7.2	0	4245
12000	7.3	0	3918
12000	7.4	0	3688
12000	7.5	0	3442
12000	7.6	0	3289
12000	7.7	0	3072
12000	7.8	0	3030
12000	7.9	0	2743
12000	8	0	2666
12000	8.1	0	2559
12000	8.2	0	2451
12000	8.3	0	2289
12000	8.4	0	2227
12000	8.5	0	2149
12000	8.6	0	2093
12000	8.7	0	2089
12000	8.8	0	1957
12000	8.9	0	1890
12000	9	0	1843
12000	9.1	0	1876
12000	9.2	0	1720
12000	9.3	0	1626
12000	9.4	0	1653
12000	9.5	0	1629
12000	9.6	0	1563
12000	9.7	0	1487
12000	9.8	0	1492
12000	9.9	0	1461
12000	10	0	1443
12000	10.1	0	1419
12000	10.2	0	1382
12000	10.3	0	1294
12000	10.4	0	1251
12000	10.5	0	1318
12000	10.6	0	1245
12000	10.7	0	1229
12000	10.8	0	1179
12000	10.9	0	1295
12000	11	0	1207
12000	11.1	0	1207
12000	11.2	0	1244
12000	11.3	0	1210
12000	11.4	0	1128
12000	11.5	0	1215
12000	11.6	0	1107
12000	11.7	0	1177
12000	11.8	0	1165
12000	11.9	0	1132
12000	12	0	1120
12000	12.1	0	1163
12000	12.2	0	1100
12000	12.3	0	1140
12000	12.4	0	1163
12000	12.5	0	1147
12000	12.6	0	1218
12000	12.7	0	1175
12000	12.8	0	1079
12000	12.9	0	1177
12000	13	0	1131
12000	13.1	0	1175
12000	13.2	0	1188
12000	13.3	0	1126
12000	13.4	0	1134
12000	13.5	0	1166
12000	13.6	0	1196
12000	13.7	0	1118
12000	13.8	0	1154
12000	13.9	0	1148
12000	14	0	1131
12000	14.1	0	1148
12000	14.2	0	1129
12000	14.3	0	1160
12000	14.4	0	1132
12000	14.5	0	1075
12000	14.6	0	1192
12000	14.7	0	1221
12000	14.8	0	1115
12000	14.9	0	1127
12000	15	0	1165
12000	15.1	0	1184
12000	15.2	0	1194
12000	15.3	0	1149
12000	15.4	0	1128
12000	15.5	0	1101
12000	15.6	0	1243
12000	15.7	0	1124
12000	15.8	0	1140
12000	15.9	0	1142
12000	16	0	1144
12000	16.1	0	1143
12000	16.2	0	1193
12000	16.3	0	1155
12000	16.4	0	1175
12000	16.5	0	1202
12000	16.6	0	1182
12000	16.7	0	1111
12000	16.8	0	1155
12000	16.9	0	1161
12000	17	0	1169
12000	17.1	0	1208
12000	17.2	0	1157
12000	17.3	0	1162
12000	17.4	0	1194
12000	17.5	0	1123
12000	17.6	0	1160
12000	17.7	0	1206
12000	17.8	0	1192
12000	17.9	0	1219
12000	18	0	1203
12000	18.1	0	1174
12000	18.2	0	1183
12000	18.3	0	1085
12000	18.4	0	1166
12000	18.5	0	1234
12000	18.6	0	1166
12000	18.7	0	1117
12000	18.8	0	1132
12000	18.9	0	1185
12000	19	0	1177
12000	19.1	0	1181
12000	19.2	0	1226
12000	19.3	0	1135
12000	19.4	0	1252
12000	19.5	0	1191
12000	19.6	0	1170
12000	19.7	0	1112
12000	19.8	0	1271
12000	19.9	0	1212
16000	0	0	1189
16000	0.1	0	1181
16000	0.2	0	1256
16000	0.3	0	1331
16000	0.4	0	1362
16000	0.5	0	1358
16000	0.6	0	1411
16000	0.7	0	1520
16000	0.8	0	1648
16000	0.9	0	1763
16000	1	0	1957
16000	1.1	0	2171
16000	1.2	0	2430
16000	1.3	0	2728
16000	1.4	0	3062
16000	1.5	0	3622
16000	1.6	0	4323
16000	1.7	0	5214
16000	1.8	0	6358
16000	1.9	0	8126
16000	2	0	10374
16000	2.1	0	13089
16000	2.2	0	16389
16000	2.3	0	19027
16000	2.4	0	19392
16000	2.5	0	18159
16000	2.6	0	17479
16000	2.7	0	17133
16000	2.8	0	17203
16000	2.9	0	17494
16000	3	0	17482
16000	3.1	0	17840
16000	3.2	0	17912
16000	3.3	0	17828
16000	3.4	0	17523
16000	3.5	0	17754
16000	3.6	0	17704
16000	3.7	0	17562
16000	3.8	0	17743
16000	3.9	0	17930
16000	4	0	17782
16000	4.1	0	17709
16000	4.2	0	17872
16000	4.3	0	17779
16000	4.4	0	17857
16000	4.5	0	17663
16000	4.6	0	17779
16000	4.7	0	17621
16000	4.8	0	17662
16000	4.9	0	17922
16000	5	0	17788
16000	5.1	0	17858
16000	5.2	0	17418
16000	5.3	0	16930
16000	5.4	0	16797
16000	5.5	0	15787
16000	5.6	0	14830
16000	5.7	0	13905
16000	5.8	0	12905
16000	5.9	0	11991
16000	6	0	10834
16000	6.1	0	10238
16000	6.2	0	9179
16000	6.3	0	8461
16000	6.4	0	7827
16000	6.5	0	7054
16000	6.6	0	6541
16000	6.7	0	5865
16000	6.8	0	5590
16000	6.9	0	5142
16000	7	0	4709
16000	7.1	0	4558
16000	7.2	0	4234
16000	7.3	0	3887
16000	7.4	0	3632
16000	7.5	0	3480
16000	7.6	0	3264
16000	7.7	0	3042
16000	7.8	0	3017
16000	7.9	0	2789
16000	8	0	2654
16000	8.1	0	2591
16000	8.2	0	2480
16000	8.3	0	2262
16000	8.4	0	2150
16000	8.5	0	2238
16000	8.6	0	2073
16000	8.7	0	1981
16000	8.8	0	1944
16000	8.9	0	1935
16000	9	0	1813
16000	9.1	0	1752
16000	9.2	0	1725
16000	9.3	0	1641
16000	9.4	0	1571
16000	9.5	0	1535
16000	9.6	0	1564
16000	9.7	0	1488
16000	9.8	0	1475
16000	9.9	0	1434
16000	10	0	1455
16000	10.1	0	1409
16000	10.2	0	1381
16000	10.3	0	1418
16000	10.4	0	1407
16000	10.5	0	1298
16000	10.6	0	1256
16000	10.7	0	1205
16000	10.8	0	1224
16000	10.9	0	1258
16000	11	0	1220
16000	11.1	0	1220
16000	11.2	0	1160
16000	11.3	0	1189
16000	11.4	0	1141
16000	11.5	0	1165
16000	11.6	0	1195
16000	11.7	0	1157
16000	11.8	0	1116
16000	11.9	0	1168
16000	12	0	1151
16000	12.1	0	1131
16000	12.2	0	1148
16000	12.3	0	1134
16000	12.4	0	1202
16000	12.5	0	1128
16000	12.6	0	1098
16000	12.7	0	1131
16000	12.8	0	1179
16000	12.9	0	1044
16000	13	0	1225
16000	13.1	0	1141
16000	13.2	0	1146
16000	13.3	0	1060
16000	13.4	0	1159
16000	13.5	0	1117
16000	13.6	0	1176
16000	13.7	0	1136
16000	13.8	0	1156
16000	13.9	0	1128
16000	14	0	1123
16000	14.1	0	1128
16000	14.2	0	1068
16000	14.3	0	1173
16000	14.4	0	1162
16000	14.5	0	1171
16000	14.6	0	1099
16000	14.7	0	1193
16000	14.8	0	1138
16000	14.9	0	1089
16000	15	0	1143
16000	15.1	0	1219
16000	15.2	0	1114
16000	15.3	0	1153
16000	15.4	0	1094
16000	15.5	0	1146
16000	15.6	0	1107
16000	15.7	0	1137
16000	15.8	0	1192
16000	15.9	0	1141
16000	16	0	1158
16000	16.1	0	1199
16000	16.2	0	1179
16000	16.3	0	1171
16000	16.4	0	1132
16000	16.5	0	1125
16000	16.6	0	1148
16000	16.7	0	1157
16000	16.8	0	1162
16000	16.9	0	1166
16000	17	0	1189
16000	17.1	0	1172
16000	17.2	0	1185
16000	17.3	0	1128
16000	17.4	0	1146
16000	17.5	0	1180
16000	17.6	0	1116
16000	17.7	0	1157
16000	17.8	0	1226
16000	17.9	0	1158
16000	18	0	1199
16000	18.1	0	1185
16000	18.2	0	1180
16000	18.3	0	1238
16000	18.4	0	1159
16000	18.5	0	1096
16000	18.6	0	1161
16000	18.7	0	1209
16000	18.8	0	1205
16000	18.9	0	1156
16000	19	0	1172
16000	19.1	0	1167
16000	19.2	0	1139
16000	19.3	0	1197
16000	19.4	0	1183
16000	19.5	0	1194
16000	19.6	0	1228
16000	19.7	0	1189
16000	19.8	0	1171
16000	19.9	0	1165
20000	0	0	1209
20000	0.1	0	1215
20000	0.2	0	1236
20000	0.3	0	1244
20000	0.4	0	1320
20000	0.5	0	1328
20000	0.6	0	1482
20000	0.7	0	1555
20000	0.8	0	1649
20000	0.9	0	1806
20000	1	0	1930
20000	1.1	0	2167
20000	1.2	0	2365
20000	1.3	0	2587
20000	1.4	0	3075
20000	1.5	0	3624
20000	1.6	0	4262
20000	1.7	0	5212
20000	1.8	0	6427
20000	1.9	0	8023
20000	2	0	10377
20000	2.1	0	13336
20000	2.2	0	16562
20000	2.3	0	18976
20000	2.4	0	19291
20000	2.5	0	18107
20000	2.6	0	17460
20000	2.7	0	17554
20000	2.8	0	16941
20000	2.9	0	17543
20000	3	0	17967
20000	3.1	0	17651
20000	3.2	0	17378
20000	3.3	0	17807
20000	3.4	0	17757
20000	3.5	0	17834
20000	3.6	0	17707
20000	3.7	0	17928
20000	3.8	0	17739
20000	3.9	0	17658
20000	4	0	17727
20000	4.1	0	17497
20000	4.2	0	17776
20000	4.3	0	17847
20000	4.4	0	17663
20000	4.5	0	17884
20000	4.6	0	17675
20000	4.7	0	17691
20000	4.8	0	17773
20000	4.9	0	17781
20000	5	0	17882
20000	5.1	0	17573
20000	5.2	0	17466
20000	5.3	0	16916
20000	5.4	0	16451
20000	5.5	0	15837
20000	5.6	0	14853
20000	5.7	0	13821
20000	5.8	0	12985
20000	5.9	0	11849
20000	6	0	10946
20000	6.1	0	9959
20000	6.2	0	9229
20000	6.3	0	8591
20000	6.4	0	7601
20000	6.5	0	7038
20000	6.6	0	6413
20000	6.7	0	6016
20000	6.8	0	5580
20000	6.9	0	5141
20000	7	0	4775
20000	7.1	0	4406
20000	7.2	0	4156
20000	7.3	0	3842
20000	7.4	0	3700
20000	7.5	0	3650
20000	7.6	0	3305
20000	7.7	0	3059
20000	7.8	0	2854
20000	7.9	0	2888
20000	8	0	2639
20000	8.1	0	2597
20000	8.2	0	2444
20000	8.3	0	2391
20000	8.4	0	2213
20000	8.5	0	2206
20000	8.6	0	2177
20000	8.7	0	1964
20000	8.8	0	1937
20000	8.9	0	1921
20000	9	0	1707
20000	9.1	0	1788
20000	9.2	0	1753
20000	9.3	0	1661
20000	9.4	0	1564
20000	9.5	0	1606
20000	9.6	0	1565
20000	9.7	0	1559
20000	9.8	0	1479
20000	9.9	0	1436
20000	10	0	1461
20000	10.1	0	1386
20000	10.2	0	1383
20000	10.3	0	1285
20000	10.4	0	1260
20000	10.5	0	1279
20000	10.6	0	1322
20000	10.7	0	1166
20000	10.8	0	1216
20000	10.9	0	1210
20000	11	0	1181
20000	11.1	0	1180
20000	11.2	0	1205
20000	11.3	0	1175
20000	11.4	0	1245
20000	11.5	0	1116
20000	11.6	0	1230
20000	11.7	0	1172
20000	11.8	0	1158
20000	11.9	0	1121
20000	12	0	1116
20000	12.1	0	1137
20000	12.2	0	1212
20000	12.3	0	1164
20000	12.4	0	1162
20000	12.5	0	1207
20000	12.6	0	1096
20000	12.7	0	1191
20000	12.8	0	1140
20000	12.9	0	1180
20000	13	0	1180
20000	13.1	0	1208
20000	13.2	0	1149
20000	13.3	0	1195
20000	13.4	0	1187
20000	13.5	0	1176
20000	13.6	0	1200
20000	13.7	0	1101
20000	13.8	0	1185
20000	13.9	0	1206
20000	14	0	1198
20000	14.1	0	1170
20000	14.2	0	1163
20000	14.3	0	1091
20000	14.4	0	1187
20000	14.5	0	1178
20000	14.6	0	1170
20000	14.7	0	1139
20000	14.8	0	1126
20000	14.9	0	1204
20000	15	0	1146
20000	15.1	0	1184
20000	15.2	0	1092
20000	15.3	0	1122
20000	15.4	0	1183
20000	15.5	0	1217
20000	15.6	0	1151
20000	15.7	0	1109
20000	15.8	0	1119
20000	15.9	0	1126
20000	16	0	1162
20000	16.1	0	1140
20000	16.2	0	1207
20000	16.3	0	1139
20000	16.4	0	1155
20000	16.5	0	1161
20000	16.6	0	1131
20000	16.7	0	1102
20000	16.8	0	1201
20000	16.9	0	1202
20000	17	0	1218
20000	17.1	0	1170
20000	17.2	0	1205
20000	17.3	0	1187
20000	17.4	0	1179
20000	17.5	0	1160
20000	17.6	0	1092
20000	17.7	0	1174
20000	17.8	0	1170
20000	17.9	0	1180
20000	18	0	1187
20000	18.1	0	1143
20000	18.2	0	1186
20000	18.3	0	1148
20000	18.4	0	1175
20000	18.5	0	1214
20000	18.6	0	1151
20000	18.7	0	1142
20000	18.8	0	1196
20000	18.9	0	1137
20000	19	0	1176
20000	19.1	0	1116
20000	19.2	0	1184
20000	19.3	0	1183
20000	19.4	0	1169
20000	19.5	0	1226
20000	19.6	0	1119
20000	19.7	0	1180
20000	19.8	0	1208
20000	19.9	0	1215
