20000.0002	9627
20000.0002	9558
20000.0002	9464
20000.0002	9726
20000.0002	9752
20000.0002	9808
20000.0002	9919
20000.0002	9809
20000.0002	10057
20000.0002	10191
20000.0002	10165
20000.0002	10253
20000.0002	10257
20000.0002	10661
20000.0002	10719
20000.0002	10796
20000.0002	10920
20000.0002	11006
20000.0002	11226
20000.0002	11256
20000.0002	11573
20000.0002	11595
20000.0002	12177
20000.0002	12162
20000.0002	12331
20000.0002	12609
20000.0002	12857
20000.0002	12964
20000.0002	13523
20000.0002	13779
20000.0002	13895
20000.0002	14149
20000.0002	14623
20000.0002	15092
20000.0002	15465
20000.0002	15954
20000.0002	16429
20000.0002	16297
20000.0002	17255
20000.0002	17866
20000.0002	18138
20000.0002	18398
20000.0002	19397
20000.0002	19844
20000.0002	20260
20000.0002	20901
20000.0002	21413
20000.0002	22263
20000.0002	22519
20000.0002	23123
20000.0002	24026
20000.0002	24674
20000.0002	25284
20000.0002	25820
20000.0002	26625
20000.0002	27364
20000.0002	27799
20000.0002	28332
20000.0002	29238
20000.0002	30001
20000.0002	30092
20000.0002	30584
20000.0002	31447
20000.0002	31614
20000.0002	32039
20000.0002	32670
20000.0002	33200
20000.0002	33640
20000.0002	33955
20000.0002	34188
20000.0002	34060
20000.0002	34577
20000.0002	35062
20000.0002	35333
20000.0002	35777
20000.0002	35868
20000.0002	35713
20000.0002	36101
20000.0002	36180
20000.0002	36134
20000.0002	36605
20000.0002	36646
20000.0002	37316
20000.0002	36971
20000.0002	37126
20000.0002	37079
20000.0002	37215
20000.0002	37191
20000.0002	37127
20000.0002	37746
20000.0002	37888
20000.0002	38181
20000.0002	37666
20000.0002	37659
20000.0002	37889
20000.0002	37544
20000.0002	37752
20000.0002	38066
20000.0002	38325
20000.0002	38599
20000.0002	38162
20000.0002	38104
20000.0002	37889
20000.0002	38108
20000.0002	37843
20000.0002	38283
20000.0002	38308
20000.0002	38740
20000.0002	38416
20000.0002	38241
20000.0002	38237
20000.0002	38146
20000.0002	37828
20000.0002	38224
20000.0002	38585
20000.0002	38637
20000.0002	38646
20000.0002	38464
20000.0002	38243
20000.0002	38074
20000.0002	38126
20000.0002	37955
20000.0002	38607
20000.0002	38800
20000.0002	38517
20000.0002	38499
20000.0002	38581
20000.0002	37825
20000.0002	38045
20000.0002	38004
20000.0002	38751
20000.0002	38353
20000.0002	38961
20000.0002	38373
20000.0002	38598
20000.0002	38236
20000.0002	37920
20000.0002	37787
20000.0002	38521
20000.0002	38810
20000.0002	38546
20000.0002	38706
20000.0002	38485
20000.0002	38502
20000.0002	37964
20000.0002	37813
20000.0002	38333
20000.0002	38664
20000.0002	38686
20000.0002	38698
20000.0002	38376
20000.0002	38640
20000.0002	38240
20000.0002	37863
20000.0002	38021
20000.0002	38626
20000.0002	38499
20000.0002	38980
20000.0002	38481
20000.0002	38089
20000.0002	38616
20000.0002	38074
20000.0002	38020
20000.0002	38347
20000.0002	38693
20000.0002	38364
20000.0002	38752
20000.0002	38539
20000.0002	38286
20000.0002	38081
20000.0002	38209
20000.0002	38176
20000.0002	38527
20000.0002	39049
20000.0002	38063
20000.0002	38517
20000.0002	38720
20000.0002	37964
20000.0002	38065
20000.0002	38404
20000.0002	38512
20000.0002	38551
20000.0002	38691
20000.0002	38114
20000.0002	38376
20000.0002	38632
20000.0002	37913
20000.0002	38062
20000.0002	38516
20000.0002	38666
20000.0002	38397
20000.0002	38474
20000.0002	38491
20000.0002	38216
20000.0002	38162
20000.0002	38417
20000.0002	38045
20000.0002	38375
20000.0002	38586
20000.0002	38481
20000.0002	38515
20000.0002	38366
20000.0002	38041
20000.0002	38108
20000.0002	38514
20000.0002	38366
20000.0002	38269
20000.0002	38477
20000.0002	38360
20000.0002	38697
20000.0002	37822
20000.0002	38204
20000.0002	38266
20000.0002	38072
20000.0002	38579
20000.0002	38157
20000.0002	38394
20000.0002	38443
20000.0002	38758
20000.0002	37658
20000.0002	37975
20000.0002	38134
20000.0002	37936
20000.0002	38409
20000.0002	38428
20000.0002	38292
20000.0002	38102
20000.0002	38155
20000.0002	38015
20000.0002	37819
20000.0002	37640
20000.0002	37822
20000.0002	38215
20000.0002	38534
20000.0002	37762
20000.0002	37742
20000.0002	38004
20000.0002	37573
20000.0002	37623
20000.0002	37844
20000.0002	37515
20000.0002	37689
20000.0002	38070
20000.0002	37878
20000.0002	37361
20000.0002	37574
20000.0002	37355
20000.0002	37184
20000.0002	37323
20000.0002	37522
20000.0002	37233
20000.0002	37630
20000.0002	37505
20000.0002	36980
20000.0002	37044
20000.0002	37084
20000.0002	37103
20000.0002	36872
20000.0002	37142
20000.0002	36844
20000.0002	37471
20000.0002	36522
20000.0002	36508
20000.0002	37110
20000.0002	36429
20000.0002	36575
20000.0002	36357
20000.0002	36736
20000.0002	36468
20000.0002	36598
20000.0002	36031
20000.0002	36364
20000.0002	36099
20000.0002	36307
20000.0002	35888
20000.0002	36055
20000.0002	35875
20000.0002	35782
20000.0002	35585
20000.0002	35868
20000.0002	35622
20000.0002	35426
20000.0002	35428
20000.0002	35256
20000.0002	35221
20000.0002	35070
20000.0002	35221
20000.0002	34863
20000.0002	35001
20000.0002	34703
20000.0002	34928
20000.0002	34258
20000.0002	34369
20000.0002	34376
20000.0002	34159
20000.0002	33890
20000.0002	33983
20000.0002	34055
20000.0002	33418
20000.0002	33456
20000.0002	33443
20000.0002	33122
20000.0002	32970
20000.0002	32954
20000.0002	32645
20000.0002	32718
20000.0002	32189
20000.0002	32334
20000.0002	32006
20000.0002	31756
20000.0002	31592
20000.0002	31254
20000.0002	31619
20000.0002	30974
20000.0002	30841
20000.0002	30933
20000.0002	30241
20000.0002	29802
20000.0002	30090
20000.0002	29755
20000.0002	29356
20000.0002	29220
20000.0002	28872
20000.0002	28690
20000.0002	28777
20000.0002	28132
20000.0002	27808
20000.0002	27486
20000.0002	27094
20000.0002	27131
20000.0002	26963
20000.0002	26461
20000.0002	26508
20000.0002	25748
20000.0002	25554
20000.0002	25309
20000.0002	25143
20000.0002	24834
20000.0002	24597
20000.0002	24307
20000.0002	24026
20000.0002	23447
20000.0002	23629
20000.0002	23104
20000.0002	22732
20000.0002	22403
20000.0002	22303
20000.0002	22092
20000.0002	21703
20000.0002	21536
20000.0002	21065
20000.0002	20938
20000.0002	21070
20000.0002	20391
20000.0002	20261
20000.0002	20009
20000.0002	19893
20000.0002	19583
20000.0002	18825
20000.0002	18943
20000.0002	18819
20000.0002	18867
20000.0002	18340
20000.0002	18046
20000.0002	17787
20000.0002	17702
20000.0002	17437
20000.0002	17239
20000.0002	17106
20000.0002	16823
20000.0002	16783
20000.0002	16528
20000.0002	16301
20000.0002	15956
20000.0002	15860
20000.0002	15810
20000.0002	15489
20000.0002	15430
20000.0002	15510
20000.0002	15217
20000.0002	14948
20000.0002	14841
20000.0002	14699
20000.0002	14808
20000.0002	14645
20000.0002	14170
20000.0002	14185
20000.0002	14178
20000.0002	13907
20000.0002	13590
20000.0002	13745
20000.0002	13578
20000.0002	13378
20000.0002	13483
20000.0002	13036
20000.0002	13097
20000.0002	12936
20000.0002	12833
20000.0002	12639
20000.0002	12826
20000.0002	12621
20000.0002	12344
20000.0002	12368
20000.0002	12047
20000.0002	12165
20000.0002	12061
20000.0002	12055
20000.0002	12018
20000.0002	11907
20000.0002	11792
20000.0002	11840
20000.0002	11574
20000.0002	11552
20000.0002	11642
20000.0002	11294
20000.0002	11263
20000.0002	11226
20000.0002	11157
20000.0002	11170
20000.0002	11027
20000.0002	11095
20000.0002	10973
20000.0002	10862
20000.0002	10876
20000.0002	10751
20000.0002	10507
20000.0002	10747
20000.0002	10647
20000.0002	10345
20000.0002	10603
20000.0002	10497
20000.0002	10423
20000.0002	10302
20000.0002	10322
20000.0002	10184
20000.0002	10214
20000.0002	10156
20000.0002	10087
20000.0002	9893
20000.0002	10164
20000.0002	9939
20000.0002	9837
20000.0002	9839
20000.0002	10158
20000.0002	9655
20000.0002	9668
20000.0002	9787
20000.0002	9758
20000.0002	9557
20000.0002	9635
20000.0002	9496
20000.0002	9631
20000.0002	9556
20000.0002	9426
20000.0002	9537
20000.0002	9541
20000.0002	9400
20000.0002	9386
20000.0002	9313
20000.0002	9367
20000.0002	9400
20000.0002	9197
20000.0002	9365
20000.0002	9214
20000.0002	9084
20000.0002	9189
20000.0002	9051
20000.0002	9020
20000.0002	9112
20000.0002	9112
20000.0002	9081
20000.0002	8960
20000.0002	8982
20000.0002	9033
20000.0002	8960
20000.0002	8913
20000.0002	8874
20000.0002	8805
20000.0002	8746
20000.0002	8873
20000.0002	8906
20000.0002	8848
20000.0002	9006
20000.0002	8852
20000.0002	8752
20000.0002	8921
20000.0002	8831
20000.0002	8746
20000.0002	8643
20000.0002	8857
20000.0002	8621
20000.0002	8807
20000.0002	8891
20000.0002	8738
20000.0002	8773
20000.0002	8776
20000.0002	8644
20000.0002	8636
20000.0002	8499
20000.0002	8749
20000.0002	8617
20000.0002	8533
20000.0002	8725
20000.0002	8518
20000.0002	8683
20000.0002	8660
20000.0002	8722
20000.0002	8680
20000.0002	8657
20000.0002	8668
20000.0002	8552
20000.0002	8681
20000.0002	8786
20000.0002	8623
20000.0002	8495
20000.0002	8817
20000.0002	8559
20000.0002	8468
20000.0002	8736
20000.0002	8557
20000.0002	8531
20000.0002	8561
20000.0002	8634
20000.0002	8539
20000.0002	8500
20000.0002	8530
20000.0002	8595
20000.0002	8554
20000.0002	8622
20000.0002	8375
20000.0002	8646
20000.0002	8538
20000.0002	8614
20000.0002	8563
20000.0002	8419
20000.0002	8739
20000.0002	8612
20000.0002	8513
20000.0002	8717
20000.0002	8573
20000.0002	8583
20000.0002	8658
20000.0002	8605
20000.0002	8484
20000.0002	8607
20000.0002	8698
20000.0002	8531
20000.0002	8459
20000.0002	8788
20000.0002	8488
20000.0002	8574
20000.0002	8569
20000.0002	8862
20000.0002	8764
20000.0002	8663
20000.0002	8580
20000.0002	8576
20000.0002	8681
20000.0002	8641
20000.0002	8535
20000.0002	8609
20000.0002	8776
20000.0002	8688
20000.0002	8661
20000.0002	8602
20000.0002	8678
20000.0002	8659
20000.0002	8795
20000.0002	8705
20000.0002	8871
20000.0002	8752
20000.0002	8649
20000.0002	8651
20000.0002	8852
20000.0002	8845
20000.0002	8856
20000.0002	8794
20000.0002	8900
20000.0002	8987
20000.0002	8745
20000.0002	8949
20000.0002	9124
20000.0002	8915
20000.0002	8931
20000.0002	8875
20000.0002	9004
20000.0002	9147
20000.0002	9038
20000.0002	9175
20000.0002	9105
20000.0002	9089
20000.0002	9239
20000.0002	9021
20000.0002	9260
20000.0002	9123
20000.0002	9408
20000.0002	9270
20000.0002	9348
20000.0002	9455
20000.0002	9374
