	191682
	194052
	191039
	196065
	196747
	190978
	197715
	196003
	196935
	198685
	198341
	201796
	202399
	201406
	202395
	205769
	206570
	207115
	207487
	210444
	210378
	211854
	213624
	212788
	213596
	215260
	214507
	214591
	221149
	221071
	224222
	227624
	226123
	226260
	231935
	231750
	233981
	231758
	239826
	239874
	241125
	244868
	244384
	246596
	246771
	247579
	246726
	252674
	252323
	251257
	251482
	250956
	251562
	248271
	249599
	241595
	244329
	240392
	239542
	236300
	230427
	224074
	222085
	215075
	209460
	204246
	197857
	192693
	185992
	178881
	172455
	166802
	158886
	150833
	145273
	137671
	131836
	125115
	117705
	112400
	106300
	99506.3
	93413.5
	88231.5
	82485.3
	77814.8
	72474.1
	67765.3
	64128.1
	59716.1
	55581
	52239.3
	49065.4
	46483.9
	44774.6
	42239.3
	40402.3
	39719.1
	38446.6
	37943.9
	37931
	38399
	38188
	38413
	38447
	38334
	38130
	38059
	37965
	38471
	38646
	38207
	38459
	38786
	38186
	38190
	38043
	38362
	38453
	38983
	38057
	38568
	38774
	37967
	38179
	38406
	38694
	38303
	38766
	38269
	38513
	38475
	38309
	37911
	38621
	38777
	38486
	38546
	38646
	38081
	38376
	38516
	38251
	38301
	38541
	38488
	38885
	38634
	37863
	37992
	38940
	38434
	38057
	38671
	38878
	38514
	38690
	37664
	37799
	39190
	38706
	37995
	38643
	38937
	38314
	38280
	38163
	38131
	38684
	38782
	38300
	38607
	38681
	37927
	38469
	38546
	38133
	38268
	38970
	38811
	38352
	38419
	37679
	38764
	38622
	38056
	38188
	39125
	38560
	38371
	37986
	38193
	38554
	38632
	38259
	38602
	38694
	38552
	37837
	38085
	38527.1
	38570.7
	38718.8
	39099.9
	38596.9
	39146.9
	39396.5
	39227.8
	40004.1
	40982.2
	40844.6
	41685.6
	42291
	42485.6
	43083.4
	43764.4
	44363
	45425.9
	46456.8
	47326.9
	47845.6
	49352.9
	49699.8
	50150.3
	52009.4
	53273.8
	53969.9
	55302.5
	56834.1
	57864.4
	58972.6
	59461.9
	61581
	63024.4
	64422.8
	65869.1
	67293.7
	69185.9
	69980.8
	71937.5
	73196.8
	74601.6
	76565.4
	79038.7
	80261
	81882.3
	83706.9
	85350.9
	87164
	88675.3
	90210.8
	93118.6
	94714.6
	97955.6
	99262.7
	99543.8
	103405
	104311
	106031
	108502
	111329
	113663
	115942
	118085
	118520
	120998
	123159
	125787
	128558
	131443
	134131
	134499
	138058
	138755
	141025
	143117
	146015
	148278
	153159
	153608
	155315
	157893
	159908
	161835
	163235
	167841
	168926
	172740
	174873
	176469
	177496
	179395
	180913
	184639
	187486
	188706
	190755
	193698
	195421
	196752
	198804
	200957
	202445
	202219
	207420
	208445
	209190
	211421
	212341
	214798
	215847
	217372
	216208
	221568
	219897
	221768
	223877
	226278
	224140
	224963
	228705
	225909
	230723
	227300
	227639
	229817
	230357
	231849
	231620
	230966
	231115
	230380
	230315
	228050
	231622
	231353
	229079
	231690
	230006
	228296
	229565
	226862
	226682
	229752
	225682
	226337
	224351
	225222
	222712
	225770
	223223
	222096
	219863
	220007
	217988
	220467
	217815
	216236
	216079
	216289
	212946
	212360
	211649
	213748
	211227
	209461
	210715
	206925
	206975
	207547
	206737
	204014
	203642
	203577
	204316
	200379
	202380
	203222
	200557
	197930
	198081
	198109
	198431
	200257
	194926
	195417
	196918
	196521
	192260
	190276
	191689
	190617
	193974
	191789
	192653
	191749
	189470
	186437
	188258
	189396
	185579
	187089
	190435
	183483
	186876
	184871
	184101
	187759
	184686
	184979
	185862
	182186
	183500
	184523
	183751
	184134
	180424
	180189
	182192
	179741
	184362
	178903
	182240
	182671
	181152
	179423
	180954
	179400
	181110
	180703
	179913
	181500
	180366
	179087
	178958
	177553
	178226
	176996
	179352
	178964
	182006
	175746
	179592
	177599
	175291
	176531
	175248
	175869
	175425
	177456
	174979
	174535
	180551
	179895
	176998
	174659
	174495
	173597
	174661
	175151
	175880
	177212
	177869
	178615
	175252
	175279
	174002
	173734
	175576
	173849
	175363
	174901
	176734
	175077
	175484
	175822
	174104
	173950
	174277
	171651
	174328
	173833
	176103
	170809
	176275
	173415
	174955
	169700
	173828
	173944
	171818
	173310
	170740
	173490
	171557
	174748
	174912
	175425
	169028
	169038
	169140
	174000
	170520
	169000
	173620
	175040
	173160
	173440
	168680
	171380
	171400
	168920
	169560
	169640
	175240
	173360
	171380
	173400
	171300
	170720
	170160
	171420
	173020
	171220
	173280
	171700
	171420
	170660
	172960
	171960
	173420
	172740
	172640
	173080
	170940
	169700
	169660
	171060
	173460
	172160
	173860
	171660
	172520
	170660
	174320
	170520
	172580
	170980
	171760
	170960
	172840
	168600
	174620
	173560
	170920
	172460
	174180
	174520
	173500
	176700
	174860
	175060
	176760
	174900
	173900
	175020
	177480
	177360
	177100
	178100
	176240
	179820
	174180
	178440
	175420
	176820
	176480
	176280
	177880
	174180
	177020
	181360
	178880
	179320
	179540
	180700
	180980
	182040
	186840
	181500
	182780
	181420
	181840
	184220
	187700
	185840
	184060
	187180
	191700
	187020
	174197
	174918
	175016
	173751
	172917
	170370
	177012
	178621
	172113
	174855
	176580
	180275
	178622
	178185
	175424
	183888
	182250
	179406
	184961
	182817
	188034
	187585
	190453
	193427
	187567
	187974
	188709
	187954
	195093
	196175
	198104
	204654
	204871
	201555
	207762
	210974
	218066
	214495
	222243
	227868
	224884
	232419
	232999
	234594
	240382
	245676
	245660
	257532
	258860
	262862
	264724
	269830
	273970
	279196
	282493
	274151
	283652
	285637
	283351
	286140
	285396
	274128
	280694
	271627
	266482
	262609
	254903
	247323
	239179
	233800
	224675
	215668
	203274
	192902
	184822
	173662
	164293
	156719
	141960
	135193
	128001
	117851
	109818
	100937
	92203.2
	87299.9
	79449.8
	73151.3
	68994.9
	63676.7
	58890.8
	54778.6
	50772.7
	48157
	45416.3
	42534.8
	41309.8
	40242.8
	39109.7
	38390.9
	37504.2
	38432
	38232.7
	38275.1
	38428.5
	38824.4
	38264.3
	37980.5
	38260.4
	38567
	38855.6
	38432.8
	38702.1
	39398.3
	37563.7
	38158.1
	38110
	38450.9
	38683.4
	39164.2
	38126
	38959.3
	38827.7
	38121.3
	38163.1
	38676.1
	38580
	38481.3
	38503.6
	38489.1
	38192.6
	38086.8
	37901.7
	38374.3
	38649
	38557.5
	38251.4
	38416.5
	38793.9
	38539.6
	38091.1
	38442.4
	38249.6
	38346.9
	38229.3
	38196.2
	38525.9
	38151.8
	37797.2
	37852.1
	39481.7
	38174.6
	37972.6
	38313.1
	38767.7
	38352.8
	38490
	38040.9
	37353.2
	39069.5
	38908.5
	38369.8
	39409.9
	38710.4
	38398.4
	38623.8
	38418
	37677.6
	38449.3
	39184.3
	38109.2
	38684.8
	38543
	37817.9
	38645.5
	38807.6
	37563.5
	38602.7
	39146.8
	38891.9
	38171
	38594.2
	37775.6
	38922.4
	38976.8
	37505.9
	38093.1
	39422.5
	38720.1
	38207.3
	38038
	38008
	38143.6
	38592
	38687.2
	39022.5
	38291.5
	38327.3
	37671.8
	37551.4
	38556.7
	38755.1
	38522
	38586.9
	38473.6
	39619.3
	39470.8
	39064.9
	40053.6
	40745.5
	41133.7
	42494
	41980.7
	42531.2
	42947.3
	43820
	44449.8
	45908.2
	46683.6
	47633.8
	48478.3
	49325.3
	50017.3
	50427.3
	51772.2
	52641
	53873.7
	55125.2
	57268.5
	57529.2
	58385.7
	59577.8
	61898.6
	63296.3
	64359.3
	66329.1
	68349
	68634.8
	70240.1
	72573.6
	74415.1
	75525.8
	76368.8
	79426.8
	80751.4
	81722
	84671.3
	85491.6
	87586.8
	88778.9
	90781
	92566.1
	96301.5
	98480.4
	99398.1
	100901
	105140
	104966
	106928
	110568
	113776
	115338
	117672
	121377
	121525
	124414
	127494
	128955
	132699
	133733
	138174
	136487
	140635
	142735
	144458
	146587
	150130
	150811
	157233
	157714
	160237
	163939
	167417
	168425
	172543
	172687
	175414
	181905
	181646
	186416
	185170
	185705
	189732
	191152
	192465
	196776
	199767
	204585
	206728
	207667
	210771
	212847
	214046
	212691
	220887
	219596
	218559
	221853
	220821
	224206
	230663
	230176
	224119
	232534
	229525
	232886
	236303
	236579
	234369
	236113
	243593
	232671
	238272
	236222
	236646
	238848
	240461
	243438
	242528
	237552
	237527
	235670
	237580
	232949
	235019
	237525
	233936
	236146
	232357
	232428
	235305
	230786
	230151
	232843
	229484
	226510
	227011
	225282
	223141
	227169
	224468
	224558
	216314
	219457
	212216
	217395
	215731
	216035
	217441
	215769
	214833
	213190
	210207
	207373
	209324
	209021
	210119
	204415
	207265
	208214
	204022
	198363
	201800
	199081
	196800
	199464
	199795
	199273
	202091
	192459
	196736
	196558
	192051
	192307
	191783
	186290
	189194
	192713
	186901
	186539
	187057
	185772
	187629
	186866
	188220
	185285
	183325
	179220
	183045
	185209
	183533
	183034
	185823
	175460
	180588
	177708
	181415
	183815
	177835
	178780
	183027
	178135
	176481
	177931
	177771
	181295
	180214
	180707
	179222
	175650
	179919
	171468
	184420
	177772
	177101
	175304
	178049
	176635
	172070
	177679
	177080
	176006
	174097
	176676
	174364
	169072
	173538
	168240
	171235
	171884
	181393
	168752
	173747
	174236
	171151
	170022
	170886
	172152
	167354
	179082
	168659
	174540
	171989
	174936
	171728
	169211
	167143
	170575
	174013
	169804
	167301
	171703
	171006
	174348
	169730
	169451
	172449
	170965
	171691
	172778
	173053
	167243
	169538
	167208
	171611
	172432
	173743
	170117
	169214
	169799
	172947
	171274
	171899
	167406
	172468
	167303
	168968
	163461
	172398
	173414
	169465
	168515
	169242
	168018
	168469
	169092
	171225
	173844
	169013
	168814
	167395
	167112
	168105
	164418
	171906
	172146
	168146
	170091
	165608
	165396
	166718
	162325
	168312
	165774
	172822
	171922
	168158
	173211
	167430
	170043
	169470
	172037
	166884
	171508
	167175
	166427
	169453
	171228
	175075
	173197
	173666
	166720
	165402
	169230
	172277
	168285
	170548
	173780
	170995
	168788
	169958
	166680
	170419
	168645
	166466
	165722
	171877
	170154
	175191
	168173
	166180
	164636
	169550
	165058
	164582
	170105
	171362
	173809
	167321
	176180
	168119
	167216
	173821
	170135
	175924
	168238
	172245
	167835
	170733
	173504
	172021
	171977
	164153
	168027
	166771
	173317
	169228
	174274
	163331
	166337
	173139
	173723
	168780
	166913
	172513
	172077
	175731
	171470
	171004
	172300
	170623
	167891
	168436
	171890
	175987
	173785
	169003
	172832
	175384
	169352
	110.305
	2118.49
	-592.115
	-2168.89
	2051.55
	3150.08
	-1859.56
	3404.25
	-31.9231
	-118.75
	4262.34
	-307.083
	-2115.18
	-2411.3
	-1945.76
	-982.946
	-932.26
	-1248.41
	2398.16
	-233.619
	1214.16
	1647.58
	2180.22
	1485.99
	-45.3861
	-272.909
	1577.11
	1959.74
	-593.018
	-3856.49
	2086.66
	811.111
	-118.375
	-4577.95
	-867.5
	-396.058
	-466.842
	1893.58
	-1617.98
	997.351
	-44.1648
	1368.46
	3419.22
	204.648
	1828.2
	-428.001
	-2711.07
	-2215.46
	-90.8704
	-578.63
	2534.5
	-2697.81
	-537.855
	-959.297
	2843.68
	201.732
	618.238
	-18.8432
	-1025.81
	1180.03
	-2190.06
	-723.103
	-508.373
	90.4713
	1362.3
	1602.16
	-243.918
	-1352.11
	662.1
	527.138
	599.08
	-1088.91
	241.923
	-468.951
	-1578.36
	-389.628
	468.376
	-413.681
	349.317
	610.845
	8.66134
	-1081.79
	67.8182
	-63.9291
	-21.7904
	505.103
	-5.06349
	125.197
	-209.937
	372.84
	-123.461
	-94.7093
	-259.853
	-318.959
	-32.7684
	-276.891
	-169.347
	44.8072
	207.925
	340.519
	162.906
	199.079
	-201.509
	-291.285
	-391.334
	162.809
	-44.2676
	-335.111
	-22.8491
	400.564
	-101.886
	-128.168
	49.0948
	111.845
	8.4285
	-252.943
	-200.944
	120.101
	-50.8308
	-35.4643
	-54.3923
	20.5843
	-61.5149
	-197.78
	-248.988
	277.832
	256.599
	141.073
	-1.86266
	158.639
	-72.6821
	-206.279
	258.904
	278.808
	-12.8229
	332.235
	230.849
	77.6006
	304.436
	25.9425
	-319.154
	-322.953
	106.851
	72.8368
	327.693
	-30.353
	3.86753
	140.311
	-211.761
	3.61031
	153.066
	-181.091
	237.761
	60.7006
	146.645
	-163.404
	-42.897
	68.0537
	21.323
	45.596
	-147.236
	-71.0358
	132.842
	144.038
	-95.4653
	-137.242
	-9.76476
	8.47343
	-59.7118
	-77.4174
	73.6189
	-88.2192
	-178.556
	-152.272
	57.7456
	-212.793
	-262.971
	-228.642
	-34.1387
	-180.496
	141.723
	-249.64
	98.6441
	-3.96834
	69.8978
	-63.5268
	324.028
	-37.8559
	80.9364
	4.44306
	-162.416
	11.1802
	-152.993
	-195.706
	-210.944
	24.993
	57.2836
	13.2836
	-10.9279
	66.8971
	412.731
	171.904
	99.9683
	8.50998
	-28.3834
	492.871
	-108.044
	58.31
	-51.6294
	-432.454
	-32.2927
	126.989
	142.331
	-217.769
	-28.3682
	-101.616
	35.6635
	-366.754
	356.451
	157.81
	-101.737
	-523.175
	-549.888
	-127.311
	262.681
	542.532
	-374.311
	-91.119
	-273.593
	-154.007
	-16.918
	302.863
	-235.118
	-22.732
	190.261
	174.144
	-55.1033
	28.6729
	272.675
	-212.659
	61.4039
	-430.601
	-411.429
	-623.148
	62.9641
	547.126
	190.18
	-670.407
	-129.943
	61.9349
	-731.573
	-110.972
	553.252
	-474.305
	-136.804
	565.135
	-250.243
	-868.033
	-63.9134
	354.976
	1230.81
	515.27
	-931.196
	-180.229
	-442.958
	-387.997
	766.193
	461.136
	261.865
	983.537
	445.631
	145.403
	-340.133
	-341.419
	507.475
	341.247
	22.6652
	971.269
	302.979
	668.734
	10.7496
	1108.38
	287.29
	464.203
	-984.986
	1534.29
	1603.79
	-1385.09
	-129.607
	-305.602
	-1725.97
	-720.074
	496.522
	1019.19
	1531.13
	-950.596
	409.558
	9.62476
	2502.2
	595.695
	648.733
	-1651.32
	-1164.81
	-235.564
	-396.493
	631.603
	-242.714
	785.116
	3167.47
	-1545.58
	-126.406
	-1128.12
	1379.53
	1766.07
	-2595.84
	901.464
	1429.51
	-1741.65
	-1616.65
	486.683
	1144.02
	2173.63
	-1108.95
	2687.7
	1391.69
	2960.19
	16.5609
	-451.419
	-1105.56
	-759.585
	75.0517
	1697.24
	1144.71
	-3380
	3166.44
	278.95
	1025.05
	233.543
	1043.77
	-258.878
	1244.93
	330.559
	-598.926
	-2210.13
	1842.97
	-406.665
	-904.597
	-1085.25
	-1179.12
	620.726
	-1574.66
	-466.152
	725.857
	-1824.39
	701.812
	1137.52
	998.18
	-148.085
	826.369
	-1729.53
	735.218
	-3272.83
	506.261
	-1628.1
	-566.182
	-415.831
	120.174
	-1945.48
	645.145
	1749.51
	2283.84
	-728.192
	871.479
	2813.97
	-992.73
	949.921
	-698.709
	-3140
	-970.185
	-202.638
	-394.959
	3579.08
	-2369.01
	-1081.03
	-1429.47
	-162.06
	55.121
	-555.583
	-1668.07
	505.612
	302.118
	1556.08
	-2178.18
	-1039.45
	-1571.54
	-658.352
	2131.74
	3074.72
	-2153.49
	2883.88
	3149.57
	-1991.85
	-634.524
	-1528.37
	-3611.9
	-4434.03
	611.958
	-1732.01
	-3602.99
	73.9048
	-734.758
	1290.56
	-347.953
	-1257.27
	-1352.87
	1774.34
	-2149.46
	581.168
	1898.48
	-852.619
	-2010.37
	1176.05
	791.316
	-2528.93
	-2379.69
	2070.05
	-1329.01
	-868.944
	-972.627
	-64.9488
	309.161
	2685.28
	-2096.56
	-408.99
	-2740.82
	-385.11
	5141.46
	450.891
	-611.998
	-4895.44
	-944.998
	-1113.91
	-252.819
	-275.673
	934.39
	268.205
	-2568.13
	2324.83
	1059.27
	-1294.1
	-5059.65
	403.355
	-476.879
	1610.06
	809.537
	-1000.51
	-285.27
	-4335.88
	-2127.5
	2288.88
	-729.774
	934.588
	-840.59
	-582.8
	-1084.71
	-3.68632
	-310.418
	-2369.51
	-2288.68
	-516.209
	1531.44
	-992.539
	27.5121
	559.339
	-2090
	-102.276
	1283.47
	-2327.31
	949.903
	2095.54
	-951.354
	2910.85
	-805.74
	-157.292
	243.766
	1696.26
	-1967.23
	-706.742
	2864.61
	-491.301
	-2151.1
	-2305
	1817.91
	1233.52
	3656.62
	-1819.44
	-3143.33
	-1923.22
	216.971
	3097.88
	-159.647
	445.709
	-3739.49
	-511.343
	-396.664
	1643.64
	173.425
	-641.188
	-1839.31
	-4406.81
	619.333
	403.775
	-1141.03
	-1674.75
	2780.18
	222.426
	-856.77
	1620.91
	940.727
	-1162.51
	2380.42
	-1376.08
	3178.16
	608.591
	1592.15
	57.3073
	2181.37
	-996.947
	1346.61
	-817.872
	190.917
	-1003.11
	1574.28
	2500
	-319.8
	-489.486
	-2809.69
	-4702.25
	1846.14
	799.607
	666.437
	1909.34
	1736.37
	-3209.76
	1502.95
	-667.525
	-2639.2
	-417.192
	585.17
	-1219.66
	596.126
	-1233.13
	1058.65
	1638.04
	-777.087
	-127.883
	1341.4
	-624.143
	358.301
	3409.04
	1286.77
	37.1838
	1522.83
	1030.26
	2496.91
	1009.02
	975.93
	-282.748
	339.197
	1928.22
	579.031
	2603.81
	-1310.48
	621.445
	1276.44
	1835.88
	-3641.13
	-2395.06
	-3418.26
	501.838
	-2458.77
	1733.11
	-3524.47
	1385.64
	-2319.88
	454.155
	-680.072
	-729.505
	-139.544
	-165.265
	1252.68
	-1817.22
	1354.34
	-2779.19
	652.306
	1636.88
	-1778.38
	-34.6481
	356.455
	-2242.4
	183599
	190973
	183292
	180937
	197633
	185619
	191086
	191497
	185784
	192598
	187206
	193480
	194980
	197478
	195161
	200757
	198037
	199505
	200750
	199003
	205712
	206683
	208119
	212613
	212331
	205397
	209658
	208277
	218384
	216912
	215447
	224688
	222514
	226602
	233172
	231024
	234974
	231086
	243093
	242007
	246173
	246659
	249160
	248460
	253006
	246367
	248931
	254726
	255646
	251988
	258297
	254624
	262671
	256455
	258726
	247864
	253525
	250111
	245196
	241967
	239321
	234628
	227274
	221246
	215987
	210945
	205219
	198278
	196523
	188271
	177295
	171575
	164698
	154740
	148022
	140687
	137566
	128604
	121952
	114875
	109016
	102368
	95761
	88606.8
	83630.8
	79847.3
	74024.2
	68464.9
	64710.3
	60294.2
	56952.2
	52223.1
	49903.3
	46197.1
	45669.9
	42395.1
	40712.6
	39989.1
	39006.5
	37743.7
	37351.5
	38056.5
	38099.5
	37823.3
	38215.5
	38211
	37901.2
	38024.3
	37870.7
	38526.9
	38622.9
	38315.4
	38453.6
	38166.5
	38582.4
	38110.7
	38032.8
	38090.4
	38742
	39075
	37947.6
	38272.4
	38669.2
	37727.3
	38591
	38490.8
	38813.5
	38308.5
	39029.8
	38332.7
	38034.8
	38260.7
	38334
	38255
	38333.4
	38947.8
	38038.8
	38198.7
	38409.9
	38335.4
	38283.2
	38669
	38263
	38071.4
	38537.9
	38626.7
	38411.9
	38220.3
	37706.7
	38392.6
	38754.6
	38329.9
	37983.6
	38805.2
	39141.5
	38350.8
	38504.2
	37583.3
	37765.4
	38799.2
	39088.4
	38348.3
	38999
	39616.2
	37962.2
	38396.5
	38620.9
	38122.8
	38963
	38599.5
	38813.9
	39252.8
	39107.1
	38023.5
	38110.5
	37882.8
	38049.8
	38459.4
	38966.1
	38898
	38977.8
	39187.5
	37771.9
	38779.9
	38772.7
	37981.2
	38882.5
	39376.9
	38329.3
	38227.4
	37494.4
	38043
	38227.5
	39113.9
	38263
	38476.4
	38342.9
	38729
	37756.8
	38451.1
	38505.9
	38263.7
	38940.9
	39259.3
	38531.4
	39207.5
	39162.8
	39282.5
	40007.2
	40789.6
	41063.1
	42012.6
	41923.2
	42464.2
	43284.3
	43924.5
	44451.8
	45471.7
	46866.1
	47424.2
	47682.1
	49447.3
	49657.6
	50493.3
	51766.4
	52743.2
	54490.4
	55483.6
	57477.3
	58232.5
	58647.3
	59190
	61555
	62711.4
	64485.7
	66334.3
	67000.1
	69293.1
	69951.7
	72621.4
	73188.5
	74318.6
	75766.8
	78113.4
	80295.4
	82042.1
	84107.1
	84454.3
	86843.6
	90085.1
	90548.1
	93020
	94666.3
	97050.1
	99072.4
	100119
	103212
	104113
	107279
	109522
	111430
	114339
	115593
	118619
	119980
	121717
	124042
	126282
	128712
	131307
	134878
	134785
	138482
	139694
	142409
	143159
	147802
	147292
	154280
	154951
	156358
	159222
	160061
	162921
	164790
	170475
	169397
	173487
	173475
	177950
	178552
	181469
	181921
	184208
	189644
	188549
	189550
	195320
	196224
	197485
	198603
	198279
	199246
	204574
	206260
	210909
	210963
	211464
	213133
	213044
	219616
	218324
	218255
	224172
	220587
	220986
	225821
	227078
	225358
	227290
	230056
	228707
	234974
	226322
	229010
	231927
	231124
	234014
	234513
	233064
	231075
	231514
	230832
	228799
	230492
	233946
	228712
	231765
	233922
	228454
	232821
	234466
	228375
	231787
	224776
	227227
	226217
	228141
	226467
	224697
	229251
	228173
	221250
	221727
	216518
	219542
	221878
	215231
	215053
	217014
	213669
	211774
	212920
	212008
	215231
	211813
	210300
	204590
	209695
	210256
	204616
	208295
	205449
	204514
	205438
	200878
	201791
	201706
	198616
	197115
	200639
	202139
	198694
	203190
	196590
	194563
	197684
	197160
	194307
	194913
	193368
	188842
	190692
	191096
	189824
	191344
	187671
	184719
	189837
	186103
	188539
	187787
	192107
	184148
	185196
	184824
	185616
	185910
	187652
	182539
	185639
	177703
	178858
	183572
	186455
	181902
	180666
	181586
	181841
	178605
	181052
	179673
	186577
	181697
	181809
	174479
	182000
	176527
	181675
	178637
	180777
	182185
	174130
	177068
	179965
	175486
	179580
	173885
	181208
	178638
	179680
	170793
	174705
	177879
	176919
	175185
	181122
	176662
	173483
	177877
	175008
	173181
	181655
	174754
	177552
	173995
	173407
	171284
	176569
	176463
	173760
	170954
	173372
	174600
	173536
	175197
	173631
	170374
	177093
	172045
	176536
	171143
	174311
	172391
	175609
	175517
	172176
	170082
	172801
	171001
	172977
	172359
	176792
	162625
	173870
	172238
	178446
	168477
	175576
	170680
	170279
	172268
	171178
	174995
	175058
	169315
	170671
	176351
	167803
	165236
	166550
	172020
	171739
	167661
	174672
	174650
	176198
	174043
	169407
	165918
	169053
	168049
	169563
	165454
	172278
	170172
	171602
	175464
	173687
	173202
	172239
	166504
	173747
	169939
	173237
	166105
	164880
	166165
	175602
	172196
	170595
	173182
	165732
	175336
	169741
	164410
	169303
	167423
	176245
	175006
	179852
	173120
	174406
	173611
	174705
	172570
	173999
	171278
	172169
	172442
	174803
	166247
	171086
	174823
	169936
	170399
	169804
	174304
	173139
	178449
	177843
	171011
	171858
	176702
	173501
	174619
	179061
	179511
	176322
	173519
	173825
	180399
	173671
	174519
	172037
	175948
	178726
	173427
	180092
	172724
	178364
	182154
	178389
	181861
	175532
	181617
	180079
	179350
	185103
	179145
	180376
	177071
	180257
	185132
	186039
	182309
	179633
	181376
	184761
	183026
	-9.47395
	-9.92452
	-9.412
	-9.19944
	-9.49469
	-9.52978
	-10.3938
	-10.6042
	-10.3841
	-10.6813
	-10.7512
	-10.7879
	-10.6282
	-11.4853
	-11.0829
	-12.2012
	-11.9645
	-12.078
	-12.6734
	-12.6549
	-12.7335
	-13.2978
	-14.2277
	-14.1665
	-14.4771
	-14.8161
	-15.1824
	-15.2144
	-16.4308
	-17.2112
	-17.3511
	-18.8977
	-19.3039
	-19.6271
	-20.7532
	-21.6054
	-22.5913
	-23.0728
	-24.8479
	-26.3968
	-26.9368
	-27.9801
	-29.5099
	-30.26
	-31.7564
	-33.4901
	-34.6571
	-37.0617
	-38.5673
	-40.5611
	-41.5799
	-43.217
	-44.3885
	-46.2192
	-47.6045
	-47.0286
	-49.8109
	-50.7556
	-51.4161
	-52.509
	-53.3871
	-51.5302
	-53.1572
	-52.6552
	-52.1478
	-51.9986
	-50.8121
	-50.0304
	-48.8438
	-48.1553
	-46.0758
	-44.9772
	-42.7522
	-41.0384
	-39.438
	-37.3747
	-35.5695
	-34.039
	-31.1271
	-29.8949
	-28.3257
	-26.3643
	-24.7084
	-22.8004
	-20.9029
	-19.8999
	-18.1913
	-16.8788
	-15.9542
	-14.7963
	-13.7168
	-12.7958
	-11.9487
	-11.3462
	-10.7509
	-10.0839
	-9.81664
	-9.56921
	-9.35225
	-9.18835
	-9.00446
	-9.24719
	-9.19014
	-9.2066
	-9.26886
	-9.3686
	-9.25423
	-9.17357
	-9.23687
	-9.33429
	-9.41318
	-9.34609
	-9.39037
	-9.56335
	-9.13689
	-9.26981
	-9.26014
	-9.38126
	-9.40288
	-9.54359
	-9.26943
	-9.50441
	-9.46277
	-9.2868
	-9.30989
	-9.42088
	-9.41515
	-9.38273
	-9.41343
	-9.39289
	-9.32446
	-9.30639
	-9.25539
	-9.36747
	-9.43214
	-9.43949
	-9.34394
	-9.38422
	-9.48586
	-9.42017
	-9.30996
	-9.39287
	-9.34875
	-9.37173
	-9.35449
	-9.33902
	-9.43113
	-9.32635
	-9.23983
	-9.26298
	-9.64939
	-9.34712
	-9.27373
	-9.37048
	-9.48061
	-9.37671
	-9.41273
	-9.30726
	-9.14083
	-9.56337
	-9.52461
	-9.39918
	-9.64878
	-9.46352
	-9.38173
	-9.43757
	-9.40174
	-9.22122
	-9.39667
	-9.58495
	-9.31898
	-9.47602
	-9.42834
	-9.25259
	-9.45514
	-9.4706
	-9.17865
	-9.45028
	-9.5741
	-9.50024
	-9.32608
	-9.4245
	-9.23934
	-9.51186
	-9.54281
	-9.16
	-9.29436
	-9.62474
	-9.47598
	-9.33621
	-9.29058
	-9.27921
	-9.31269
	-9.43339
	-9.45635
	-9.53154
	-9.3465
	-9.35095
	-9.19574
	-9.15714
	-9.40424
	-9.44127
	-9.39608
	-9.41309
	-9.37558
	-9.64833
	-9.63225
	-9.52499
	-9.74804
	-9.91997
	-9.99508
	-10.3297
	-10.2197
	-10.3379
	-10.4446
	-10.6366
	-10.7944
	-11.1273
	-11.3219
	-11.5557
	-11.7554
	-11.9284
	-12.1059
	-12.1825
	-12.5112
	-12.7086
	-12.9806
	-13.2491
	-13.7889
	-13.8318
	-14.0269
	-14.2678
	-14.8052
	-15.1162
	-15.3648
	-15.8253
	-16.2911
	-16.3159
	-16.6964
	-17.172
	-17.5227
	-17.807
	-18.0233
	-18.6138
	-19.0016
	-19.1094
	-19.7308
	-19.8842
	-20.248
	-20.5962
	-20.9649
	-21.3749
	-22.0852
	-22.6228
	-22.6477
	-22.9514
	-23.8189
	-23.7402
	-24.1473
	-24.8806
	-25.5779
	-25.7845
	-26.27
	-26.8784
	-26.8768
	-27.5691
	-28.0361
	-28.2365
	-29.0228
	-29.056
	-29.9652
	-29.4996
	-30.2561
	-30.6646
	-30.8425
	-31.0088
	-31.8353
	-31.7664
	-33.0263
	-32.8997
	-33.2787
	-33.9375
	-34.7514
	-34.5958
	-35.3639
	-35.2661
	-35.7547
	-36.8447
	-36.6541
	-37.5308
	-37.1045
	-36.974
	-37.4887
	-37.5719
	-37.7861
	-38.3727
	-38.8338
	-39.6981
	-39.6144
	-39.9002
	-40.2899
	-40.4516
	-40.5381
	-39.9129
	-41.39
	-40.5746
	-39.9772
	-40.6346
	-40.2613
	-40.4977
	-41.6487
	-41.1164
	-40.0121
	-41.0339
	-40.0483
	-40.4098
	-40.813
	-40.6858
	-39.9909
	-39.7611
	-41.0921
	-38.6464
	-39.635
	-38.8631
	-38.3539
	-38.5662
	-38.5733
	-39.0512
	-38.1471
	-37.0617
	-36.8922
	-35.8206
	-36.3894
	-34.9954
	-34.6294
	-34.8974
	-34.1725
	-34.1668
	-33.1416
	-33.1676
	-32.5336
	-31.7843
	-31.483
	-31.2206
	-30.9161
	-29.7217
	-29.0898
	-29.1474
	-28.7506
	-28.7111
	-28.1186
	-27.6728
	-26.1068
	-26.3828
	-25.1122
	-25.2217
	-25.0824
	-24.6239
	-24.5684
	-24.2132
	-23.8266
	-23.2153
	-22.9398
	-21.9436
	-22.1349
	-22.0407
	-21.4047
	-21.3721
	-20.8575
	-20.0771
	-19.8329
	-19.5831
	-19.3567
	-18.621
	-18.4034
	-18.4832
	-17.8454
	-18.2461
	-18.3031
	-16.911
	-17.02
	-17.0059
	-16.8182
	-16.5064
	-16.1839
	-15.5158
	-16.1562
	-15.1983
	-15.0732
	-15.191
	-14.7222
	-14.5123
	-14.5163
	-14.3997
	-14.4601
	-14.0704
	-13.9079
	-13.188
	-13.3821
	-13.5977
	-12.966
	-13.3515
	-13.521
	-12.4679
	-12.6392
	-11.8883
	-12.5484
	-12.4369
	-12.1215
	-12.1478
	-12.1389
	-11.6471
	-11.5129
	-11.6446
	-11.8014
	-12.2081
	-11.3961
	-11.155
	-11.5222
	-11.3418
	-11.4532
	-10.9526
	-11.4243
	-10.9025
	-10.8129
	-10.6212
	-10.8073
	-10.8119
	-10.5757
	-10.8195
	-10.6131
	-10.3284
	-10.0366
	-10.1996
	-10.0293
	-9.92359
	-9.76812
	-9.59386
	-9.70727
	-10.0125
	-10.787
	-9.25275
	-9.47983
	-10.1813
	-9.51785
	-9.28391
	-8.86114
	-9.68636
	-8.73335
	-10.2025
	-9.26433
	-9.77058
	-9.34257
	-9.30683
	-9.05856
	-9.00811
	-8.77778
	-9.14504
	-9.01774
	-8.80524
	-8.95832
	-9.00122
	-8.89183
	-9.17411
	-8.97078
	-8.69965
	-9.37858
	-8.69552
	-8.89429
	-8.92156
	-9.29062
	-8.73578
	-8.2975
	-8.6163
	-8.94349
	-8.94988
	-8.32105
	-8.3844
	-8.39924
	-8.81967
	-8.89347
	-8.73923
	-8.08562
	-8.23702
	-8.58531
	-7.61218
	-8.52929
	-7.94947
	-8.28718
	-8.5767
	-8.16784
	-8.60664
	-8.21208
	-8.17797
	-8.28995
	-8.64087
	-8.51266
	-8.65319
	-8.47693
	-8.53105
	-8.01843
	-7.96707
	-8.07009
	-7.97868
	-8.37754
	-8.57627
	-8.56304
	-8.12558
	-7.99377
	-8.19079
	-8.31409
	-8.19591
	-8.47226
	-7.91866
	-8.662
	-8.49578
	-7.91786
	-7.90086
	-7.9415
	-7.8794
	-8.18674
	-8.69334
	-8.48032
	-8.13123
	-8.33615
	-7.90158
	-7.87738
	-8.20677
	-8.39104
	-8.67064
	-8.23599
	-7.75106
	-8.19585
	-8.62729
	-8.47197
	-8.43915
	-8.5537
	-8.50323
	-8.28935
	-8.09022
	-8.42232
	-8.19111
	-8.32351
	-8.48354
	-8.14542
	-8.12577
	-8.8024
	-7.9394
	-8.83096
	-8.61337
	-7.8672
	-7.80257
	-8.28418
	-8.71041
	-8.07627
	-7.9176
	-8.56669
	-8.77415
	-8.37749
	-8.90242
	-8.3048
	-8.67645
	-8.83387
	-8.5449
	-8.47462
	-8.4307
	-8.33449
	-8.36205
	-8.40031
	-8.51242
	-8.73266
	-8.48986
	-8.28379
	-8.67783
	-8.18848
	-8.19027
	-8.6524
	-8.81794
	-7.99414
	-8.53252
	-8.79486
	-8.90234
	-8.42554
	-8.41694
	-8.7114
	-9.17497
	-9.31465
	-8.67075
	-8.51855
	-9.15209
	-8.91686
	-8.77681
	-8.61332
	-8.88747
	-9.88834
	-9.40717
	-8.91095
	-9.23699
	-8.94295
	-9.36362
	0.120413
	-0.0284948
	-0.0019812
	0.50175
	-0.149326
	-0.459602
	0.0134077
	-0.667915
	0.125767
	0.160003
	0.10607
	-0.124243
	0.162354
	0.202446
	0.263702
	0.0132131
	0.636553
	-0.0993344
	0.100735
	0.00961456
	0.200078
	-0.0988625
	0.00848165
	-0.107322
	-0.0760167
	-0.178165
	-0.106734
	-0.441269
	0.189557
	0.241443
	-0.3935
	-0.134311
	-0.0369272
	0.345458
	0.243431
	0.0249314
	0.157496
	-0.265976
	0.228733
	0.178327
	-0.110362
	0.232031
	-0.432174
	-0.156683
	0.0340024
	0.183136
	0.729303
	0.442147
	0.300942
	0.204944
	-0.378409
	0.0956234
	0.203017
	-0.072226
	-0.371299
	0.152519
	-0.341591
	-0.30365
	-0.0272135
	0.191567
	0.581887
	0.367392
	0.405639
	0.144046
	-0.224878
	-0.158219
	0.125531
	0.531161
	-0.281408
	0.086878
	0.0769373
	-0.00644826
	-0.0367512
	-0.0229411
	0.477813
	0.18966
	-0.0788248
	0.0847494
	0.0840967
	-0.138305
	0.0741328
	0.240399
	-0.00926546
	0.0202846
	0.0628853
	-0.0972518
	-0.0079949
	-0.121336
	0.0651366
	-0.12148
	0.0499382
	0.0324708
	0.0694236
	0.0387976
	0.0272513
	0.0621051
	0.0265579
	0.0222425
	-0.0453495
	-0.100568
	-0.0402099
	-0.0224539
	0.0444916
	0.0821483
	0.105075
	-0.020129
	0.0187829
	0.065765
	-0.000259982
	-0.0993378
	0.0292284
	0.0139974
	-0.0146205
	-0.0163252
	-0.00267264
	0.0695675
	0.0574857
	-0.0309362
	0.0093881
	-0.00486575
	0.0204446
	-0.00931118
	0.00932221
	0.0484962
	0.0724996
	-0.0747087
	-0.0557235
	-0.0417111
	0.00612556
	-0.0335644
	0.0147478
	0.0576535
	-0.0535843
	-0.0727869
	-0.0052824
	-0.0807243
	-0.0502505
	-0.0173255
	-0.0784665
	-0.00563935
	0.0875119
	0.0795473
	-0.031476
	-0.00755993
	-0.0835715
	0.00379281
	-0.0097536
	-0.0390189
	0.0497369
	-0.00450661
	-0.0334385
	0.0274437
	-0.0711531
	-0.0154675
	-0.0280602
	0.0337863
	0.0013349
	-0.0200337
	0.000847025
	0.000946755
	0.0402549
	0.0269935
	-0.0419071
	-0.0240205
	0.0204181
	0.040299
	0.000681921
	-0.00816156
	0.0209994
	0.0168578
	-0.0142539
	0.0194809
	0.0463156
	0.0474422
	-0.015379
	0.0653167
	0.0740226
	0.0479111
	0.0086114
	0.0424184
	-0.0252034
	0.0471007
	-0.0231305
	-0.00386294
	-0.0259463
	0.017222
	-0.0907068
	0.00562875
	-0.0190265
	-0.00502346
	0.0392502
	0.00418149
	0.0327461
	0.0571739
	0.0613432
	-0.0203834
	-0.0141873
	0.00568964
	-0.00373353
	-0.0137165
	-0.0959602
	-0.0338668
	-0.0179922
	-0.0144771
	0.000758716
	-0.117915
	0.0157709
	0.00364001
	0.00576558
	0.116372
	0.0232857
	-0.0211572
	-0.0241315
	0.0711425
	0.0175678
	0.0181172
	-0.0040688
	0.078378
	-0.0876956
	-0.0297843
	0.0306019
	0.116905
	0.139777
	0.0388994
	-0.0672088
	-0.137797
	0.0923164
	0.0177361
	0.0582502
	0.0473463
	0.029639
	-0.0661951
	0.0335599
	0.0319425
	-0.0455757
	-0.016873
	0.0145375
	-0.0172883
	-0.0444386
	0.0487012
	-0.00400487
	0.0835412
	0.104921
	0.108625
	-0.0109767
	-0.0896909
	-0.0505032
	0.17077
	-0.0201113
	-0.0178887
	0.1894
	0.044733
	-0.0875958
	0.163201
	0.0596862
	-0.11663
	0.050191
	0.0969307
	0.0213341
	-0.171289
	-0.233955
	-0.130803
	0.21939
	-0.00638684
	0.13862
	0.145651
	-0.240904
	-0.0512977
	-0.0629199
	-0.259148
	-0.203817
	0.0392797
	0.000471801
	0.140621
	-0.150613
	-0.0475154
	-0.026918
	-0.210991
	0.0948451
	-0.155614
	-0.163954
	-0.201563
	-0.0578415
	-0.132609
	0.120289
	-0.343573
	-0.353229
	0.310492
	0.0253256
	0.123293
	0.218824
	0.234177
	-0.0574879
	-0.300816
	-0.0701726
	0.320612
	-0.107165
	-0.0467069
	-0.379773
	-0.0755741
	-0.0258951
	0.426403
	-0.0461984
	0.148067
	0.0894765
	-0.0330525
	0.337286
	-0.300369
	-0.875571
	0.289167
	0.124095
	0.132028
	-0.402867
	-0.32165
	0.582731
	-0.337291
	0.0749354
	0.303816
	0.607644
	0.118601
	-0.128547
	-0.563598
	0.289138
	-0.37668
	-0.497891
	-0.50156
	0.327759
	-0.056398
	-0.0405891
	0.0080864
	-0.173458
	-0.568901
	-0.116419
	0.522701
	-0.434371
	0.296287
	-0.283725
	-0.20239
	-0.0705801
	0.03071
	0.112738
	-0.154096
	0.115441
	0.194495
	-0.0884528
	0.100823
	0.0338015
	-0.082675
	-0.320414
	-0.222172
	0.148699
	-0.0839836
	0.140425
	0.257933
	-0.0790817
	-0.42912
	-0.0657374
	0.296721
	0.229217
	-0.0751696
	-0.256914
	0.0419216
	-0.0537808
	0.457871
	0.288122
	0.0509594
	-0.368391
	0.164478
	-0.418027
	-0.00246484
	-0.0833788
	0.115118
	0.0943064
	-0.543446
	-0.225917
	0.0315072
	0.0672659
	0.346788
	0.00879146
	-0.206017
	-0.49265
	-0.188652
	0.166107
	0.551293
	0.426102
	-0.088335
	0.404736
	-0.0213334
	0.11345
	-0.0497393
	0.203386
	-0.270638
	0.418244
	0.217667
	0.355933
	-0.136359
	-0.385811
	-0.329846
	-0.380295
	0.184296
	-0.394786
	-0.125804
	0.0767137
	-0.0313307
	0.149446
	0.49774
	-0.037706
	0.00466595
	0.56992
	-0.0864048
	-0.169859
	-0.137582
	0.0100326
	-0.0683188
	-0.314087
	-0.519596
	0.615943
	-0.198603
	-0.0740717
	0.376409
	0.127416
	0.0531789
	0.26067
	0.130729
	-0.164032
	-0.0940813
	0.260558
	0.236054
	-0.314373
	-0.235088
	0.458928
	-0.606876
	0.24951
	-0.184411
	0.150178
	-0.344955
	-0.131397
	-0.042805
	-0.111691
	0.662658
	0.282225
	-0.05651
	-0.223011
	0.261613
	-0.377843
	0.171637
	0.0194316
	-0.0933197
	-0.0622029
	0.00427886
	0.281908
	-0.534272
	0.0787452
	-0.411565
	0.0531449
	0.158713
	-0.295534
	-0.167234
	0.2713
	-0.15269
	0.233816
	0.113849
	0.0172322
	-0.0181381
	-0.297828
	0.159435
	0.0571242
	0.440656
	-0.146728
	-0.0298233
	-0.0354842
	0.260284
	0.0284698
	0.377789
	-0.0631488
	0.0472915
	-0.166938
	0.122861
	-0.379721
	-0.221974
	-0.0286959
	-0.237658
	-0.0903619
	-0.160485
	-0.381713
	-0.228169
	-0.00425274
	-0.0305153
	-0.0586645
	0.0396969
	0.351835
	0.303722
	-0.32973
	-0.0327747
	-0.297335
	0.157601
	0.0230006
	0.332374
	-0.0407421
	-0.240111
	0.0224209
	-0.119708
	0.208145
	0.101996
	0.0993271
	-0.0304202
	-0.112033
	0.313956
	0.370164
	0.0474546
	-0.22007
	0.0327046
	0.116154
	0.396792
	0.0541146
	0.0367904
	0.264408
	-0.50373
	0.358439
	-0.0981797
	0.00150856
	-0.0455708
	-0.204972
	-0.149549
	-0.139742
	-0.0219828
	-0.141092
	-0.0937089
	0.138048
	0.219688
	0.120845
	0.146652
	0.0643357
	-0.634138
	0.0674227
	-0.0255835
	0.346803
	0.1919
	-0.251426
	-0.0599235
	0.337766
	0.0360258
	0.380023
	0.319738
	-0.50152
	0.16418
	0.0703366
	0.145354
	-0.171222
	0.261314
	-0.0596122
	0.180607
	-0.189297
	-0.0634276
	-0.0661156
	-0.0394726
	-0.0778603
	0.0679195
	-0.0559388
	-0.204938
	-0.378216
	-0.22202
	-0.133166
	0.0719855
	-0.00926674
	-0.0443133
	-0.158208
	-0.109041
	-0.00121141
	0.305723
	-0.106268
	-0.262147
	-0.173583
	0.0121265
	-0.112935
	0.230557
	0.130533
	0.265464
	0.419858
	-0.0161972
	0.288904
	-0.0318636
	0.364721
	-0.11926
	0.0430414
	0.0303823
	-0.103249
	0.0727884
	-0.0146981
	0.0327669
	-0.0527831
	-0.241032
	-0.0386785
	0.268074
	-0.264841
	-0.278371
	0.0828673
	-0.0152295
	0.299427
	0.170589
	-0.12454
	-0.153359
	0.228597
	0.283598
	-0.396568
	-0.150698
	0.0789236
	-0.603207
	-0.0827268
	0.122606
	-0.323638
	0.0307175
	0.113483
	0.286154
	-0.371496
	0.318984
	0.477134
	0.258729
	-0.200005
	0.363874
	0.355224
	-0.382633
	-0.11351
	0.14933
	-0.355583
	-0.122173
	-0.0651699
	-0.00603419
	-0.447701
	0.330652
	-0.439659
	-0.64319
	0.251006
	0.592221
	0.0612221
	0.422949
	-0.0280498
	0.0777875
	0.376985
	-0.265887
	0.246532
	-0.031624
	-0.390386
	-0.147288
	-0.280509
	0.104617
	0.4462
	0.144165
	0.457464
	0.0655575
	-0.168993
	0.684765
	0.554191
	0.0284811
	-0.266889
	0.171866
	0.236597
	0.116413
	0.118311
	0.224095
	0.250989
	0.217135
	-0.116668
	0.142197
	-0.166591
	-0.127788
	0.0590015
	0.454854
	-0.0564091
	-0.512264
	-0.0250193
	0.141167
	-0.102631
	0.031505
	0.346193
	0.0843302
	-0.105976
	0.173861
	-0.0166816
	-0.184244
	0.00468101
	0.228601
	0.0315125
	-0.0299537
	-0.0300436
	-0.11952
	-0.00518404
	0.000159962
	0.0467947
	-0.11916
	0.0417391
	0.0144351
	0.0336464
	0.0581132
	0.0392253
	0.0671868
	0.0358229
	-0.00238411
	-0.0498252
	-0.0725499
	-0.044233
	-0.0531641
	0.0466104
	0.0875835
	0.0977689
	-0.0511994
	-0.00224225
	0.0944485
	-0.00502072
	-0.0789278
	0.0377113
	0.0200476
	-0.00263537
	-0.0350781
	0.00867755
	0.0567027
	0.0386894
	-0.0378628
	0.013119
	0.00695878
	0.00864194
	-0.0107777
	0.00704988
	0.0588392
	0.0792867
	-0.0607945
	-0.0649144
	-0.0451007
	0.00795521
	-0.0319121
	0.0105413
	0.0629631
	-0.0541892
	-0.0575797
	0.00452746
	-0.0742858
	-0.0553593
	-0.0193276
	-0.0478006
	-0.0182405
	0.0740413
	0.0704719
	-0.0135827
	-0.016822
	-0.085104
	0.000882343
	0.00433712
	-0.0395625
	0.0501887
	0.00243088
	-0.0489678
	0.0421319
	-0.0588564
	-0.0146765
	-0.0465442
	0.0453975
	0.00390356
	-0.0226558
	0.00265089
	-0.0116265
	0.0319999
	0.0154048
	-0.0382502
	-0.0377651
	0.0250915
	0.0255179
	-0.00617719
	-0.00070572
	0.0245125
	0.00635179
	-0.007855
	0.0138212
	0.0480648
	0.0347652
	-0.0179305
	0.0472178
	0.0648415
	0.055431
	0.00936531
	0.0566953
	-0.0327187
	0.06325
	-0.0215435
	0.00205048
	-0.0271038
	0.00945524
	-0.0867565
	0.0174475
	-0.015366
	-0.00622669
	0.0422407
	-0.00770298
	0.0400144
	0.0422109
	0.0435745
	-0.00737043
	-0.00870762
	-0.00901288
	0.00753459
	-0.0151008
	-0.11573
	-0.0370509
	-0.0245508
	0.00369043
	0.0142446
	-0.11093
	0.0301333
	-0.0014246
	0.0147754
	0.109877
	0.015112
	-0.017858
	-0.0292095
	0.0598877
	0.00802436
	0.00661369
	-0.0122697
	0.109932
	-0.0868227
	-0.0467655
	0.0372299
	0.115978
	0.138803
	0.0423793
	-0.0447664
	-0.117904
	0.0754314
	0.0268882
	0.0571152
	0.0496479
	0.0264994
	-0.0698822
	0.0575725
	0.0161049
	-0.0750498
	-0.00762427
	0.0242819
	0.00868918
	-0.0759461
	0.0611228
	0.0292092
	0.141901
	0.0809811
	0.138234
	-0.0791197
	-0.14798
	-0.0668902
	0.1776
	-0.0100656
	-0.0288759
	0.203037
	0.0423324
	-0.150504
	0.0999454
	-0.0223532
	-0.172018
	0.0386518
	0.170715
	0.0943608
	-0.0734378
	-0.266978
	-0.125443
	0.178901
	-0.0496191
	0.162015
	0.169325
	-0.149946
	-0.0766566
	-0.120991
	-0.209277
	-0.111795
	-0.0685055
	-0.0059726
	0.127672
	-0.193635
	-0.0828716
	0.0298566
	-0.123154
	-0.271313
	-0.0921414
	-0.0982059
	-0.205211
	-0.140063
	-0.138769
	0.107769
	-0.40465
	-0.474234
	0.322263
	-0.0252751
	-0.0270197
	0.396474
	-0.0795983
	-0.148113
	-0.122779
	-0.426973
	0.213162
	0.159113
	0.0834178
	-0.252452
	-0.026058
	-0.237542
	0.351293
	0.389066
	-0.0565394
	0.0505008
	-0.111353
	-0.0247989
	-0.390989
	-0.493428
	0.319453
	-0.052913
	0.331032
	-0.505578
	-0.377426
	0.595459
	0.267078
	-0.296232
	0.371396
	0.461904
	-0.618787
	-0.0624213
	-0.143753
	0.20126
	-0.397329
	-0.300024
	-0.320514
	-0.0191331
	0.180486
	-0.39477
	0.190127
	-0.120539
	-0.255235
	-0.0783389
	0.445543
	-0.766115
	-0.11963
	-0.289812
	-0.00721607
	-0.326306
	-0.129961
	-0.211565
	-0.263613
	-0.0656932
	0.850487
	-0.459891
	-0.0899851
	0.695817
	-0.0958142
	0.184424
	-0.077533
	0.243395
	-0.0305886
	0.146611
	0.55948
	0.0729788
	0.0136412
	0.116422
	0.176116
	-0.686794
	0.101493
	-0.248315
	0.322941
	-0.388992
	0.330832
	0.0596675
	0.0432102
	-0.293744
	-0.248516
	-0.233624
	-0.0941163
	-0.333227
	0.292922
	0.206743
	-0.036193
	-0.0137225
	-0.0550943
	0.127557
	0.153981
	0.284991
	-0.105577
	-0.25596
	0.070844
	0.0355216
	0.694189
	0.59406
	-0.000587864
	0.151604
	-0.216308
	-0.305119
	0.0342311
	0.106411
	0.000135056
	0.0556416
	0.243026
	0.105112
	0.108977
	-0.200814
	-0.11157
	-0.0395274
	-0.116291
	0.106395
	-0.180366
	0.323223
	0.176305
	0.356071
	0.422556
	-0.222598
	0.211577
	0.668348
	-0.0200538
	-0.263178
	-0.44254
	0.450983
	-0.162263
	0.142227
	-0.227271
	0.127544
	-0.295868
	-0.042038
	0.179226
	0.188625
	0.042915
	-0.293093
	0.115124
	0.0955253
	-0.122723
	-0.196184
	0.250397
	-0.0320547
	-0.134627
	-0.253075
	-0.213416
	0.575675
	-0.094321
	0.186936
	0.0471333
	-0.585548
	0.268505
	-0.392068
	0.117967
	0.0417849
	-0.0978348
	0.17206
	-0.11498
	0.10399
	-0.0919336
	0.0301148
	-0.155115
	-0.105144
	-0.0559291
	0.362708
	-0.509416
	-0.30181
	-0.359092
	0.216033
	-0.00997275
	-0.0275383
	0.108279
	0.341242
	-0.0343905
	0.111163
	0.0914626
	0.490862
	0.0957425
	-0.0314346
	0.232179
	-0.0936714
	0.192228
	-0.0950558
	-0.151041
	-0.490678
	0.20777
	0.342247
	0.104759
	-0.193508
	0.211687
	-0.0371953
	0.196772
	0.300247
	-0.036842
	-0.0228374
	-0.0448698
	0.128237
	0.110764
	-0.339763
	-0.00769439
	0.296792
	-0.119862
	0.00463773
	0.104742
	-0.204208
	-0.0149292
	0.299594
	-0.16138
	-0.215486
	0.276397
	0.322505
	-0.157193
	-0.209369
	-0.10572
	-0.148684
	-0.248503
	0.064971
	0.0712238
	0.490655
	-0.518174
	-0.036571
	-0.103389
	0.312527
	0.0189332
	0.258714
	0.214966
	-0.136334
	-0.0946034
	-0.112317
	0.203428
	0.346283
	0.0299271
	-0.0648643
	0.201475
	0.0784182
	-0.209422
	-0.23477
	-0.160243
	-0.285001
	-0.143272
	0.0308766
	-0.0165454
	-0.0442675
	0.156771
	0.105469
	-0.522728
	-0.209521
	-0.287164
	0.239973
	0.0116792
	0.42667
	0.0781206
	-0.3185
	-0.220936
	-0.336316
	-0.0438147
	0.296274
	-0.55107
	-0.42996
	-0.361693
	0.00503275
	-0.219586
	-0.0647117
	0.0399088
	-0.0450405
	0.161401
	0.124519
	0.00466756
	0.0192451
	-0.264709
	0.136481
	-0.259865
	0.0751265
	0.0626037
	-0.0193258
	-0.0557406
	-0.0646913
	-0.150533
	-0.108909
	0.124717
	-0.0661506
	-0.0680917
	0.428014
	-0.398587
	0.0330334
	-0.0900928
	0.408615
	-0.372162
	-0.241708
	-0.0335149
	-0.117923
	0.207117
	0.198356
	-0.130269
	-0.117569
	-0.481357
	0.122689
	-0.287667
	0.381326
	0.129529
	0.0874436
	-0.0483973
	-0.0468218
	-0.39861
	-0.439611
	0.281265
	0.0202278
	0.190114
	0.179588
	-0.454825
	0.175381
	0.189943
	-0.00601548
	0.110282
	-10.0028
	-10.3297
	-9.84637
	-10.4998
	-10.6207
	-10.2629
	-10.477
	-11.1458
	-10.6047
	-11.5516
	-10.9588
	-11.5555
	-11.8095
	-12.1054
	-11.8506
	-12.9063
	-12.9575
	-12.8467
	-13.1386
	-13.6487
	-14.0805
	-14.7491
	-14.9171
	-15.126
	-16.1432
	-15.0532
	-16.1442
	-15.9059
	-17.3979
	-17.6488
	-17.8122
	-18.8839
	-19.3359
	-20.0686
	-21.3104
	-21.755
	-22.414
	-22.7162
	-24.9298
	-25.4699
	-26.4362
	-27.5306
	-28.4467
	-28.9461
	-30.3383
	-30.5912
	-31.3398
	-33.4316
	-34.0919
	-34.1439
	-36.5418
	-36.4797
	-38.4488
	-38.3519
	-40.0229
	-38.9297
	-40.4523
	-41.3886
	-41.0773
	-41.3192
	-41.3962
	-41.3882
	-40.5666
	-40.1404
	-39.8612
	-39.4234
	-38.7425
	-37.795
	-38.1778
	-36.8521
	-35.0255
	-34.414
	-33.3378
	-31.5519
	-30.5622
	-29.4762
	-29.1418
	-27.355
	-26.2222
	-24.8098
	-23.629
	-22.494
	-21.1943
	-19.753
	-18.7827
	-17.9873
	-16.8293
	-15.6785
	-14.9598
	-13.9993
	-13.2651
	-12.2045
	-11.7238
	-10.8377
	-10.783
	-10.0462
	-9.66539
	-9.54821
	-9.29882
	-9.04041
	-8.97195
	-9.1371
	-9.15185
	-9.11463
	-9.22312
	-9.24066
	-9.1877
	-9.19299
	-9.18227
	-9.34574
	-9.36765
	-9.30464
	-9.35548
	-9.27081
	-9.38278
	-9.2617
	-9.25955
	-9.28245
	-9.43594
	-9.53202
	-9.24054
	-9.32818
	-9.42998
	-9.20869
	-9.41365
	-9.38738
	-9.46962
	-9.35702
	-9.53652
	-9.36522
	-9.28427
	-9.35022
	-9.36494
	-9.35304
	-9.36173
	-9.52054
	-9.29912
	-9.34428
	-9.38739
	-9.37564
	-9.37132
	-9.44839
	-9.3549
	-9.31788
	-9.40975
	-9.45228
	-9.38937
	-9.34676
	-9.22164
	-9.39478
	-9.49202
	-9.36861
	-9.28724
	-9.4904
	-9.57379
	-9.38249
	-9.42301
	-9.19203
	-9.23433
	-9.49086
	-9.55529
	-9.3726
	-9.53344
	-9.69608
	-9.27819
	-9.38101
	-9.45605
	-9.32596
	-9.53418
	-9.42664
	-9.50318
	-9.59815
	-9.57665
	-9.29991
	-9.31848
	-9.27204
	-9.31862
	-9.40428
	-9.51575
	-9.49606
	-9.53265
	-9.58323
	-9.24477
	-9.48083
	-9.48305
	-9.2879
	-9.51637
	-9.62041
	-9.37117
	-9.34277
	-9.1624
	-9.29751
	-9.34081
	-9.55964
	-9.36361
	-9.40965
	-9.37377
	-9.46271
	-9.21503
	-9.39315
	-9.39803
	-9.33566
	-9.51351
	-9.57779
	-9.38324
	-9.57015
	-9.55503
	-9.57977
	-9.74731
	-9.96455
	-9.9939
	-10.2482
	-10.2052
	-10.3131
	-10.5273
	-10.7041
	-10.7912
	-11.0275
	-11.3593
	-11.5032
	-11.557
	-11.9864
	-12.0325
	-12.2108
	-12.5023
	-12.7137
	-13.1225
	-13.3225
	-13.8311
	-13.9556
	-14.079
	-14.2021
	-14.7539
	-14.9657
	-15.4254
	-15.8031
	-15.8968
	-16.4367
	-16.5848
	-17.0943
	-17.2598
	-17.4544
	-17.7895
	-18.2625
	-18.7121
	-19.1183
	-19.5275
	-19.6465
	-20.0789
	-20.7779
	-20.7885
	-21.3587
	-21.5995
	-22.0553
	-22.5052
	-22.6689
	-23.2583
	-23.3473
	-24.0922
	-24.4794
	-24.801
	-25.4317
	-25.6276
	-26.072
	-26.4493
	-26.7064
	-27.0591
	-27.53
	-27.8702
	-28.4233
	-28.9828
	-28.8944
	-29.5378
	-29.7838
	-30.2233
	-30.2906
	-31.2614
	-30.8779
	-32.1477
	-32.1465
	-32.2667
	-32.9573
	-32.9119
	-33.3773
	-33.5306
	-34.3336
	-34.2641
	-34.8512
	-34.7462
	-35.4543
	-35.4188
	-35.7997
	-35.9131
	-36.006
	-36.745
	-36.6844
	-36.6707
	-37.5874
	-37.4626
	-37.5018
	-37.3732
	-37.3073
	-37.207
	-37.6799
	-38.083
	-38.488
	-38.4958
	-38.288
	-38.2387
	-38.1249
	-38.9549
	-38.5039
	-38.2694
	-38.8556
	-38.0212
	-37.9763
	-38.4506
	-38.7429
	-37.9184
	-37.9694
	-37.9627
	-37.4143
	-37.7412
	-36.6646
	-36.5946
	-36.5781
	-36.1018
	-36.6283
	-35.9438
	-35.7789
	-34.9203
	-34.55
	-34.1952
	-33.5293
	-33.6375
	-33.4822
	-32.4528
	-32.736
	-32.5998
	-31.1824
	-31.7127
	-31.3585
	-30.2293
	-30.6074
	-29.1689
	-29.1516
	-28.3892
	-28.7261
	-28.281
	-27.6058
	-27.867
	-27.5681
	-26.2323
	-25.9438
	-24.7948
	-25.3407
	-24.9517
	-24.0319
	-23.6401
	-24.1788
	-22.948
	-22.1383
	-22.5097
	-22.336
	-22.5751
	-21.9268
	-20.8173
	-20.4497
	-20.5816
	-20.5357
	-19.9891
	-20.0941
	-19.4622
	-19.2076
	-18.9988
	-17.8705
	-18.5369
	-18.0525
	-17.3763
	-16.7627
	-17.7079
	-17.1593
	-16.9651
	-17.3154
	-15.9835
	-15.826
	-15.9299
	-15.572
	-15.5571
	-15.2706
	-15.8078
	-14.734
	-14.1791
	-14.5504
	-14.2531
	-14.4176
	-14.0004
	-13.689
	-13.578
	-13.4905
	-13.535
	-13.3537
	-13.6847
	-12.7136
	-12.8039
	-12.792
	-12.7843
	-12.3421
	-12.6026
	-12.6176
	-12.4356
	-11.5049
	-11.3307
	-11.9087
	-12.2695
	-11.6016
	-11.5683
	-11.4472
	-11.6284
	-11.5672
	-10.8007
	-11.2069
	-11.5047
	-10.9743
	-10.7553
	-10.6355
	-10.948
	-10.2804
	-11.4187
	-10.9388
	-10.7152
	-10.9353
	-9.88456
	-10.4703
	-10.5344
	-10.2178
	-9.64232
	-9.58361
	-10.3246
	-10.5337
	-10.3128
	-9.16689
	-9.64263
	-10.0264
	-10.1769
	-10.0364
	-9.89669
	-9.58459
	-8.76304
	-9.78663
	-9.6209
	-9.84975
	-10.0748
	-9.1106
	-9.45657
	-9.42588
	-9.20753
	-8.65916
	-9.38561
	-8.90436
	-8.98172
	-8.94513
	-9.2123
	-9.48108
	-8.92734
	-8.6407
	-9.65441
	-8.62551
	-8.97161
	-8.75876
	-8.98305
	-8.65093
	-8.64469
	-8.74219
	-8.66091
	-8.67776
	-8.48302
	-8.77243
	-8.50775
	-8.47695
	-8.68878
	-8.1652
	-8.52825
	-7.79781
	-8.31383
	-8.42838
	-8.87389
	-9.03913
	-8.45491
	-8.13633
	-8.40196
	-8.89724
	-8.22068
	-8.62524
	-8.82149
	-8.28591
	-8.05836
	-8.95252
	-8.29968
	-7.92315
	-7.85005
	-8.41197
	-8.36904
	-8.45506
	-8.46942
	-8.31705
	-8.62196
	-8.30797
	-8.35312
	-7.7813
	-8.66452
	-7.91771
	-8.25555
	-8.15313
	-8.43615
	-7.95274
	-7.98469
	-8.60873
	-8.85271
	-8.5538
	-8.75618
	-8.11621
	-8.41348
	-8.31829
	-8.22301
	-8.57128
	-7.90435
	-8.30519
	-8.85443
	-8.48726
	-8.34029
	-8.72453
	-8.09855
	-8.50375
	-8.03159
	-8.25438
	-7.85207
	-8.03278
	-8.70533
	-8.3503
	-8.53115
	-8.61503
	-8.71557
	-8.52889
	-8.21625
	-8.52635
	-8.51051
	-8.36055
	-7.96165
	-8.46787
	-8.5176
	-8.45535
	-8.25667
	-8.89776
	-8.54777
	-8.48935
	-7.88599
	-8.47053
	-8.1436
	-8.53479
	-8.34023
	-8.50439
	-8.65571
	-8.96448
	-8.33558
	-9.03979
	-8.78463
	-8.89359
	-8.55522
	-8.18606
	-8.42768
	-8.72469
	-8.57622
	-8.45693
	-8.71566
	-8.51223
	-8.97198
	-8.73538
	-9.04881
	-8.6388
	-8.97328
	-9.49786
	-8.68475
	-9.32752
	-9.1596
	-9.0457
	-9.58168
	-9.14201
	-9.44494
	-9.11487
	-9.61949
	-10.001
	-9.28818
	-9.53928
	-9.72622
	-10.0639
	-9.5252
	-9.05663
	-9.79702
	-10.1781
