4000	0	0	1050
4000	0.1	0	1011
4000	0.2	0	1143
4000	0.3	0	1099
4000	0.4	0	1113
4000	0.5	0	1197
4000	0.6	0	1242
4000	0.7	0	1327
4000	0.8	0	1398
4000	0.9	0	1575
4000	1	0	1643
4000	1.1	0	1845
4000	1.2	0	2051
4000	1.3	0	2313
4000	1.4	0	2539
4000	1.5	0	2905
4000	1.6	0	3525
4000	1.7	0	4243
4000	1.8	0	5190
4000	1.9	0	6471
4000	2	0	8318
4000	2.1	0	10797
4000	2.2	0	13975
4000	2.3	0	17314
4000	2.4	0	19536
4000	2.5	0	19722
4000	2.6	0	19516
4000	2.7	0	19370
4000	2.8	0	19304
4000	2.9	0	19234
4000	3	0	19341
4000	3.1	0	19459
4000	3.2	0	19657
4000	3.3	0	19433
4000	3.4	0	19473
4000	3.5	0	19534
4000	3.6	0	19271
4000	3.7	0	19384
4000	3.8	0	19360
4000	3.9	0	19598
4000	4	0	19363
4000	4.1	0	19394
4000	4.2	0	19373
4000	4.3	0	19225
4000	4.4	0	19469
4000	4.5	0	19259
4000	4.6	0	19447
4000	4.7	0	19486
4000	4.8	0	19374
4000	4.9	0	19453
4000	5	0	19792
4000	5.1	0	19079
4000	5.2	0	18507
4000	5.3	0	17423
4000	5.4	0	16665
4000	5.5	0	15179
4000	5.6	0	14182
4000	5.7	0	12914
4000	5.8	0	11991
4000	5.9	0	10813
4000	6	0	9990
4000	6.1	0	8840
4000	6.2	0	8086
4000	6.3	0	7503
4000	6.4	0	6795
4000	6.5	0	6368
4000	6.6	0	5861
4000	6.7	0	5340
4000	6.8	0	4845
4000	6.9	0	4620
4000	7	0	4264
4000	7.1	0	4019
4000	7.2	0	3632
4000	7.3	0	3445
4000	7.4	0	3282
4000	7.5	0	3053
4000	7.6	0	2954
4000	7.7	0	2760
4000	7.8	0	2782
4000	7.9	0	2691
4000	8	0	2406
4000	8.1	0	2380
4000	8.2	0	2223
4000	8.3	0	2168
4000	8.4	0	1992
4000	8.5	0	2015
4000	8.6	0	1817
4000	8.7	0	1807
4000	8.8	0	1699
4000	8.9	0	1661
4000	9	0	1703
4000	9.1	0	1573
4000	9.2	0	1561
4000	9.3	0	1460
4000	9.4	0	1492
4000	9.5	0	1437
4000	9.6	0	1356
4000	9.7	0	1319
4000	9.8	0	1336
4000	9.9	0	1281
4000	10	0	1276
4000	10.1	0	1239
4000	10.2	0	1232
4000	10.3	0	1155
4000	10.4	0	1240
4000	10.5	0	1170
4000	10.6	0	1153
4000	10.7	0	1175
4000	10.8	0	1175
4000	10.9	0	1156
4000	11	0	1157
4000	11.1	0	1077
4000	11.2	0	997
4000	11.3	0	1068
4000	11.4	0	1091
4000	11.5	0	1030
4000	11.6	0	1074
4000	11.7	0	967
4000	11.8	0	1082
4000	11.9	0	1063
4000	12	0	1030
4000	12.1	0	1042
4000	12.2	0	1095
4000	12.3	0	1070
4000	12.4	0	1036
4000	12.5	0	989
4000	12.6	0	1032
4000	12.7	0	1030
4000	12.8	0	1119
4000	12.9	0	1059
4000	13	0	1044
4000	13.1	0	1036
4000	13.2	0	1088
4000	13.3	0	1110
4000	13.4	0	1051
4000	13.5	0	1056
4000	13.6	0	1050
4000	13.7	0	1070
4000	13.8	0	1038
4000	13.9	0	1074
4000	14	0	995
4000	14.1	0	1018
4000	14.2	0	1031
4000	14.3	0	1091
4000	14.4	0	1131
4000	14.5	0	1037
4000	14.6	0	1031
4000	14.7	0	1112
4000	14.8	0	1063
4000	14.9	0	1069
4000	15	0	1068
4000	15.1	0	1016
4000	15.2	0	1074
4000	15.3	0	1026
4000	15.4	0	1094
4000	15.5	0	1114
4000	15.6	0	1017
4000	15.7	0	1087
4000	15.8	0	997
4000	15.9	0	1076
4000	16	0	1055
4000	16.1	0	1162
4000	16.2	0	1047
4000	16.3	0	1058
4000	16.4	0	1071
4000	16.5	0	1043
4000	16.6	0	1080
4000	16.7	0	1070
4000	16.8	0	1046
4000	16.9	0	1062
4000	17	0	1007
4000	17.1	0	1056
4000	17.2	0	1023
4000	17.3	0	1049
4000	17.4	0	1031
4000	17.5	0	1050
4000	17.6	0	1042
4000	17.7	0	1072
4000	17.8	0	1012
4000	17.9	0	1033
4000	18	0	1092
4000	18.1	0	1112
4000	18.2	0	1083
4000	18.3	0	1111
4000	18.4	0	1078
4000	18.5	0	1009
4000	18.6	0	1047
4000	18.7	0	988
4000	18.8	0	1110
4000	18.9	0	1089
4000	19	0	1029
4000	19.1	0	1099
4000	19.2	0	1070
4000	19.3	0	1124
4000	19.4	0	1025
4000	19.5	0	1051
4000	19.6	0	1088
4000	19.7	0	1029
4000	19.8	0	1094
4000	19.9	0	1080
8000	0	0	1068
8000	0.1	0	1062
8000	0.2	0	1099
8000	0.3	0	1090
8000	0.4	0	1103
8000	0.5	0	1183
8000	0.6	0	1212
8000	0.7	0	1367
8000	0.8	0	1406
8000	0.9	0	1478
8000	1	0	1616
8000	1.1	0	1871
8000	1.2	0	1968
8000	1.3	0	2354
8000	1.4	0	2633
8000	1.5	0	3040
8000	1.6	0	3561
8000	1.7	0	4237
8000	1.8	0	5299
8000	1.9	0	6628
8000	2	0	8083
8000	2.1	0	10750
8000	2.2	0	13945
8000	2.3	0	17300
8000	2.4	0	19729
8000	2.5	0	19784
8000	2.6	0	19540
8000	2.7	0	19472
8000	2.8	0	19311
8000	2.9	0	19361
8000	3	0	19473
8000	3.1	0	19272
8000	3.2	0	19353
8000	3.3	0	19334
8000	3.4	0	19392
8000	3.5	0	19472
8000	3.6	0	19460
8000	3.7	0	19212
8000	3.8	0	19402
8000	3.9	0	19551
8000	4	0	19386
8000	4.1	0	19670
8000	4.2	0	19501
8000	4.3	0	19275
8000	4.4	0	19565
8000	4.5	0	19451
8000	4.6	0	19178
8000	4.7	0	19651
8000	4.8	0	19559
8000	4.9	0	19481
8000	5	0	19331
8000	5.1	0	19050
8000	5.2	0	18337
8000	5.3	0	17522
8000	5.4	0	16338
8000	5.5	0	15354
8000	5.6	0	14252
8000	5.7	0	13062
8000	5.8	0	11692
8000	5.9	0	10748
8000	6	0	9936
8000	6.1	0	8825
8000	6.2	0	8374
8000	6.3	0	7525
8000	6.4	0	6713
8000	6.5	0	6184
8000	6.6	0	5899
8000	6.7	0	5388
8000	6.8	0	4850
8000	6.9	0	4555
8000	7	0	4236
8000	7.1	0	4025
8000	7.2	0	3759
8000	7.3	0	3489
8000	7.4	0	3355
8000	7.5	0	3072
8000	7.6	0	2916
8000	7.7	0	2896
8000	7.8	0	2695
8000	7.9	0	2564
8000	8	0	2380
8000	8.1	0	2325
8000	8.2	0	2311
8000	8.3	0	2141
8000	8.4	0	1956
8000	8.5	0	1905
8000	8.6	0	1935
8000	8.7	0	1802
8000	8.8	0	1706
8000	8.9	0	1735
8000	9	0	1698
8000	9.1	0	1598
8000	9.2	0	1531
8000	9.3	0	1542
8000	9.4	0	1508
8000	9.5	0	1425
8000	9.6	0	1396
8000	9.7	0	1336
8000	9.8	0	1401
8000	9.9	0	1312
8000	10	0	1311
8000	10.1	0	1267
8000	10.2	0	1205
8000	10.3	0	1224
8000	10.4	0	1179
8000	10.5	0	1199
8000	10.6	0	1115
8000	10.7	0	1101
8000	10.8	0	1126
8000	10.9	0	1089
8000	11	0	1117
8000	11.1	0	1105
8000	11.2	0	1073
8000	11.3	0	1038
8000	11.4	0	1052
8000	11.5	0	1067
8000	11.6	0	1061
8000	11.7	0	1048
8000	11.8	0	1063
8000	11.9	0	1070
8000	12	0	1046
8000	12.1	0	1057
8000	12.2	0	1038
8000	12.3	0	1040
8000	12.4	0	1075
8000	12.5	0	973
8000	12.6	0	1035
8000	12.7	0	1047
8000	12.8	0	961
8000	12.9	0	1056
8000	13	0	1072
8000	13.1	0	1063
8000	13.2	0	1042
8000	13.3	0	1099
8000	13.4	0	1064
8000	13.5	0	1105
8000	13.6	0	1080
8000	13.7	0	1090
8000	13.8	0	1050
8000	13.9	0	1090
8000	14	0	1081
8000	14.1	0	1033
8000	14.2	0	1082
8000	14.3	0	1097
8000	14.4	0	1065
8000	14.5	0	1067
8000	14.6	0	1082
8000	14.7	0	1038
8000	14.8	0	1060
8000	14.9	0	1108
8000	15	0	1032
8000	15.1	0	1109
8000	15.2	0	1044
8000	15.3	0	1042
8000	15.4	0	1029
8000	15.5	0	1040
8000	15.6	0	1053
8000	15.7	0	1036
8000	15.8	0	1028
8000	15.9	0	1099
8000	16	0	1040
8000	16.1	0	1020
8000	16.2	0	1010
8000	16.3	0	1038
8000	16.4	0	1052
8000	16.5	0	999
8000	16.6	0	1026
8000	16.7	0	1067
8000	16.8	0	1044
8000	16.9	0	1008
8000	17	0	1027
8000	17.1	0	1026
8000	17.2	0	1038
8000	17.3	0	1077
8000	17.4	0	986
8000	17.5	0	1061
8000	17.6	0	1018
8000	17.7	0	1064
8000	17.8	0	1018
8000	17.9	0	1112
8000	18	0	1057
8000	18.1	0	1021
8000	18.2	0	1066
8000	18.3	0	1100
8000	18.4	0	1071
8000	18.5	0	1083
8000	18.6	0	1102
8000	18.7	0	1051
8000	18.8	0	1135
8000	18.9	0	1005
8000	19	0	1086
8000	19.1	0	1066
8000	19.2	0	1095
8000	19.3	0	1076
8000	19.4	0	1073
8000	19.5	0	1074
8000	19.6	0	1117
8000	19.7	0	1019
8000	19.8	0	1043
8000	19.9	0	1038
12000	0	0	1066
12000	0.1	0	1047
12000	0.2	0	1107
12000	0.3	0	1115
12000	0.4	0	1158
12000	0.5	0	1228
12000	0.6	0	1240
12000	0.7	0	1343
12000	0.8	0	1443
12000	0.9	0	1405
12000	1	0	1643
12000	1.1	0	1791
12000	1.2	0	2027
12000	1.3	0	2210
12000	1.4	0	2549
12000	1.5	0	2962
12000	1.6	0	3637
12000	1.7	0	4329
12000	1.8	0	5276
12000	1.9	0	6655
12000	2	0	8185
12000	2.1	0	10703
12000	2.2	0	13964
12000	2.3	0	17155
12000	2.4	0	19392
12000	2.5	0	19916
12000	2.6	0	19706
12000	2.7	0	19442
12000	2.8	0	19343
12000	2.9	0	19200
12000	3	0	19403
12000	3.1	0	19480
12000	3.2	0	19667
12000	3.3	0	19373
12000	3.4	0	19427
12000	3.5	0	19785
12000	3.6	0	19259
12000	3.7	0	19419
12000	3.8	0	19419
12000	3.9	0	19525
12000	4	0	19475
12000	4.1	0	19818
12000	4.2	0	19351
12000	4.3	0	19361
12000	4.4	0	19457
12000	4.5	0	19433
12000	4.6	0	19546
12000	4.7	0	19336
12000	4.8	0	19461
12000	4.9	0	19386
12000	5	0	19350
12000	5.1	0	19092
12000	5.2	0	18675
12000	5.3	0	17538
12000	5.4	0	16400
12000	5.5	0	15429
12000	5.6	0	14233
12000	5.7	0	12962
12000	5.8	0	11714
12000	5.9	0	10808
12000	6	0	9742
12000	6.1	0	8795
12000	6.2	0	8118
12000	6.3	0	7371
12000	6.4	0	6721
12000	6.5	0	6351
12000	6.6	0	5737
12000	6.7	0	5235
12000	6.8	0	4939
12000	6.9	0	4579
12000	7	0	4285
12000	7.1	0	4008
12000	7.2	0	3684
12000	7.3	0	3473
12000	7.4	0	3274
12000	7.5	0	3071
12000	7.6	0	3048
12000	7.7	0	2769
12000	7.8	0	2612
12000	7.9	0	2577
12000	8	0	2444
12000	8.1	0	2247
12000	8.2	0	2280
12000	8.3	0	2160
12000	8.4	0	2092
12000	8.5	0	2002
12000	8.6	0	1875
12000	8.7	0	1804
12000	8.8	0	1742
12000	8.9	0	1700
12000	9	0	1639
12000	9.1	0	1571
12000	9.2	0	1506
12000	9.3	0	1489
12000	9.4	0	1519
12000	9.5	0	1441
12000	9.6	0	1368
12000	9.7	0	1360
12000	9.8	0	1326
12000	9.9	0	1295
12000	10	0	1297
12000	10.1	0	1240
12000	10.2	0	1190
12000	10.3	0	1214
12000	10.4	0	1201
12000	10.5	0	1169
12000	10.6	0	1113
12000	10.7	0	1135
12000	10.8	0	1169
12000	10.9	0	1126
12000	11	0	1072
12000	11.1	0	1046
12000	11.2	0	1107
12000	11.3	0	1012
12000	11.4	0	1059
12000	11.5	0	1116
12000	11.6	0	1077
12000	11.7	0	1093
12000	11.8	0	1078
12000	11.9	0	1037
12000	12	0	1124
12000	12.1	0	1031
12000	12.2	0	994
12000	12.3	0	999
12000	12.4	0	992
12000	12.5	0	1002
12000	12.6	0	1094
12000	12.7	0	1060
12000	12.8	0	1058
12000	12.9	0	1061
12000	13	0	1052
12000	13.1	0	1082
12000	13.2	0	1045
12000	13.3	0	1083
12000	13.4	0	1057
12000	13.5	0	1049
12000	13.6	0	1086
12000	13.7	0	1059
12000	13.8	0	1017
12000	13.9	0	1061
12000	14	0	1064
12000	14.1	0	1021
12000	14.2	0	1055
12000	14.3	0	1027
12000	14.4	0	1070
12000	14.5	0	992
12000	14.6	0	1065
12000	14.7	0	1012
12000	14.8	0	1045
12000	14.9	0	1012
12000	15	0	1063
12000	15.1	0	1060
12000	15.2	0	1071
12000	15.3	0	1008
12000	15.4	0	1032
12000	15.5	0	1026
12000	15.6	0	1016
12000	15.7	0	1054
12000	15.8	0	1048
12000	15.9	0	1053
12000	16	0	1094
12000	16.1	0	1057
12000	16.2	0	1069
12000	16.3	0	1037
12000	16.4	0	994
12000	16.5	0	1065
12000	16.6	0	1065
12000	16.7	0	1017
12000	16.8	0	1055
12000	16.9	0	1060
12000	17	0	1062
12000	17.1	0	1048
12000	17.2	0	1071
12000	17.3	0	997
12000	17.4	0	1116
12000	17.5	0	1087
12000	17.6	0	1051
12000	17.7	0	1101
12000	17.8	0	1075
12000	17.9	0	1092
12000	18	0	1087
12000	18.1	0	1071
12000	18.2	0	1067
12000	18.3	0	1100
12000	18.4	0	1099
12000	18.5	0	1053
12000	18.6	0	1095
12000	18.7	0	1052
12000	18.8	0	1066
12000	18.9	0	1036
12000	19	0	1071
12000	19.1	0	1048
12000	19.2	0	1039
12000	19.3	0	1101
12000	19.4	0	1081
12000	19.5	0	1054
12000	19.6	0	1060
12000	19.7	0	1033
12000	19.8	0	1066
12000	19.9	0	1089
16000	0	0	1044
16000	0.1	0	1064
16000	0.2	0	1129
16000	0.3	0	1052
16000	0.4	0	1163
16000	0.5	0	1206
16000	0.6	0	1239
16000	0.7	0	1326
16000	0.8	0	1428
16000	0.9	0	1509
16000	1	0	1659
16000	1.1	0	1860
16000	1.2	0	2069
16000	1.3	0	2283
16000	1.4	0	2521
16000	1.5	0	3022
16000	1.6	0	3606
16000	1.7	0	4212
16000	1.8	0	5292
16000	1.9	0	6517
16000	2	0	8262
16000	2.1	0	10538
16000	2.2	0	13768
16000	2.3	0	17444
16000	2.4	0	19771
16000	2.5	0	19635
16000	2.6	0	19726
16000	2.7	0	19238
16000	2.8	0	19381
16000	2.9	0	19311
16000	3	0	19533
16000	3.1	0	19255
16000	3.2	0	19539
16000	3.3	0	19595
16000	3.4	0	19560
16000	3.5	0	19488
16000	3.6	0	19459
16000	3.7	0	19398
16000	3.8	0	19335
16000	3.9	0	19491
16000	4	0	19389
16000	4.1	0	19570
16000	4.2	0	19515
16000	4.3	0	19290
16000	4.4	0	19540
16000	4.5	0	19460
16000	4.6	0	19342
16000	4.7	0	19465
16000	4.8	0	19469
16000	4.9	0	19428
16000	5	0	19554
16000	5.1	0	18990
16000	5.2	0	18371
16000	5.3	0	17645
16000	5.4	0	16314
16000	5.5	0	15264
16000	5.6	0	14133
16000	5.7	0	13013
16000	5.8	0	11838
16000	5.9	0	10737
16000	6	0	9904
16000	6.1	0	9056
16000	6.2	0	8077
16000	6.3	0	7509
16000	6.4	0	6836
16000	6.5	0	6340
16000	6.6	0	5819
16000	6.7	0	5259
16000	6.8	0	5016
16000	6.9	0	4471
16000	7	0	4400
16000	7.1	0	4035
16000	7.2	0	3691
16000	7.3	0	3485
16000	7.4	0	3212
16000	7.5	0	3174
16000	7.6	0	2931
16000	7.7	0	2819
16000	7.8	0	2600
16000	7.9	0	2551
16000	8	0	2416
16000	8.1	0	2350
16000	8.2	0	2266
16000	8.3	0	2111
16000	8.4	0	2007
16000	8.5	0	1878
16000	8.6	0	1900
16000	8.7	0	1798
16000	8.8	0	1724
16000	8.9	0	1661
16000	9	0	1686
16000	9.1	0	1671
16000	9.2	0	1583
16000	9.3	0	1539
16000	9.4	0	1455
16000	9.5	0	1430
16000	9.6	0	1398
16000	9.7	0	1326
16000	9.8	0	1361
16000	9.9	0	1302
16000	10	0	1329
16000	10.1	0	1311
16000	10.2	0	1282
16000	10.3	0	1236
16000	10.4	0	1131
16000	10.5	0	1171
16000	10.6	0	1200
16000	10.7	0	1109
16000	10.8	0	1093
16000	10.9	0	1092
16000	11	0	1143
16000	11.1	0	1136
16000	11.2	0	1065
16000	11.3	0	1100
16000	11.4	0	1067
16000	11.5	0	1130
16000	11.6	0	994
16000	11.7	0	1037
16000	11.8	0	1047
16000	11.9	0	1041
16000	12	0	1054
16000	12.1	0	1084
16000	12.2	0	1069
16000	12.3	0	1018
16000	12.4	0	1097
16000	12.5	0	1062
16000	12.6	0	1025
16000	12.7	0	1029
16000	12.8	0	1071
16000	12.9	0	1051
16000	13	0	1067
16000	13.1	0	1054
16000	13.2	0	1068
16000	13.3	0	1052
16000	13.4	0	1109
16000	13.5	0	1026
16000	13.6	0	1078
16000	13.7	0	1083
16000	13.8	0	993
16000	13.9	0	1093
16000	14	0	1082
16000	14.1	0	1049
16000	14.2	0	1030
16000	14.3	0	1129
16000	14.4	0	1033
16000	14.5	0	1086
16000	14.6	0	1002
16000	14.7	0	1034
16000	14.8	0	1036
16000	14.9	0	1052
16000	15	0	1016
16000	15.1	0	1080
16000	15.2	0	994
16000	15.3	0	1044
16000	15.4	0	1040
16000	15.5	0	1043
16000	15.6	0	1060
16000	15.7	0	1004
16000	15.8	0	1040
16000	15.9	0	1075
16000	16	0	1019
16000	16.1	0	1149
16000	16.2	0	1030
16000	16.3	0	1040
16000	16.4	0	1085
16000	16.5	0	1007
16000	16.6	0	1025
16000	16.7	0	1056
16000	16.8	0	1014
16000	16.9	0	1014
16000	17	0	1036
16000	17.1	0	1025
16000	17.2	0	1062
16000	17.3	0	1028
16000	17.4	0	1038
16000	17.5	0	1027
16000	17.6	0	1084
16000	17.7	0	1054
16000	17.8	0	1014
16000	17.9	0	1089
16000	18	0	1027
16000	18.1	0	1066
16000	18.2	0	1012
16000	18.3	0	1052
16000	18.4	0	1011
16000	18.5	0	1075
16000	18.6	0	1087
16000	18.7	0	1029
16000	18.8	0	1059
16000	18.9	0	1057
16000	19	0	1012
16000	19.1	0	1064
16000	19.2	0	1048
16000	19.3	0	1044
16000	19.4	0	1036
16000	19.5	0	1042
16000	19.6	0	1094
16000	19.7	0	1072
16000	19.8	0	1024
16000	19.9	0	1065
20000	0	0	1064
20000	0.1	0	1056
20000	0.2	0	1049
20000	0.3	0	1104
20000	0.4	0	1117
20000	0.5	0	1158
20000	0.6	0	1279
20000	0.7	0	1319
20000	0.8	0	1458
20000	0.9	0	1534
20000	1	0	1648
20000	1.1	0	1790
20000	1.2	0	2013
20000	1.3	0	2258
20000	1.4	0	2646
20000	1.5	0	3024
20000	1.6	0	3481
20000	1.7	0	4112
20000	1.8	0	5164
20000	1.9	0	6434
20000	2	0	8235
20000	2.1	0	10791
20000	2.2	0	13771
20000	2.3	0	17452
20000	2.4	0	19591
20000	2.5	0	19754
20000	2.6	0	19465
20000	2.7	0	19112
20000	2.8	0	19314
20000	2.9	0	19291
20000	3	0	19415
20000	3.1	0	19418
20000	3.2	0	19563
20000	3.3	0	19208
20000	3.4	0	19639
20000	3.5	0	19609
20000	3.6	0	19353
20000	3.7	0	19214
20000	3.8	0	19546
20000	3.9	0	19490
20000	4	0	19310
20000	4.1	0	19398
20000	4.2	0	19565
20000	4.3	0	19425
20000	4.4	0	19358
20000	4.5	0	19631
20000	4.6	0	19409
20000	4.7	0	19252
20000	4.8	0	19565
20000	4.9	0	19681
20000	5	0	19545
20000	5.1	0	19202
20000	5.2	0	18636
20000	5.3	0	17662
20000	5.4	0	16517
20000	5.5	0	15336
20000	5.6	0	14239
20000	5.7	0	13007
20000	5.8	0	11814
20000	5.9	0	10864
20000	6	0	9571
20000	6.1	0	8817
20000	6.2	0	8162
20000	6.3	0	7349
20000	6.4	0	6765
20000	6.5	0	6350
20000	6.6	0	5945
20000	6.7	0	5334
20000	6.8	0	4904
20000	6.9	0	4564
20000	7	0	4191
20000	7.1	0	4024
20000	7.2	0	3662
20000	7.3	0	3503
20000	7.4	0	3404
20000	7.5	0	3220
20000	7.6	0	3016
20000	7.7	0	2840
20000	7.8	0	2583
20000	7.9	0	2518
20000	8	0	2362
20000	8.1	0	2338
20000	8.2	0	2231
20000	8.3	0	2070
20000	8.4	0	2072
20000	8.5	0	1944
20000	8.6	0	1951
20000	8.7	0	1768
20000	8.8	0	1670
20000	8.9	0	1778
20000	9	0	1647
20000	9.1	0	1604
20000	9.2	0	1527
20000	9.3	0	1503
20000	9.4	0	1498
20000	9.5	0	1431
20000	9.6	0	1393
20000	9.7	0	1444
20000	9.8	0	1332
20000	9.9	0	1290
20000	10	0	1293
20000	10.1	0	1261
20000	10.2	0	1211
20000	10.3	0	1236
20000	10.4	0	1225
20000	10.5	0	1246
20000	10.6	0	1174
20000	10.7	0	1152
20000	10.8	0	1148
20000	10.9	0	1091
20000	11	0	1131
20000	11.1	0	1052
20000	11.2	0	1087
20000	11.3	0	1036
20000	11.4	0	1081
20000	11.5	0	1117
20000	11.6	0	1053
20000	11.7	0	1064
20000	11.8	0	1068
20000	11.9	0	1030
20000	12	0	1051
20000	12.1	0	1064
20000	12.2	0	1122
20000	12.3	0	1042
20000	12.4	0	1098
20000	12.5	0	1049
20000	12.6	0	1087
20000	12.7	0	1067
20000	12.8	0	1019
20000	12.9	0	1014
20000	13	0	1000
20000	13.1	0	1100
20000	13.2	0	1098
20000	13.3	0	1046
20000	13.4	0	1055
20000	13.5	0	1060
20000	13.6	0	1068
20000	13.7	0	1072
20000	13.8	0	1079
20000	13.9	0	1082
20000	14	0	1019
20000	14.1	0	1037
20000	14.2	0	991
20000	14.3	0	1109
20000	14.4	0	1090
20000	14.5	0	1044
20000	14.6	0	1080
20000	14.7	0	1009
20000	14.8	0	1108
20000	14.9	0	1109
20000	15	0	1025
20000	15.1	0	1045
20000	15.2	0	989
20000	15.3	0	1020
20000	15.4	0	1030
20000	15.5	0	1014
20000	15.6	0	1024
20000	15.7	0	1073
20000	15.8	0	1036
20000	15.9	0	1076
20000	16	0	1052
20000	16.1	0	1075
20000	16.2	0	1031
20000	16.3	0	1092
20000	16.4	0	1045
20000	16.5	0	1128
20000	16.6	0	1064
20000	16.7	0	1046
20000	16.8	0	1024
20000	16.9	0	1029
20000	17	0	1080
20000	17.1	0	1094
20000	17.2	0	1059
20000	17.3	0	975
20000	17.4	0	1069
20000	17.5	0	1052
20000	17.6	0	1054
20000	17.7	0	1036
20000	17.8	0	1030
20000	17.9	0	1051
20000	18	0	1067
20000	18.1	0	1076
20000	18.2	0	1067
20000	18.3	0	1042
20000	18.4	0	1062
20000	18.5	0	1055
20000	18.6	0	1053
20000	18.7	0	1049
20000	18.8	0	1040
20000	18.9	0	1068
20000	19	0	1004
20000	19.1	0	1004
20000	19.2	0	1053
20000	19.3	0	1025
20000	19.4	0	1074
20000	19.5	0	1105
20000	19.6	0	996
20000	19.7	0	1106
20000	19.8	0	1049
20000	19.9	0	1032
