4000	0	0	1079
4000	0.1	0	1127
4000	0.2	0	1125
4000	0.3	0	1155
4000	0.4	0	1245
4000	0.5	0	1201
4000	0.6	0	1315
4000	0.7	0	1333
4000	0.8	0	1467
4000	0.9	0	1659
4000	1	0	1764
4000	1.1	0	1914
4000	1.2	0	2067
4000	1.3	0	2406
4000	1.4	0	2768
4000	1.5	0	3215
4000	1.6	0	3882
4000	1.7	0	4596
4000	1.8	0	5549
4000	1.9	0	7069
4000	2	0	8944
4000	2.1	0	11530
4000	2.2	0	15014
4000	2.3	0	17920
4000	2.4	0	19665
4000	2.5	0	19125
4000	2.6	0	18715
4000	2.7	0	18660
4000	2.8	0	18497
4000	2.9	0	18910
4000	3	0	18877
4000	3.1	0	19052
4000	3.2	0	19086
4000	3.3	0	18882
4000	3.4	0	19024
4000	3.5	0	19378
4000	3.6	0	19099
4000	3.7	0	19043
4000	3.8	0	19200
4000	3.9	0	19159
4000	4	0	19156
4000	4.1	0	19379
4000	4.2	0	18885
4000	4.3	0	19213
4000	4.4	0	18974
4000	4.5	0	19091
4000	4.6	0	19158
4000	4.7	0	18817
4000	4.8	0	19017
4000	4.9	0	19135
4000	5	0	19035
4000	5.1	0	18507
4000	5.2	0	18019
4000	5.3	0	17461
4000	5.4	0	16231
4000	5.5	0	15490
4000	5.6	0	14276
4000	5.7	0	13233
4000	5.8	0	12201
4000	5.9	0	11320
4000	6	0	10189
4000	6.1	0	9250
4000	6.2	0	8271
4000	6.3	0	7633
4000	6.4	0	7047
4000	6.5	0	6523
4000	6.6	0	5863
4000	6.7	0	5405
4000	6.8	0	4943
4000	6.9	0	4772
4000	7	0	4463
4000	7.1	0	4110
4000	7.2	0	3821
4000	7.3	0	3625
4000	7.4	0	3411
4000	7.5	0	3186
4000	7.6	0	2983
4000	7.7	0	2928
4000	7.8	0	2660
4000	7.9	0	2540
4000	8	0	2475
4000	8.1	0	2282
4000	8.2	0	2268
4000	8.3	0	2107
4000	8.4	0	2039
4000	8.5	0	1960
4000	8.6	0	1908
4000	8.7	0	1837
4000	8.8	0	1805
4000	8.9	0	1756
4000	9	0	1676
4000	9.1	0	1659
4000	9.2	0	1583
4000	9.3	0	1582
4000	9.4	0	1462
4000	9.5	0	1510
4000	9.6	0	1452
4000	9.7	0	1429
4000	9.8	0	1349
4000	9.9	0	1358
4000	10	0	1317
4000	10.1	0	1277
4000	10.2	0	1249
4000	10.3	0	1227
4000	10.4	0	1219
4000	10.5	0	1111
4000	10.6	0	1135
4000	10.7	0	1138
4000	10.8	0	1134
4000	10.9	0	1142
4000	11	0	1153
4000	11.1	0	1109
4000	11.2	0	1100
4000	11.3	0	1144
4000	11.4	0	1133
4000	11.5	0	1110
4000	11.6	0	1120
4000	11.7	0	1111
4000	11.8	0	1042
4000	11.9	0	1079
4000	12	0	1073
4000	12.1	0	1045
4000	12.2	0	1040
4000	12.3	0	1028
4000	12.4	0	1058
4000	12.5	0	1060
4000	12.6	0	1043
4000	12.7	0	1062
4000	12.8	0	1097
4000	12.9	0	1008
4000	13	0	1084
4000	13.1	0	1072
4000	13.2	0	1057
4000	13.3	0	1058
4000	13.4	0	1036
4000	13.5	0	1057
4000	13.6	0	1064
4000	13.7	0	1035
4000	13.8	0	1029
4000	13.9	0	1047
4000	14	0	1066
4000	14.1	0	1100
4000	14.2	0	1041
4000	14.3	0	1069
4000	14.4	0	1051
4000	14.5	0	1103
4000	14.6	0	1102
4000	14.7	0	1028
4000	14.8	0	1064
4000	14.9	0	1111
4000	15	0	1050
4000	15.1	0	1088
4000	15.2	0	1050
4000	15.3	0	1033
4000	15.4	0	1077
4000	15.5	0	1027
4000	15.6	0	1054
4000	15.7	0	987
4000	15.8	0	1076
4000	15.9	0	1034
4000	16	0	1129
4000	16.1	0	1076
4000	16.2	0	1088
4000	16.3	0	1057
4000	16.4	0	1044
4000	16.5	0	1082
4000	16.6	0	1097
4000	16.7	0	1042
4000	16.8	0	1050
4000	16.9	0	1060
4000	17	0	1106
4000	17.1	0	1176
4000	17.2	0	1122
4000	17.3	0	1046
4000	17.4	0	1047
4000	17.5	0	1055
4000	17.6	0	1088
4000	17.7	0	1107
4000	17.8	0	1070
4000	17.9	0	1044
4000	18	0	1067
4000	18.1	0	1083
4000	18.2	0	1074
4000	18.3	0	1053
4000	18.4	0	1045
4000	18.5	0	1113
4000	18.6	0	1047
4000	18.7	0	1072
4000	18.8	0	1120
4000	18.9	0	1017
4000	19	0	1081
4000	19.1	0	1105
4000	19.2	0	1027
4000	19.3	0	1096
4000	19.4	0	1123
4000	19.5	0	1109
4000	19.6	0	1143
4000	19.7	0	1161
4000	19.8	0	1063
4000	19.9	0	1067
8000	0	0	1119
8000	0.1	0	1084
8000	0.2	0	1134
8000	0.3	0	1212
8000	0.4	0	1159
8000	0.5	0	1309
8000	0.6	0	1319
8000	0.7	0	1396
8000	0.8	0	1461
8000	0.9	0	1611
8000	1	0	1786
8000	1.1	0	1945
8000	1.2	0	2130
8000	1.3	0	2442
8000	1.4	0	2807
8000	1.5	0	3241
8000	1.6	0	3707
8000	1.7	0	4560
8000	1.8	0	5553
8000	1.9	0	6936
8000	2	0	9043
8000	2.1	0	11554
8000	2.2	0	14720
8000	2.3	0	17920
8000	2.4	0	19590
8000	2.5	0	19117
8000	2.6	0	18643
8000	2.7	0	18733
8000	2.8	0	18686
8000	2.9	0	18544
8000	3	0	18759
8000	3.1	0	19111
8000	3.2	0	18859
8000	3.3	0	19272
8000	3.4	0	18977
8000	3.5	0	19148
8000	3.6	0	19032
8000	3.7	0	19188
8000	3.8	0	19054
8000	3.9	0	18984
8000	4	0	19247
8000	4.1	0	19344
8000	4.2	0	19103
8000	4.3	0	19258
8000	4.4	0	18864
8000	4.5	0	19351
8000	4.6	0	18929
8000	4.7	0	18861
8000	4.8	0	19041
8000	4.9	0	18890
8000	5	0	18987
8000	5.1	0	18723
8000	5.2	0	18300
8000	5.3	0	17609
8000	5.4	0	16412
8000	5.5	0	15541
8000	5.6	0	14305
8000	5.7	0	13408
8000	5.8	0	12090
8000	5.9	0	11083
8000	6	0	10111
8000	6.1	0	9240
8000	6.2	0	8453
8000	6.3	0	7675
8000	6.4	0	7044
8000	6.5	0	6405
8000	6.6	0	6048
8000	6.7	0	5557
8000	6.8	0	4990
8000	6.9	0	4779
8000	7	0	4340
8000	7.1	0	4116
8000	7.2	0	3767
8000	7.3	0	3643
8000	7.4	0	3410
8000	7.5	0	3214
8000	7.6	0	3010
8000	7.7	0	2865
8000	7.8	0	2776
8000	7.9	0	2556
8000	8	0	2429
8000	8.1	0	2340
8000	8.2	0	2288
8000	8.3	0	2154
8000	8.4	0	2117
8000	8.5	0	1951
8000	8.6	0	1996
8000	8.7	0	1802
8000	8.8	0	1817
8000	8.9	0	1827
8000	9	0	1705
8000	9.1	0	1585
8000	9.2	0	1617
8000	9.3	0	1525
8000	9.4	0	1476
8000	9.5	0	1454
8000	9.6	0	1413
8000	9.7	0	1426
8000	9.8	0	1426
8000	9.9	0	1262
8000	10	0	1318
8000	10.1	0	1266
8000	10.2	0	1206
8000	10.3	0	1213
8000	10.4	0	1215
8000	10.5	0	1168
8000	10.6	0	1119
8000	10.7	0	1175
8000	10.8	0	1125
8000	10.9	0	1151
8000	11	0	1128
8000	11.1	0	1076
8000	11.2	0	1093
8000	11.3	0	1061
8000	11.4	0	1105
8000	11.5	0	1130
8000	11.6	0	1071
8000	11.7	0	1027
8000	11.8	0	1113
8000	11.9	0	1110
8000	12	0	1025
8000	12.1	0	1023
8000	12.2	0	1075
8000	12.3	0	1065
8000	12.4	0	1076
8000	12.5	0	1074
8000	12.6	0	1056
8000	12.7	0	1072
8000	12.8	0	1147
8000	12.9	0	1043
8000	13	0	1102
8000	13.1	0	1034
8000	13.2	0	1080
8000	13.3	0	1016
8000	13.4	0	1024
8000	13.5	0	1037
8000	13.6	0	1034
8000	13.7	0	1077
8000	13.8	0	1057
8000	13.9	0	1036
8000	14	0	1083
8000	14.1	0	1079
8000	14.2	0	1075
8000	14.3	0	1032
8000	14.4	0	1082
8000	14.5	0	1104
8000	14.6	0	1070
8000	14.7	0	1097
8000	14.8	0	1079
8000	14.9	0	1090
8000	15	0	1085
8000	15.1	0	1099
8000	15.2	0	1044
8000	15.3	0	1053
8000	15.4	0	1059
8000	15.5	0	1077
8000	15.6	0	1051
8000	15.7	0	1041
8000	15.8	0	1081
8000	15.9	0	1056
8000	16	0	1032
8000	16.1	0	1040
8000	16.2	0	1010
8000	16.3	0	1110
8000	16.4	0	1101
8000	16.5	0	1012
8000	16.6	0	1064
8000	16.7	0	1040
8000	16.8	0	1032
8000	16.9	0	1095
8000	17	0	1052
8000	17.1	0	1121
8000	17.2	0	1071
8000	17.3	0	1075
8000	17.4	0	1073
8000	17.5	0	1089
8000	17.6	0	1055
8000	17.7	0	1079
8000	17.8	0	1103
8000	17.9	0	1070
8000	18	0	998
8000	18.1	0	1029
8000	18.2	0	1065
8000	18.3	0	1087
8000	18.4	0	1129
8000	18.5	0	1005
8000	18.6	0	1094
8000	18.7	0	1043
8000	18.8	0	1046
8000	18.9	0	1129
8000	19	0	1096
8000	19.1	0	1026
8000	19.2	0	1054
8000	19.3	0	1068
8000	19.4	0	1092
8000	19.5	0	1122
8000	19.6	0	1062
8000	19.7	0	1078
8000	19.8	0	1132
8000	19.9	0	1061
12000	0	0	1078
12000	0.1	0	1115
12000	0.2	0	1120
12000	0.3	0	1088
12000	0.4	0	1209
12000	0.5	0	1214
12000	0.6	0	1277
12000	0.7	0	1434
12000	0.8	0	1476
12000	0.9	0	1646
12000	1	0	1720
12000	1.1	0	1950
12000	1.2	0	2195
12000	1.3	0	2355
12000	1.4	0	2818
12000	1.5	0	3238
12000	1.6	0	3783
12000	1.7	0	4399
12000	1.8	0	5689
12000	1.9	0	7156
12000	2	0	9111
12000	2.1	0	11651
12000	2.2	0	14921
12000	2.3	0	17813
12000	2.4	0	19482
12000	2.5	0	19204
12000	2.6	0	18672
12000	2.7	0	18545
12000	2.8	0	18574
12000	2.9	0	18719
12000	3	0	18867
12000	3.1	0	18806
12000	3.2	0	19000
12000	3.3	0	18892
12000	3.4	0	19117
12000	3.5	0	19145
12000	3.6	0	19069
12000	3.7	0	19157
12000	3.8	0	18940
12000	3.9	0	19356
12000	4	0	19224
12000	4.1	0	19232
12000	4.2	0	19096
12000	4.3	0	19126
12000	4.4	0	19083
12000	4.5	0	18911
12000	4.6	0	19250
12000	4.7	0	19015
12000	4.8	0	19033
12000	4.9	0	18921
12000	5	0	18775
12000	5.1	0	18786
12000	5.2	0	18192
12000	5.3	0	17509
12000	5.4	0	16587
12000	5.5	0	15332
12000	5.6	0	14424
12000	5.7	0	13120
12000	5.8	0	12147
12000	5.9	0	11028
12000	6	0	10293
12000	6.1	0	9341
12000	6.2	0	8327
12000	6.3	0	7779
12000	6.4	0	7065
12000	6.5	0	6554
12000	6.6	0	5903
12000	6.7	0	5479
12000	6.8	0	5022
12000	6.9	0	4674
12000	7	0	4311
12000	7.1	0	4106
12000	7.2	0	3914
12000	7.3	0	3570
12000	7.4	0	3390
12000	7.5	0	3154
12000	7.6	0	3046
12000	7.7	0	2892
12000	7.8	0	2719
12000	7.9	0	2622
12000	8	0	2443
12000	8.1	0	2343
12000	8.2	0	2266
12000	8.3	0	2185
12000	8.4	0	2040
12000	8.5	0	2049
12000	8.6	0	1946
12000	8.7	0	1808
12000	8.8	0	1789
12000	8.9	0	1669
12000	9	0	1705
12000	9.1	0	1582
12000	9.2	0	1585
12000	9.3	0	1579
12000	9.4	0	1539
12000	9.5	0	1442
12000	9.6	0	1351
12000	9.7	0	1375
12000	9.8	0	1361
12000	9.9	0	1339
12000	10	0	1326
12000	10.1	0	1223
12000	10.2	0	1225
12000	10.3	0	1256
12000	10.4	0	1204
12000	10.5	0	1165
12000	10.6	0	1208
12000	10.7	0	1113
12000	10.8	0	1123
12000	10.9	0	1171
12000	11	0	1140
12000	11.1	0	1055
12000	11.2	0	1110
12000	11.3	0	1101
12000	11.4	0	1082
12000	11.5	0	1077
12000	11.6	0	1078
12000	11.7	0	1079
12000	11.8	0	1080
12000	11.9	0	1060
12000	12	0	1071
12000	12.1	0	1054
12000	12.2	0	1106
12000	12.3	0	1022
12000	12.4	0	1148
12000	12.5	0	1090
12000	12.6	0	1094
12000	12.7	0	1011
12000	12.8	0	1005
12000	12.9	0	1071
12000	13	0	1063
12000	13.1	0	1062
12000	13.2	0	1070
12000	13.3	0	1049
12000	13.4	0	1037
12000	13.5	0	1075
12000	13.6	0	1074
12000	13.7	0	1029
12000	13.8	0	1074
12000	13.9	0	1062
12000	14	0	1084
12000	14.1	0	1104
12000	14.2	0	1038
12000	14.3	0	1133
12000	14.4	0	1029
12000	14.5	0	1079
12000	14.6	0	1062
12000	14.7	0	1050
12000	14.8	0	1073
12000	14.9	0	1089
12000	15	0	1063
12000	15.1	0	1052
12000	15.2	0	992
12000	15.3	0	1106
12000	15.4	0	1081
12000	15.5	0	1044
12000	15.6	0	1051
12000	15.7	0	1069
12000	15.8	0	1091
12000	15.9	0	1100
12000	16	0	1076
12000	16.1	0	1063
12000	16.2	0	1120
12000	16.3	0	1068
12000	16.4	0	1121
12000	16.5	0	1012
12000	16.6	0	1118
12000	16.7	0	1094
12000	16.8	0	1023
12000	16.9	0	1091
12000	17	0	1112
12000	17.1	0	1084
12000	17.2	0	1119
12000	17.3	0	1093
12000	17.4	0	1080
12000	17.5	0	1165
12000	17.6	0	1041
12000	17.7	0	1068
12000	17.8	0	1033
12000	17.9	0	1028
12000	18	0	1085
12000	18.1	0	1136
12000	18.2	0	1093
12000	18.3	0	1038
12000	18.4	0	1080
12000	18.5	0	1032
12000	18.6	0	1083
12000	18.7	0	1037
12000	18.8	0	1067
12000	18.9	0	1033
12000	19	0	1010
12000	19.1	0	1114
12000	19.2	0	1086
12000	19.3	0	1062
12000	19.4	0	1097
12000	19.5	0	1123
12000	19.6	0	1099
12000	19.7	0	1057
12000	19.8	0	1096
12000	19.9	0	1081
16000	0	0	1106
16000	0.1	0	1121
16000	0.2	0	1076
16000	0.3	0	1159
16000	0.4	0	1193
16000	0.5	0	1236
16000	0.6	0	1358
16000	0.7	0	1445
16000	0.8	0	1440
16000	0.9	0	1566
16000	1	0	1683
16000	1.1	0	1875
16000	1.2	0	2147
16000	1.3	0	2433
16000	1.4	0	2691
16000	1.5	0	3204
16000	1.6	0	3801
16000	1.7	0	4516
16000	1.8	0	5545
16000	1.9	0	7132
16000	2	0	8977
16000	2.1	0	11626
16000	2.2	0	14730
16000	2.3	0	17806
16000	2.4	0	19594
16000	2.5	0	19209
16000	2.6	0	18647
16000	2.7	0	18440
16000	2.8	0	18582
16000	2.9	0	18630
16000	3	0	18957
16000	3.1	0	19014
16000	3.2	0	18916
16000	3.3	0	19160
16000	3.4	0	18997
16000	3.5	0	19244
16000	3.6	0	19122
16000	3.7	0	19195
16000	3.8	0	19003
16000	3.9	0	19274
16000	4	0	19350
16000	4.1	0	19188
16000	4.2	0	19393
16000	4.3	0	19117
16000	4.4	0	18969
16000	4.5	0	19120
16000	4.6	0	19045
16000	4.7	0	19111
16000	4.8	0	19100
16000	4.9	0	18790
16000	5	0	18989
16000	5.1	0	18877
16000	5.2	0	18140
16000	5.3	0	17339
16000	5.4	0	16525
16000	5.5	0	15325
16000	5.6	0	14352
16000	5.7	0	13129
16000	5.8	0	12356
16000	5.9	0	11073
16000	6	0	10261
16000	6.1	0	9027
16000	6.2	0	8445
16000	6.3	0	7825
16000	6.4	0	7020
16000	6.5	0	6533
16000	6.6	0	5841
16000	6.7	0	5528
16000	6.8	0	5040
16000	6.9	0	4745
16000	7	0	4556
16000	7.1	0	4049
16000	7.2	0	3751
16000	7.3	0	3664
16000	7.4	0	3414
16000	7.5	0	3104
16000	7.6	0	2897
16000	7.7	0	2905
16000	7.8	0	2793
16000	7.9	0	2566
16000	8	0	2488
16000	8.1	0	2473
16000	8.2	0	2315
16000	8.3	0	2174
16000	8.4	0	2134
16000	8.5	0	1960
16000	8.6	0	1842
16000	8.7	0	1803
16000	8.8	0	1753
16000	8.9	0	1771
16000	9	0	1626
16000	9.1	0	1648
16000	9.2	0	1562
16000	9.3	0	1541
16000	9.4	0	1599
16000	9.5	0	1495
16000	9.6	0	1428
16000	9.7	0	1354
16000	9.8	0	1346
16000	9.9	0	1313
16000	10	0	1317
16000	10.1	0	1259
16000	10.2	0	1203
16000	10.3	0	1195
16000	10.4	0	1143
16000	10.5	0	1176
16000	10.6	0	1107
16000	10.7	0	1146
16000	10.8	0	1117
16000	10.9	0	1107
16000	11	0	1071
16000	11.1	0	1127
16000	11.2	0	1126
16000	11.3	0	1008
16000	11.4	0	1068
16000	11.5	0	1100
16000	11.6	0	1058
16000	11.7	0	1032
16000	11.8	0	1065
16000	11.9	0	1029
16000	12	0	1044
16000	12.1	0	1101
16000	12.2	0	1027
16000	12.3	0	1086
16000	12.4	0	1043
16000	12.5	0	1091
16000	12.6	0	1136
16000	12.7	0	1024
16000	12.8	0	1157
16000	12.9	0	1109
16000	13	0	1030
16000	13.1	0	1085
16000	13.2	0	1045
16000	13.3	0	1019
16000	13.4	0	1051
16000	13.5	0	1046
16000	13.6	0	1081
16000	13.7	0	1056
16000	13.8	0	1087
16000	13.9	0	1072
16000	14	0	1079
16000	14.1	0	1027
16000	14.2	0	1051
16000	14.3	0	1063
16000	14.4	0	1106
16000	14.5	0	1111
16000	14.6	0	1063
16000	14.7	0	1066
16000	14.8	0	1133
16000	14.9	0	982
16000	15	0	1049
16000	15.1	0	997
16000	15.2	0	1140
16000	15.3	0	999
16000	15.4	0	1041
16000	15.5	0	1088
16000	15.6	0	1076
16000	15.7	0	1028
16000	15.8	0	1124
16000	15.9	0	1049
16000	16	0	1097
16000	16.1	0	1098
16000	16.2	0	1055
16000	16.3	0	1112
16000	16.4	0	1094
16000	16.5	0	1063
16000	16.6	0	1080
16000	16.7	0	1009
16000	16.8	0	1086
16000	16.9	0	1079
16000	17	0	1083
16000	17.1	0	1114
16000	17.2	0	1028
16000	17.3	0	1062
16000	17.4	0	1064
16000	17.5	0	1113
16000	17.6	0	1140
16000	17.7	0	1098
16000	17.8	0	1109
16000	17.9	0	1075
16000	18	0	1053
16000	18.1	0	1075
16000	18.2	0	1017
16000	18.3	0	1088
16000	18.4	0	1092
16000	18.5	0	1122
16000	18.6	0	1110
16000	18.7	0	1078
16000	18.8	0	1075
16000	18.9	0	1082
16000	19	0	1057
16000	19.1	0	1082
16000	19.2	0	1080
16000	19.3	0	1095
16000	19.4	0	1015
16000	19.5	0	1069
16000	19.6	0	1081
16000	19.7	0	1038
16000	19.8	0	1064
16000	19.9	0	1125
20000	0	0	1089
20000	0.1	0	1137
20000	0.2	0	1063
20000	0.3	0	1143
20000	0.4	0	1185
20000	0.5	0	1174
20000	0.6	0	1294
20000	0.7	0	1347
20000	0.8	0	1464
20000	0.9	0	1616
20000	1	0	1708
20000	1.1	0	1891
20000	1.2	0	2143
20000	1.3	0	2433
20000	1.4	0	2749
20000	1.5	0	3218
20000	1.6	0	3779
20000	1.7	0	4489
20000	1.8	0	5668
20000	1.9	0	7130
20000	2	0	9038
20000	2.1	0	11646
20000	2.2	0	14645
20000	2.3	0	17986
20000	2.4	0	19392
20000	2.5	0	19115
20000	2.6	0	18905
20000	2.7	0	18489
20000	2.8	0	18560
20000	2.9	0	18861
20000	3	0	18977
20000	3.1	0	18846
20000	3.2	0	19166
20000	3.3	0	19038
20000	3.4	0	18959
20000	3.5	0	18964
20000	3.6	0	19280
20000	3.7	0	19104
20000	3.8	0	19275
20000	3.9	0	19176
20000	4	0	19210
20000	4.1	0	19091
20000	4.2	0	19187
20000	4.3	0	19079
20000	4.4	0	19046
20000	4.5	0	19141
20000	4.6	0	18958
20000	4.7	0	19088
20000	4.8	0	19206
20000	4.9	0	18847
20000	5	0	19103
20000	5.1	0	18571
20000	5.2	0	18308
20000	5.3	0	17564
20000	5.4	0	16547
20000	5.5	0	15424
20000	5.6	0	14199
20000	5.7	0	13213
20000	5.8	0	12021
20000	5.9	0	10912
20000	6	0	10185
20000	6.1	0	9241
20000	6.2	0	8243
20000	6.3	0	7729
20000	6.4	0	6999
20000	6.5	0	6509
20000	6.6	0	5981
20000	6.7	0	5494
20000	6.8	0	5110
20000	6.9	0	4644
20000	7	0	4414
20000	7.1	0	4214
20000	7.2	0	3783
20000	7.3	0	3612
20000	7.4	0	3367
20000	7.5	0	3222
20000	7.6	0	3034
20000	7.7	0	2862
20000	7.8	0	2701
20000	7.9	0	2535
20000	8	0	2466
20000	8.1	0	2416
20000	8.2	0	2291
20000	8.3	0	2160
20000	8.4	0	2120
20000	8.5	0	2026
20000	8.6	0	1960
20000	8.7	0	1775
20000	8.8	0	1849
20000	8.9	0	1769
20000	9	0	1689
20000	9.1	0	1667
20000	9.2	0	1563
20000	9.3	0	1506
20000	9.4	0	1495
20000	9.5	0	1462
20000	9.6	0	1397
20000	9.7	0	1369
20000	9.8	0	1338
20000	9.9	0	1323
20000	10	0	1330
20000	10.1	0	1310
20000	10.2	0	1300
20000	10.3	0	1238
20000	10.4	0	1235
20000	10.5	0	1251
20000	10.6	0	1227
20000	10.7	0	1122
20000	10.8	0	1111
20000	10.9	0	1179
20000	11	0	1113
20000	11.1	0	1111
20000	11.2	0	1126
20000	11.3	0	1075
20000	11.4	0	1062
20000	11.5	0	1049
20000	11.6	0	1091
20000	11.7	0	1068
20000	11.8	0	1042
20000	11.9	0	1036
20000	12	0	1079
20000	12.1	0	1055
20000	12.2	0	1028
20000	12.3	0	993
20000	12.4	0	1122
20000	12.5	0	1040
20000	12.6	0	1060
20000	12.7	0	1088
20000	12.8	0	1051
20000	12.9	0	1040
20000	13	0	1087
20000	13.1	0	1028
20000	13.2	0	1025
20000	13.3	0	1007
20000	13.4	0	1092
20000	13.5	0	1056
20000	13.6	0	1003
20000	13.7	0	1091
20000	13.8	0	1074
20000	13.9	0	1087
20000	14	0	1034
20000	14.1	0	1071
20000	14.2	0	1065
20000	14.3	0	1064
20000	14.4	0	1103
20000	14.5	0	1027
20000	14.6	0	1090
20000	14.7	0	1077
20000	14.8	0	1065
20000	14.9	0	1057
20000	15	0	1110
20000	15.1	0	1074
20000	15.2	0	1017
20000	15.3	0	1059
20000	15.4	0	1142
20000	15.5	0	1065
20000	15.6	0	1079
20000	15.7	0	1061
20000	15.8	0	1077
20000	15.9	0	1063
20000	16	0	1065
20000	16.1	0	1070
20000	16.2	0	1093
20000	16.3	0	1087
20000	16.4	0	1043
20000	16.5	0	1092
20000	16.6	0	1071
20000	16.7	0	1089
20000	16.8	0	1097
20000	16.9	0	1053
20000	17	0	1028
20000	17.1	0	1082
20000	17.2	0	1055
20000	17.3	0	1045
20000	17.4	0	1035
20000	17.5	0	1090
20000	17.6	0	1088
20000	17.7	0	1093
20000	17.8	0	1074
20000	17.9	0	1074
20000	18	0	1080
20000	18.1	0	1117
20000	18.2	0	1047
20000	18.3	0	1076
20000	18.4	0	1035
20000	18.5	0	1148
20000	18.6	0	1091
20000	18.7	0	1097
20000	18.8	0	1052
20000	18.9	0	1115
20000	19	0	1166
20000	19.1	0	1064
20000	19.2	0	1034
20000	19.3	0	1047
20000	19.4	0	1057
20000	19.5	0	1067
20000	19.6	0	1141
20000	19.7	0	1077
20000	19.8	0	1104
20000	19.9	0	1002
