2.0000e+04	-5.3091e+02	-1.8679e+02	4.0288e+01	5.5631e+02	8.4703e+01	-1.8145e+02	-2.5742e+02	-3.6961e+02	-4.2503e+02	4.0721e+02	5.6575e+02	2.0423e+01	-1.8183e+02	-4.5896e+02	-1.7608e+01	-1.5039e+02	5.7846e+02	-2.3495e+02	1.4263e+02	1.1222e+00	-3.8896e+02	-4.6280e+02	4.4613e+02	3.1853e+01	-4.4526e+02	-3.6273e+02	4.9991e+02	-2.9779e+02	2.3825e+02	-1.5787e+02	-1.5264e+02	-1.3268e+02	3.9305e+02	7.1186e+02	3.9694e+02	3.3188e+02	3.2695e+02	3.5404e+01	1.3297e+02	8.5725e+01	-4.2186e+02	1.0938e+02	1.4294e+01	-1.7040e+02	2.2153e+02	2.4081e+01	2.5340e+02	1.5269e+01	6.7629e+02	-1.8469e+01	-2.2232e+02	7.9697e+02	2.5967e+02	-1.8814e+01	1.5526e+02	-2.5457e+02	4.6662e+02	1.5244e+01	-7.0430e+02	-3.9841e+02	-6.0692e+01	3.4762e+02	-7.5233e+01	-2.3307e+02	2.4851e+02	2.6427e+02	1.8514e+02	5.6573e+02	-1.2225e+02	3.2534e+02	-7.7972e+00	-5.4691e+02	-6.6830e+02	7.9583e+02	3.6425e+02	-2.2583e+02	-5.5668e+02	1.1161e+01	-3.9972e+02	1.8944e+02	6.9054e+01	-7.2876e+01	-2.9144e+01	1.0028e+03	1.7314e+02	-2.1208e+02	-3.5152e+02	-2.6429e+02	1.3410e+02	1.1780e+00	2.2601e+02	5.0623e+02	4.3968e+02	5.4796e+02	3.1819e+02	7.8304e+02	3.5629e+02	-1.1366e+02	-7.4915e+01	4.1129e+01	2.5363e+02	-2.5064e+02	2.6847e+02	-4.4908e+01	1.1838e+02	4.9858e+02	2.7398e+01	-4.1045e+02	-2.6863e+02	5.6819e+01	-2.2835e+02	5.9049e+02	-2.5801e+02	2.6679e+02	2.7956e+01	-1.8081e+02	-1.9665e+02	2.9004e+02	5.3867e+02	3.0795e+02	2.1872e+02	6.1428e+00	-1.9250e+02	6.4501e+02	2.0023e+02	5.5160e+01	1.6796e+02	1.8116e+02	3.5807e+02	-6.3941e+01	-2.1607e+02	2.5174e+02	4.2775e+02	1.6640e+02	-8.1342e+01	-2.4534e+02	3.2942e+02	-5.7646e+02	5.3070e+02	-3.9429e+02	8.1156e+02	1.8051e+02	7.5991e+01	-2.3417e+02	3.1652e+02	-2.4964e+02	3.2722e+01	-5.7133e+01	1.6099e+02	7.9231e+02	2.6911e+02	-3.1677e+02	-5.5855e+02	4.4638e+02	4.5489e+02	-3.7190e+02	7.3502e+01	-2.6519e+02	-1.1016e+02	3.9083e+02	4.8174e+01	1.9308e+02	2.7688e+02	6.0207e+01	2.2429e+02	-2.3904e+02	-3.6164e+02	1.5264e+02	6.0350e+02	3.0544e+02	-2.1391e+02	1.5951e+02	2.8321e+02	8.6908e+01	4.4793e+01	-3.5317e+02	-3.3658e+01	-5.0631e+02	2.7062e+02	3.7818e+01	3.0323e+02	1.1779e+02	-3.2300e+02	1.8282e+02	-1.5766e+02	-1.0211e+02	4.5768e+02	-1.5994e+02	-6.1958e+02	1.0808e+02	-3.3357e+02	-8.6222e+00	-1.4669e+02	9.1965e+01	-3.7456e+01	-1.9464e+02	-6.6308e+02	-3.8434e+02	-1.8720e+02	-3.9788e+02
2.0000e+04	1.0950e+03	-6.3177e+02	7.2465e+02	-3.1175e+02	-2.2180e+01	7.3169e+02	-2.9694e+02	-2.0257e+00	-1.3508e+02	-3.6875e+02	1.7687e+03	3.1796e+00	3.1174e+02	6.4497e+02	-3.1407e+02	1.0902e+03	-5.7326e+02	1.5986e+02	2.3545e+01	-2.5342e+02	1.5921e+02	-2.4316e+02	7.5971e+02	9.0992e+02	-1.0056e+03	-9.8636e+02	-2.2642e+02	7.6024e+02	-2.5224e+01	-8.4397e+02	1.0887e+02	7.9928e+02	1.5572e+02	2.9023e+02	3.7150e+01	-3.4338e+02	5.9643e-01	-6.0265e+02	6.6713e+01	3.4306e+01	1.1970e+02	-2.7664e+02	-1.4011e+02	4.6029e+02	1.5659e+02	-6.9463e+02	1.0706e+02	-2.3759e+02	7.3957e+02	-2.3550e+02	-6.8227e+02	-5.3571e+02	1.2151e+02	2.8775e+01	7.4745e+02	-7.5346e+02	-1.5277e+02	-4.5816e+02	3.7113e+02	-6.7254e+02	1.7553e+02	3.9857e+02	-2.9889e+02	3.5866e+02	-2.4207e+02	7.6297e+02	-1.2400e+03	-1.3244e+03	3.4544e+02	1.0456e+02	2.7925e+02	-4.0515e+02	-3.6418e+02	1.0516e+02	-3.1907e+01	1.1962e+03	-5.2514e+02	1.3559e+03	-5.0275e+02	6.0540e+02	-1.6114e+02	7.4324e+01	-3.1861e+02	6.3294e+02	1.1332e+02	5.8860e+02	4.0048e+02	-3.8408e+02	1.2164e+03	-1.1222e+03	1.5722e+03	1.4606e+02	6.3710e+02	-8.2374e+02	3.8392e+02	3.1060e+02	-4.3014e+02	-1.4455e+02	5.9928e+02	1.0625e+03	1.3310e+03	-9.9338e+01	-2.9762e+02	-7.2589e+02	-1.0837e+03	6.3004e+02	4.0829e+02	-4.9088e+02	2.4279e+02	-2.9619e+02	-1.0071e+03	6.8999e+02	-1.9773e+02	-7.2040e+02	4.7877e+02	-3.1283e+02	1.5133e+02	1.0454e+03	8.7587e+02	7.7563e+02	1.1720e+02	1.3329e+02	-2.6013e+01	6.0464e+02	6.8654e+02	-4.6445e+02	-5.1865e+02	5.6625e+02	-7.9550e+02	6.8547e+02	9.3417e+01	5.2913e+01	5.6061e+02	6.7101e+02	1.1658e+03	1.6345e+03	-3.2931e+02	1.1659e+03	9.8391e+02	-8.5116e+02	4.8154e+02	9.0027e+02	-1.1964e+03	-2.6667e+02	5.6589e+02	1.3819e+01	1.2184e+03	-4.8106e+02	1.9429e+01	-3.9780e+02	4.9840e+02	-7.2341e+02	-2.1865e+02	2.7990e+02	-1.0658e+03	4.2136e+02	-7.1965e+02	1.0976e+02	1.4951e+03	-3.0487e+02	2.9109e+02	-3.8588e+02	3.3877e+00	-4.5426e+02	3.9263e+02	-4.4076e+02	-8.7216e+00	-3.3213e+01	-7.6261e+02	6.8797e+02	-5.9653e+02	-4.1728e+02	-3.7926e+02	2.7692e+02	5.4687e+02	-5.8451e+02	-4.7478e+02	1.7355e+00	3.4808e+02	7.1834e+02	-2.9091e+01	-9.1283e+02	-6.5298e+02	-3.8015e+02	-2.4760e+02	-7.6716e+02	3.6906e+01	-1.7100e+02	-6.9143e+01	-1.5290e+03	1.0258e+03	-1.3259e+03	4.0940e+02	4.8276e+02	-6.6081e+02	-4.4110e+02	2.6694e+02	3.6306e+02	-1.0967e+02	-2.2561e+02
4.0000e+04	-2.2133e+02	-1.3349e+02	2.3319e+02	1.9895e+02	-1.8710e+02	-1.7189e+01	-3.4478e+02	-2.8908e+02	-4.1775e+02	6.4854e+01	5.9633e+02	2.0088e+01	-4.1536e+02	4.8141e+02	4.6921e+02	-1.6391e+02	3.2882e+02	1.7633e+02	5.0842e+02	-4.1804e+01	-9.0365e+01	-8.1409e+02	2.3721e+02	-2.0430e+02	-8.4718e+02	-1.3562e+02	2.0851e+02	-7.5541e+02	-5.7551e+02	-2.9588e+02	7.3642e+02	-2.1856e+02	7.0249e+01	-7.8637e+00	2.7762e+02	7.6233e+02	2.3976e+02	1.5531e+02	9.4917e+01	-2.3674e+01	-7.0583e+02	3.5574e+02	-2.0133e+02	-4.4833e+02	7.3435e+02	-5.2531e+02	3.9319e+02	1.1070e+02	5.3423e+02	-1.5827e+02	-4.3990e+02	8.5229e+02	1.2661e+02	-5.7134e+02	8.7983e+01	4.2876e+02	1.0783e+03	-1.5796e+02	-8.3735e+02	-1.1116e+02	-4.6128e+02	1.1117e+02	-2.4329e+02	-3.5576e+02	3.3520e+02	6.0311e+02	2.8425e+02	3.9313e+02	-5.3448e+02	1.3584e+02	4.3320e+02	-3.6922e+02	-6.3125e+02	8.6697e+02	8.4781e+02	3.5732e+02	-5.9018e+02	2.2290e+02	7.7502e+01	1.9666e+01	1.4271e+01	-7.3955e+01	-5.0362e+02	5.4424e+02	-5.9071e+00	3.2992e+01	-4.5456e+02	-3.5338e+02	-3.3866e+02	2.7711e+02	4.9846e+02	4.1107e+02	-5.6982e+01	3.5548e+02	4.6665e+02	1.0016e+03	4.3563e+02	2.9759e+02	-2.8145e+02	4.1265e+02	7.3301e+02	2.4567e+02	-3.6764e+01	-1.2505e+02	-2.2672e+02	4.1693e+02	-2.4025e+01	-1.4374e+02	-2.7299e+02	-1.2313e+02	-7.4691e+02	2.3642e+02	-4.5539e+02	5.2458e+00	3.2098e+02	9.5511e+01	-6.5881e+02	3.9309e+02	6.4015e+02	-4.7242e+02	1.8155e+02	-4.2420e+02	3.2939e+01	5.4359e+02	1.9981e+02	-4.9712e+02	-2.4218e+02	7.0755e+02	4.0881e+02	-3.5044e+02	-1.6361e+01	2.1429e+02	8.5425e+02	2.2510e+02	1.5862e+02	-6.6956e+02	8.3966e+02	-1.9304e+02	8.1288e+02	-3.8274e+02	1.1994e+03	5.9063e+02	2.1716e+00	2.9768e+02	-1.8740e+02	-1.5002e+01	-5.6329e+02	8.2963e+01	-3.8257e+02	3.9694e+02	-2.1594e+01	-7.0253e+02	-3.1535e+02	5.4183e+02	9.5891e+02	-1.3168e+02	6.2025e+02	-8.1776e+01	-5.5385e+02	5.0551e+02	2.3158e+02	-4.9469e+02	5.8928e+02	-3.3093e+02	4.1238e+02	-6.2484e+02	-5.1428e+02	2.6224e+02	8.0739e+02	1.7410e+02	-5.2640e+02	1.2258e+02	-1.9752e+01	1.4908e+02	3.9692e+02	-3.0401e+02	-5.7698e+01	-4.8640e+02	4.0130e+02	2.2359e+02	4.2985e+02	2.6360e+02	-7.2742e+02	2.7149e+02	-3.2207e+02	-1.7095e+02	1.4404e+02	-3.0223e+02	-2.7296e+02	-1.0179e+02	-6.8498e+02	8.4535e+01	-1.9016e+02	6.6467e+02	-5.2199e+02	-5.2248e+02	-1.4364e+03	-6.8481e+02	-1.5041e+02	1.0157e+02
4.0000e+04	1.0884e+03	-1.5755e+03	1.4985e+03	-1.2011e+03	1.5561e+02	-1.5410e+02	5.6818e+02	-1.0601e+03	3.7080e+02	-9.0244e+02	1.5100e+03	-1.4271e+03	1.0749e+03	1.4347e+02	-1.0177e+03	1.2686e+03	2.5863e+01	4.2567e+02	-5.7100e+02	1.4517e+02	-6.2816e+02	-8.2924e+01	7.0647e+02	1.2591e+03	-6.0214e+02	-1.7695e+03	-4.3859e+02	4.4540e+02	-1.7032e+02	4.2612e+02	-9.9960e+02	1.2230e+03	2.8269e+02	1.0022e+03	1.1729e+02	-1.0466e+03	3.0973e+02	7.8681e+02	1.7914e+02	1.4094e+02	7.1650e+02	-3.4693e+02	-7.0196e+02	-5.1221e+02	1.4508e+03	6.6839e+02	8.1820e+02	1.6951e+01	5.2547e+02	-1.5034e+02	-1.2557e+03	-3.1599e+02	-3.0168e+02	-6.1708e+02	6.6540e+02	-8.1303e+02	3.5074e+02	-4.4641e+02	7.5816e+02	-8.1896e+01	-6.7794e+02	4.6110e+02	-5.6849e+02	6.5342e+02	-6.0490e+02	1.0973e+03	-1.9047e+03	-1.7432e+03	8.6888e+01	7.7042e+02	-6.8010e+02	2.4098e+02	-7.3223e+02	5.7915e+02	-7.1824e+02	5.3242e+02	-7.5921e+02	1.0053e+03	-4.8263e+02	6.8968e+02	-1.0207e+02	-5.9828e+02	3.4964e+02	-7.5912e+02	1.0468e+02	5.4515e+02	-8.6329e+02	-4.9648e+02	1.9531e+03	-1.6427e+03	2.1323e+03	-3.2988e+02	4.6394e+02	3.0865e+02	5.1962e+02	2.4879e+02	-5.0396e+02	8.6190e+01	1.6713e+02	1.9632e+02	1.4648e+03	1.1696e+03	-8.6354e+02	-9.5779e+02	-1.2368e+03	1.8681e+03	3.3867e+01	-5.8624e+02	6.0944e+02	-1.0621e+03	-5.9014e+02	3.5190e+02	6.4190e+01	-4.0889e+02	-5.0752e+02	2.3103e+02	-5.1863e+02	-3.0361e+02	2.5596e+02	-7.1005e+01	4.0077e+02	4.0864e+02	-5.3315e+02	-5.1074e+02	8.0109e+02	-1.0953e+03	-1.1742e+02	4.5005e+02	-1.1048e+03	4.4140e+02	5.8976e+02	-1.2834e+03	1.8471e+03	2.0602e+03	1.7530e+03	1.3069e+03	-3.4576e+02	2.5396e+02	1.6444e+03	-1.2310e+03	1.2541e+03	1.3431e+03	-9.7391e+02	6.2911e+01	1.6223e+03	-2.9067e+01	6.5631e+02	-6.2435e+02	4.8802e+02	-1.0895e+03	4.1192e+02	-5.7838e+02	-3.0747e+02	8.0055e+02	-2.2558e+03	1.6351e+03	-1.5461e+03	-4.5803e+01	1.5286e+03	-7.6891e+02	3.9562e+02	-1.0156e+03	-6.7418e+02	-1.1532e+03	1.9289e+02	-1.0146e+03	-9.0987e+02	1.9675e+02	-5.2804e+02	1.9230e+03	-5.7467e+02	9.0682e+01	-8.7469e+02	2.8664e+02	4.7393e+02	-8.1795e+02	1.7148e+01	-6.9517e+01	3.0672e+01	5.3531e+02	-1.4988e+01	-1.3581e+03	-1.0383e+02	-4.1433e+02	-1.2162e+03	-1.4462e+03	-3.7472e+02	3.0305e+02	7.1573e+02	-1.7297e+03	6.6242e+02	-2.0719e+03	-9.3079e+01	3.3790e+02	-7.6423e+02	1.5321e+02	3.9108e+02	6.1369e+02	-1.0747e+03	-1.1702e+02
6.0000e+04	-7.0223e+02	-4.4319e+02	5.7342e+02	2.9271e+02	-2.4409e+02	2.4008e+02	1.7691e+01	-4.5086e+02	-1.1932e+03	-9.9148e+01	6.8272e+02	-1.2028e+02	-3.0299e+02	6.0010e+02	1.2123e+03	1.4639e+02	4.1396e+02	8.5875e+02	3.5925e+02	8.1181e+02	-5.1555e+01	-1.0781e+03	2.0531e+02	-3.3877e+02	-1.0108e+03	1.3179e+02	-4.5915e+02	-9.7806e+02	-3.3789e+02	5.5309e+01	5.5763e+02	-9.5388e+02	8.9305e+02	5.1247e+02	5.5489e+01	5.1435e+02	2.2014e+02	7.7493e+02	-2.5831e+02	-7.3741e+01	-6.8437e+02	-4.7273e+02	-2.9728e+02	-2.0308e+02	3.8216e+02	-6.1314e+02	2.5873e+02	1.0189e+02	3.9785e+02	-5.2279e+02	-8.7657e+02	5.0117e+02	2.4344e+02	-7.0674e+02	1.4865e+02	7.9377e+02	3.3946e+02	-4.9215e+02	-1.1739e+03	-1.1576e+02	-5.5455e+02	4.9807e+02	-3.1550e+02	-1.7661e+02	6.2176e+02	-8.9263e+01	5.5250e+02	-6.2360e+00	-2.8833e+02	1.6654e+02	1.0818e+02	-5.4046e+02	-5.1741e+02	4.5756e+02	1.2665e+03	5.5884e+02	-8.1179e+02	1.9341e+02	9.6226e+02	3.4443e+01	-4.5589e+02	-3.3320e+02	-7.1344e+02	3.6179e+02	2.8207e+02	-1.1434e+02	-4.3326e+02	-4.8808e+02	-2.7414e+02	8.9265e+02	2.8332e+02	1.1448e+03	-6.0129e+01	6.0328e+02	5.8975e+02	1.2580e+03	5.8826e+02	4.7516e+02	-6.3531e+01	4.0795e+02	7.0748e+02	5.8504e+01	-1.3909e+02	2.8204e+02	-2.5050e+02	3.2740e+02	-5.5263e+01	-1.9064e+01	-1.1554e+02	3.8682e+02	-8.8182e+02	-2.6580e+02	-5.4596e+02	-7.2339e+02	-2.7258e+02	2.3687e+02	-5.2980e+02	4.5202e+02	4.5600e+02	-4.4620e+02	4.6558e+01	-2.0232e+02	9.2667e+01	5.1451e+02	-5.8476e+01	-6.4611e+02	-4.6003e+02	3.7435e+02	3.8727e+02	-2.2828e+02	-3.0651e+02	2.3553e+02	9.7763e+02	3.9151e+02	-4.6886e+02	-9.9778e+02	1.0091e+03	-5.3021e+02	7.5697e+02	-1.5026e+02	1.6713e+03	9.4803e+02	1.6058e+02	8.3231e+02	-1.8010e+02	-2.4026e+02	-2.6972e+02	1.9084e+02	-2.9516e+02	1.5051e+02	-3.0075e+02	-5.5284e+02	-1.9690e+02	1.1569e+03	1.2610e+03	2.6055e+02	6.3766e+01	-5.4263e+02	-4.1935e+02	-2.2103e+01	1.0734e+02	-6.0491e+02	3.7277e+02	-4.0615e+02	8.0939e+02	-1.2018e+03	-7.9204e+01	4.4905e+02	4.8064e+02	3.5884e+02	-7.7467e+02	1.4248e+02	6.3701e+02	3.9158e+02	-5.0394e+01	-3.3490e+02	5.4962e+02	-4.7098e+02	7.7718e+02	1.8747e+02	6.8574e+02	4.5675e+02	-6.3739e+02	-6.1508e+02	-1.9851e+02	3.5297e+02	2.0500e+02	2.0401e+02	-4.0530e+01	-7.6731e+02	-5.2662e+02	-2.0165e+02	2.8753e+02	6.7080e+02	-2.6205e+02	-8.1752e+02	-1.2316e+03	1.1964e+02	2.8073e+02	5.9675e+02
6.0000e+04	-1.1782e+02	-1.3788e+03	1.7612e+03	-1.2909e+03	-9.8103e+01	-3.0366e+01	1.3857e+03	-8.6975e+02	1.4687e+02	-8.2761e+02	1.1603e+03	-2.3423e+03	1.4190e+03	5.2358e+02	-5.7398e+02	9.4200e+02	-6.9786e+01	6.0625e+02	-7.1116e+02	1.1613e+02	-1.3191e+03	-8.6997e+02	1.3788e+03	1.6430e+03	-7.3618e+01	-2.2230e+03	-1.6080e+03	1.2092e+03	-1.0044e+03	-4.1444e+02	-1.0747e+03	1.7561e+03	-9.2871e+01	1.7338e+03	-1.3453e+03	-8.4054e+02	5.6415e+02	6.1541e+02	1.1280e+02	2.6960e+02	1.0336e+03	6.3280e+01	-1.0635e+03	-1.5276e+02	1.8395e+03	9.6630e+02	1.0308e+03	-1.1017e+03	1.8384e+02	-8.1768e+02	-1.1550e+03	6.6302e+02	-5.7597e+02	1.7869e+02	1.6966e+02	-7.1298e+02	6.4347e+02	-5.1516e+02	-2.9026e+02	-4.8201e+02	-1.4542e+03	8.7640e+02	-1.0498e+03	-2.9239e+01	-9.9504e+02	1.5013e+03	-1.9207e+03	-1.4854e+03	-1.7637e+02	1.0921e+03	-1.2862e+03	2.1419e+02	-8.8493e+02	9.9895e+02	4.9582e+01	3.4956e+02	-6.0812e+02	1.9770e+03	-7.0089e+02	-2.7138e+02	4.9021e+02	-3.4732e+02	2.2279e+02	-8.4564e+02	2.1679e+02	-1.4225e+02	-7.3551e+02	-4.2669e+02	1.6369e+03	-2.0516e+03	2.3081e+03	-2.7475e+02	1.1918e+03	-2.0746e+02	1.0652e+03	-8.7349e+02	-1.4878e+02	5.7906e+02	1.2298e+03	1.2972e+03	2.1352e+03	8.2165e+02	-7.2530e+02	-4.6666e+02	-3.9606e+02	1.6499e+03	-2.7441e+02	1.6845e+01	5.2439e+02	4.5718e+02	2.1207e+02	-4.9640e+02	-2.2801e+02	5.5340e+02	-5.0110e+02	1.5656e+02	-7.0576e+02	-7.6693e+02	1.4314e+03	-5.8021e+02	7.2868e+02	2.5697e+02	-6.2794e+02	-4.4150e+02	5.1810e+02	-1.7963e+03	-1.2388e+03	1.2958e+03	-1.1701e+03	-1.1713e+03	7.5283e+02	-9.8002e+02	7.6398e+02	2.3253e+03	1.8014e+03	8.4776e+02	-4.5967e+02	-4.4191e+02	1.7613e+03	-7.5551e+02	6.9450e+02	1.9147e+03	-5.0056e+02	-4.1863e+02	1.2418e+03	1.2177e+02	1.8536e+02	-7.3943e+02	1.3634e+02	-9.2624e+02	4.3742e+02	-1.1279e+03	-8.8141e+02	1.5239e+03	-2.7800e+03	8.1878e+02	-6.2022e+02	-1.5666e+02	1.3349e+03	-1.2462e+03	-1.2020e+01	-9.8236e+02	-4.9810e+01	-1.6256e+03	-3.6915e+02	-4.8088e+02	-1.0908e+03	2.8124e+02	-3.5004e+02	2.5057e+03	-2.6778e+02	-1.2057e+03	-1.3986e+03	-3.1556e+02	-9.1793e+01	-1.3203e+02	-6.5102e+02	-3.7965e+02	9.9500e+01	7.7531e+02	8.5108e+02	-1.3489e+03	-6.6806e+02	-5.4617e+02	-1.7223e+03	-8.4299e+02	-4.0595e+02	6.4320e+02	5.5851e+02	-2.4618e+03	7.1552e+02	-2.5547e+03	3.7931e+02	2.8288e+02	-7.1539e+02	-4.9880e+01	-1.6510e+02	1.0374e+03	-5.2992e+02	5.0274e+02
8.0000e+04	-1.4362e+03	-4.9438e+02	6.3603e+02	3.4296e+02	-3.1119e+02	-1.5919e+02	-3.4735e+02	-9.7374e+02	-8.0480e+02	1.0509e+01	2.2390e+02	-5.9672e+02	4.4014e+01	1.9303e+02	1.5349e+03	3.1201e+02	5.1103e+02	6.6675e+02	4.9412e+02	9.2451e+02	1.5516e+01	-6.4621e+02	5.7949e+02	-8.5133e+02	-9.2446e+02	-2.1477e+01	1.7410e+02	-9.1617e+02	-1.8289e+02	8.6629e+02	2.6541e+02	-9.2624e+02	7.8458e+02	3.9207e+02	1.1007e+01	3.2628e+02	-2.1052e+02	6.3120e+02	-6.6184e+02	4.1683e+02	-5.4750e+02	-9.4630e+02	3.2576e+01	-3.6525e+02	1.7855e+02	-4.7270e+02	4.4901e+02	7.2977e+02	-5.5973e+01	-4.0506e+02	-9.5091e+02	3.0981e+02	5.0034e+02	-3.4114e+01	7.7619e+02	8.4107e+02	2.3295e+02	-6.4315e+02	-1.3675e+03	8.9951e+00	-7.1190e+02	7.6976e+02	-6.5285e+02	2.1301e+02	2.1188e+02	-3.5934e+02	3.0090e+02	-7.1505e+01	-1.5865e+01	-1.4956e+02	-4.9526e+02	-4.3542e+02	-8.7378e+02	4.6922e+02	1.3604e+03	1.1527e+03	-1.2376e+03	-1.8323e+02	1.3764e+03	-1.1292e+00	-6.6005e+02	3.9852e+01	-1.1313e+03	2.0422e+02	7.5073e+02	-3.2489e+02	-4.1404e+02	2.3810e+02	-7.2045e+01	1.3160e+03	-9.5301e+02	1.0746e+03	-1.4801e+02	5.2974e+02	4.3625e+02	1.1395e+03	1.5126e+03	5.9127e+02	-2.8029e+02	4.3972e+02	6.1631e+02	-2.4150e+02	1.1699e+02	5.4186e+02	-5.9152e+02	3.5370e+02	1.8122e+02	8.2626e+02	-1.8096e+02	2.2082e+02	-5.2981e+02	-4.8166e+01	2.5094e+02	2.9962e+02	1.3203e+02	4.5142e+02	-2.4996e+00	6.2745e+02	8.2837e+02	-5.4159e+02	4.2281e+02	-5.5364e+02	1.4090e+02	3.3136e+02	1.5268e+02	-8.9975e+02	-5.1666e+02	3.7581e+02	5.0958e+02	3.1721e+02	-5.6299e+02	8.1443e+02	5.8194e+02	-2.5942e+01	-1.1813e+02	-1.3994e+03	1.3375e+03	-4.0004e+02	8.4254e+02	-4.1654e+02	1.7000e+03	5.7791e+02	4.9128e+02	1.2202e+03	-3.7941e+02	-5.2087e+02	4.3268e+02	9.6882e+01	-5.7482e+02	1.2007e+02	1.4744e+02	-3.0770e+02	-9.4100e+01	9.2906e+02	1.1138e+03	-1.0605e+01	1.4226e+01	-7.5706e+02	-6.4525e+02	2.0511e+02	2.5462e+02	-6.7064e+02	4.5402e+02	-2.0721e+02	7.3179e+02	-9.0405e+02	-3.9027e+01	9.6929e+01	3.5355e+02	4.0913e+02	-2.4981e+02	2.9434e+01	3.9257e+02	9.7777e+02	-2.1721e+02	-6.2755e+02	1.2319e+03	-4.4540e+02	4.1300e+02	2.9307e+02	6.2161e+02	-1.2578e+02	-1.0476e+03	-1.3682e+03	-7.3162e+02	6.0347e+02	1.0673e+03	-2.8129e+01	-8.2420e+00	-1.7078e+02	-1.2565e+03	-4.5398e+02	1.0075e+03	3.4449e+02	-8.2344e+01	-1.0188e+03	-1.4809e+03	-6.8496e+01	1.3084e+02	9.8237e+02
8.0000e+04	1.8283e+02	-1.5128e+03	2.2143e+03	-1.3432e+03	3.5083e+02	-2.7657e+02	1.5437e+03	-9.5639e+02	1.4218e+01	-1.2713e+03	1.0631e+03	-1.3419e+03	1.6470e+03	1.6617e+03	-1.2086e+03	5.1406e+02	-3.1521e+02	6.1039e+02	-1.2299e+03	6.4619e+02	-1.4068e+03	-2.2002e+02	1.0423e+03	1.0502e+03	7.9410e+02	-2.3013e+03	-1.9148e+03	7.7105e+02	-6.1327e+02	-5.8843e+02	-1.0889e+03	1.7824e+03	3.4947e+02	1.6723e+03	-1.6423e+03	-4.5036e+02	8.6507e+02	-1.2061e+02	-5.1328e+02	8.7727e+02	7.9791e+02	-5.2948e+02	-1.2411e+03	-6.6365e+02	2.2212e+03	1.7595e+03	2.3030e+03	-1.6960e+03	1.5050e+02	-1.8344e+02	-1.4781e+03	2.3975e+01	-1.5116e+02	9.7166e+01	4.1387e+02	-3.9986e+02	-4.5223e+02	-5.2449e+02	1.6024e+02	1.1628e+02	-1.0718e+03	8.9856e+02	-1.2934e+03	-3.0262e+02	-1.3435e+03	1.5948e+03	-1.6895e+03	-2.0711e+03	-1.0934e+03	1.7713e+03	-1.8014e+03	3.3004e+01	-6.0228e+02	-1.4700e+02	-3.7550e+02	-5.2585e+02	-1.7268e+02	2.6687e+03	8.6109e+01	-4.9038e+02	7.3840e+02	-1.4948e+03	9.7128e+01	-2.2116e+02	-9.4618e+02	-1.5335e+02	-1.2843e+02	-1.3550e+03	1.5923e+03	-2.1764e+03	1.9973e+03	-8.5766e+02	1.6859e+03	-4.2007e+01	1.4767e+03	-1.5778e+03	-4.0293e+02	1.0957e+03	1.2593e+03	1.6648e+03	2.9154e+03	2.0185e+02	-9.7317e+02	-3.3599e+02	-7.3152e+02	1.2009e+03	-4.5596e+02	-4.8198e+02	1.2314e+01	1.1572e+03	-4.8698e+02	-1.1643e+03	1.5372e+02	1.1465e+03	-1.7794e+02	-9.3842e+02	-6.5852e+02	-1.8381e+02	1.4383e+03	-8.1285e+02	9.1194e+02	-1.7791e+02	-6.7062e+02	-8.1454e+02	1.4079e+03	-6.4238e+02	-1.1700e+03	1.1858e+03	-1.1853e+03	-1.4520e+03	1.7301e+03	-1.3245e+03	3.7341e+02	2.9489e+03	2.8285e+03	-2.0066e+02	-6.4928e+02	-3.4356e+02	2.5065e+03	-1.0894e+03	3.9156e+02	1.7230e+03	-6.4464e+02	-1.6468e+02	9.3800e+02	1.0890e+03	7.9849e+02	-3.8514e+02	-3.6790e+02	-1.5528e+03	2.4461e+02	-1.8791e+03	2.9019e+01	1.7118e+03	-2.6735e+03	3.0645e+02	-3.5093e+02	8.3334e+02	1.8350e+03	-1.2714e+03	-9.0232e+02	-1.3732e+03	-5.6027e+02	-1.7684e+03	-4.5456e+02	1.7709e+02	-3.4963e+02	1.0123e+03	-6.2008e+02	3.3263e+03	-7.8914e+02	-1.3331e+03	-1.6581e+03	-3.7295e+02	-1.9593e+02	8.5250e+01	-1.3932e+03	1.1286e+02	3.7858e+02	1.3202e+03	-1.6199e+02	-1.9215e+03	-7.2463e+02	-4.7623e+02	-2.1916e+03	-1.1289e+03	-1.2961e+03	5.3897e+02	7.9097e+02	-2.5332e+03	1.4590e+03	-2.4375e+03	1.1511e+03	2.8145e+02	-1.4385e+03	-1.2314e+02	-6.1890e+02	4.3551e+02	-6.8469e+02	3.4560e+02
1.0000e+05	-1.9074e+03	-4.7925e+02	1.1005e+03	1.3991e+02	-7.0608e+02	-1.5593e+02	3.0275e+01	-1.0664e+03	-7.3208e+02	3.9074e+02	1.2803e+02	-6.7763e+02	2.7767e+02	3.5461e+02	8.0593e+02	3.2305e+02	1.3743e+02	6.3049e+02	7.3682e+02	1.0095e+03	1.5463e+02	-5.9984e+02	7.9583e+01	-1.1638e+03	-1.1912e+03	-4.4815e+02	3.7589e+02	-1.2049e+03	-6.6525e+02	1.0662e+03	1.0457e+03	-8.7525e+02	1.2611e+02	4.0708e+02	3.0918e+02	-2.0112e+02	7.2758e+01	5.7494e+02	-9.0607e+02	1.4654e+02	-5.1652e+02	-1.3442e+03	4.6437e+00	-4.9216e+02	2.0970e+02	-5.8473e+02	1.8795e+02	4.5639e+02	-6.7164e+02	2.3733e+02	-1.0418e+03	7.7647e+02	4.1716e+02	4.5329e+02	1.1016e+03	1.0404e+03	6.1124e+02	-4.1085e+02	-1.2924e+03	-3.4767e+02	-8.5963e+02	7.1304e+02	-5.2191e+02	1.3573e+02	2.1657e+02	-7.4657e+01	2.8330e+02	-3.6858e+02	4.4008e+02	6.0594e+01	-1.6950e+02	-5.7931e+02	-4.9441e+02	1.0891e+03	9.5811e+02	1.2584e+03	-1.0712e+03	-4.4279e+02	1.7430e+03	-6.5097e+02	-4.1159e+02	-5.7197e+02	-1.0483e+03	5.0475e+02	6.9189e+02	1.1844e+02	-6.3239e+02	5.3815e+02	2.9303e+02	8.7913e+02	-1.0738e+03	1.3988e+03	4.9550e+02	4.4622e+02	9.3627e+02	7.1677e+02	1.2341e+03	1.2202e+03	-4.5333e+02	-1.7407e+02	1.0880e+03	1.4151e+02	3.7135e+02	1.3104e+02	-3.1008e+02	-8.3314e+01	7.4610e+02	6.6062e+02	-5.9133e+02	-8.0085e+01	-4.8058e+02	7.2665e+01	6.2977e+01	5.1594e+02	2.8682e+02	5.0448e+02	1.9119e+01	6.5072e+02	8.0361e+02	-4.5407e+02	5.5763e+02	-9.8938e+02	2.1418e+02	1.6027e+02	-1.0474e+02	-2.7200e+02	-8.9931e+01	7.0140e+02	8.8481e+02	3.5022e+02	-3.6940e+02	7.8669e+02	9.4296e+02	-2.5704e+02	-3.2864e+01	-1.0104e+03	1.5476e+03	7.8332e+01	1.4875e+03	-1.1020e+03	1.3208e+03	9.7922e+01	7.1004e+02	1.1703e+03	-7.6359e+01	-2.3446e+02	-5.5352e+01	4.1948e+02	-8.1421e+02	-8.3546e+01	-1.2305e+02	-7.2183e+01	-8.7712e+01	1.3625e+03	7.5707e+02	2.8996e+02	-9.4599e+01	-1.0121e+03	-7.4924e+02	1.5662e+01	6.0215e+02	-4.6045e+02	8.3323e+02	-7.2187e+00	1.6382e+03	-5.7783e+02	-7.1469e+02	2.6174e+02	6.7930e+02	4.7179e+02	7.8886e+01	-3.0788e+02	3.6534e+02	6.7700e+02	-5.2576e+02	-8.1201e+02	6.6560e+02	-3.6534e+02	-1.4160e+00	6.9869e+02	6.0220e+02	7.5836e+01	-1.3050e+03	-2.2275e+03	-6.0033e+02	8.3863e+02	9.2523e+02	2.2021e+02	-1.6478e+02	1.4775e+02	-1.6835e+03	-7.5905e+02	7.8174e+02	2.2649e+01	4.4650e+02	-8.1625e+02	-1.5996e+03	-1.5878e+02	-2.0181e+02	1.7342e+03
1.0000e+05	7.4446e+02	-2.5160e+03	2.4969e+03	-4.2869e+02	4.4688e+01	-2.1383e+01	2.1698e+03	-1.5278e+03	-1.1622e+02	-1.7627e+03	1.0537e+03	-1.9485e+03	1.9798e+03	1.7365e+03	-1.2526e+03	5.5431e+02	-1.5478e+02	5.4051e+02	-2.5240e+03	1.1946e+03	-1.3212e+03	-1.1689e+03	7.5392e+02	-9.8938e+01	1.2100e+03	-3.0208e+03	-2.1093e+03	1.0831e+03	4.1300e+02	1.9961e+02	-8.6729e+02	1.0798e+03	2.6591e+02	9.1301e+02	-2.7587e+03	-9.8112e+02	4.5444e+02	-1.0125e+03	-6.0683e+02	1.7945e+03	7.4113e+02	-1.0895e+03	-1.5107e+03	-9.7792e+02	2.2220e+03	2.3917e+03	2.3692e+03	-9.9100e+02	1.1065e+03	-1.7205e+03	-1.8109e+03	-9.3927e+02	1.5920e+02	5.9356e+02	8.3956e+02	-1.1069e+03	6.2985e+02	-8.0503e+02	-3.5282e+02	6.3646e+02	-1.0048e+03	1.7364e+03	-1.7984e+03	5.9236e+02	-9.9780e+02	1.3480e+03	-1.7335e+03	-3.2195e+03	-1.7219e+03	6.7122e+02	-2.3386e+03	-7.8647e+02	-1.7704e+02	-1.3251e+03	-6.9722e+02	-9.4584e+02	2.6261e+02	2.3000e+03	1.4928e+03	-1.8382e+02	1.0699e+03	-1.6370e+03	-2.4164e+02	-8.2607e+02	-6.3397e+02	-1.5427e+02	-1.0503e+02	-3.1009e+03	1.6076e+03	-3.1421e+03	1.8711e+03	-1.4441e+03	2.3079e+03	-4.8357e+01	1.2803e+03	-2.2263e+03	-6.0442e+02	7.2900e+02	6.7182e+02	2.1881e+03	2.2572e+03	6.7223e+02	-1.3615e+03	-1.6271e+02	-1.1782e+03	2.0794e+03	3.2495e+02	3.2268e+02	-5.4009e+02	1.0234e+03	-9.1334e+02	-1.9378e+02	-2.5856e+02	1.5867e+03	1.7737e+02	-6.3320e+02	-1.9382e+03	2.0718e+02	1.1449e+03	-1.7708e+03	1.4081e+02	6.2949e+02	-2.6831e+02	-1.1799e+02	1.9797e+03	-7.9486e+02	-1.7189e+03	1.1126e+03	-7.6318e+02	-1.6982e+03	1.0936e+03	-1.8948e+03	3.0759e+02	2.9955e+03	3.2884e+03	3.9100e+02	-3.1097e+02	-1.2407e+03	1.6870e+03	-9.0876e+02	3.2626e+02	1.8977e+03	-1.4915e+03	9.6502e+01	-3.8047e+02	3.0339e+02	9.8750e+02	-1.2493e+02	8.8865e+01	-8.2255e+02	-5.6079e+02	-1.6808e+03	-1.5769e+02	2.7065e+03	-3.1180e+03	4.6483e+02	-1.0249e+02	1.6464e+03	1.4834e+03	-1.1394e+03	-9.8120e+02	-2.2995e+00	-1.0187e+03	-2.6473e+03	-6.9700e+02	-4.9547e+02	-6.0485e+02	1.2119e+03	-5.3749e+02	3.4184e+03	3.0170e+02	-1.1849e+03	-3.0438e+03	-1.1702e+03	-3.0126e+02	-5.3293e+02	-2.2960e+03	3.4052e+02	1.9316e+02	1.8790e+03	-2.7080e+02	-2.1528e+03	-7.4112e+02	7.5695e+02	-1.6027e+03	-1.3501e+03	-2.4248e+03	3.1040e+02	7.0856e+02	-3.8671e+03	1.0334e+03	-2.1171e+03	4.8542e+02	1.2402e+02	-1.9226e+02	-2.7182e+02	-1.8821e+02	4.9623e+02	-1.0086e+03	6.2827e+02
1.2000e+05	-2.5487e+03	7.4462e+00	1.2993e+03	2.1394e+02	-7.2538e+02	-2.0171e+01	3.3514e+02	-1.2027e+03	-9.3294e+02	5.9352e+02	-1.9248e+01	-2.8056e+02	-9.1380e+01	-9.9067e+01	1.0920e+03	1.2951e+02	2.1984e+02	6.4989e+02	1.0052e+03	8.4550e+02	3.3876e+02	-6.5464e+02	-3.5106e+02	-1.2019e+03	-1.5036e+03	3.4818e+02	5.5911e+02	-1.6149e+03	-5.0431e+02	1.3123e+03	1.1826e+03	-9.5897e+02	4.3677e+02	4.6286e+02	-4.5500e+01	-9.2240e+01	-3.3193e+02	3.8720e+02	-2.0229e+03	4.5477e+02	-9.7230e+02	-8.4470e+02	1.1750e+02	-8.6523e+02	4.5405e+02	-6.1881e+02	2.1301e+01	5.0604e+02	-6.4577e+02	3.8577e+02	-9.9980e+02	6.6198e+02	1.2271e+02	6.1951e+02	4.6176e+02	1.0230e+03	6.7008e+02	1.0173e+02	-1.3614e+03	-1.0415e+03	-5.0454e+02	1.0248e+03	-9.6015e+02	8.0917e+01	-2.4135e+01	3.3640e+02	4.9220e+02	-4.1846e+02	3.0294e+02	9.7407e+01	4.2971e+02	-1.0942e+03	-2.3191e+02	9.1321e+02	7.7648e+02	5.1689e+02	-5.8292e+02	-2.2068e+02	1.3755e+03	-7.2776e+02	-7.8413e+02	-1.4971e+03	-9.6521e+02	6.0986e+02	7.6539e+02	3.6568e+02	-1.1415e+03	2.5840e+02	4.4367e+02	1.2377e+03	-1.2178e+03	1.6875e+03	5.0802e+02	3.1404e+02	7.0092e+02	7.7605e+02	1.7626e+03	1.4504e+03	-4.0117e+02	4.6947e+01	9.6695e+02	5.0574e+02	3.7147e+02	-2.2122e+02	-2.1621e+02	-4.0681e+02	9.7306e+02	3.1787e+02	-1.4376e+02	2.1419e+02	1.7422e+02	3.6981e+02	-4.0432e+02	1.5138e+02	-3.5327e+02	1.9841e+02	3.2788e+02	2.6043e+02	6.1869e+02	-1.3597e+02	1.0149e+03	-7.5233e+02	4.4902e+02	4.5212e+02	-1.0134e+02	1.2168e+02	3.1106e+02	1.0169e+03	9.1589e+02	6.0325e+02	-1.3059e+03	1.5526e+03	1.0569e+03	-5.9939e+02	-3.7434e+02	-5.7441e+02	1.3811e+03	-3.1359e+01	1.6387e+03	-1.0226e+03	1.2869e+03	2.3830e+02	5.5277e+02	1.6651e+03	-2.3139e+02	-3.8592e+01	-1.0120e+02	3.8729e+02	-7.1151e+02	-6.3319e+02	-2.3514e+02	1.3251e+02	-5.5538e+02	1.3119e+03	1.3025e+03	3.8169e+02	1.8149e+02	-1.1240e+03	-7.8600e+02	-1.3570e+02	4.1428e+02	-9.1062e+02	1.2206e+03	-1.7558e+02	1.6366e+03	-6.2833e+02	-8.9637e+02	-5.2916e+01	9.0267e+02	-3.3924e+02	-1.8951e+02	-6.0235e+02	-1.3078e+02	6.5117e+02	-2.6145e+02	-5.7250e+02	4.8267e+02	-6.6588e+02	1.1414e+02	4.9921e+02	6.3100e+02	4.4629e+02	-1.1334e+03	-2.7682e+03	-6.2969e+02	8.6681e+02	9.3321e+02	6.3718e+02	-4.3749e+02	1.7112e+02	-1.7974e+03	-8.7552e+02	1.4068e+02	2.1853e+02	7.2986e+02	-7.2729e+02	-1.5403e+03	3.4186e+02	-2.5266e+02	2.0701e+03
1.2000e+05	1.7148e+03	-2.7812e+03	1.7514e+03	-3.1710e+02	-1.5937e+02	4.3021e+02	2.1322e+03	-1.0429e+03	1.4666e+02	-1.9172e+03	8.1363e+02	-1.6669e+03	2.0794e+03	2.5686e+03	-1.4744e+03	2.7109e+03	-3.0633e+02	3.3374e+02	-2.6908e+03	1.1321e+03	-4.5739e+02	-1.4182e+03	9.5363e+02	7.8975e+02	1.2080e+03	-3.5289e+03	-2.3779e+03	7.4598e+02	6.8294e+02	8.9675e+01	-5.1154e+02	1.1071e+03	-1.5402e+02	1.0320e+03	-2.5601e+03	-3.2158e+01	-3.8979e+02	-5.7825e+02	-2.4152e+01	1.6346e+03	5.7777e+02	-1.2629e+03	-7.4462e+02	-2.0042e+03	1.4857e+03	1.1725e+03	3.3043e+03	-1.2617e+03	1.4814e+03	-2.4682e+03	-1.7140e+03	-2.6844e+02	-5.0398e+02	8.6313e+02	8.4968e+02	-2.9541e+02	7.4268e+02	-9.3433e+02	-4.0110e+02	7.7524e+02	-1.3315e+03	2.4119e+03	-1.8896e+03	4.7878e+02	4.0094e+01	1.4421e+03	-1.8424e+03	-3.1540e+03	-2.7156e+03	3.5763e+02	-3.2748e+03	2.2262e+02	-6.2482e+02	-2.9748e+02	-1.0127e+03	-1.6287e+03	1.1635e+03	1.9938e+03	1.0997e+03	-1.1728e+02	4.0531e+02	-1.1448e+03	-1.1878e+03	-3.3600e+02	-1.0150e+03	1.0823e+03	-9.2733e+02	-3.3900e+03	9.4900e+02	-3.1925e+03	3.6553e+03	-1.0802e+03	2.4542e+03	6.0624e+02	1.2182e+03	-1.1091e+03	-3.2981e+02	8.3017e+02	-4.1511e+01	7.8633e+02	1.9562e+03	4.5834e+02	-1.3913e+03	-3.7844e+02	-1.6348e+03	1.5973e+03	-1.5123e+02	-3.3399e+02	-1.0374e+03	8.0270e+02	-2.5395e+03	-6.3584e+01	7.6282e+02	2.8838e+03	-6.1091e+01	1.7012e+02	-1.3159e+03	-1.2341e+03	7.1723e+02	-1.3695e+03	6.3424e+02	4.0298e+01	-4.1415e+01	1.7299e+02	1.6291e+03	-5.1183e+02	-1.2399e+03	1.6632e+03	-1.2243e+03	-1.2603e+03	-1.2861e+02	-1.5128e+03	-4.5779e+02	2.5101e+03	4.0289e+03	9.6214e+02	-1.3785e+03	5.1001e+02	1.2828e+03	-1.6808e+03	-8.6377e+01	1.6343e+03	-1.3572e+03	6.1328e+02	-6.0723e+02	1.9924e+03	4.1414e+02	-6.3818e+02	1.4892e+03	-7.0491e+02	-7.2011e+02	-1.4899e+03	-2.1415e+02	3.4917e+03	-3.1436e+03	-1.2381e+02	5.2025e+02	2.2118e+03	1.0758e+03	-1.7267e+03	-7.8604e+02	-1.1442e+03	-1.3755e+03	-3.4852e+03	-6.1224e+02	8.9069e+01	-1.2631e+03	-3.5123e+02	-1.6444e+02	3.8804e+03	4.9659e+02	-4.0166e+02	-3.2164e+03	-1.2406e+03	5.6611e+02	-1.3292e+03	-1.2472e+03	4.0184e+02	1.3063e+03	2.0970e+03	-1.4224e+03	-1.9847e+03	-3.0392e+02	1.3583e+03	-1.8581e+03	-6.6177e+02	-2.8120e+03	1.5866e+02	1.2174e+03	-3.5293e+03	1.1272e+03	-1.7587e+03	-1.8387e+01	2.0449e+02	2.0036e+02	-5.4778e+02	-9.7889e+02	1.5938e+03	-6.4984e+02	1.5078e+02
1.4000e+05	-2.3042e+03	1.0809e+02	6.7130e+02	4.3733e+02	-6.8305e+02	5.2043e+02	-1.1055e+02	-1.5806e+03	-1.2738e+03	2.3339e+02	2.7876e+02	-6.6652e+02	3.3189e+02	2.9678e+02	1.3546e+03	2.7699e+02	5.2339e+02	7.8163e+02	1.1171e+03	6.2542e+02	4.6727e+02	-8.2951e+02	-7.1793e+02	-8.4037e+02	-1.0148e+03	1.5620e+02	1.0246e+03	-1.6578e+03	-1.7677e+02	2.2110e+03	1.4121e+03	-9.2965e+02	1.5264e+02	6.0040e+01	-6.3008e+01	-9.4063e+01	-6.6861e+02	4.4531e+01	-1.1926e+03	3.0134e+02	-5.6474e+02	-7.9347e+02	-1.4594e+02	-1.8743e+03	7.8029e+02	-6.0465e+02	-4.2708e+02	1.2934e+03	-2.1725e+02	7.2597e+02	-5.4711e+02	5.3461e+02	2.6619e+02	7.4282e+02	7.6209e+02	1.3361e+03	8.0534e+02	2.7075e+02	-1.1185e+03	-1.2398e+03	1.1121e+01	1.6605e+03	-1.3937e+03	1.2252e+02	3.0258e+01	7.3530e+01	2.8061e+02	-8.9557e-01	6.8694e+02	4.1832e+02	-1.1342e+02	-9.1207e+02	1.3585e+02	7.2942e+02	1.2418e+03	7.9387e+02	-9.5299e+01	-6.8666e+02	1.2710e+03	-3.9402e+02	-6.3185e+02	-1.3930e+03	-4.5764e+02	1.9329e+02	4.6217e+02	4.1184e+02	-1.4306e+03	7.5739e+02	1.0258e+02	1.1444e+03	-1.7166e+03	1.7863e+03	9.9276e+02	5.0633e+02	9.7379e+02	5.4423e+02	1.7512e+03	1.4936e+03	7.8240e+01	5.7746e+02	7.7224e+02	3.3275e+02	1.3574e+03	1.9183e+02	-4.0355e+02	1.4564e+02	8.6935e+02	1.0731e+02	5.4285e+01	5.6053e+02	2.6398e+02	7.1963e+02	-4.6725e+02	6.2927e+02	-5.9541e+02	7.5826e+02	7.8762e+02	9.0999e+01	2.1457e+01	3.9434e+01	1.4910e+03	-4.6303e+02	7.2707e+02	-1.8925e+02	3.5606e+01	-2.6675e+02	6.8401e+02	1.5160e+03	1.2008e+03	3.1020e+02	-9.0061e+02	1.6467e+03	8.7860e+02	3.8693e+01	2.2666e+02	-5.7723e+02	1.4230e+03	2.9102e+01	1.5913e+03	-6.5448e+02	1.1635e+03	-3.3239e+02	5.3567e+02	1.4437e+03	-4.5836e+02	3.3696e+02	-2.0000e+02	8.3954e+02	-6.5691e+02	-3.6958e+01	-1.0774e+02	-2.4448e+02	1.6871e+02	1.5088e+03	1.1265e+03	-2.4355e+01	1.1500e+02	-7.1465e+02	-7.7025e+02	-2.6477e+02	2.6684e+02	-7.1142e+02	1.6728e+03	-8.8327e+01	2.2074e+03	-6.9688e+02	-1.0875e+03	-3.3658e+00	8.5807e+02	2.9504e+02	-1.5993e+02	-7.6275e+02	-4.2788e+02	7.6474e+02	2.8241e+02	-4.4364e+02	1.0733e+03	-5.1552e+02	4.0350e+02	1.4027e+02	5.7105e+02	4.8523e+01	-1.2533e+03	-3.0028e+03	-6.3450e+02	1.2125e+03	1.3366e+03	8.2263e+02	-1.4611e+02	-1.7375e+02	-2.1224e+03	-7.7217e+02	-7.3528e+01	2.7994e+02	1.2377e+03	-1.0355e+03	-2.2195e+03	-2.2304e+01	-1.3363e+02	1.4072e+03
1.4000e+05	1.2461e+03	-3.1390e+03	1.9516e+03	-1.1131e+03	-6.2354e+02	-2.9414e+01	2.2570e+03	4.5304e+02	3.3168e+02	-1.9455e+03	2.1277e+03	-1.1930e+03	1.9909e+03	2.1028e+03	-5.5474e+02	3.1013e+03	-8.7923e+02	1.3479e+03	-2.1978e+03	2.0213e+03	-1.0736e+03	-7.4986e+02	7.7423e+02	8.2384e+02	1.1015e+03	-2.9082e+03	-1.5534e+03	5.9866e+02	-1.2754e+02	7.1945e+02	-7.2379e+02	1.6588e+03	-7.8162e+02	8.3970e+02	-2.7346e+03	3.4836e+02	-4.5144e+02	-5.2482e+02	-4.8762e+01	8.9657e+02	4.9334e+02	-3.1866e+02	-6.8464e+02	-3.3442e+03	2.2759e+03	1.8488e+03	3.8506e+03	-1.3617e+03	2.0461e+03	-2.9875e+03	-1.4560e+03	1.1105e+02	-1.9150e+02	1.3516e+03	3.1509e+01	-2.1741e+02	2.2939e+02	-3.6618e+02	1.3204e+02	1.4174e+03	1.4209e+02	2.2348e+03	-1.4453e+03	7.5004e+02	-5.7238e+02	1.9346e+03	-1.1466e+03	-3.8938e+03	-3.0345e+03	8.3866e+02	-3.7575e+03	-1.3841e+03	-3.2812e+02	-1.1366e+03	-9.5227e+02	-9.4966e+02	1.3730e+03	1.8398e+03	7.2308e+02	-7.9893e+02	-1.3773e+02	-4.5824e+02	-1.2736e+03	-4.9643e+02	-8.5623e+02	6.3351e+02	-9.4554e+02	-4.2566e+03	7.7653e+02	-3.1710e+03	4.4562e+03	-4.1558e+02	2.5928e+03	-5.8271e+02	1.1608e+03	-1.5962e+03	-1.0541e+01	2.6311e+02	-2.4182e+02	1.2949e+03	1.7813e+03	4.1616e+02	-1.3980e+03	-3.1796e+02	-2.6409e+03	1.2946e+03	-4.0720e+02	-8.4687e+02	5.1124e+01	2.6775e+02	-1.9927e+03	-2.7240e+02	2.9019e+02	2.1946e+03	-1.3077e+02	4.8119e+02	-1.2468e+03	-1.5087e+03	9.0901e+02	-1.3800e+03	4.0824e+02	1.3602e+02	1.1245e+02	-1.5873e+01	9.0800e+02	-5.2531e+02	-1.1486e+03	2.1683e+03	-9.6454e+02	-7.6076e+02	5.9989e+02	-1.5992e+03	-3.5495e+02	2.5633e+03	3.8237e+03	-3.1433e+01	-9.1984e+02	-4.2079e+01	1.7090e+03	-1.9163e+03	3.2930e+02	1.9586e+03	-8.6629e+02	7.1537e+02	1.0263e+02	2.9779e+03	1.7393e+02	-6.4128e+02	2.1689e+03	-1.2263e+03	-1.5405e+03	-1.7040e+03	1.5567e+02	4.3247e+03	-2.8407e+03	-2.0533e+02	6.5501e+02	2.5751e+03	1.4682e+03	-1.7850e+03	-9.8261e+02	-1.6365e+03	-2.1642e+03	-4.9311e+03	-1.1364e+01	-4.4589e+02	-1.9641e+03	-4.3670e+02	-5.2195e+02	4.2550e+03	5.5141e+02	-8.0773e+01	-3.7245e+03	-8.4449e+02	6.3296e+02	7.2915e+00	-8.2873e+02	9.9390e+02	1.8859e+03	1.6035e+03	-7.1810e+02	-1.3952e+03	-9.0484e+01	1.6746e+03	-3.1088e+03	-3.5768e+02	-2.9379e+03	8.1144e+02	4.3340e+02	-3.7936e+03	1.1223e+03	-1.8845e+03	1.2905e+03	1.3814e+03	-1.1538e+02	-2.0145e+03	-1.0240e+03	1.0437e+03	-1.2823e+03	3.1441e+02
1.6000e+05	-2.4764e+03	-6.0741e+01	6.7115e+02	8.3575e+02	-1.0577e+03	8.6854e+02	-4.4924e+02	-1.6870e+03	-1.2633e+03	3.8710e+02	2.7018e+02	-4.5618e+02	1.0841e+03	8.3231e+01	1.2804e+03	1.3380e+02	6.4151e+02	7.6809e+02	1.1291e+03	8.7860e+02	2.3076e+02	-1.0154e+03	-9.2021e+02	-8.6604e+02	-6.5837e+02	1.3327e+01	8.6182e+02	-1.4817e+03	-8.0985e+02	2.3134e+03	1.4668e+03	-7.3537e+02	1.8732e+02	3.2979e+02	-5.4622e+02	-5.9581e+01	-3.6687e+02	-4.0589e+02	-1.1980e+03	5.6430e+02	-3.5592e+02	-1.0290e+03	-4.7191e+02	-1.6588e+03	6.7158e+02	-7.1058e+02	-5.0492e+02	1.3433e+03	-3.8678e+02	2.7653e+02	-1.4227e+03	9.6313e+02	5.5524e+02	-3.5912e+00	1.1865e+03	7.3831e+02	5.3150e+02	3.5655e+02	-1.2962e+03	-1.1694e+03	-1.5678e+02	1.2908e+03	-1.0062e+03	2.7121e+02	2.6341e+02	2.2712e+02	3.1651e+02	-2.6874e+02	1.1428e+03	6.1442e+02	4.3327e+02	-6.8260e+02	1.1844e+02	9.9373e+02	1.1134e+03	3.8534e+02	-3.0448e+01	-3.9619e+02	1.1152e+03	-3.7421e+02	-2.1747e+02	-1.2099e+03	-2.2157e+00	6.2431e+02	1.7660e+02	5.9566e+02	-1.2514e+03	9.0627e+02	-9.8116e+01	1.0617e+03	-2.0639e+03	2.3622e+03	1.0864e+03	2.1533e+02	3.5968e+02	8.7526e+02	1.6796e+03	1.0665e+03	-5.4289e+02	-2.0022e+02	6.5167e+02	4.6520e+02	9.0088e+02	-8.7806e+00	-1.1270e+03	-2.5838e+02	1.2460e+03	-2.6303e+02	1.0505e+03	6.9105e+02	6.8848e+02	1.1099e+03	-8.7229e+02	5.4433e+02	-5.8541e+02	8.1737e+02	1.4080e+03	6.3173e+02	5.4910e+02	2.4601e+02	1.7877e+03	-9.7401e+02	9.2304e+02	1.2940e+01	-6.4234e+02	3.0369e+02	7.1562e+02	1.3188e+03	1.5383e+03	2.2661e+02	-1.2682e+03	1.1813e+03	3.2737e+02	8.1553e+01	5.2247e+02	-1.2443e+03	1.0424e+03	5.1628e+02	1.4438e+03	-8.1533e+02	6.4090e+02	-3.0736e+02	5.0326e+01	1.1276e+03	-1.1293e+03	3.4306e+02	-6.8143e+02	-3.5018e+01	-9.6331e+02	-2.5713e+02	-1.3977e+02	-3.8494e+01	6.3125e+01	1.5203e+03	1.0879e+03	-1.4553e+02	6.9695e+02	-3.7018e+02	-1.2238e+03	-2.8105e+02	-6.0686e+02	-9.1986e+02	1.8452e+03	2.1920e+02	1.9831e+03	-9.0581e+02	-1.0390e+03	-2.4495e+02	6.8057e+02	-4.4917e+02	1.6394e+02	5.0079e+00	-2.3549e+02	5.5950e+02	5.8191e+02	-4.4425e+02	1.3300e+03	-6.8869e+02	8.3175e+02	-1.4851e+02	1.0186e+03	-1.6426e+02	-1.3400e+03	-2.7525e+03	-8.4033e+02	1.0900e+03	1.3041e+03	5.1470e+02	-1.3867e+02	-1.0884e+03	-1.7792e+03	-1.9878e+02	-1.4221e+02	9.7749e+01	1.3213e+03	-1.1849e+03	-1.9545e+03	3.4721e+02	-4.0799e+02	9.3375e+02
1.6000e+05	1.1906e+03	-4.0388e+03	2.7066e+03	-1.2997e+03	-1.8528e+03	-1.6829e+02	3.1473e+03	-3.0545e+02	8.3766e+02	-1.3137e+03	2.5871e+03	-2.3946e+03	1.6463e+03	2.1323e+03	7.2781e+02	2.2363e+03	-1.4004e+03	1.5394e+03	-1.6605e+03	1.4646e+03	-9.5853e+02	-8.8640e+02	-5.4442e+02	1.1676e+02	6.5533e+02	-3.1634e+03	-1.2841e+03	7.0027e+02	-3.3983e+01	1.8740e+03	-5.0701e+02	1.1855e+03	-4.0896e+02	2.5796e+02	-2.3332e+03	8.2035e+02	4.8594e+02	-1.5365e+03	6.0930e+02	7.5287e+02	4.6874e+02	-5.5311e+01	-1.3142e+03	-2.6331e+03	1.2788e+03	1.1675e+03	3.5284e+03	-3.7109e+02	1.9866e+03	-3.7347e+03	-1.6895e+03	6.6674e+02	-1.5867e+01	1.5032e+03	1.6010e+02	-3.6393e+02	-4.6294e+02	-1.5097e+01	-2.1694e+02	2.6310e+03	-2.9022e+02	2.2704e+03	-6.2647e+02	8.7385e+02	-9.8055e+02	2.0307e+03	-4.4294e+02	-3.6727e+03	-2.1596e+03	9.7974e+02	-4.0523e+03	-1.3924e+03	-7.3204e+02	-6.5720e+02	-1.1222e+03	-5.8066e+02	1.9647e+03	1.3852e+03	1.3571e+03	-7.6237e+02	-8.2395e+01	-5.9229e+02	-9.4263e+02	-7.7426e+02	-1.9839e+03	-4.7377e+01	-1.5645e+03	-4.0034e+03	1.2518e+03	-2.9058e+03	2.9652e+03	-3.0222e+02	2.1943e+03	-3.7553e+02	9.2837e+02	-1.8304e+03	6.3965e+02	3.5720e+02	5.1078e+02	1.4406e+03	1.9739e+03	1.0595e+03	-1.5378e+03	-9.7733e+02	-3.9568e+03	1.6358e+03	-2.7784e+02	-4.1938e-01	3.4121e+02	5.5947e+02	-1.6190e+03	4.3524e+02	4.1882e+02	2.3424e+03	-5.1771e+02	8.2329e+02	-1.4575e+03	-1.5995e+03	3.8689e+02	-1.0794e+03	3.7885e+02	-2.9004e+02	7.6988e+02	7.9632e+02	9.6111e+02	2.0682e+02	-7.1073e+02	2.2709e+03	-2.5407e+03	-1.6541e+03	3.8600e+02	-1.6783e+03	1.7380e+02	3.0169e+03	4.8002e+03	5.5238e+02	3.1568e+02	5.5983e+02	1.2241e+03	-2.5097e+03	1.2597e+02	1.6740e+03	-9.7152e+02	3.1675e+02	-6.0238e+02	3.7481e+03	4.1373e+02	-1.0880e+03	1.4575e+03	-3.4826e+02	-2.2974e+03	-2.1888e+03	6.4388e+02	4.5623e+03	-3.3328e+03	9.9218e+02	2.6033e+02	3.2126e+03	1.9526e+03	-1.5130e+03	-1.0163e+03	-1.8438e+03	-2.0784e+03	-4.4121e+03	2.1434e+02	6.1502e+01	-2.3665e+03	-6.7113e+02	-8.6417e+02	4.1190e+03	-6.3155e+02	-1.5521e+02	-4.6778e+03	-1.3199e+03	5.2280e+02	-1.5127e+03	-5.9112e+02	1.0377e+03	2.3673e+03	1.0769e+03	-5.5285e+02	-5.2417e+02	4.8534e+02	2.3802e+03	-2.9531e+03	-5.5846e+01	-2.7618e+03	1.0742e+03	1.9275e+02	-2.9776e+03	1.1911e+03	-9.0246e+02	9.9127e+02	2.3217e+03	5.2603e+02	-3.0892e+03	-8.7876e+02	6.5837e+02	-1.5455e+03	-6.3160e+00
1.8000e+05	-2.1970e+03	4.5901e+02	1.1576e+03	5.6221e+02	-7.3048e+02	7.0719e+02	-5.6004e+02	-1.6837e+03	-1.4810e+03	8.0929e+02	6.2134e+02	-4.3895e+02	1.4262e+03	-5.5859e+01	1.5435e+03	8.7695e+01	3.4739e+02	5.1157e+02	4.1866e+02	4.1588e+02	-8.4053e+02	-1.2787e+03	-9.2895e+02	-1.2463e+03	-9.6952e+02	-3.6918e+01	1.1782e+03	-2.1065e+03	-1.3485e+03	2.5892e+03	1.4902e+03	-1.9708e+03	2.4967e+01	-1.1536e+02	-4.8874e+02	-8.0773e+02	-5.5629e+02	-1.6401e+02	-1.9777e+03	3.3058e+02	2.7251e+02	-7.2189e+02	-7.9561e+02	-1.5347e+03	5.6281e+02	-1.2803e+03	-2.8813e+02	1.7902e+03	-6.6267e+02	3.4915e+02	-1.9531e+03	1.2448e+03	1.3130e+02	-2.5002e+01	1.6799e+03	4.6066e+02	1.2619e+02	5.7433e+02	-1.4498e+03	-1.2492e+03	-5.2797e+01	1.2387e+03	-1.2385e+03	9.7256e+02	-2.3034e+02	-4.3234e+02	4.6919e+02	-4.8734e+02	1.1955e+03	1.3438e+03	9.0464e+02	-1.4645e+03	-4.0531e+01	1.2080e+03	6.2577e+02	-1.0944e+02	-3.0035e+02	-5.2442e+02	1.2045e+03	-8.2076e+02	-7.7196e+02	-1.4198e+03	5.3567e+02	6.5225e+02	-1.3291e+02	5.4526e+02	-1.3058e+03	1.9074e+02	-6.2521e+02	1.0818e+03	-1.9714e+03	2.6708e+03	8.6056e+02	6.5078e+02	9.2619e+02	5.9146e+02	1.8538e+03	1.3242e+03	-7.1885e+02	-8.6793e+02	8.7778e+02	5.7700e+02	-1.0409e+02	3.1698e+02	-1.0393e+03	-4.7114e+02	1.1934e+03	-4.8380e+02	1.0130e+03	5.5311e+02	9.0449e+02	9.6811e+02	-7.1098e+02	5.6748e+02	-1.0927e+03	9.3863e+02	1.7846e+03	4.5849e+02	2.6103e+02	-3.9754e+02	1.9835e+03	-7.2820e+02	1.3739e+03	1.2607e+01	-1.3332e+03	-2.9350e+02	7.2428e+02	8.0260e+02	1.1560e+03	3.6004e+02	-1.3062e+03	9.9261e+02	-2.5861e+02	3.7257e+02	4.4741e+01	-1.2365e+03	7.6004e+02	7.6378e+02	4.7380e+02	-3.8528e+02	2.3855e+02	-6.0508e+02	-4.0420e+02	1.0059e+03	-1.1710e+03	3.2676e+02	-6.7067e+02	-5.1702e+02	-1.0832e+03	2.5824e+02	8.3514e+01	-1.7840e+02	8.5865e+01	6.6563e+02	1.0070e+03	-2.9373e+02	8.7088e+02	-9.0374e+02	-1.6649e+03	-3.7357e+02	-1.4507e+03	-1.1374e+03	1.7569e+03	3.3982e+02	2.3144e+03	-9.1808e+02	-1.2097e+03	-7.5396e+02	3.0654e+02	-7.4276e+02	2.5606e+02	-4.7868e+02	-9.1016e+00	5.6257e+02	8.2304e+02	-6.0308e+02	7.6114e+02	-5.6166e+02	7.3980e+02	-5.4581e+02	1.7312e+03	3.3178e+02	-1.7795e+03	-2.2167e+03	-4.3146e+02	6.2524e+02	1.6376e+03	6.5254e+02	-2.0317e+02	-1.1658e+03	-2.2327e+03	-3.2128e+02	8.1980e+01	1.1475e+02	1.0517e+03	-1.2668e+03	-2.3605e+03	1.7646e+02	-8.4049e+02	6.3961e+02
1.8000e+05	6.3754e+02	-4.7663e+03	2.4666e+03	-1.6205e+03	-1.1856e+03	-9.4304e+02	3.0657e+03	1.9894e+02	-7.5682e+01	-6.5186e+02	2.4052e+03	-1.9922e+03	1.3172e+03	2.5327e+03	5.9289e+02	2.6169e+03	-1.8229e+03	1.3460e+03	-1.7696e+03	1.0471e+03	-1.0362e+03	3.6806e+01	-1.2255e+03	-8.7415e+02	1.6400e+03	-3.3139e+03	-2.4010e+02	1.3582e+03	-4.5913e+02	1.7613e+03	1.2334e+02	1.1923e+03	-7.8728e+02	-3.2962e+02	-2.7472e+03	3.1976e+02	1.5523e+02	-1.5982e+03	7.2864e+02	6.0020e+02	-1.2764e+02	-2.3863e+02	-2.1425e+03	-2.7449e+03	1.1793e+03	1.0061e+03	3.8575e+03	-2.4899e+02	1.8026e+03	-3.5799e+03	-1.1618e+03	2.2690e+02	3.5785e+02	1.9756e+03	-4.6264e+01	-5.5517e+02	-4.8324e+02	-6.8897e+02	-2.9479e+01	3.2803e+03	-3.0627e+02	3.1855e+03	4.5985e+01	2.2905e+03	-8.6457e+02	1.6203e+03	-3.2443e+02	-3.6854e+03	-3.1750e+03	7.8097e+02	-3.4313e+03	-1.6126e+03	-7.4622e+02	-1.3696e+03	-1.9811e+03	-1.0538e+03	1.9120e+03	4.8130e+02	1.4116e+03	-9.5606e+02	6.9588e+02	-1.1070e+03	-9.6437e+02	-1.2567e+03	-2.5873e+03	1.6275e+02	-2.2288e+02	-3.7388e+03	7.1230e+02	-2.3632e+03	2.3794e+03	-5.4339e+02	3.0973e+03	7.7847e+01	1.3975e+03	-1.8083e+03	1.5292e+03	-7.5089e+02	7.6320e+02	2.0284e+03	1.8905e+03	9.6486e+02	-1.3427e+03	-6.4169e+02	-3.8951e+03	2.1135e+03	8.1779e+02	2.8811e+02	-6.4195e+02	-1.8626e+02	-1.5965e+03	2.8843e+02	1.1441e+03	2.3076e+03	1.2540e+02	1.2479e+03	-1.6123e+03	-2.4788e+03	9.8405e+01	1.8033e+02	6.9761e+02	5.0893e+01	1.3022e+03	1.7866e+03	8.0621e+02	3.7055e+02	1.1489e+02	2.5326e+03	-2.5883e+03	-6.9697e+02	1.9295e+03	-1.8787e+03	-4.4573e+02	4.1157e+03	5.3988e+03	4.6673e+01	6.1919e+02	9.9147e+02	1.9835e+03	-2.0961e+03	6.6132e+02	1.6289e+03	-1.1718e+03	-2.0304e+02	-4.5509e+02	3.2914e+03	9.4860e+02	-4.4037e+02	1.3549e+03	-3.6900e+02	-2.7287e+03	-2.4542e+03	3.0323e+02	5.2080e+03	-2.3515e+03	1.2539e+03	7.5559e+02	3.3225e+03	1.5933e+03	-2.1636e+03	-1.1542e+03	-2.4351e+03	-2.2182e+03	-3.8621e+03	8.2101e+02	6.0707e+02	-2.3519e+03	1.0332e+02	-5.7181e+02	4.2707e+03	-1.8928e+02	-2.3994e+02	-5.3180e+03	-1.5468e+03	3.0587e+02	-2.2449e+03	-1.0643e+03	1.5481e+03	2.8683e+03	2.5153e+01	-4.3555e+02	1.5015e+02	4.1830e+02	3.5128e+03	-2.4891e+03	6.9764e+02	-2.7272e+03	2.1599e+03	-1.8657e+02	-3.1500e+03	2.6882e+03	-6.5019e+02	1.2180e+03	1.9970e+03	9.1433e+02	-2.9784e+03	2.0983e+02	1.5884e+01	-2.0768e+03	-9.8280e+02
2.0000e+05	-1.9397e+03	3.1462e+02	9.7971e+02	3.8896e+02	-3.7138e+02	7.0466e+02	-2.1898e+02	-1.7783e+03	-1.1222e+03	4.5824e+02	5.5465e+02	1.2663e+02	1.4236e+03	4.0685e+02	1.7760e+03	2.1773e+02	-2.8417e+02	7.6439e+02	5.0339e+02	4.4299e+02	-5.4452e+02	-1.5081e+03	-7.0417e+02	-1.5044e+03	-1.2046e+03	1.0971e+02	1.4144e+03	-2.1271e+03	-1.5787e+03	2.4186e+03	1.7560e+03	-2.1718e+03	1.8132e+02	7.0365e+02	-7.3058e+02	-4.8063e+02	-2.9535e+02	1.3155e+02	-9.0683e+02	9.4065e+02	1.1696e+02	-6.1984e+02	-6.0713e+02	-9.6335e+02	6.3665e+02	-1.1148e+03	-2.7435e+02	1.7751e+03	-6.9131e+02	7.2894e+02	-2.0545e+03	1.6094e+03	1.8281e+01	-1.8032e+02	1.8500e+03	9.6356e+01	2.9105e+01	5.9856e+02	-1.3744e+03	-1.2165e+03	-4.8014e+02	1.2039e+03	-8.5755e+02	1.0134e+03	-2.3450e+02	-6.5639e+02	3.8517e+02	-7.4439e+02	1.0974e+03	1.4748e+03	7.3312e+02	-1.3073e+03	-4.4390e+02	9.8397e+02	4.0417e+02	2.6157e+02	-4.2508e+02	-7.9051e+02	1.1607e+03	-1.0359e+03	-1.2647e+03	-1.0220e+03	9.3228e+02	1.6029e+03	1.7650e+01	2.4951e+02	-1.5285e+03	8.2880e+02	-6.0745e+02	1.2588e+03	-1.1501e+03	2.2582e+03	9.3636e+02	1.0186e+03	7.3042e+02	-2.9932e+01	1.2076e+03	1.4460e+03	-8.9635e+02	-1.4624e+03	1.1217e+03	5.1018e+02	-3.1335e+02	6.0862e+01	-1.3770e+03	-1.2732e+03	6.4861e+02	-6.6134e+02	1.1911e+03	5.6433e+02	1.2380e+03	1.0291e+03	-2.8518e+02	-9.3545e+00	-1.1735e+03	7.8278e+02	1.8572e+03	5.1795e+02	4.9302e+02	-2.3620e+02	1.9790e+03	-2.1773e+02	1.0018e+03	3.2980e+02	-1.4398e+03	-8.4357e+02	6.4768e+02	9.5751e+02	1.5493e+03	6.7862e+02	-1.3781e+03	9.8904e+02	-2.1401e+02	6.0004e+02	-1.9578e+02	-1.3863e+03	1.2574e+03	1.5001e+03	3.8767e+02	-6.3466e+02	1.5637e+02	4.6857e+01	-4.2980e+02	1.2605e+03	-1.2052e+03	-3.2317e+02	-6.1218e+02	-3.9809e+02	-4.9688e+02	2.1482e+02	-1.7263e+01	-6.7701e+02	-1.7995e+02	9.8568e+02	5.9813e+02	-5.8156e+02	1.0564e+03	-1.0291e+03	-1.5165e+03	-1.7682e+02	-9.9383e+02	-1.3710e+03	1.0978e+03	6.2525e+02	2.4022e+03	-7.6643e+02	-1.5007e+03	-1.3020e+03	5.1619e+02	-9.2342e+02	4.9231e+02	-3.4399e+02	2.3430e+01	2.9244e+02	9.5570e+02	-6.4557e+02	1.9193e+02	-6.6431e+02	8.4390e+02	-5.4254e+02	2.4057e+03	-5.3464e+01	-2.1038e+03	-2.1865e+03	-2.8711e+02	6.1558e+02	1.7859e+03	4.8720e+02	3.2829e+01	-1.1545e+03	-1.8856e+03	-7.0586e+02	1.9262e+02	1.8229e+02	1.1425e+03	-8.9047e+02	-1.8922e+03	-3.1923e+02	-9.6027e+02	9.8011e+02
2.0000e+05	-4.6459e+02	-5.3031e+03	1.9505e+03	-1.4515e+03	-2.0031e+03	-1.7010e+03	2.8690e+03	-3.9550e+02	-5.4621e+02	-1.1097e+03	2.5144e+03	-1.5503e+03	4.4652e+02	3.6182e+03	4.4824e+02	2.6407e+03	-1.9541e+03	1.3039e+03	-1.2222e+03	1.9798e+03	-1.1306e+03	-4.9757e+02	-1.0389e+03	3.6264e+02	1.3893e+03	-3.3926e+03	-1.6047e+02	8.1429e+02	-1.1368e+03	2.2066e+03	6.2774e+02	1.1448e+03	-3.7293e+02	1.0326e+02	-2.3540e+03	-7.4831e+01	-1.6709e+02	-1.8697e+03	-2.1671e+02	1.3543e+03	-1.6319e+02	-3.2484e+02	-3.1353e+03	-4.0729e+03	1.5212e+03	1.1533e+03	3.2101e+03	-8.8498e+02	2.0441e+03	-3.6845e+03	-1.2951e+03	3.8088e+02	2.7236e+03	1.5853e+03	-2.7549e+02	-5.1477e+02	-5.3726e+01	-2.0817e+03	-1.0182e+03	3.6883e+03	5.7829e+02	2.6635e+03	1.6410e+02	2.6619e+03	-8.8696e+02	1.4272e+03	-6.5126e+02	-4.1944e+03	-3.1076e+03	1.2776e+03	-3.9869e+03	-1.5324e+03	-8.3371e+02	-1.8054e+03	-2.3978e+03	-1.2093e+03	2.3007e+03	-2.7660e+01	5.5388e+02	-9.0825e+02	1.2020e+03	-6.3245e+02	-1.7624e+03	-1.3133e+03	-2.6674e+03	-5.0969e+02	-6.3680e+02	-3.9592e+03	1.1388e+03	-1.9987e+03	1.9947e+03	9.7376e+01	4.0881e+03	-2.8283e+02	9.9965e+02	-1.9211e+03	5.1878e+02	-1.6647e+03	2.1799e+01	2.0819e+03	7.0794e+02	1.5835e+03	-1.6182e+03	-6.4976e+02	-4.0522e+03	2.4633e+03	1.2769e+03	6.8609e+02	-6.0640e+02	6.7772e+02	-1.9982e+03	1.2018e+03	1.4003e+03	2.6547e+03	4.5938e+02	1.0366e+03	-2.5250e+03	-2.4650e+03	5.4629e+02	1.0620e+03	1.0913e+03	4.6239e+02	2.6766e+03	1.8294e+03	1.6435e+03	3.0484e+02	-2.9003e+01	2.2397e+03	-2.3111e+03	-9.6915e+02	2.1091e+03	-1.2354e+03	-2.1025e+02	3.1217e+03	4.9950e+03	2.3617e+02	-7.7864e+02	1.7815e+03	2.0177e+03	-2.0025e+03	3.0678e+02	1.5025e+03	-1.2277e+03	7.5375e+02	-1.6857e+03	3.8261e+03	1.0923e+03	-8.8725e+02	1.8684e+03	-1.9578e+02	-2.5076e+03	-2.0544e+03	2.4103e+02	5.5966e+03	-1.9658e+03	1.4786e+03	1.5855e+03	3.3320e+03	1.1698e+03	-2.3676e+03	-3.9035e+02	-2.4411e+03	-3.6262e+03	-2.9964e+03	1.2441e+03	4.0332e+02	-2.2785e+03	6.5242e+01	-7.9334e+02	4.4798e+03	8.6164e+00	-4.1457e+02	-5.7103e+03	-9.4468e+02	-3.1236e+02	-2.0684e+03	-9.8790e+02	1.8618e+03	2.6460e+03	8.5799e+02	-2.4609e+02	-5.1553e+01	8.9111e+02	3.4859e+03	-2.2012e+03	1.6280e+03	-2.9871e+03	2.0175e+03	-7.8254e+02	-3.0778e+03	1.7420e+03	-9.6798e+02	1.3328e+03	2.0645e+03	1.7872e+02	-3.8965e+03	3.2613e+02	-6.1162e+01	-2.3766e+03	-5.7875e+02
