2.0000e+05	9.2579e+04
2.0000e+05	9.2250e+04
2.0000e+05	9.2885e+04
2.0000e+05	9.3534e+04
2.0000e+05	9.3314e+04
2.0000e+05	9.4046e+04
2.0000e+05	9.4441e+04
2.0000e+05	9.5316e+04
2.0000e+05	9.5622e+04
2.0000e+05	9.6851e+04
2.0000e+05	9.7735e+04
2.0000e+05	9.8676e+04
2.0000e+05	9.9840e+04
2.0000e+05	1.0070e+05
2.0000e+05	1.0098e+05
2.0000e+05	1.0285e+05
2.0000e+05	1.0336e+05
2.0000e+05	1.0481e+05
2.0000e+05	1.0614e+05
2.0000e+05	1.0717e+05
2.0000e+05	1.0769e+05
2.0000e+05	1.0857e+05
2.0000e+05	1.0779e+05
2.0000e+05	1.0786e+05
2.0000e+05	1.0807e+05
2.0000e+05	1.0786e+05
2.0000e+05	1.0788e+05
2.0000e+05	1.0786e+05
2.0000e+05	1.0728e+05
2.0000e+05	1.0732e+05
2.0000e+05	1.0762e+05
2.0000e+05	1.0733e+05
2.0000e+05	1.0724e+05
2.0000e+05	1.0765e+05
2.0000e+05	1.0762e+05
2.0000e+05	1.0793e+05
2.0000e+05	1.0783e+05
2.0000e+05	1.0704e+05
2.0000e+05	1.0753e+05
2.0000e+05	1.0744e+05
2.0000e+05	1.0764e+05
2.0000e+05	1.0758e+05
2.0000e+05	1.0766e+05
2.0000e+05	1.0803e+05
2.0000e+05	1.0764e+05
2.0000e+05	1.0729e+05
2.0000e+05	1.0707e+05
2.0000e+05	1.0784e+05
2.0000e+05	1.0796e+05
2.0000e+05	1.0754e+05
2.0000e+05	1.0693e+05
2.0000e+05	1.0719e+05
2.0000e+05	1.0770e+05
2.0000e+05	1.0711e+05
2.0000e+05	1.0726e+05
2.0000e+05	1.0754e+05
2.0000e+05	1.0747e+05
2.0000e+05	1.0676e+05
2.0000e+05	1.0633e+05
2.0000e+05	1.0681e+05
2.0000e+05	1.0696e+05
2.0000e+05	1.0672e+05
2.0000e+05	1.0677e+05
2.0000e+05	1.0574e+05
2.0000e+05	1.0670e+05
2.0000e+05	1.0652e+05
2.0000e+05	1.0662e+05
2.0000e+05	1.0578e+05
2.0000e+05	1.0553e+05
2.0000e+05	1.0573e+05
2.0000e+05	1.0604e+05
2.0000e+05	1.0536e+05
2.0000e+05	1.0549e+05
2.0000e+05	1.0586e+05
2.0000e+05	1.0509e+05
2.0000e+05	1.0479e+05
2.0000e+05	1.0480e+05
2.0000e+05	1.0488e+05
2.0000e+05	1.0411e+05
2.0000e+05	1.0433e+05
2.0000e+05	1.0433e+05
2.0000e+05	1.0472e+05
2.0000e+05	1.0406e+05
2.0000e+05	1.0389e+05
2.0000e+05	1.0366e+05
2.0000e+05	1.0311e+05
2.0000e+05	1.0350e+05
2.0000e+05	1.0365e+05
2.0000e+05	1.0281e+05
2.0000e+05	1.0306e+05
2.0000e+05	1.0287e+05
2.0000e+05	1.0232e+05
2.0000e+05	1.0244e+05
2.0000e+05	1.0244e+05
2.0000e+05	1.0229e+05
2.0000e+05	1.0178e+05
2.0000e+05	1.0187e+05
2.0000e+05	1.0207e+05
2.0000e+05	1.0209e+05
2.0000e+05	1.0158e+05
2.0000e+05	1.0121e+05
2.0000e+05	1.0091e+05
2.0000e+05	1.0108e+05
2.0000e+05	1.0060e+05
2.0000e+05	1.0111e+05
2.0000e+05	1.0069e+05
2.0000e+05	1.0039e+05
2.0000e+05	1.0023e+05
2.0000e+05	9.9995e+04
2.0000e+05	1.0044e+05
2.0000e+05	9.9462e+04
2.0000e+05	9.9487e+04
2.0000e+05	9.9393e+04
2.0000e+05	9.8569e+04
2.0000e+05	9.9508e+04
2.0000e+05	9.9453e+04
2.0000e+05	9.9237e+04
2.0000e+05	9.8580e+04
2.0000e+05	9.8569e+04
2.0000e+05	9.8668e+04
2.0000e+05	9.7769e+04
2.0000e+05	9.8142e+04
2.0000e+05	9.8482e+04
2.0000e+05	9.7937e+04
2.0000e+05	9.8115e+04
2.0000e+05	9.7780e+04
2.0000e+05	9.7441e+04
2.0000e+05	9.7544e+04
2.0000e+05	9.7575e+04
2.0000e+05	9.6889e+04
2.0000e+05	9.7522e+04
2.0000e+05	9.6689e+04
2.0000e+05	9.6774e+04
2.0000e+05	9.6735e+04
2.0000e+05	9.6668e+04
2.0000e+05	9.6440e+04
2.0000e+05	9.6605e+04
2.0000e+05	9.6854e+04
2.0000e+05	9.6434e+04
2.0000e+05	9.5889e+04
2.0000e+05	9.6409e+04
2.0000e+05	9.5901e+04
2.0000e+05	9.5229e+04
2.0000e+05	9.5715e+04
2.0000e+05	9.5520e+04
2.0000e+05	9.5464e+04
2.0000e+05	9.5300e+04
2.0000e+05	9.5163e+04
2.0000e+05	9.5017e+04
2.0000e+05	9.5029e+04
2.0000e+05	9.4512e+04
2.0000e+05	9.4976e+04
2.0000e+05	9.4508e+04
2.0000e+05	9.5093e+04
2.0000e+05	9.4369e+04
2.0000e+05	9.4515e+04
2.0000e+05	9.4355e+04
2.0000e+05	9.4342e+04
2.0000e+05	9.4223e+04
2.0000e+05	9.3959e+04
2.0000e+05	9.3881e+04
2.0000e+05	9.4567e+04
2.0000e+05	9.3343e+04
2.0000e+05	9.3591e+04
2.0000e+05	9.3353e+04
2.0000e+05	9.3744e+04
2.0000e+05	9.3918e+04
2.0000e+05	9.2987e+04
2.0000e+05	9.3453e+04
2.0000e+05	9.3166e+04
2.0000e+05	9.3102e+04
2.0000e+05	9.3537e+04
2.0000e+05	9.3240e+04
2.0000e+05	9.2922e+04
2.0000e+05	9.3193e+04
2.0000e+05	9.3418e+04
2.0000e+05	9.2878e+04
2.0000e+05	9.3480e+04
2.0000e+05	9.2727e+04
2.0000e+05	9.2506e+04
2.0000e+05	9.3089e+04
2.0000e+05	9.3443e+04
2.0000e+05	9.3012e+04
2.0000e+05	9.2335e+04
2.0000e+05	9.2594e+04
2.0000e+05	9.2764e+04
2.0000e+05	9.2608e+04
2.0000e+05	9.2794e+04
2.0000e+05	9.2690e+04
2.0000e+05	9.2311e+04
2.0000e+05	9.3135e+04
2.0000e+05	9.2747e+04
2.0000e+05	9.2912e+04
2.0000e+05	9.3065e+04
2.0000e+05	9.2562e+04
2.0000e+05	9.2592e+04
2.0000e+05	9.2558e+04
2.0000e+05	9.2665e+04
2.0000e+05	9.2645e+04
2.0000e+05	9.2799e+04
