2.0000e+04	1.9850e+02	2.0256e+02	-2.5541e+02	-1.1567e+02	6.6640e+02	-2.4473e+01	3.8620e+01	2.5335e+02	5.3789e+02	-6.2264e+02	7.7550e+02	5.5827e+02	-1.0984e+00	-2.4021e+02	7.1957e+02	-1.9377e+02	2.9258e+02	-1.8274e+02	3.9677e+02	1.9446e+02	3.1895e+02	2.8612e+02	2.9966e+02	2.3150e+02	4.2474e+02	6.8838e+02	-1.9195e+02	-1.4416e+02	5.1068e+02	-2.9963e+01	-3.9268e+00	7.3031e+02	-7.2275e+01	4.1914e+02	1.2395e+02	-3.0617e+02	-5.0021e+01	2.2010e+02	-3.5203e+02	-1.5739e+02	5.1442e+02	1.4586e+02	-1.9264e+02	8.6114e+02	-4.3074e+02	2.2817e+02	3.4822e+01	3.5944e+02	-6.1282e+01	-4.4632e+02	8.9177e+01	2.8965e+02	-3.0346e+02	-9.1790e+01	-2.2404e+02	-3.5228e+02	2.2754e+02	1.2023e+02	-6.9445e+02	4.4062e+02	3.7614e+01	3.9759e+02	-3.4571e+01	-2.7973e+02	2.4959e+02	8.2052e+01	2.3866e+02	7.4808e+02	5.0961e+02	-6.7009e+01	-5.0844e+02	-1.0478e+02	4.3679e+02	1.1855e+02	4.2666e+02	4.5134e+02	-5.3322e+01	1.5331e+02	-7.1012e+01	-2.5631e+02	1.3443e+02	6.7601e+02	-1.3593e+02	-2.8037e+02	8.1732e+02	-4.0649e+02	-1.0994e+02	-3.0091e+02	-4.4864e+02	-1.8799e+02	1.1303e+02	1.5583e+02	-4.8047e+02	3.5992e+02	7.3788e+02	-4.5002e+02	3.9150e+02	-1.9527e+02	-1.3678e+02	1.9264e+02	-2.7863e+02	2.7618e+02	1.0658e+02	1.5045e+02	-6.6972e+01	-7.9242e+02	1.4958e+02	1.4450e+02	7.2555e+02	2.8519e+02	2.2837e+02	-5.1753e+02	9.9060e+02	1.7020e+02	2.8718e+02	-1.8229e+02	7.9429e+02	1.1927e+02	2.3244e+02	-3.0148e+01	-6.8396e+02	-1.1015e+02	4.7072e+02	-1.1557e+02	-9.3277e+01	6.5586e+02	1.6680e+02	-4.0169e+01	-1.6580e+02	4.8121e+02	-1.8963e+02	2.2491e+02	5.7334e+01	1.0940e+02	2.3723e+01	5.2278e+02	2.8002e+02	1.5666e+02	-6.6912e+02	1.2985e+02	-9.5940e+01	6.0722e+02	1.3633e+02	-3.7116e+02	3.7151e+02	1.0282e+02	4.8024e+01	-2.8230e+02	4.8697e+01	7.4061e+02	1.8835e+01	-1.0963e+02	-5.4302e+02	2.9471e+02	4.3441e+02	1.3202e+02	-3.5118e+01	-4.1057e+02	4.9710e+02	-6.9030e+01	-8.8089e+02	2.0567e+01	-6.3794e+02	-1.3491e+02	2.2723e+02	1.6641e+01	4.0917e+02	-3.8760e+02	-8.4909e+02	2.7876e+02	-1.9167e+02	3.3778e+02	2.8219e+02	2.9152e+02	-1.2575e+02	-1.7070e+02	-4.2317e+02	-9.0032e+02	2.8769e+02	3.3725e+02	1.6592e+02	-2.4103e+02	-3.5648e+02	2.1161e+02	-7.2166e+01	7.2602e+02	-9.5811e+01	1.5917e+02	1.4691e+02	-2.8066e+01	1.0464e+02	-1.7729e+02	1.1813e+02	7.2536e+02	8.0140e+01	-1.6277e+02	-5.5983e+02	8.4205e+02	-3.2651e+01	-3.1050e+01
2.0000e+04	4.7441e+02	-3.5297e+02	-5.5334e+02	-5.1820e+02	6.3418e+02	9.6299e+02	-3.6609e+02	1.3830e+01	9.6569e+02	-3.5964e+02	-2.9600e+02	4.8618e+01	8.1488e+02	2.2120e+02	5.9053e+02	4.2085e+01	4.4576e+02	3.6218e+02	-3.5681e+02	1.0018e+03	3.2146e+02	6.5417e+01	-1.1703e+03	1.2346e+02	3.5117e+02	1.6179e+03	1.6368e+02	5.3000e+02	-1.0828e+03	9.1836e+01	5.9075e+02	9.9662e+01	-3.3773e+02	-3.5014e+02	-1.4020e+02	2.3040e+02	-6.9776e+02	9.2540e+02	1.9673e+03	-3.0875e+02	4.6220e+02	7.5844e+01	1.4195e+03	-3.4719e+01	-1.1938e+02	-7.4223e+02	-6.4439e+02	3.2920e+02	-2.3603e+02	-5.8041e+00	-3.6748e+02	1.1415e+01	6.8262e+01	-1.1545e+02	8.9401e+02	4.5059e+02	5.9959e+02	-9.9096e+02	4.2490e+00	9.5813e+01	8.4051e+02	1.0744e+02	-5.1861e+02	3.8126e+02	-6.9997e+02	1.0819e+03	1.3983e+03	5.5016e+02	9.7709e+01	-3.4116e+02	8.8825e+02	2.3419e+02	-1.3357e+03	3.5236e+02	1.0330e+03	-6.1329e+02	-8.5557e+02	-4.4149e+02	-4.5888e+00	-1.8900e+02	-1.1574e+02	7.9169e+02	3.7173e+02	-3.1584e+02	-4.4190e+02	-4.7536e+02	4.2356e+02	-3.2567e+01	-6.9928e+02	-8.6559e+02	5.1808e+01	-3.9502e+02	-7.3139e+02	9.9641e+02	-7.1715e+02	5.7075e+02	1.4825e+02	-9.0016e+02	1.3225e+02	-1.1262e+02	5.2730e+02	-6.8220e+02	5.8187e+02	-1.2359e+02	2.7872e+01	7.3840e+02	-3.5863e+02	-6.8778e+01	2.7424e+02	-7.2155e+02	-1.0619e+03	2.9470e+02	-4.9236e+01	1.5287e+02	9.6374e+01	2.1534e+02	2.2023e+01	2.8464e+02	1.9068e+02	9.9062e+02	-5.9799e+01	-3.2048e+02	-7.1960e+02	-2.4715e+02	6.0574e+02	6.5050e+02	-3.3356e+02	4.9379e+02	-5.3245e+02	-9.4698e+01	1.3808e+02	-4.0514e+02	1.0123e+03	-5.7727e+02	-2.4254e+02	-1.1788e+03	6.9724e+02	-2.5810e+02	-5.0773e+00	7.2554e+02	1.9836e+02	-1.4120e+02	1.0725e+03	-1.1949e+03	-3.5726e+02	2.6614e+02	-7.7492e+02	9.8837e+00	2.2561e+02	6.4613e+01	4.1030e+02	4.6777e+02	-7.1472e+02	-4.6483e+01	4.2378e+02	8.3720e+01	-7.2269e+02	-3.7222e+02	-6.4268e+02	-6.8076e+02	4.8766e+02	-5.9610e+02	4.7391e+02	8.0951e+01	7.5407e+02	5.1145e+02	-9.6571e+02	-5.2101e+02	-9.9499e+02	-7.5189e+02	4.6748e+02	-8.3601e+00	6.1115e+02	1.4406e+03	-4.9883e+01	6.4802e+00	8.0051e+01	-1.3148e+02	9.0226e+02	3.6048e+02	1.7614e+02	-3.2521e+02	3.8148e+01	2.8819e+02	4.3815e+01	1.0093e+03	1.7082e+03	-1.8829e+02	3.3035e+02	-8.5109e+02	3.0754e+02	1.6659e+01	7.1046e+02	2.1606e+02	-6.8628e+02	1.5490e+02	-1.0521e+02	-7.5723e+02	-9.6393e+02	-7.0320e+02
4.0000e+04	-9.1676e+01	2.6757e+02	1.1283e+02	2.0747e+02	7.0486e+02	6.5718e+02	4.3901e+02	-1.1717e+02	4.6057e+02	-6.4761e+02	3.8905e+02	1.0919e+03	-6.2563e+01	-5.3538e+02	6.3908e+02	-4.6979e+01	1.2047e+02	4.8184e+02	1.2997e+03	7.6616e+01	-5.3519e+02	4.7407e+02	2.4778e+02	-8.3029e+00	1.0468e+03	5.9143e+02	1.1101e+02	-5.0413e+02	1.4489e+02	2.4409e+02	1.3667e+02	4.2714e+02	-5.3105e+02	-1.9858e+02	1.5399e+02	-4.0609e+02	-2.1397e+02	-1.3405e+02	-2.4688e+02	5.4504e+02	1.5342e+01	3.3483e+02	-4.0676e+01	3.2436e+02	-3.2549e+02	-5.6998e+01	-4.8204e+02	3.0957e+02	-1.8409e+02	1.6411e+02	3.1997e+02	4.5830e+01	-5.1265e+01	-3.4944e+01	-2.1128e+02	-3.3800e+02	-3.8331e+02	7.6850e+01	-3.8536e+02	7.1125e+02	1.7041e+02	1.8807e+02	-5.1997e+02	-1.6043e+02	-6.9854e+01	1.1960e+02	3.5597e+02	7.7422e+02	6.9999e+02	-3.2784e+02	-7.2539e+02	-1.8853e+01	4.6040e+01	-8.0604e+00	4.2214e+02	2.6223e+02	-2.8974e+02	-1.0146e+02	-4.3281e+02	-4.6498e+02	1.0356e+02	7.3170e+02	2.5696e+02	-4.5373e+02	1.5274e+03	-4.6856e+02	1.6630e+02	-1.4955e+02	-1.0191e+03	-7.7521e+01	4.6403e+02	1.6013e+02	-8.0939e+02	5.2480e+02	9.5386e+02	-5.8815e+02	1.1672e+02	1.3571e+02	-5.0573e+02	5.1123e+01	-2.3981e+02	2.1256e+02	1.3938e+02	-5.9318e+01	4.7347e+01	-1.5569e+03	6.4782e+02	1.0990e+02	2.4736e+02	-3.4665e+01	-1.1423e+02	1.5869e+02	7.8506e+02	9.0609e+02	1.0745e+02	-3.5637e+02	2.1793e+02	-1.2668e+02	-2.5340e+02	-4.2290e+01	-7.7447e+02	-3.0154e+02	2.4810e+02	-1.6240e+02	-4.1239e+02	6.8094e+02	-4.3370e+02	-1.8069e+02	1.6961e+02	2.6879e+02	-6.7030e+01	6.2135e+01	1.3476e+02	1.0616e+02	-1.1630e+02	1.2498e+03	5.7762e+02	3.9345e+02	-5.8020e+02	5.1345e+01	-2.3730e+02	6.3850e+02	4.0766e+02	-5.5563e+02	1.7537e+02	2.8861e+02	-4.1780e+01	-7.5964e+02	6.3698e+01	4.4392e+02	1.6599e+01	-3.2087e+02	2.3769e+02	7.5282e+02	2.1476e+01	4.4313e+02	1.3224e+01	-4.9539e+02	2.0078e+02	1.6075e+02	-1.0941e+03	-2.4431e+02	-6.5388e+02	-5.1360e+01	7.5035e+01	4.6319e+02	2.5800e+02	-4.4718e+02	-6.4403e+02	-2.4842e+02	-7.9679e+02	2.4803e+02	2.8379e+02	7.0460e+02	-6.7580e+02	-1.7209e+02	-2.1243e+02	-7.1813e+02	3.9772e+01	6.4724e+02	4.5032e+02	-2.0639e+02	-6.4897e+02	8.8951e+02	-1.0222e+02	7.5773e+02	-1.2181e+03	8.8608e+01	-5.2907e+01	-6.2007e+02	-5.8151e+02	-1.1332e+01	-1.4418e+02	9.9231e+02	-4.9834e+01	-1.4783e+01	-3.9449e+02	1.3540e+03	-3.8010e+02	-7.6337e+02
4.0000e+04	6.4550e+02	-2.2286e+02	-1.5234e+03	7.0385e+02	1.0247e+03	8.1605e+02	-7.1374e+02	7.4958e+01	6.4379e+02	-1.0880e+03	-1.1067e+02	3.7231e+02	6.8478e+01	-4.4915e+02	1.9208e+02	-1.0112e+03	-1.7175e+02	-2.2501e+02	-2.4550e+02	5.4751e+02	1.2592e+03	-5.9705e+02	-6.4224e+02	-1.6887e+02	6.4286e+02	1.1705e+03	-5.8241e+02	1.4429e+02	-1.5086e+03	2.2113e+02	9.2838e+02	2.3747e+02	4.8942e+02	-1.1965e+03	7.7068e+02	1.5203e+03	-1.2556e+03	8.5508e+00	2.5983e+03	-1.4878e+03	-2.4935e+02	1.2377e+03	1.3319e+02	-1.2693e+03	-5.5628e+02	-1.5895e+03	2.9797e+02	1.9729e+02	2.3439e+02	-4.3204e+02	6.2333e+02	-3.1039e+01	-2.2043e+02	7.2151e+02	1.2467e+03	2.9174e+01	5.1382e+02	-1.3178e+03	-2.9948e+02	-1.1161e+02	1.7205e+03	-2.8107e+02	-7.3786e+02	7.5328e+02	-5.3588e+02	9.9540e+02	6.6715e+02	6.1073e+02	3.5997e+02	-1.3182e+03	4.0544e+02	1.4770e+02	-1.4354e+03	9.4646e+02	6.0798e+02	-1.1916e+03	-1.2092e+03	1.5886e+02	7.9609e+01	-1.2820e+03	-2.0848e+02	1.3416e+03	5.6014e+02	1.0915e+02	-6.2891e+02	-6.4958e+02	-5.9089e+00	8.0362e+02	-3.4411e+01	-1.6457e+03	1.8712e+02	-6.5706e+02	-1.3179e+03	1.0767e+03	-6.8567e+02	2.6511e+02	6.1360e+02	-2.0785e+02	-6.7215e+02	-7.0603e+02	3.3066e+02	-1.9511e+03	-2.0946e+02	-4.2615e+00	-1.0684e+03	1.1932e+03	-2.0481e+02	-5.7593e+02	6.8619e+02	-5.9817e+02	-1.1434e+03	4.8979e+02	3.7094e+02	6.6362e+02	7.0478e+02	1.2142e+03	4.5723e+02	2.6390e+02	1.1336e+03	5.4873e+02	-1.4356e+03	-5.6935e+02	-1.1402e+03	-5.8797e+02	1.1492e+03	3.3796e+02	-7.4349e+02	2.7650e+02	4.5194e+02	1.3886e+02	-3.5043e+02	5.7625e+02	1.2781e+03	-1.5885e+03	2.1269e+02	-1.8573e+03	4.6196e+02	-1.2907e+03	1.8229e+02	5.6017e+02	-7.7367e+01	1.9677e+02	1.6296e+03	-6.4081e+02	-1.0108e+03	1.6121e+03	-9.9336e+02	-8.0344e+02	-6.0798e+01	9.0120e+02	2.3743e+02	3.0751e+02	-8.4897e+02	-4.4117e+01	7.7289e+02	-4.7427e+02	6.9478e+02	-1.8555e+02	-1.3746e+03	-9.3312e+02	1.0505e+02	-3.8095e+02	4.8186e+02	-1.0815e+02	-2.1747e+02	-6.8651e+02	-8.5517e+02	6.4293e+02	-5.2703e+02	-7.1755e+02	-4.2390e+02	-2.5354e+02	6.0963e+02	1.1519e+03	-6.1118e+02	-1.4739e+02	5.8852e+02	1.0463e+02	1.2722e+03	6.6166e+02	2.2998e+02	7.3317e+02	-1.0034e+03	1.7026e+03	2.4468e+01	2.1088e+03	1.5925e+03	-4.9534e+02	8.2140e+02	-1.1292e+03	9.2479e+01	-4.6248e+02	7.0355e+02	1.6112e+02	-2.8719e+02	1.0341e+03	1.8266e+02	-1.2173e+03	-1.8819e+03	-4.2927e+02
6.0000e+04	1.1701e+02	1.5774e+02	4.4077e+02	2.8963e+02	2.2430e+02	1.0859e+03	-2.5475e+02	7.9364e+01	7.7355e+02	-8.3689e+02	5.6652e+02	1.4487e+03	1.9260e+02	-8.4302e+02	4.4375e+02	-4.7872e+02	6.0675e+02	-1.4366e+02	1.3103e+03	1.2144e+02	-4.1220e+02	4.1906e+02	5.7002e+01	-1.6270e+02	5.1225e+02	-6.4373e+01	1.2324e+03	-1.2447e+03	-2.0502e+02	7.5391e+01	-1.4887e+02	1.6131e+02	-8.3084e+02	4.6536e+02	2.4457e+02	-8.8342e+01	1.8708e+02	7.3761e+02	6.4183e+02	1.0189e+03	4.0567e+01	2.6989e+02	-4.0572e+02	3.9404e+02	-2.1003e+02	3.1450e+02	-9.9763e+02	2.6343e+02	-2.4414e+02	2.9846e+02	2.8902e+02	-9.1873e+02	-1.0060e+01	-1.3154e+02	-4.5649e+02	7.7966e+01	6.9754e+01	-2.0337e+02	-8.2160e+02	3.9325e+02	-1.9037e+01	4.3731e+02	-8.5856e+01	-3.4178e+02	-6.4383e+02	-8.0389e+01	1.0349e+03	1.2324e+03	4.1181e+02	-7.0205e+02	-6.1195e+02	-3.2882e+02	-1.7096e+02	-8.6846e+01	7.6865e+02	3.1948e+02	-4.2840e+02	-2.5462e+02	1.5914e+02	-6.3228e+02	-3.0559e+02	4.0202e+02	3.8543e+02	-2.9187e+02	1.1681e+03	-5.9780e+02	2.6327e+01	-3.9701e+02	-1.1139e+03	-3.4045e+02	8.9133e+02	-1.5215e+02	-1.1629e+03	1.1932e+03	6.5869e+02	-6.3935e+02	-4.4267e+02	-3.0595e+02	-4.2456e+02	7.3490e+01	-1.5494e+02	2.5331e+02	-8.3522e+02	-3.4030e+02	-2.7975e+02	-2.2301e+03	5.5192e+02	4.4192e+02	1.5311e+02	2.7400e+02	3.9300e+02	5.1330e+02	1.1107e+03	5.5109e+02	1.4058e+03	-7.0113e+02	-1.2275e+02	6.5272e+02	4.8409e+01	7.2174e+02	-2.7714e+02	-8.1177e+02	9.1021e+02	-1.1004e+02	-5.8873e+02	-5.6007e+01	-2.0193e+02	3.1616e+02	3.7114e+02	8.7018e+02	-3.9877e+02	-4.6235e+02	1.3942e+02	-7.5165e+02	-4.8907e+02	1.2417e+03	3.1770e+02	4.2669e+02	-8.8634e+02	3.1664e+02	-1.4401e+02	9.2020e+02	1.2058e+02	-3.8653e+02	8.5673e+01	-1.6752e+02	1.4281e+02	-8.1908e+02	5.5426e+02	3.2124e+02	3.2316e+02	-6.2987e+02	1.4716e+02	7.6151e+02	-1.8138e-01	-9.4068e+01	5.6580e+01	-7.9463e+02	2.7238e+02	-2.5291e+02	-1.3843e+03	-2.1088e+02	-8.8833e+02	6.9562e+02	-1.8784e+02	8.8182e+02	3.6687e+02	-7.4640e+02	-8.3396e+02	-2.2549e+02	-4.6558e+02	4.1660e+02	-7.8897e+01	5.4092e+02	4.8511e+01	-8.5830e+01	-4.1539e+02	-2.6930e+02	3.1446e+02	1.0584e+03	4.1362e+02	-9.4986e+01	-6.0535e+02	2.2253e+02	9.9287e+02	4.0447e+02	-1.4830e+03	-3.2226e+02	3.4119e+02	-1.3787e+03	-5.1619e+02	5.6081e+02	-1.8593e+02	5.7204e+02	-4.1982e+02	-5.0518e+02	-1.6017e+02	1.2604e+03	1.8645e+02	-1.4263e+03
6.0000e+04	7.7648e+02	-6.4650e+01	-1.6757e+03	1.9581e+02	8.5496e+02	3.6898e+01	1.1009e+03	-6.2703e+02	5.2272e+02	-6.8209e+02	-2.0490e+02	2.0318e+03	-1.0984e+03	7.3813e+02	-2.0353e+02	-9.3265e+02	-2.3249e+02	-5.1227e+02	-4.8620e+02	1.5292e+03	1.3602e+03	-1.0274e+03	-1.7228e+02	9.3999e+02	5.1117e+02	2.2683e+03	-9.9936e+02	1.4216e+02	-1.3376e+03	6.3703e+02	1.1385e+03	3.5250e+02	1.4439e+03	-1.3691e+03	8.9038e+02	1.5684e+03	-5.9071e+02	2.3891e+02	3.1756e+03	-1.6981e+03	-4.8484e+02	9.0007e+02	-1.6189e+02	-1.7866e+03	-1.5434e+03	-3.4296e+02	-3.2660e+02	-2.8135e+02	-7.5590e+02	-1.2732e+03	2.1567e+02	-5.9591e+02	1.3377e+03	7.5486e+02	1.1544e+03	8.7309e+01	7.9495e+02	-1.1415e+03	2.1563e+02	-1.2859e+03	9.3637e+02	-1.2280e+03	-6.7361e+02	-2.8736e+02	-7.0114e+02	1.4979e+03	9.0459e+02	1.7908e+03	3.5952e+02	-2.3794e+03	6.2951e+02	1.0776e+03	-8.7891e+02	5.6426e+02	-8.2614e+01	-8.3554e+02	-1.6058e+03	9.1065e+02	5.5665e+02	-1.2349e+03	-9.5153e+02	1.3689e+03	4.8236e+02	-5.7543e+02	-7.7484e+01	-7.1210e+02	3.3441e+02	4.0818e+02	7.9326e+01	-1.9462e+03	-2.2782e+02	-1.1489e+03	-1.7024e+03	1.7543e+03	-1.8920e+02	4.9549e+02	5.6696e+02	3.1537e+01	-3.3953e+02	8.2904e+01	4.5290e+02	-1.2117e+03	-4.0550e+02	-1.0196e+03	-1.1788e+03	1.7472e+03	2.7530e+02	1.6093e+02	8.1039e+02	-6.7620e+02	-9.5650e+02	-1.0350e+02	1.1280e+03	1.1333e+03	5.9580e+02	1.7398e+03	-1.0394e+02	1.2378e+03	1.7992e+03	1.2207e+03	-8.7614e+02	-1.8163e+01	-9.8580e+02	-1.2514e+03	6.2145e+02	2.8298e+02	-6.6041e+02	9.5655e+02	5.7971e+02	4.8867e+02	-9.5085e+01	7.7866e+02	1.5042e+03	-1.5252e+03	8.4826e+02	-1.0145e+03	8.3356e+02	-1.9398e+03	4.4351e+02	4.0060e+02	-1.4582e+03	4.5457e+02	1.8277e+03	-6.8353e+02	-7.4486e+02	1.5187e+03	-4.5672e+02	-1.2812e+03	-4.7379e+02	7.8203e+02	2.5167e+01	-1.0706e+02	-5.8732e+02	4.8990e+02	7.8402e+02	-1.0468e+03	6.6986e+02	1.4591e+02	-2.2564e+03	-1.2448e+03	5.1464e+02	-1.4621e+01	4.3575e+02	7.4747e+02	2.9454e+02	-6.8499e+02	-1.7844e+03	1.6585e+03	-1.1871e+03	-1.0827e+02	8.2172e+02	-7.2097e+02	2.9569e+02	2.0174e+03	-1.1696e+03	-3.5820e+02	6.3768e+02	8.7155e+02	1.2250e+03	1.4919e+03	-6.3452e+02	-1.0338e+02	-1.7185e+03	1.7231e+03	7.2651e+02	3.0063e+03	2.3266e+03	-1.6157e+02	3.0609e+02	-1.2941e+03	-1.1464e+03	-6.1666e+02	5.2856e+02	-2.3879e+02	-5.0559e+02	3.2004e+02	4.9672e+02	-1.3344e+03	-1.6102e+03	-2.5033e+02
8.0000e+04	3.6497e+02	4.9783e+02	1.5041e+02	-7.6295e+02	-1.2998e+02	8.5928e+02	-4.4656e+02	3.6913e+02	6.3250e+02	-7.0247e+02	4.8138e+02	1.5192e+03	3.8863e+02	-5.7215e+02	7.8062e+02	-1.4116e+02	6.4948e+02	-1.8423e+02	1.4463e+03	2.5961e+02	1.7647e+02	1.8103e+02	-1.9579e+02	4.2137e+02	6.0629e+02	-4.3513e+02	9.9303e+02	-1.2535e+03	-5.6055e+02	6.8578e+02	-3.9947e+02	2.9714e+02	-9.2522e+02	3.7542e+02	-7.2371e+01	-6.1775e+02	-4.4342e+02	9.4280e+02	6.9206e+02	1.0911e+03	3.0523e+02	5.1012e+01	-3.3071e+02	6.3115e+02	-2.7647e+02	2.9804e+02	-7.0503e+02	-1.0199e+02	-5.5679e+02	-2.3237e+02	4.0953e+02	-1.2837e+03	9.7231e+01	-3.1744e+02	-4.2993e+02	7.7468e+01	1.3969e+02	-3.0938e+02	-7.1521e+02	2.4395e+02	-2.8393e+01	-3.7894e+02	8.0032e+01	-4.1653e+02	-1.1218e+03	-2.7996e+02	-9.1876e+00	1.2445e+03	6.2611e+02	-6.8273e+02	-8.1357e+02	-9.4855e+02	-2.0489e+02	-3.5312e+02	7.2586e+02	-2.4841e+02	-1.0523e+03	-5.8357e+00	2.7685e+02	-4.5872e+02	-4.8291e+02	-2.1401e+02	5.5820e+01	-6.2672e+02	7.2155e+02	-5.7547e+01	1.1829e+01	-8.9053e+01	-1.2489e+03	-3.0286e+02	1.2161e+03	-1.3474e+02	-1.0624e+03	8.7509e+02	8.2859e+02	-8.1290e+02	1.7835e+02	-3.8024e+02	-1.2036e+03	4.3074e+02	3.8665e+02	4.1636e+02	-1.0247e+03	-3.2426e+02	-2.6952e+02	-2.2725e+03	1.0657e+03	5.8891e+02	-8.5005e+01	-6.5801e+01	3.2253e+02	-1.9330e+02	1.8468e+03	5.3247e+02	1.6935e+03	-6.1514e+02	-4.5336e+01	1.1464e+03	8.1344e+02	2.0982e+02	-5.9994e+02	-1.0804e+03	6.9913e+02	-2.8055e+02	-8.0557e+02	2.0909e+02	1.5784e+02	1.5960e+02	-1.7477e+02	3.0900e+02	-4.3370e+02	-2.5048e+02	3.1795e+02	-2.0289e+02	-2.3274e+02	1.4822e+03	1.1522e+02	4.9294e+02	-1.5692e+03	-1.1998e+01	-6.0226e+02	1.2405e+03	3.6344e+02	2.1799e+02	-2.5072e+02	-2.2714e+02	1.1346e+01	-8.8492e+02	2.6066e+02	1.6898e+02	8.7413e+02	-3.8603e+02	2.1267e+01	5.1323e+02	-4.1019e+01	-4.0990e+02	-1.6394e+02	-9.0209e+02	2.5183e+01	2.4156e+02	-1.3719e+03	-3.1388e+02	-7.2051e+02	2.4617e+02	-3.7059e+02	7.4650e+02	2.3276e+02	-8.0619e+02	-9.0180e+02	-2.3444e+02	1.6466e+01	9.7244e+02	-3.9810e+02	-2.9038e+01	-1.8066e+02	2.2356e+01	-8.0974e+02	-3.5145e+02	9.7473e+02	1.5258e+03	9.2749e+02	4.9672e+01	-4.9356e+02	4.9003e+02	1.0562e+03	7.0611e+02	-1.5727e+03	-3.2376e+02	7.1705e+02	-1.2936e+03	-4.9192e+02	-2.2308e+00	-3.6455e+02	-3.9517e+02	-1.1018e+03	-3.1151e+02	-4.9352e+02	1.4290e+03	5.4479e+02	-1.7237e+03
8.0000e+04	8.6245e+02	-3.5187e+02	-1.6038e+03	1.0363e+03	4.0891e+02	4.5113e+02	6.0581e+02	-5.4818e+02	2.2243e+02	-7.5019e+02	-1.2711e+03	2.2432e+03	-1.3824e+03	1.6837e+03	-4.2562e+02	-1.2726e+03	-1.0847e+03	-8.0403e+02	-3.9704e+02	1.9150e+03	2.7014e+03	-4.9066e+02	2.0635e+02	1.0108e+03	-3.8503e+02	2.7216e+03	-2.4737e+02	1.1737e+03	-9.2498e+02	1.0082e+03	5.5511e+02	2.4704e+02	1.3133e+03	-1.2542e+03	1.6136e+03	1.5238e+03	-1.1693e+03	-5.5223e+01	3.5916e+03	-2.4414e+03	-1.0526e+03	8.6197e+02	-8.5120e+02	-1.8980e+03	-7.7448e+02	-5.3159e+02	-2.3347e+02	-9.1612e+02	-8.4374e+02	1.3401e+02	1.8735e+02	-5.0511e+02	8.3317e+02	9.2383e+02	1.2805e+03	5.3262e+01	1.6627e+03	-8.7081e+02	6.6009e+02	-7.3874e+02	1.0080e+03	-1.2063e+03	-8.2191e+02	-5.7970e+02	-1.0310e+03	7.7579e+02	9.3745e+02	1.4783e+03	1.5993e+02	-3.1244e+03	5.2309e+02	6.7313e+02	-5.3304e+02	1.0936e+02	9.4448e+02	-9.8516e+02	-1.4778e+03	1.5690e+03	5.4371e+02	-1.2515e+03	-5.1128e+02	1.0009e+03	4.5266e+02	5.1954e+02	4.5914e+02	-1.5080e+03	6.8132e+02	1.7714e+02	-3.1570e+01	-1.6326e+03	3.7777e+00	-4.8489e+02	-2.0408e+03	2.9808e+03	-5.9787e+02	1.3014e+03	7.9382e+02	2.5295e+02	4.6638e+02	1.0402e+03	1.2520e+03	-1.3390e+03	-4.8515e+02	-1.5780e+03	-6.2781e+02	2.2630e+03	4.4831e+02	8.7291e+02	1.6632e+03	-8.6174e+02	1.1700e+02	-4.3678e+02	1.4261e+03	1.5445e+03	8.5290e+02	1.2284e+03	2.1085e+02	8.4753e+02	4.7928e+02	2.0843e+03	-1.4631e+03	-1.7642e+02	-7.5144e+02	-1.3721e+03	7.3435e+02	8.4523e+02	-1.2602e+03	8.5926e+02	7.7150e+02	5.1731e+02	-3.2674e+02	1.2906e+03	1.9864e+03	-1.3598e+03	1.8207e+03	-4.9195e+02	4.9884e+02	-1.7656e+03	6.5209e+02	-2.7958e+02	-2.0743e+03	1.1582e+03	1.7250e+03	-1.2139e+03	-1.5768e+03	4.9294e+02	-9.8383e+02	-4.1717e+02	2.1181e+01	1.7244e+02	-1.7091e+00	-4.9444e+02	8.1042e+01	1.3745e+03	6.9929e+02	-1.5680e+03	4.1255e+02	8.0625e+02	-2.5356e+03	-1.9818e+03	5.0265e+02	-2.5762e+02	3.1057e+02	7.1872e+02	7.8440e+02	2.5880e+02	-1.8298e+03	1.9694e+03	-2.4021e+02	-1.7348e+01	1.6658e+03	-9.0373e+02	-3.9849e+02	1.1542e+03	-2.2403e+03	5.8424e+02	5.9770e+02	1.8448e+02	2.1718e+03	1.3030e+03	-1.5175e+03	-2.5281e+02	-2.8333e+03	1.4426e+03	1.9385e+03	3.8691e+03	1.1341e+03	-1.2757e+03	1.1964e+03	-1.6638e+03	-7.1795e+02	-4.9293e+02	3.8605e+02	2.9362e+02	1.0054e+02	2.2789e+02	6.1802e+02	1.0255e+02	-1.3286e+03	1.2019e+02
1.0000e+05	5.2800e+02	1.0483e+03	-2.1442e+01	-1.5125e+03	-6.8086e+02	6.9225e+02	-4.7863e+02	6.3606e+02	6.7389e+02	-7.3990e+02	6.0749e+02	1.0670e+03	5.4419e+02	-1.0302e+02	1.4666e+03	2.0013e+02	5.4107e+02	-3.1525e+02	1.3228e+03	7.1508e+02	-1.9623e+02	1.2876e+02	3.4352e+02	4.7186e+02	2.8303e+02	-1.2141e+03	1.2832e+03	-1.7526e+03	-9.2703e+02	1.0309e+03	-4.6512e+02	2.8324e+02	-1.4977e+03	3.9019e+01	-6.2665e+02	-8.5372e+02	-4.8020e+02	1.4502e+03	1.0035e+03	9.7974e+02	3.6915e+02	9.0932e+01	-2.0966e+02	9.3813e+02	-1.0842e+03	4.9264e+02	-3.0825e+02	-2.8329e+02	-6.8190e+02	1.6386e+01	2.4074e+02	-1.3313e+03	6.1179e+02	-3.8074e+02	-6.5756e+01	3.5975e+01	3.1868e+02	-3.0417e+02	-6.7800e+02	-1.2117e+02	-6.3813e+01	-1.1765e+02	-1.5989e+02	-3.3100e+02	-9.9231e+02	-9.5878e+02	-2.4917e+02	1.3862e+03	1.8097e+02	-1.1708e+03	-7.0606e+02	-5.8548e+02	2.4465e+02	-1.0736e+03	1.4844e+03	-2.9102e+02	-1.3629e+03	5.6136e+00	3.3278e+02	-3.5354e+02	-7.3239e+02	-2.6301e+02	2.0424e+02	-1.1747e+03	1.0799e+03	-3.9121e+00	1.8222e+01	-1.8172e+02	-9.3573e+02	-4.2652e+01	1.0705e+03	-4.0991e+02	-1.0210e+03	8.4958e+02	5.0117e+02	-4.5353e+02	-7.9006e+01	-2.5295e+02	-1.3015e+03	7.5775e+02	4.3645e+02	6.9924e+02	-1.0647e+03	-8.3780e+02	-6.9695e+02	-2.7426e+03	1.3091e+03	1.4566e+02	2.1263e+02	-7.0198e+02	3.9647e+01	-4.9815e+02	1.3505e+03	6.6868e+02	1.4541e+03	-9.9804e+02	6.2451e+01	1.4820e+03	1.1839e+03	4.9738e+02	-2.7316e+02	-1.7086e+03	3.8202e+02	-2.2329e+02	-7.8952e+02	3.8523e+02	-7.2025e+02	6.1718e+01	6.7908e+00	5.4469e+02	-2.5177e+02	-9.0105e+01	-6.4380e+02	1.1922e+02	-9.0871e+02	8.9872e+02	-1.5285e+02	8.1138e+01	-2.6871e+03	-1.4204e+02	-9.5485e+02	1.2734e+03	-3.7212e+02	2.6292e+02	-5.1657e+02	-9.5218e+02	-4.9640e+02	-1.4222e+03	-4.9143e+02	4.3453e+01	8.9165e+02	-3.0995e+01	-1.8645e+01	8.3861e+02	8.4127e+01	-2.9448e+02	-2.3284e+02	-8.5548e+02	-2.1035e+02	-1.2656e+02	-9.6096e+02	2.2183e+01	-9.4089e+02	3.3952e+02	-5.8310e+02	2.6271e+02	5.5744e+02	-4.1998e+02	-1.3310e+03	-3.1427e+02	3.9073e+01	7.9424e+02	-1.1804e+03	-4.4933e+02	-3.6308e+02	2.9287e+01	-9.4670e+02	-4.9308e+02	8.3396e+02	1.5160e+03	1.1108e+03	-3.9131e+02	-4.8069e+02	8.6883e+02	1.2976e+03	4.6672e+02	-1.6205e+03	-9.3050e+01	1.0646e+03	-1.6777e+03	-3.3019e+01	2.3242e+01	-6.3196e+02	-8.0312e+02	-1.6769e+03	-1.1762e+02	-1.2684e+03	2.0025e+03	7.5858e+02	-1.2624e+03
1.0000e+05	1.7885e+03	3.1095e+02	-2.0580e+03	1.5256e+03	2.0157e+02	7.3329e+02	7.4919e+02	-7.0769e+02	2.9996e+01	-1.9845e+02	-5.7825e+02	2.9245e+03	-1.0617e+03	2.4604e+03	-2.7736e+02	-4.2977e+02	-2.9058e+01	-4.8977e+02	-3.9906e+02	2.4022e+03	2.6197e+03	-3.6228e+02	3.9320e+02	-1.6048e+02	-7.4224e+02	2.0258e+03	-5.7961e+02	1.3382e+03	-1.2202e+03	6.1486e+02	4.0344e+02	5.8375e+02	1.1792e+03	-1.3491e+03	8.3082e+02	9.8687e+02	-6.9646e+02	-5.1164e+02	3.2082e+03	-2.5531e+03	-1.1840e+03	9.9101e+02	-7.8125e+02	-2.2259e+03	-1.0968e+03	2.6938e+02	1.6438e+02	-8.6955e+02	-5.2877e+02	1.2161e+02	1.0766e+02	-1.3887e+02	7.5795e+02	1.0742e+03	1.7684e+03	-1.9653e+02	7.2476e+02	2.9469e+02	6.6909e+02	-9.9671e+02	-1.0748e+02	-8.6267e+02	-1.5913e+03	-1.5892e+03	9.4522e+02	1.5868e+03	5.1000e+02	2.1349e+03	2.3725e+03	-3.9212e+03	-5.0631e+02	9.7542e+02	-6.5076e+02	1.8252e+02	1.8603e+03	-9.5423e+02	-9.5720e+02	1.7717e+03	-2.7487e+02	-7.6027e+02	-6.8015e+01	9.3310e+02	3.6350e+02	3.6858e+02	7.0920e+01	-1.4095e+03	5.7416e+02	-4.1787e+02	-7.2883e+02	-1.4896e+03	-3.5151e+02	-9.0415e+02	-2.3532e+03	3.4793e+03	-2.6139e+02	1.6345e+03	1.0672e+03	8.8971e+02	-2.6783e+02	3.2220e+02	1.1187e+03	-6.8879e+02	-7.4945e+02	-2.7245e+03	-5.0738e+02	2.3802e+03	1.1183e+03	1.8424e+03	1.5772e+03	-1.0023e+03	9.2478e+01	-5.3157e+01	1.5682e+03	1.1149e+03	2.1766e+02	1.2108e+03	-4.4069e+02	8.2864e+02	5.4213e+01	2.5822e+03	-7.7548e+02	1.1002e+03	-1.0906e+03	-1.9489e+03	9.3467e+02	3.2413e+02	-8.2302e+02	1.1174e+03	2.6913e+02	2.9355e+02	-1.6443e+03	1.3000e+03	2.2113e+03	-1.2425e+03	1.2774e+03	-1.0912e+03	4.1343e+02	-7.4778e+02	6.9923e+02	-1.6035e+02	-7.3585e+02	9.8835e+02	1.9830e+03	-1.1198e+03	-1.0501e+03	6.1212e+02	-1.5797e+03	-8.4098e+02	7.8431e+02	9.3954e+02	-3.0242e+02	-9.2865e+01	9.9329e+02	1.2356e+03	3.9358e+01	-1.8539e+03	9.0153e+02	4.5235e+02	-2.4345e+03	-2.7114e+03	-2.7058e+02	-6.4823e+02	6.5005e+02	1.7237e+02	1.7755e+03	6.4476e+02	-2.4981e+03	2.0456e+03	-1.0649e+03	-4.8954e+02	1.7822e+03	-2.0512e+03	-9.8445e+02	1.4512e+03	-1.0412e+03	4.0339e+02	1.5295e+03	-6.1706e+02	2.1686e+03	1.3725e+03	-1.3975e+03	4.8279e+01	-2.5370e+03	2.9187e+02	2.1940e+03	3.0226e+03	1.4423e+03	-1.0939e+03	1.7829e+03	-9.5320e+02	-2.3381e+02	-1.1195e+03	7.9842e+02	1.6446e+02	6.9017e+02	6.0271e+02	6.0917e+02	-1.4915e+02	-1.9471e+03	4.7526e+02
1.2000e+05	6.6793e+02	4.9828e+02	9.8901e+00	-1.6682e+03	-4.5072e+02	8.5508e+02	-9.9726e+02	6.3501e+01	5.4590e+02	-7.1842e+02	7.7287e+02	6.9373e+02	1.0104e+03	7.3845e+02	1.6108e+03	-4.7174e+01	5.6910e+02	-9.0971e+02	1.6763e+03	7.8421e+02	-2.4568e+02	5.4785e+02	2.2400e+02	4.9931e+02	7.1975e+02	-7.5509e+02	1.6485e+03	-2.2159e+03	-1.3446e+03	9.7688e+02	-8.7155e+02	6.0595e+02	-1.9203e+03	-1.3308e+02	-7.3349e+02	-1.4500e+03	-3.2856e+02	8.9576e+02	9.5441e+02	6.2387e+02	3.5660e+02	1.0431e+01	-9.5059e+01	3.0967e+02	-1.0057e+03	1.0534e+03	-9.5504e+02	-5.9416e+02	-1.0195e+03	5.0367e+02	-3.9911e+01	-1.0964e+03	2.5585e+02	-1.4181e+02	-6.3979e+01	2.7646e+02	-5.1031e+02	-1.1960e+02	-1.0978e+03	3.0625e+02	9.4846e+01	-5.2779e+02	-4.0174e+02	-6.5492e+02	-3.8850e+02	-1.2462e+03	-4.8157e+02	3.8467e+02	1.4035e+02	-9.4741e+02	-9.1073e+02	-8.9343e+02	8.4691e+02	-1.1226e+03	1.5744e+03	-4.5397e+02	-1.6466e+03	-9.2080e+01	6.1853e+02	-7.4583e+02	-6.7687e+02	-3.3105e+02	4.8953e+02	-1.1472e+03	1.0247e+03	-5.0385e+02	4.7763e+02	-1.7350e+02	-1.4645e+03	5.7778e+01	1.2184e+03	-3.1552e+02	-9.7167e+02	1.2665e+03	4.1330e+02	-2.2642e+02	-3.3062e+02	-5.7277e+02	-1.1499e+03	3.7890e+02	4.7229e+02	1.5534e+02	-8.5658e+02	-1.6863e+03	-4.6610e+02	-2.7386e+03	9.4458e+02	2.8677e+02	-3.1900e+02	-6.9194e+02	-1.7779e+02	-1.3748e+02	1.3765e+03	3.4747e+02	1.5260e+03	-1.1015e+03	-4.0980e+02	1.1855e+03	1.8711e+03	6.3382e+01	-3.6076e+02	-1.5669e+03	1.6669e+02	-4.9649e+02	-1.0278e+03	7.5706e+02	-8.2030e+02	-1.0093e+02	5.2005e+01	5.2584e+02	4.0350e+01	-2.2132e+02	-6.6194e+02	-1.1700e+02	-1.8061e+03	5.3022e+02	-2.6750e+02	1.7797e+02	-3.3598e+03	-3.1677e+02	-1.1079e+03	1.3139e+03	-1.1903e+02	2.7087e+02	-2.4949e+02	-1.0326e+03	-1.0664e+03	-9.0901e+02	-5.9356e+02	-9.1192e+02	8.2340e+02	-1.1776e+02	-1.7708e+02	4.8321e+02	2.2014e+02	-6.9369e+02	-1.5592e+02	-6.3824e+02	-7.5180e+02	7.1932e+01	-1.1970e+03	3.9608e+02	-8.8011e+02	4.7057e+02	-7.2625e+02	-2.7468e+00	4.3809e+02	9.4322e+01	-8.5384e+02	-2.8979e+01	-4.4579e+02	8.4197e+02	-1.1203e+03	-3.8654e+02	-1.0468e+03	1.8978e+02	-1.5254e+03	-9.4833e+02	3.4195e+01	1.5024e+03	6.5343e+02	9.2594e+01	-1.8662e+02	8.1464e+02	1.6132e+03	6.0312e+02	-2.1024e+03	-6.7604e+02	1.0963e+03	-1.4484e+03	3.2145e+02	4.7431e+02	-3.6152e+02	-8.4924e+02	-2.2226e+03	3.0730e+01	-1.3441e+03	2.4975e+03	8.2438e+02	-1.3200e+03
1.2000e+05	1.4950e+03	5.7036e+02	-1.5590e+03	1.2528e+03	-8.3989e+01	6.7468e+02	2.3068e+03	-4.9647e+02	-1.0349e+03	-5.5364e+02	-5.9276e+01	2.8287e+03	-4.9862e+01	1.2063e+03	-4.0521e+02	-1.2781e+02	8.5546e+02	-4.8825e+02	-1.1467e+03	2.2542e+03	2.9971e+03	-6.1693e+02	2.0677e+03	-8.4172e+02	-6.1900e+02	1.7230e+03	-6.6209e+01	1.3978e+03	-1.5181e+03	4.2749e+02	5.7334e+02	4.7453e+02	2.0929e+03	-1.7853e+03	8.5424e+02	1.1256e+01	-1.3565e+03	-6.9692e+02	3.0510e+03	-2.0150e+03	-1.0467e+03	1.2384e+03	-4.2677e+02	-2.0654e+03	-1.1369e+03	-3.4556e-01	-4.1315e+02	-5.8225e+02	8.2194e+02	1.2623e+02	-4.3755e+02	7.5716e+01	-1.9979e+02	2.4650e+02	1.4155e+03	-1.9334e+03	6.6487e+02	-1.6906e+02	3.1405e+02	-1.6054e+03	2.4444e+02	1.5193e+02	-1.1167e+03	-1.6944e+03	-2.6908e+02	9.2568e+02	-4.9584e+02	2.4744e+03	2.9053e+03	-3.9130e+03	-1.8311e+02	-1.5032e+01	-4.1488e+02	-4.6023e+02	2.2104e+03	-6.5167e+02	-1.0136e+03	6.2628e+02	-1.4954e+02	-9.3254e+02	2.7338e+02	-5.1723e+02	-1.3558e+02	3.8766e+02	1.2563e+03	-1.5358e+03	5.6433e+02	3.9567e+02	-4.5318e+02	-1.7672e+03	-2.8133e+02	-1.4673e+03	-2.5157e+03	2.8664e+03	5.7937e+02	1.4323e+03	5.5009e+02	1.4929e+03	-3.1358e+02	1.6122e+03	1.6552e+03	-5.2653e+02	3.9705e+02	-3.3262e+03	-6.4884e+02	3.1399e+03	1.4511e+03	2.6788e+03	1.4386e+03	-6.7210e+02	-2.8903e+01	8.1870e+02	1.9817e+03	1.6317e+03	7.9721e+02	2.1560e+03	-2.3815e+02	1.0777e+03	7.0250e+02	3.4556e+03	-4.8362e+02	9.5596e+01	-1.4735e+03	-1.9871e+03	1.3997e+03	2.1713e+02	-1.1845e+03	1.6431e+03	1.2812e+02	-2.6820e+02	-1.8503e+03	2.2535e+03	1.4348e+03	-8.3317e+02	1.0651e+03	-1.0274e+03	-6.1636e+02	-8.5129e+02	2.0301e+02	-3.0243e+02	-1.3035e+03	8.7307e+02	1.0727e+03	-2.0625e+03	-5.7870e+02	3.4711e+02	-2.2356e+03	-8.5207e+02	-1.8656e+02	1.0344e+03	-2.1695e+02	8.0093e+01	1.7732e+03	9.9259e+02	6.1139e+02	-1.5778e+03	6.2096e+02	1.7666e+02	-2.5004e+03	-3.3320e+03	6.4063e+02	-1.0554e+03	9.2678e+02	-8.7429e+02	1.4433e+03	6.0639e+02	-3.1419e+03	2.0083e+03	-1.8925e+03	-7.6010e+02	1.6068e+03	-2.6966e+03	-8.7749e+02	1.0124e+03	-1.9302e+03	5.2406e+02	1.4040e+03	-1.0452e+03	2.8566e+03	1.6541e+03	-1.5074e+03	-1.2607e+03	-3.1394e+03	1.1653e+03	3.2264e+03	2.7312e+03	1.8701e+03	-1.0630e+03	2.2092e+03	-1.8733e+03	-3.0507e+02	-1.0656e+03	1.2986e+03	2.5150e+02	6.4078e+02	-3.9715e+01	7.7825e+02	-5.2131e+02	-1.0142e+03	7.0621e+02
1.4000e+05	1.5232e+02	9.6866e+02	-1.6332e+02	-1.3894e+03	9.3712e+01	1.1098e+03	-1.5485e+03	-8.1848e+01	1.0987e+01	-7.5516e+02	8.1829e+02	6.7244e+02	7.9106e+02	7.9697e+02	1.5277e+03	5.0730e+02	-2.6101e+00	-4.9216e+02	2.1475e+03	1.1362e+03	-3.3807e+02	1.1004e+03	-3.6191e+02	5.8676e+02	1.1949e+03	-4.0525e+02	9.6002e+02	-1.8692e+03	-7.7297e+02	9.2116e+02	-6.0671e+02	2.5682e+02	-1.5764e+03	-9.8013e+01	-4.1485e+02	-2.2056e+03	5.2689e+01	8.6058e+02	1.0967e+03	1.1257e+03	6.6056e+01	-9.1421e+02	2.7694e+02	-2.5341e+02	-1.3217e+03	1.2883e+03	-8.1011e+02	-3.9338e+02	-1.1184e+03	8.8812e+02	-2.1174e+02	-1.3837e+03	-5.4578e+01	-1.9082e+02	-2.3114e+02	6.2279e+02	-2.7487e+02	6.1810e+01	-1.2814e+03	2.8079e+02	-4.1926e+02	2.4886e+01	-3.7825e+02	-8.2012e+02	-9.9783e+02	-1.9235e+03	-2.7236e+02	2.9154e+02	5.7477e+02	-1.5549e+03	-1.5546e+03	-1.2575e+03	4.3450e+02	-7.9106e+02	1.6332e+03	-5.0975e+02	-1.4429e+03	9.6153e+01	7.1297e+02	-3.0882e+02	-9.8797e+02	1.7900e+01	5.9891e+02	-2.0621e+03	1.2156e+03	-1.2826e+03	8.1449e+02	-4.0669e+02	-1.5453e+03	-1.5783e+01	9.4204e+02	-7.3463e+01	-1.1493e+03	7.9339e+02	2.3746e+01	9.2927e+01	-3.7446e+02	-6.1532e+02	-1.7443e+03	-7.6575e+00	2.1232e+02	2.4173e+02	-9.1908e+02	-1.4584e+03	4.4543e+02	-2.3717e+03	1.1965e+03	-1.7769e+02	-6.9969e+02	-5.0134e+02	-5.5051e+02	2.6343e+02	9.7138e+02	3.9313e+02	1.4490e+03	-1.2987e+03	-7.3504e+02	1.2283e+03	1.5766e+03	3.7459e+01	2.5891e+01	-1.7527e+03	2.1968e+01	-1.2119e+03	-6.5756e+02	7.1207e+02	-4.9891e+02	1.5317e+02	-6.7922e+02	4.5113e+02	9.9888e+01	1.1969e+02	-4.5578e+02	-5.3877e+02	-1.4549e+03	2.6003e+02	-5.8602e+02	5.6350e+02	-3.3008e+03	-2.9616e+02	-1.7113e+03	1.4544e+03	-6.6079e+02	6.2137e+02	1.3403e+02	-1.3971e+03	-8.5740e+02	2.2293e+02	-1.0187e+03	-1.1083e+03	8.2016e+02	-1.2915e+02	-2.1096e+02	4.5681e+02	2.3026e+02	-1.2248e+02	-9.7580e+01	-7.5604e+02	-1.5251e+03	-1.0630e+02	-1.5960e+03	5.0592e+02	-1.1227e+03	8.8355e+02	-6.8833e+02	2.7958e+02	3.2248e+02	-3.8640e+01	-9.8989e+02	6.5344e+01	-9.0023e+02	1.2019e+03	-1.2332e+03	-3.7752e+02	-1.1011e+03	-3.5074e+02	-1.7108e+03	-1.4832e+03	1.4955e+02	1.2802e+03	4.3919e+02	1.3197e+02	-9.9442e+02	9.2031e+02	2.0497e+03	5.7239e+02	-2.2068e+03	-1.0831e+03	1.0229e+03	-1.5145e+03	8.0284e+02	5.0518e+02	-1.6695e+02	-8.0655e+02	-2.0984e+03	-6.2900e+02	-1.6290e+03	3.3715e+03	8.4233e+02	-1.5695e+03
1.4000e+05	1.7621e+03	1.7722e+03	-1.4399e+03	9.6567e+02	1.4743e+03	1.7647e+03	2.7281e+03	-5.3300e+02	-2.5657e+02	-5.3889e+02	-4.9150e+02	2.9015e+03	3.6894e+02	1.3208e+03	-7.6375e+02	-8.6902e+02	3.5365e+02	3.9069e+02	-2.1881e+03	2.6427e+03	2.7925e+03	-5.0581e+02	2.2373e+03	-8.3274e+02	1.1706e+02	1.0500e+03	-3.8248e+01	3.4726e+02	-1.7716e+03	1.5913e+02	5.3514e+02	7.2111e+02	2.0612e+03	-1.7322e+03	9.7917e+02	-6.3855e+02	-8.0078e+02	-9.6759e+02	3.3998e+03	-1.9539e+03	-1.4581e+03	2.8992e+02	-1.5890e+02	-2.7584e+03	-1.3113e+03	4.9934e+02	-3.0708e+02	-4.5775e+02	1.9044e+03	2.2289e+01	-1.8346e+02	2.2953e+02	-7.2318e+01	-1.9785e+02	1.4728e+03	-2.2591e+03	8.6341e+00	-9.4363e+02	4.8004e+02	-2.2911e+03	9.4485e+02	7.8950e+02	-5.7749e+02	-1.6784e+03	3.4620e+01	2.5701e+02	-4.1195e+02	2.7322e+03	2.5446e+03	-3.3309e+03	8.0094e+01	-4.0745e+02	-6.7883e+02	-1.0432e+02	6.0404e+02	-1.1486e+03	6.0100e+01	4.8188e+02	1.3805e+02	-1.5583e+03	3.0388e+02	-4.7847e+02	-5.1850e+02	5.0658e+02	6.5601e+02	-2.2822e+03	3.7245e+02	1.4210e+02	4.1969e+02	-2.2026e+03	-1.2826e+03	-2.6708e+03	-3.3529e+03	2.7371e+03	6.6644e+02	2.0295e+03	3.0614e+02	1.6604e+03	-8.6584e+02	2.2661e+03	1.6790e+03	-6.3438e+02	5.3968e+02	-3.9971e+03	-1.0509e+03	3.0178e+03	9.9598e+02	2.1539e+03	8.5871e+02	1.8523e+02	-5.2851e+02	5.7930e+02	2.6718e+03	1.4831e+03	-1.0616e+02	3.2244e+03	5.0902e+02	1.1281e+03	7.8933e+01	3.6396e+03	-9.5765e+02	2.1576e+02	-1.7445e+03	-2.4878e+03	1.5988e+03	1.1292e+03	-1.5456e+03	7.9192e+02	6.6106e+02	6.4540e+01	-1.8802e+03	1.9545e+03	1.2983e+03	-1.2984e+03	6.0454e+02	-1.1957e+03	-5.9001e+02	-3.8260e+02	-3.2130e+02	-5.0629e+02	-1.7122e+03	7.8231e+02	4.1120e+02	-1.1124e+03	-5.6804e+02	-5.8172e+01	-1.6998e+03	-7.7955e+02	7.9052e+02	1.0349e+03	-7.4257e+02	5.8750e+01	1.2992e+03	7.7686e+02	3.5610e+02	-1.7998e+03	1.2566e+03	1.0815e+03	-2.1909e+03	-3.5272e+03	1.1079e+03	-4.0561e+02	8.8523e+02	-4.3869e+02	1.6054e+03	8.1396e+02	-3.7236e+03	2.0092e+03	-1.6031e+03	-2.1406e+02	1.9744e+03	-2.5423e+03	-1.5578e+03	7.1581e+02	-2.0801e+03	4.3245e+02	2.4599e+03	-1.2262e+03	1.8872e+03	1.0370e+03	-2.3505e+03	-2.0168e+03	-4.5408e+03	1.0497e+03	3.3920e+03	2.5493e+03	2.1913e+03	-8.6582e+02	2.2552e+03	-2.0275e+03	3.3973e+02	-2.5212e+03	1.4726e+03	9.4241e+02	-5.0324e+02	8.9912e+02	5.1455e+02	-1.1907e+03	1.2330e+02	-2.7216e+02
1.6000e+05	7.5080e+02	8.3126e-01	-3.2424e+02	-1.3469e+03	-2.6195e+02	7.1090e+02	-1.5566e+03	1.1929e+01	-9.5762e+01	-3.4774e+02	9.4697e+02	4.0255e+02	7.1128e+02	5.7086e+02	1.8054e+03	6.2609e+02	2.3110e+02	2.4354e+01	2.5285e+03	1.6862e+03	2.2204e+02	1.2305e+03	-7.2343e+02	1.0372e+03	7.5032e+02	-3.9345e+02	1.2199e+03	-1.9539e+03	-9.1867e+02	7.2377e+02	-3.2538e+02	-4.5184e+02	-1.3254e+03	-8.7448e+01	-2.6865e+02	-2.1480e+03	5.3095e+02	4.6425e+02	9.3163e+02	1.1014e+03	3.1818e+02	-1.0842e+03	-3.8636e+02	-3.2932e+02	-1.2212e+03	1.1898e+03	-4.4263e+02	-6.2175e+02	-8.3022e+02	1.1339e+03	3.4501e+01	-9.9462e+02	-2.2033e+02	-2.8733e+02	1.2621e+01	2.4484e+02	-3.7081e+01	9.6652e+01	-1.5171e+03	6.8072e+01	-5.6889e+02	-6.1437e+01	-9.0846e+02	-8.3443e+02	-9.7327e+02	-1.9260e+03	-7.1399e+01	-9.5370e+01	4.4116e+02	-1.8958e+03	-1.2313e+03	-8.7162e+02	5.8817e+02	-1.3206e+03	1.4300e+03	-5.0044e+02	-1.3473e+03	-9.8311e+00	3.6549e+02	-2.3621e+02	-1.2050e+03	1.5459e+01	4.1924e+02	-2.4485e+03	1.2189e+03	-1.6157e+03	9.0213e+02	1.9449e+02	-1.4017e+03	1.1996e+02	1.1290e+03	-3.9549e+02	-1.7062e+03	1.7244e+03	-1.8381e+02	1.3961e+02	-3.1340e+02	-1.3210e+03	-1.1584e+03	3.8198e+02	8.9042e+02	5.8167e+02	-1.2651e+03	-1.0337e+03	1.3804e+02	-2.3435e+03	1.2259e+03	-4.1550e+02	-1.1184e+03	-8.4021e+02	-3.5884e+02	3.2984e+02	1.1891e+03	-2.6817e+01	1.1560e+03	-1.1811e+03	-8.2084e+02	1.7239e+03	1.8394e+03	-6.3404e+02	-3.5706e+02	-1.2780e+03	1.0034e+02	-9.1328e+02	-9.7024e+02	1.2219e+03	-3.0761e+02	4.9575e+02	-9.5304e+02	-1.6805e+01	1.1119e+02	-4.1030e+02	-4.4552e+02	-2.7353e+02	-1.4632e+03	3.5021e+02	-2.2522e+02	7.8069e+02	-3.8048e+03	3.9266e+02	-1.9118e+03	1.3660e+03	-8.4989e+02	7.6113e+02	2.1695e+02	-1.1098e+03	-5.4808e+02	4.4712e+01	-8.0107e+02	-9.7199e+02	5.7060e+02	9.9829e+01	-3.1490e+02	1.0519e+03	-5.8797e+01	1.4447e+02	-4.5030e+02	-9.1054e+02	-1.4136e+03	-7.0047e+01	-2.0627e+03	5.7966e+02	-9.8750e+02	8.0243e+02	-6.6816e+02	-2.0846e+02	-2.2589e+02	2.4931e+02	-5.9047e+02	9.9343e+01	-8.2180e+02	4.3490e+02	-1.0353e+03	-3.7884e+02	-9.1903e+02	-4.5511e+02	-1.2164e+03	-1.6350e+03	3.5561e+00	1.4237e+03	-1.0849e+02	-9.3841e+01	-1.1480e+03	1.4866e+03	1.8609e+03	7.9754e+01	-2.3578e+03	-1.2452e+03	1.4157e+03	-1.5322e+03	4.2822e+02	3.1009e+02	-2.6022e+02	-9.9597e+02	-1.7574e+03	-6.4412e+02	-1.8323e+03	3.0314e+03	3.3338e+02	-1.8353e+03
1.6000e+05	3.1237e+03	1.3960e+03	-3.2777e+03	1.5542e+03	2.1820e+03	5.4328e+02	1.8987e+03	-7.2279e+01	-1.9806e+02	-3.0358e+02	2.0934e+02	3.3098e+03	-6.0450e+02	9.7169e+02	-7.7412e+02	-7.0359e+02	3.7464e+02	4.3843e+02	-1.9453e+03	1.9166e+03	4.2983e+03	-3.9212e+02	2.0095e+03	-3.9368e+02	-5.8624e+02	9.6425e+02	1.6452e+03	3.8234e+02	-2.4011e+03	4.4328e+02	7.1155e+02	8.5377e+02	1.6477e+03	-2.2710e+03	1.9152e+03	5.5311e+02	-2.6244e+01	-1.0991e+03	3.7244e+03	-7.3863e+02	-1.6374e+03	2.8308e+02	2.1002e+02	-2.7861e+03	-1.0380e+03	-3.1574e+02	7.7188e+02	-1.3172e+03	2.1350e+03	6.8485e+02	5.6755e+02	1.1242e+03	4.3736e+01	-5.1823e+02	3.6881e+02	-2.1476e+03	2.3536e+02	-1.7526e+03	2.2124e+02	-3.0151e+03	1.0803e+03	1.3168e+03	-1.3168e+03	-1.1675e+03	4.1640e+02	-4.5876e+02	-6.7876e+02	2.7987e+03	2.8354e+03	-3.5103e+03	1.0530e+03	-1.2876e+03	-7.2797e+02	5.7993e+02	5.9406e+01	-5.2714e+02	-8.3836e+02	1.4777e+03	-4.0877e+02	-2.2678e+03	1.8691e+02	-5.8661e+02	-3.6407e+02	-1.9928e+02	1.2543e+03	-1.8994e+03	1.3318e+03	-3.5427e+02	3.3964e+02	-1.9415e+03	-8.6664e+01	-2.8282e+03	-1.5167e+03	1.9188e+03	1.0345e+03	1.9357e+03	-9.9325e+01	1.8724e+03	-8.0473e+02	2.1390e+03	2.5423e+03	-1.4501e+03	-9.1525e+01	-4.9733e+03	-5.8539e+02	3.1397e+03	1.8750e+03	1.8673e+03	6.5751e+02	-4.0422e+02	-2.0225e+02	1.1993e+03	3.5205e+03	6.2132e+02	6.8505e+02	2.0854e+03	5.4515e+02	1.7566e+03	6.1097e+02	3.7912e+03	-1.4915e+03	7.2779e+02	-1.8026e+03	-2.1088e+03	1.9885e+03	4.2879e+02	-1.5951e+03	9.9663e+02	6.2658e+02	9.6428e+02	-1.3234e+03	1.9524e+03	6.9301e+02	-1.8184e+03	8.9349e+02	-3.0154e+02	-2.5752e+02	-7.1736e+02	-7.6770e+02	-2.6269e+02	-8.7338e+02	5.5397e+02	2.0912e+02	-1.3027e+03	-1.7878e+03	-6.3099e+02	-1.8722e+03	-2.8820e+02	-2.8976e+02	1.4928e+03	-1.1049e+03	-9.3914e+02	1.5197e+03	1.5993e+03	-5.3023e+00	-1.8397e+03	4.6506e+02	9.4198e+02	-2.4921e+03	-2.3582e+03	1.0129e+03	-1.8930e+02	1.0738e+03	-6.4615e+02	2.2591e+03	3.0139e+02	-4.5451e+03	2.0008e+03	-2.6627e+03	1.3384e+02	2.2613e+03	-2.3858e+03	-1.7069e+03	1.0683e+03	-3.3406e+03	3.6913e+01	1.5894e+03	-1.6936e+03	2.1027e+03	1.4418e+03	-2.3748e+03	-1.4402e+03	-4.7213e+03	1.6626e+03	3.2012e+03	2.3779e+03	3.1558e+03	-1.1620e+03	2.8663e+03	-1.8976e+03	-3.0979e+02	-3.2318e+03	2.0393e+03	8.7189e+01	-3.0765e+02	1.1460e+03	1.6325e+03	-1.8235e+03	2.5103e+01	-7.7439e+02
1.8000e+05	8.2238e+02	2.1556e+02	3.4090e+02	-1.2122e+03	-4.3639e+02	1.1815e+03	-1.8920e+03	1.3833e+02	3.7816e+02	-9.0515e+02	1.7681e+02	1.6294e+02	6.8033e+02	2.6400e+02	1.7193e+03	4.9229e+02	-3.4666e+02	-1.3584e+02	2.4560e+03	2.0828e+03	2.5142e+02	1.3972e+03	-6.6618e+02	2.4430e+02	9.7588e+02	-3.7568e+02	1.5597e+03	-1.8663e+03	-8.3479e+02	4.6828e+02	-5.3320e+02	-9.0409e+02	-1.3598e+03	-2.3535e+02	-2.7367e+01	-1.6153e+03	5.9202e+02	1.0707e+03	1.3130e+03	1.2478e+03	6.9544e+01	-1.4487e+03	-7.0686e+02	-1.2638e+02	-1.6212e+03	1.3948e+03	-3.2314e+02	-6.3809e+02	-1.0034e+03	1.4935e+03	3.6793e+02	-1.1449e+03	2.0024e+02	-1.5795e+02	3.9386e+02	5.7937e+02	5.0631e+01	2.4951e+01	-1.3534e+03	-2.6996e+02	-3.7783e+02	-4.4116e+01	-5.7156e+02	-8.5263e+02	-8.2685e+02	-1.3936e+03	-3.0977e+02	-7.5621e+02	9.7732e+02	-1.8479e+03	-1.3808e+03	-7.9470e+02	-1.8041e+02	-1.4629e+03	1.4883e+03	-6.0812e+02	-1.2894e+03	1.3761e+01	6.9746e+02	-4.9912e+02	-1.0718e+03	5.0307e+02	9.3129e+01	-2.7086e+03	1.0388e+03	-2.2061e+03	7.9753e+02	-3.9065e+01	-7.5747e+02	-3.7993e+01	1.6308e+03	-6.5939e+02	-2.0551e+03	1.9509e+03	-4.7248e+02	6.0059e+02	-1.0608e+03	-1.2817e+03	-8.8853e+02	-3.4141e+02	1.3602e+03	3.5898e+02	-1.2748e+03	-1.3640e+03	3.1086e+02	-2.8070e+03	1.5129e+03	-2.3685e+02	-1.3579e+03	-3.3442e+02	-8.7220e+02	2.7935e+02	8.4449e+02	-9.6589e+01	9.9656e+02	-9.0332e+02	-1.2984e+03	1.4562e+03	2.0094e+03	-1.0344e+03	-7.7669e+02	-9.7197e+02	4.6252e+01	-4.8255e+02	-7.8006e+02	1.6616e+03	-9.3235e+01	4.3067e+02	-2.2162e+02	-1.3608e+02	4.5449e+02	4.3127e+02	4.6172e+02	-1.7433e+02	-1.6888e+03	7.6239e+02	2.5828e+02	1.5377e+03	-3.6262e+03	-2.0269e+02	-2.1623e+03	1.2270e+03	-1.0853e+03	8.6565e+02	-1.2157e+02	-1.1984e+03	-7.5547e+02	-2.1267e+02	-1.2860e+03	-1.5001e+03	1.3044e+02	1.1752e+02	1.0293e+02	4.8429e+02	-2.0227e+02	-2.1026e+02	9.8940e+01	-1.1041e+03	-1.6813e+03	-1.0555e+02	-2.4432e+03	5.8589e+02	-1.2023e+03	5.0516e+02	-3.7521e+02	-1.4357e+02	-2.3643e+02	5.4554e+02	2.3590e+01	-5.4959e+02	-8.8240e+02	9.4280e+02	-1.0998e+03	-3.5855e+02	-6.1536e+02	-4.4305e+01	-1.1687e+03	-1.8025e+03	5.8318e+01	1.8030e+03	-6.5670e+02	-3.0283e+02	-1.3122e+03	9.4081e+02	1.4361e+03	-9.6617e+01	-2.8431e+03	-1.5822e+03	8.0156e+02	-1.5681e+03	5.6759e+01	2.0241e+02	-1.4876e+02	-6.9032e+02	-2.1009e+03	-1.3737e+03	-1.1884e+03	2.7804e+03	6.2139e+02	-1.5733e+03
1.8000e+05	2.5417e+03	1.6692e+03	-4.2142e+03	9.8062e+02	2.0466e+03	5.1783e+02	1.0123e+03	-4.4018e+02	-3.0442e+02	2.0640e+02	1.0879e+03	3.6435e+03	-7.9308e+02	6.7978e+02	-8.0202e+02	-1.2991e+03	8.6485e+02	2.6070e+02	-1.0216e+03	2.6932e+03	4.1472e+03	-1.2394e+02	1.3871e+03	5.3814e+02	1.4468e+02	7.1084e+02	5.7710e+02	-1.8628e+01	-2.0038e+03	1.0334e+03	8.9102e+02	9.8435e+02	8.9929e+02	-3.3717e+03	2.1323e+03	2.3535e+02	-8.6679e+02	-6.6848e+01	3.8971e+03	-9.3482e+02	-1.8996e+03	1.7331e+02	1.2167e+02	-3.1178e+03	-2.6074e+02	-1.4024e+02	3.5856e+02	-8.7181e+02	2.6407e+03	3.5380e+02	-3.2435e+02	2.2570e+03	-9.3842e+02	2.3295e+02	6.8661e+02	-2.0582e+03	4.4198e+02	-1.8899e+03	1.1947e+02	-2.5976e+03	1.1496e+02	1.7682e+03	-4.5649e+02	-1.7390e+03	4.1297e+02	-9.4746e+02	-2.7652e+01	2.4525e+03	3.1804e+03	-4.1519e+03	1.6431e+03	-1.6040e+03	-1.0691e+03	-2.5974e+02	-5.9442e+02	-5.3318e+02	-5.9304e+02	1.0196e+03	-4.7747e+02	-2.2825e+03	-7.9177e+01	-1.3539e+02	-1.0797e+03	-1.7821e+02	6.8131e+02	-2.7217e+03	1.4704e+03	1.4427e+02	7.2447e+02	-1.7803e+03	8.6307e+02	-2.8541e+03	-2.0774e+03	2.3802e+03	1.0992e+03	2.3376e+03	-9.2060e+02	2.3654e+03	-1.0377e+03	3.0858e+03	2.8437e+03	-2.0178e+03	-1.4050e+02	-5.5878e+03	-1.0234e+01	3.3063e+03	1.6414e+03	2.9048e+03	1.5947e+03	2.5080e+02	-2.3928e+00	8.4339e+02	3.8375e+03	1.9805e+02	-3.6461e+02	1.7697e+03	1.6489e+03	2.0537e+03	3.8803e+01	4.2616e+03	-2.0358e+03	1.0238e+03	-1.9113e+03	-2.2864e+03	1.7820e+03	9.6775e+02	-1.2973e+03	1.5423e+03	1.5292e+03	1.7994e+03	-1.2757e+03	1.8148e+03	6.4410e+02	-9.3878e+02	3.1557e+02	-7.2241e+01	-2.5213e+02	-3.4417e+02	-7.2893e+02	-8.9057e+02	-1.3386e+02	5.4133e+02	1.1764e+03	-1.3054e+03	-2.3405e+03	-5.1693e+02	-2.5462e+03	-8.9148e+02	5.8973e+01	1.4465e+03	-1.6595e+03	1.0233e+02	3.2437e+02	2.3726e+03	-7.0148e+02	-1.6992e+03	9.0380e+02	1.4427e+03	-2.5652e+03	-2.4335e+03	1.3767e+03	-1.0855e+03	1.7020e+03	-7.1185e+02	1.4559e+03	7.3655e+02	-4.3404e+03	2.6900e+03	-2.9661e+03	5.8768e+01	1.9458e+03	-3.8501e+03	-1.2189e+03	5.3593e+02	-3.0813e+03	5.2188e+02	3.4207e+02	-2.3503e+03	1.8938e+03	2.1303e+03	-2.8604e+03	-1.3157e+03	-4.3753e+03	1.3701e+03	3.7482e+03	3.6582e+03	3.2678e+03	-4.4886e+02	2.9631e+03	-1.8402e+03	-1.3442e+03	-3.0580e+03	1.4476e+03	-7.6947e+02	-8.1499e+02	1.1349e+03	1.3417e+03	-1.7419e+03	3.2465e+02	2.3076e+02
2.0000e+05	8.3813e+02	5.2117e+02	-4.9432e+02	-1.4094e+03	-5.3336e+02	7.2682e+02	-2.1502e+03	4.3645e+02	2.8790e+02	-1.6305e+03	3.4684e+02	8.2031e+01	6.7936e+02	2.2167e+02	1.7922e+03	5.1965e+02	-7.2900e+02	-2.8655e+02	1.9028e+03	2.0317e+03	4.7726e+02	1.1476e+03	-8.0278e+02	6.7240e+02	9.2672e+02	6.2417e+01	1.9314e+03	-2.0316e+03	-9.4155e+02	8.0479e+02	-4.1312e+02	-8.7457e+02	-1.7371e+03	-2.5322e+02	-9.3815e+01	-1.9076e+03	5.1545e+02	1.3476e+03	7.0353e+02	1.3167e+03	1.3138e+02	-1.8691e+03	-6.4430e+02	4.7036e+02	-1.1743e+03	1.2411e+03	-6.7313e+02	-5.4345e+02	-1.6330e+03	1.2055e+03	3.7628e+02	-1.2466e+03	6.5004e+02	-6.7310e+02	-3.4352e+02	1.1202e+03	6.1938e+01	2.4020e+02	-8.9311e+02	-6.1183e+02	-2.6095e+02	-6.4740e+02	-4.2572e+02	-6.0112e+02	-1.4228e+03	-1.3782e+03	-1.5562e+02	-6.8760e+02	1.0299e+03	-2.2519e+03	-6.0055e+02	-6.6287e+02	-6.1737e+02	-1.2306e+03	1.1580e+03	-4.0893e+02	-9.7270e+02	-1.0469e+02	8.2275e+02	-7.8293e+02	-8.3854e+01	-1.9798e+02	3.4085e+02	-2.8518e+03	9.7873e+02	-2.7773e+03	6.9676e+02	2.9669e+02	-9.6938e+02	1.7914e+02	1.8272e+03	-9.4341e+02	-1.8199e+03	1.5925e+03	3.2862e+02	-1.3200e+02	-8.0008e+02	-1.6455e+03	-7.3287e+02	-3.1620e+02	1.2410e+03	6.9596e+02	-9.8655e+02	-1.4850e+03	3.2871e+02	-2.6877e+03	1.2429e+03	-9.0490e+01	-1.4732e+03	2.5717e+01	-1.2029e+03	-2.1712e+02	7.3788e+02	3.2819e+02	5.6827e+02	-1.3895e+03	-1.8230e+03	1.6137e+03	1.8538e+03	-1.3466e+03	-5.4392e+02	-1.0474e+03	3.0463e+02	-2.6928e+02	-1.2468e+03	1.6469e+03	9.2978e+01	8.0985e+02	-3.3275e+02	-8.7112e+01	6.2880e+02	8.6365e+02	1.3446e+03	-3.2810e+02	-1.6462e+03	1.1392e+03	-1.2273e+02	1.4374e+03	-4.1013e+03	-1.9970e+00	-2.3545e+03	1.6953e+03	-1.5969e+03	9.6594e+02	2.5880e+02	-1.6969e+03	-6.0034e+02	2.0340e+02	-1.6534e+03	-1.2458e+03	9.0593e+02	1.9725e+02	-2.1410e+02	3.3133e+02	-2.6004e+02	-7.4734e+02	4.5615e+02	-1.4228e+03	-1.8362e+03	-5.4703e+02	-2.6359e+03	1.5397e+03	-1.4721e+03	-6.2615e+01	-3.7555e+02	4.8003e+02	-1.4148e+02	7.1240e+02	-2.1078e+02	-1.0261e+03	9.3127e+00	-3.5812e+02	-1.6843e+03	-6.2260e+02	-5.6222e+02	1.7044e+02	-1.4284e+03	-1.2111e+03	6.9779e+01	2.2659e+03	-5.7152e+02	-1.2922e+02	-1.2309e+03	1.6282e+03	1.1618e+03	-4.4627e+02	-2.3320e+03	-1.6232e+03	1.4256e+03	-1.9640e+03	-5.0602e+02	-4.2086e+02	-7.8307e+02	-7.2904e+02	-2.2385e+03	-1.5897e+03	-7.0468e+02	3.1163e+03	7.9002e+02	-2.3359e+03
2.0000e+05	2.4092e+03	2.5367e+03	-4.4520e+03	9.0924e+02	1.5883e+03	1.2934e+03	1.4011e+02	-9.8950e+02	3.4377e+01	-5.4465e+02	1.6695e+03	3.8343e+03	-1.7953e+03	1.0663e+03	-8.5189e+02	-1.7388e+03	2.1213e+02	4.2364e+02	-5.0475e+02	3.4714e+03	4.8099e+03	7.7494e+01	1.0309e+03	5.7307e+02	-2.8966e+02	7.8492e+02	4.2011e+02	3.6192e+02	-2.8112e+03	7.8725e+01	6.0545e+02	1.2593e+03	1.1392e+03	-3.6835e+03	2.8254e+03	7.2000e+02	-2.0383e+03	4.6465e+02	3.4486e+03	-7.8103e+02	-2.4064e+03	-9.1455e+02	-1.1642e+03	-3.4028e+03	-7.7980e+02	-5.8267e+02	-5.8050e+02	-6.4167e+02	3.2553e+03	1.1373e+03	-1.2583e+02	2.7300e+03	-8.5583e+02	6.1352e+02	6.6808e+02	-2.3608e+03	6.9234e+02	-2.8245e+03	8.1363e+02	-1.8446e+03	4.5133e+02	2.3443e+03	-1.2428e+02	-2.1792e+03	1.5065e+03	-7.1932e+02	-1.1429e+02	2.3818e+03	3.1526e+03	-4.6228e+03	1.9362e+03	-1.9125e+03	-1.1701e+03	-8.9558e+02	-2.5929e+02	-1.0006e+03	-1.1570e+03	1.3281e+03	-4.5910e+02	-2.2809e+03	-2.6401e+02	9.0920e+01	-1.7637e+03	-3.2807e+02	1.0011e+03	-2.7915e+03	1.6967e+03	1.1737e+03	2.0574e+03	-1.5758e+03	1.8340e+03	-2.8088e+03	-2.1006e+03	2.6212e+03	1.3450e+03	1.2218e+03	-6.2061e+02	1.5158e+03	-6.0387e+02	3.1816e+03	3.1080e+03	-1.3108e+03	3.7154e+02	-4.6016e+03	5.7466e+02	3.7656e+03	1.2288e+03	2.7008e+03	2.2284e+03	-1.5975e+02	-1.3112e+02	3.9911e+02	2.7893e+03	-1.7704e+02	-1.8777e+03	1.5705e+03	2.7153e+03	2.2921e+03	-2.4597e+02	3.4906e+03	-1.8307e+03	1.1595e+03	-2.2231e+03	-2.4533e+03	1.8188e+03	7.3312e+02	-8.2518e+02	1.6373e+03	2.3408e+03	1.3206e+03	-6.0179e+02	2.0015e+03	-1.3051e+02	-1.4878e+02	9.7553e-01	1.6349e+02	-5.2198e+02	-2.4986e+02	-8.5683e+02	-1.1000e+03	4.5473e+02	-5.6142e+02	1.1623e+03	-1.0436e+03	-2.9819e+03	-5.0097e+01	-2.8633e+03	-1.5788e+03	5.3611e+01	2.0603e+03	-2.7843e+03	2.5431e+02	6.4472e+02	1.5119e+03	-9.3398e+02	-9.8757e+02	-1.0814e+01	2.5594e+03	-2.0881e+03	-2.5861e+03	1.9411e+03	-1.1879e+03	1.5648e+03	-1.4968e+03	6.9061e+02	5.3555e+02	-3.8182e+03	2.0349e+03	-2.7723e+03	7.5852e+01	1.6205e+03	-4.0566e+03	-1.1277e+03	4.1315e+01	-2.7851e+03	4.3948e+02	-1.8252e+02	-1.9098e+03	1.5721e+03	2.5769e+03	-2.6326e+03	-4.0643e+02	-3.7688e+03	6.3241e+02	3.6082e+03	3.3415e+03	3.9393e+03	2.1030e+02	2.2185e+03	-1.2814e+03	-1.0723e+03	-2.5057e+03	1.3336e+03	-3.8043e+02	-1.6821e+03	9.4929e+02	8.2856e+02	-1.2607e+03	5.7268e+02	4.9059e+02
