2.0000e+04	-1.6040e+02	9.9176e+01	-1.0688e+02	3.4794e+02	7.6435e+01	2.3736e+02	-2.2882e+02	3.0157e+02	2.0793e+02	6.7713e+02	-1.9523e+02	1.8165e+02	-2.0989e+02	-6.0010e+02	-1.0626e+01	2.9641e+02	-5.4746e+02	-3.9169e+02	2.3337e+02	2.2343e+02	-1.3316e+01	-8.1466e+01	-2.8836e+01	-4.0414e+02	-4.7158e+02	3.6480e+01	-4.2674e+01	3.8557e+02	-1.0687e+02	-9.6618e+01	-3.9490e+02	6.3203e+02	-3.2892e+02	-6.4984e+02	-4.0610e+02	1.3005e+02	5.5496e+02	7.4980e+02	6.3907e+02	1.2901e+02	-2.9450e+02	2.8164e+02	-6.3843e+01	3.7042e+01	7.9602e+02	-4.6857e+02	6.2324e+01	-2.0803e+02	3.8052e+02	1.3112e+01	1.5829e+01	6.2392e+02	3.6417e+02	4.2170e+00	9.2588e+01	6.0434e+01	-4.5414e+01	1.8869e+01	-2.2080e+01	-2.8575e+02	6.0328e+01	5.4613e+02	5.5026e+02	1.0271e+02	1.9538e+02	-3.4459e+02	2.3367e+02	-1.2497e+02	1.3559e+02	-4.1605e+02	-4.9284e+02	-9.6123e+01	-4.2051e+02	1.0984e+02	3.3396e+01	-9.0345e+02	-2.4135e+02	4.4527e+02	-1.0678e+02	4.5623e+02	-1.2685e+02	1.6007e+02	1.8615e+02	-3.6565e+02	2.8149e+02	3.5041e+01	3.8357e+02	1.0981e+02	5.7114e+02	-1.0410e+02	3.3264e+02	-3.2490e+02	3.3745e+01	4.9717e+02	3.9256e+01	1.0001e+01	1.7067e+02	3.2710e+02	-1.5769e+02	-5.0836e+02	-2.4010e+02	-1.6009e+02	5.4881e+02	2.1211e+02	2.4661e+02	-4.3924e+02	8.3431e+01	-7.7386e+01	-3.5889e+02	-7.0550e+01	-3.6640e+00	-2.2374e+02	-1.7593e+02	4.6624e+02	-3.8345e+02	4.0068e+02	3.6553e+02	4.0312e+02	2.1081e+01	-3.8940e+02	-5.7999e+02	-2.0890e+02	3.1663e+02	-1.9163e+02	-1.6105e+02	4.1419e+02	3.7997e+02	-2.3869e+02	4.6015e+02	-2.8573e+02	-2.9659e+02	-2.2452e+02	-4.5552e+02	8.5001e+01	-8.0836e+01	-6.5003e+01	-2.5879e+01	1.1858e+02	-6.2589e+02	1.6206e+02	-1.2252e+02	4.1018e+02	3.5038e+02	-1.5080e+02	1.5232e+01	2.6460e+02	-2.0303e+02	4.1113e+02	-2.8544e+02	8.6140e+01	-2.2945e+02	-3.6940e+01	-1.2937e+01	6.0927e+02	-8.0307e+01	2.2673e+02	5.3501e+02	-3.5461e+02	-2.9710e+02	-2.1066e+02	-3.3816e+02	-3.7934e+02	-1.3871e+02	-3.6422e+02	-3.6384e+02	-1.1162e+02	-1.0045e+02	3.0434e+02	8.4840e+02	-4.4261e+02	-3.2675e+02	7.0390e+02	-4.1383e+01	1.7459e+02	3.4856e+01	2.2238e+02	-1.6231e+01	3.9320e+02	3.2678e+02	5.3019e+02	4.9597e+02	9.7309e+01	1.8765e+02	-5.3345e+02	-2.1376e+01	1.3010e+01	3.1659e+01	-6.0930e+02	4.6046e+02	2.8685e+02	3.1545e+02	1.3738e+02	6.4591e+02	1.3647e+02	4.7930e+02	-2.5867e+02	-3.0063e+01	4.0737e+02	2.2536e+02	1.7388e+02
2.0000e+04	3.5697e+02	-7.9913e+02	4.7991e+02	5.8469e+02	9.7740e+02	4.9236e+02	-5.3467e+02	6.8333e+02	-1.0496e+03	3.8429e+02	3.3813e+02	-4.9727e+02	8.1242e+02	1.3312e+03	-6.3094e+01	-9.0337e+02	7.9698e+02	5.6207e+02	4.8181e+02	-3.7961e+02	1.3241e+03	-1.0070e+03	-9.1294e+02	3.2771e+02	1.7184e+02	-4.8716e+02	-5.8740e+02	1.6453e+02	-5.0622e+02	1.6707e+02	2.8399e+02	1.0500e+03	3.4732e+01	-7.9491e+02	-1.8646e+02	-2.8888e+02	8.2089e+02	7.4443e+01	7.8962e+02	7.2119e+02	4.3143e+02	3.5382e+02	1.4554e+02	-6.3162e+02	4.6420e+02	1.3154e+02	-5.2715e+02	7.2064e+02	9.9904e+02	-2.6798e+01	4.9082e+02	2.8906e+02	3.5627e+02	-2.7348e+02	-8.2119e+02	4.9416e+02	-7.0057e+02	5.2139e+02	8.9823e+02	2.5160e+02	-8.3799e+02	-1.1876e+03	-4.5493e+02	-1.0178e+01	5.1286e+02	4.0247e+02	2.9789e+00	1.7971e+01	-4.3413e+02	2.9736e+02	-1.0076e+03	1.1346e+03	4.7672e+01	5.0424e+02	-6.6631e+02	-1.2058e+03	2.6557e+02	-6.3457e+02	1.4452e+02	-2.4774e+02	4.0979e+02	4.5163e+02	-6.5844e+02	1.6911e+02	1.7728e+02	-8.2825e+02	-7.2652e+01	-3.2100e+02	9.0110e+02	3.4263e+01	-1.6179e+03	9.3442e+02	1.0792e+03	-2.1799e+02	-6.0891e+02	-9.2187e+02	-7.6240e+02	-5.6316e+02	-3.6599e+02	-4.0879e+01	8.6092e+01	7.8633e+02	-3.6881e+02	-2.7685e+02	-3.3165e+02	7.5311e+02	7.9779e+01	7.6344e+02	-9.1944e+02	2.5611e+02	-4.0340e+02	-1.1192e+02	-1.1132e+03	4.1470e+02	5.1411e+01	5.8055e+01	-9.8704e+01	-2.1301e+02	-6.4601e+02	2.3935e+02	1.0222e+02	3.9473e+02	-7.4825e+01	-1.1073e+03	-2.7739e+02	-7.2102e+01	-1.0008e+03	5.8209e+02	4.5727e+01	1.7083e+02	1.0908e+03	4.0525e+02	8.2509e+02	-9.3437e+02	4.5676e+02	-3.2640e+02	8.2001e+02	1.9576e+02	2.6843e+02	2.6392e+02	1.1449e+03	-1.3070e+02	1.9355e+02	-4.3585e+02	6.9499e+02	-5.4527e+02	1.1199e+02	2.5047e+02	-6.1328e+01	-1.8763e+02	5.3391e+02	-5.9413e+02	4.0782e+02	7.0230e+02	-2.8315e+01	6.1607e+02	-4.3383e+02	-4.3537e+01	2.5967e+01	7.0522e+02	-4.5377e+02	-2.1711e+02	-1.5328e+03	7.2309e+02	-9.5679e+02	1.5730e+02	9.4828e+02	3.5871e+02	1.8083e+02	-2.0927e+02	1.4143e+03	-2.4673e+02	-2.6090e+02	-1.8786e+02	-6.1207e+02	-1.9097e+02	-5.4341e+02	-8.8111e+00	-1.0223e+03	6.8575e+02	4.9442e+02	6.6770e+02	2.9686e+01	-3.2134e+01	4.1675e+02	-2.3169e+02	-1.9724e+02	8.1806e+02	3.8909e+02	5.7387e+02	-3.8271e+02	-5.3237e+01	-5.6512e+01	-5.6316e+02	-5.5862e+02	7.2633e+02	-4.1504e+01	-3.0955e+02	-6.5159e+02	2.1492e+02
4.0000e+04	-5.3992e+02	-3.8605e+02	-4.6563e+02	5.1673e+02	-4.1778e+02	1.4446e+02	-1.5304e+02	7.2875e+02	4.1862e+00	4.6724e+02	1.1214e+02	-1.3343e+02	-8.0833e+02	-2.8195e+02	1.2437e+02	7.1452e+02	-2.2330e+02	-2.3478e+02	1.7456e+02	7.5234e+02	1.2745e+02	4.7946e+02	5.3104e+01	-8.1860e+02	-2.4546e+02	3.0314e+02	4.4302e+02	7.0351e+02	-2.3961e+01	7.9639e+01	-5.4544e+02	3.4660e+02	-6.8120e+02	-4.3629e+02	-5.3231e+01	3.2305e+01	7.7807e+02	5.5912e+00	1.1779e+03	2.2071e+02	-8.7620e+01	-3.8745e+00	-7.2025e+02	-2.8490e+02	6.4799e+02	-4.1307e+02	-4.3018e+02	-1.3759e+02	4.3013e+02	7.3632e+00	-6.6125e+02	5.5390e+02	1.8127e+02	2.5231e+02	-2.7874e+02	-1.2489e+02	1.6197e+02	-3.0380e+02	7.8896e+02	-8.0929e+02	-9.5749e+01	-5.0420e+02	5.2328e+02	-3.1330e+02	4.7411e+02	-8.9796e+02	7.2106e+02	-9.5994e+01	3.7872e+02	2.9062e+02	-7.9573e+02	1.4395e+02	-5.2763e+02	6.2086e+02	1.8747e+02	-1.0339e+03	-2.2829e+01	3.6508e+02	-3.8182e+02	2.5477e+02	-1.0642e+03	1.3534e+01	9.3181e+01	-5.7958e+02	1.8219e+02	7.4825e+02	5.5895e+02	1.7870e+02	6.6161e+02	-7.8744e+02	-1.1942e+01	-1.1870e+02	1.4346e+02	4.0633e+02	2.8087e+02	-6.0238e+02	-5.4309e+01	4.7819e+00	-3.9470e+02	8.0627e+01	1.4242e+01	8.9008e+01	7.2030e+02	-8.4203e+01	2.4769e+02	-3.8750e+02	2.3012e+02	8.7807e+01	-6.5763e+02	9.3408e+01	-2.8156e+00	-1.5717e+02	-5.7261e+02	4.6943e+02	-1.0584e+03	2.5930e+02	1.4955e+02	6.8052e+02	-2.0931e+02	4.4438e+00	-4.3945e+02	4.3486e+02	-3.6221e+02	-1.1352e+02	-1.9132e+02	3.5925e+02	5.4608e+02	1.7740e+02	-3.4696e+02	1.6257e+01	2.4620e+02	7.9448e+01	-1.1406e+03	4.4472e+02	3.2625e+02	1.2614e+01	-7.2529e+02	2.7916e+02	-8.6700e+02	9.7440e+01	-4.8446e+02	3.5995e+02	3.0912e+02	-1.6687e+01	1.8481e+02	7.4086e+01	1.0718e+02	8.4042e+02	-3.3928e+02	-8.6193e+00	5.2440e+02	-1.1696e+02	-1.8655e+00	1.0532e+03	-1.1534e+01	1.5654e+02	1.2010e+02	-1.5543e+02	7.8037e+01	-8.6670e+02	-3.5208e+02	-2.0195e+02	1.6135e+02	-6.1119e+02	-1.6558e+02	2.3196e+02	-3.6986e+02	1.6437e+02	1.2550e+03	-1.8794e+02	-6.0278e+02	1.2134e+03	-2.5357e+02	-3.0995e+02	-1.1006e+02	7.3706e+02	-1.2929e+02	2.5161e+02	4.2501e+02	6.8976e+02	5.7594e+01	-1.0981e+02	3.6689e+02	-2.8061e+02	4.7738e+02	-6.6502e+01	3.9788e+02	-5.9767e+02	1.5230e+02	7.4563e+02	2.1751e+02	4.4610e+02	3.4897e+02	-7.8183e+01	7.1701e+02	-2.4178e+02	2.4739e+01	-9.0034e+01	2.2883e+02	6.4805e+01
4.0000e+04	7.4028e+02	-1.4679e+03	1.3041e+03	1.5087e+03	-4.7083e+02	4.6416e+01	-4.0908e+02	1.8428e+03	-1.3426e+03	4.9578e+02	-1.3475e+02	-1.8940e+03	1.4478e+03	1.5209e+03	1.3442e+02	-9.4227e+02	2.7879e+02	6.6299e+02	2.7526e+02	-3.5752e+02	8.2944e+02	-8.4626e+02	-1.3729e+03	-1.0020e+03	5.3064e+02	-1.3984e+03	-1.5600e+03	-3.8892e+02	-2.7698e+02	-3.7225e+02	-6.0930e+02	8.1106e+02	2.5040e+02	-2.8633e+01	4.9696e+02	-1.4994e+03	1.3214e+03	-3.2856e+02	8.8639e+02	1.9753e+03	2.0917e+02	3.3677e+02	7.6272e+02	-1.7541e+02	5.5566e+01	-5.3979e+02	-1.8496e+02	2.5511e+02	6.8511e+02	2.1260e+02	7.2728e+02	1.1806e+02	1.0666e+03	8.1510e+02	-9.0677e+02	5.4722e+02	-1.4902e+02	1.0436e+03	2.0642e+03	2.8977e+02	-9.1521e+02	-1.1337e+03	1.1733e+02	-9.4315e+02	7.0476e+02	1.6445e+02	1.2581e+02	-8.9019e+02	-6.6037e+02	8.7693e+02	-7.5804e+02	1.4790e+03	-2.9784e+02	1.1600e+02	-2.3268e+02	-1.9730e+03	-3.7806e+01	6.8266e+01	-1.7825e+02	-2.8540e+02	7.1483e+02	1.7484e+03	-1.3789e+03	5.8586e+02	-3.1495e+02	-1.9002e+03	-5.3807e+02	-1.4794e+03	6.9264e+02	2.6514e+02	-1.5696e+03	2.0563e+03	6.8341e+02	3.8682e+02	-1.0462e+03	-1.1359e+03	-4.0778e+01	-5.9467e+02	8.5112e+01	7.0724e+02	1.0533e+02	7.2322e+02	-3.9601e+02	4.0106e+02	-3.6101e+02	1.6946e+03	-4.3606e+02	8.2938e+02	-1.7420e+03	2.4298e+01	1.3810e+02	7.0856e+02	-6.3890e+02	3.6638e+02	-3.6714e+02	1.2003e+02	-3.7905e+02	-4.8428e+02	-1.1882e+03	1.4630e+03	-2.2409e+02	2.2383e+02	-6.0628e+02	-1.4928e+03	2.3238e+02	-4.6353e+02	-1.1019e+03	7.4018e+02	1.3606e+02	-4.9716e+02	1.3351e+03	5.2455e+02	9.4483e+02	-2.0011e+03	7.9595e+02	-4.7720e+02	2.9022e+02	2.0451e+03	7.3359e+02	7.2477e+00	1.6347e+03	9.4380e+02	3.5882e+02	1.3662e+02	1.0448e+03	-1.1495e+03	8.9022e+02	6.5740e+02	-1.0551e+03	7.1808e+02	9.2515e+02	-6.4981e+01	2.6964e+02	9.8888e+02	-5.7683e+02	1.0608e+03	2.2864e+02	6.1361e+02	-8.9285e+02	8.7266e+02	1.2124e+02	-2.7226e+02	-2.3210e+03	8.2719e+02	-6.8776e+02	-7.0606e+02	1.1287e+03	5.3680e+02	-1.7818e+02	8.0441e+01	1.9533e+03	7.2814e+02	-7.6549e+02	-5.6266e+02	4.6473e+02	-1.4490e+03	-7.7024e+02	3.0003e+02	-1.4106e+03	8.8886e+02	7.2770e+02	1.9043e+03	-5.0452e+02	-9.2578e+02	-8.6002e+01	3.4171e+02	7.8422e+02	5.1939e+02	1.5109e+02	1.7212e+02	-4.5058e+02	-4.6044e+02	4.6015e+02	5.6259e+02	-9.7590e+02	3.4007e+02	1.2170e+03	3.6534e+02	-1.5841e+03	1.7160e+02
6.0000e+04	-5.2942e+02	-6.1819e+02	-8.7866e+02	3.8873e+02	-3.2712e+02	6.6035e+02	7.0715e+01	8.3576e+02	7.1192e+01	4.0989e+02	9.8139e+02	2.1023e+01	-4.5440e+02	-7.0810e+02	6.2928e+02	3.8685e+02	-5.5483e+02	-6.5736e+02	2.6371e+02	2.3962e+02	1.4293e+01	6.9576e+02	3.2290e+02	-2.6110e+02	-7.9384e+02	4.5321e+02	1.4333e+03	9.7525e+02	-3.1074e+01	-1.5207e+01	-1.3809e+02	2.9044e+02	-2.1159e+02	-8.9364e+01	-2.9890e+02	1.6547e+02	3.0400e+02	-2.7980e+02	1.4344e+03	4.4880e+02	-2.7308e+02	9.7758e+02	-2.9910e+02	-2.2294e+02	3.3340e+02	-9.6373e+02	8.1457e+01	-2.5433e+02	8.2374e+02	9.9906e+01	-4.6765e+02	4.5288e+02	3.4658e+02	3.0320e+02	-1.2738e+02	-2.8472e+02	-3.8397e+01	-1.0789e+02	6.8544e+02	-4.2141e+02	-4.1031e+02	-4.1137e+02	3.8487e+02	-4.9219e+02	7.3280e+02	-7.7698e+02	1.1983e+03	8.2506e+02	3.8156e+02	5.5050e+02	-4.9804e+02	4.5974e+02	-3.3200e+02	4.5525e+02	4.0081e+02	-1.4048e+03	-4.1376e+02	4.5642e+02	-1.7640e+02	2.5807e+02	-1.6777e+03	1.6913e+02	4.9734e+01	-1.3849e+03	-6.0491e+02	5.9628e+02	-2.0009e+02	-8.1169e+01	1.0465e+03	-9.2145e+02	2.7648e+02	-4.2414e+01	-1.0745e+02	4.8478e+02	1.4942e+02	-2.2785e+02	-5.4651e+02	2.5386e+02	-4.7201e+02	7.5538e+02	-3.9567e+02	-1.6306e+01	1.0190e+03	1.8782e+02	5.8035e+02	-1.9537e+02	2.0491e+02	-4.4256e+02	-1.4277e+03	-3.1646e+02	-1.9835e+02	-6.0733e+01	-4.7177e+02	6.1815e+02	-4.9027e+02	1.9109e+02	4.7501e+02	6.4083e+02	-2.3050e+02	-2.1031e+02	-9.6554e+02	4.6322e+02	1.9453e+02	-3.8731e+02	-1.7374e+02	-1.9831e+02	9.1308e+02	4.6447e+02	8.8781e+01	8.2337e+02	2.1654e+01	6.2295e+02	-1.0419e+03	4.1224e+02	1.3869e+02	-1.0902e+02	-2.6812e+02	4.0703e+02	-5.1335e+02	4.8712e+02	-4.3923e+02	7.0250e+02	6.8646e+02	1.7077e+02	-3.8552e+01	2.1499e+02	8.0412e+02	1.8546e+02	-3.5992e+02	-4.4332e+02	8.8921e+02	1.2678e+01	7.1698e+02	1.1706e+03	-1.1830e+02	1.0108e+02	-7.4678e+01	-5.7721e+01	-3.1971e+02	-1.1461e+03	-5.4863e+02	1.2098e+01	7.2636e+02	-6.3169e+02	-4.8583e+02	2.4545e+02	-1.8737e+01	2.5119e+01	1.3829e+03	8.4478e+01	-2.9003e+02	1.5658e+03	-1.7370e+02	-7.9359e+02	-3.7026e+02	9.3648e+02	-1.0937e+02	-7.8003e+01	3.7723e+02	5.7493e+02	-3.9701e+02	-3.9418e+02	1.7307e+02	-1.4541e+02	3.3586e+02	6.6847e+01	4.2567e+02	4.2528e+01	3.6517e+02	1.3211e+03	7.7648e+02	5.4190e+02	7.4326e+02	1.5441e+02	9.3473e+02	-1.1290e+02	-1.2641e+02	-4.0450e+02	5.8059e+01	-1.3342e+02
6.0000e+04	2.1693e+03	-1.2405e+03	1.2581e+03	2.6054e+02	-1.7918e+03	-8.4371e+02	-8.5536e+02	2.4131e+03	-1.0784e+03	-6.5513e+02	-4.2518e+02	-1.2234e+03	1.1846e+03	1.3699e+03	-6.4045e+00	-8.8756e+02	8.1841e+01	1.3979e+02	6.2582e+02	-5.9685e+02	6.8216e+02	-1.1605e+03	-1.6712e+03	-1.8245e+03	9.5163e+02	-1.1077e+03	-1.9155e+03	-9.1434e+02	-1.3144e+02	-1.1548e+02	-1.0315e+03	6.9756e+02	1.8581e+02	-8.4709e+02	6.8219e+02	-1.7539e+03	1.3811e+03	4.4420e+02	5.2552e+02	2.0110e+03	-3.0461e+02	-2.0256e+02	6.4218e+02	-9.3605e+02	2.7897e+02	-5.6037e+02	-6.6554e+01	-4.6089e+02	9.5435e+02	2.1664e+02	5.2203e+02	-3.9281e+01	7.0164e+02	1.3803e+03	-1.2759e+03	-1.0400e+02	6.1815e+02	5.4174e+02	2.3287e+03	1.8163e+02	-1.5198e+03	-1.7425e+03	4.6523e+02	-1.0312e+03	1.3489e+03	-3.2213e+02	-3.7987e+02	-1.1359e+03	2.3942e+02	1.1841e+03	-5.0629e+02	1.4940e+03	2.9326e+01	-3.5592e+02	-4.6743e+02	-2.4402e+03	2.5717e+02	9.9974e+01	-4.1369e+02	-5.5301e+02	-1.2981e+02	3.1391e+03	-1.4683e+03	6.6672e+02	3.0826e+02	-1.7759e+03	-4.7344e+02	-8.5810e+02	6.3212e+02	1.4475e+02	-1.7964e+03	2.2748e+03	1.6573e+03	-6.3109e+02	-1.0799e+03	-1.2193e+03	-4.1441e+02	-1.4499e+03	-1.1136e+02	1.0966e+03	-4.4479e+01	9.7321e+02	2.9557e+02	4.5880e+02	6.0984e+02	1.8720e+03	1.2782e+03	-1.5887e+02	-1.6873e+03	3.8333e+02	-2.5244e+02	8.8451e+02	-1.1765e+03	-5.2227e+01	-1.1892e+03	-4.5841e+02	3.0043e+02	-6.3238e+02	-4.2703e+02	1.3124e+03	-6.3902e+02	-7.2252e+02	-3.6406e+02	-2.1263e+03	1.1750e+03	-5.4096e+02	-4.8533e+02	5.3005e+02	1.1600e+02	-9.6564e+02	1.1491e+03	3.4062e+02	4.8365e+01	-1.8433e+03	9.4954e+02	-2.0762e+02	4.1440e+02	2.3873e+03	2.7611e+02	7.4574e+02	1.6101e+03	1.6782e+03	5.2730e+02	5.0188e+02	1.8380e+03	-1.4694e+03	9.6946e+02	8.1473e+02	-1.2833e+03	1.3867e+03	-1.7429e+02	-1.4587e+03	2.6258e+02	6.4243e+02	-1.4430e+03	1.0234e+03	-4.2748e+01	1.0250e+03	-9.2675e+02	1.5548e+03	2.9414e+02	2.7123e+02	-3.1987e+03	6.9142e+02	-8.4469e+01	1.2057e+02	7.4934e+02	1.5222e+02	-1.7387e+01	-1.4062e+02	1.4069e+03	8.8644e+02	-9.8874e+02	-4.7892e+02	4.1527e+02	-1.3008e+03	-1.1812e+03	-1.2309e+02	-1.3791e+03	1.5718e+03	2.8728e+02	1.9699e+03	6.9270e+01	-1.3369e+03	2.6461e+02	7.5026e+02	1.3554e+03	1.2381e+03	-1.9374e+02	5.0694e+02	-5.4817e+02	-7.0622e+02	-7.7458e+02	4.2284e+02	-4.2380e+02	-3.1490e+02	8.5148e+02	8.7660e+02	-1.6987e+03	5.7164e+02
8.0000e+04	-6.1849e+02	-7.3994e+02	-8.7312e+02	3.5365e+02	6.4282e+02	6.8412e+02	-1.2991e+02	1.7879e+03	1.0567e+02	4.2528e+02	1.2127e+03	-2.7460e+02	-4.2510e+02	-4.4349e+02	2.9388e+02	-1.6325e+01	-1.0945e+03	-8.0469e+02	8.8582e+02	1.1019e+03	7.1229e+01	7.7729e+02	7.5097e+02	-5.3069e+02	-1.4238e+03	9.0810e+02	1.5526e+03	8.3614e+02	9.0772e+01	-4.0336e+02	2.9968e+02	3.6093e+02	-2.9754e+02	6.9334e+01	2.0779e+02	1.3578e+02	5.1324e+01	-3.9338e+02	2.3249e+03	8.4054e+02	3.9432e+02	1.1306e+03	-7.0930e+02	-1.7822e+02	4.8086e+02	-1.3244e+03	-9.5185e-01	-9.0921e+02	1.1118e+03	2.6536e+02	8.1884e+01	2.4532e+02	8.0815e+02	8.0544e+02	-1.8947e+02	-1.0164e+02	3.7291e+02	5.1978e+01	1.4313e+03	-5.1646e+02	-6.0476e+02	9.5302e+01	6.7202e+02	-9.1914e+02	1.4123e+03	-2.6589e+02	1.4755e+03	9.4089e+02	1.2815e+03	6.6303e+02	-9.9921e+01	4.1109e+02	-2.2048e+02	7.4457e+02	9.2474e+02	-1.1204e+03	7.5529e+01	3.0017e+02	-7.4802e+02	6.8410e+02	-2.1743e+03	6.5456e+01	-2.9322e+01	-4.6719e+02	-4.6963e+02	3.7513e+02	1.9787e+02	-7.6571e+01	7.9852e+02	-1.2262e+03	1.1494e+03	2.0717e+02	-4.4777e+02	3.3453e+02	-8.5047e+01	-2.3608e+02	-9.9267e+02	2.3469e+02	-5.0893e+02	2.4852e+02	-1.1468e+02	-1.7477e+02	1.2277e+03	5.5244e+02	8.3120e+02	-1.4742e+02	-3.0574e+02	-1.0694e+03	-1.0257e+03	-5.6556e+01	-9.7053e+01	-6.9995e+02	5.1211e+01	7.9996e+02	-9.5468e+02	-9.4593e+01	4.0655e+02	8.1267e+02	9.0711e+01	-2.8525e+02	-6.5975e+02	3.8838e+02	2.5088e+02	2.0273e+02	2.0636e+01	-1.2426e+02	8.7664e+02	8.1898e+02	1.2912e+02	1.2271e+03	-1.1449e+01	4.6643e+02	-4.3854e+02	5.7373e+02	4.5293e+02	-1.7639e+02	-8.4229e+02	7.2534e+02	-7.1466e+02	5.4376e+02	-3.5664e+01	9.9237e+02	5.5631e+02	2.7440e+02	-1.6980e+02	1.3999e+02	8.2176e+02	4.1385e+02	-6.3438e+02	-3.7513e+02	1.0051e+03	-3.0432e+02	1.0336e+03	8.2305e+02	-6.2997e+02	2.2743e+02	-3.1107e+01	-1.1951e+02	8.3308e+01	-8.1400e+02	-7.3221e+02	-4.5711e+01	-8.2150e+01	-8.1422e+02	-2.7880e+02	4.5546e+02	3.9126e+01	1.1401e+02	8.6721e+02	1.2110e+03	8.4448e+01	1.2942e+03	-6.8461e+02	-3.5573e+02	-9.9361e+01	8.3275e+02	-4.9033e+02	3.1077e+01	6.4706e+02	7.4578e+02	-3.5241e+02	3.9154e+01	3.7772e+02	-3.8322e+02	1.7139e+02	2.2193e+01	2.5677e+02	-4.0183e+02	5.3023e+02	1.3296e+03	1.0686e+03	-1.1303e+02	1.0419e+03	3.4985e+01	1.3706e+03	-5.1983e+02	-3.3512e+02	-5.5191e+02	1.0902e+02	-6.9200e+01
8.0000e+04	2.4153e+03	-3.2287e+02	1.4109e+03	1.6417e+02	-1.5880e+03	5.1574e+02	-4.7209e+02	1.8989e+03	-1.0837e+03	-1.0436e+03	-8.0914e+02	-9.7477e+02	1.1991e+03	1.6248e+03	-4.7185e+02	-1.4127e+03	-5.7216e+02	4.3490e+02	5.3827e+02	-3.2901e+02	5.3971e+02	-9.6748e+02	-9.4783e+02	-1.9248e+03	7.0064e+02	-1.4741e+03	-2.2683e+03	-6.8490e+02	-3.7050e+02	1.2362e+02	2.2990e+02	6.9434e+02	7.2671e+02	-7.8219e+02	1.2128e+03	-1.8214e+03	2.5057e+02	6.8222e+02	4.5319e+02	2.3509e+03	-5.7075e+02	-4.6313e+02	-4.7740e+02	-1.3636e+03	1.4092e+03	-1.1410e+03	-1.5944e+02	-1.8579e+02	6.5454e+02	4.3231e+02	-3.1657e+02	6.5588e+01	1.1440e+03	2.2337e+03	-1.5802e+03	7.9334e+02	1.2780e+03	1.4335e+03	2.5016e+03	-2.1972e+02	-2.9131e+03	-1.1060e+03	-1.8197e+02	-1.0842e+03	5.6522e+02	1.9217e+02	-6.4553e+02	-1.1114e+03	9.3423e+02	1.0266e+03	5.9346e+01	2.0697e+03	4.4881e+02	-3.4020e+02	-3.8026e+02	-2.6521e+03	2.3897e+02	9.3084e+02	-1.6779e+02	-8.6549e+02	2.4881e+02	3.9472e+03	-1.3115e+03	7.8235e+02	-2.0717e+02	-2.3449e+03	1.2290e+02	-6.5375e+02	3.9887e+02	1.0901e+03	-2.3874e+03	3.0842e+03	1.7637e+03	2.1798e+02	-1.5940e+03	-1.4776e+03	-3.0786e+02	-1.5770e+03	-7.6557e+02	6.4139e+02	1.0953e+02	1.1279e+03	7.4601e+01	4.5520e+02	1.2082e+03	1.5912e+03	8.0217e+02	-1.0256e+03	-2.3209e+03	1.0728e+02	-5.2054e+02	9.4726e+02	-8.4945e+02	-7.9444e+02	-7.9814e+02	4.3566e+02	3.2098e+02	-1.0181e+03	-5.1855e+02	1.7505e+03	-1.1162e+03	-6.8014e+02	2.6870e+02	-1.8606e+03	1.0645e+03	-1.6546e+03	-7.0560e+02	4.5164e+02	-3.6687e+02	-3.1406e+02	1.8198e+03	-1.7830e+02	-6.2656e+02	-2.4138e+03	1.1222e+03	-5.8405e+02	1.0161e+03	3.0588e+03	5.5409e+02	1.3993e+03	5.2554e+02	1.2189e+03	-2.4553e+02	8.4479e+02	1.6314e+03	-1.4667e+03	8.3408e+02	6.3587e+02	-2.1114e+03	9.7015e+02	-5.4727e+02	-1.0868e+03	6.7178e+02	4.6781e+02	-1.3280e+03	9.0950e+02	1.4727e+03	1.1673e+03	-7.3799e+02	1.1768e+03	2.5188e+02	4.4843e+02	-4.7465e+03	1.3873e+03	-1.8369e+02	1.4499e+02	9.5080e+02	1.6320e+02	4.1472e+02	-6.6437e+02	1.9912e+03	6.0263e+02	-1.0884e+02	-3.1176e+02	5.9556e+02	-1.4395e+03	-1.1917e+03	-8.5528e+02	-1.1134e+03	2.2495e+03	1.1303e+03	2.0052e+03	3.4423e+02	-7.7008e+02	-3.2447e+01	9.8415e+02	1.4455e+03	7.3259e+02	3.2701e+02	1.7290e+03	2.3568e+02	-1.3347e+03	-1.2798e+03	-5.8948e+02	8.3139e+02	-1.2375e+03	1.4823e+02	1.3759e+03	-1.9208e+03	5.0768e+02
1.0000e+05	-7.1252e+02	-6.9273e+02	-3.4131e+02	2.8769e+02	1.0410e+03	7.1548e+02	-3.1816e+02	1.5574e+03	-1.6993e+02	3.0952e+02	7.6024e+02	-2.1251e+02	-1.8774e+02	-4.1840e+02	2.2352e+02	-2.4976e+02	-1.5481e+03	-4.0053e+02	1.1350e+03	1.4505e+03	8.7578e+01	6.8378e+02	5.9901e+02	-5.9301e+02	-1.3005e+03	1.2354e+03	8.2084e+02	3.5850e+02	4.2598e+02	3.3475e+02	5.9913e+02	4.6027e+02	-4.0611e+01	6.4154e+02	2.6182e+02	6.0050e+02	1.2406e+02	-1.5679e+02	1.8713e+03	7.5152e+02	2.6731e+02	1.2296e+03	-6.1335e+01	-5.3553e+02	3.7360e+02	-1.4201e+03	3.0565e+02	-5.2066e+02	1.0405e+03	2.6609e+02	2.3503e+02	4.1387e+01	8.6356e+02	8.8941e+02	-5.4195e+01	-4.7719e+02	6.0214e+01	-2.3225e+02	2.1563e+03	-6.6326e+02	-1.0369e+03	-5.7202e+01	1.5744e+02	-8.5976e+02	1.2624e+03	-6.0080e+01	1.9327e+03	1.1394e+03	1.0114e+03	6.1496e+02	-5.2449e+02	4.1741e+02	-8.1396e+02	7.3642e+02	7.0476e+02	-9.3673e+02	7.9038e+01	3.5838e+02	-7.1620e+02	5.4765e+02	-2.2026e+03	4.6484e+01	7.2895e+02	-8.9449e+02	1.5936e+02	5.8187e+02	-7.8388e+02	3.2441e+02	8.8974e+02	-1.0805e+03	9.7270e+02	3.4412e+02	-8.8159e+02	3.2966e+02	3.9507e+01	-4.9410e+01	-1.3047e+03	5.2680e+02	-6.6178e+02	2.1511e+02	-4.9519e+02	5.0620e+02	4.4825e+02	6.7817e+02	1.4351e+03	4.5850e+02	3.0282e+02	-1.4313e+03	-6.5077e+02	7.2910e+02	-4.8809e+02	-4.4178e+02	-2.2474e+02	2.2324e+02	-1.1150e+03	-6.7112e+02	9.2099e+02	8.6473e+02	4.6459e+02	-5.9023e+01	5.0207e+00	-6.3384e+01	2.3016e+02	-7.5358e+02	6.1556e+02	3.5649e+02	1.4677e+03	1.1491e+03	5.7254e+02	2.1998e+03	-7.2534e+01	-1.6743e+01	-5.5930e+02	9.4564e+02	4.4212e+02	2.6202e+02	-6.0367e+02	9.2892e+02	-7.7210e+02	6.2437e+02	5.1080e+02	4.0414e+02	2.8938e+02	3.6536e+02	2.4385e+02	-1.9229e+02	8.4297e+02	4.9898e+02	-4.2480e+02	-1.9265e+02	8.8289e+02	-1.3243e+02	7.3790e+02	9.3455e+02	-3.2604e+02	2.6360e+02	4.7444e+02	-5.5038e+02	-2.9578e+02	-7.9843e+02	-9.9313e+02	-3.2737e+02	8.7524e+01	-8.1136e+02	2.0115e+02	2.2753e+02	2.7746e+02	2.4435e+02	7.9327e+02	1.1167e+03	2.8888e+02	1.9729e+03	-7.0546e+02	-3.1798e+02	-5.4004e+02	9.9881e+02	-3.4925e+02	-1.9167e+01	1.0701e+03	2.4504e+02	-1.0790e+03	-4.2243e+02	2.4397e+02	1.4439e+02	1.3184e+02	-6.6533e+02	-2.7927e+02	-4.5805e+02	-7.4972e+00	9.5393e+02	1.4708e+03	2.4936e+02	9.2884e+02	-3.4727e+02	1.3127e+03	-7.1793e+02	-2.0482e+02	-9.5015e+02	3.2608e+01	-3.0888e+02
1.0000e+05	2.8244e+03	1.0807e+03	6.1490e+02	-3.5975e+01	-2.0324e+03	2.0858e+03	-1.2448e+03	1.3630e+03	-1.9465e+03	-1.9331e+03	9.0330e+01	-7.3597e+02	5.0075e+02	8.6768e+01	-1.2236e+03	-7.4357e+02	5.0632e+02	9.3361e+02	9.4321e+01	-4.2214e+01	2.6372e+02	-1.2211e+03	-9.3063e+02	-2.0738e+03	4.5962e+01	-1.2819e+03	-3.5492e+03	-2.0790e+03	-5.7619e+02	1.0323e+03	3.9618e+02	6.0818e+01	-2.6613e+02	4.5835e+02	1.7056e+03	-9.9407e+02	5.0026e+02	4.9405e+02	7.7199e+02	3.1773e+03	-1.0036e+03	4.0846e+02	-1.1670e+03	-9.8769e+02	2.1517e+03	-2.7055e+02	3.0522e+02	-6.6706e+02	-3.2292e+02	4.2084e+02	-5.4237e+02	3.5638e+02	4.6427e+02	2.2124e+03	-2.3097e+03	2.5586e+02	1.2755e+02	2.1995e+03	2.2442e+03	-1.0781e+03	-2.4749e+03	-1.0812e+03	-3.3809e+02	-4.0440e+02	5.9658e+02	-1.5975e+02	-4.8352e+02	-9.3541e+02	1.0749e+02	3.3677e+02	5.7990e+02	2.3691e+03	8.3364e+02	4.6538e+02	-1.0531e+03	-2.2969e+03	7.2835e+02	7.9841e+02	8.8023e+02	-4.5501e+02	1.0348e+03	2.5963e+03	-2.2582e+02	1.9595e+03	8.0100e+02	-2.5810e+03	1.5007e+02	-1.3116e+03	8.1377e+02	1.0989e+03	-1.7770e+03	3.1428e+03	9.1321e+02	1.3842e+03	-1.1904e+03	-1.0024e+03	-1.2345e+03	-8.1327e+02	-9.5037e+02	3.4714e+02	-4.8725e+02	1.6692e+03	5.4550e+02	4.4904e+02	1.4274e+03	2.0501e+03	3.1015e+02	-2.0257e+03	-2.2264e+03	1.1258e+03	-3.6959e+02	1.0442e+03	5.9072e+01	-1.1902e+03	-1.2355e+03	1.3164e+03	7.3559e+02	-1.2014e+03	-1.2361e+03	1.5510e+03	-1.6870e+03	-2.6407e+02	-3.0220e+02	-1.3167e+03	2.0034e+03	-2.7266e+03	1.0016e+02	3.7582e+02	-3.1485e+02	1.8688e+02	1.3473e+03	-1.0873e+03	-8.1034e+02	-1.3340e+03	7.1494e+02	-6.1155e+02	1.0386e+03	3.2446e+03	3.7354e+02	1.7468e+03	1.1666e+03	1.7385e+03	-9.7171e+02	8.9317e+02	1.4977e+03	-1.4097e+03	-5.3312e+02	2.4712e+02	-1.9559e+03	1.6966e+03	-8.2658e+02	-2.6030e+02	1.8024e+03	-1.5101e+02	-8.2673e+02	2.1301e+03	1.0124e+03	9.1654e+02	-1.0450e+03	1.5833e+03	-1.4606e+02	5.0422e+02	-4.2061e+03	2.1143e+03	-1.2761e+01	4.0877e+02	-5.3012e+01	1.0347e+03	-1.0578e+02	6.7614e+01	1.5560e+03	-6.1377e-01	3.4089e+02	-1.0137e+03	7.1583e+01	3.4590e+01	-1.4198e+03	-6.4301e+02	-5.8031e+02	2.2417e+03	1.0076e+03	2.8979e+03	-2.9806e+02	-7.9989e+02	1.0744e+03	6.1563e+01	2.5336e+02	1.0536e+03	5.5336e+02	2.2464e+03	2.3608e+01	-1.7544e+03	-5.9100e+02	-4.9176e+02	1.2506e+03	-5.5136e+02	5.7804e+01	1.8068e+03	-1.2014e+03	1.7238e+03
1.2000e+05	-8.1818e+02	-9.3015e+02	-2.4487e+02	5.0328e+02	6.0922e+02	4.4899e+02	-7.6343e+02	2.0295e+03	1.6797e+02	6.6801e+02	1.0572e+03	-5.5953e+00	8.6554e+01	-5.1546e+02	1.0617e+03	1.4555e+00	-1.9657e+03	-3.7776e+02	4.6551e+02	8.8880e+02	6.0335e+02	7.4803e+02	5.8439e+02	-4.7516e+02	-1.2853e+03	1.4844e+03	6.6296e+02	2.9706e+02	7.4765e+02	9.8714e+01	6.5633e+02	5.3999e+02	-4.8508e+01	2.4936e+02	2.2787e+01	6.1884e+02	6.4101e+02	-1.5495e+01	2.5285e+03	2.8703e+02	4.7033e+02	1.4539e+03	-4.2307e+02	-6.4686e+02	-1.4192e+02	-1.8010e+03	3.0909e+02	-9.2468e+02	1.0192e+03	3.1880e+02	-1.7843e-01	6.1061e+02	1.3525e+03	6.0455e+02	1.7894e+02	-2.5436e+02	6.4632e+02	-2.1417e+02	2.2871e+03	2.2983e+02	-1.3868e+03	2.9775e+02	-2.7510e+02	-7.6761e+02	5.1300e+02	2.9310e+01	1.9633e+03	1.1965e+03	1.1814e+03	1.0803e+03	-6.5208e+02	7.1816e+01	-9.2909e+02	2.7026e+02	2.6258e+01	-1.0281e+03	2.9623e+01	5.4925e+02	-4.2217e+02	1.3325e+03	-2.4392e+03	2.9911e+02	5.3743e+02	-9.8719e+02	2.3840e+02	1.1000e+03	-1.1781e+03	1.6374e+02	6.7644e+02	-7.1182e+02	9.8975e+02	1.5048e+02	-1.0278e+03	2.1222e+02	2.1185e+02	-8.3608e+02	-1.3422e+03	9.4855e+02	7.7643e+01	-5.5689e+01	-8.8121e+02	7.3761e+01	3.1588e+02	6.7251e+02	9.6660e+02	3.5121e+02	6.2398e+01	-1.5364e+03	-9.7050e+02	1.2689e+03	-6.0406e+02	-5.8238e+00	-5.5138e+02	-3.1261e+00	-4.2010e+02	-8.4677e+02	1.7052e+03	8.6949e+02	3.3186e+02	-3.7298e+02	1.3387e+02	-1.5520e+01	5.1947e+02	-8.2740e+02	1.0741e+03	-1.6756e+02	1.2241e+03	6.0777e+02	-1.2377e+02	2.2641e+03	3.5145e+02	-1.9128e+02	-8.3914e+02	8.2231e+02	6.7400e+02	2.0227e+02	-4.3253e+02	1.2918e+03	-8.9777e+02	9.7538e+02	1.4703e+02	4.5655e+02	2.0511e+02	2.3796e+02	3.2858e+02	-2.5086e+02	1.5645e+03	4.9198e+02	-3.2534e+02	-8.0200e+02	1.1203e+03	-1.1095e+02	8.6874e+02	9.3280e+02	-4.0221e+02	9.1798e+02	8.2285e+02	-8.6137e+02	-5.4143e+02	-6.0037e+02	-5.9832e+02	6.3912e+01	-3.3339e+02	-5.6836e+02	3.1432e+02	-4.6858e+01	8.1209e+02	6.2223e+02	7.8659e+02	1.2944e+03	5.1111e+01	2.1018e+03	-7.3501e+02	-1.7331e+02	-2.6680e+02	1.1135e+03	-1.5115e+02	-6.9315e+01	1.2038e+03	4.0594e+02	-8.9743e+02	2.8846e+02	8.0005e+02	3.2265e+02	6.0151e+02	-4.4623e+02	1.3813e+02	-3.1755e+02	3.3590e+02	9.3579e+02	1.8266e+03	5.0155e+02	1.0882e+03	-5.4261e+02	1.2274e+03	-2.8755e+01	-3.7882e+02	-1.2640e+03	6.2979e+02	-7.4217e+02
1.2000e+05	3.4414e+03	2.9092e+02	1.3888e+03	9.7462e+02	-2.3250e+03	3.2898e+03	-1.2527e+03	9.8544e+02	-2.2189e+03	-2.2620e+03	-1.1846e+02	-1.2158e+03	3.6661e+02	1.3809e+02	-1.1478e+03	-9.5730e+02	2.1824e+03	8.6034e+02	6.4222e+02	-1.1112e+03	2.6287e+02	-1.6265e+03	-1.0187e+03	-2.1792e+03	-1.7858e+02	-1.2644e+03	-3.9286e+03	-2.5231e+03	1.7607e+01	7.8557e+02	1.5660e+03	-4.2914e+02	-1.6876e+03	3.1345e+02	3.4897e+02	-6.6590e+02	1.1760e+03	6.2846e+02	3.6401e+02	3.7391e+03	-1.2553e+03	-6.4300e+02	-1.0339e+03	-7.8560e+02	2.7398e+03	8.1266e+02	7.3895e+02	-1.0104e+03	-6.2857e+02	-2.6263e+02	-1.3666e+03	7.6433e+01	6.3682e+02	1.7025e+03	-2.4179e+03	8.4504e+01	3.1237e+02	2.9642e+03	1.6238e+03	-1.2501e+03	-2.0964e+03	-1.3189e+03	1.3713e+02	-2.8374e+02	2.9647e+02	6.5462e+02	-1.5862e+03	-6.2907e+02	1.1313e+02	1.1407e+03	6.9099e+02	2.7006e+03	7.7493e+02	1.0384e+03	-8.4327e+02	-2.8808e+03	1.5772e+03	1.5770e+03	2.4537e+02	-1.6627e+03	2.3713e+03	1.5900e+03	-9.9852e+02	1.7971e+03	1.4449e+03	-2.8615e+03	2.1308e+02	-1.0665e+03	1.2700e+03	7.7888e+02	-1.7094e+03	2.6115e+03	1.1391e+03	8.2077e+02	-1.0671e+03	-5.0134e+02	-2.8468e+02	-1.0576e+03	-7.5613e+02	3.2137e+02	-1.7394e+03	2.5875e+03	-1.2291e+02	7.6497e+02	1.7421e+03	1.4237e+03	3.2761e+01	-5.6863e+02	-3.2785e+03	-2.0888e+02	-4.8079e+02	1.0910e+03	-2.9701e+02	-2.1075e+03	-2.8203e+02	4.9061e+02	7.0895e+00	-1.5768e+03	-7.6145e+02	2.2016e+03	-1.4857e+03	-5.0273e+02	-6.4491e+02	-2.0029e+03	2.5659e+03	-1.9155e+03	-6.9665e+01	-6.1916e+01	-1.8077e+02	1.1658e+03	9.6815e+02	-7.1087e+02	-2.0485e+03	-1.1818e+03	-2.7220e+02	-2.7960e+02	3.5178e+02	3.3432e+03	2.0231e+02	2.4936e+03	1.4015e+03	1.8264e+03	-3.7544e+02	-1.9165e+02	1.0553e+03	-1.6429e+03	-8.7670e+02	2.0394e+02	-1.9705e+03	2.1634e+03	-1.0827e+03	-4.0426e+01	1.5232e+03	-7.1180e+02	-2.0462e+03	2.1841e+03	7.3155e+02	5.8349e+02	-9.1427e+02	1.9562e+03	3.5761e+02	-1.6158e+02	-5.2020e+03	2.8979e+03	1.0731e+01	1.5596e+02	1.2125e+02	1.5276e+03	4.2709e+02	1.0108e+03	1.9317e+03	3.4259e+02	7.9063e+02	-4.0363e+02	2.0233e+02	-1.0788e+03	-1.9589e+03	-7.0610e+02	-1.2077e+03	2.6904e+03	1.0047e+03	3.3744e+03	-6.9377e+02	-7.6357e+01	1.7257e+03	8.8155e+01	4.0911e+02	1.4809e+03	1.1600e+03	2.8128e+03	-2.0214e+02	-1.4710e+03	-1.4673e+03	-3.1467e+01	1.0247e+03	-9.1645e+02	9.5159e+01	7.8516e+02	-1.2142e+03	8.6009e+02
1.4000e+05	-1.3797e+03	-7.3151e+02	1.0566e+02	2.7391e+01	9.6093e+02	2.4514e+02	-7.3851e+02	2.2463e+03	1.7936e+02	3.9442e+02	1.8135e+03	2.1404e+02	6.8311e+01	-4.8125e+02	1.2044e+03	2.3617e+02	-1.5272e+03	-1.2132e+03	3.8394e+02	9.9287e+02	3.7305e+02	6.7282e+02	1.4439e+02	-4.3118e+02	-1.1674e+03	1.7520e+03	6.0814e+02	6.6917e+02	8.2454e+02	-8.3902e+01	6.7271e+02	7.8575e+02	2.8856e+02	5.7609e+02	1.6017e+02	7.7752e+02	8.9148e+02	4.0693e+02	2.2739e+03	9.4399e+02	1.0097e+03	1.4255e+03	-1.2749e+03	-8.5226e+02	-8.0517e+01	-1.5871e+03	2.8260e+02	-6.4858e+02	1.1274e+03	2.2394e+02	-3.1829e+02	7.0495e+02	1.5889e+03	4.6598e+02	2.2371e+02	-4.1564e+02	1.0056e+03	-7.4343e+02	1.9859e+03	4.8890e+02	-1.7912e+03	3.9043e+02	-2.2713e+02	-1.1231e+02	4.3429e+02	-5.1082e+01	1.9247e+03	1.3840e+03	1.2847e+03	1.1468e+03	-2.2809e+02	4.7507e+02	-9.4778e+02	3.5474e+02	-1.7437e+02	-1.1221e+03	-1.6156e+02	3.1778e+02	1.4250e+01	1.0868e+03	-2.5192e+03	3.9405e+02	1.0782e+03	-7.5454e+02	-1.0000e+02	1.0987e+03	-1.3807e+03	1.2497e+02	2.0750e+02	-1.1200e+03	1.7072e+03	-1.4507e+02	-7.3862e+02	7.6132e+02	1.6512e+01	-1.0229e+03	-1.2407e+03	1.0596e+03	-6.0196e+01	3.8104e+02	-9.8788e+02	1.1825e+01	4.6642e+02	1.0515e+03	6.9719e+02	-3.4043e+02	-9.9830e+01	-8.5037e+02	-6.9272e+02	1.4967e+03	-5.9442e+02	-2.8551e+02	-1.4170e+03	-2.1821e+02	-5.6497e+02	-6.5209e+02	1.6629e+03	7.6267e+02	1.7663e+02	5.9272e+01	-3.8428e+02	-3.7003e+02	6.2934e+02	-1.2431e+03	9.1932e+02	-2.1738e+02	1.1179e+03	1.2033e+03	1.7235e+02	2.1395e+03	-2.4506e+02	-6.9170e+02	-1.4071e+03	1.1032e+03	8.3808e+02	2.5587e+02	-1.4853e+02	1.8019e+03	-7.3304e+02	1.0308e+03	1.8669e+02	3.6550e+02	3.0950e+02	3.8879e+02	6.4281e+02	-6.6290e+02	1.3059e+03	3.7304e+02	-6.7864e+02	-8.4614e+02	9.1388e+02	-2.6274e+02	1.8018e+03	6.4872e+02	-6.4656e+02	1.0374e+03	1.2165e+03	-7.6002e+02	-6.5948e+02	-6.8899e+02	-4.8220e+02	-6.5420e+02	-6.5343e+02	-1.1555e+03	2.8702e+01	-1.2727e+02	5.5753e+02	1.1004e+03	6.6832e+02	1.1143e+03	-7.1402e+02	2.0537e+03	-3.7342e+02	1.2113e+02	-3.8853e+02	1.2119e+03	2.8359e+02	2.5436e+02	9.9255e+02	4.7724e+02	-5.9125e+02	-5.7075e+02	9.9337e+02	-1.4212e+02	5.8478e+02	-6.1092e+02	-3.0350e+02	7.4992e+01	3.1729e+02	7.1852e+02	1.9198e+03	1.2326e+02	1.0116e+03	-8.6521e+02	1.1344e+03	3.1713e+02	-2.3346e+02	-1.0084e+03	6.7482e+02	-1.5240e+02
1.4000e+05	3.2144e+03	4.6282e+02	2.0333e+03	9.2151e+02	-1.5123e+03	2.8559e+03	-1.7450e+03	6.5209e+02	-2.7124e+03	-2.5355e+03	-7.8006e+02	-1.3876e+03	5.6855e+02	4.7215e+02	-7.6438e+02	-1.8691e+03	2.7905e+03	8.9324e+02	1.5033e+03	-1.2508e+03	3.9943e+01	-1.2853e+03	-7.2386e+02	-1.6532e+03	2.2711e+02	-8.2364e+02	-3.8595e+03	-1.9506e+03	9.7807e+00	-1.1143e+02	5.7740e+02	-1.5062e+03	-1.7941e+03	-3.7792e+02	5.6001e+00	-4.2788e+02	1.4975e+03	9.3066e+02	3.9149e+02	4.6630e+03	-1.0305e+03	-6.1642e+02	-3.7812e+02	-6.3524e+02	2.9830e+03	6.1113e+02	7.8805e+02	-6.6586e+02	-8.8221e+01	-1.4607e+03	-2.6102e+02	-6.1876e+02	4.6444e+02	8.4205e+02	-2.8635e+03	1.6273e+02	1.6672e+01	2.9703e+03	1.4184e+03	-2.2587e+03	-2.4331e+03	-2.2688e+03	-1.3923e+02	-3.9358e+02	-8.5626e+02	1.1872e+03	-2.0137e+03	2.2037e+02	1.7240e+02	1.6744e+03	7.5600e+02	2.7534e+03	6.2610e+02	1.0549e+03	-1.0481e+03	-2.5926e+03	5.5332e+02	1.6647e+03	7.8218e+02	-9.4586e+02	2.3601e+03	1.6309e+03	-7.9301e+02	2.6336e+03	1.4293e+03	-2.9659e+03	1.2837e+02	-4.0930e+02	1.8892e+03	6.3093e+02	-2.3720e+03	3.1254e+03	6.8197e+02	4.6439e+02	-9.2718e+02	-1.0838e+03	-3.5660e+02	-1.4072e+02	-6.1514e+02	3.0262e+02	-8.6189e+02	2.4484e+03	5.2847e+02	2.4666e+02	2.1230e+03	1.1225e+03	-8.9660e+02	-8.5904e+02	-4.2809e+03	-1.2420e+03	-1.2878e+03	1.3411e+03	-3.6141e+02	-1.2147e+03	-9.7610e+02	1.8887e+02	1.0229e+03	-1.7688e+03	-7.8870e+02	2.5811e+03	-1.6531e+03	-3.0890e+02	-5.5651e+02	-2.5296e+03	1.3266e+03	-1.2156e+03	-7.9646e+01	1.9426e+02	9.6260e+02	1.0632e+03	8.2144e+02	-1.1327e+03	-1.2798e+03	-1.5310e+03	-4.2645e+02	-3.4234e+02	-4.6181e+02	3.7606e+03	-2.2096e+01	2.7488e+03	1.6211e+03	2.2443e+03	-4.6787e+02	-5.1685e+02	1.5668e+03	-2.4712e+03	-1.5290e+03	7.8405e+02	-1.4721e+03	1.7625e+03	-8.3408e+02	-7.8882e+02	1.0786e+03	-3.1968e+02	-1.7662e+03	2.7295e+03	-2.6179e+02	1.0578e+03	-1.2030e+03	2.5411e+03	-2.7451e+02	2.6781e+02	-5.6506e+03	2.7231e+03	-4.5700e+02	-3.2252e+02	-9.8476e+01	1.1315e+03	4.4678e+02	8.7640e+02	1.5692e+03	1.1501e+03	1.3015e+03	-8.9207e+02	1.2494e+03	-5.2851e+02	-2.2741e+03	2.7255e+02	-2.1638e+03	2.3314e+03	1.4786e+03	3.2995e+03	-6.7147e+01	6.6279e+02	2.8504e+03	-4.0484e+01	2.1583e+01	1.6214e+03	1.3826e+03	2.2381e+03	-1.9132e+02	-1.7208e+03	-2.2743e+03	3.4790e+02	-1.4929e+02	-1.2183e+03	-5.1205e+02	1.2421e+03	-1.6044e+03	1.0373e+03
1.6000e+05	-1.5332e+03	-3.4475e+02	3.5090e+02	7.7659e+02	1.2084e+03	-9.0019e+01	-7.5867e+02	2.4324e+03	-6.0329e+01	2.7271e+02	1.7776e+03	2.0688e+02	-3.6940e+02	-1.8130e+02	1.4687e+03	2.5302e+01	-1.2458e+03	-4.6960e+02	3.3082e+02	1.4384e+03	3.8717e+01	1.0436e+03	5.4970e+02	-4.7502e+02	-6.9951e+02	1.8920e+03	8.6427e+02	7.2415e+02	8.3055e+01	6.8874e+01	1.7743e+02	6.2569e+02	4.0879e+01	5.3246e+02	1.9548e+02	1.1233e+03	1.3641e+03	1.2863e+02	2.8006e+03	1.6501e+03	1.0530e+03	1.9032e+03	-1.4190e+03	-9.6242e+02	-3.0942e+02	-1.4076e+03	1.7796e+02	-6.5157e+02	1.1526e+03	7.9909e+01	7.9942e+00	2.8774e+02	1.2623e+03	5.8355e+02	8.2815e+02	-5.3455e+02	1.5264e+03	-6.5599e+02	2.0828e+03	5.9904e+02	-1.5057e+03	1.0648e+02	6.7698e+01	-5.3407e+02	2.6517e+02	-3.6028e+02	2.7619e+03	1.4427e+03	1.6768e+03	1.9455e+03	-3.3488e+02	6.8432e+01	-7.0411e+02	8.3064e+02	3.0415e+02	-1.0292e+03	5.2462e+01	8.4300e+02	3.4148e+02	5.9751e+02	-2.0439e+03	3.2645e+02	1.6816e+03	-5.9033e+02	1.7127e+02	9.5890e+02	-1.4020e+03	1.0652e+02	7.2466e+02	-1.2240e+03	1.6538e+03	2.1982e+02	-9.0439e+02	9.1238e+02	5.4156e+02	-8.7304e+02	-9.3510e+02	1.7552e+03	-4.4899e+02	-2.9957e+01	-1.1594e+03	2.0084e+02	4.1720e+02	9.5086e+02	9.2175e+02	-5.7092e+02	-7.1943e+02	-8.7881e+02	-8.8162e+02	1.4184e+03	-9.7473e+02	-3.8122e+01	-1.3756e+03	-8.3281e+02	-7.0435e+02	-7.1249e+02	1.8052e+03	9.3210e+02	1.6264e+01	-1.5506e+02	-7.3659e+02	-4.1686e+02	1.0111e+03	-1.2034e+03	1.2686e+03	-5.7778e+02	9.6956e+02	1.0860e+03	4.9791e+01	2.4961e+03	-9.6158e+02	-4.8063e+02	-1.6068e+03	5.7940e+02	1.1515e+03	1.5272e+02	-2.4659e+02	1.5654e+03	-9.2259e+02	8.4321e+02	5.0052e+02	-7.2319e+01	-9.8285e+01	-7.0216e-01	6.9414e+02	-6.4049e+02	1.5835e+03	-2.2875e+02	8.4043e+01	-5.8494e+02	1.7473e+03	-1.0186e+02	2.3215e+03	1.8994e+02	-1.8494e+02	1.1927e+03	7.3886e+02	-8.0610e+02	-2.7943e+02	-6.6069e+02	3.5335e+02	-5.5999e+02	-4.2488e+02	-7.4751e+02	3.6786e+02	-1.2665e+02	7.6947e+02	8.7806e+02	4.1979e+02	1.1393e+03	-8.8050e+02	1.6427e+03	-3.0597e+01	4.4524e+02	-6.1230e+02	1.2595e+03	2.5385e+02	1.6366e+02	8.0288e+02	8.6308e+02	-1.0709e+03	-1.1207e+03	1.5567e+03	1.6650e+02	2.2563e+02	-5.1003e+02	-4.2263e+02	-6.2351e+02	5.5542e+01	7.1847e+02	1.9324e+03	8.1681e+01	4.8581e+02	-8.7266e+02	1.3119e+03	6.4342e+02	2.3307e+02	-9.3121e+02	8.1940e+02	3.8936e+02
1.6000e+05	3.7618e+03	9.9905e+00	2.3785e+03	1.7236e+02	-2.1407e+03	1.9643e+03	-1.8132e+03	5.1516e+02	-1.6635e+03	-1.9732e+03	-4.6019e+02	-1.9774e+03	5.0610e+02	6.7026e+02	-8.9308e+02	-2.8626e+03	2.6474e+03	8.5024e+02	2.1031e+03	-7.7186e+02	-9.3817e+02	-1.2513e+03	-1.0936e+03	-2.7101e+03	5.3522e+02	-9.1673e+02	-4.5737e+03	-2.0498e+03	-7.7496e+01	1.0130e+02	7.1927e+02	-1.4626e+03	-1.5468e+03	-5.2527e+02	-9.2419e+01	-4.2028e+02	1.4002e+03	1.0392e+03	7.9520e+02	4.7732e+03	-1.1618e+03	-1.7223e+02	-3.6191e+02	-1.6556e+03	2.5842e+03	1.5799e+02	4.2983e+02	-7.8444e+01	2.0959e+01	-2.1852e+03	6.1461e+02	-1.1261e+03	-4.7420e+02	1.4935e+03	-2.7990e+03	3.2588e+02	1.5300e+02	3.2784e+03	2.0566e+03	-2.0160e+03	-2.2794e+03	-1.5425e+03	5.8388e+02	-6.8107e+02	-3.5081e+02	4.9403e+02	-1.8499e+03	1.0293e+03	-6.8454e+02	1.6027e+03	-6.3837e+01	2.7021e+03	9.4828e+01	7.6091e+02	-1.5408e+03	-2.5567e+03	-5.4038e+02	1.3769e+03	4.7451e+02	-1.7000e+03	1.0715e+03	8.7922e+02	-2.6564e+02	2.4592e+03	1.3540e+03	-2.9129e+03	1.1279e+02	-8.7894e+02	1.7641e+03	-6.4349e+02	-2.5442e+03	3.6183e+03	9.9479e+02	4.8758e+02	-6.0849e+02	-1.2293e+03	-1.4047e+02	2.2624e+02	-9.9257e+02	-2.7747e+02	-1.0273e+03	3.1801e+03	5.6964e+02	-5.1828e+02	2.0835e+03	1.2582e+03	-1.3680e+03	-1.8747e+02	-5.7905e+03	-9.8551e+02	-1.4816e+03	5.6877e+02	-5.0548e+02	-3.3610e+02	-1.7069e+03	-5.2710e+02	1.1943e+03	-1.7957e+03	-1.3625e+03	2.1977e+03	-8.8302e+01	-2.5069e+02	2.8238e+02	-3.0078e+03	2.7193e+02	-1.1383e+03	5.1037e+02	-2.8120e+02	-4.9726e+02	7.8091e+02	8.2487e+02	2.0606e+02	-1.4109e+03	-1.3281e+03	-3.9936e+02	4.5918e+02	-6.7560e+02	5.0476e+03	3.2149e+02	2.4059e+03	2.1504e+03	1.9530e+03	-3.4932e+02	3.5155e+02	1.5403e+03	-1.6097e+03	-1.2630e+03	-5.3262e+02	-1.9307e+03	1.7142e+03	-2.4575e+02	-1.6318e+02	1.0273e+03	-3.1402e+02	-1.6320e+03	3.5442e+03	-4.5555e+02	1.4307e+03	-1.1623e+03	2.3301e+03	2.9988e+01	3.1780e+02	-5.7448e+03	2.0631e+03	-4.0671e+01	1.2244e+02	4.2653e+02	1.4438e+03	4.6926e+02	1.5604e+03	8.5977e+02	2.1514e+03	1.8012e+03	-1.5975e+03	7.6943e+02	-1.1459e+03	-2.2760e+03	1.4052e+03	-1.9822e+03	1.5930e+03	1.2451e+03	4.0648e+03	7.4971e+02	1.5004e+02	2.8269e+03	-6.6690e+02	-5.3992e+02	9.6971e+02	1.6848e+03	1.8733e+03	2.7802e+01	-9.0864e+02	-2.1787e+03	9.3312e+02	6.1633e+02	-7.7001e+02	-9.8886e+01	2.0439e+03	-2.7683e+03	6.0575e+02
1.8000e+05	-1.7294e+03	-2.3501e+02	4.1625e+02	7.1001e+02	6.4488e+02	-7.2609e+02	-7.7242e+02	2.0686e+03	-1.3601e+02	3.8501e+01	1.4188e+03	7.1000e+02	-2.7660e+02	-4.8254e+02	1.6463e+03	6.3063e+02	-1.1316e+03	9.3771e+01	6.2500e+02	1.3713e+03	-4.2874e+02	2.4094e+02	5.4853e+02	-1.4409e+02	-1.0723e+03	1.8864e+03	5.9489e+02	1.1783e+03	9.6770e+01	-2.9595e+02	2.4984e+02	-1.1992e+02	-3.8782e+02	5.7893e+02	-1.2728e+02	1.4527e+03	1.3536e+03	-2.9337e+02	3.0311e+03	1.8494e+03	1.2072e+03	2.0297e+03	-9.8515e+02	-9.3486e+02	-6.6233e+02	-1.8222e+03	3.7680e+02	-2.8882e+02	8.9152e+02	3.1793e+02	3.9212e+02	-2.2251e+02	2.0478e+03	7.7892e+02	4.2843e+02	-4.9279e+02	8.5256e+02	-9.6592e+02	1.5357e+03	1.1702e+03	-1.2523e+03	-1.0195e+02	5.3653e+02	-5.5391e+02	6.0770e+02	-1.1223e+03	3.0308e+03	1.1710e+03	1.9090e+03	1.7910e+03	-4.0833e+01	1.3580e+02	-1.0430e+03	8.9503e+02	1.9793e+02	-1.1414e+03	-1.8479e+02	1.6260e+03	1.8847e+02	5.6826e+02	-2.0678e+03	6.2592e+02	1.1846e+03	-6.3592e+02	3.3671e+02	1.7255e+03	-1.2063e+03	-4.2911e+01	6.3954e+02	-1.5780e+03	1.5700e+03	4.5598e+02	-7.4017e+02	9.3377e+02	1.0835e+03	-9.8895e+02	-1.3275e+03	1.9352e+03	-6.9658e+02	3.0792e+02	-7.8052e+02	2.2409e+02	-7.1582e+01	6.4692e+02	1.3177e+03	-5.0210e+02	-6.7096e+02	-1.1246e+03	-5.3372e+02	1.4400e+03	-2.5280e+02	-5.4124e+02	-1.2393e+03	-5.2292e+02	-2.3835e+02	-5.9751e+02	1.9855e+03	9.3844e+02	-1.3776e+01	3.1035e+02	-8.6387e+02	-6.5273e+02	1.1913e+03	-1.5675e+03	6.2291e+02	-6.4167e+02	9.1880e+02	1.3489e+03	-6.0751e+02	1.9873e+03	-7.2996e+02	-1.4614e+02	-1.0974e+03	5.7660e+02	1.0082e+03	-4.2870e+02	-5.4215e+02	1.6496e+03	-5.2987e+02	1.4689e+03	2.9912e+02	-1.3991e+02	-1.1171e+02	1.0235e+02	9.1097e+02	-8.2375e+02	1.0973e+03	-1.5563e+02	9.1677e+02	-3.1019e+02	1.3961e+03	2.4044e+02	2.7229e+03	5.4985e+02	-6.5578e+01	1.4934e+03	5.1332e+02	-1.3183e+03	-9.8463e+02	-9.0427e+02	5.8040e+02	-9.5162e+02	-4.4340e+02	-6.3949e+02	7.6900e+02	3.3523e+02	1.3872e+03	1.3583e+03	1.4639e+01	7.4071e+02	-6.0327e+02	1.5660e+03	-3.1434e+02	4.3660e+02	-2.3896e+02	2.0110e+03	1.9020e+02	1.6827e+02	7.5903e+02	7.8670e+02	-1.4640e+03	-1.7779e+03	1.4579e+03	6.0498e+02	3.1136e+02	-3.1268e+02	-1.9216e+02	-6.2746e+02	5.0377e+02	7.4629e+02	1.7080e+03	5.3226e+02	1.3036e+03	-1.4209e+03	1.3514e+03	1.0373e+03	-6.1911e+02	-1.3679e+03	1.2299e+03	5.5200e+02
1.8000e+05	4.1718e+03	9.1151e+02	1.2181e+03	5.3184e+02	-2.7915e+03	2.3181e+03	-2.7402e+03	2.4513e+02	-2.4352e+03	-2.2324e+03	-9.7041e+02	-1.2674e+03	7.1917e+02	8.1038e+02	-1.1280e+03	-2.6092e+03	2.6715e+03	8.4997e+02	2.4550e+03	1.1077e+01	-1.1282e+03	-1.3951e+03	-6.8203e+02	-4.1594e+03	1.8515e+03	-1.4697e+03	-4.2286e+03	-2.4341e+03	6.0564e+00	-6.7398e+02	1.7084e+03	-1.6049e+03	-1.9133e+03	-9.0422e+02	1.2900e+02	-5.7472e+02	1.3719e+03	1.0293e+03	8.3022e+02	5.0854e+03	-1.3678e+03	2.2955e+02	-9.0297e+01	-2.3067e+03	1.5526e+03	1.8474e+02	1.1142e+03	-6.2176e+01	2.6688e+00	-1.9094e+03	7.1377e+02	-1.5064e+03	-1.2459e+03	1.6981e+03	-1.7481e+03	-3.6427e+02	4.1978e+02	4.9432e+03	1.8714e+03	-1.3931e+03	-3.2396e+03	-1.3729e+03	-3.4826e+02	-7.2628e+02	2.4641e+02	7.9560e+02	-2.2591e+03	1.3918e+03	7.3388e+02	2.0236e+03	1.9011e+02	2.6670e+03	1.2840e+03	1.4519e+02	-1.4863e+03	-1.2595e+03	-2.0627e+03	1.9827e+03	8.5013e+02	-1.1611e+03	2.1165e+03	1.8236e+02	4.3863e+02	2.9421e+03	1.8777e+03	-3.6033e+03	2.8657e+02	-1.1257e+03	6.8478e+02	-6.0363e+02	-1.4808e+03	3.1083e+03	7.9023e+02	5.7029e+02	-3.0875e+02	-1.1546e+03	-3.1092e+02	1.5386e+03	-5.5426e+02	3.2356e+02	-1.1652e+03	3.9469e+03	4.3725e+02	-2.9237e+02	3.2525e+03	1.3924e+03	-2.6043e+03	-3.6179e+02	-6.3991e+03	-4.0585e+02	-2.1304e+03	2.1256e+02	-1.1028e+03	3.5403e+02	-6.7599e+02	-6.6425e+02	5.0602e+02	-2.3583e+03	-1.0989e+03	2.5528e+03	-1.5647e+02	-2.9857e+02	1.0224e+03	-3.2440e+03	4.2611e+02	-4.4002e+02	9.7423e+02	-1.4013e+03	-3.9890e+01	-3.2318e+02	1.7525e+03	-2.1087e+02	-8.0468e+02	-1.4405e+03	-1.2347e+02	6.3615e+02	2.2425e+01	4.0824e+03	-2.0912e+02	3.1967e+03	2.3529e+03	7.9533e+02	-2.6742e+02	2.9613e+02	1.1407e+03	-2.5029e+03	-7.2595e+02	-6.5429e+02	-1.6036e+03	1.7376e+03	6.9562e+00	8.0607e+02	1.4266e+03	-1.9390e+02	-2.2904e+03	3.8209e+03	-4.4982e+02	1.6870e+03	-1.2689e+03	2.7101e+03	-7.6506e+01	5.9238e+02	-5.2282e+03	1.5970e+03	-1.9577e+02	1.8273e+02	2.7529e+02	1.7041e+03	-1.6625e+02	1.5768e+03	9.5465e+02	1.6390e+03	1.6913e+03	-2.5977e+03	2.3040e+02	-1.3575e+03	-2.3607e+03	1.5457e+03	-1.8417e+03	1.3538e+03	1.2433e+02	3.8555e+03	1.1099e+03	1.1126e+03	3.0708e+03	-6.5864e+02	-6.7967e+01	3.9915e+02	2.1908e+03	2.0050e+03	7.2534e+02	-1.2985e+03	-2.2468e+03	8.4028e+02	5.6081e+02	-8.4770e+02	1.3721e+02	8.5347e+02	-3.2878e+03	7.4408e+02
2.0000e+05	-1.7482e+03	-7.8968e+02	5.8924e+02	1.0863e+03	-7.9429e+01	-7.1813e+02	-1.0980e+03	1.9080e+03	3.2246e+02	1.0859e+02	1.8156e+03	6.1007e+02	-8.9322e+01	-4.9094e+02	1.4641e+03	7.5183e+02	-1.7623e+03	6.2956e+02	1.2033e+03	1.1406e+03	-8.7264e+02	3.9619e+02	1.0138e+03	-9.6076e+01	-1.0565e+03	1.3617e+03	7.7838e+02	1.2724e+03	3.6050e+02	1.3590e+00	2.1773e+02	3.4045e+01	-5.5979e+02	1.3058e+02	-1.3083e+02	2.1489e+03	1.2407e+03	-2.2215e+01	3.1289e+03	2.0889e+03	1.2117e+03	1.6792e+03	-1.1671e+03	-1.4877e+03	-2.9681e+02	-1.5079e+03	7.0310e+02	-1.5601e+02	3.2868e+02	3.2087e+02	9.1318e+02	9.6667e+01	2.0234e+03	7.9000e+02	-1.6105e+02	-1.1402e+02	8.6660e+02	-9.4088e+02	1.2146e+03	1.0153e+03	-1.4495e+03	-8.5977e+02	7.4357e+02	-8.8348e+02	1.0716e+03	-8.5713e+02	3.4331e+03	1.8967e+03	2.1063e+03	1.8181e+03	-5.2865e+02	-2.2091e+01	-1.0844e+03	7.4150e+02	7.0508e+02	-1.1103e+03	-4.8026e+02	1.8426e+03	5.7852e+02	2.9575e+02	-2.3246e+03	8.4891e+02	1.2884e+03	-9.0254e+02	5.2342e+02	1.5261e+03	-1.1257e+03	-3.3350e+01	6.1184e+02	-8.8088e+02	1.2226e+03	7.3377e+02	-7.4693e+02	8.0438e+02	1.0477e+03	-8.4864e+02	-1.7234e+03	2.2013e+03	-8.3943e+02	8.1375e+02	-4.6507e+02	4.3824e+02	2.9161e+02	7.1167e+02	1.4546e+03	-2.5089e+02	-4.6358e+02	-1.2749e+03	6.4156e+01	1.3548e+03	-7.1429e+02	-7.1571e+02	-1.6493e+03	-3.0289e+02	2.3682e+02	-4.6556e+02	1.7978e+03	1.0695e+03	-2.4058e+02	7.6695e+02	-4.0702e+02	-6.9949e+02	9.8292e+02	-1.1032e+03	7.7927e+02	3.2895e+02	1.0711e+03	1.6992e+03	-9.5830e+02	2.4896e+03	-9.7289e+02	-8.4088e+02	-1.1264e+03	8.7035e+02	1.0829e+03	-1.1358e+03	-3.0155e+02	1.4453e+03	-6.4623e+02	1.5555e+03	5.2769e+01	-1.7288e+02	-3.3550e+02	5.3681e+02	7.7934e+02	-7.8913e+02	7.8385e+02	4.2691e+02	1.2903e+03	-1.6177e+02	1.5865e+03	2.7849e+02	2.8108e+03	5.7276e+02	-3.0870e+02	1.5887e+03	5.8638e+02	-5.5759e+02	-9.7659e+02	-4.6999e+02	1.5072e+03	-5.6652e+02	-8.9392e+02	-5.1304e+02	5.3887e+02	-4.3165e+02	1.9347e+03	1.8612e+03	-6.6019e+01	3.3899e+02	-2.5068e+02	1.8881e+03	-5.3871e+02	2.9897e+02	-5.7681e+02	1.6191e+03	3.8876e+02	3.1176e+02	7.9512e+02	8.2240e+02	-1.4253e+03	-1.3039e+03	1.8071e+03	7.7757e+02	3.6260e+02	-1.0094e+02	-5.4004e+01	-4.6932e+02	8.3349e+02	8.1978e+02	1.6013e+03	6.8615e+02	4.3485e+02	-1.4361e+03	8.7169e+02	1.0784e+03	-6.8265e+02	-6.2664e+02	1.5736e+03	3.6932e+02
2.0000e+05	3.5657e+03	1.2982e+03	1.2740e+03	-3.5674e+02	-2.1825e+03	9.8625e+02	-1.8865e+03	3.8755e+02	-2.1333e+03	-2.7052e+03	-2.8466e+02	-2.0891e+03	5.2110e+01	9.9094e+01	-9.8926e+02	-2.3082e+03	2.3607e+03	-2.0431e+01	1.6055e+03	1.6406e+02	-1.5851e+03	1.4922e+01	1.3000e+02	-3.8520e+03	2.4058e+03	-1.2786e+03	-3.9688e+03	-2.9840e+03	-3.4419e+02	-1.7901e+03	8.0270e+02	-2.4014e+03	-2.2543e+03	-3.2927e+02	7.4775e+02	-2.2635e+02	1.0212e+03	1.2320e+03	-1.0645e+02	4.7569e+03	-6.3631e+02	1.6486e+02	-5.7682e+01	-1.7881e+03	1.5272e+03	-1.0711e+02	1.0996e+03	6.1602e+02	2.1103e+02	-2.2770e+03	1.1329e+03	-1.7572e+03	-1.9899e+03	1.5133e+03	-1.3229e+03	-1.3692e+02	1.4356e+02	5.4363e+03	2.5048e+03	-7.2426e+02	-3.1528e+03	-1.3249e+03	-5.1824e+02	-8.9529e+02	6.1334e+02	4.4666e+02	-1.9468e+03	4.2482e+02	1.8560e+03	2.9873e+03	-4.4408e+01	2.5827e+03	-7.2680e+01	-5.0736e+02	-1.0840e+03	-1.2516e+03	-2.2142e+03	1.0587e+03	1.0157e+03	-3.8633e+02	2.2789e+03	4.0127e+02	3.1221e+02	2.4438e+03	1.7115e+03	-2.6537e+03	-1.7237e+02	-1.8403e+03	1.3861e+03	-4.0368e+02	-9.6462e+02	3.9701e+03	1.5747e+03	8.0204e+02	-1.8014e+02	-3.9815e+02	-7.8318e+02	5.6800e+02	-1.5899e+03	1.0843e+03	-2.0737e+03	3.4740e+03	8.9316e+02	-1.4108e+03	3.6652e+03	1.5528e+03	-2.6207e+03	1.5330e+02	-5.7420e+03	-2.8554e+02	-1.5218e+03	-4.2182e+02	-1.1114e+03	-5.0944e+02	-1.4214e+03	-1.2609e+03	1.0554e+03	-3.1048e+03	-1.8372e+03	2.6049e+03	-5.6580e+02	-4.5919e+02	1.6781e+03	-3.7476e+03	1.1844e+03	-6.6846e+02	8.2526e+02	-1.3239e+03	2.0234e+02	4.0144e+02	2.1558e+01	-4.1799e+02	-1.2273e+03	-2.4329e+03	-3.0547e+02	-4.3926e+02	7.4742e+00	4.2807e+03	4.6774e+02	3.1664e+03	1.7140e+03	1.1388e+03	-3.4911e+02	4.1239e+02	7.5583e+02	-2.2925e+03	-1.1595e+03	-8.0702e+02	-1.9157e+03	1.8205e+03	-4.7632e+02	2.1535e+02	1.8675e+03	-5.6599e+02	-2.4470e+03	3.2616e+03	-4.6358e+02	1.6917e+03	-7.6414e+02	3.1716e+03	-7.9178e+02	-2.3606e+02	-4.1558e+03	8.8876e+02	-2.5553e+02	4.7025e+02	1.5716e+03	9.8280e+02	5.3302e+02	1.8851e+03	4.7606e+02	2.2712e+03	1.4956e+03	-1.9254e+03	-6.4004e+02	-1.6053e+03	-2.9132e+03	1.5682e+03	-1.9894e+03	2.8761e+02	1.2298e+03	3.4320e+03	8.6581e+02	1.3621e+03	2.7719e+03	-1.2733e+02	-7.1656e+02	-5.4094e+02	1.8801e+03	1.6870e+03	4.8483e+00	-1.5812e+03	-2.3307e+03	1.1367e+03	9.9581e+02	-7.0322e+02	3.1402e+01	7.0824e+02	-3.9029e+03	-3.4347e+02
