2.0000e+04	2.4619e+02	2.0540e+02	-7.1295e+02	-8.9467e+00	3.0940e+02	-6.0853e+02	-1.9131e+02	-7.8625e+01	9.3649e+01	1.5327e+01	3.4255e+02	-3.7773e+01	1.3564e+01	-4.0649e+02	8.3898e+01	-3.0439e+02	3.8640e+02	3.0005e+01	-7.0789e+02	-3.8728e+02	-2.2847e+01	-3.4523e+02	-4.6970e+02	-9.4917e+01	-4.0764e+02	7.1025e+02	2.7765e+02	4.5862e+02	-6.6026e+02	1.1592e+02	-9.1961e+01	-3.6553e+02	-1.5375e+02	1.0108e+02	-4.2681e+02	2.5579e+02	2.5483e+01	-2.5943e+02	4.2958e+02	-2.5123e+02	-4.0107e+02	-2.5065e+01	-2.7321e+02	3.0958e+02	5.5330e+01	-2.7670e+02	-8.9892e+02	-1.1574e+02	-4.4311e+01	-8.0752e+01	-3.8105e+02	1.4106e+02	-6.2611e+01	-1.2975e+02	-1.4404e+02	-1.1167e+01	6.8669e+01	1.9147e+02	5.6138e+02	-5.2829e+01	5.5759e+00	7.9029e+02	5.5560e+01	2.4564e+02	-1.8697e+02	4.9057e+02	-5.5810e+01	4.0437e+02	3.5442e+02	-3.0082e+02	1.9722e+02	1.1098e+02	-5.7674e+02	-7.0846e+01	1.6719e+02	-1.4872e+02	-3.7965e+02	-5.4147e+02	-7.2612e+01	2.1751e+02	-6.5934e+02	-1.5711e+02	-1.7751e+02	8.5850e+01	3.2422e+02	1.7770e+02	1.4079e+02	-3.5135e+02	-4.0491e+02	9.3745e+01	7.5255e+01	-3.1426e+02	-6.6652e+01	-5.3235e+01	-3.6147e+02	-1.8376e+02	5.1763e+01	4.2138e+01	-4.4697e+02	-1.0943e+02	-9.0925e+02	-1.9294e+02	5.9066e+02	-2.2131e+02	-4.7704e+02	1.5293e+02	2.8678e+02	-4.3245e+02	-3.6786e+02	-6.4211e+02	-2.5309e+02	-2.5130e+02	2.5942e+02	1.7007e+02	-2.9404e+02	2.4478e+02	-8.4214e+02	-1.5552e+02	-4.8663e+02	2.0921e+02	-4.5442e+02	1.6521e+02	-1.2663e+02	-4.1792e+01	3.9598e+01	-7.6574e+02	-8.0328e+01	2.0711e+02	-2.6358e+02	3.8742e+02	2.2474e+02	3.3754e+02	-9.8616e+02	-1.2578e+02	5.5235e+02	-2.9369e+02	-5.9649e+02	-4.4943e+01	7.0778e+02	3.8200e+02	2.0274e+02	3.7400e+01	-2.0287e+02	1.2126e+02	-1.4123e+02	-6.8089e+02	5.0867e+02	-6.3791e+02	-4.4943e+02	-2.5066e+02	4.0649e+02	1.5088e+02	1.8107e+02	-6.6835e+02	7.1743e+02	3.3027e+01	1.0516e+02	-4.0554e+02	-2.9925e+02	-9.2747e+02	-1.0171e+02	4.2836e+02	-2.1258e+02	3.4350e+02	-1.2515e+02	2.5555e+02	-4.5133e+02	6.0661e+02	2.1876e+02	4.8942e+02	-2.1466e+02	-3.6228e+02	1.2345e+02	3.8308e+01	-4.9032e+01	-1.6667e+02	2.3601e+02	-6.0001e+02	-1.7029e+02	-4.2642e+02	-1.8213e+02	-1.7590e+02	-3.7811e+02	-5.8769e+02	-3.4634e+02	8.3458e+01	-3.3668e+02	-3.8593e+02	3.4706e+02	-3.6739e+01	-4.5388e+02	1.6872e+01	-1.2575e+02	-1.2755e-01	5.6139e+01	-5.7300e+02	-6.7338e+01	-7.2949e+01	8.2462e+02	-9.2879e+01
2.0000e+04	-7.1274e+02	-2.1569e+02	-2.5693e+02	-4.0412e+01	-6.8020e+02	-5.2723e+02	-4.6025e+02	6.3383e+01	-2.4937e+02	9.7700e+01	-6.0685e+02	-1.7612e+03	-6.3798e+02	-2.8155e+02	-2.7734e+02	6.4940e+02	1.3569e+02	9.9495e+01	-9.0606e+02	-2.6822e+02	7.0348e+02	-5.1478e+02	1.2766e+02	6.1526e+02	8.4497e+02	-1.6732e+02	8.9485e+02	-1.9263e+02	-5.2458e+02	-2.2523e+02	2.3714e+02	3.2825e+02	7.5571e+02	-4.9372e+02	-1.0551e+03	-2.8894e+02	-2.8860e+02	1.1808e+03	-4.2909e+02	7.0870e+02	7.9462e+01	2.9518e+02	4.0114e+02	-3.0752e+02	-2.1213e+02	-6.5370e+02	1.6675e+02	3.6103e+02	-3.1754e+02	-2.9392e+02	1.5255e+02	3.4264e+02	-7.6837e+02	-2.6141e+02	4.5870e+02	6.9067e+02	1.3157e+03	4.3392e+02	1.3384e+03	4.3015e+02	-4.5165e+02	-3.0624e+02	7.2469e+02	4.1045e+02	8.5233e+01	6.7708e+01	1.2655e+02	7.6573e+02	1.0267e+02	3.6097e+01	7.3212e+02	7.2665e+02	5.0906e+02	4.7574e+01	1.2038e+02	1.0183e+03	-1.1476e+02	3.6894e+02	-3.0781e+02	-1.8934e+02	-9.9020e+01	-1.7632e+02	-5.4404e+02	-2.0655e+02	-4.6155e+01	-1.0434e+03	7.9187e+02	-2.0666e+02	-5.0595e+02	9.9805e+02	1.5707e+02	-7.5162e+02	-2.4816e+02	-5.7684e+02	6.6007e+02	-6.5623e+01	-7.8887e+00	-1.2347e+03	8.5310e+02	-3.6299e+01	8.0595e+02	4.9802e+01	1.0545e+03	5.6143e+02	2.8826e+02	-2.7306e+01	1.7967e+03	-6.7741e+02	-3.4495e+02	1.2331e+02	1.2670e+02	8.4260e+02	-1.2041e+03	8.0605e+02	8.1503e+01	1.0829e+03	1.4253e+03	-1.0512e+03	-3.4278e+02	5.5755e+02	2.2453e+02	-7.2899e+02	-7.6639e+02	6.2404e+02	1.3414e+02	-4.0681e+02	9.8228e+02	4.4077e+02	4.7201e+02	6.4085e+02	-6.9758e+02	-9.1870e+01	-8.0835e+02	9.8882e+02	4.7055e+02	1.1444e+01	2.7981e+02	-2.3999e+01	1.9364e+02	-4.2301e+02	-3.5888e+02	-5.7033e+02	-4.1019e+02	2.8939e+02	-4.7566e+02	1.3996e+02	2.4044e+02	1.5246e+03	-1.4577e+02	5.2897e+02	7.8998e+02	2.0080e+02	-1.0221e+02	-7.9052e+02	2.5188e+02	-3.6117e+02	-5.5356e+01	-1.4481e+03	1.6566e+03	1.7015e+02	4.4617e+02	3.0174e+02	7.7025e+01	2.9415e+02	7.2300e+02	3.4594e+02	3.4725e+02	1.2749e+02	-6.5319e+02	1.3701e+03	7.1423e+02	5.7297e+02	-4.3815e+02	-4.2101e+02	9.2636e+02	-1.3796e+03	-1.4656e+02	5.1934e+02	-3.9972e+02	1.9211e+02	7.9008e+02	1.0728e+02	1.0228e+02	1.9365e+02	-4.6869e+02	2.5759e+02	-3.2275e+02	-7.7899e+02	-5.5414e+02	-2.4139e+02	-9.3066e+02	8.5998e+02	-4.9915e+02	1.5776e+02	2.4255e+02	4.2855e+02	-8.9272e+02	9.2815e+01	-3.9285e+02	-1.0414e+03
4.0000e+04	1.0815e+02	-1.6916e+02	-1.2675e+03	-2.1057e+02	4.8466e+02	-2.0594e+02	-2.7124e+02	-5.6126e+01	-1.6348e+02	2.7012e+02	1.3426e+02	-3.8215e+02	4.5172e+02	-4.7868e+02	-1.2555e+01	-4.6678e+02	5.6988e+02	-8.7979e+00	-3.6119e+02	-4.5638e+02	6.9876e-01	-2.3660e+02	-1.3437e+03	1.0441e+00	-5.4345e+02	8.3143e+02	1.0480e+03	7.8101e+02	-5.1203e+02	-1.3400e+02	-3.2642e+01	-2.3625e+02	-6.3147e+02	7.3202e+02	-4.0752e+02	-3.4600e+02	1.9512e+02	1.0051e+02	1.1979e+03	-3.4461e+02	-1.1850e+02	-6.2266e+01	-5.4442e+02	2.2676e+02	1.7049e+02	-3.5244e+02	-5.3622e+02	1.8771e+02	-5.8336e+02	1.1196e+02	-4.2570e+02	-2.9161e+02	-3.2985e+02	-5.7868e+02	-2.8625e+01	3.9136e+01	-8.1781e+00	-2.2682e+02	6.3917e+02	-5.9860e+02	-1.8776e+02	8.1246e+02	4.0485e+02	-3.0860e+02	-1.6758e+02	4.8567e+02	2.7479e+02	2.6849e+02	6.8276e+00	1.7158e+02	7.2054e+02	5.7952e+02	-4.2122e+02	1.2177e+03	4.2633e+02	-2.4865e+02	-1.7679e+02	-1.7731e-01	1.3430e+01	3.2069e+02	-7.3960e+02	-3.8551e+02	-2.2419e+02	-4.0270e+02	-1.5118e+02	-3.8578e+02	4.6933e+02	-3.0954e+02	-4.2920e+02	2.2650e+02	1.2907e+02	-4.0195e+02	3.9377e+02	-1.4088e+02	-2.3181e+02	-3.2625e+02	-1.3209e+02	-1.4522e+02	-5.4102e+02	3.2825e+01	-1.2318e+03	-4.0252e+02	6.7613e+02	-9.7060e+02	9.1506e+01	-9.8064e+01	1.8984e+02	-1.2689e+02	-6.1621e+02	-1.5322e+03	-6.3527e+02	1.0072e+02	9.5022e+01	-1.0923e+02	-4.5786e+02	5.8185e+02	-1.0948e+03	-1.2680e+02	-1.1772e+02	5.2359e+02	-4.1192e+02	2.1995e+01	-3.0481e+02	-3.1083e+02	-3.6751e+02	-6.6557e+02	5.3203e+01	6.3921e+02	-1.5584e+02	6.9851e+02	8.6077e+02	3.4349e+02	-8.7478e+02	-2.4440e+02	9.3208e+02	-4.5394e+02	-5.3489e+02	-1.8119e+01	1.0389e+03	7.2670e+02	1.3368e+02	8.8525e+02	-2.7726e+02	9.6600e+01	4.2206e+02	-7.7702e+02	8.0071e+02	-4.7800e+02	-1.3703e+02	-8.7227e+02	3.6951e+02	-7.8718e+01	4.6869e+02	-6.1792e+02	4.4247e+02	2.3264e+02	2.0502e+02	-1.7429e+02	-3.7434e+02	-1.2429e+03	-4.3188e+02	3.3239e+02	-8.1416e+01	6.9347e+02	7.3376e+02	1.1884e+02	-9.9004e+02	4.9355e+02	-9.7090e+00	5.4141e+02	1.0852e+02	-6.0464e+02	4.0587e+01	-3.1333e+02	2.5006e+02	-2.8896e+01	4.8531e+02	-6.6418e+02	-3.7940e+02	-4.1171e+02	1.4526e+02	-3.3388e+02	-3.8675e+02	-7.8210e+02	-4.1990e+02	1.0022e+02	-4.1178e+02	-7.0942e+02	5.9730e+02	2.7383e+02	8.0391e+01	-1.6290e+02	-4.9983e+02	5.3134e+01	5.4984e+02	-7.9871e+02	5.1304e+02	-1.6038e+02	7.7268e+02	2.0738e+02
4.0000e+04	-1.4511e+02	-4.6618e+02	-2.5009e+01	-3.7941e+02	-1.2721e+02	-3.5956e+02	5.2536e+02	-2.6065e+02	4.3969e+01	4.0762e+02	-4.8737e+02	-1.7380e+03	-1.9956e+03	-1.3716e+02	-3.7023e+02	6.6892e+02	6.3539e+02	1.2118e+03	-4.8168e+02	3.1420e+02	4.8910e+02	-2.2317e+02	-8.4357e+02	-1.1619e+02	5.2704e+02	-2.3190e+02	1.6921e+03	4.1331e+02	-1.1346e+03	-5.0608e+02	4.1120e+02	9.0085e+02	5.3942e+01	-1.9218e+02	-1.0981e+03	-2.8792e+00	-7.0075e+02	8.8060e+02	4.2938e+02	1.5331e+03	-2.1599e+02	1.8379e+02	-1.0236e+02	4.8180e+02	-5.8112e+02	-5.0615e+02	-1.7698e+02	5.8654e+01	-1.1558e+03	-5.8130e+01	1.1135e+02	1.0798e+02	-1.1101e+03	-8.1660e+02	7.6945e+02	1.1760e+03	6.9002e+02	1.0851e+03	9.4262e+02	5.6986e+02	-3.4661e+02	-5.4442e+02	1.8217e+03	1.1804e+02	-5.5488e+02	7.4810e+02	3.7728e+02	1.6326e+03	-4.2420e+02	2.4847e+02	6.5314e+02	1.3572e+03	1.3260e+03	-4.6445e+02	-1.8093e+02	4.5606e+02	6.6227e+02	6.0010e+02	-6.6829e+01	6.9074e+02	1.5266e+01	2.0631e+02	-1.8190e+03	-1.4049e+03	-3.3368e+01	-2.8428e+02	4.1363e+02	-6.6678e+02	-1.3240e+02	1.8180e+03	-8.5351e+00	-6.8318e+02	2.8162e+01	-6.0139e+02	1.2239e+02	3.4238e+02	-6.4024e+02	-1.8339e+03	-2.2638e+02	9.5518e+02	4.8741e+02	7.7638e+02	1.3393e+03	4.4762e+02	4.8116e+02	5.4059e+01	1.2275e+03	3.9993e+02	-1.1454e+03	4.9984e+02	-5.5402e+01	1.2471e+03	-5.6584e+02	1.9198e+02	-1.2160e+03	1.3557e+03	2.3966e+03	-1.6142e+03	-6.2262e+02	3.1131e+02	1.6645e+03	-1.4578e+02	-1.1119e+03	1.1571e+03	2.5274e+02	-3.7618e+02	1.6159e+03	-3.2502e+02	8.4413e+02	8.7949e+02	-1.5607e+03	-1.2894e+02	-2.0011e+03	1.1228e+03	1.7362e+03	2.8076e+02	4.6404e+02	6.7251e+02	1.3464e+01	-4.6078e+02	1.6189e+02	-3.1911e+02	-6.5683e+02	1.9367e+02	-1.6354e+03	-2.6087e+01	8.4873e+02	1.6575e+03	-1.0516e+03	1.1293e+03	6.1022e+02	1.2705e+03	-4.4544e+02	-7.3789e+02	8.4447e+02	-5.6495e+02	5.2726e+02	-1.9192e+03	1.2784e+03	-1.0882e+03	9.6913e+02	-3.8426e+02	1.7370e+03	6.4467e+02	1.5132e+03	1.3890e+03	-4.4450e+02	8.9801e+02	-8.3930e+02	1.3524e+03	4.5450e+02	5.5873e+02	-6.9393e+02	-2.3529e+03	1.4106e+03	-1.9597e+03	1.4115e+03	4.2470e+02	-1.4642e+03	5.4436e+02	4.6397e+02	2.6260e+02	-3.9436e+01	3.3100e+02	-1.3636e+03	-1.4629e+02	-1.0124e+03	-2.6646e+02	-1.3158e+03	2.1151e+02	-1.0341e+03	8.4780e+02	-4.7702e+01	4.1930e+02	1.1971e+02	-6.5699e+02	1.2115e+01	5.1571e+01	-6.8031e+02	-9.5479e+02
6.0000e+04	5.7254e+02	-4.0690e+02	-1.6740e+03	1.0022e+02	5.1640e+02	-3.0313e+02	-3.6607e+02	-9.3444e+01	3.9981e+02	2.9653e+02	1.6917e+02	-8.9092e+02	8.2840e+02	-4.7130e+01	2.3310e+01	-2.8806e+02	4.2293e+02	2.3564e+02	2.0499e+02	-5.8212e+02	6.0581e+01	-8.6719e+01	-1.6032e+03	1.0392e+02	-5.8024e+02	1.5565e+03	3.0644e+02	9.8529e+02	-9.0883e+02	-6.0044e+02	3.6684e+02	-4.5927e+02	-3.4942e+02	6.5465e+02	-9.0812e+02	-3.7582e+02	3.3755e+02	2.4248e+02	9.0306e+02	-5.5467e+02	-6.8875e+02	-4.2388e+02	-6.3104e+02	-1.1978e+02	1.9728e+02	-2.0672e+02	-2.9695e+02	1.8274e+02	-1.0376e+03	3.8504e+02	-7.2309e+02	-4.0848e+02	-7.1526e+02	-1.2311e+03	6.5713e+01	-2.1807e+02	-3.4636e+02	-6.0975e+02	-2.7410e+01	-5.3023e+02	-3.0922e+02	9.8787e+02	5.0565e+02	-3.6659e+02	-6.0938e+02	2.5302e+02	4.2565e+02	6.2027e+02	1.4813e+02	-1.0461e+02	7.7975e+02	1.1422e+03	-2.1143e+02	1.7474e+03	9.3170e+02	-4.2043e+01	-7.6929e+02	-4.7163e+02	-1.0351e+01	5.3973e+02	-2.9338e+02	-1.2508e+03	3.4050e+02	-5.9535e+02	5.5684e+02	-8.3768e+01	1.0413e+02	-3.9393e+02	-3.7850e+02	-5.3493e+01	1.0168e+03	-9.1308e+02	-4.7587e+02	-2.9747e+02	-2.8164e+02	-7.7741e+01	2.2241e+02	-8.3873e+01	-8.1410e+02	-3.7768e+00	-1.6656e+03	-5.9162e+02	6.9198e+02	-1.4477e+03	-1.1727e+02	2.0610e+02	2.8945e+02	-1.0362e+02	-1.7005e+02	-1.0686e+03	-6.5813e+02	3.8482e+02	3.7584e+02	1.5417e+02	-5.0506e+02	2.8354e+02	-9.7435e+02	-4.6172e+02	-1.9860e+02	9.1117e+02	-2.7926e+02	-4.3575e+02	-3.9120e+01	-4.4259e+02	-5.2935e+02	-2.1965e+02	1.7174e+02	7.5376e+02	-1.0340e+01	8.5641e+02	1.2132e+03	4.7139e+01	-7.6313e+02	-3.1964e+02	3.9946e+02	1.4018e+02	-8.3625e+02	-3.9807e+02	1.6067e+03	1.0242e+03	6.3951e+02	-1.7477e+02	-2.3153e+02	-1.0161e+02	8.7770e+02	-8.1466e+02	5.2186e+02	-5.7100e+02	-3.6596e+02	-5.6880e+02	4.7331e+02	-6.6372e+00	7.3283e+02	-8.8985e+02	7.8726e+02	6.3537e+02	4.4321e+02	-1.0213e+02	-5.1392e+02	-9.9568e+02	-6.4715e+02	1.4266e+02	-1.3986e+02	8.9598e+02	7.4087e+02	5.4161e+02	-8.2588e+02	1.3580e+03	-2.3221e+01	1.1779e+03	3.1537e+01	-7.8450e+02	5.3482e+02	1.2321e+02	6.9521e+02	-2.4478e+02	6.8908e+02	-1.0516e+03	-1.6794e+02	2.6717e+02	5.7209e+01	-6.9061e+02	6.0464e+01	-5.0731e+02	-5.9657e+02	5.5221e+02	-8.0383e+02	-9.5175e+02	1.4248e+02	4.1254e+02	1.6417e+02	-2.8055e+02	-8.0688e+02	7.4509e+02	1.0140e+02	-1.3230e+03	-1.2986e+00	-2.6559e+02	3.3979e+02	-3.0610e+01
6.0000e+04	5.3983e+02	-8.4876e+02	-5.3716e+01	-7.0011e+02	6.4699e+02	-7.2043e+02	7.0189e+02	2.4938e+02	-2.0592e+02	-4.2587e+02	-1.9178e+02	-2.0030e+03	-1.7752e+03	5.0793e+02	-7.0937e+02	1.3073e+03	4.5072e+01	1.5808e+03	-1.1394e+02	1.5063e+03	5.9606e+02	-4.2013e+02	-2.0509e+02	-1.4480e+03	9.4303e+02	5.6786e+02	1.2613e+03	-3.3943e+01	-1.2766e+03	-6.0450e+02	3.5687e+02	1.2456e+03	1.7584e+02	8.8366e+02	-1.5201e+03	-1.1755e+03	-4.8796e+02	1.0762e+03	-2.4038e+02	1.2993e+03	3.4309e+02	3.8866e+02	4.1204e+02	9.7024e+02	-2.9538e+02	-6.5518e+02	-5.5684e+02	5.2900e+02	-9.7045e+02	2.4477e+02	-8.5806e+01	2.0094e+02	-2.0080e+03	-2.1599e+02	1.3858e+03	1.5694e+03	1.1975e+03	1.2952e+03	5.5979e+02	9.8496e+02	-4.6552e+02	2.9267e+02	1.5492e+03	-8.3981e+02	-5.7216e+02	-6.0135e+01	1.0256e+03	2.0717e+03	9.1171e+01	-6.2425e+02	6.4289e+02	2.3494e+03	1.4753e+03	-2.7000e+02	-7.5679e+01	1.2463e+03	8.4527e+02	5.0759e+02	1.0266e+03	2.0047e+02	4.4113e+02	3.4162e+02	-1.6593e+03	-7.6480e+02	4.4046e+02	-5.4142e+02	1.4431e+03	-1.4882e+02	9.9654e+01	9.2511e+02	-3.7035e+02	-1.5585e+03	-8.7164e+01	-5.3102e+02	9.9168e+02	1.4505e+02	-6.8714e+02	-1.6092e+03	-7.4126e+02	1.9790e+03	-4.7129e+02	1.7536e+03	1.3387e+03	4.4548e+02	8.9809e+02	3.8731e+02	1.0900e+03	9.0175e+02	-2.0745e+03	1.0861e+03	8.5584e+01	1.2368e+03	-2.4585e+02	-1.8351e+02	-1.8289e+02	1.7113e+03	1.8481e+03	-2.0430e+03	-2.1631e+02	3.2676e+02	1.3460e+03	5.2853e+02	-8.6939e+02	4.1388e+02	5.0830e+02	1.5611e+02	9.3911e+02	-6.4080e+02	1.7685e+03	3.6715e+02	-1.2027e+03	1.1853e+02	-2.7320e+03	1.4248e+03	7.7356e+02	6.8599e+02	1.2955e+03	1.1100e+03	3.3761e+01	-1.5456e+03	7.0968e+02	6.1420e+02	-3.8361e+02	-1.0778e+03	-1.3234e+03	1.2432e+03	-9.2772e+01	2.0718e+03	-8.5273e+02	5.2249e+02	-1.0504e+02	2.5127e+03	-3.1990e+02	1.0129e+02	5.4301e+02	5.2548e+02	7.6014e+02	-2.9639e+03	1.0697e+03	-2.2868e+02	9.1887e+02	1.1686e+02	2.8419e+03	9.1856e+02	1.2473e+03	1.6767e+03	-6.3910e+02	1.4190e+03	-1.0218e+02	2.5258e+03	-5.4049e+02	-9.4409e+01	-4.2717e+02	-1.8389e+03	2.0498e+03	-1.4748e+03	1.4530e+03	3.2265e+02	-1.0668e+03	9.2287e+02	7.2746e+02	1.3739e+03	5.3270e+02	4.6206e+02	-2.5617e+03	-5.7788e+01	-1.2206e+03	-3.7554e+02	-1.8288e+03	3.3099e+02	-1.7934e+02	1.0216e+03	-4.7394e+02	4.6653e+01	1.1560e+03	-4.0618e+01	1.1615e+03	-1.6464e+02	-1.2296e+03	-1.3968e+03
8.0000e+04	5.2721e+02	-5.9375e+02	-1.5755e+03	2.8203e+02	7.2217e+02	-2.0912e+02	-1.3300e+02	8.1790e+01	-1.3346e+02	6.4154e+02	6.0549e+02	-1.0957e+03	4.4017e+02	4.0446e+01	-5.0663e+02	-4.6076e+02	4.5236e+02	-9.6433e+00	7.9849e+02	-6.2999e+02	2.0133e+02	6.0270e+02	-1.3610e+03	-1.7459e+02	6.4955e+01	1.3987e+03	-6.0586e+00	1.1515e+03	-3.9490e+02	-7.9104e+02	1.0664e+03	-5.0131e+02	4.0447e+02	2.0748e+02	-1.0600e+03	2.0453e+02	7.0891e+02	4.7858e+02	1.3424e+03	-2.9876e+02	-5.4005e+02	-2.1825e+02	-7.8185e+02	-1.5234e+01	1.1831e+02	-3.8753e+02	-4.3787e+01	-8.9082e+01	-1.1257e+03	4.1997e+02	-7.4696e+02	-9.9390e+02	-4.6882e+02	-1.1779e+03	3.0402e+01	-1.8714e+02	-6.3598e+02	-2.6683e+02	-1.1578e+02	-1.5960e+01	-5.0477e+02	7.9588e+02	1.4634e+02	-1.8670e+02	-9.9941e+02	-6.2239e+01	2.8575e+02	3.7127e+02	-2.1281e+02	2.6548e+01	5.3850e+02	1.5792e+03	-5.1928e+02	1.6438e+03	1.2098e+03	-3.5074e+01	-7.0855e+02	-2.1231e+02	-4.1518e+02	1.7469e+02	-4.0592e+02	-1.1252e+03	2.9411e+02	-2.7240e+02	2.8465e+02	-2.7346e+01	1.6206e+01	5.5600e+02	-2.0652e+02	2.8293e+02	1.2315e+03	-9.3971e+02	-5.6676e+02	5.1152e+02	2.8434e+02	-7.8402e+01	9.4816e+02	2.1661e+02	-8.2157e+02	-8.2005e+02	-1.7753e+03	-1.0168e+03	6.3330e+02	-1.5647e+03	-1.7753e+02	6.6742e+02	3.7197e+02	-2.1618e+02	-3.3010e+02	-5.9941e+02	-4.7637e+02	1.7657e+02	2.3712e+02	4.7738e+02	-8.6743e+02	4.0356e+02	-9.4125e+02	-8.4575e+02	-4.6725e+02	1.1736e+03	-1.8248e+02	-5.1593e+02	-7.1893e+02	-5.5199e+02	-1.4504e+01	-2.5658e+02	1.4390e+01	6.8147e+02	1.4650e+02	1.5423e+03	1.3366e+03	5.3756e+02	-1.3445e+03	-5.1875e+02	-7.5221e+01	-5.9124e+02	-1.6210e+02	-1.4637e+02	1.8478e+03	8.6469e+02	8.0617e+02	-6.6191e+02	-1.7000e+01	2.8105e+02	9.4111e+02	-8.4580e+02	8.0721e+02	-4.6136e+02	1.9273e+02	-1.0633e+03	2.3611e+02	-5.4893e+02	9.1250e+02	-1.1186e+03	7.7553e+02	8.9268e+02	1.5063e+02	3.5206e+02	-1.5744e+02	-6.3522e+02	-3.7493e+02	1.6353e+01	-1.7715e+02	9.3922e+02	1.1154e+03	9.2661e+02	-2.5402e+02	2.5121e+03	-5.0642e+01	1.2783e+03	5.8822e+02	-1.0687e+03	5.0520e+02	3.5893e+02	5.5044e+02	6.9383e+01	8.4983e+02	-1.0754e+03	-1.5640e+02	1.6066e+02	-5.6120e+02	-1.2580e+03	-8.5087e+01	-9.7401e+01	-6.3427e+02	6.6859e+02	-7.0673e+02	-8.4500e+02	5.5148e+02	4.5050e+02	2.4304e+02	-6.1842e+02	-5.4639e+02	9.4919e+02	-5.2668e+01	-9.9561e+02	-1.9886e+01	1.8563e+01	4.2125e+02	-2.3289e+02
8.0000e+04	3.5238e+02	-1.1967e+03	4.3403e+02	-1.3067e+03	5.3588e+02	-1.4666e+03	-5.0194e+02	2.4366e+02	3.9992e+01	-2.6170e+02	5.7928e+01	-1.5048e+03	-1.6691e+03	-1.1931e+02	2.5626e+02	9.1652e+02	3.8222e+02	7.0634e+02	-7.0537e+02	1.1471e+03	1.5951e+03	9.0606e+01	-7.8409e+01	-9.0141e+02	2.2445e+03	5.3032e+02	1.4834e+03	-1.0594e+03	-1.3409e+03	-7.1452e+02	6.0865e+02	1.5669e+03	-2.2086e+02	2.4974e+02	-1.4776e+03	-5.5346e+02	-3.3175e+00	6.3908e+02	-7.1393e+02	1.1702e+03	5.4436e+02	1.5110e+02	1.0736e+02	6.6416e+02	-5.4118e+02	3.1646e-01	-1.0804e+03	1.0508e+03	-8.0238e+02	8.2567e+01	3.6218e+02	-2.9172e+02	-2.1314e+03	5.6008e+02	1.2323e+03	2.2123e+03	1.9368e+03	1.9405e+03	4.1705e+02	1.4899e+03	-7.3958e+02	9.8666e+02	1.9540e+03	-6.6617e+02	-1.1122e+03	7.2777e+02	1.9807e+03	1.1954e+03	-6.6901e+02	-4.6329e+02	-2.8092e+01	3.2536e+03	1.0707e+03	-2.2546e+02	-4.4864e+02	1.7209e+03	1.1513e+03	2.2814e+02	8.1644e+02	8.4338e+02	2.7387e+02	1.1950e+03	-1.8959e+03	2.1423e+02	1.8140e+03	1.7924e+02	2.4487e+03	2.9033e+02	1.3721e+03	1.5839e+03	-1.1646e+03	-1.6673e+03	9.5352e+02	-9.7109e+02	2.2523e+01	2.8276e+02	-1.4092e+03	-1.5828e+03	-1.1255e+03	2.1763e+03	4.4371e+02	2.0468e+03	1.1343e+03	-1.1912e+03	4.2078e+02	-5.9879e+02	7.4391e+02	1.8131e+03	-2.0460e+03	2.4970e+02	1.0881e+03	1.1930e+03	-4.6931e+02	-2.8311e+01	2.5808e+02	9.2033e+02	1.9430e+03	-2.8275e+03	9.3195e+02	8.8431e+02	1.8622e+03	2.5022e+02	-1.0793e+03	1.3695e+03	7.0729e+02	5.6200e+02	1.0998e+03	-1.2500e+03	1.6898e+03	-6.2129e+02	8.9104e+02	4.7001e+01	-3.2115e+03	1.9862e+03	3.9309e+02	1.2683e+03	1.5575e+03	1.7542e+03	8.5106e+02	-1.3437e+03	6.3127e+02	-1.1576e+02	-8.3849e+02	-8.1401e+02	-1.1854e+03	1.4950e+03	6.9123e+02	2.7269e+03	-1.3455e+03	7.6256e+02	2.4779e+02	3.2130e+03	-3.2365e+02	6.4250e+02	3.5701e+02	5.2812e+02	-6.2267e+02	-2.5807e+03	1.1293e+03	4.5428e+02	8.1855e+02	1.2221e+03	3.0091e+03	1.6949e+03	1.4926e+03	2.3848e+03	3.2300e+02	6.1757e+02	-2.8295e+02	2.5536e+03	-1.4029e+03	2.5081e+02	-1.0276e+03	-1.5005e+03	2.0277e+03	-1.2343e+03	1.4052e+03	5.5628e+02	-1.3360e+03	1.1234e+03	6.0982e+02	1.8496e+03	-7.4881e+02	5.5812e+02	-2.3662e+03	2.8033e+02	-1.6567e+03	5.1728e+01	-9.5230e+02	1.2163e+03	3.5584e+02	1.4137e+03	1.7468e+02	-5.8059e+02	1.5903e+03	-2.3322e+02	1.0187e+03	-5.3050e+02	-1.2730e+03	-2.1639e+03
1.0000e+05	9.0754e+02	-6.5168e+02	-1.5227e+03	-4.2448e+01	1.3719e+03	-4.6611e+02	-2.4219e+02	5.7008e+02	-8.3736e+01	7.9072e+02	3.9475e+02	-1.1892e+03	5.5807e+02	-2.3952e+02	-5.3962e+02	-6.0609e+02	-5.9636e+01	1.1449e+02	1.2287e+03	-3.7819e+02	1.5807e+02	5.8541e+02	-1.5779e+03	-4.8112e+02	3.4504e+02	1.3170e+03	5.4840e+01	7.4247e+02	-4.0238e+02	-1.0342e+03	1.4900e+03	-5.0941e+02	4.9669e+02	-3.9211e+02	-1.0235e+03	5.1060e+02	6.3274e+02	-1.2664e+02	7.6162e+02	-7.0513e+02	-1.2687e+03	-5.1893e+02	-4.7283e+02	2.3424e+02	3.6415e+02	-7.7148e+02	3.2018e+02	-4.2353e+02	-1.4356e+03	5.2047e+02	-6.9101e+02	-1.1877e+03	-6.1873e+01	-9.2328e+02	4.4088e+01	-2.0256e+02	-8.2273e+02	-7.4065e+02	-4.4986e+01	2.2688e+02	-1.8361e+02	3.7686e+02	6.0243e+02	2.2798e+01	-1.2358e+03	2.2092e+02	-1.2936e+02	2.2192e+02	1.8828e+02	-4.9533e+02	8.1084e+02	1.3891e+03	-4.1623e+02	2.0792e+03	1.0538e+03	-2.1023e+02	1.7434e+02	-4.7307e+02	-2.9825e+01	4.1538e+02	-4.2179e+02	-1.2353e+03	2.9058e+01	7.7704e+00	5.7461e+02	-7.6526e+01	-8.0731e+02	7.9824e+02	-5.8146e+02	5.3424e+02	8.4234e+02	-7.9131e+02	-7.9031e+02	-2.2763e+02	-3.6531e+01	4.9336e+02	6.9396e+02	-1.5769e+02	-5.2176e+02	-2.1360e+01	-2.0984e+03	-1.0554e+03	7.5729e+02	-1.9901e+03	-2.0486e+02	7.5269e+02	9.7021e+02	-5.6466e+02	-9.8387e+02	-5.0357e+02	-8.6447e+02	1.4773e+02	1.8216e+02	-3.3262e+02	-4.5613e+02	7.8294e+02	-4.8203e+02	-3.1408e+02	-1.9218e+02	1.7668e+03	4.3095e+02	-2.1563e+01	-8.5325e+02	-4.5297e+02	-2.3855e+02	-5.1192e+01	-3.3912e+02	1.5660e+03	-1.4720e+02	2.3198e+03	1.5512e+03	5.2771e+02	-1.5837e+03	-2.2882e+01	-4.2625e+02	-7.4755e+02	-2.6566e+02	-3.5513e+02	1.3498e+03	9.0228e+02	1.2688e+03	-1.0829e+03	2.7868e+02	7.3371e+02	1.0223e+03	-1.0690e+03	7.1463e+02	-3.6050e+02	5.8249e+02	-9.0736e+02	4.9836e+02	-4.8105e+01	1.2442e+03	-1.5924e+03	1.1332e+03	1.3269e+03	5.5802e+02	5.5300e+02	-2.2055e+02	-3.7045e+02	-1.6083e+02	1.9987e+02	-1.7834e+02	3.2804e+02	1.1776e+03	1.1929e+03	9.9291e+00	2.7462e+03	3.9747e+02	1.1909e+03	3.9027e+02	-1.5277e+03	6.7724e+02	7.5895e+02	6.1076e+02	8.0915e+02	1.6606e+03	-2.0564e+01	-3.1883e+01	4.2630e+02	-4.9399e+01	-1.3467e+03	1.1987e+02	-6.4833e+02	-1.8251e+01	7.7662e+02	-1.5620e+03	-1.1853e+03	7.6391e+02	9.7336e+02	5.3050e+02	-9.9883e+02	-4.1181e+02	1.2947e+03	-7.4208e+01	-1.4304e+03	-7.5367e+02	-4.8206e+01	4.2401e+02	1.1822e+02
1.0000e+05	1.0299e+03	-6.7064e+02	1.4083e+03	-9.7756e+02	1.5965e+03	-1.8788e+03	-5.9785e+01	9.5463e+02	3.9675e+02	-1.0390e+03	1.1533e+02	-1.4034e+03	-1.8213e+03	-7.9027e+02	1.0508e+03	5.4406e+02	-6.9584e+01	1.0220e+03	-1.3196e+03	7.0834e+02	1.5929e+03	-5.1658e+02	-1.3870e+03	-8.5584e+02	2.3433e+03	4.4470e+02	6.0759e+02	-1.0210e+02	-9.5771e+02	-5.9316e+02	-2.7550e+02	1.9435e+03	-1.1219e+02	-5.0702e+02	-1.5140e+03	-1.0670e+02	5.0350e+02	1.5710e+03	-6.9814e+02	1.2623e+03	8.1008e+02	-2.1996e+02	4.4408e+02	8.2973e+02	-1.3333e+03	1.2718e+02	-2.5365e+03	6.2642e+02	9.2651e+01	4.5352e+02	1.0820e+03	4.1071e+02	-1.7538e+03	9.8630e+02	1.3002e+03	2.9799e+03	1.8065e+03	2.0279e+03	1.0347e+03	2.1217e+03	-8.1578e+02	1.3607e+03	3.0317e+03	-1.4167e+03	-1.2722e+03	4.6141e+02	1.6787e+03	1.6944e+03	6.7804e+02	-1.2527e+03	-3.9020e+02	2.8189e+03	5.0794e+02	-8.1328e+02	-4.4207e+02	2.0535e+03	9.4592e+02	7.7435e+02	-4.9654e+02	-4.3608e+02	-2.1354e+02	1.3497e+03	-2.0415e+03	6.1304e+02	2.0314e+03	-4.0513e+02	2.9878e+03	-3.5648e+02	1.0605e+03	2.5053e+03	-1.3079e+03	-1.5640e+03	1.7173e+02	-1.6130e+03	4.3370e+02	6.9034e+02	-1.6970e+03	-2.0871e+03	-1.3941e+03	3.4134e+03	3.5445e+01	2.0455e+03	1.2708e+03	-1.0574e+03	1.0914e+03	-7.6197e+02	6.1026e+02	1.9568e+03	-2.1477e+03	1.2975e+03	7.7271e+02	1.5478e+03	4.9809e+01	5.5976e+01	9.6939e+02	4.5129e+02	2.2521e+03	-2.4862e+03	2.0572e+03	5.4610e+02	7.7914e+02	-5.0470e+01	-9.0259e+02	1.3969e+03	6.5552e+02	5.8711e+02	1.4916e+03	-1.4811e+03	1.9144e+03	-1.9666e+03	9.7090e+02	-2.4186e+02	-2.6635e+03	2.6578e+03	8.1088e+02	8.1537e+02	9.3673e+02	2.1181e+03	8.4186e+02	-1.5739e+03	1.2932e+03	3.9064e+02	-1.1794e+03	-1.2873e+03	-1.6705e+03	8.2157e+02	3.9945e+02	3.2489e+03	-1.6433e+03	9.4372e+02	7.1700e+01	4.3011e+03	-3.9210e+02	1.0839e+03	-4.9478e+02	3.7762e+01	-9.4923e+02	-3.3725e+03	1.7300e+03	2.7822e+01	5.5181e+02	1.6229e+03	2.9006e+03	1.4273e+03	2.6265e+03	3.8202e+03	1.0157e+02	6.4459e+02	-3.4595e+02	3.2920e+03	-1.5266e+03	1.7446e+02	-1.0029e+03	-7.1490e+02	2.3027e+03	-6.5196e+02	1.4105e+03	7.1070e+01	-1.8212e+03	2.2628e+03	9.1292e+02	1.4992e+03	4.4583e+02	4.9551e+02	-2.1721e+03	3.9013e+02	-2.4068e+03	1.7515e+02	-1.0754e+03	2.0561e+03	4.5463e+02	2.5157e+03	-3.7974e+00	-1.1386e+03	2.0896e+03	-1.3394e+03	8.3817e+02	-4.2855e+02	-1.4836e+03	-1.9319e+03
1.2000e+05	1.4978e+03	-7.2062e+02	-1.1058e+03	-1.5454e+02	1.4921e+03	-6.2859e+02	-7.8850e+02	5.2819e+02	-9.6836e+01	4.8275e+02	3.1038e+02	-1.4383e+03	-1.9821e+02	3.4825e+02	1.4892e+02	-3.3036e+02	8.3961e+02	8.8779e+02	1.5523e+03	-6.0526e+02	1.6725e+02	1.4543e+02	-2.1947e+03	-8.6093e+02	5.1205e+02	1.1370e+03	1.2567e+02	1.2213e+03	-2.4282e+02	-9.5994e+02	1.3902e+03	-7.0263e+02	5.5054e+02	-9.4822e+02	-1.5017e+03	4.7197e+02	8.5092e+02	-3.2746e+02	5.4372e+02	-3.8964e+02	-1.0158e+03	-4.5312e+02	-6.9536e+02	2.7951e+02	-7.8394e+01	-8.4809e+02	-1.1124e+02	-3.4055e+02	-9.5296e+02	4.1582e+02	-7.0508e+02	-1.4635e+03	-5.8143e+02	-1.2594e+03	8.2176e+01	-5.3103e+02	-3.8328e+02	-8.3588e+02	-3.9618e+02	2.3549e+01	-2.4125e+02	1.7412e+02	3.6146e+01	-1.8008e+02	-1.6932e+03	1.2429e+02	4.6987e+00	4.4532e+02	5.5286e+02	-2.2124e+02	4.4969e+02	1.3583e+03	-9.6830e+02	2.4112e+03	1.1117e+03	-8.4807e+02	1.2565e+01	2.2131e+02	-3.2764e+02	5.3414e+02	8.8388e+01	-1.2338e+03	3.7894e+02	7.1736e+01	1.4326e+02	-4.2243e+02	-1.0706e+03	8.8893e+02	-3.2295e+02	2.4190e+02	8.2855e+02	-5.1865e+02	6.6520e+01	-5.4992e+01	-3.9562e+01	-1.4032e+02	6.8690e+02	-7.2792e+02	-6.6365e+02	-6.8679e+01	-2.1267e+03	-1.4616e+03	3.5249e+02	-2.7306e+03	-4.9023e+02	1.0269e+03	9.2698e+02	-3.2988e+02	-1.4394e+03	-1.3500e+02	-7.1680e+02	-1.5546e+02	-2.8618e+02	3.2760e+02	-1.0936e+03	8.8900e+02	-5.9457e+02	-3.7691e+02	-1.6180e+02	1.5961e+03	7.8059e+02	1.8045e+02	-8.4492e+02	-5.3703e+02	-1.9896e+02	-3.2832e+01	-6.7038e+02	1.6854e+03	3.8506e+02	2.5078e+03	1.6123e+03	2.5500e+01	-2.2130e+03	3.4627e+01	-6.3288e+02	-1.2135e+03	-7.1280e+02	-7.2588e+02	1.3453e+03	1.3391e+03	1.4236e+03	-1.0341e+03	8.2013e+00	3.3853e+02	9.2930e+02	-1.6500e+03	1.0264e+03	6.5075e+01	3.4770e+01	-1.0272e+03	7.8465e+02	1.9509e+01	1.0918e+03	-1.4172e+03	1.0030e+03	7.7466e+02	2.5460e+02	3.3089e+02	3.9072e+02	-9.1983e+02	-6.6860e+02	8.2613e+02	-1.5285e+02	4.5967e+02	1.2139e+03	9.1631e+02	-5.8638e+02	2.8610e+03	-3.4461e+02	1.0274e+03	-2.1080e+02	-1.2675e+03	3.2135e+02	6.1582e+02	3.5034e+01	1.2564e+02	2.1131e+03	9.6589e+00	-3.0372e+02	6.6976e+02	2.9379e+01	-1.4806e+03	2.8419e+02	-1.5176e+03	4.4468e+01	1.0366e+03	-1.3185e+03	-1.1927e+03	8.6941e+02	8.6301e+02	6.7112e+02	-7.0388e+02	-2.3862e+02	9.5338e+02	5.5044e+01	-2.3965e+03	-4.9713e+02	-2.0459e+02	6.6198e+02	1.6648e+02
1.2000e+05	1.4076e+03	-6.3268e+02	1.5807e+03	-8.8991e+02	1.1758e+03	-2.0003e+03	4.0090e+02	1.0885e+03	1.5878e+03	7.4693e+01	8.2443e+02	-1.0104e+03	-2.5206e+03	8.0729e+01	3.3347e+02	-6.4112e+02	1.1045e+03	1.2188e+03	-9.8664e+02	-2.7351e+02	1.2668e+03	-3.0439e+02	-1.8352e+03	-1.0412e+03	2.0628e+03	1.4070e+01	5.1978e+02	-2.2026e+01	-1.7347e+03	-3.8158e+01	3.4433e+02	2.2320e+03	1.0514e+03	5.7085e+02	-1.9293e+03	-5.9141e+02	9.3481e+02	1.6181e+03	-9.8579e+02	2.1211e+03	-1.3140e+02	-8.0113e+02	-8.3071e+01	8.0241e+02	-2.1437e+03	8.6220e+02	-2.7696e+03	1.2364e+03	3.7614e+02	6.4043e+02	1.0878e+03	6.0345e+01	-1.3292e+03	-4.0940e+02	1.0204e+03	2.5969e+03	1.0635e+03	3.1157e+03	1.5505e+03	2.3743e+03	9.9829e+01	8.4566e+02	2.9456e+03	-1.0973e+03	-1.3009e+03	2.1931e+02	2.2529e+03	1.7719e+03	1.1877e+03	-1.3332e+03	-9.9911e+02	2.5140e+03	-8.6857e+01	3.6186e+01	1.1148e+03	1.8293e+03	1.9411e+03	1.6411e+03	-1.3071e+03	4.2571e+02	-3.1448e+02	1.3100e+03	-1.6288e+03	1.6836e+02	3.0601e+03	-6.5921e+02	3.0850e+03	1.9656e+02	8.0887e+02	2.5576e+03	-2.0317e+03	-1.5959e+03	-1.2037e+02	-2.3226e+03	1.1576e+03	-2.5359e+02	-2.0364e+03	-2.3814e+03	-7.1107e+02	3.4288e+03	8.2915e+02	1.6318e+03	1.1664e+03	-2.0099e+03	1.6867e+03	-9.0506e+02	1.0081e+03	1.1990e+03	-2.5221e+03	2.3462e+03	-1.9483e+02	1.4970e+03	-4.3095e+02	5.3692e+02	1.3483e+03	8.6652e+02	2.2148e+03	-1.6155e+03	2.3818e+03	1.5752e+01	1.0132e+03	-1.2600e+03	-1.6065e+03	6.8469e+02	4.8885e+02	6.7561e+02	1.8327e+03	-1.9340e+03	1.7456e+03	-2.8085e+03	2.1914e+03	-6.5056e+02	-3.1928e+03	2.6846e+03	2.9321e+02	1.0358e+03	1.5285e+03	1.4325e+03	5.3872e+02	-1.9204e+03	5.2590e+02	3.0501e+02	-1.1244e+03	-1.5448e+03	-2.0175e+03	1.0677e+03	6.1571e+02	3.4925e+03	-1.8647e+03	1.7649e+03	-7.7166e+02	4.9976e+03	6.1814e+01	2.0968e+03	-1.0272e+03	-1.8603e+03	-1.9945e+03	-4.2734e+03	1.6582e+03	5.9306e+02	4.7885e+02	1.9411e+03	2.3610e+03	2.0568e+03	3.2265e+03	3.2245e+03	3.8241e+01	5.5153e+02	-4.7925e+02	4.4739e+03	-5.7233e+02	9.8086e+02	-1.3336e+03	-2.0382e+02	2.4907e+03	-1.2290e+03	8.1203e+02	4.6164e+02	-1.5596e+03	3.0073e+03	7.7177e+02	1.7347e+03	2.2123e+02	4.6514e+02	-1.4165e+03	1.0749e+03	-2.4896e+03	6.0047e+02	-1.2424e+03	2.7313e+03	-3.2336e+02	3.5317e+03	-1.8468e+02	-7.7647e+02	2.0480e+03	-1.8455e+03	1.3205e+03	-2.9032e+02	-1.5897e+03	-3.0130e+03
1.4000e+05	1.7858e+03	-7.3654e+02	-8.4149e+02	2.1310e+01	1.4755e+03	-5.4508e+02	-1.1889e+03	8.0914e+02	-2.1197e+02	1.7470e+00	1.5214e+02	-1.6895e+03	-1.7512e+02	2.5472e+02	3.4949e+02	-9.9466e+01	1.0704e+03	1.1726e+03	1.4561e+03	-8.1174e+02	6.6741e+02	1.5831e+02	-2.5257e+03	-1.0370e+03	5.6480e+01	8.3660e+02	-4.5217e+01	7.9414e+02	-2.3107e+01	-1.0369e+03	1.1976e+03	-7.0487e+02	8.4677e+02	-2.3603e+02	-1.7427e+03	3.7574e+02	6.0572e+02	-9.2859e+02	-1.2834e+02	4.4570e+01	-7.0733e+02	1.1662e+02	-9.8008e+02	3.7918e+02	-2.7579e+02	-1.2789e+03	-5.3626e+02	-4.8254e+02	-3.8933e+02	7.9391e+02	-1.2535e+03	-1.4651e+03	-9.7120e+02	-1.4777e+03	-6.2241e+02	-1.0261e+03	-5.4437e+02	-7.0015e+02	-2.9954e+02	1.5604e+02	-7.8782e+02	1.5949e+02	-4.5048e+02	9.7120e+01	-2.0837e+03	-1.6657e+02	3.8432e+02	-2.9326e+02	4.5845e+02	-2.4831e+02	-2.3351e+02	9.9574e+02	-9.6921e+02	2.9426e+03	1.2526e+03	-9.0782e+02	-2.0926e+02	6.6468e+02	-4.8469e+01	5.9482e+02	-2.4844e+02	-1.6354e+03	5.4848e+02	-5.5135e+01	-8.9338e+01	3.1500e+01	-7.8207e+02	5.7409e+02	-4.1273e+02	-7.1182e+01	1.1883e+03	-8.3567e+02	6.5140e+01	-1.5176e+02	-2.7897e+02	-4.2530e+02	1.4960e+01	-1.0541e+03	-1.1805e+03	-3.2202e+02	-2.0988e+03	-2.0649e+03	3.0013e+02	-3.4674e+03	-4.3625e+02	1.0964e+03	1.5917e+03	-2.0288e+02	-1.3788e+03	6.2442e+02	-5.6931e+02	-3.4486e+02	-4.5656e+02	1.1055e+03	-3.6489e+01	8.7929e+02	-1.3066e+02	-5.2107e+02	-7.4820e+02	1.8252e+03	1.0466e+03	-3.4962e+01	-1.0301e+03	-3.6508e+02	-4.6997e+00	-8.1893e+02	-3.5369e+02	1.4193e+03	1.5891e+02	2.3380e+03	1.2711e+03	-8.2359e+02	-2.1503e+03	4.6316e+02	-2.5006e+02	-1.3746e+03	-7.1606e+02	-9.5674e+02	1.5006e+03	1.8644e+03	1.3656e+03	-1.0722e+03	1.3141e+02	9.8698e+02	7.9738e+02	-1.5969e+03	8.6604e+02	-2.6684e+01	-3.5122e-01	-7.6423e+02	6.3525e+02	-3.9590e+02	7.0147e+02	-1.1881e+03	1.1635e+03	8.9822e+02	6.8062e+01	9.9079e+02	2.7495e+02	-1.2459e+03	-9.8478e+02	7.5953e+02	-3.3785e+02	1.2233e+03	9.2930e+02	8.3904e+02	-5.9155e+02	3.1477e+03	-6.8010e+02	1.5352e+03	-5.9261e+02	-1.2102e+03	-1.6626e+02	1.0117e+02	1.0193e+02	3.4344e+02	2.4563e+03	4.2762e+01	-5.6900e+02	2.7255e+02	-1.7472e+02	-1.3895e+03	-1.3251e+02	-1.2686e+03	4.0291e+02	1.0717e+03	-1.3218e+03	-1.5061e+03	7.8292e+02	5.7706e+02	1.0710e+03	-4.8924e+02	-6.6033e+00	1.4326e+03	3.1521e+02	-2.4345e+03	-5.7482e+02	-1.1660e+02	4.9938e+02	9.1886e+01
1.4000e+05	2.1136e+03	-1.1065e+03	8.6609e+02	-6.9692e+02	2.0761e+03	-1.9790e+03	7.6987e+02	2.8829e+02	1.3042e+03	-8.6031e+02	1.2022e+03	-1.2600e+03	-2.5591e+03	-7.9180e+02	-2.6497e+02	-1.8585e+03	1.8906e+03	1.9675e+03	-8.4508e+02	6.2813e+02	2.8738e+03	9.7253e+02	-2.1168e+03	-1.6476e+03	2.2866e+03	-7.8384e+00	3.9675e+02	-1.7217e+02	-1.7569e+03	3.0645e+01	1.6438e+03	1.6687e+03	4.4857e+02	-3.5226e+02	-2.5160e+03	-3.6185e+02	1.5965e+03	1.2705e+03	-2.1132e+03	2.3737e+03	5.3751e+02	2.1644e+02	-2.2119e+02	4.5927e+02	-2.9167e+03	2.2564e+03	-3.0571e+03	-1.5421e+02	1.2379e+01	-6.2367e+01	5.0903e+02	1.2870e+03	-1.3190e+03	-1.4307e+02	1.2138e+03	3.2208e+03	1.0906e+02	3.7990e+03	1.7249e+03	2.9035e+03	4.9882e+02	-1.7280e+01	2.5314e+03	-1.1684e+03	-1.7220e+03	8.1213e+02	2.0483e+03	1.8494e+03	2.2811e+03	3.8330e+02	-1.2102e+03	3.6820e+03	-9.4618e+02	3.7327e+01	-4.9498e+02	2.5263e+03	2.1924e+03	1.3200e+03	-8.7835e+02	1.9224e+00	1.2373e+03	2.1233e+03	-1.0328e+03	1.1146e+03	3.4582e+03	-5.4916e+01	3.8942e+03	-2.8762e+02	3.1531e+02	1.8810e+03	-3.1161e+03	-1.8492e+03	2.0500e+03	-1.9752e+03	1.1309e+03	-7.5099e+02	-1.1584e+03	-2.4456e+03	-1.5798e+03	4.3477e+03	-5.6480e+01	1.5586e+03	1.0968e+03	-2.4905e+03	1.1189e+03	-1.1528e+03	4.5299e+02	1.1928e+03	-2.9065e+03	1.9591e+03	-1.8553e+02	1.2559e+03	1.3847e+02	6.3417e+02	8.2494e+02	3.1963e+02	2.5227e+03	-2.8072e+03	1.9485e+03	-8.9425e+02	1.2822e+03	-1.1121e+03	-2.5757e+03	1.5135e+03	1.0688e+03	5.4225e+02	2.5230e+03	-1.6751e+03	1.3724e+03	-3.3374e+03	2.4587e+03	-6.4060e+02	-3.9253e+03	3.5644e+03	1.8263e+02	1.1512e+03	2.4321e+03	9.6429e+02	1.4430e+03	-1.8274e+03	6.6910e+02	4.4565e+02	-4.1969e+02	-9.4602e+02	-1.9049e+03	6.0738e+02	1.3417e+03	4.0252e+03	-1.5920e+03	2.0094e+03	-2.3759e+03	4.1807e+03	-1.8337e+01	2.4432e+03	2.2779e+01	-2.7270e+03	-2.5823e+03	-4.0447e+03	2.2043e+03	1.2557e+03	8.9089e+02	2.1621e+03	2.9768e+03	2.5860e+03	2.5161e+03	2.9348e+03	-4.4062e+02	-4.2412e+02	-2.2331e+03	5.2665e+03	-2.8656e+02	2.2243e+03	-2.0280e+03	2.1610e+02	3.0483e+03	-5.7348e+02	1.5227e+03	1.1642e+03	-5.5524e+02	2.8323e+03	7.6304e+02	8.7636e+02	6.1943e+02	-3.7018e+02	-2.3059e+03	1.4126e+03	-3.3442e+03	-1.0720e+03	-5.5660e+02	2.8283e+03	5.4278e+02	4.3704e+03	-2.6821e+02	-3.2345e+02	2.1545e+03	-1.6896e+03	2.1466e+03	-3.1644e+02	-2.2398e+03	-3.9393e+03
1.6000e+05	1.8353e+03	-8.6771e+02	-3.7994e+02	9.8705e+01	1.2376e+03	-9.5809e+02	-1.1965e+03	6.1184e+02	1.9174e+02	2.3160e+02	6.0484e+02	-1.7872e+03	-3.9646e+00	6.8152e+01	4.8104e+02	-2.2345e+02	1.4732e+03	1.3831e+03	1.3330e+03	-4.5946e+02	1.1626e+03	-5.9061e+02	-2.5812e+03	-1.0979e+03	-3.2446e+02	2.9106e+02	-3.7207e+02	7.5552e+02	-5.8391e+02	-1.7257e+03	1.3181e+03	-8.6700e+02	2.6091e+02	2.2475e+02	-2.5067e+03	9.7270e+02	3.0221e+02	-8.4249e+02	7.3662e+01	-3.8896e+02	-1.0295e+03	-2.4032e+02	-8.2750e+02	-2.9132e+01	-7.5104e+02	-1.7434e+03	-5.0600e+02	-2.7528e+02	-8.0623e+02	1.3067e+03	-1.3563e+03	-1.8490e+03	-7.4869e+02	-1.6346e+03	-1.1451e+03	-1.1998e+03	-1.0022e+03	4.4706e+01	1.7782e+02	8.4582e+00	-9.1705e+02	-9.8802e+00	-2.1226e+02	-3.0368e+01	-2.3398e+03	2.0013e+02	8.5839e+02	3.1229e+02	3.3772e+02	-1.0787e+02	-4.5022e+02	7.5114e+02	-1.1230e+03	3.0359e+03	8.8604e+02	-7.8014e+02	-7.5884e+02	1.7832e+02	9.8842e+01	1.0519e+03	4.8773e+02	-1.2800e+03	9.3752e+02	-4.7293e+02	6.5504e+01	2.7402e+01	-9.0851e+02	4.2088e+02	-2.9496e+02	1.3135e+02	1.4004e+03	-9.1699e+02	1.3640e+02	-1.5075e+02	-4.1013e+02	-4.7951e+02	-3.1172e+02	-1.0351e+03	-1.5429e+03	-3.4112e+02	-2.1087e+03	-1.6429e+03	1.7584e+02	-4.3467e+03	1.8260e+02	1.0637e+03	2.1262e+03	-2.8887e+02	-8.4600e+02	5.4392e+02	-7.6919e+02	-8.0210e+02	-4.6848e+02	1.1238e+03	-4.9134e+02	3.8108e+02	-3.2690e+00	-2.3508e+02	-7.4582e+02	1.7431e+03	9.8615e+02	-4.8043e+02	-1.2633e+03	-5.1125e+02	6.3645e+02	-5.8523e+02	-5.7036e+02	2.0709e+03	2.5877e+02	1.5113e+03	1.2625e+03	-4.4944e+02	-2.2084e+03	1.0845e+03	-2.9575e+02	-1.4631e+03	-1.1978e+03	-1.4272e+03	1.9481e+03	1.3590e+03	1.3683e+03	-9.5576e+02	-3.1139e+02	7.1288e+02	1.0747e+03	-2.3373e+03	2.0826e+03	-1.1515e+02	2.0714e+02	-6.7313e+02	9.7711e+02	-7.9735e+02	6.0392e+02	-8.6508e+02	1.4235e+03	1.0290e+03	2.8642e+02	1.2490e+03	4.4348e+02	-1.8779e+03	-9.7477e+02	3.3319e+02	-4.3724e+02	1.5818e+03	1.2097e+03	9.3900e+02	-4.6401e+02	2.9545e+03	-3.1165e+02	1.4558e+03	-1.3726e+02	-1.2724e+03	5.3972e+02	-2.4543e+02	-1.3435e+02	8.6589e+02	2.4142e+03	-4.0514e+02	-3.8682e+02	3.7194e+02	1.0239e+02	-1.5668e+03	1.7491e+02	-1.2467e+03	7.0091e+02	1.0032e+03	-1.4877e+03	-1.3145e+03	1.4976e+03	7.2976e+02	1.4687e+03	-8.2684e+02	2.3770e+02	1.5831e+03	3.9912e+02	-2.4002e+03	-1.2047e+03	5.6417e+02	1.0122e+02	2.9551e+02
1.6000e+05	2.2730e+03	-1.0848e+03	2.3986e+02	-5.7804e+02	1.3002e+03	-1.8433e+03	8.8443e+02	1.5979e+01	1.3943e+03	-1.1487e+03	4.3927e+02	-1.2803e+03	-1.4457e+03	-7.5804e+02	-7.9261e+01	-1.4073e+03	2.9106e+03	2.2322e+03	-2.3396e+03	3.1439e+02	3.7584e+03	9.5915e+02	-1.8932e+03	-1.9770e+03	1.9628e+03	4.2333e+02	4.9442e+02	-6.2748e+02	-1.7101e+03	-8.4711e+02	1.9155e+03	2.4750e+03	8.8358e+02	-1.6045e+03	-1.6873e+03	-2.3918e+03	1.3441e+03	1.0926e+03	-2.5869e+03	2.9793e+03	-2.6239e+02	6.2709e+02	1.4251e+02	-5.5727e+02	-2.8019e+03	2.5456e+03	-2.6995e+03	-4.6453e+02	-7.4145e+02	3.6293e+02	2.0392e+03	1.9956e+03	-7.0459e+02	6.0525e+02	1.4115e+03	2.4959e+03	4.8360e+02	4.0455e+03	6.7381e+02	2.2969e+03	2.7112e+02	1.1685e+03	1.9848e+03	-5.5186e+02	-1.2189e+03	4.3238e+02	1.8419e+03	6.9567e+02	2.0587e+03	8.2694e+01	-1.1698e+03	3.5013e+03	-4.1213e+02	-8.5841e+01	1.1390e+02	2.2166e+03	4.0800e+03	9.5749e+02	-1.3731e+03	2.6844e+02	1.5993e+03	2.4122e+03	-1.6163e+03	1.8605e+03	4.2754e+03	-4.2052e+02	3.8468e+03	4.6771e+00	-4.9133e+01	1.2818e+03	-2.9708e+03	-1.7365e+03	2.4013e+03	-1.3880e+03	1.2135e+03	-5.8084e+02	-1.0820e+03	-3.1009e+03	-1.9843e+03	4.1681e+03	5.8045e+02	9.4152e+02	5.3758e+01	-2.9839e+03	-1.0184e+03	-1.6395e+03	8.6014e+02	1.8509e+03	-3.7659e+03	1.3086e+03	-2.0031e+02	7.4794e+02	-1.1304e+03	1.2237e+03	2.8868e+02	1.2960e+03	3.0793e+03	-2.3418e+03	1.8931e+03	-8.7156e+02	6.6634e+02	6.1490e+02	-1.9212e+03	1.9763e+03	1.1810e+03	6.5723e+02	1.8592e+03	-1.5382e+03	2.0660e+03	-3.2109e+03	3.4288e+03	-7.6971e+02	-3.7948e+03	3.2198e+03	1.3004e+02	7.5765e+02	2.9014e+03	1.9624e+03	1.4458e+03	-2.5480e+03	1.2120e+03	4.0950e+02	-1.7032e+02	-9.9223e+02	-1.7851e+03	9.4896e+01	3.6015e+02	4.0935e+03	-1.4725e+03	3.2181e+03	-2.4606e+03	4.7827e+03	-1.4226e+02	1.8641e+03	1.5146e+02	-3.1491e+03	-2.6593e+03	-4.4183e+03	3.1287e+03	1.1639e+03	6.6154e+02	1.7992e+03	2.3710e+03	2.8774e+03	2.9783e+03	2.6323e+03	-8.9378e+02	5.2335e+02	-2.0809e+03	5.7940e+03	1.6588e+02	1.6858e+03	-2.8362e+03	6.6127e+02	3.1882e+03	-8.5265e+02	1.2818e+03	1.8555e+03	-5.2383e+02	1.6698e+03	1.1027e+03	5.0197e+02	6.9737e+02	-1.1676e+03	-3.0192e+03	1.6000e+03	-3.1088e+03	-2.1152e+02	-2.1106e+03	3.1672e+03	-3.3680e+02	4.1201e+03	-2.4868e+02	1.1759e+02	2.6578e+03	-1.7860e+03	8.2483e+02	-9.0379e+02	-1.8442e+03	-3.5548e+03
1.8000e+05	1.8818e+03	-1.7239e+03	-5.4165e+02	-3.2067e+02	1.2478e+03	-1.6707e+03	-1.0201e+03	5.2730e+02	-2.3694e+02	5.2724e+02	8.0945e+02	-8.6179e+02	-4.3856e+02	2.7321e+01	3.4447e+02	-6.6372e+02	1.7007e+03	1.5024e+03	1.3526e+03	-3.9493e+02	4.7675e+02	-4.8474e+02	-2.9274e+03	-1.1344e+03	1.1212e+02	2.7834e+02	-3.4064e+02	1.4457e+03	-7.1888e+02	-1.6369e+03	1.0736e+03	-5.7163e+02	6.0030e+02	1.7130e+02	-2.7877e+03	8.7905e+02	9.6577e+01	-1.8723e+03	-3.5188e+02	-4.2980e+02	-5.9653e+02	-7.9025e+00	-3.8794e+02	-6.0677e+02	-1.5709e+03	-1.8716e+03	-4.4994e+02	-7.7539e+02	-8.3934e+02	1.2753e+03	-1.0563e+03	-1.7220e+03	-8.5895e+02	-1.8186e+03	-1.7747e+03	-1.2836e+03	-5.6118e+02	-2.9462e+01	2.4194e+02	5.2082e+02	-8.5134e+02	1.2138e+01	-1.1622e+02	-4.2264e+02	-3.4739e+03	-3.6729e+02	1.2681e+03	2.8767e+02	3.1463e+02	-3.0161e+02	-4.3224e+02	7.1729e+02	-1.1024e+03	2.4742e+03	1.1790e+03	-6.1630e+02	-8.0364e+02	-3.7451e+02	1.8493e+02	5.7764e+02	-1.8663e+02	-1.3943e+03	8.8429e+02	-3.6035e+02	3.6522e+02	-7.6233e+01	-1.4467e+03	2.7378e+01	-2.2488e+02	4.7097e+01	1.0803e+03	-1.0759e+03	7.9218e+01	-3.5073e+02	-7.0094e+02	-5.9490e+02	-6.6134e+02	-1.7021e+03	-1.3588e+03	-2.3885e+02	-1.8228e+03	-1.6036e+03	-2.1983e+02	-4.2991e+03	5.1107e+02	1.0491e+03	2.0826e+03	1.7146e+02	-5.6015e+02	8.8914e+02	-8.7415e+02	-8.7962e+02	-6.4374e+02	1.6254e+03	-8.6221e+02	1.3247e+02	-2.7674e+02	-6.5399e+02	-7.2881e+02	1.2511e+03	9.8211e+02	-9.2188e+02	-1.1675e+03	-5.4759e+02	5.9825e+02	-6.6893e+02	-6.3037e+02	2.1149e+03	2.7553e+02	1.7845e+03	1.0995e+03	-3.8577e+02	-2.0336e+03	1.0938e+03	-2.0409e+02	-9.1420e+02	-1.6110e+03	-1.6229e+03	2.0224e+03	1.3106e+03	1.1687e+03	-5.2268e+02	-6.5482e+02	3.8249e+02	1.2511e+03	-2.7538e+03	1.9009e+03	-5.3195e+02	5.9558e+02	-6.2385e+02	1.0631e+03	-1.2126e+03	7.1956e+02	-1.0173e+03	1.3807e+03	8.1540e+01	3.1451e+02	1.5937e+03	3.8565e+02	-1.6981e+03	-1.2266e+03	4.2024e+02	-2.0479e+02	1.1313e+03	1.1151e+03	9.1548e+02	-8.3391e+02	1.6464e+03	-6.2465e+02	1.2601e+03	3.0692e+01	-1.0668e+03	2.1241e+02	-1.6655e+02	-1.5175e+02	5.2548e+02	2.4792e+03	4.1867e+01	-1.0332e+03	1.5151e+02	2.3425e+02	-1.3376e+03	5.3980e+02	-8.2030e+02	4.4273e+02	7.7498e+02	-2.0066e+03	-1.6914e+03	1.4872e+03	1.7022e+02	1.5040e+03	-8.8372e+02	6.2135e+01	2.1317e+03	-1.3771e+01	-2.5718e+03	-1.2373e+03	9.7085e+02	1.6046e+02	5.3172e+01
1.8000e+05	2.2664e+03	-1.0147e+03	1.4499e+03	-1.9957e+02	1.4201e+03	-3.2285e+03	1.5942e+03	-1.3872e+02	1.1330e+03	-1.4608e+03	1.5674e+03	-1.7225e+03	-2.6312e+03	-3.9122e+02	-3.8304e+02	-6.4854e+02	3.0392e+03	2.4944e+03	-2.7662e+03	1.5285e+02	3.4820e+03	7.8444e+02	-1.3972e+03	-2.0738e+03	1.0343e+03	-6.4400e+02	7.5929e+02	-3.3546e+02	-2.3041e+03	-5.4553e+02	1.3727e+03	2.7314e+03	2.1266e+02	-2.1688e+03	-1.2408e+03	-2.0958e+03	1.3121e+03	3.6186e+02	-1.9890e+03	4.0509e+03	-4.9516e+02	3.9527e+02	-3.0757e+02	-7.0498e+02	-3.1936e+03	2.8573e+03	-2.6247e+03	-7.8805e+02	-3.7487e+02	4.2128e+02	2.3353e+03	1.4150e+03	-8.6399e+02	7.3325e+02	1.9949e+03	2.2590e+03	1.3734e+03	3.5152e+03	1.1155e+03	1.9944e+03	6.2784e+02	1.6760e+03	2.0472e+03	-4.5738e+01	-8.7940e+02	5.6200e+02	1.6072e+03	6.9617e+02	2.4011e+03	5.0497e+02	-4.0313e+02	3.4306e+03	2.7073e+02	6.2390e+01	-8.4663e+01	2.2211e+03	4.6379e+03	1.2767e+03	-1.9707e+03	1.0430e+03	7.3687e+02	2.3378e+03	-1.2738e+03	1.4154e+03	3.6523e+03	-4.3506e+02	4.1717e+03	-2.9751e+02	-3.7465e+02	6.1931e+02	-2.6178e+03	-1.0357e+03	3.1606e+03	-1.5515e+03	8.0014e+02	-5.6025e+02	-7.0600e+02	-2.8775e+03	-3.6025e+03	3.7941e+03	7.8973e+02	1.1798e+03	6.3979e+02	-3.0976e+03	-7.1574e+02	-5.7034e+02	1.2203e+03	2.1358e+03	-4.0678e+03	2.3430e+03	-1.3690e+02	7.2591e+02	-1.2732e+03	1.1668e+03	6.4394e+02	2.4144e+03	3.3927e+03	-2.1641e+03	1.8149e+03	-1.1409e+03	5.4916e+02	1.5053e+03	-2.2461e+03	2.7269e+03	1.8200e+03	1.1405e+02	2.2939e+03	-1.3419e+03	1.6283e+03	-3.3010e+03	5.2762e+03	-1.1112e+03	-2.6878e+03	2.5695e+03	-8.2740e+02	1.3417e+03	4.5163e+03	9.8717e+02	1.5450e+03	-2.5641e+03	9.7082e+02	5.3416e+02	-4.1458e+01	-1.2966e+03	-1.5840e+03	5.5834e+02	-1.8480e+02	4.2434e+03	-1.6638e+03	3.8129e+03	-2.6406e+03	4.2703e+03	-5.2141e+02	1.2806e+03	7.5037e+02	-3.7095e+03	-2.1255e+03	-5.2348e+03	3.2527e+03	1.5559e+03	2.3947e+02	1.1690e+03	2.4418e+03	2.4618e+03	2.7719e+03	2.5110e+03	-6.2179e+02	-3.5590e+02	-1.6914e+03	5.1631e+03	1.2199e+03	1.5937e+03	-3.1281e+03	4.7496e+02	2.5187e+03	-1.2650e+03	1.2316e+03	3.1675e+03	1.7484e+02	2.3115e+03	8.2806e+02	-6.2001e+01	3.2324e+02	-1.0285e+03	-3.5629e+03	1.5671e+03	-2.5351e+03	-3.2690e+02	-1.6965e+03	2.6510e+03	7.3301e+02	4.9104e+03	-2.6256e+02	2.2436e+02	2.1688e+03	-1.8348e+03	5.3405e+02	2.5394e+02	-2.1602e+03	-4.1562e+03
2.0000e+05	1.7631e+03	-1.8057e+03	-1.1311e+02	-5.1743e+02	9.1419e+02	-1.2660e+03	-6.0683e+02	3.1921e+02	2.5909e+02	1.7271e+02	-5.3676e+00	-8.3513e+02	-4.9440e+02	3.3139e+02	7.3701e+02	-3.3180e+02	1.3855e+03	1.9562e+03	1.0152e+03	-1.2716e+01	1.3329e+02	1.9110e+01	-3.0207e+03	-1.3517e+03	-1.2385e+02	-2.1794e+02	-5.7289e+02	1.4029e+03	-9.0983e+02	-1.4382e+03	3.4572e+02	-6.2118e+02	3.9800e+02	4.6419e+02	-3.2438e+03	1.2300e+03	5.8283e+02	-1.2800e+03	-5.6788e+02	-5.5880e+02	-6.0566e+02	-1.1097e+02	-7.6912e+01	-9.1746e+02	-2.2371e+03	-1.5539e+03	-3.9152e+02	-9.6039e+02	-3.2058e+02	7.8344e+02	-1.1288e+03	-2.6213e+03	-7.2574e+02	-1.8923e+03	-1.9555e+03	-2.1351e+03	-1.6966e+01	2.6137e+01	3.4418e+02	1.8352e+02	-6.2411e+02	1.5244e+02	-4.2870e+02	1.4487e+02	-4.0264e+03	-4.7115e+02	1.6368e+03	3.8977e+02	7.0254e+02	-5.1944e+01	-1.6983e+02	-8.0505e+01	-7.0197e+02	2.2387e+03	1.3868e+03	-1.1740e+03	-8.3466e+02	-1.2999e+02	3.4122e+01	1.5188e+03	-1.5737e+02	-1.2109e+03	1.5648e+03	-8.4010e+01	4.6009e+02	-2.2375e+02	-1.5322e+03	-2.2729e+00	-2.2189e+02	-6.7479e+01	1.1939e+03	-9.1476e+02	-3.4728e+02	8.6311e+01	-9.9997e+02	-3.4114e+02	-7.3888e+02	-1.8958e+03	-1.6986e+03	-3.8640e+02	-1.6774e+03	-1.4293e+03	-3.9365e+02	-4.4002e+03	4.4450e+02	4.7562e+02	2.8751e+03	4.9550e+02	-6.6691e+02	8.0962e+02	-8.6187e+02	-9.8884e+02	-2.7562e+02	1.4316e+03	-7.1616e+02	1.7879e+02	-4.2402e+02	-6.5770e+02	-7.8612e+02	8.4038e+02	9.2482e+02	-7.0792e+02	-1.7035e+03	-4.6829e+02	4.0011e+02	-9.7768e+02	-4.6456e+02	2.2448e+03	-4.8718e+01	1.5463e+03	1.0226e+03	-6.5926e+02	-1.3238e+03	1.5087e+03	-5.7575e+02	-2.2704e+02	-1.5966e+03	-1.3544e+03	1.7543e+03	1.7888e+03	1.3527e+03	-6.1040e+02	-3.8912e+02	4.2927e+02	1.1429e+03	-2.5288e+03	2.1882e+03	-7.0687e+02	5.6206e+02	-2.8979e+02	9.5871e+02	-1.2402e+03	3.3308e+02	-1.1774e+03	1.7967e+03	4.7568e+02	4.6737e+02	2.1636e+03	7.3466e+02	-1.3535e+03	-1.1186e+03	8.2095e+02	-4.4363e+02	9.7375e+02	1.1239e+03	7.0453e+02	-1.1015e+03	1.6769e+03	-5.9616e+02	1.0775e+03	-2.2126e+02	-2.2808e+02	7.3817e+02	-1.9877e+02	3.6088e+02	1.4594e+03	2.6887e+03	2.2537e+02	-1.3591e+03	-2.3519e+02	-6.1002e+02	-1.1183e+03	8.8653e+02	-5.0384e+02	6.0054e+02	1.1585e+01	-2.1447e+03	-1.7512e+03	1.7250e+03	-3.0266e+02	1.6027e+03	-9.9692e+02	-5.9508e+01	2.7494e+03	6.7739e+01	-2.8780e+03	-1.4495e+03	7.4715e+02	1.6176e+02	3.0566e+02
2.0000e+05	1.8538e+03	-1.8790e+03	2.0975e+03	1.3467e+03	-1.6995e+02	-2.3370e+03	2.4758e+03	3.7461e+02	1.7930e+03	-4.9502e+02	3.1781e+03	-1.7549e+03	-3.2028e+03	-4.7975e+02	-1.5906e+03	3.1442e+02	2.7303e+03	1.4975e+03	-2.3327e+03	2.6873e+02	3.3416e+03	1.3960e+03	-1.6217e+03	-1.8800e+03	1.0887e+03	-5.4105e+02	7.3663e+02	1.6322e+02	-1.8282e+03	-1.3527e+03	2.1773e+03	3.1838e+03	-2.2466e+02	-2.6462e+03	-4.6649e+02	-2.5511e+03	1.3838e+03	4.4232e+02	-2.7984e+03	3.5185e+03	-6.8376e+01	8.2119e+02	-3.2292e+02	2.5926e+02	-3.3570e+03	2.9736e+03	-1.6962e+03	-9.6184e+02	2.6919e+02	1.7376e+02	2.4627e+03	9.9442e+02	2.5078e+02	8.0461e+02	3.6962e+03	2.3662e+03	1.7538e+03	3.1941e+03	7.3254e+02	1.5571e+03	4.9149e+02	1.4830e+03	2.5749e+03	-3.2206e+02	-1.7643e+03	-2.8366e+02	1.1757e+03	6.0256e+02	2.7083e+03	6.1559e+01	-5.7868e+02	3.0714e+03	3.8602e+02	-3.9769e+02	-1.2160e+02	2.5001e+03	3.6086e+03	1.0920e+03	-1.5632e+03	1.5705e+03	2.0322e+02	2.8454e+03	-7.4861e+02	1.8940e+03	2.7939e+03	1.4022e+00	4.1096e+03	-1.6138e+02	-1.1341e+03	3.5936e+02	-1.0547e+03	-9.8336e+02	3.8358e+03	-2.2761e+03	1.0059e+03	-6.4359e+02	-4.7505e+02	-3.5051e+03	-2.4747e+03	3.5647e+03	5.3539e+02	8.9084e+02	4.5068e+02	-2.8981e+03	1.2246e+03	-1.0464e+03	2.3422e+03	2.0474e+03	-3.7782e+03	2.3709e+03	-3.7181e+02	8.1281e-01	-7.3015e+02	1.9675e+03	2.0244e+03	2.9686e+03	3.7569e+03	-2.9915e+03	1.7544e+03	-1.6499e+03	2.4725e+02	1.1985e+03	-2.5111e+03	1.6534e+03	2.0658e+03	1.1064e+02	1.5499e+03	-7.8159e+02	1.9903e+03	-3.8304e+03	4.3511e+03	-1.7579e+03	-4.6554e+03	1.8569e+03	-1.5845e+03	1.5818e+03	4.6665e+03	1.8162e+03	1.9611e+03	-2.6633e+03	7.2548e+02	4.1043e+02	9.4084e+01	-1.0665e+03	-1.2421e+03	3.5355e+02	3.1603e+02	5.6022e+03	-1.5260e+03	3.2413e+03	-2.0464e+03	4.9293e+03	-1.1476e+03	1.6798e+03	4.9653e+02	-3.3686e+03	-2.0392e+03	-5.8483e+03	3.3823e+03	4.5814e+02	6.5869e+02	6.3741e+02	1.6539e+03	2.4762e+03	3.9403e+03	3.0412e+03	-5.7103e+02	-4.8199e+02	-2.2508e+03	5.0717e+03	1.4094e+03	2.2866e+03	-3.5165e+03	1.9317e+03	2.9911e+03	-1.6178e+03	5.4709e+02	3.0361e+03	-1.4925e+02	2.4975e+03	1.4349e+02	1.5888e+03	7.9190e+01	-4.4182e+01	-3.9298e+03	2.1842e+03	-2.0637e+03	-1.2425e+03	-1.6652e+03	3.2524e+03	1.1588e+03	5.3917e+03	6.4722e+02	-1.2245e+02	1.2388e+03	-1.5283e+03	1.4111e+02	5.1168e+02	-2.0687e+03	-4.4755e+03
