2.0000e+04	1.2444e+02	-3.6873e+02	-2.9848e+02	7.2549e+01	-6.4851e+02	-9.0537e+01	-8.1727e+01	9.9151e+01	8.2299e+01	6.0842e+02	-3.5034e+02	3.6186e+02	-2.5202e+01	-2.2325e+01	3.4043e+02	-1.4192e+01	3.2087e+02	9.9892e+01	-9.4665e+01	-5.8039e+02	-1.1718e+02	-2.3508e+02	-1.3411e+02	6.5321e+01	3.0666e+02	5.1410e+02	1.2646e+02	-7.0572e+02	-4.6093e+02	-3.9202e+02	2.4074e+02	1.7413e+02	2.4250e+02	5.9833e+01	-3.8547e+01	7.0072e+00	1.6923e+02	-2.0508e+02	5.3140e+02	-3.5548e+02	5.7583e+02	1.3882e+02	-9.5079e+01	2.7008e+02	3.1464e+02	5.2861e+02	-1.5366e+02	-2.2819e+02	1.2250e+02	-5.1974e+02	3.6342e+02	-9.4979e+01	3.6577e+02	1.2780e+02	-6.6898e+01	-1.4903e+02	3.4074e+02	2.6707e+02	-9.0667e+01	-2.2538e+02	2.8747e+02	4.0282e+02	-6.1491e+02	-2.5765e+02	5.5220e+01	6.0334e+00	9.1308e+01	2.9208e+02	1.3414e+02	2.1656e+02	4.7511e+01	1.9052e+02	-2.2321e+02	1.1294e+02	1.6824e+02	-2.4611e+02	-2.9975e+02	-3.8153e+02	-3.4689e+02	-2.6904e+01	2.1574e+02	1.8694e+02	-4.8915e+01	4.3831e+02	-4.8617e+02	-1.9905e+02	-3.6809e+02	-6.4669e+02	-2.8971e+01	-2.1006e+02	-6.5070e+01	-1.1820e+01	-1.8503e+01	5.5860e+02	-4.3004e+02	6.8827e+02	8.6673e+01	4.9550e+02	-2.5322e+02	1.5405e+01	-4.9352e+02	-1.1418e+02	1.7767e+02	2.0017e+02	6.4212e+02	3.9857e+02	1.9990e+02	8.9951e+02	1.2801e+02	4.1206e+01	1.7919e+02	-1.9660e+01	-7.1734e+02	-6.8078e+02	-4.3564e+02	4.2289e+02	-5.7746e+02	-4.0559e+02	-1.8731e+02	2.1176e+02	-9.5318e+02	-2.8922e+02	-6.8038e+01	3.9716e+02	6.2138e+02	5.8063e+01	-2.3616e+02	-2.6731e+02	-1.7708e+02	8.0805e+01	-1.4203e+02	-7.9563e+01	-5.7118e+02	6.4928e+02	-1.4407e+02	-6.9296e+01	-2.8724e+02	-2.2261e+02	-1.6448e+01	-1.4018e+02	5.4940e+02	-5.9772e+01	8.5831e+02	5.6258e+02	4.2203e+02	2.4283e+02	5.9573e+01	3.1507e+02	-2.9247e+01	-9.9821e+01	2.0368e+02	-6.9546e+02	1.4666e+02	-3.8260e+02	2.2967e+02	-3.8799e+02	-2.3735e+01	1.2290e+02	-2.1504e+02	-4.3945e+02	-1.3789e+01	4.6912e+02	5.7289e+01	-4.4697e+01	2.0727e+02	8.0499e+00	-5.5790e+02	-3.5322e+02	8.4276e+01	5.5639e+02	3.4978e+01	1.3953e+02	-1.7827e+02	-3.5142e+02	-2.3809e+02	-1.9676e+01	2.1285e+02	-2.3556e+02	-3.9217e+00	2.1929e+02	3.4153e+02	-1.6088e+01	7.7052e+02	-3.5649e+00	3.1024e+02	5.2074e+02	1.9432e+02	8.9083e+02	-3.6383e+02	-9.5352e+00	5.8543e+02	-8.3513e+01	3.9597e+02	-2.0269e+02	4.4337e+02	-3.8631e+02	-6.5988e+02	9.9492e+01	-6.3861e+01	1.9166e+02
2.0000e+04	-3.0494e+02	-4.5684e+01	2.9388e+02	7.1024e+02	1.3131e+02	-4.1249e+02	4.5697e+01	-1.5710e+02	-3.5641e+02	1.8316e+02	1.1550e+02	-8.9668e+01	2.9450e+02	4.3103e+02	-1.2571e+03	8.8146e+02	-1.0573e+03	2.6735e+02	4.6821e+02	1.5257e+02	-1.0462e+02	-1.0594e+03	8.0654e+02	-5.2173e+02	8.1745e+02	2.8445e+02	4.1482e+02	2.9090e+02	-4.5591e+01	-1.4865e+03	3.3957e+02	-3.6788e+02	9.5382e+01	1.6587e+02	-7.2920e+02	-4.6731e+02	-8.4194e+02	-5.3855e+01	-5.7831e+02	1.0399e+03	5.5775e+02	6.2822e+01	-1.5925e+03	-4.6062e+02	-2.9104e+02	2.0448e+01	-1.9518e+02	-1.3393e+03	2.5902e+02	7.8565e+02	5.5458e+02	4.8496e+02	9.0225e+02	-6.0767e+02	1.4359e+02	-3.5738e+01	-1.5758e+02	-1.5873e+02	-3.2926e+01	-3.9201e+02	-4.6144e+01	3.2814e+02	-2.2065e+02	7.4985e+00	-5.3744e+02	5.9123e+02	-2.9896e+02	-4.1214e+01	1.0014e+02	-6.7794e+01	-9.0325e+02	4.2473e+02	1.8827e+02	-4.2919e+02	9.6643e+02	3.8794e+02	-1.0109e+03	4.8651e+02	-8.7953e+02	-1.0752e+02	1.1198e+03	-9.6136e+02	1.6579e+02	-2.0135e+02	-9.7663e+02	-8.4121e+01	1.0626e+02	-3.4525e+02	-2.5203e+02	1.1609e+02	8.6443e+02	1.3785e+03	-1.0031e+02	1.2504e+03	-6.4952e+02	6.3234e+02	-6.7972e+02	7.7961e+02	-1.3204e+03	4.7771e+02	5.2527e+02	4.3253e+02	-1.9337e+02	1.9117e+02	-4.0302e+02	7.7802e+02	-6.5045e+01	4.9211e+00	-5.8040e+02	5.3841e+02	-2.4225e+02	-1.1522e+02	8.2069e+02	4.3132e+02	-2.5809e+02	1.1708e+03	2.2831e+02	-2.1028e+02	-1.1340e+03	9.5354e+01	2.7557e+02	1.6364e+02	8.2348e+01	1.4707e+02	-6.7305e+02	-8.4536e+02	7.3831e+02	2.4079e+02	-6.6885e+01	4.6391e+02	3.4990e+02	-1.9109e+02	5.5553e+01	3.5122e+02	1.7351e+02	-3.8753e+02	1.4461e+03	2.7959e+02	8.5226e+02	-8.3109e+02	8.8238e+01	6.0703e+02	-8.9180e+02	-1.5262e+02	-5.4974e+02	-9.9992e+01	1.1027e+03	-3.3128e+02	8.4700e+02	-1.1453e+03	1.3988e+02	5.9248e+02	-1.4625e+03	5.8729e+02	-4.4269e+02	4.1116e+02	-4.5348e+02	-2.9607e+02	2.9014e+02	4.0436e+02	-5.9076e+02	8.0442e+02	-4.5619e+02	1.7511e+02	3.4006e+02	7.6730e+02	-6.1397e+02	-2.8312e+02	6.2709e+02	-4.7673e+01	-1.1057e+02	-2.8313e+02	-1.2787e+03	-2.8480e+02	4.9815e+02	4.2468e+02	-1.7746e+02	-1.2788e+01	-3.7076e+02	8.1957e+02	-1.0549e+03	-1.3486e+02	7.1311e+02	3.9965e+02	-2.1188e+02	-2.4862e+02	-4.2295e+02	1.0994e+03	5.7976e+01	2.5072e+02	2.4027e+02	-4.6374e+02	-3.7079e+01	-9.7907e+02	-6.5505e+02	-8.3750e+02	-1.7937e+02	6.4248e+02	-8.3651e+02	-5.3800e+02
4.0000e+04	3.2895e+02	-5.7800e+02	-4.5599e+02	2.2442e+02	-1.0158e+03	5.9034e+02	5.6867e+02	-3.6737e+02	-2.9313e+02	3.6801e+02	4.1834e+02	5.3469e+02	1.9318e+02	4.0551e+02	1.7707e+02	-9.3553e+01	1.5812e+01	-5.5900e+01	-3.7060e+02	-2.3856e+02	-9.2943e+01	-1.8617e+01	1.5150e+02	1.3807e+02	2.7059e+02	1.3078e+02	1.7212e+02	-1.1365e+03	-1.5892e+02	-2.2570e+02	6.0377e+02	3.4454e+02	-7.0622e+02	-2.7047e+02	4.9902e+02	1.9366e+02	1.8077e+02	-5.2249e+02	6.9972e+02	-2.2156e+02	5.2750e+02	4.2348e+02	-6.3871e+02	4.7314e+02	8.5809e+02	4.9791e+01	2.7308e+02	1.9951e+02	2.6569e+02	-4.1003e+02	8.7435e+02	2.7120e+02	2.1065e+02	6.5781e+02	-4.9276e+02	6.7948e+02	4.1180e+02	2.8163e+02	-5.1582e+02	1.7959e+02	7.2536e+00	4.4983e+02	-8.5153e+02	-1.8794e+02	-3.0776e+01	-5.5022e+02	2.2434e+02	4.1447e+02	-8.4361e+01	4.5219e+02	1.5967e+02	-1.9447e+02	1.1107e+02	-4.6539e+02	2.6366e+02	5.9414e+01	-2.1271e+02	7.8617e+01	-1.3944e+03	1.0064e+02	1.2545e+03	1.0509e+03	2.4215e+02	7.5443e+01	-5.8802e+02	5.5027e+02	-2.0863e+02	-3.7047e+02	3.0362e+02	-8.0240e+01	-2.4570e+02	8.4306e+02	-6.2123e+01	9.3656e+01	-2.2322e+02	3.1075e+02	-3.0938e+02	4.5870e+02	-1.0944e+02	1.5307e+02	-3.9129e+02	-5.2983e+02	3.6610e+02	5.0108e+02	5.9966e+02	-4.2470e+02	-5.9397e+01	6.0052e+02	-8.7075e+01	-3.8595e+02	4.5055e+02	1.7466e+02	-4.1528e+02	-5.6876e+02	4.9659e+01	1.1152e+02	-6.3160e+02	-4.4318e+02	-9.4438e+02	-4.0173e+02	-4.7992e+02	-1.7206e+02	-3.6019e+01	3.1960e+02	1.0077e+03	-1.9385e+02	4.3531e+02	-4.2063e+02	-2.6975e+02	-9.8084e+00	-4.4392e+02	-2.9983e+02	-1.7109e+02	9.4227e+02	1.1580e+02	7.0385e+02	7.0425e+01	-5.1040e+02	4.6397e+01	-7.1024e+02	8.7749e+02	-5.3312e+01	6.1753e+02	7.6598e+02	5.0291e+02	8.7675e+01	-1.9840e+02	-1.6145e+02	4.0860e+02	2.6165e+02	7.6721e+01	-2.9307e+02	6.7588e+02	-3.7414e+02	4.9533e+02	-5.8845e+02	-5.0285e+02	2.1222e+02	-2.1594e+01	-6.5743e+02	2.9285e+01	8.9804e+02	-6.3447e+01	1.5396e+01	-2.8131e+01	-6.2188e+02	-2.9350e+02	-3.9200e+02	-5.1818e+02	-4.3848e+01	3.4997e+02	1.2919e+02	-3.8994e+02	-5.5905e+01	7.9405e+01	-1.1978e+02	1.1240e+02	5.4375e+01	1.2368e+02	3.2212e+01	5.0236e+02	2.7235e+02	5.9950e+02	1.0870e+02	4.7366e+02	3.0254e+02	2.4283e+02	1.0544e+03	-2.6314e+02	-3.5871e+02	2.7096e+01	9.6850e+01	-3.8715e+01	-2.5331e+02	8.3024e+02	-4.0428e+02	-1.8717e+02	-1.8207e+02	-1.7763e+02	-3.2877e+02
4.0000e+04	2.7027e+02	2.0482e+01	-1.4018e+02	8.8264e+02	9.3157e+01	-7.6137e+01	1.4187e+02	-8.9254e+02	-2.2946e+02	3.1410e+01	5.4154e+02	1.2267e+02	6.7956e+02	1.2473e+03	-1.0449e+03	1.4603e+03	-1.6397e+03	1.0116e+03	6.7239e+02	-1.3753e+02	-3.9436e+02	-9.2610e+02	1.2599e+03	-7.6974e+02	-4.9467e+02	1.3716e+03	2.1734e+02	2.0613e+01	-4.7666e+02	-1.1871e+03	-8.0020e+02	-8.7583e+02	5.8867e+02	5.8709e+02	-6.2119e+02	9.6140e+02	-1.0958e+03	-1.3897e+02	-4.6865e+02	4.2180e+02	2.0543e+02	-9.8470e+01	-1.8591e+03	-1.2624e+03	-7.0540e+02	-6.5108e+02	-1.4248e+03	-1.3080e+03	3.3923e+01	1.1646e+03	1.3545e+03	7.7382e+02	1.0390e+03	-1.5558e+03	5.0184e+02	4.2994e+02	-1.0075e+02	-3.0630e+02	6.5021e+02	-1.3367e+03	-7.3036e+02	-4.9048e+02	-6.7193e+02	-1.0290e+03	-4.5827e+02	3.3184e+02	-5.7643e+02	-4.2744e+02	8.3145e+02	-4.7476e+02	1.8438e+02	4.7052e+02	-7.1593e+02	-3.8328e+02	3.5797e+02	7.2848e+02	-8.7672e+02	5.3452e+02	-5.3419e+02	2.1094e+02	1.1333e+03	-1.0373e+03	1.5962e+02	6.3785e+02	-5.3895e+02	-1.0796e+03	-3.4721e+02	-7.4988e+02	-6.8538e+02	-4.3183e+01	7.4132e+02	1.2840e+03	2.4602e+02	1.3214e+03	-1.1042e+03	7.1733e+02	-9.9215e+02	2.9831e+02	-1.5723e+03	9.8810e+02	-1.3223e+02	5.9682e+02	-5.9092e+02	-2.1648e+02	5.1682e+01	5.6155e+02	-1.9465e+02	3.9387e+02	-1.0745e+03	2.4289e+02	2.3331e+01	9.7041e+02	1.2741e+03	-1.3252e+02	2.8328e+01	1.1112e+03	8.0515e+02	2.7241e+02	-1.4435e+03	7.2369e+02	-6.6753e+02	9.3275e+01	-6.2796e+02	1.8938e+02	-1.0959e+02	-1.4125e+03	2.5147e+00	-3.3116e+01	-1.1508e+02	-3.6231e+02	5.9517e+02	-8.6806e+02	-6.8401e+02	4.7972e+02	2.0615e+02	-9.8196e+02	9.6023e+02	3.5460e+02	9.1466e+02	-2.9623e+02	-2.8082e+02	7.0512e+02	-1.1112e+03	-3.9940e+02	-1.3739e+03	3.1246e+02	1.7530e+03	-6.5537e+02	9.5212e+02	-1.0620e+03	7.2923e+02	1.9869e+01	-5.2689e+02	9.1450e+02	5.2784e+02	-2.9364e+02	-8.7620e+02	-6.1644e+02	9.0050e+02	1.6432e+02	-1.9401e+02	6.3835e+01	6.8023e+01	-3.1143e+02	-6.2173e+01	6.4293e+02	-2.4491e+02	1.1553e+03	7.4068e+02	8.8061e+02	-7.1734e+02	6.8221e+02	-2.0858e+03	3.4191e+02	5.7439e+01	1.6012e+02	-1.0545e+03	4.0161e+02	3.9307e+02	6.7949e+02	-1.5436e+03	-3.3632e+02	3.8647e+01	1.2680e+02	-1.5345e+02	-6.9984e+02	-1.4373e+01	1.9321e+03	2.7289e+02	1.0257e+03	2.1714e+01	-1.0335e+02	-4.3171e+02	-1.4295e+03	-1.2430e+02	-1.0695e+03	3.8360e+02	1.3176e+03	-1.1623e+03	2.8213e+02
6.0000e+04	-3.2761e+02	-4.9607e+02	-3.7965e+02	8.0029e+01	-1.3213e+03	3.8083e+02	2.2520e+02	1.2202e+02	-1.1525e+03	-3.1558e+02	7.8723e+02	5.6555e+02	5.4879e+02	5.9066e+01	6.1477e+02	1.0452e+02	-8.1104e+02	9.1628e+01	-6.4832e+02	-1.0387e+03	-4.8245e+01	1.3715e+02	-3.7097e+02	6.5335e+02	1.7468e+02	9.5032e+01	1.8364e+02	-1.4248e+03	-6.2153e+01	8.4401e+01	2.3768e+02	5.1421e+02	-5.1923e+02	-2.8216e+02	8.0095e+02	-5.9977e+00	5.0142e+02	-1.3627e+03	4.5603e+02	-2.2872e+02	5.1866e+02	4.2354e+02	-3.5092e+02	5.4079e+02	1.1292e+03	2.9178e+02	2.3392e+02	5.6165e+02	-1.8251e+02	-9.3812e+02	1.1702e+03	7.6149e+01	-3.6537e+01	9.9810e+02	-1.0877e+03	3.0203e+02	4.2633e+02	7.1276e+01	-6.1134e+02	-4.2520e+01	-5.2178e+02	2.0981e+02	-7.6016e+02	-4.0847e+02	-3.2321e+02	-7.0286e+02	6.7864e+01	6.3062e+02	-2.6490e+02	5.4029e+02	1.4314e+02	-6.4143e+02	-1.4644e+02	-5.8246e+02	2.5252e+02	1.6112e+01	2.1493e+02	-4.8420e+02	-1.2220e+03	2.0855e+02	1.3559e+03	5.6328e+02	-4.6108e+02	-9.4355e+00	-9.0988e+02	1.0530e+03	-2.4381e+02	-5.0560e+02	8.2891e+01	-5.5208e+02	-1.0694e+02	6.0732e+02	-3.7623e+02	-6.5592e+02	-4.5742e+02	8.0373e+02	-1.6778e+02	2.8112e+02	-5.8314e+02	2.6686e+02	-7.7211e+02	-7.5263e+02	6.2397e+02	4.9045e+02	3.5820e+02	-2.4881e+02	-2.5488e+02	3.8065e+02	-2.5500e+02	-2.6986e+02	4.5508e+02	6.5698e+02	-4.5762e+02	-7.2437e+02	-3.7731e+02	5.7644e+02	-7.2213e+02	-7.8579e+02	-7.0183e+02	-9.7950e+02	-7.7848e+02	-8.4059e+00	-4.5055e+01	7.1047e+01	1.0822e+03	8.0874e+01	3.5385e+02	-9.9402e+02	-2.9337e+02	-8.1670e+01	-2.5627e+02	-5.8771e+02	-2.9659e+02	2.2685e+02	-5.3440e+01	8.3236e+02	3.6766e+02	-1.8755e+02	-9.8764e+01	-6.3829e+02	8.5596e+02	-4.5963e+02	7.2868e+02	8.0895e+02	5.8767e+02	-1.1452e+02	-1.1861e+02	-6.2917e+02	-2.3680e+02	5.4418e+02	2.4717e+02	-7.0991e+02	3.9894e+02	-6.8908e+02	2.8567e+02	-1.1909e+03	-7.3036e+02	8.4091e+01	5.0106e+02	-6.5674e+02	7.0485e+02	8.7517e+02	5.1210e+02	-2.5027e+02	-2.8978e+02	-1.0871e+02	-5.5040e+02	-2.9050e+02	-8.8893e+02	2.9095e+02	4.5685e+02	5.1530e+01	-3.0927e+02	-1.6092e+02	6.5208e+01	-1.9693e+02	-6.1539e+01	1.3884e+02	4.4662e+02	3.9614e+02	5.0004e+02	6.9598e+02	2.4059e+02	-2.8626e+01	5.6874e+02	9.1475e+01	-3.3678e+02	9.6703e+02	-3.1419e+02	-7.6190e+01	2.4505e+01	-2.7538e+02	-6.5170e+01	-7.4486e+02	4.4297e+02	-5.1175e+02	-1.2080e+01	-4.7519e+02	-4.4101e+02	-1.9657e+02
6.0000e+04	-5.2323e+02	-5.7153e+02	7.3598e+01	5.0955e+02	-9.6927e+02	5.1905e+02	-4.7512e+02	-7.5089e+02	-7.1815e+02	-1.1873e+03	8.7760e+02	1.0822e+03	-1.0956e+03	7.8528e+02	-3.8947e+02	9.4087e+02	-1.4946e+03	1.0849e+03	3.7956e+02	-3.7162e+02	-4.5609e+02	-9.5600e+01	1.5222e+03	2.2560e+02	-3.5508e+02	1.5197e+03	6.4897e+02	-2.2319e+02	-7.9716e+02	-1.1995e+03	-9.1938e+02	-1.3898e+03	5.3855e+02	9.1879e+02	8.3865e+01	2.1409e+03	-1.1320e+03	6.1685e+02	-1.1528e+03	-2.0963e+02	3.4332e+02	-6.1428e+01	-2.1013e+03	-1.5625e+03	-3.9515e+02	-9.4162e+02	-1.5272e+03	-9.0397e+02	3.4544e+01	1.4960e+03	1.3659e+03	9.8485e+02	1.7641e+03	-4.4046e+02	3.4384e+01	-2.4152e+02	-5.2486e+02	-4.1800e+02	1.5302e+03	-1.9131e+03	-2.4963e+02	2.1909e+02	-2.2319e+02	-4.8685e+02	-1.5237e+03	9.1695e+01	-1.0554e+03	-8.4846e+02	2.3998e+02	-4.8960e+02	2.8054e+02	2.2570e+02	-1.2141e+03	1.8668e+02	2.9336e+02	6.3588e+02	-1.0638e+03	7.3967e+02	-1.8609e+03	1.0069e+02	1.2455e+03	6.3329e+01	4.9194e+02	6.9126e+02	1.6751e+02	-1.4027e+03	1.0421e+03	-6.7388e+02	-8.5330e+02	7.6774e+01	1.0668e+02	1.2264e+03	-2.2190e+02	3.3797e+02	-9.8149e+02	1.9247e+03	-1.3076e+03	4.8484e+02	-1.1270e+03	2.1084e+03	-6.6809e+02	1.2431e+03	-1.1153e+03	-4.0323e+02	-3.5697e+02	5.1495e+02	-3.4810e+02	5.7814e+02	-1.0407e+03	1.0527e+02	-3.0182e+02	1.7012e+03	3.2510e+02	-2.0786e+02	2.5260e+02	1.1957e+03	7.6621e+02	-3.7729e+02	-1.4973e+03	3.5545e+02	-6.0226e+01	3.5184e+02	8.3317e+02	1.2674e+03	-8.7556e+02	-1.3329e+03	-2.2076e+02	-6.3525e+02	-4.5041e+02	-1.7393e+02	1.0195e+03	-3.4901e+02	-1.2694e+03	4.2993e+02	2.5059e+02	-1.8043e+03	8.0189e+02	4.5821e+02	1.4585e+03	5.0982e+02	-4.5265e+01	-7.8017e+01	-1.0495e+03	-1.2953e+03	-2.1578e+03	7.9934e+02	1.3629e+03	-6.8739e+02	1.1058e+03	-1.5677e+03	1.2397e+03	1.8992e+02	-8.1687e+00	1.3900e+03	6.1138e+02	-9.3948e+02	-1.6470e+03	-4.3469e+02	-4.8374e+02	-3.4779e+02	1.8657e+02	1.1971e+03	-2.5780e+02	-3.1586e+02	-1.9887e+02	1.0557e+03	-5.8108e+02	2.3094e+03	6.8572e+02	9.6965e+02	-1.9476e+03	7.9209e+02	-2.5703e+03	-6.5032e+02	-5.1195e+02	5.3856e+02	-7.5516e+02	2.5137e+02	2.1919e+02	-1.1507e+02	-9.6652e+02	-1.1131e+02	-2.1626e+02	9.5359e+02	-1.3686e+03	-5.8703e+02	-8.2254e+02	2.3950e+03	3.5289e+02	1.7244e+03	7.6303e+02	-5.7366e+02	-1.7375e+03	-1.8757e+03	3.1481e+02	-1.6499e+03	1.4405e+02	1.7502e+03	1.6322e+02	-5.5292e+01
8.0000e+04	-5.6915e+02	1.9750e+02	-3.0902e+02	5.7714e+02	-1.6169e+03	3.1380e+02	-1.7783e+02	-8.6746e+01	-1.0981e+03	-3.1777e+02	1.5981e+03	5.4985e+02	7.5461e+02	1.3328e+02	5.3391e+02	-3.2784e+02	-8.9195e+02	-3.4796e+02	-6.4385e+02	-9.5739e+02	1.7787e+01	-2.0861e+02	-1.8993e+02	1.0897e+03	1.3540e+02	1.3421e+02	-4.7923e+02	-1.3999e+03	-5.7447e+02	1.2898e+02	-2.4601e+02	3.5505e+02	-4.1276e+02	-8.1939e+02	1.0025e+03	5.1122e+02	1.2133e+02	-1.4437e+03	6.1954e+02	-5.7061e-01	8.7980e+02	9.6111e+02	-5.6919e+01	6.3255e+02	1.7112e+03	2.4735e+02	3.7152e+02	4.8393e+02	1.2909e+01	-4.3819e+02	1.7346e+03	-2.8145e+02	-1.3513e+02	6.0714e+02	-6.4672e+02	-1.7683e+02	-2.2882e+02	6.9300e+01	-2.6716e+02	4.6801e+02	-5.2371e+02	1.3909e+02	-9.0124e+02	-2.5844e+02	-1.1383e+02	-8.8595e+02	1.1478e+02	9.8438e+02	1.1727e+02	6.6302e+02	3.7820e+02	-6.0867e+02	3.5522e+02	-9.2387e+02	6.1572e+02	-3.4364e+02	9.3250e+01	-4.3368e+02	-6.8740e+02	1.8471e+02	5.3248e+02	5.0382e+02	-9.2018e+02	1.5532e+02	-6.5782e+02	1.1363e+03	-7.4800e+02	-4.5213e+02	2.4484e+02	-1.2221e+03	-5.3725e+02	2.3799e+02	-5.0099e+02	-4.1136e+02	-1.4372e+02	9.7954e+02	-2.1992e+02	5.2650e+02	-1.6171e+03	-4.0248e+01	-6.9666e+02	-7.2090e+02	-1.6767e+01	6.1903e+02	2.6344e+02	2.2399e+02	-7.0493e+02	6.1805e+02	-5.8943e+02	2.9217e+01	3.2167e+02	3.6189e+02	-3.5681e+02	-8.2526e+02	-7.3675e+02	5.9934e+02	-1.0197e+03	-6.0460e+02	-8.1869e+02	-8.0629e+02	-9.6198e+02	-4.1500e+01	8.8437e+02	4.2157e+02	1.7240e+03	3.2505e+02	-3.2439e+02	-1.0780e+03	-7.2944e+02	-4.7753e+02	-3.3429e+02	-6.7596e+02	-6.4947e+02	3.1660e+02	-1.9458e+02	5.2875e+02	5.4888e+02	8.7663e+01	-1.0848e+02	-3.8993e+02	1.1937e+03	-2.3045e+02	8.1949e+02	7.0470e+02	7.4374e+02	-3.4557e+01	8.4618e+02	-1.5947e+03	2.8094e+02	8.5068e+02	4.6480e+02	-7.5041e+02	4.7906e+02	-1.5021e+03	5.9521e+02	-6.4806e+02	-1.1635e+03	1.7335e+02	1.0209e+02	-6.7864e+02	9.3825e+02	4.9112e+02	1.0619e+03	-5.4585e+02	-3.6077e+02	-1.8891e+02	-5.0173e+02	2.8843e+01	-6.7212e+02	5.6299e+02	4.4544e+02	6.0979e+02	-5.9439e+02	-3.8618e+02	-8.7561e+01	8.5138e+01	8.4487e+01	2.2377e+01	7.1863e+02	6.4461e+02	2.8985e+02	1.0450e+03	7.1879e+02	1.1351e+02	3.5811e+02	-6.2469e+02	-3.2463e+02	1.2442e+03	-1.3177e+02	2.4875e+02	-1.6812e+02	1.8543e+02	-5.2175e+02	-8.0527e+02	1.0069e+03	-7.5033e+02	6.1082e+02	-3.9716e+02	-1.2486e+02	-3.5170e+01
8.0000e+04	1.6184e+02	2.6327e+02	1.0484e+03	5.8944e+02	-1.4260e+03	-1.2749e+02	5.5062e+02	-5.6249e+02	-6.9487e+02	-8.7924e+02	-1.3940e+02	7.1108e+02	-1.0387e+03	1.2111e+03	-8.5660e+02	1.0734e+03	-2.1246e+03	1.7687e+03	6.0816e+02	-9.5183e+02	-1.5945e+02	-5.4442e+02	1.6160e+03	-6.4144e+02	8.8122e+01	2.1243e+03	1.3335e+03	-1.0194e+03	-4.0615e+02	-1.4995e+03	-4.9039e+02	-2.5470e+03	8.5897e+02	-4.7680e+02	4.4420e+02	1.9393e+03	-1.6619e+03	6.1105e+02	-1.4576e+03	-8.7565e+02	-2.3637e+02	3.3783e+02	-1.3225e+03	-1.2972e+03	-1.1887e+03	-5.2264e+02	-9.2559e+02	-6.3358e+02	-7.3460e+02	2.2425e+03	1.1876e+03	1.1757e+03	2.4777e+03	-2.1234e+02	-2.4280e+02	-3.9739e+02	-8.3831e+02	-1.2315e+03	8.8455e+02	-2.2907e+03	-4.2760e+02	1.4683e+01	-6.1368e+01	6.9326e+02	-1.4231e+03	-5.5776e+02	-1.0990e+02	-8.7941e+02	6.6165e+02	-5.7577e+02	2.7211e+02	2.2673e+02	-1.0943e+03	2.8155e+02	6.2160e+02	1.8785e+03	-9.9584e+02	5.3398e+02	-2.5698e+03	4.7798e+02	1.5823e+03	-9.4470e+02	9.2225e+02	1.6279e+03	2.5009e+02	-1.3294e+03	1.2861e+03	-1.0197e+03	-9.3977e+02	8.0249e+01	-4.2210e+02	1.5572e+03	2.8187e+02	3.4277e+02	-7.5244e+02	2.1815e+03	-7.3525e+02	8.8850e+02	-1.1253e+03	2.0663e+03	-7.4016e+02	1.8244e+03	2.6914e+02	-4.2404e+02	-6.8617e+01	1.7310e+02	-1.1078e+03	8.9858e+02	-1.6047e+03	-3.4052e+02	7.2035e+01	1.6004e+03	-3.0068e+02	-1.4987e+02	-3.6837e+02	2.1789e+03	4.9128e+02	4.0144e+02	-2.1603e+03	4.4127e+02	-2.5999e+02	6.9130e+02	6.9478e+02	1.7985e+03	-1.5324e+03	-9.4502e+02	-1.0195e+03	-8.1654e+02	-3.8642e+02	-1.5148e+03	9.7234e+02	4.4948e+01	-1.0199e+03	2.9406e+02	3.7926e+02	-1.8169e+03	1.4944e+03	2.3312e+02	1.5602e+03	6.8163e+02	-4.5739e+02	8.9882e+01	-8.3905e+02	-1.5774e+03	-1.9480e+03	9.3035e+02	4.9487e+02	1.7568e+02	8.9918e+02	-1.8325e+03	2.3165e+03	6.4130e+02	6.6531e+02	1.5159e+03	2.5185e+02	-4.8541e+02	-1.9970e+03	-8.7393e+02	-2.6671e+02	-6.8593e+02	-7.7927e+02	1.3219e+02	3.6132e+02	-1.2668e+03	1.8939e+02	1.5028e+03	-1.3029e+02	2.1060e+03	1.0143e+03	2.3825e+02	-1.8802e+03	4.9697e+02	-2.2067e+03	-4.5934e+02	-1.0066e+03	2.4546e+02	-5.4294e+02	5.0898e+01	-8.7778e+01	-1.5238e+03	-9.6624e+02	7.5555e+02	-8.8567e+02	8.1261e+02	-1.3670e+03	-5.7222e+02	-1.2675e+03	2.5784e+03	1.4505e+03	1.8033e+03	8.6439e+02	-2.9860e+02	-2.7288e+03	-1.0248e+03	2.6259e+02	-1.7989e+03	9.4574e+02	1.1927e+03	2.2863e+02	3.4202e+02
1.0000e+05	-1.0562e+03	6.3891e+01	-1.4012e+02	1.5708e+02	-1.5549e+03	5.7990e+02	-6.2419e+01	2.3792e+02	-1.4231e+03	-2.6911e+02	1.4683e+03	-1.4649e+02	1.1980e+03	-1.8879e+02	9.3335e+01	1.5857e+02	-1.1025e+03	-3.8367e+02	-7.7356e+02	-1.1885e+03	-3.2615e+01	-8.7759e+02	-6.4890e+02	1.2239e+03	1.3660e+02	2.6057e+02	-3.9078e+02	-1.3537e+03	-7.5396e+02	-2.5291e+01	7.1431e+01	-1.5256e+02	-5.4894e+02	-1.0508e+03	7.0934e+02	8.9281e+02	-2.2044e+02	-1.5057e+03	4.2382e+02	2.0265e+02	1.2175e+03	1.0126e+03	4.3647e+02	-4.3399e+02	2.1088e+03	7.0993e+02	1.0157e+03	2.6208e+02	3.9262e+02	-4.2234e+02	1.9120e+03	-2.8150e+02	-2.0454e-01	6.2534e+02	-7.1447e+02	-6.1786e+02	5.2080e+00	-7.5489e+02	-7.9771e+02	3.7593e+02	-6.5377e+02	-3.7459e+02	-8.1586e+02	-8.1524e+02	2.6027e+02	-1.4327e+03	4.1328e+02	1.0151e+03	1.4049e+02	8.6138e+01	2.9967e+02	-2.1423e+02	-5.2665e+00	-5.4812e+02	3.9721e+02	1.6041e+02	3.7092e+02	-1.0725e+03	-5.3206e+02	-6.9288e+01	2.5404e+02	3.9798e+02	-4.2825e+02	5.4463e+00	-2.0715e+02	9.2002e+02	2.2849e+02	-7.7851e+02	1.9794e+02	-1.2502e+03	-6.8334e+02	7.2910e+02	2.2976e+02	-6.0888e+02	-4.9346e+02	8.8273e+02	-1.9878e+02	3.3280e+02	-1.9996e+03	-3.1331e+01	-1.0252e+03	-5.1632e+02	9.5581e+01	2.4919e+01	2.4980e+02	6.6948e+02	-1.2945e+03	1.0092e+03	-2.0967e+02	1.8719e+02	9.3554e+02	8.6647e+00	2.0626e+02	-9.1590e+02	-7.1931e+02	6.5686e+02	-6.6896e+02	-2.2338e+02	-9.8629e+02	-1.2534e+03	-9.3680e+02	3.5800e+02	8.2511e+02	5.2941e+02	1.6405e+03	7.7706e+02	-1.0742e+03	-1.2398e+03	-7.3150e+02	-9.9013e+02	1.4847e+02	-6.3716e+02	-5.9675e+02	2.7296e+02	-8.0563e+01	6.4360e+02	4.3395e+02	1.0512e+02	-2.9300e+02	-2.7361e+02	1.6557e+03	1.6292e+02	1.1247e+03	1.5692e+02	9.8455e+02	1.1038e+01	6.8933e+02	-1.8501e+03	5.4593e+02	3.6117e+02	1.2013e+03	-5.5890e+02	1.2494e+02	-1.2611e+03	8.8084e+01	-9.3835e+02	-1.0975e+03	-1.3344e+02	-1.0554e+02	-3.7834e+02	9.6379e+02	8.4555e+02	1.2412e+03	-8.3812e+02	-8.0381e+01	-6.1082e+02	-6.9195e+02	-3.7444e+00	-6.6100e+00	8.0318e+02	-4.2383e+02	-4.7095e+01	-1.2629e+02	-6.0745e+02	-3.0817e+02	-8.1832e+02	-5.4974e+00	1.8345e+02	8.1553e+02	4.2057e+02	6.7019e+02	6.3490e+02	5.9170e+02	6.0755e+02	1.1298e+02	-5.5489e+02	-7.5863e+02	1.3331e+03	-2.0051e+02	-2.1332e+02	4.2164e+00	-6.1390e+02	6.0789e+01	-5.1175e+02	1.2015e+03	-2.9612e+02	1.2441e+02	-1.0157e+02	-7.2785e+01	-2.7117e+00
1.0000e+05	-7.6209e+01	-8.6391e+01	7.7641e+02	1.0061e+03	-1.3717e+03	4.1807e+01	4.4197e+02	-6.6973e+02	-7.6084e+02	-9.1208e+02	7.3967e+02	3.2949e+02	-1.0504e+03	1.0461e+03	-7.7244e+02	2.0333e+03	-5.8061e+02	8.9990e+02	1.4036e+03	-1.7390e+03	-3.5646e+02	-9.0577e+02	1.3092e+03	-1.2935e+03	7.1276e+02	1.9095e+03	-2.9834e+02	-2.6772e+03	2.2624e+02	-6.1841e+02	-1.5734e+03	-3.2192e+03	1.0190e+03	1.8397e+02	3.2239e+02	2.1791e+03	-1.7128e+03	1.5853e+03	-9.3767e+02	-1.1002e+03	-1.3362e+02	1.0152e+03	-2.0095e+03	-2.1175e+03	-7.2183e+02	-8.2775e+01	-2.0816e+02	-5.7889e+02	-1.0493e+03	4.0801e+03	-1.2686e+02	1.0680e+03	2.2523e+03	1.4554e+02	-6.1754e+02	-9.1129e+02	-2.9769e+02	-9.5266e+02	9.0685e+02	-1.4373e+03	-9.8781e+02	-6.7072e+01	3.4593e+02	-6.0684e+01	-1.4720e+03	-1.1142e+03	3.1634e+02	-1.8740e+03	7.1634e+02	2.7084e+02	-9.5326e+02	-1.7381e+02	-8.8271e+02	1.1044e+02	1.1921e+03	2.7697e+03	-1.3759e+03	-2.4662e+02	-2.2016e+03	6.7655e+02	1.1864e+03	-1.1816e+03	9.8692e+02	1.8782e+03	8.1531e+02	-1.1975e+03	2.0088e+03	-9.7143e+02	1.4265e+01	-9.8092e+01	-4.0678e+02	3.3203e+03	1.0078e+03	-5.2968e+02	-1.3584e+03	2.0395e+03	-1.0936e+03	1.0658e+03	-4.5699e+02	2.2592e+03	2.4415e+02	2.2212e+03	8.5209e+02	-1.2310e+03	2.1492e+02	-8.8294e+01	-7.2362e+02	1.3595e+03	-1.4931e+03	2.4269e+02	-5.5312e+02	1.6680e+03	-6.7698e+02	-5.8130e+01	-8.9242e+02	2.2762e+03	9.8889e+02	1.5382e+03	-1.4170e+03	4.7958e+02	-4.9572e+01	2.0190e+01	9.6961e+02	1.6372e+03	-1.7752e+03	-8.8118e+02	3.0728e+02	-9.8169e+02	-6.4979e+02	-1.2234e+03	1.7831e+03	4.0297e+02	-8.2781e+02	8.5728e+02	4.5610e+02	-1.4739e+03	1.3113e+03	-1.2259e+02	2.2911e+03	1.6006e+03	-1.0124e+03	2.1934e+02	-5.7812e+02	-1.1748e+03	-4.5231e+02	4.6512e+02	2.0108e+02	-1.8776e+02	1.0126e+03	-1.8415e+03	2.6818e+03	1.8170e+03	5.9867e+02	9.7748e+02	9.9143e+02	-5.0560e+02	-2.4242e+03	-3.3399e+02	-3.5139e+02	-3.8428e+02	1.1519e+02	7.3368e+02	-4.6495e+01	-1.2770e+03	2.6612e+02	1.5061e+03	-3.8338e+02	2.7595e+03	9.9730e+02	1.5476e+02	-2.7311e+03	8.5600e+02	-2.2316e+03	-1.4634e+03	-3.1698e+02	7.3115e+02	2.3396e+02	-5.0098e+02	2.1758e+03	-1.5965e+03	-6.6894e+01	1.5238e+03	-1.5234e+03	1.1144e+03	-6.7282e+02	-9.2128e+02	-6.8860e+02	2.7812e+03	1.7548e+03	9.9240e+02	1.0957e+03	-7.3824e+02	-2.3015e+03	-9.4652e+02	-6.8894e+02	-1.9651e+03	1.1476e+03	9.3978e+02	-4.0704e+02	1.2582e+03
1.2000e+05	-8.5216e+02	3.0822e+02	-6.4724e+02	-2.9299e+02	-1.3161e+03	8.7586e+02	-4.4470e+02	3.8191e+02	-9.0597e+02	-1.7725e+02	1.1837e+03	3.3646e+02	1.3926e+03	-1.2857e+02	3.2826e+02	7.3880e+02	-1.2892e+03	-1.9027e+02	-8.8825e+02	-1.3862e+03	2.2033e+02	-9.3861e+02	-3.6850e+02	1.5954e+03	-3.3334e+02	2.2312e+02	-3.0095e+02	-1.2284e+03	-4.8917e+02	5.1114e+02	-1.5521e+02	1.3290e+02	-2.7929e+02	-5.9635e+02	5.6521e+02	9.6203e+02	-7.2727e+02	-2.2202e+03	9.6905e+01	1.1368e+02	1.4733e+03	8.8880e+02	2.1621e+01	-3.3764e+02	1.8302e+03	6.6608e+02	1.3072e+03	-6.6632e+01	2.8305e+02	-5.8605e+01	1.7062e+03	-4.8467e+02	-1.7447e+02	3.2036e+02	-6.6442e+02	-1.2301e+03	1.9484e+02	-4.8972e+02	-1.2180e+03	5.2774e+02	-6.5969e+02	-5.6017e+02	-8.9355e+02	-2.5692e+02	2.9497e+02	-1.4018e+03	3.9857e+02	1.7888e+03	4.3573e+02	-6.4267e+01	-2.4280e+02	-6.7418e+02	4.4373e+02	-8.8112e+02	1.0252e+03	7.2738e+01	-8.3082e+01	-1.6420e+03	-6.0368e+02	-3.1108e+02	5.2899e+02	4.0667e+02	-7.1876e+02	4.8701e+01	-2.1268e+02	1.1664e+03	1.4358e+02	-1.0971e+03	4.5050e+02	-1.4028e+03	-8.5277e+02	1.5200e+02	3.2255e+02	-4.3804e+02	-4.5880e+02	1.4095e+03	-5.0191e+02	1.2754e+02	-1.6804e+03	-9.2691e+01	-9.6408e+02	-6.7051e+02	1.0560e+03	-1.7991e+02	7.1092e+02	5.9814e+02	-8.4433e+02	1.3418e+03	-2.4683e+02	2.4001e+02	1.6290e+03	5.6856e+02	6.0035e+02	-1.1977e+03	-9.5300e+01	5.2596e+02	-1.4674e+03	-7.2656e+02	-1.0636e+03	-1.7230e+03	-1.1531e+03	-5.4011e+01	3.9846e+01	2.1861e+02	1.8474e+03	4.0803e+02	-9.5951e+02	-1.1522e+03	-4.2235e+02	-8.9601e+02	4.8563e+02	-4.9756e+02	-8.9240e+01	-2.7799e+02	-8.8695e+02	8.5900e+02	7.0210e+02	2.1883e+02	-1.3630e+02	4.2070e+02	2.2501e+03	-1.8800e+02	1.2912e+03	3.7003e+02	1.4006e+03	-6.0977e+01	8.1088e+02	-1.8157e+03	4.8713e+02	-8.7633e+01	1.5146e+03	-7.1388e+02	6.9770e+02	-7.4040e+02	6.1168e+02	-4.7882e+02	-9.1267e+02	3.6891e+02	2.3619e+02	-1.6947e+02	1.2381e+03	8.0147e+02	1.2650e+03	-1.0702e+03	-3.0375e+02	-1.0739e+03	-4.5746e+02	-5.6822e+01	2.7363e+02	7.7117e+02	-7.7758e+02	4.7465e+02	-5.9089e+01	-7.5924e+02	-4.2654e+02	-3.7279e+02	3.1917e+02	2.0867e+02	5.9240e+02	6.6054e+02	9.2872e+02	2.2702e+02	5.4928e+02	5.8974e+02	-4.1553e+02	-3.4754e+02	-8.4862e+02	1.2578e+03	-3.8993e+02	-6.8528e+02	-1.3219e+02	-9.2328e+02	-4.7968e+01	-4.8055e+02	6.9642e+02	-1.2764e+02	2.1341e+02	2.7322e+02	-2.1013e+02	-4.7096e+02
1.2000e+05	-2.9783e+02	1.2493e+02	4.9174e+02	7.7657e+02	-9.3483e+02	2.1938e+02	5.2536e+02	-9.3599e+02	-6.5244e+02	-6.4766e+02	-2.0326e+02	-5.4635e+01	-5.0082e+02	1.0722e+03	-7.5345e+02	1.5165e+03	-1.8319e+01	1.0271e+03	1.7179e+03	-2.5295e+03	-5.5674e+02	-1.5907e+03	2.3208e+03	-1.2086e+03	4.5075e+02	2.2542e+03	-1.0368e+03	-4.1777e+03	8.8566e+02	-5.4259e+02	-2.5737e+03	-2.8376e+03	1.4930e+03	2.8236e+01	8.4290e+02	1.2180e+03	-1.1414e+03	1.5624e+03	-2.1905e+03	-1.4887e+03	2.3609e+02	5.9877e+01	-1.9447e+03	-2.2920e+03	-8.6556e+02	-3.6492e+02	-2.3999e+02	-3.6236e+02	-1.4043e+03	3.5323e+03	5.5931e+01	7.7297e+02	2.6853e+03	4.1964e+02	-1.3640e+03	-1.6503e+03	5.1912e+01	-1.5807e+03	3.2722e+02	-1.0299e+03	-2.2295e+03	9.6207e+01	5.1073e+02	-8.2668e+02	-1.1397e+03	-1.4526e+03	-7.1721e+02	-1.9492e+03	8.3533e+02	4.5448e+02	-1.1645e+03	-2.7038e+02	-7.5414e+02	8.5334e+02	1.2335e+03	3.4641e+03	-1.5826e+03	1.0166e+03	-3.4491e+03	5.6420e+02	1.8354e+03	-2.2841e+03	6.6531e+02	2.5847e+03	1.2879e+03	-1.3249e+03	2.4432e+03	-1.1890e+03	-1.0402e+03	-2.4541e+02	-4.8316e+02	3.0993e+03	1.1840e+03	-1.7527e+02	-1.2705e+03	1.5337e+03	-3.9354e+02	1.2742e+03	2.9642e+02	2.4615e+03	1.3103e+03	2.8976e+03	1.0015e+03	-1.7865e+03	-2.6257e+02	2.3243e+02	-1.3071e+03	6.9206e+02	-7.8368e+02	1.1861e+03	-1.4678e+03	1.9335e+03	-9.4282e+02	1.2234e+03	-1.6808e+03	2.3879e+03	1.2694e+03	1.7367e+03	-1.2908e+03	-5.0824e+02	3.3593e+02	-1.7968e+02	9.3700e+02	1.3740e+03	-2.2247e+03	-7.4013e+02	-3.4000e+02	-2.2052e+03	-8.4946e+02	-2.5437e+03	2.4688e+03	4.2447e+02	-8.2329e+02	1.5167e+03	8.5905e+02	-2.4373e+03	1.7564e+03	-9.2554e+01	2.2431e+03	1.8709e+03	-3.4511e+01	1.5911e+02	-2.5721e+02	-4.6217e+02	-1.2337e+03	7.4461e+02	-4.6745e+01	-1.0793e+03	1.0552e+03	-8.1498e+02	3.5198e+03	1.3011e+03	1.1678e+03	1.4228e+03	1.8159e+03	2.6063e+02	-2.3708e+03	-4.4538e+02	-6.8740e+02	6.9178e+02	8.4689e+02	1.3368e+03	-1.8676e+01	-1.5964e+03	2.2146e+02	1.4287e+03	-1.3477e+02	2.4271e+03	8.5737e+02	2.1960e+02	-2.3872e+03	1.2876e+03	-2.8868e+03	-1.2717e+03	-5.7364e+02	1.4763e+03	-2.5456e+02	-4.6928e+02	2.2564e+03	-1.9343e+03	-3.7786e+01	1.3493e+02	-1.8812e+03	-5.0167e+01	-9.5260e+02	-1.2708e+03	-1.4952e+02	2.4677e+03	2.0204e+03	-2.7618e+02	1.0871e+03	-6.4123e+02	-2.0601e+03	-1.4692e+03	-3.7256e+02	-1.9738e+03	7.3535e+02	1.3399e+03	-2.1373e+02	1.0517e+03
1.4000e+05	-1.2902e+03	5.0271e+01	-1.3717e+03	-5.5259e+01	-2.2856e+03	8.4876e+02	-5.9343e+02	1.5459e+02	-9.2778e+02	3.5257e+02	8.9644e+02	-3.8065e+01	2.2656e+03	-3.9795e+02	-9.0635e+01	8.7149e+02	-6.6049e+02	-4.0244e+02	-1.4127e+03	-9.0592e+02	-6.1911e+01	-1.0254e+03	-6.1337e+02	1.6139e+03	-2.5509e+02	2.3106e+02	2.6232e+02	-1.6360e+03	-9.9015e+02	9.1506e+02	1.4203e+02	3.3745e+01	-6.6491e+02	-2.0301e+02	6.2662e+02	1.0513e+03	-8.2497e+02	-2.2668e+03	-1.7080e+02	2.7735e+01	2.4512e+03	1.0558e+03	-1.8647e+01	-6.7771e+02	2.6568e+03	6.6374e+02	1.9477e+03	-6.8414e+02	4.3478e+02	1.2612e+02	1.1899e+03	9.5948e+01	4.9962e+02	6.8414e+02	-1.2291e+03	-7.6097e+02	-8.0812e+01	-7.7461e+02	-6.6860e+02	-1.0773e+02	-6.8198e+02	-1.2047e+03	-1.4779e+03	-9.1229e+00	6.8512e+02	-1.4563e+03	2.0532e+02	1.8810e+03	-2.3888e+02	-8.1889e+02	-4.7583e+02	-7.7085e+02	6.6123e+02	-1.0972e+03	5.5704e+02	1.2112e+02	-7.0745e+02	-1.9126e+03	-4.1941e+02	1.3273e+02	3.4029e+02	1.2759e+00	-1.3197e+03	5.4762e+02	1.8839e+02	1.1032e+03	-2.0608e+02	-7.5484e+02	4.0251e+02	-1.4261e+03	-1.1288e+03	-8.8180e+02	8.3683e+02	-8.5080e+02	-8.5753e+02	1.4507e+03	-4.6431e+02	4.1323e+01	-1.9627e+03	-1.1332e+03	-1.5640e+03	-9.9438e+02	1.5336e+03	-1.9969e+02	8.9534e+02	8.0405e+02	-5.6653e+02	1.3075e+03	1.3086e+01	1.9704e+02	2.0388e+03	4.4753e+02	4.5169e+02	-8.7394e+02	-7.3763e+02	6.4376e+02	-1.5692e+03	-7.1462e+02	-1.4888e+03	-1.9413e+03	-1.4754e+03	-2.3028e+02	8.8424e+02	3.5260e+01	2.2788e+03	5.2470e+02	-5.8460e+02	-9.0829e+02	-1.1526e+02	-8.5383e+02	2.2262e+02	-7.7895e+02	-6.4424e+02	-5.7290e+02	-9.2322e+02	5.6267e+02	8.1076e+02	1.9702e+02	-7.9267e+01	8.0251e+02	1.7142e+03	-2.2958e+02	1.6605e+03	4.4635e+02	1.0490e+03	3.0401e+02	4.1264e+02	-1.7563e+03	7.3165e+02	-1.9906e+02	1.7531e+03	-8.6196e+02	1.4555e+03	-9.2947e+02	-1.0013e+01	-6.4061e+02	-9.9419e+02	2.6892e+02	-5.7996e+02	-4.4346e+02	1.5330e+03	8.9191e+02	1.2607e+03	-1.1420e+03	-3.9512e+02	-9.6542e+02	-2.4514e+02	-2.1913e+02	2.7866e+02	4.9792e+02	-2.9369e+02	9.9727e+02	-4.8486e+02	-5.8123e+02	6.9315e+01	-6.4385e+02	-1.3990e+02	-6.2730e+01	5.2709e+02	1.8602e+02	6.4932e+02	9.2835e+02	3.2746e+02	6.0403e+02	-7.4485e+02	-7.2948e+02	-5.1240e+02	9.3103e+02	-1.1322e+03	-8.9504e+02	-9.7915e+01	-1.3450e+03	1.7341e+01	-1.1311e+03	2.2439e+02	1.6734e+02	2.2401e+02	-2.3073e+01	-1.1968e+02	-8.9292e+02
1.4000e+05	-1.1067e+03	-9.2461e+01	-1.2218e+03	1.4454e+03	-1.2732e+03	1.0782e+02	4.3854e+02	-1.0856e+03	-1.2858e+03	-8.8088e+02	7.8682e+02	4.3309e+02	-1.9106e+03	1.9356e+03	-4.9994e+02	2.5284e+03	-8.6904e+02	5.1564e+02	1.4300e+03	-2.8185e+03	-7.6792e+02	-2.0130e+03	1.1099e+03	-7.0102e+02	5.7458e+02	2.8073e+03	-8.5238e+02	-4.3802e+03	1.0277e+03	6.7376e+01	-2.5104e+03	-2.9754e+03	1.8552e+03	3.3639e+02	2.0449e+03	7.1521e+02	-8.9233e+02	3.5117e+02	-2.4730e+03	-1.2429e+03	1.8685e+02	4.3038e+01	-1.2445e+03	-2.8000e+03	-1.2325e+02	1.2023e+02	-6.4444e+02	-8.6288e+02	-1.4306e+03	4.3494e+03	1.2688e+02	1.3393e+03	3.9508e+03	8.7004e+02	-2.2864e+03	-1.8286e+03	5.1238e+02	-1.2472e+03	7.1278e+02	-8.0215e+02	-1.6699e+03	-2.5867e+02	1.0757e+03	1.9269e+02	-6.9321e+02	-9.6805e+02	-4.0455e+02	-2.7821e+03	8.3870e+02	8.6678e+02	-1.1063e+03	-5.9765e+02	-2.2521e+02	8.4354e+02	1.7649e+03	4.3565e+03	-1.5853e+03	1.7602e+03	-3.3431e+03	-1.3653e+01	2.4427e+03	-2.5620e+03	4.3582e+02	2.9684e+03	1.0307e+03	-1.5751e+03	2.7506e+03	-7.5644e+02	-1.1628e+03	-1.5600e+02	-2.2480e+02	3.8805e+03	1.4275e+03	3.1470e+02	-2.4865e+03	1.8441e+03	-3.8772e+02	1.7759e+03	5.1339e+02	2.4554e+03	7.6414e+02	2.2866e+03	1.5103e+03	-2.0636e+03	-5.1761e+01	-4.1086e+02	-1.6608e+03	5.4652e+02	-1.6649e+02	5.8424e+02	-1.4003e+03	1.9272e+03	-1.9073e+03	5.0982e+02	-1.8060e+03	2.6060e+03	1.8618e+03	8.3667e+02	-6.0113e+02	4.7620e+01	-3.6026e+01	-1.0071e+03	6.1296e+02	4.8536e+02	-2.2111e+03	-4.1357e+02	3.1925e+02	-2.4668e+03	-7.1300e+02	-1.4403e+03	3.2001e+03	-1.9795e+02	-1.0031e+03	1.6708e+03	8.8849e+02	-3.1281e+03	1.7415e+03	4.0485e+02	3.4516e+03	1.0742e+03	-1.2188e+02	-6.8201e+00	-5.9304e+02	-4.2044e+02	-1.4280e+03	4.1302e+02	5.0334e+01	-1.3983e+03	1.0662e+03	-3.5909e+02	3.1490e+03	2.3044e+02	1.5270e+03	1.0179e+03	7.9051e+02	9.8888e+02	-2.8318e+03	-1.7327e+02	-1.4677e+03	5.1529e+02	1.6005e+03	1.2423e+03	1.9920e+02	-1.8604e+03	-2.4299e+01	2.0036e+03	-2.1883e+02	2.7754e+03	-3.9604e+01	4.1548e+02	-2.5995e+03	9.8152e+02	-3.3687e+03	-1.0837e+03	-2.5917e+02	1.4386e+03	1.0852e+02	-6.5475e+02	2.2862e+03	-2.0030e+03	-6.7225e+02	-1.4036e+02	-1.8733e+03	-2.7854e+02	-7.4602e+01	-9.4287e+02	1.7764e+02	1.8024e+03	2.8453e+03	-7.9205e+02	1.9097e+03	-1.2644e+03	-2.1366e+03	-1.1495e+03	-2.6449e+02	-2.8308e+03	-3.2373e+02	7.7668e+02	-9.5247e+02	1.1540e+03
1.6000e+05	-1.5473e+03	6.0681e+02	-1.4104e+03	-4.4526e+02	-2.2039e+03	5.2803e+02	-8.4793e+02	5.3967e+02	-1.0194e+03	-1.5654e+01	1.0268e+03	1.8188e+02	2.2713e+03	-3.1354e+02	-3.2157e+02	1.0446e+03	-7.2347e+02	-4.7514e+01	-1.7667e+03	-1.6622e+03	1.7168e+02	-1.0519e+03	-1.5761e+02	1.5888e+03	-3.7333e+02	1.6666e+02	1.7660e+02	-2.1806e+03	-9.6232e+02	6.1028e+02	4.5378e+02	-2.6361e+02	-4.9598e+02	-1.1155e+02	1.1660e+03	1.2559e+03	-9.4671e+02	-1.5223e+03	-5.7309e+02	-5.9059e+02	1.7682e+03	4.8942e+02	3.0073e+02	-8.9192e+02	2.7728e+03	2.2635e+02	1.7723e+03	-4.2625e+02	3.3785e+02	-2.3578e+02	8.5767e+02	-2.0734e+02	2.8037e+02	6.0555e+02	-1.8093e+03	-2.3283e+02	-2.2834e+01	-2.8789e+02	-6.7239e+02	-5.2009e+02	-8.1200e+02	-1.2769e+03	-1.8928e+03	2.2349e+02	5.7023e+02	-1.7970e+03	3.7250e+02	2.2103e+03	2.8892e+01	-1.0792e+03	-6.2323e+02	-2.4495e+02	4.6967e+02	-1.0780e+03	7.8550e+02	2.0806e+02	-7.6156e+02	-1.6829e+03	-2.8196e+02	2.3660e+02	1.6384e+01	4.7396e+02	-1.1299e+03	8.0238e+02	8.3929e+01	1.7206e+03	-5.2211e+02	-7.3982e+02	2.4106e+02	-1.7831e+03	-9.9285e+02	-1.0244e+03	1.3244e+03	-9.9276e+02	-1.3961e+03	1.5406e+03	-4.3125e+02	-2.2912e+02	-1.8280e+03	-6.4652e+02	-9.2688e+02	-1.3958e+03	1.8862e+03	1.9665e+02	7.9927e+02	1.0242e+03	-3.5498e+02	1.3847e+03	1.4003e+02	6.2518e+02	1.6477e+03	1.1927e+03	5.2282e+02	-1.0182e+03	-4.4293e+02	1.0731e+03	-1.4098e+03	-9.0085e+02	-1.4269e+03	-1.9916e+03	-9.9763e+02	-1.2312e+02	1.3318e+03	-6.5263e+01	2.9157e+03	6.4486e+02	-6.4391e+02	-1.3735e+03	-3.9238e+02	-8.2184e+02	7.0899e+02	-1.5444e+03	-4.1117e+02	-3.8333e+02	-1.4604e+03	8.7956e+02	5.2928e+02	2.9006e+02	-3.3890e+02	1.2587e+03	1.3012e+03	-6.3121e+02	1.2186e+03	5.5340e+02	1.2791e+03	1.0587e+03	3.8914e+02	-1.7628e+03	7.3796e+02	-4.3757e+02	2.0899e+03	-1.2752e+03	1.5467e+03	-1.0741e+03	5.7818e+02	-7.5625e+02	-1.1610e+03	6.3514e+02	-8.0834e+02	-5.8840e+02	1.0565e+03	4.8486e+02	1.3806e+03	-6.4758e+02	-5.4022e+02	-1.1642e+03	-4.4375e+02	-2.8511e+02	1.1369e+02	2.6879e+02	1.4622e+02	4.7761e+02	-5.2607e+02	4.2735e+01	4.4833e+01	-9.6638e+02	-9.7595e+02	-4.0379e+02	7.7097e+02	7.5605e+02	2.4656e+02	6.6612e+02	3.7314e+02	3.4499e+02	-3.3389e+02	-8.6630e+02	-9.8628e+02	1.0815e+03	-1.1547e+03	-7.8485e+02	-2.7811e+02	-1.7933e+03	-5.6882e+02	-1.0675e+03	7.3606e+02	3.0553e+02	-4.0385e+02	-1.4512e+02	2.0911e+00	-1.1128e+03
1.6000e+05	-1.0864e+03	1.2926e+02	-1.3705e+03	1.5142e+03	-5.2453e+02	8.9561e+02	-2.2417e+02	-1.5935e+03	-1.2654e+03	-1.2415e+03	1.4466e+03	1.2935e+03	-1.2849e+03	2.0070e+03	-1.1882e+03	1.5726e+03	-8.3176e+02	1.0955e+03	-4.7699e+02	-3.0238e+03	-5.3968e+02	-2.1852e+03	-3.6219e+02	-7.3919e+02	2.3908e+02	2.6464e+03	4.7587e+02	-5.4868e+03	8.5433e+02	3.9537e+02	-1.6095e+03	-2.8743e+03	2.1197e+03	8.5392e+02	1.5401e+03	4.6612e+02	-5.7960e+02	1.4538e+03	-2.7390e+03	-9.8117e+02	1.0119e+03	-1.0672e+03	-8.3233e+02	-2.6929e+03	-4.1611e+02	3.8498e+02	-2.4658e+02	-1.1395e+03	-1.1382e+03	4.6398e+03	8.0219e+02	2.6190e+03	3.3179e+03	1.0607e+03	-3.9239e+03	-1.0148e+03	2.2672e+02	-9.3222e+02	1.0765e+03	-7.4558e+02	-2.5612e+03	-4.0155e+02	1.7186e+03	-3.1629e+02	-1.2366e+03	-1.5890e+03	2.0773e+02	-2.9480e+03	-4.2897e+01	4.7875e+02	-1.5453e+03	-1.0529e+03	-4.6821e+02	2.1808e+03	2.6558e+03	4.2688e+03	-1.7171e+03	1.1894e+03	-3.3345e+03	-5.4632e+02	2.5701e+03	-2.5777e+03	1.2113e+03	2.9825e+03	1.5349e+03	-1.3677e+03	2.7902e+03	-8.2899e+02	-8.9236e+02	1.0931e+02	4.4093e+01	3.7988e+03	1.9514e+03	1.0652e+02	-3.0948e+03	2.2058e+03	-1.0551e+03	1.5226e+03	6.8699e+02	2.7983e+03	2.9584e+02	1.1758e+03	1.8050e+03	-2.3671e+03	-2.2467e+02	-1.0904e+03	-2.2739e+03	9.2343e+02	4.7139e+02	5.2856e+02	-1.4303e+03	1.9225e+03	-1.6949e+03	9.5862e+01	-2.1113e+03	2.3804e+03	1.1678e+03	3.6143e+02	-6.3789e+02	8.1971e+01	4.0209e+02	-1.3052e+03	7.3889e+02	6.0125e+02	-2.8324e+03	1.3534e+02	2.4495e+02	-2.6688e+03	-8.0329e+02	-1.4673e+03	3.5314e+03	2.0303e+02	-8.1707e+02	1.4981e+03	2.5862e+03	-2.9612e+03	1.2323e+03	-2.1999e+02	3.7313e+03	6.4839e+02	-6.8632e+02	-8.5206e+02	-1.0103e+03	2.3084e+02	-1.9518e+03	4.5419e+02	4.3782e+02	-1.2640e+03	1.2867e+02	1.6984e+02	3.5632e+03	1.4303e+03	6.9442e+02	6.6842e+02	9.5846e+02	1.3060e+02	-2.7388e+03	8.5770e+02	-1.4826e+03	3.2884e+02	1.2389e+03	5.8990e+02	-1.3175e+03	-2.7033e+03	8.3411e+02	1.7958e+03	-3.4415e+02	2.3008e+03	-5.5443e+01	3.6607e+02	-2.9453e+03	1.1972e+02	-2.3386e+03	-1.7879e+03	-1.7145e+03	2.2206e+03	6.5599e+02	-1.1065e+03	3.3381e+03	-2.2667e+03	-5.5696e+02	1.6217e+02	-2.6580e+03	-7.0171e+02	2.8548e+02	-4.8432e+02	7.6040e+01	2.5141e+03	3.2297e+03	-8.9226e+02	6.0521e+02	-1.7540e+03	-2.1399e+03	-2.6946e+03	2.4345e+02	-2.3536e+03	-9.4771e+02	2.1411e+01	-9.3607e+02	2.2777e+02
1.8000e+05	-1.6744e+03	1.0166e+03	-1.0300e+03	-7.6060e+02	-1.4786e+03	5.3062e+01	-2.9937e+02	2.2998e+02	-9.8385e+02	4.0189e+02	8.8586e+02	-2.7668e+01	1.6427e+03	-5.1918e+02	9.8310e+00	1.5172e+03	-7.8399e+02	-1.1675e+02	-1.7024e+03	-1.7664e+03	-3.0371e+02	-9.7737e+02	3.6471e+01	1.9177e+03	-3.5424e+02	3.2964e+02	2.2306e+02	-1.9432e+03	-2.7829e+02	-2.4933e+01	3.8639e+02	-6.9060e+02	1.4807e+02	-1.4360e+02	9.7691e+02	9.0150e+02	-1.1480e+03	-1.8879e+03	-1.0877e+03	-4.9988e+02	1.7098e+03	1.7124e+02	5.6125e+02	-6.3666e+02	2.8466e+03	2.3148e+01	1.3695e+03	-6.7280e+02	1.0462e+03	1.9955e+02	1.1361e+03	-4.7472e+02	2.4079e+01	3.3296e+02	-1.2582e+03	-3.9818e+02	-1.2993e+03	-5.4261e+02	-5.4702e+02	-6.7254e+02	-6.2886e+02	-1.8251e+03	-1.8715e+03	-2.7049e+02	7.3368e+02	-1.7024e+03	8.1990e+02	2.1442e+03	-4.8983e+02	-1.5004e+03	-8.9600e+02	2.5805e+02	1.5690e+02	-8.9075e+02	9.1978e+02	1.2578e+02	-2.9910e+02	-2.3407e+03	-2.5376e+02	2.8216e+02	3.3916e+02	1.8938e+02	-1.1901e+03	1.0733e+03	1.0508e+00	1.6716e+03	-5.7530e+02	-7.9200e+02	-5.4405e+01	-1.9382e+03	-1.4135e+03	-1.8462e+03	1.7121e+03	-1.4363e+03	-1.9539e+03	2.1603e+03	1.9945e+01	-1.0705e+02	-1.1363e+03	-5.9394e+02	-5.5792e+02	-1.4929e+03	2.3548e+03	5.6324e+02	4.1449e+02	1.0798e+03	9.6645e+01	1.5103e+03	3.4316e+02	8.2065e+02	1.6063e+03	9.1482e+02	1.2511e+02	-1.4722e+03	-5.8784e+00	4.3151e+02	-1.5156e+03	-1.1068e+03	-1.2377e+03	-1.8911e+03	-1.5443e+03	2.6860e+02	1.5378e+03	5.8290e+01	2.6816e+03	9.7325e+02	-2.9594e+02	-9.0360e+02	2.8545e+02	-8.6484e+02	2.4741e+02	-1.7928e+03	-5.7876e+02	-1.2193e+03	-1.2877e+03	1.0914e+03	4.2837e+02	4.3482e+02	-3.1424e+02	8.8589e+02	1.8492e+03	-7.3040e+02	1.0405e+03	7.4137e+02	1.4377e+03	1.1428e+03	-1.2015e+01	-1.5933e+03	-5.4686e+00	-2.4080e+02	2.5160e+03	-1.6578e+03	1.9648e+03	-5.8134e+02	2.8038e+02	-9.7788e+02	-1.0011e+03	1.8222e+02	-8.6981e+02	-6.6824e+02	9.5433e+02	9.5790e+02	1.5234e+03	-4.3397e+02	-8.4388e+02	-1.5587e+03	9.2528e+01	-3.9380e+02	-3.3450e+02	2.2516e+02	1.9235e+02	3.1912e+02	-1.4126e+02	-1.1122e+02	1.3798e+02	-1.2749e+03	-7.5260e+02	-9.1735e+01	-2.6090e+02	6.3059e+02	-2.6309e+01	1.6679e+02	7.8050e+02	4.3870e+02	-2.4661e+02	-4.0157e+02	-4.1811e+01	2.2086e+01	-1.1576e+03	-1.2829e+03	-5.4012e+02	-1.8478e+03	-4.8375e+02	-8.7388e+02	6.6716e+02	4.0147e+02	-6.0394e+02	-8.5158e+01	-2.3000e+02	-1.0159e+03
1.8000e+05	-3.1282e+02	8.7870e+02	-4.4103e+02	2.0268e+03	-3.4630e+02	1.7019e+03	4.3858e+02	-1.6290e+03	-7.2900e+02	-6.7785e+02	1.4548e+03	1.2717e+03	-1.4297e+03	2.3732e+03	-2.0053e+03	-2.1788e+02	-9.6099e+02	7.0883e+02	-1.1368e+02	-2.8557e+03	5.4653e+02	-1.2864e+03	1.2182e+02	-1.6591e+02	5.1070e+01	2.3619e+03	6.7260e+02	-5.3554e+03	9.9129e+02	1.6421e+02	-1.6422e+03	-3.3600e+03	1.5810e+03	3.5481e+01	1.6436e+03	-7.3654e+01	4.8669e+02	1.4842e+03	-4.1904e+03	-1.2854e+03	6.0862e+02	-7.1406e+02	-8.3119e+02	-2.4353e+03	-6.0457e+02	1.3446e+03	-1.2282e+02	-1.8427e+03	-1.3587e+03	4.4659e+03	1.2008e+03	3.0474e+03	4.4432e+03	2.5496e+02	-3.5703e+03	8.4366e+02	3.5699e+02	-1.2942e+03	4.8247e+02	8.3398e+00	-2.0260e+03	-1.9939e+02	1.4975e+03	-1.3826e+03	-5.6703e+02	-2.1489e+03	-2.7747e+02	-3.0663e+03	-6.5620e+02	1.4518e+03	-1.6208e+03	-9.7848e+02	4.4470e+02	1.6267e+03	2.8012e+03	3.7526e+03	-2.1424e+03	1.1380e+03	-2.6918e+03	-2.5865e+02	2.4829e+03	-2.9699e+03	1.0397e+03	2.5192e+03	1.6081e+03	-1.4511e+03	2.4687e+03	-1.1799e+03	-1.5984e+03	-1.4127e+02	-2.5380e+02	3.9925e+03	2.3639e+03	8.4162e+02	-3.0927e+03	2.1090e+03	-9.1425e+01	1.7679e+03	9.2259e+02	2.8158e+03	6.9540e+02	2.0504e+03	1.3175e+03	-2.0991e+03	-6.2756e+01	-1.6293e+03	-2.3387e+03	5.0450e+02	1.2216e+03	-5.1740e+01	-5.3853e+02	1.4975e+03	-1.9342e+03	-6.0701e+01	-9.6322e+02	4.2825e+03	2.8945e+03	7.1440e+01	-1.2799e+03	1.6268e+02	7.8159e+02	-1.1948e+03	8.9639e+02	1.0275e+03	-2.8718e+03	-3.7325e+02	1.2359e+03	-1.9127e+03	-2.3666e+02	-2.3367e+03	2.9539e+03	3.8960e+02	-7.4332e+02	1.6316e+03	2.9072e+03	-2.3352e+03	7.4273e+02	3.6479e+02	4.3545e+03	3.9458e+02	-1.5425e+03	-1.4494e+03	-1.0446e+03	-1.8910e+01	-1.9172e+03	1.6830e+03	6.2871e+02	-1.5527e+03	1.6333e+02	7.6264e+02	3.4623e+03	2.2137e+03	6.0529e+02	5.1159e+02	1.8483e+03	2.4367e+02	-2.3791e+03	1.1955e+03	-2.3120e+03	7.1461e+02	5.5856e+02	3.4977e+02	-9.3728e+02	-1.9326e+03	1.2354e+03	1.8910e+03	2.0771e+01	3.1547e+03	-2.5342e+02	9.9634e+02	-3.0060e+03	3.2683e+02	-1.2458e+03	-1.7293e+03	-1.5215e+03	2.8272e+03	6.6489e+02	-2.1314e+03	2.8117e+03	-2.1804e+03	-5.8417e+02	-3.7124e+02	-3.7088e+03	-1.0565e+03	-1.1377e+02	-2.5970e+01	-2.9723e+02	1.8859e+03	3.5938e+03	-3.6006e+02	6.4025e+02	-1.7838e+03	-1.0224e+03	-2.5083e+03	-1.5279e+02	-2.2151e+03	-1.7400e+03	-2.9685e+02	-3.1312e+02	9.0040e+01
2.0000e+05	-1.3853e+03	4.6659e+02	-1.4752e+03	-2.7057e+02	-1.8477e+03	3.6509e+02	3.6117e+01	4.4207e+02	-1.2733e+03	5.1914e+02	1.0274e+03	-2.6669e+02	1.6869e+03	-5.7742e+02	-1.8932e+02	1.7506e+03	-1.0251e+03	-3.4544e+02	-1.5731e+03	-1.4232e+03	-2.0598e+02	-1.3286e+03	-5.6279e+01	1.9039e+03	-8.7106e+02	-1.2475e+01	6.9725e+02	-1.5785e+03	-3.2537e+02	-9.0869e+01	3.7064e+02	-8.4244e+02	-6.4374e+01	8.3593e+00	1.6337e+03	9.0317e+02	-1.2002e+03	-2.3534e+03	-6.5390e+02	-5.9279e+02	1.4238e+03	2.9712e+02	-2.6215e+02	-4.9263e+02	2.6693e+03	1.3568e+01	1.2372e+03	-6.0793e+02	9.9730e+02	-2.0345e+02	6.4687e+02	-6.8541e+02	3.9549e+01	3.4950e+02	-1.3873e+03	-6.4320e-01	-1.9187e+03	-7.8558e+02	-4.9684e+02	-4.9105e+02	-1.9064e+03	-1.9636e+03	-1.5713e+03	-2.1794e+02	4.4357e+02	-1.6761e+03	3.2901e+02	1.6043e+03	-1.3315e+03	-1.3303e+03	-1.7006e+03	-1.7239e+02	2.4315e+02	-5.9265e+02	4.9162e+02	7.7553e+01	-5.8560e+01	-2.0519e+03	-7.2042e+01	2.2944e+02	1.4610e+02	1.7294e+02	-1.7560e+03	5.7501e+02	3.0658e+02	1.9208e+03	-2.9571e+02	-1.1393e+03	2.1018e+02	-1.9708e+03	-1.7540e+03	-2.1520e+03	1.4088e+03	-1.1686e+03	-1.6798e+03	2.5479e+03	-1.6464e+02	1.6458e+02	-1.1620e+03	-1.3768e+03	-4.1656e+02	-1.2234e+03	2.5466e+03	7.4002e+02	-1.8623e+02	9.8288e+02	-5.1000e+02	1.6585e+03	6.2877e+02	6.6832e+02	1.4405e+03	1.0217e+03	-2.5212e+02	-1.9360e+03	-5.2142e+02	-2.8137e+02	-1.2353e+03	-1.5966e+03	-1.5680e+03	-1.5157e+03	-1.2381e+03	-4.3014e+00	2.0215e+03	3.7318e+02	2.9570e+03	9.9935e+02	-7.7356e+02	-8.9461e+02	1.0737e+01	-8.6556e+02	-4.0452e+02	-2.2497e+03	2.8463e+01	-1.9335e+03	-1.9324e+03	1.2403e+03	-2.0744e+02	2.3918e+01	3.1450e+02	4.7515e+02	1.5546e+03	-1.1791e+03	1.2890e+03	1.2961e+03	1.3542e+03	8.9180e+02	-2.2078e+02	-2.1245e+03	-2.1056e+02	-1.6591e+02	2.5670e+03	-2.0133e+03	2.2285e+03	3.8613e+02	3.7803e+02	-1.5370e+03	-1.3953e+03	3.3238e+02	-7.6562e+02	-2.0647e+02	1.4672e+03	6.8285e+02	9.3571e+02	-9.3323e+02	-9.7642e+02	-1.5090e+03	4.0083e+02	-4.3463e+02	-5.5391e+02	2.0163e+02	3.2646e+02	3.3233e+02	-1.3669e+02	3.8991e+02	-4.2487e+01	-1.3074e+03	-7.4240e+02	-1.6482e+02	-6.7001e+02	1.4587e+03	3.6321e+01	5.7387e+02	4.7749e+02	2.6317e+02	-1.0624e+02	-7.0182e+02	2.8114e+02	-8.7603e+02	-1.0509e+03	-1.8884e+03	-7.7228e+02	-2.0985e+03	-8.6205e+02	-9.8396e+02	1.2086e+03	2.5102e+02	4.8754e+02	7.6966e+01	-4.8174e+02	-1.4909e+03
2.0000e+05	-1.7497e+02	6.1542e+02	-6.2878e+01	1.3761e+03	-3.2928e+02	1.2448e+03	2.0974e+02	-1.6612e+03	-9.1856e+02	8.1691e+01	2.4880e+03	9.5445e+02	-1.6191e+03	2.2234e+03	-1.5201e+03	-6.6329e+02	-1.0152e+03	9.6071e+02	-1.6167e+02	-2.4715e+03	9.7520e+01	-1.3814e+02	-1.7652e+02	6.3048e+02	6.9854e+01	2.6399e+03	6.8012e+02	-5.6171e+03	1.7699e+03	-4.1121e+02	-1.0484e+03	-3.3039e+03	1.1406e+03	-1.3051e+03	1.5360e+03	-4.2004e+02	8.5614e+02	1.4132e+03	-4.0441e+03	-1.3976e+03	2.7650e+02	-9.0750e+02	-8.7910e+02	-2.2497e+03	-4.9116e+02	2.6432e+03	-2.1980e+01	-1.5378e+03	-8.4090e+02	4.5761e+03	1.1210e+03	3.7892e+03	3.4396e+03	2.7220e+02	-4.1208e+03	1.1024e+03	-8.2406e+02	-1.1575e+03	1.9437e+03	2.2192e+02	-2.8925e+03	1.6044e+02	1.1592e+03	-7.4479e+02	-8.1749e+01	-1.6993e+03	-2.9336e+02	-3.5580e+03	-4.9851e+02	1.9422e+03	-2.4122e+03	-6.4915e+02	2.3515e+02	1.3231e+03	2.1434e+03	2.8368e+03	-1.3877e+03	6.9716e+02	-2.1697e+03	-8.2984e+02	2.1678e+03	-2.8647e+03	-7.9252e+01	2.5266e+03	1.6265e+03	-1.8358e+03	3.0744e+03	-8.1260e+02	-1.5639e+03	1.8138e+03	-1.1404e+03	3.7003e+03	2.6806e+03	1.8977e+02	-3.2578e+03	2.6241e+03	5.0647e+02	2.2838e+03	9.0150e+02	3.1591e+03	7.4551e+02	2.1836e+03	1.4976e+03	-1.5336e+03	-6.7926e+02	-2.3375e+03	-1.9830e+03	8.5284e+02	2.0515e+03	2.9893e+01	1.2292e+02	5.7196e+02	-2.3898e+03	-7.1780e+02	-1.9262e+03	4.0137e+03	2.1473e+03	-3.9786e+01	-1.0617e+03	2.4269e+02	1.2768e+03	-1.3055e+03	9.6485e+02	8.5386e+02	-2.3765e+03	-1.8342e+02	1.2660e+03	-1.2949e+03	-1.8908e+02	-2.3600e+03	2.5200e+03	7.5442e+02	-1.4038e+03	1.8668e+03	2.2366e+03	-1.9922e+03	4.8391e+02	-4.4625e+02	4.2656e+03	-1.1911e+02	-8.3377e+02	-1.2920e+03	-1.8422e+03	-3.7031e+02	-1.8903e+03	1.8336e+03	4.9714e+02	-2.5859e+03	-4.2404e+02	5.4285e+02	3.4806e+03	2.2900e+03	5.2196e+02	2.5476e+02	2.0104e+03	7.1772e+02	-2.0110e+03	2.1262e+03	-2.0794e+03	4.0759e+02	-5.5783e+01	1.0969e+02	-6.9134e+02	-1.7169e+03	2.2679e+03	1.5853e+03	1.1430e+02	3.0881e+03	1.9795e+01	1.9502e+03	-2.2196e+03	3.4959e+02	-9.5654e+02	1.5592e+02	-1.4338e+03	2.3039e+03	9.2059e+02	-2.8434e+03	3.2551e+03	-2.6102e+03	-6.8015e+02	-3.9154e+01	-3.2068e+03	-1.3208e+02	1.2980e+02	1.9132e+02	-1.7959e+02	2.2043e+03	2.2511e+03	-5.5405e+01	6.5027e+02	-2.3373e+03	1.4693e+02	-2.0122e+03	-9.1418e+02	-2.9292e+03	-2.3589e+03	1.0068e+02	-2.0541e+02	4.9982e+02
