2.0000e+04	-1.7466e+02	-1.1420e+02	-3.5469e+02	3.5417e+01	4.5516e+02	1.6075e+02	-4.6560e+02	-5.8702e+02	-3.4887e+02	4.1541e+02	-1.2955e+03	2.8617e+02	5.6178e+02	7.2761e+01	4.2629e+01	1.2042e+02	-4.1345e+02	2.4384e+02	-1.7302e+02	1.4469e+02	-2.3122e+02	-1.0484e+02	-8.0140e+01	-2.4872e+02	-3.1241e+02	8.6934e+02	-1.2589e+02	2.0716e+01	-1.8556e+02	-1.4168e+02	2.4064e+02	6.2254e+01	-1.3235e+02	-3.1361e+02	4.1739e+02	1.6837e+02	1.0241e+02	-3.9994e+02	-3.8183e+02	-6.4421e+01	4.8206e+02	-4.6909e+02	2.0453e+02	-4.0908e+02	-4.2348e+02	4.4495e+02	4.8350e+02	2.1342e+02	4.6598e+02	1.8282e+02	2.5390e+02	-2.5461e+01	4.0392e+00	1.1817e+02	-1.7542e+02	-2.3837e+02	-4.8438e+02	-3.4638e+02	-3.3308e+02	7.1359e+02	2.1971e+02	-9.2020e+01	1.0247e+02	1.1373e+01	-2.5230e+02	-2.6727e+02	-5.1028e+01	-1.9098e+02	1.8381e+02	-8.5832e+02	-2.6426e+02	-1.0496e+02	2.0213e+02	4.7223e+02	1.2151e+02	1.6949e+02	2.7232e+02	-2.1240e+02	-5.2367e+02	-1.4590e+02	-1.3118e+02	-2.4988e+02	3.7324e+02	4.9010e+01	-5.8416e+01	2.3630e+02	-5.3334e+02	2.1332e+01	1.3857e+02	1.3988e+02	2.1249e+02	-5.5878e+02	1.0278e+02	2.4146e+02	7.1086e+01	-8.7193e+01	-2.4735e+02	1.9008e+02	6.5716e+01	-5.8165e+02	7.6443e+02	3.2115e+02	4.8529e+02	-1.8840e+02	-2.8465e+02	-3.3975e+02	6.4337e+02	3.1678e+02	6.5364e+02	4.8163e+01	-3.4773e+02	8.9559e+02	-3.0758e+02	7.7659e+02	2.9629e+01	4.2390e+02	2.9099e+02	-4.0364e+02	1.7402e+02	-5.5841e+01	3.8565e+02	-4.7849e+02	2.7162e+02	1.0386e+02	-6.2340e+02	-1.7399e+02	-5.1277e+01	1.1132e+02	8.9484e+02	-1.1717e+02	-1.7817e+02	3.3242e+02	-8.2221e+01	-4.2599e+02	-1.0768e+02	-1.2584e+02	-1.2657e+02	7.7062e+02	-1.6612e+02	-3.9707e+02	-1.8533e+02	-1.0383e+02	3.2957e+01	4.6654e+02	-2.2868e+02	-2.1577e+02	-6.7657e+01	6.4341e+00	1.1760e+02	3.3749e+02	6.8164e+02	6.5705e+02	-1.7393e+02	2.5956e+02	2.6126e+02	-2.8161e+02	2.3274e+02	-2.3149e+01	4.6375e+01	-3.3892e+02	-2.5495e+02	-1.6733e+02	-2.5607e+02	-3.9877e+02	-4.3243e+02	-1.0266e+03	2.7111e+01	-3.0315e+02	-6.2200e+02	-3.1733e+02	-9.2871e+01	1.9567e+02	2.2224e+02	5.4131e+02	-5.4627e+01	-1.3641e+02	-1.0435e+02	3.1476e+01	5.3479e+00	2.2883e+02	2.4305e+02	-3.6292e+02	3.1989e+02	-3.8379e+02	-6.1113e+02	3.3943e+01	1.5005e+02	-5.7756e+01	7.4016e+01	-4.8830e+01	6.3288e+01	3.9265e+02	-1.6510e+00	3.7638e+02	-2.1607e+02	-2.9365e+00	8.4875e+01	-2.3763e+02	5.2275e+01	-2.3729e+02
2.0000e+04	-1.2798e+02	-1.0162e+03	1.1862e+02	1.4090e+02	1.0914e+02	1.3714e+03	-7.6202e+02	3.8062e+02	1.3504e+03	-3.9112e+01	5.2687e+02	1.7998e+02	-1.1145e+02	1.5122e+02	-2.8497e+02	-1.5149e+01	-4.2843e+02	4.7521e+02	-1.0091e+03	3.7641e+02	-5.3870e+02	1.2395e+02	4.2050e+02	5.0579e+02	-1.4553e+02	1.3528e+03	3.8319e+02	-8.3185e+01	7.2244e+02	6.4921e+02	-9.0372e+02	-6.1844e+01	2.4627e+02	-6.1802e+02	-9.5191e+02	-1.3760e+02	-5.3268e+02	6.8643e+02	-7.4721e+02	4.7971e+02	1.1371e+02	-4.2519e+02	-3.5499e+02	2.6572e+01	-1.0370e+03	2.5840e+02	1.0496e+02	9.0485e+02	9.6692e+01	3.9003e+02	6.3894e+02	-3.9335e+02	7.1242e+02	-3.1146e+02	9.1021e+02	1.4112e+03	-5.4776e+02	-9.2186e+02	-2.8063e+01	-2.5361e+02	-6.5863e+02	4.5796e+02	2.2813e+02	7.9526e+02	-3.3848e+02	-2.6143e+02	7.5450e+02	1.1071e+03	2.1099e+02	-7.3803e+02	-7.9368e+02	4.7391e+02	-2.3786e+01	4.5963e+02	-3.1568e+01	7.4026e+02	-1.8752e+02	-9.1795e+02	2.0747e+02	1.1126e+02	-3.4847e+02	-9.2928e+02	-2.9055e+02	-9.5429e+02	4.4885e+02	1.2708e+02	8.5448e+02	1.2491e+02	-1.5917e+02	-3.5428e+02	9.8958e+02	2.0737e+02	9.4661e+02	9.1250e+02	-6.9869e+02	1.2446e+02	-5.5775e+02	4.8067e+02	-3.9330e+02	-3.6575e+02	-5.2394e+02	-2.0157e+01	7.1133e+01	4.1356e+02	-5.7629e+02	-2.8881e+02	-3.9251e+02	-2.0700e+01	-8.7307e+02	8.1527e+02	5.1073e+02	7.2917e+02	-1.1439e+03	-2.3157e+02	8.4319e+01	-1.1896e+03	-1.2571e+02	-4.7294e+02	-3.3290e+01	-2.7286e+02	-8.1191e+02	-5.4009e+02	4.6709e+02	-3.1195e+02	-1.0108e+03	5.4132e+01	-7.8335e+02	-1.3333e+02	1.0673e+03	-1.2868e+01	-7.4934e+02	6.7600e+02	-1.2759e+03	-2.9719e+02	4.9620e-01	-3.8596e+02	2.3159e+02	1.3917e+02	5.6828e+02	2.6064e+02	8.7694e+02	3.5710e+02	-1.9407e+02	-7.6742e+02	3.7542e+02	-1.2192e+02	6.4942e+02	1.2211e+03	1.7206e+02	3.0572e+02	2.1601e+02	2.3584e+02	8.1749e+02	-6.8066e+02	-1.0011e+02	-6.2509e+02	1.7297e+02	-8.2426e+02	2.2742e+02	-9.0760e+02	4.4427e+02	-7.0787e+02	-7.9176e+01	-2.3594e+02	-7.5546e+01	3.8854e+02	-2.9665e+02	2.4596e+02	5.7674e+02	-1.7830e+02	2.5504e+02	2.6704e+01	-6.9568e+00	4.3948e+02	-6.7803e+02	-1.8336e+01	-4.3752e+02	4.7022e+02	-1.0078e+02	-6.4522e+01	-9.8431e+02	-3.2925e+02	-5.6834e+01	1.2432e+02	-3.3359e+02	-5.3037e+02	4.7643e+02	-7.5596e+02	4.7319e+02	8.0365e+01	2.3002e+02	9.1328e+02	8.6873e+00	-4.8031e+02	3.5379e+02	-8.8054e+02	7.0812e+00	-4.7320e+02	-4.2523e+02	5.6323e+01
4.0000e+04	-1.0567e+03	2.1372e+02	2.8050e+00	1.3349e+02	8.2890e+02	1.1347e+02	-8.3167e+02	-6.3053e+02	-8.7462e+02	1.6190e+02	-9.9325e+02	8.8649e+02	6.3576e+02	-1.9911e+02	1.7239e+02	2.2958e+02	-5.4008e+02	2.8440e+00	1.2431e+02	1.2014e+02	-4.0179e+02	-5.2800e+02	1.0913e+02	-1.1444e+03	-5.8202e+02	1.9868e+02	-5.0582e+01	-3.4156e+02	-7.3811e+02	-8.4980e+02	4.0188e+02	-4.9593e+02	4.3811e+02	-5.9213e+02	5.7829e+02	-7.8046e+01	1.5995e+02	-7.1673e+02	-3.4131e+02	-1.0512e+03	2.9542e+02	-7.4451e+02	-2.9834e+01	-3.8837e+02	-3.5648e+02	5.3589e+02	1.3661e+02	4.7790e+02	5.2110e+02	-3.8446e+02	1.3991e+02	-4.3491e+02	1.4292e+02	1.6272e+02	-1.5831e+02	1.8866e+02	-5.3452e+02	-1.2592e+03	1.2568e+02	7.3525e+02	1.5079e+02	-1.0726e+02	4.2988e+02	-1.7004e+02	1.4406e+02	5.2223e+01	9.0385e+01	-2.7347e+02	6.4324e+02	-7.2127e+02	-7.0143e+02	1.7384e+02	2.0388e+02	8.0626e+02	3.0143e+02	2.5279e+02	5.8594e+02	-5.4982e+02	-1.2748e+02	-1.1410e+02	-3.3627e+02	-8.3988e+01	4.3257e+02	4.7998e+02	-1.4485e+02	3.2596e+02	-4.7379e+02	-4.7397e+02	-6.0737e+01	2.1666e+02	3.6918e+02	-7.0763e+02	2.8025e+02	4.9410e+02	4.7182e+01	-1.2340e+02	-1.0418e+02	2.8960e+00	2.5010e+02	-1.1056e+03	1.0641e+03	1.7145e+01	2.7808e+02	-3.2388e+02	5.2596e+01	-1.9152e+02	1.2489e+03	3.4913e+02	2.1684e+02	5.5080e+02	1.5201e+01	1.0008e+03	-3.2273e+02	3.6504e+01	-8.6345e+01	1.1570e+02	2.4439e+02	1.7527e+02	6.1105e+02	-5.7117e+01	5.2787e+02	-7.4377e+02	6.5157e+02	-5.3018e+02	-7.0823e+02	-4.7635e+02	-5.6555e+02	-3.8918e+02	4.2056e+01	-4.8291e+02	1.7203e+02	5.6690e+02	-2.6276e+02	-2.2497e+02	-6.5887e+02	-3.3952e+01	2.8011e+01	7.2629e+02	-2.4810e+02	-1.9407e+02	-1.2905e+02	1.1497e+02	3.1035e+01	5.5781e+02	4.9602e+01	-2.2962e+02	-6.3136e+02	-5.2579e+02	3.9794e+01	3.9828e+02	1.2100e+03	4.1448e+02	-1.9362e+02	-2.8652e+01	5.2264e+02	-3.7328e+02	-1.9205e+02	-7.1371e+01	-3.9257e+02	-4.8355e+02	-4.6888e+02	3.6702e+02	4.6033e+01	-7.6825e+02	-5.3728e+02	-7.8725e+02	-1.3795e+02	-7.0035e+02	-1.2226e+03	-4.8978e+02	-6.7430e+02	-2.8410e+01	6.9922e+01	6.3646e+02	-3.0729e+02	1.2081e+02	2.4053e+02	-1.2729e+02	-3.4149e+02	1.1211e+01	-7.9585e+01	-3.7729e+02	6.9486e+02	-3.0921e+02	-4.5080e+01	5.7573e+02	5.8312e+02	-8.0282e+02	7.2739e+01	-1.5390e+01	-2.4727e+01	8.2572e+02	4.2453e+00	6.5167e+02	-5.0330e+02	2.9304e+02	3.8138e+02	1.7349e+02	-9.3284e+01	-4.8960e+02
4.0000e+04	-3.7477e+02	-1.9571e+03	3.8169e+02	-3.1740e+02	-2.1730e+02	1.1794e+03	-1.5857e+03	2.8495e+02	5.4204e+02	3.7542e+00	1.1419e+03	-2.5376e+02	-1.6981e+03	1.7586e+02	-7.8615e+02	8.6507e+02	-6.6785e+02	5.7492e+02	-7.3908e+02	-8.7444e+02	-5.7414e+02	-2.3843e+02	-2.8884e+02	5.8721e+02	8.4621e+02	1.1078e+03	1.1080e+03	-4.9521e+02	1.3310e+03	-6.1496e+02	-8.0821e+02	1.8932e+02	-8.1749e+02	-9.7743e+02	-1.0869e+03	-4.3949e+02	-5.5213e+02	8.5966e+02	-1.5695e+02	7.8918e+02	-8.2717e+02	-2.8965e+02	2.0147e+02	-7.3785e+02	-8.5666e+02	1.2318e+03	7.6819e+02	8.2688e+02	-1.6213e+02	-1.4557e+02	8.1469e+02	9.4576e+02	3.3675e+02	8.5485e+02	-2.8495e+02	1.6692e+03	1.9564e+01	-3.8118e+02	5.6209e+02	-2.1444e+02	2.9486e+02	4.6220e+02	2.8838e+02	1.0901e+02	-8.2724e+02	9.1705e+02	6.6721e+02	1.2652e+03	3.1530e+02	-2.1208e+02	-9.6942e+02	6.7343e+02	-4.4994e+01	9.3884e+02	-4.0781e+01	6.9002e+02	-1.7945e+02	-3.7954e+02	7.5129e+02	6.6154e+02	-8.9555e+02	-8.1963e+02	-6.5452e+02	-1.5298e+03	-4.8956e+01	7.1097e+01	-1.7788e+02	-1.9604e+02	-8.7769e+01	-1.0342e+02	7.4940e+02	2.6855e+02	1.4626e+03	1.4828e+03	-7.5222e+02	1.3462e+03	1.8694e+02	1.7367e+03	-4.1721e+02	8.3400e+01	-7.0572e+02	2.9093e+02	-3.1237e+02	1.0729e+03	-2.0744e+02	1.0601e+03	5.3741e+02	7.6544e+01	-4.4450e+02	1.3638e+03	2.1339e+02	1.1348e+03	-1.9699e+02	-7.0410e+02	-4.8420e+02	-1.0000e+03	-4.5910e+02	2.6289e+02	3.0186e+02	6.0636e+01	-9.3821e+02	-3.8764e+02	1.7112e+02	6.0810e+02	-3.1650e+02	3.7443e+02	-1.7387e+03	-2.8054e+02	5.5581e+02	-4.6928e+02	-1.1237e+03	1.1067e+02	-4.8680e+02	-1.4009e+03	-1.7673e+03	2.3823e+02	-2.2956e+02	2.8508e+02	-4.5236e+01	-1.3496e+02	4.3138e+02	6.3620e+01	-5.9505e+02	-3.8311e+02	1.2612e+03	-3.8815e+02	1.7529e+03	1.9974e+03	-5.0244e+02	-4.2845e+02	9.9261e+02	6.3652e+02	1.2274e+03	-8.6805e+01	-1.3053e+03	-1.1047e+03	4.0183e+02	-2.7195e+02	6.8238e+01	-2.5296e+02	8.7189e+02	2.4505e+01	1.1726e+03	-2.4063e+02	-8.1183e+01	4.8080e+02	-4.7805e+01	8.3208e+02	1.0842e+03	-1.0985e+03	5.8753e+02	1.2436e+02	-1.0299e+03	5.8336e+02	-1.5590e+03	-7.9086e+02	-5.6229e+02	6.4848e+01	-8.0284e+02	2.3393e+02	-1.1998e+03	-8.2040e+02	1.3156e+03	-4.9928e+02	-6.9818e+02	-4.6300e+02	-1.9154e+02	-4.1951e+02	1.6467e+03	-6.1995e+02	1.5530e+03	8.5521e+02	-5.2952e+02	-8.5600e+02	5.4280e+02	-4.8950e+02	2.8581e+02	6.7206e+01	-3.7347e+02	-9.4510e+02
6.0000e+04	-1.2666e+03	8.7070e+02	1.5535e+00	-2.6357e+02	1.1055e+03	3.7437e+02	-6.7416e+02	-1.3280e+03	-1.0084e+03	4.5290e+02	-1.7675e+03	5.9054e+02	4.1545e+02	-4.4078e+02	-1.6559e+02	2.3458e+02	-3.8533e+02	1.2443e+02	3.7727e+01	-4.6407e+02	-2.7979e+02	-7.4965e+02	-5.0106e+02	-1.5309e+03	-1.0676e+03	3.4674e+01	-2.8015e+02	-3.8543e+02	8.8819e+01	-4.8887e+02	7.9512e+02	-6.7513e+02	8.3200e+02	-2.0596e+01	5.8592e+02	1.4772e+02	7.8991e+02	-4.0219e+02	-7.4806e+02	-7.1257e+02	2.1294e+02	-1.0653e+03	-2.5410e+01	-8.8159e+02	-4.5183e+02	1.1573e+03	2.3915e+01	4.9322e+01	5.7868e+02	-1.0266e+02	4.2947e+02	-1.1141e+03	8.1570e+02	1.3639e+03	7.0189e+02	3.4137e+02	-5.0343e+02	-2.3140e+02	3.4693e+02	8.4574e+02	-1.3600e+02	-7.2639e+01	2.3849e+02	-4.9568e+02	-1.5261e+01	-4.8527e+02	1.8847e+01	-3.3658e+02	5.5229e+02	-9.7352e+02	-7.7387e+02	2.3706e+02	2.2910e+02	1.4520e+03	4.3251e+02	4.3664e+02	5.1843e+02	-1.2034e+03	2.8443e+02	3.5603e+02	-7.6448e+02	-4.3959e+02	6.8458e+02	8.4067e+02	2.9913e+02	7.8411e+01	-4.3926e+02	-4.0080e+02	3.1426e+02	8.2487e+02	1.0695e+03	-5.9962e+02	-5.0768e+02	1.8599e+02	-3.2247e+02	-2.8421e+02	9.0140e+01	3.8505e+02	-1.4516e+02	-9.2220e+02	6.2161e+02	-4.9785e+02	-1.1690e+02	-6.1117e+02	7.4807e+01	-6.0508e+02	8.7888e+02	5.4989e+02	5.0142e+02	3.9779e+02	-1.2580e+02	1.0496e+03	-4.6067e+02	1.5010e+02	2.4851e+01	9.4122e+02	1.9973e+02	1.0485e+02	5.8392e+02	-8.6130e+01	4.7364e+02	-7.7499e+02	1.0286e+03	-2.0960e+02	-1.0390e+03	-9.3240e+02	-9.4886e+02	-4.2525e+02	-5.5007e+02	-4.0237e+02	-3.0561e+02	6.8481e+02	-7.9440e+01	-6.4302e+02	-1.0248e+03	-5.7031e+02	3.8813e+02	3.8567e+02	-9.3245e+01	-9.2025e+01	6.4996e+01	2.2377e+02	2.9070e+02	5.4924e+02	-2.3968e+02	-3.2686e+02	-8.0916e+01	-8.2179e+02	-3.4233e+02	1.4128e+02	1.2984e+03	5.2408e+02	-5.1990e+02	3.5713e+02	3.1531e+02	-4.2531e+00	-1.0422e+02	-5.2420e+02	-3.8648e+02	-4.3474e+02	-1.6433e+02	3.2223e+02	3.0946e+02	-4.2723e+02	-1.9683e+02	-1.1803e+03	-9.4168e+01	-5.1834e+02	-7.2824e+02	-3.7450e+02	-5.5043e+02	1.0120e+02	2.9342e+02	3.8607e+02	-7.9798e+02	3.6775e+02	1.2332e+00	1.2137e+02	-6.0340e+02	-1.2733e+02	-1.8362e+01	-5.7198e+02	9.4838e+02	-5.2592e+02	-2.9151e+02	6.0875e+02	-1.6375e+02	-1.6643e+02	-2.9518e+02	-3.5208e+02	-1.7941e+01	5.1086e+02	-5.0967e+01	1.2873e+03	-2.3206e+02	8.6947e+01	2.7601e+02	-3.4983e+01	-2.6561e+02	2.2231e+02
6.0000e+04	-6.6264e+02	-2.0172e+03	1.2048e+03	-2.0763e+02	-9.8697e+02	1.1422e+03	-1.6124e+03	7.9135e+02	8.0202e+01	4.1928e+02	1.5027e+03	6.5947e+01	-1.9388e+03	-1.4869e+02	-1.3032e+03	8.1867e+02	-5.0022e+02	6.0616e+02	-1.9950e+03	-1.5632e+01	-8.3227e+02	-8.3127e+02	-9.3177e+02	-2.1252e+02	7.0671e+02	9.4120e+02	8.1216e+02	-8.7339e+02	7.5879e+02	-7.0910e+02	-1.3361e+03	2.6276e+02	-1.1130e+03	-1.8497e+03	-1.0292e+03	-5.9426e+02	-1.5299e+03	1.9201e+03	3.9973e+02	1.7421e+03	-8.3207e+02	8.9822e+02	-7.1113e+02	-1.0059e+03	-4.7599e+02	2.5529e+02	1.8891e+03	-4.7120e+02	-3.2137e+01	-1.3652e+03	9.2375e+02	1.0936e+03	-4.6958e+02	1.6765e+03	2.4936e+02	1.4519e+03	9.5582e+02	6.8704e+01	1.2621e+03	-9.0009e+01	-3.5529e+02	8.3438e+01	4.7027e+02	3.4046e+02	-1.0110e+03	3.5602e+02	9.2853e+02	1.2383e+03	-9.1595e+01	-8.7457e+02	-5.7249e+02	7.3115e+02	-9.2658e+02	5.1261e+02	1.8244e+02	1.7011e+03	1.1558e+03	-1.0053e+03	1.3038e+02	2.4759e+02	-9.1189e+02	2.7714e+01	-7.6947e+02	-2.0666e+03	-1.0008e+03	5.1748e+02	8.1091e+02	4.0569e+01	8.3090e+02	-2.8296e+02	4.3994e+02	4.3312e+02	1.8083e+03	1.9450e+03	-1.7068e+03	1.9867e+03	1.1260e+03	2.3641e+03	-1.0822e+03	9.2362e+01	-4.2407e+02	1.6109e+03	-1.0252e+03	9.8999e+02	-1.7534e+02	1.4363e+03	-3.0803e+02	-1.9225e+02	-1.3876e+03	1.6651e+03	7.9156e+02	8.1229e+02	1.7711e+02	3.6971e+00	-2.9807e+01	-2.1902e+03	-1.0710e+03	5.1245e+01	5.9887e+02	-5.7736e+02	-1.1850e+03	-2.8803e+02	8.3470e+02	4.6459e+02	-2.9053e+02	6.2522e+02	-1.5830e+03	-7.8789e+01	6.3060e+02	-2.9543e+02	-1.4170e+03	1.6148e+03	-2.9855e+02	-7.8885e+02	-2.1497e+03	-2.1267e+01	-2.4675e+02	-1.9776e+02	-2.5327e+02	-4.2904e+02	2.9970e+02	6.7346e+02	-3.9889e+02	-2.4516e+02	3.6423e+02	-7.2898e+02	7.6373e+02	1.8823e+03	-5.8750e+02	9.6922e+02	4.5940e+02	8.3503e+02	1.4038e+03	5.6934e+02	-1.9033e+03	-7.1031e+02	-8.0761e+00	2.2065e+01	-1.7886e+01	1.1850e+02	1.6304e+03	4.3615e+01	9.0145e+02	-6.6246e+02	1.0119e+03	9.5990e+02	-3.7962e+02	1.4286e+03	1.2162e+03	-5.9260e+02	7.4057e+02	1.0257e+02	-1.1929e+03	9.1902e+02	-1.2583e+03	-9.3808e+02	-1.1810e+03	7.9938e+02	9.1527e+02	5.7000e+02	-5.8659e+02	-8.5261e+02	2.0017e+03	-8.7759e+02	-1.4295e+03	4.6979e+02	-9.1645e+02	-1.1967e+03	1.4565e+03	-3.5844e+02	1.1313e+03	1.0277e+03	4.1214e+02	-8.1930e+02	6.3608e+02	-1.0319e+03	2.6995e+02	-1.2607e+02	3.1588e+02	-1.3967e+03
8.0000e+04	-1.4114e+03	5.1714e+02	5.2222e+02	-4.8227e+01	5.6996e+02	3.0575e+02	-3.8088e+02	-1.2790e+03	-1.2522e+03	3.8176e+02	-1.3134e+03	7.9054e+02	5.8030e+02	-5.8926e+02	-4.0853e+02	6.5631e+02	4.6840e+02	1.5046e+02	-3.2269e+02	-5.7239e+02	1.7152e+02	-4.7333e+02	-9.9862e+02	-1.9475e+03	-1.0968e+03	8.8169e+02	3.4128e+01	-7.8426e+02	-2.6961e+02	-4.2439e+02	3.0429e+02	-9.6954e+02	1.3233e+03	-8.9350e+01	6.1076e+02	1.6879e+02	9.3215e+02	-5.8609e+02	-1.7321e+02	-7.1301e+02	6.8454e+02	-4.8775e+02	-2.9206e+02	-8.9498e+02	-3.3965e+02	1.3503e+03	6.3671e+02	-7.6969e+01	5.9682e+02	-6.2074e+02	6.4172e+02	-7.9749e+02	8.8129e+02	1.8835e+03	5.5912e+02	4.0160e+02	-3.2790e+01	-7.1921e+01	-5.4543e+01	4.2117e+02	-4.7678e+02	1.1802e+02	1.5808e+02	-6.3870e+02	4.1973e+02	-4.8216e+01	4.6876e+01	-5.2868e+02	6.9656e+02	-1.6369e+03	-4.6826e+02	4.6086e+02	1.2523e+02	1.3059e+03	9.4078e+02	2.2186e+02	2.9181e+02	-8.7653e+02	5.2104e+02	-1.8993e+02	-6.6969e+02	-8.9328e+02	6.2250e+02	6.1158e+02	4.7575e+00	2.9347e+02	-4.8722e+02	-2.8084e+02	3.0246e+01	9.5265e+02	1.1056e+03	-5.2524e+02	-3.6337e+02	6.1104e+02	-3.1231e+02	8.3710e+01	3.1068e+02	-2.0545e+01	-3.9379e+02	-9.2249e+02	5.8626e+02	-5.9270e+02	-4.6096e+02	-1.0590e+03	-1.2273e+02	-1.3105e+02	5.6767e+02	2.8411e+02	1.5703e+02	1.4011e+02	4.0301e+01	9.3080e+02	-3.4160e+02	4.4355e+02	-1.5244e+02	2.1748e+02	3.1001e+02	-2.1594e+02	3.6957e+02	-3.0241e+02	6.4391e+02	-2.8554e+02	3.9759e+02	-4.8486e+02	-9.7262e+02	-2.4773e+02	-8.9658e+02	-4.3639e+02	-1.1269e+02	-2.6860e+02	-2.5062e+02	1.1972e+03	-4.5571e+02	-1.0416e+03	-1.3926e+03	-6.7718e+02	8.8661e+02	5.7826e+02	-1.4426e+02	-3.4862e+02	9.5357e+01	8.0825e+01	4.8993e+02	5.0801e+02	-4.7440e+02	-4.4140e+02	-2.5553e+02	-1.0600e+03	-4.4249e+02	5.1481e+02	1.2863e+03	1.8736e+02	-8.6373e+02	5.4296e+02	4.3567e+02	1.0592e+02	1.5226e+02	-7.4825e+02	-4.4295e+02	-8.6896e+02	2.0296e+01	7.3819e+02	6.9883e+02	2.8892e+02	-5.0174e+02	-9.0639e+02	-1.5281e+02	6.6538e+01	-8.0254e+02	-4.1713e+02	-4.6261e+02	8.3709e+01	8.3538e+01	2.9518e+02	-1.1081e+03	5.7797e+02	4.5102e+02	-3.4399e+02	-1.9590e+02	-3.6872e+01	-9.7311e+01	-5.0666e+02	1.3401e+03	-4.1447e+02	-7.6358e+02	6.0868e+02	-4.9818e+02	-1.9784e+01	-1.9004e+02	-4.4701e+02	-6.3001e+02	4.8600e+02	-2.5849e+02	1.3360e+03	-3.5734e+02	-5.9467e+02	1.0741e+03	1.7044e+01	-6.6057e+02	3.4388e+02
8.0000e+04	-1.5947e+03	-2.6278e+03	4.4568e+02	4.3185e+02	-5.1429e+02	5.5017e+02	-1.6395e+03	1.1182e+03	-6.5449e+02	8.4228e+02	6.9298e+02	-2.4988e+02	-1.9435e+03	3.2683e+01	-1.8406e+03	6.6803e+02	-9.4550e+02	6.7929e+02	-1.9088e+03	8.9159e+02	-1.8917e+01	-3.6788e+02	-1.0466e+03	-1.1607e+03	1.0919e+03	1.3440e+03	2.0100e+02	-8.3933e+02	5.1475e+02	-1.2446e+03	-2.4298e+03	-1.9354e+02	-1.0339e+03	-1.4851e+03	-1.7816e+03	-1.0578e+02	2.7669e+02	2.4260e+03	8.5149e+02	1.9164e+03	-1.6934e+02	5.2107e+01	-2.1156e+02	-5.4885e+02	-3.3631e+02	7.1431e+02	2.3525e+03	-2.2718e+02	-5.0665e+02	-8.7965e+02	1.3634e+03	1.7090e+03	-3.1673e+02	2.2579e+03	1.2372e+03	5.7612e+02	1.1248e+03	-2.1001e+02	1.1065e+03	-4.9226e+02	-1.3703e+03	-1.8497e+02	1.3750e+03	1.1199e+03	6.9473e+02	8.3306e+02	3.4391e+02	1.5284e+03	1.3203e+02	-4.9077e+02	-5.9071e+01	1.3306e+03	-1.3187e+03	1.4050e+03	9.5526e+02	3.0837e+03	1.2172e+03	-7.1690e+02	-1.1766e+01	8.7203e+02	-1.2408e+03	-4.4376e+02	-1.9162e+03	-1.8984e+03	-1.9551e+02	4.8415e+02	1.0094e+03	5.0353e+02	1.1559e+03	7.8376e+00	3.0912e+02	-1.8503e+02	2.8201e+03	8.5411e+02	-1.5417e+03	2.4560e+03	7.6704e+02	2.7220e+03	8.3385e+01	-4.8444e+02	-1.2173e+03	7.4127e+02	-1.0016e+03	1.9607e+03	-6.2980e+02	1.2914e+03	-4.1659e+02	-1.2875e+02	-1.9188e+03	3.4967e+01	8.2013e+02	6.1927e+02	8.1671e+02	-1.3021e+02	3.7508e+02	-2.4728e+03	-6.9476e+02	-1.6083e+02	1.8981e+02	-3.8879e+02	-5.7373e+02	2.7689e+02	-4.6191e+01	-6.1055e+02	-1.6407e+02	2.6652e+02	-1.7325e+03	-4.1170e+02	1.3334e+03	-1.0338e+02	-1.0647e+03	3.8064e+02	-3.1312e+02	-8.9292e+02	-2.7028e+03	-3.6944e+02	-3.9525e+02	-1.0501e+03	2.5757e+02	1.0755e+02	5.0018e+02	6.7482e+02	-5.5840e+02	-1.7824e+03	4.3347e+02	-5.8437e+02	3.3579e+02	2.1741e+03	-5.3403e+02	1.2361e+03	-9.8746e+01	8.4258e+02	1.0768e+03	-1.8328e+02	-2.2671e+03	-7.8511e+02	1.3766e+02	2.4667e+00	1.0768e+03	1.4151e+02	2.1168e+03	-5.1658e+02	1.2103e+03	-9.0155e+02	7.1604e+02	1.5213e+03	4.3726e+01	9.6276e+02	3.5559e+02	-4.8944e+02	1.3916e+03	3.9771e+02	-9.7085e+02	-2.8657e+01	-1.1882e+03	-1.0833e+03	-8.7101e+02	6.9579e+02	9.0283e+02	1.5177e+03	-5.8265e+02	-1.1052e+02	1.6238e+02	-3.1545e+02	-2.5493e+03	4.5569e+02	-1.0422e+03	-1.5101e+03	1.8321e+03	3.7212e+01	1.5683e+03	1.0444e+03	7.1820e+01	-3.5730e+02	5.2092e+02	-1.5723e+03	1.9050e+02	3.4533e+02	1.9259e+02	-1.4374e+03
1.0000e+05	-1.1695e+03	6.4059e+02	8.6635e+02	-5.3951e+02	3.1131e+02	9.5397e+01	-4.5813e+02	-1.1461e+03	-1.4826e+03	8.2882e+02	-1.8460e+03	8.3220e+02	9.3159e+02	-9.6268e+02	-4.8975e+02	4.9892e+02	2.7438e+02	3.3297e+02	-1.3806e+02	-4.7938e+02	-1.6295e+02	-2.7565e+02	-1.1397e+03	-2.0166e+03	-1.2952e+03	1.3010e+03	-3.4217e+01	-1.0367e+03	-8.7488e+02	7.7869e+01	1.9782e+02	-1.2337e+03	4.8375e+02	-1.9716e+02	4.5051e+02	1.2646e+02	8.4470e+02	-5.9900e+02	-2.8841e+02	-4.1298e+02	1.2682e+03	-9.7953e+02	1.0989e+02	-6.6502e+02	-4.2631e+02	1.0781e+03	8.6487e+02	3.4973e+02	5.4562e+02	-7.3661e+02	3.8599e+02	-8.5090e+02	1.0581e+03	2.1805e+03	7.4740e+02	1.9987e+02	-1.6293e+02	2.0114e+02	-2.4370e+01	1.3052e+02	-6.7383e+02	7.8058e+02	1.1013e+02	-8.4393e+02	1.4495e+02	4.4998e+02	-2.6945e+02	-1.9095e+00	5.0042e+02	-1.5320e+03	-4.8197e+02	-4.7783e+01	-2.1390e+02	1.1283e+03	6.6063e+02	7.1228e+02	2.2895e+02	-5.5893e+02	1.1442e+03	2.5557e+02	-6.7806e+02	-6.7395e+02	7.9702e+02	3.5088e+02	-1.2289e+02	-2.3848e+02	-5.4836e+02	-1.3112e+02	-4.0117e+02	1.0652e+03	1.2505e+03	-5.0794e+02	-1.2277e+02	-1.5662e+02	-4.3554e+02	2.6325e+02	2.3981e+02	6.7601e+02	-7.8469e+02	-1.5286e+03	1.0389e+02	-3.0040e+02	-4.6588e+02	-1.1013e+03	2.0098e+02	2.0454e+02	9.7914e+02	2.0356e+02	3.6698e+02	4.7052e+02	-8.0034e+01	5.9510e+02	3.7663e+01	3.3331e+02	-5.8617e+01	7.2382e+02	-3.0066e+02	-1.2455e+02	-9.3459e+01	1.0274e+02	2.4359e+02	-2.7856e+02	2.2487e+02	-5.2441e+02	-9.6414e+02	-1.0058e+02	-4.7588e+02	1.2855e+02	2.3444e+02	-1.2029e+02	-3.6275e+02	1.3133e+03	-7.6862e+02	-9.1275e+02	-1.7662e+03	-9.2786e+02	3.6651e+02	1.1323e+03	4.8796e+02	2.3641e+02	6.8795e+02	3.5469e+01	3.7006e+02	5.6824e+02	-2.6040e+02	-1.1543e+03	-5.0358e+02	-8.9921e+02	-5.3945e+02	9.3659e+02	8.5545e+02	-3.2134e+02	-1.1944e+03	1.0097e+03	-4.5067e+02	4.1896e+02	1.4369e+01	-8.2222e+02	-2.4760e+02	-8.4627e+02	-2.5850e+02	3.6676e+02	7.3924e+02	6.7898e+02	-1.0996e+03	-1.0894e+03	5.9532e+01	7.3168e+02	-6.1718e+02	-6.2583e+02	-1.0804e+03	-4.9486e+02	1.0019e+02	1.4519e+02	-1.1238e+03	3.4016e+02	2.7130e+01	-7.5247e+02	8.3577e+00	-2.4329e+02	-5.0087e+02	-3.3381e+02	1.0540e+03	-5.2881e+02	-5.6918e+02	3.6140e+02	-4.2191e+02	1.9585e+02	-1.7058e+02	-1.0632e+03	-5.8162e+02	7.1206e+02	-6.3389e+02	8.8395e+02	-8.5549e+02	3.7634e+01	1.7243e+03	4.0772e+02	-4.2083e+02	-3.5490e+01
1.0000e+05	-3.5831e+02	-2.5512e+03	9.9011e+02	1.0551e+03	-1.5279e+02	7.8923e+02	-1.5158e+03	5.6917e+02	-8.8411e+02	1.0427e+03	7.8693e+02	-9.4078e+01	-2.4806e+03	1.0907e+03	-2.1461e+03	1.1306e+03	-3.3812e+02	9.2072e+02	-3.5419e+03	2.6073e+03	-5.8042e+02	-2.6104e+02	-1.1313e+03	-9.7520e+02	1.2816e+03	9.0428e+02	3.1729e+02	-1.0339e+03	9.1412e+02	-9.0364e+02	-1.9002e+03	1.8313e+02	-1.8976e+03	-2.7574e+03	-1.9783e+03	1.3446e+02	4.4352e+02	1.8396e+03	1.8176e+03	3.0854e+03	-3.8595e+01	1.0342e+02	-5.2017e+02	-1.4151e+03	3.1553e+02	2.7527e+02	3.0187e+03	1.2123e+03	-6.8658e+02	-1.8142e+03	2.1133e+03	2.3095e+03	-5.5477e+00	1.2285e+03	4.1747e+02	6.5926e+02	7.6999e+02	-6.2528e+01	1.4804e+03	-1.0860e+03	-1.6380e+03	-7.2318e+02	1.6415e+03	1.2941e+03	8.3629e+02	1.0222e+03	-3.4481e+02	1.6853e+03	1.1768e+03	-1.9682e+03	-3.2052e+02	1.1700e+03	-4.0104e+02	1.2441e+03	7.4460e+02	2.4930e+03	1.4940e+03	2.0293e+02	-4.9460e+02	-2.3597e+02	-9.4905e+02	-5.9408e+02	-2.2366e+03	-1.8769e+03	4.4908e+01	8.0818e+02	1.2936e+03	4.1671e+02	6.9289e+02	1.0128e+03	-2.1438e+02	-1.2046e+03	1.8162e+03	1.5850e+03	-2.0260e+03	3.3232e+03	7.1348e+02	2.3509e+03	9.6267e+02	-3.2009e+02	-8.4780e+02	1.5069e+02	-1.1695e+03	1.4683e+03	-1.2259e+03	4.4196e+02	2.4233e+01	5.1561e+01	-2.6619e+03	-3.6130e+02	5.9718e+02	4.4832e+02	8.5091e+02	-3.2246e+02	1.3913e+02	-2.7208e+03	-7.2199e+02	2.7467e+02	1.1778e+02	-8.1941e+01	-1.6135e+03	7.1857e+01	-1.4557e+02	-1.6259e+03	-7.4856e+02	-5.9846e+02	-1.6053e+03	-3.8411e+02	1.4428e+03	-1.2032e+02	-1.5789e+03	5.8557e+02	-7.7265e+01	-1.5960e+03	-2.7190e+03	-1.4865e+03	1.8343e+01	-1.4746e+03	2.9083e+01	6.6004e+02	3.5298e+02	5.7776e+02	-5.0315e+02	-2.4517e+03	7.1492e+02	7.1448e+01	9.2232e+02	3.1169e+03	-1.9801e+01	8.7444e+02	-4.5749e+02	1.4315e+03	9.3250e+02	-9.0343e+01	-2.1830e+03	-7.1314e+02	-2.8905e+02	2.6443e+02	7.4330e+02	9.8606e+01	2.9229e+03	-4.7255e+02	2.7311e+02	-1.4119e+03	1.2726e+03	1.7817e+03	6.3462e+02	1.7180e+03	-7.1451e+02	-2.5299e+02	1.5478e+03	-6.1321e+02	-4.0477e+02	6.5450e+02	-2.3755e+03	-2.6930e+03	-7.5927e+02	1.9754e+03	1.5080e+03	1.2443e+03	4.0713e+02	1.9069e+02	3.3229e+02	-3.2788e+02	-2.0972e+03	-3.8485e+02	-6.2911e+02	-7.8894e+02	1.1085e+03	1.7772e+02	5.0250e+02	-3.9074e+01	-7.6227e+02	-1.3679e+03	2.0066e+03	-1.4158e+03	2.2609e+02	-4.3364e+02	-3.1866e+01	-2.3258e+03
1.2000e+05	-1.7314e+03	1.3832e+03	4.9624e+02	-4.8249e+02	1.3803e+02	-3.2143e+02	-8.4086e+02	-9.1510e+02	-1.5824e+03	6.2933e+02	-1.2861e+03	4.2652e+02	3.4901e+02	-1.5124e+03	-3.5251e+02	5.0546e+02	7.7802e+02	3.9024e+02	4.2966e+02	-5.0843e+02	-5.8467e+02	-6.9307e+01	-5.8129e+02	-1.9737e+03	-1.4606e+03	1.5746e+03	3.7826e+02	-6.1064e+02	-1.2332e+03	-2.2301e+01	-3.6127e+01	-8.5311e+02	-8.9335e+01	-8.1866e+02	7.9758e+02	2.3009e+02	2.1240e+02	-7.9567e+02	-2.1256e+02	-6.3074e+02	1.4630e+03	-1.4553e+03	-3.6525e+02	-7.0923e+02	-3.6935e+02	1.2322e+03	8.3398e+02	6.9988e+02	2.3556e+02	-9.1425e+02	-4.3241e+01	-3.7745e+02	8.3577e+02	2.0511e+03	8.7844e+02	5.2448e+02	-4.0590e+02	1.0038e+02	-3.5889e+02	-3.8942e+02	-5.7046e+02	2.0177e+03	-4.9838e+02	-7.3093e+02	8.7840e+02	9.0783e+02	3.1613e+02	4.0025e+02	3.4193e+02	-1.8757e+03	-2.5313e+02	-5.8270e+02	2.8519e+02	1.3631e+03	7.0007e+02	7.2357e+02	1.2884e+02	-1.0710e+03	1.3388e+03	2.3372e+02	-1.5158e+03	-7.4460e+02	5.9667e+02	1.9519e+02	-2.7494e+02	-6.1468e+02	-7.2443e+02	-2.1789e+02	2.0143e+02	1.5614e+03	1.8327e+03	-8.6052e+02	4.2178e+02	-6.9756e+00	-4.0964e+02	3.9723e+02	1.2735e+02	6.5769e+02	-4.2649e+02	-2.2294e+03	-2.0302e+02	5.8417e+01	-8.0323e+02	-5.5628e+02	1.8889e+02	-1.2709e+01	1.0100e+03	5.1423e+01	6.2497e+02	3.6216e+02	-3.0804e+02	7.4298e+02	1.5711e+02	3.6792e+02	1.1212e+02	5.9060e+02	-5.4687e+02	1.4447e+02	8.3971e+01	2.1365e+02	5.6066e+02	-7.6465e+02	-3.3510e+02	-6.3600e+02	-1.2642e+03	2.4975e+02	-6.7156e+02	-6.0373e+02	4.0802e+02	3.0522e+02	-5.9795e+02	7.2451e+02	-1.1216e+03	-1.5341e+02	-1.3257e+03	-7.6722e+02	1.1451e+01	1.3450e+03	3.4706e+02	2.8219e+02	1.3142e+03	9.5577e+01	5.9922e+02	6.1862e+02	-2.1674e+02	-1.4968e+03	-8.1790e+02	-5.1711e+02	-2.4832e+02	1.0018e+03	7.8119e+02	-1.3118e+02	-6.8012e+02	1.1624e+03	-7.7469e+02	6.6960e+02	2.1235e+02	-6.4939e+02	-5.0076e+02	-1.2854e+03	-5.7487e+02	5.7056e+02	1.0852e+03	-6.4726e+01	-1.2659e+03	-5.7619e+02	-5.1839e+02	9.3596e+02	-1.0325e+03	-1.7157e+02	-1.3027e+03	-4.5760e+02	1.3016e+02	-2.9629e+01	-9.0314e+02	1.1024e+02	-1.8561e+02	-1.3989e+02	-1.4231e+02	-1.2246e+03	-5.5574e+02	-1.2601e+03	9.5548e+02	-8.7093e+02	-7.4308e+02	1.1175e+03	-3.8647e+02	1.2023e+02	-2.3032e+02	-1.4412e+03	-6.8323e+02	5.0329e+02	-6.6278e+02	9.5144e+02	-1.0883e+03	1.2060e+02	1.4843e+03	8.8018e+02	-1.1270e+03	-1.6457e+02
1.2000e+05	-3.0370e+02	-3.3595e+03	9.6856e+02	2.0022e+03	5.3632e+02	8.7989e+02	-1.1912e+03	3.6798e+02	-3.3712e+02	1.8855e+03	1.2775e+03	-7.4048e+02	-2.5976e+03	6.6790e+02	-2.1305e+03	9.9019e+02	-1.0935e+03	2.1778e+03	-3.9954e+03	1.9175e+03	-3.8214e+02	2.5576e+02	-1.0656e+03	3.6095e+01	2.0803e+03	1.2263e+03	1.0521e+02	-1.2687e+03	1.3914e+03	-1.4885e+03	-1.5988e+03	1.8437e+02	-1.7287e+03	-2.4675e+03	-1.8799e+03	7.0274e+02	1.6477e+03	2.0259e+03	1.2812e+03	2.5589e+03	-2.1110e+02	7.6804e+02	9.1913e+02	-1.3593e+03	-8.2743e+01	-4.4519e+02	2.5049e+03	9.4291e+02	-2.9092e+02	-1.5093e+03	2.4234e+03	2.3541e+03	-8.6117e+02	5.0293e+02	-4.4572e+02	8.3195e+02	-1.2391e+01	-3.3666e+02	1.5104e+03	-1.1192e+03	-2.1807e+03	-1.2723e+03	1.5632e+03	8.6155e+02	-8.8156e+02	1.6710e+03	-4.2665e+02	2.6063e+03	1.7721e+03	-2.2846e+03	-3.0255e+02	9.5639e+02	-2.8530e+02	1.4154e+03	1.2474e+03	2.2338e+03	1.6761e+03	3.2804e+02	-3.7846e+02	-1.3863e+03	1.0840e+02	-9.9103e+02	-6.3769e+02	-2.0360e+03	-5.0176e+01	8.6348e+02	6.6426e+02	7.0257e+02	1.1595e+03	5.7318e+02	-1.4853e+03	-5.9035e+02	2.7172e+03	1.2827e+03	-1.5940e+03	2.1480e+03	5.9473e+02	7.7982e+02	1.2056e+03	-4.5152e+02	-7.0235e+02	-7.3576e+02	-5.0386e+02	1.4651e+03	-1.1177e+03	1.5969e+02	-2.0666e+02	3.2551e+02	-2.3306e+03	1.6409e+02	2.8609e+02	2.8701e+02	1.6345e+03	-2.1961e+01	-2.7584e+02	-3.2082e+03	-9.6093e+02	4.8106e+02	-3.0639e+02	1.3995e+03	-2.2273e+03	-1.0249e+02	-7.1845e+02	-1.6415e+03	-1.0970e+03	3.8256e+02	-1.8569e+03	3.8812e+02	1.3699e+03	1.5287e+02	-5.2091e+02	4.6336e+02	-1.7946e+02	-2.2812e+03	-2.5163e+03	-1.1309e+03	-1.5731e+02	-2.7052e+02	8.3128e+02	1.1982e+03	1.6262e+03	7.0833e+02	3.3972e+02	-1.8235e+03	1.0695e+03	1.0665e+03	8.8027e+02	3.3452e+03	4.8736e+02	7.3323e+02	-2.0387e+02	1.6480e+03	7.8362e+02	-4.2451e+02	-1.4437e+03	-6.7236e+02	-5.3298e+02	3.0174e+02	1.1739e+03	4.7594e+02	2.6281e+03	-5.7077e+02	2.2773e+02	-1.5007e+03	2.3933e+03	7.7658e+02	-8.6667e+02	2.3976e+03	1.4096e+02	3.0343e+01	1.1457e+03	-2.7045e+02	-1.5511e+02	9.0889e+02	-2.6854e+03	-2.6267e+03	-5.7596e+02	2.5960e+03	2.0091e+03	2.2872e+02	-4.7865e+02	6.4405e+02	3.2308e+02	6.8521e+01	-1.0532e+03	-5.0421e+02	-2.7922e+02	-4.7983e+02	1.4276e+02	-1.1775e+03	2.5505e+02	1.1149e+03	-1.5412e+03	-1.7579e+03	2.6376e+03	-8.7126e+02	4.8472e+02	3.3129e+02	9.7068e+01	-2.4124e+03
1.4000e+05	-1.5919e+03	1.4717e+03	8.3074e+02	-4.6395e+02	4.9237e+02	-6.6827e+02	-4.3132e+02	-8.2473e+02	-1.6686e+03	7.0889e+02	-1.0129e+03	3.2418e+02	6.5558e+02	-1.8164e+03	-1.0089e+02	1.8200e+02	1.0991e+03	2.7261e+02	-1.3519e+02	-4.7261e+02	-2.9495e+02	-3.2007e+02	-4.5068e+02	-2.0475e+03	-1.2712e+03	1.3715e+03	5.6233e+02	-7.3071e+02	-1.8508e+03	-2.9033e+02	-3.9500e+02	-9.7841e+02	1.8264e+02	-1.2267e+03	6.1942e+02	4.4527e+02	-3.6700e+02	-9.9243e+02	6.6790e+01	-7.5587e+02	1.6640e+03	-1.2267e+03	-4.1751e+02	-3.1063e+02	-7.8576e+01	1.0180e+03	4.3877e+02	8.2644e+02	6.5083e+02	-7.6455e+02	-3.5024e+02	-2.9292e+02	1.3381e+03	1.6401e+03	1.1613e+03	2.0943e+02	-6.4438e+02	-1.4320e+02	-4.8474e+02	-5.4777e+02	-4.0624e+02	2.0080e+03	-2.8532e+02	-7.1049e+02	5.6638e+02	1.0675e+03	-4.1877e+01	3.7855e+02	1.0210e+03	-1.4825e+03	-6.4279e+02	-8.2052e+02	9.3389e+02	1.5647e+03	7.1338e+02	8.7760e+02	2.7285e+02	-8.7748e+02	1.0651e+03	1.9359e+02	-2.0836e+03	-1.0722e+03	7.1648e+02	2.5879e+02	-7.5210e+02	-6.6236e+02	-5.0367e+02	-3.9069e+02	2.3278e+02	1.7289e+03	1.8957e+03	-7.8245e+02	6.9805e+02	2.2303e+02	-1.2772e+02	-1.4825e+02	5.4586e+02	5.1895e+02	3.6727e+01	-2.0963e+03	-2.2927e+02	3.0008e+02	-3.1234e+02	-3.7645e+02	7.2347e+02	-2.5190e+01	9.3577e+02	3.4235e+02	7.4316e+02	1.3764e+01	-2.5766e+02	9.4589e+02	6.1824e+02	8.1415e+02	2.2678e+02	7.4232e+02	-2.7393e+02	5.1486e+02	5.7334e+02	2.5075e+02	3.0031e+02	-8.7750e+02	-2.4028e+02	-7.6001e+02	-4.4257e+02	4.2378e+02	-4.0477e+02	-4.8089e+02	-1.4646e+02	2.2232e+02	-7.0375e+02	1.2893e+02	-1.3801e+03	1.8590e+02	-1.4071e+03	-6.1233e+02	-4.4845e+02	1.5436e+03	4.8968e+02	5.4546e+02	1.0920e+03	6.8785e+02	6.0522e+02	8.7735e+02	-2.1415e+02	-1.7309e+03	-1.1880e+03	-5.1793e+02	-9.7477e+01	1.1080e+03	8.6909e+02	9.4623e+01	-1.2427e+03	7.9813e+02	-1.0444e+03	4.8176e+02	8.6583e+02	-7.4951e+02	-9.0502e+02	-1.2964e+03	-1.1337e+02	2.3415e+02	1.1674e+03	2.3549e+02	-1.9522e+03	-2.7517e+02	-2.8852e+02	5.5115e+02	-5.0684e+02	-1.4496e+02	-1.7025e+03	-6.3243e+02	-5.5819e+02	-5.8917e+01	-9.8896e+02	-1.2189e+02	-3.8192e+02	-7.2741e+02	-2.0377e+02	-7.3942e+02	-8.7160e+02	-1.7835e+02	9.7587e+02	-9.2012e+02	-3.1995e+02	1.1532e+03	-1.6716e+02	-2.8374e+02	-4.4483e+02	-1.1766e+03	-1.0434e+03	8.0259e+02	-4.4872e+02	1.8516e+03	-6.8065e+02	-3.2961e+02	8.0134e+02	1.0426e+03	-1.4761e+03	5.2771e+02
1.4000e+05	6.4495e+02	-4.3820e+03	1.3106e+03	2.1112e+03	-2.0481e+02	6.6387e+02	-1.4550e+03	1.4629e+03	-1.0103e+03	2.1079e+03	1.7413e+03	-1.4832e+03	-2.6848e+03	9.4258e+02	-1.6032e+03	9.4624e+02	-1.1272e+03	1.4012e+03	-4.7273e+03	2.9050e+03	5.7791e+02	-5.1527e+02	-1.6988e+03	8.9300e+02	1.3327e+03	1.8266e+03	8.6042e+02	-1.6135e+03	1.2218e+03	-1.7899e+03	-6.4533e+02	1.3662e+02	-2.0216e+03	-3.4107e+03	-2.8108e+03	8.9315e+01	1.7325e+03	1.9656e+03	2.0269e+03	1.8710e+03	3.3633e+01	1.5045e+03	3.1572e+02	-1.2729e+03	-9.8660e+02	-1.5671e+03	3.3694e+03	2.3969e+02	1.2145e+02	-2.1881e+03	3.8184e+03	2.1584e+03	5.9510e+02	1.5119e+03	-5.7317e+02	3.6116e+02	1.4373e+02	1.1141e+02	1.3819e+03	-8.2514e+02	-2.1752e+03	-2.0049e+03	1.8725e+03	1.4891e+03	-6.9561e+02	1.2485e+03	-5.7967e+02	2.7538e+03	1.6237e+03	-3.6808e+03	-5.9311e+02	3.2461e+02	-7.3574e+01	1.2878e+03	1.5371e+03	2.0724e+03	1.7139e+03	-6.3641e+02	1.2496e+03	-1.7659e+03	-3.0321e+02	-1.7105e+03	-1.4277e+03	-1.5092e+03	-8.0804e+02	1.8094e+02	9.7337e+02	6.1729e+02	1.0872e+03	4.8316e+02	-8.3162e+02	-1.3057e+03	2.5815e+03	6.1135e+02	-1.6258e+03	1.3279e+03	7.3425e+02	8.5069e+02	1.1962e+03	1.0700e+03	-1.0275e+03	-1.2628e+03	1.5246e+01	7.5138e+02	-1.1545e+03	8.1995e+02	-1.6309e+03	1.4214e+03	-2.5055e+03	9.8559e+02	-3.3365e+02	-7.5564e+02	2.6195e+03	6.5430e+01	-1.0475e+03	-4.0262e+03	-1.2158e+03	6.5856e+02	-7.1755e+02	7.7026e+02	-1.4488e+03	3.3957e+02	-3.0318e+02	-1.2664e+03	-1.4474e+03	8.6783e+01	-1.1185e+03	4.0046e+02	1.8800e+03	2.7045e+02	-7.8764e+02	1.3753e+03	2.5011e+01	-1.8552e+03	-2.7572e+03	-1.4719e+03	2.3900e+01	-4.0823e+02	8.3550e+02	1.3088e+03	8.6585e+02	4.0361e+02	-4.7926e+01	-1.6134e+03	-1.4297e+02	1.2067e+03	4.0323e+02	3.9310e+03	1.8797e+03	1.2736e+02	2.7267e+02	1.6015e+03	1.5408e+03	-5.8780e+02	2.4631e+02	-8.4248e+02	3.5436e+01	2.0775e+02	1.9814e+03	6.4876e+02	3.4062e+03	-3.8280e+02	9.4262e+02	-1.1625e+03	2.8679e+03	4.3357e+02	-7.5008e+02	1.7578e+03	7.5503e+02	-1.8581e+01	1.0702e+03	5.2627e+01	3.9173e+02	-5.2245e+02	-3.2613e+03	-2.6442e+03	-8.2205e+02	2.3374e+03	2.8505e+03	4.2106e+02	-1.7224e+02	1.5493e+03	1.3904e+03	8.8006e+02	-5.9563e+02	-1.0580e+03	-1.5212e+02	-7.1931e+02	-6.4780e+02	-1.3085e+03	-5.3343e+02	8.4703e+02	-1.5660e+03	-1.9666e+03	2.7977e+03	-3.3341e+02	2.2567e+02	9.8265e+01	-5.8139e+02	-2.4580e+03
1.6000e+05	-1.4353e+03	1.6893e+03	7.8669e+02	-5.6977e+02	6.5289e+02	-8.4060e+02	-2.1637e+02	-1.0092e+03	-1.8473e+03	8.9779e+02	-1.1674e+03	8.1070e+01	3.5895e+02	-1.4987e+03	-2.4059e+02	3.3905e+01	7.6680e+02	5.1231e+02	-6.6054e+02	-4.0123e+02	-9.8430e+01	-4.1815e+02	-5.6060e+02	-1.9071e+03	-1.2656e+03	1.4140e+03	6.3852e+02	-2.1608e+02	-1.1660e+03	7.8102e+00	-9.2874e+02	-1.5418e+03	4.4525e+02	-1.6738e+03	4.0743e+02	1.1169e+03	-4.7010e+02	-1.3142e+03	3.0620e+02	-5.5858e+02	1.5365e+03	-9.9858e+02	-7.2098e+02	1.4854e+02	8.7127e+01	1.1426e+03	7.4088e+02	7.0924e+02	1.2432e+01	-5.1831e+02	-3.8527e+02	-5.3851e+01	1.5358e+03	1.7804e+03	9.6314e+02	2.5935e+02	-5.6664e+02	-6.8263e+01	-3.8957e+02	-3.9797e+02	-7.6103e+01	2.5475e+03	1.1644e+02	-7.1958e+02	1.3490e+03	9.5339e+02	-3.3505e+02	2.5084e+02	1.0436e+03	-1.9070e+03	-8.0803e+02	-1.1444e+03	5.0948e+02	1.2120e+03	6.7277e+02	6.4525e+02	-1.9441e+02	-9.0703e+02	8.3614e+02	-2.1112e+01	-2.2334e+03	-1.0530e+03	7.7612e+02	2.6608e+01	-9.0549e+02	-1.0038e+03	-3.3798e+02	-7.5213e+02	6.9525e+02	2.0733e+03	1.4260e+03	-5.4880e+02	5.9648e+02	4.9753e+02	-1.0263e+02	5.2126e+02	8.8627e+02	2.4822e+02	1.0470e+02	-2.7241e+03	-5.3437e+02	2.4085e+02	-4.2059e+02	-5.1996e+02	1.3508e+03	-3.7131e+02	7.8658e+02	4.6950e+02	6.1954e+02	1.4137e+02	1.3232e+01	1.4694e+03	8.2710e+02	5.5498e+02	3.5794e+02	-1.7378e+02	-1.2109e+01	4.1529e+02	5.1984e+02	5.5546e+02	4.4748e+01	-4.5982e+02	-9.5612e+01	-6.9940e+02	-7.0261e+02	-7.0518e+01	-8.8535e+02	-5.4283e+02	-8.4905e+02	3.6367e+02	-6.5305e+02	-1.7445e+02	-1.1908e+03	3.7712e+02	-5.0165e+02	-6.2533e+02	-5.1055e+02	1.2718e+03	5.6866e+02	5.7841e+02	5.8833e+02	3.2122e+02	3.9950e+02	9.2175e+02	1.8166e+02	-2.1655e+03	-1.6925e+03	-6.5580e+02	1.0595e+02	9.9093e+02	6.2414e+02	-7.9669e+01	-1.1263e+03	8.1142e+02	-1.4749e+03	4.3454e+02	1.1063e+03	-6.6069e+01	-8.3735e+02	-6.1659e+02	-1.7999e+02	-6.5773e+01	1.1640e+03	5.4247e+02	-1.8187e+03	-4.9745e+01	5.4198e+02	8.8211e+02	-8.3702e+02	-9.3149e+01	-1.4096e+03	-9.7987e+02	-1.3336e+02	-4.6153e+01	-1.0390e+03	-4.4370e+02	3.5560e+01	-1.2508e+03	-4.4727e+02	-1.3279e+03	-1.2488e+03	-2.8173e+02	1.4672e+03	-1.3472e+03	-3.1966e+02	1.2215e+03	-9.4672e+01	-8.0026e+02	-6.2552e+01	-1.5268e+03	-1.0716e+03	7.1043e+02	-4.9382e+02	1.6760e+03	-1.1060e+03	-3.9370e+02	1.0035e+03	1.4219e+03	-1.5886e+03	1.2442e+03
1.6000e+05	1.8228e+03	-3.9782e+03	1.0108e+03	3.2822e+03	-4.0191e+02	8.4418e+02	-1.1238e+03	1.7442e+03	-1.2183e+03	1.2878e+03	2.8985e+03	-8.4442e+02	-2.0216e+03	1.5407e+03	-1.4027e+03	1.8563e+03	-1.0956e+03	2.4817e+03	-4.2873e+03	2.2131e+03	5.5368e+02	-5.2149e+02	-2.2370e+03	1.6700e+03	8.3449e+02	2.6434e+03	6.2226e+02	-1.4195e+03	1.1278e+03	-1.8129e+03	-4.9614e+02	6.2568e+02	-1.5888e+03	-3.8163e+03	-2.1395e+03	2.6606e+02	2.5823e+03	3.1778e+03	1.3217e+03	1.2096e+03	-3.0489e+02	1.8706e+03	8.3460e+02	-1.7703e+03	-5.3728e+02	-1.8965e+03	2.7492e+03	-1.1757e+03	2.9122e+02	-1.7107e+03	4.1545e+03	3.0007e+03	1.0757e+03	1.6085e+03	1.7046e+02	4.5732e+02	-5.6724e+02	1.8717e+02	2.1520e+03	-1.3929e+03	-1.5666e+03	-1.0926e+03	1.9707e+03	1.1905e+03	-4.7241e+01	1.4140e+03	5.0926e+01	2.3798e+03	2.3346e+03	-2.4001e+03	-1.4233e+03	4.8404e+01	3.7518e+02	1.6529e+03	1.2548e+03	2.3001e+03	1.9761e+03	-2.5727e+02	8.7375e+02	-2.5586e+03	4.6713e+02	-1.4194e+03	-1.1948e+03	-8.9928e+02	-1.1523e+03	1.3278e+03	1.4938e+03	7.2638e+02	1.8756e+03	2.7190e+02	-9.6261e+02	-1.2443e+03	2.5668e+03	2.2220e+02	-2.2200e+03	1.6277e+03	3.2239e+02	9.2710e+02	1.1928e+03	6.4094e+02	-6.9332e+02	-7.0003e+02	1.0542e+02	1.0915e+03	-7.7164e+02	1.6177e+03	-9.2715e+02	1.3373e+03	-3.3780e+03	5.1191e+02	-1.2570e+02	-1.8428e+03	2.4569e+03	-8.3115e+02	-3.4434e+02	-4.2987e+03	-1.6098e+03	3.0276e+02	-6.7329e+02	1.5644e+03	-1.2565e+03	4.8034e+02	-9.2536e+02	-1.6259e+03	-2.0694e+03	1.0993e+03	-1.3735e+03	4.3376e+02	9.9504e+02	6.1984e+02	-2.8152e+02	1.3571e+03	5.5606e+02	-2.7773e+03	-2.7888e+03	-1.3125e+03	7.9214e+02	9.0295e+02	8.0004e+02	8.2215e+02	1.5506e+03	-9.4804e+01	-1.5701e+02	-1.2564e+03	5.7831e+02	1.1207e+03	6.5704e+02	4.1019e+03	1.4582e+03	7.7992e+02	1.7893e+03	1.0124e+03	7.1803e+02	-6.7088e+02	8.6365e+02	-7.1240e+01	-4.0588e+02	-5.5748e+02	3.1421e+03	2.1275e+03	2.9605e+03	4.6555e+02	4.3207e+02	-1.3030e+03	3.6249e+03	-1.2397e+02	5.6603e+01	2.8831e+03	2.0651e+03	-4.4361e+02	1.0794e+03	-8.2360e+01	-5.2463e+02	-5.0137e+02	-2.3159e+03	-3.4809e+03	-8.7179e+01	1.8662e+03	3.7694e+03	8.2000e+02	-3.5853e+02	2.3666e+03	1.4746e+03	1.5012e+02	-7.2452e+02	-1.6506e+02	-9.0147e+02	2.6596e+02	-6.2941e+02	-2.3596e+03	-2.2002e+02	6.9175e+02	-2.1055e+03	-2.9406e+03	3.7466e+03	-4.3935e+02	6.3866e+02	1.0552e+03	-1.2295e+03	-2.2476e+03
1.8000e+05	-1.5336e+03	1.8329e+03	8.6502e+02	-1.0563e+03	8.0406e+02	-1.0442e+03	-4.5081e+02	-9.2713e+02	-1.7367e+03	2.7889e+02	-1.2645e+03	-1.0435e+02	8.1772e+02	-1.2972e+03	-6.8305e+02	6.6785e+01	9.0808e+02	7.0585e+02	-5.2964e+02	-3.7022e+02	-5.6037e+02	4.3255e+01	-6.4762e+02	-2.1359e+03	-1.3186e+03	1.7603e+03	-4.6056e+01	3.0342e+02	-1.2414e+03	-3.8390e+02	-6.3191e+02	-1.5102e+03	-8.4595e+01	-1.9606e+03	8.8775e+01	1.3077e+03	-3.2323e+02	-1.4517e+03	1.7870e+02	-6.2951e+02	2.2518e+03	-1.2553e+03	-8.6376e+02	6.1839e+02	-3.0830e+02	8.1421e+02	8.6637e+02	7.4450e+02	-2.3149e+01	-5.9236e+02	-6.9828e+01	-3.7774e+02	1.1318e+03	1.5487e+03	1.9020e+03	1.6695e+02	-6.7488e+02	-3.5247e+02	-3.7571e+02	-5.7531e+02	5.7553e+01	2.3452e+03	2.4634e+02	-3.2976e+02	9.7914e+02	5.9161e+02	4.4597e+02	4.4963e+02	9.9318e+02	-2.2193e+03	-3.5932e+02	-6.8606e+02	1.3000e+03	8.6031e+02	6.0524e+02	6.3367e+02	2.2454e+02	-1.2122e+03	5.0030e+02	-2.1812e+02	-1.5049e+03	-1.2713e+03	4.4639e+02	-7.1069e+01	-6.8222e+02	-3.4878e+02	5.5977e+01	-1.1231e+03	5.2719e+02	1.5705e+03	1.0438e+03	-6.7393e+02	9.0236e+02	8.8283e+02	-2.0827e+02	4.5045e+02	1.3102e+03	-9.9476e+01	5.1169e+02	-3.2017e+03	-6.0753e+02	2.7485e+02	-1.8300e+02	-3.3712e+02	1.4085e+03	-8.2688e+02	2.9172e+02	8.5269e+02	1.0403e+03	1.9181e+02	4.4305e+02	1.5044e+03	8.8006e+02	9.7367e+02	3.5216e+02	-9.7326e+01	7.8038e+01	5.8039e+02	3.2168e+02	7.6702e+01	2.6067e+02	-9.8688e+02	2.9064e+02	-3.9051e+02	2.8377e+02	-4.6075e+01	-1.1629e+03	-1.2207e+03	-5.6792e+02	4.5060e+02	-6.4232e+02	-3.6960e+02	-1.8295e+03	6.8923e+02	-6.7488e+01	-7.7947e+02	-9.6361e+01	9.1677e+02	1.9493e+02	7.5057e+02	6.7764e+02	4.1124e+02	9.9886e+01	1.9947e+02	-4.5996e+02	-2.6514e+03	-1.9967e+03	-1.0300e+03	-1.2025e+02	1.3072e+03	1.9763e+02	-4.8858e+01	-8.2374e+02	1.1519e+03	-1.4560e+03	3.2789e+02	7.3751e+02	3.0738e+02	-6.9763e+02	-7.8634e+02	3.2472e+02	-2.7235e+02	1.2056e+03	4.2774e+02	-2.5516e+03	-5.9486e+01	5.7452e+02	7.0080e+02	-1.4670e+03	-2.1928e+02	-1.2915e+03	-1.3097e+03	-4.6677e+02	6.8697e+02	-1.9165e+03	-2.8406e+02	8.5342e+01	-1.5977e+03	-5.7913e+02	-1.5193e+03	-1.4906e+03	-3.9280e+02	1.3017e+03	-1.8103e+03	4.7398e+01	1.0881e+03	-3.7524e+02	-1.1162e+03	-2.8417e+00	-1.6267e+03	-9.0980e+02	3.4729e+02	-3.9124e+02	1.9900e+03	-1.3897e+03	-4.0602e+02	8.7275e+02	1.5238e+03	-1.4619e+03	3.6780e+02
1.8000e+05	1.7871e+03	-3.9872e+03	5.7614e+02	2.0361e+03	-4.3129e+02	4.3914e+01	-1.9184e+03	1.8872e+03	-1.5399e+02	9.9143e+02	3.4863e+03	-6.0621e+02	-2.0245e+03	1.7012e+03	-1.2863e+03	2.1839e+03	-9.0703e+02	2.8185e+03	-3.9680e+03	2.6600e+03	-8.6555e+02	-7.7269e+02	-3.1863e+03	2.4549e+03	5.9196e+02	3.6600e+03	5.5829e+02	-5.2449e+02	1.3633e+03	-9.5647e+02	-1.2683e+03	-4.2372e+02	-1.3189e+03	-3.9107e+03	-1.7062e+03	2.5522e+02	1.3569e+03	3.4674e+03	2.3143e+03	1.2792e+03	-9.6982e+02	1.5827e+03	2.4587e+02	-2.0055e+03	3.5593e+02	-1.5361e+03	2.5600e+03	-6.6767e+02	1.3693e+03	-1.0219e+03	3.5181e+03	2.4492e+03	3.9704e+02	2.1691e+03	-5.2007e+02	5.3120e+02	1.0492e+03	6.0272e+02	3.1868e+03	-9.5568e+02	-9.1019e+02	-7.8375e+02	1.6460e+03	9.3945e+02	-5.9830e+02	5.9896e+02	3.6847e+02	2.3605e+03	2.0123e+03	-9.1604e+02	-2.0983e+03	6.2140e+02	3.6405e+02	1.2651e+03	1.0414e+03	3.0747e+03	1.3813e+03	-4.7648e+02	3.8076e+02	-2.6352e+03	1.0290e+03	-1.4668e+03	-1.4602e+03	-1.5835e+03	-1.5796e+03	1.2588e+03	2.1951e+03	1.4522e+03	2.7196e+03	2.2543e+01	3.2507e+02	-7.3494e+01	1.8907e+03	5.0901e+02	-1.9235e+03	8.9689e+02	1.8679e+02	1.4821e+03	9.0975e+02	8.6599e+02	-7.0270e+02	-8.1489e+02	2.3142e+01	9.4316e+02	-2.3673e+03	1.4509e+03	-1.0605e+03	6.2506e+02	-3.1129e+03	3.3427e+02	3.2715e+02	-1.4072e+03	2.2686e+03	-4.7466e+02	-3.0777e+00	-4.8484e+03	-2.1811e+03	8.2375e+02	-1.6631e+03	2.0754e+03	-1.3701e+03	1.2688e+02	-1.1602e+03	-1.4528e+03	-3.2231e+03	2.6029e+03	-1.3612e+03	4.2217e+02	9.5552e+02	-9.2562e+01	-6.3026e+01	5.2841e+02	6.9599e+02	-2.4212e+03	-2.9287e+03	-1.8715e+03	1.4218e+03	6.6656e+02	4.7725e+02	7.7157e+02	1.6574e+03	3.8983e+01	4.5289e+02	-1.2371e+03	1.0847e+03	1.1997e+03	5.2666e+02	3.3979e+03	1.5407e+03	8.3555e+02	1.5400e+03	1.1369e+03	-3.7228e+02	-5.8951e+01	9.4496e+02	-8.3650e+02	-3.4923e+02	-5.1096e+02	4.1222e+03	1.8848e+03	3.4498e+03	1.1655e+03	-4.1738e+01	-1.3273e+03	4.4369e+03	8.1662e+02	4.7972e+02	3.1385e+03	2.7444e+03	-8.2323e+02	8.2191e+02	-2.9415e+02	-7.5727e+02	2.3357e+02	-1.7972e+03	-4.3735e+03	-2.1277e+02	1.5814e+03	3.8300e+03	9.5783e+02	-4.9697e+02	1.6949e+03	1.9875e+03	-7.7078e+01	-1.3255e+03	-6.0939e+02	-5.2642e+02	5.4270e+02	-3.1669e+01	-3.4933e+03	-3.2525e+02	1.4732e+03	-2.4806e+03	-2.2321e+03	4.2272e+03	-4.6288e+02	8.1739e+02	1.1725e+02	-7.9877e+02	-1.5348e+03
2.0000e+05	-1.8909e+03	2.5468e+03	9.6886e+02	-9.3725e+02	1.3554e+03	-1.6013e+03	-1.0124e+03	-1.4597e+03	-1.8161e+03	1.4050e+02	-1.6028e+03	-4.4622e+02	5.4377e+02	-2.0762e+03	-4.1041e+02	9.9034e+01	4.0099e+02	1.0154e+03	-7.5645e+02	-4.6517e+02	-4.5843e+02	2.9148e+00	-9.8438e+02	-1.9032e+03	-7.9692e+02	1.3653e+03	-3.5448e+01	7.0542e+02	-1.5825e+03	-3.6933e+01	-9.9203e+02	-2.1492e+03	-4.6295e+01	-2.0623e+03	3.2539e+02	1.2141e+03	-1.1867e+03	-1.6246e+03	-1.3966e+02	-1.0600e+03	2.1733e+03	-1.6891e+03	-6.2792e+02	1.0503e+03	5.9751e+01	1.2488e+03	9.6272e+02	5.6176e+02	-2.2141e+02	-4.0532e+02	-3.4959e+02	-4.2973e+02	1.1326e+03	1.6260e+03	1.5225e+03	-6.2837e+02	-7.7064e+02	-8.0245e+02	-2.2699e+02	-3.5112e+02	-5.4113e+01	2.1670e+03	5.1218e+01	-1.6991e+02	1.3020e+03	5.6334e+02	-5.1785e+02	6.7365e+02	9.0900e+02	-2.4492e+03	2.9356e+02	-1.3185e+03	4.8960e+02	7.4653e+02	1.0282e+03	5.7192e+02	4.3075e+02	-1.1154e+03	5.0493e+02	-3.2312e+02	-1.3538e+03	-1.0016e+03	4.0427e+02	3.5017e+02	-2.9671e+02	-6.3088e+02	-3.6258e+02	-1.1012e+03	8.6882e+02	1.9238e+03	1.6292e+03	-8.0889e+02	1.4975e+03	1.0204e+03	-5.8108e+02	3.3132e+01	1.1299e+03	-5.6548e+01	7.1405e+02	-2.8239e+03	-5.3530e+02	5.0078e+02	-3.4671e+02	-7.6919e+02	1.3537e+03	-1.1251e+03	-3.4574e+01	1.0616e+03	1.0275e+03	1.2900e+02	1.2270e+02	9.0360e+02	2.0101e+03	3.1086e+02	6.0875e+02	-1.4131e+02	-2.2193e+02	2.6758e+02	2.1357e+02	-1.7502e+02	4.5670e+02	-1.2924e+03	7.8915e+02	-4.6687e+02	4.9890e+02	-1.5213e+02	-1.3158e+03	-1.2848e+03	-8.2931e+02	5.4833e+02	-4.8104e+02	-3.5989e+02	-1.3515e+03	6.4731e+02	-5.3729e+02	-7.3531e+02	-4.4536e+02	9.3795e+02	4.3538e+02	6.9693e+02	9.5114e+02	-6.0655e+01	2.8872e+02	5.7599e+02	-8.4528e+02	-2.8697e+03	-2.1523e+03	-1.2799e+03	-1.8035e+02	1.0690e+03	4.6835e+02	9.2587e+01	-5.0925e+02	1.1068e+03	-1.6437e+03	2.2363e+02	6.2788e+02	-2.7701e+02	-1.1052e+03	-1.4766e+03	2.3450e+02	-9.0862e+02	9.8757e+02	1.0965e+03	-2.4351e+03	1.1708e+01	8.9439e+02	7.3137e+02	-1.6993e+03	-1.4160e+02	-1.6816e+03	-1.1866e+03	-2.8238e+02	1.0339e+03	-2.2462e+03	-5.9782e+02	-1.7137e+02	-1.5716e+03	-5.2451e+02	-1.2957e+03	-9.3906e+02	-1.8376e+02	1.5198e+03	-2.2569e+03	1.2283e+02	7.9051e+02	-2.1006e+02	-1.0134e+03	-3.7459e+02	-1.4141e+03	-7.2869e+02	6.4341e+01	-8.4831e+01	2.0806e+03	-1.3725e+03	1.4282e+02	4.0371e+02	8.9429e+02	-9.0638e+02	5.1986e+02
2.0000e+05	2.4508e+03	-4.0014e+03	8.7543e+01	3.1732e+03	2.8910e+02	5.6703e+02	-1.9222e+03	1.3520e+03	-7.7137e+01	1.0703e+03	3.4124e+03	-5.9957e+02	-2.0695e+03	5.0740e+02	-5.5461e+02	1.9675e+03	-1.0471e+03	2.2266e+03	-2.7872e+03	2.4035e+03	-7.1295e+02	-9.5879e+02	-3.5440e+03	2.2616e+03	6.9625e+02	3.7871e+03	4.8478e+02	-3.6501e+02	2.2311e+03	-1.0984e+03	-1.0478e+03	1.0031e+03	-7.4122e+02	-3.6094e+03	-2.2822e+03	6.6052e+02	1.0628e+03	2.6938e+03	2.4327e+03	1.5073e+03	1.8830e+02	1.7202e+03	6.3531e+02	-3.1681e+03	9.4635e+02	-1.2238e+03	2.4403e+03	-7.0147e+02	4.2996e+02	-1.3001e+03	3.8822e+03	1.6845e+03	-7.8750e+02	2.3003e+03	2.8290e+02	6.2918e+02	2.1168e+03	1.8662e+03	3.7913e+03	-7.0823e+02	-1.0716e+02	-1.1799e+03	1.5135e+03	5.3753e+02	-5.6782e+02	1.2660e+03	6.5321e+02	2.1639e+03	2.4591e+03	8.9394e+01	-2.2841e+03	5.4786e+01	-2.4562e+02	1.0168e+03	9.6106e+02	3.8339e+03	2.2781e+03	-2.4929e+02	2.3426e+02	-2.2542e+03	1.3876e+02	-8.9071e+02	-1.2815e+03	-6.6240e+02	-1.6335e+03	1.7993e+03	2.0954e+03	1.9382e+03	2.7843e+03	1.8769e+02	8.2555e+02	1.0947e+03	8.2973e+02	2.7370e+02	-2.5555e+03	1.0658e+03	1.0743e+03	1.6683e+03	8.4585e+02	1.8224e+03	-4.1988e+01	-1.4786e+03	3.5301e+02	1.7400e+03	-3.1742e+03	3.9736e+02	-6.4249e+02	3.7794e+02	-3.5340e+03	-1.3768e+02	7.4508e+02	-2.0726e+03	1.7796e+03	-1.9972e+02	4.8460e+02	-4.5246e+03	-2.6436e+03	1.7505e+03	-1.9627e+03	2.2862e+03	-1.5046e+03	-1.6620e+01	-1.5565e+03	-5.8955e+02	-3.0046e+03	2.0554e+03	-2.9434e+03	-4.8765e+02	1.2850e+03	-2.5406e+02	-1.7095e+02	-1.2692e+02	-5.3431e+01	-2.7193e+03	-2.5159e+03	-2.8545e+03	1.4708e+03	6.5614e+02	1.2053e+03	1.2666e+03	2.0539e+03	-4.6956e+02	1.1595e+03	-1.5064e+03	1.7542e+03	1.7495e+03	1.0963e+03	3.8736e+03	1.0984e+03	7.4417e+02	8.7851e+02	1.9770e+03	2.9049e+02	2.7869e+02	1.4392e+03	-1.2163e+03	-5.2657e+02	-1.1805e+03	4.9308e+03	8.2837e+02	2.9077e+03	1.4686e+03	4.6845e+02	-1.5911e+03	5.1544e+03	1.2405e+03	-2.1190e+02	4.1933e+03	2.7692e+03	-1.5448e+03	8.7621e+02	6.1647e+02	-5.9190e+01	1.5236e+03	-2.1045e+03	-4.2546e+03	-5.0559e+02	1.9084e+03	4.1126e+03	3.4969e+02	-4.5595e+02	2.0265e+03	2.2938e+03	-1.2090e+03	-1.6860e+03	-8.0183e+02	-4.9120e+02	-4.9797e+01	8.1481e+02	-3.6537e+03	7.9524e+02	1.9724e+03	-2.8868e+03	-1.7735e+03	5.2358e+03	-8.1532e+02	3.8088e+01	-3.5516e+01	-7.0410e+02	-1.9851e+03
