2.0000e+05	9.2791e+04
2.0000e+05	9.2530e+04
2.0000e+05	9.2272e+04
2.0000e+05	9.3326e+04
2.0000e+05	9.3145e+04
2.0000e+05	9.4274e+04
2.0000e+05	9.4550e+04
2.0000e+05	9.5325e+04
2.0000e+05	9.5720e+04
2.0000e+05	9.6511e+04
2.0000e+05	9.7705e+04
2.0000e+05	9.8215e+04
2.0000e+05	9.9981e+04
2.0000e+05	1.0071e+05
2.0000e+05	1.0187e+05
2.0000e+05	1.0246e+05
2.0000e+05	1.0352e+05
2.0000e+05	1.0520e+05
2.0000e+05	1.0590e+05
2.0000e+05	1.0691e+05
2.0000e+05	1.0763e+05
2.0000e+05	1.0854e+05
2.0000e+05	1.0788e+05
2.0000e+05	1.0803e+05
2.0000e+05	1.0833e+05
2.0000e+05	1.0758e+05
2.0000e+05	1.0809e+05
2.0000e+05	1.0753e+05
2.0000e+05	1.0752e+05
2.0000e+05	1.0751e+05
2.0000e+05	1.0694e+05
2.0000e+05	1.0760e+05
2.0000e+05	1.0739e+05
2.0000e+05	1.0744e+05
2.0000e+05	1.0775e+05
2.0000e+05	1.0784e+05
2.0000e+05	1.0743e+05
2.0000e+05	1.0771e+05
2.0000e+05	1.0789e+05
2.0000e+05	1.0806e+05
2.0000e+05	1.0697e+05
2.0000e+05	1.0725e+05
2.0000e+05	1.0837e+05
2.0000e+05	1.0710e+05
2.0000e+05	1.0805e+05
2.0000e+05	1.0740e+05
2.0000e+05	1.0723e+05
2.0000e+05	1.0760e+05
2.0000e+05	1.0764e+05
2.0000e+05	1.0707e+05
2.0000e+05	1.0770e+05
2.0000e+05	1.0755e+05
2.0000e+05	1.0748e+05
2.0000e+05	1.0712e+05
2.0000e+05	1.0792e+05
2.0000e+05	1.0637e+05
2.0000e+05	1.0730e+05
2.0000e+05	1.0703e+05
2.0000e+05	1.0706e+05
2.0000e+05	1.0711e+05
2.0000e+05	1.0654e+05
2.0000e+05	1.0650e+05
2.0000e+05	1.0655e+05
2.0000e+05	1.0734e+05
2.0000e+05	1.0653e+05
2.0000e+05	1.0615e+05
2.0000e+05	1.0639e+05
2.0000e+05	1.0570e+05
2.0000e+05	1.0572e+05
2.0000e+05	1.0580e+05
2.0000e+05	1.0632e+05
2.0000e+05	1.0519e+05
2.0000e+05	1.0531e+05
2.0000e+05	1.0528e+05
2.0000e+05	1.0510e+05
2.0000e+05	1.0508e+05
2.0000e+05	1.0537e+05
2.0000e+05	1.0493e+05
2.0000e+05	1.0489e+05
2.0000e+05	1.0436e+05
2.0000e+05	1.0415e+05
2.0000e+05	1.0448e+05
2.0000e+05	1.0431e+05
2.0000e+05	1.0371e+05
2.0000e+05	1.0433e+05
2.0000e+05	1.0348e+05
2.0000e+05	1.0338e+05
2.0000e+05	1.0338e+05
2.0000e+05	1.0283e+05
2.0000e+05	1.0275e+05
2.0000e+05	1.0264e+05
2.0000e+05	1.0301e+05
2.0000e+05	1.0236e+05
2.0000e+05	1.0232e+05
2.0000e+05	1.0185e+05
2.0000e+05	1.0212e+05
2.0000e+05	1.0230e+05
2.0000e+05	1.0173e+05
2.0000e+05	1.0187e+05
2.0000e+05	1.0173e+05
2.0000e+05	1.0112e+05
2.0000e+05	1.0111e+05
2.0000e+05	1.0074e+05
2.0000e+05	1.0108e+05
2.0000e+05	1.0068e+05
2.0000e+05	1.0060e+05
2.0000e+05	1.0033e+05
2.0000e+05	1.0038e+05
2.0000e+05	1.0046e+05
2.0000e+05	9.9608e+04
2.0000e+05	9.9818e+04
2.0000e+05	9.9605e+04
2.0000e+05	9.9231e+04
2.0000e+05	9.9518e+04
2.0000e+05	9.9245e+04
2.0000e+05	9.8546e+04
2.0000e+05	9.9266e+04
2.0000e+05	9.9110e+04
2.0000e+05	9.8975e+04
2.0000e+05	9.8873e+04
2.0000e+05	9.7972e+04
2.0000e+05	9.8320e+04
2.0000e+05	9.7972e+04
2.0000e+05	9.8001e+04
2.0000e+05	9.7786e+04
2.0000e+05	9.8093e+04
2.0000e+05	9.7453e+04
2.0000e+05	9.7226e+04
2.0000e+05	9.7366e+04
2.0000e+05	9.6991e+04
2.0000e+05	9.7213e+04
2.0000e+05	9.7153e+04
2.0000e+05	9.7130e+04
2.0000e+05	9.6805e+04
2.0000e+05	9.6281e+04
2.0000e+05	9.5919e+04
2.0000e+05	9.6369e+04
2.0000e+05	9.6370e+04
2.0000e+05	9.6250e+04
2.0000e+05	9.6429e+04
2.0000e+05	9.5849e+04
2.0000e+05	9.5562e+04
2.0000e+05	9.5559e+04
2.0000e+05	9.5225e+04
2.0000e+05	9.5911e+04
2.0000e+05	9.5568e+04
2.0000e+05	9.4977e+04
2.0000e+05	9.4748e+04
2.0000e+05	9.5067e+04
2.0000e+05	9.5023e+04
2.0000e+05	9.4998e+04
2.0000e+05	9.4699e+04
2.0000e+05	9.4017e+04
2.0000e+05	9.4538e+04
2.0000e+05	9.4599e+04
2.0000e+05	9.4620e+04
2.0000e+05	9.4200e+04
2.0000e+05	9.4977e+04
2.0000e+05	9.3769e+04
2.0000e+05	9.4345e+04
2.0000e+05	9.4419e+04
2.0000e+05	9.4236e+04
2.0000e+05	9.3764e+04
2.0000e+05	9.4023e+04
2.0000e+05	9.3853e+04
2.0000e+05	9.3697e+04
2.0000e+05	9.3187e+04
2.0000e+05	9.3373e+04
2.0000e+05	9.3172e+04
2.0000e+05	9.3155e+04
2.0000e+05	9.3511e+04
2.0000e+05	9.3445e+04
2.0000e+05	9.3514e+04
2.0000e+05	9.3307e+04
2.0000e+05	9.2719e+04
2.0000e+05	9.3111e+04
2.0000e+05	9.3116e+04
2.0000e+05	9.3093e+04
2.0000e+05	9.2282e+04
2.0000e+05	9.3046e+04
2.0000e+05	9.3252e+04
2.0000e+05	9.2994e+04
2.0000e+05	9.2466e+04
2.0000e+05	9.3054e+04
2.0000e+05	9.3301e+04
2.0000e+05	9.2219e+04
2.0000e+05	9.2692e+04
2.0000e+05	9.2583e+04
2.0000e+05	9.2431e+04
2.0000e+05	9.2748e+04
2.0000e+05	9.2662e+04
2.0000e+05	9.2552e+04
2.0000e+05	9.2756e+04
2.0000e+05	9.2793e+04
2.0000e+05	9.2419e+04
2.0000e+05	9.2842e+04
2.0000e+05	9.2495e+04
2.0000e+05	9.2478e+04
2.0000e+05	9.2368e+04
2.0000e+05	9.2525e+04
