2.0000e+05	9.2171e+04
2.0000e+05	9.3031e+04
2.0000e+05	9.2877e+04
2.0000e+05	9.2502e+04
2.0000e+05	9.3544e+04
2.0000e+05	9.3910e+04
2.0000e+05	9.4662e+04
2.0000e+05	9.4966e+04
2.0000e+05	9.5928e+04
2.0000e+05	9.7507e+04
2.0000e+05	9.7986e+04
2.0000e+05	9.8910e+04
2.0000e+05	9.9387e+04
2.0000e+05	1.0044e+05
2.0000e+05	1.0128e+05
2.0000e+05	1.0245e+05
2.0000e+05	1.0431e+05
2.0000e+05	1.0492e+05
2.0000e+05	1.0574e+05
2.0000e+05	1.0696e+05
2.0000e+05	1.0754e+05
2.0000e+05	1.0882e+05
2.0000e+05	1.0774e+05
2.0000e+05	1.0777e+05
2.0000e+05	1.0805e+05
2.0000e+05	1.0774e+05
2.0000e+05	1.0824e+05
2.0000e+05	1.0730e+05
2.0000e+05	1.0785e+05
2.0000e+05	1.0706e+05
2.0000e+05	1.0685e+05
2.0000e+05	1.0756e+05
2.0000e+05	1.0790e+05
2.0000e+05	1.0782e+05
2.0000e+05	1.0777e+05
2.0000e+05	1.0725e+05
2.0000e+05	1.0766e+05
2.0000e+05	1.0785e+05
2.0000e+05	1.0691e+05
2.0000e+05	1.0753e+05
2.0000e+05	1.0793e+05
2.0000e+05	1.0759e+05
2.0000e+05	1.0801e+05
2.0000e+05	1.0774e+05
2.0000e+05	1.0757e+05
2.0000e+05	1.0763e+05
2.0000e+05	1.0764e+05
2.0000e+05	1.0728e+05
2.0000e+05	1.0743e+05
2.0000e+05	1.0774e+05
2.0000e+05	1.0735e+05
2.0000e+05	1.0704e+05
2.0000e+05	1.0749e+05
2.0000e+05	1.0771e+05
2.0000e+05	1.0737e+05
2.0000e+05	1.0723e+05
2.0000e+05	1.0743e+05
2.0000e+05	1.0662e+05
2.0000e+05	1.0653e+05
2.0000e+05	1.0721e+05
2.0000e+05	1.0670e+05
2.0000e+05	1.0654e+05
2.0000e+05	1.0600e+05
2.0000e+05	1.0672e+05
2.0000e+05	1.0648e+05
2.0000e+05	1.0648e+05
2.0000e+05	1.0623e+05
2.0000e+05	1.0626e+05
2.0000e+05	1.0606e+05
2.0000e+05	1.0607e+05
2.0000e+05	1.0569e+05
2.0000e+05	1.0531e+05
2.0000e+05	1.0576e+05
2.0000e+05	1.0576e+05
2.0000e+05	1.0486e+05
2.0000e+05	1.0483e+05
2.0000e+05	1.0461e+05
2.0000e+05	1.0424e+05
2.0000e+05	1.0486e+05
2.0000e+05	1.0397e+05
2.0000e+05	1.0482e+05
2.0000e+05	1.0457e+05
2.0000e+05	1.0387e+05
2.0000e+05	1.0384e+05
2.0000e+05	1.0335e+05
2.0000e+05	1.0407e+05
2.0000e+05	1.0335e+05
2.0000e+05	1.0373e+05
2.0000e+05	1.0308e+05
2.0000e+05	1.0294e+05
2.0000e+05	1.0280e+05
2.0000e+05	1.0330e+05
2.0000e+05	1.0225e+05
2.0000e+05	1.0253e+05
2.0000e+05	1.0217e+05
2.0000e+05	1.0231e+05
2.0000e+05	1.0175e+05
2.0000e+05	1.0130e+05
2.0000e+05	1.0134e+05
2.0000e+05	1.0158e+05
2.0000e+05	1.0137e+05
2.0000e+05	1.0123e+05
2.0000e+05	1.0165e+05
2.0000e+05	1.0001e+05
2.0000e+05	1.0053e+05
2.0000e+05	1.0041e+05
2.0000e+05	1.0070e+05
2.0000e+05	9.9738e+04
2.0000e+05	1.0062e+05
2.0000e+05	9.9718e+04
2.0000e+05	9.9799e+04
2.0000e+05	9.9919e+04
2.0000e+05	9.9151e+04
2.0000e+05	9.9433e+04
2.0000e+05	9.9069e+04
2.0000e+05	9.9710e+04
2.0000e+05	9.8998e+04
2.0000e+05	9.8611e+04
2.0000e+05	9.8768e+04
2.0000e+05	9.8537e+04
2.0000e+05	9.8613e+04
2.0000e+05	9.8231e+04
2.0000e+05	9.7778e+04
2.0000e+05	9.8191e+04
2.0000e+05	9.7852e+04
2.0000e+05	9.7214e+04
2.0000e+05	9.7541e+04
2.0000e+05	9.7195e+04
2.0000e+05	9.8087e+04
2.0000e+05	9.7162e+04
2.0000e+05	9.7045e+04
2.0000e+05	9.7097e+04
2.0000e+05	9.6873e+04
2.0000e+05	9.6384e+04
2.0000e+05	9.6699e+04
2.0000e+05	9.6937e+04
2.0000e+05	9.6133e+04
2.0000e+05	9.5903e+04
2.0000e+05	9.5846e+04
2.0000e+05	9.5966e+04
2.0000e+05	9.5551e+04
2.0000e+05	9.6140e+04
2.0000e+05	9.5567e+04
2.0000e+05	9.5274e+04
2.0000e+05	9.5396e+04
2.0000e+05	9.5354e+04
2.0000e+05	9.5199e+04
2.0000e+05	9.5499e+04
2.0000e+05	9.5365e+04
2.0000e+05	9.4794e+04
2.0000e+05	9.4562e+04
2.0000e+05	9.4772e+04
2.0000e+05	9.4557e+04
2.0000e+05	9.4929e+04
2.0000e+05	9.4756e+04
2.0000e+05	9.4919e+04
2.0000e+05	9.4704e+04
2.0000e+05	9.4348e+04
2.0000e+05	9.4042e+04
2.0000e+05	9.4256e+04
2.0000e+05	9.4063e+04
2.0000e+05	9.3840e+04
2.0000e+05	9.3742e+04
2.0000e+05	9.3842e+04
2.0000e+05	9.3917e+04
2.0000e+05	9.3667e+04
2.0000e+05	9.3302e+04
2.0000e+05	9.3472e+04
2.0000e+05	9.3093e+04
2.0000e+05	9.3512e+04
2.0000e+05	9.3850e+04
2.0000e+05	9.3301e+04
2.0000e+05	9.3002e+04
2.0000e+05	9.3314e+04
2.0000e+05	9.3135e+04
2.0000e+05	9.2717e+04
2.0000e+05	9.3060e+04
2.0000e+05	9.2935e+04
2.0000e+05	9.2900e+04
2.0000e+05	9.2995e+04
2.0000e+05	9.2678e+04
2.0000e+05	9.2594e+04
2.0000e+05	9.3127e+04
2.0000e+05	9.2507e+04
2.0000e+05	9.2919e+04
2.0000e+05	9.2680e+04
2.0000e+05	9.2779e+04
2.0000e+05	9.2722e+04
2.0000e+05	9.2710e+04
2.0000e+05	9.2803e+04
2.0000e+05	9.3099e+04
2.0000e+05	9.2708e+04
2.0000e+05	9.2722e+04
2.0000e+05	9.2512e+04
2.0000e+05	9.2702e+04
2.0000e+05	9.2475e+04
2.0000e+05	9.1880e+04
2.0000e+05	9.2928e+04
2.0000e+05	9.2577e+04
2.0000e+05	9.2925e+04
