2.0000e+04	2.2952e+02	5.7215e+00	-2.4797e+02	-2.6168e+01	-5.3475e+02	6.8664e+01	-2.2885e+02	4.7331e+02	2.0461e+02	-6.4174e+01	-1.8383e+02	-1.2206e+02	-1.1095e+02	-3.7856e+01	1.5528e+02	2.1240e+02	1.7053e+02	-1.6510e+02	-2.1995e+02	4.1175e+01	-1.9285e+02	3.2023e+02	-8.5866e+01	-2.2126e+02	1.3079e+02	-1.0465e+02	2.4354e+02	-6.9032e+01	4.6300e+01	-3.4068e+02	-2.4648e+02	-1.3135e+02	-4.1182e+02	3.9369e+00	5.5407e+01	-4.4033e+02	1.0799e+02	2.7944e+02	5.5216e+02	1.7007e+02	-4.9692e+02	3.5874e+02	2.7763e+02	-1.1913e+02	-2.5490e+02	-6.3034e+02	4.7648e+01	-3.0991e+02	1.3564e+02	-5.7395e+01	1.8679e+02	-6.7160e+01	-4.8090e+02	2.5439e+02	-9.6638e+01	-8.5062e+02	-1.3515e+02	-2.2381e+02	-9.4054e+01	-3.7732e+02	-7.0056e+01	-3.7431e+01	2.2683e+02	-1.2185e+02	-3.8058e+02	8.4484e+01	-1.9558e+02	-2.2000e+02	2.0806e+02	1.2057e+02	2.5126e+00	-2.7385e+02	2.3376e+02	-1.1055e+02	5.6831e+01	3.1180e+02	-5.2925e+02	-4.9375e+02	-7.5347e+02	1.0936e+02	9.3976e+01	-7.8659e+02	7.0483e+00	-3.4970e+02	8.6950e+02	-5.8333e+02	-5.6792e+00	3.8144e+02	6.6178e+01	1.8453e+02	2.6287e+02	2.8772e+02	-1.6212e+02	-2.2673e+02	9.8326e+02	-4.7138e+02	-4.3340e+02	1.3775e+02	-4.1152e+02	5.2645e+02	3.4559e+01	5.0781e+01	-2.6120e+02	-1.3959e+02	4.1062e+02	-4.9225e+02	-2.1267e+02	2.1123e+02	1.9142e+02	4.4420e+02	-2.1987e+02	2.3459e+02	2.3016e+02	-3.4737e+02	7.7941e+01	-1.8119e+02	-2.7265e+01	-1.7825e+02	-2.7807e+02	-2.3930e+02	3.6966e+00	-1.5878e+02	-4.7205e+02	-2.4389e+02	1.6856e+02	5.8416e+01	2.7749e+02	1.1278e+01	2.9202e+02	-1.7084e+02	-5.9128e+02	-1.3005e+01	2.7389e+02	4.1750e+02	2.9676e+01	8.1222e+02	-5.9979e+02	4.6936e+02	-2.5609e+02	3.2123e+02	-4.2719e+02	-1.1887e+02	-3.8000e+01	-6.3223e+00	1.1696e+02	4.8533e+02	4.3013e+02	-6.9489e+01	3.0743e+01	-4.7776e+02	-4.1239e+02	5.3304e+01	5.5115e+02	2.3852e+02	3.8845e+02	-1.7646e+02	-3.7342e+02	-1.4298e+02	5.4846e+02	-1.3001e+02	4.4409e+02	-2.1744e+02	-7.1142e+02	2.7747e+02	-6.3095e+02	-1.1491e+02	1.4838e+01	2.4143e+02	-3.7300e+02	-3.8883e+02	-3.1442e+02	4.4681e+02	6.6359e+01	3.2157e+02	-4.6852e+02	1.6613e+02	8.3886e+01	-2.1220e+02	-6.6548e+01	-1.3045e+02	-5.4273e+02	3.5008e+02	-2.2425e+01	1.1574e+02	-2.4482e+02	2.1918e+02	-6.7436e+02	-1.6651e+02	-6.6180e+02	-4.8534e+02	-3.5397e+02	3.9618e+02	-3.3866e+02	-2.7280e+01	4.6700e+02	-1.5099e+02	1.4167e+02	-5.6318e+02	-2.7625e+02	4.8146e+02
2.0000e+04	1.7934e+02	-5.3833e+01	3.1733e+01	2.9826e+02	-1.9758e+02	-8.3663e+01	-5.9645e+02	5.1225e+01	5.2598e+01	1.1238e+03	5.0847e+02	-1.2678e+03	4.4185e+02	-2.7541e+02	9.1445e+02	-6.6815e+02	4.6660e+02	5.4582e+02	3.4705e+02	5.5360e+02	-1.1698e+02	-8.8823e+01	-6.1512e+02	3.7065e+02	1.0303e+03	5.6936e+02	8.0805e+02	-1.6199e+03	-4.4819e+02	1.9692e+02	-1.5444e+03	1.9750e+02	-2.5760e+02	6.0135e+02	-8.7786e+01	-6.0127e+02	-4.3680e+02	-6.4592e+01	-4.0736e+02	-7.7182e+02	-5.3095e+02	-8.6157e+02	6.1288e+02	-9.5364e+02	-7.0975e+02	-1.8997e+02	-5.6098e+02	1.6823e+03	7.8838e+02	3.2176e+02	-3.2613e+02	1.2271e+03	2.4448e+01	-2.2834e+02	4.1779e+02	-4.0283e+02	8.6474e+02	-1.0955e+03	-6.6833e+02	3.0175e+02	7.2252e+02	5.1072e+02	-3.6556e+02	-5.3006e+02	7.0533e+02	1.2837e+03	4.8404e+02	7.8222e+02	-2.2328e+02	5.1289e+02	2.7548e+02	-3.8627e+02	3.7711e+02	2.3207e+02	-6.3206e+02	1.3612e+02	6.4142e+02	4.2284e+02	2.0562e+02	-1.0579e+03	-2.7438e+02	-4.1637e+02	5.9802e+02	2.7999e+02	-2.9320e+02	2.1259e+02	-4.1863e+02	3.8286e+02	-7.4902e+02	1.3521e+03	-1.6512e+02	2.7617e+02	-1.7063e+03	5.9912e+02	3.8776e+02	-1.1180e+03	5.6193e+02	-3.4516e+02	-2.9953e+02	-9.0583e+02	2.5762e+02	2.8578e+02	7.1850e+02	8.3493e+02	8.0815e+02	4.6671e+02	5.0412e+02	1.5831e+02	3.4447e+02	1.5982e+03	6.4129e+02	-5.9793e-01	-8.5279e+02	-3.1312e+02	2.8617e+02	5.1623e+02	-8.7890e+02	1.1096e+03	4.5643e+02	-1.2015e+02	6.6799e+02	8.7837e+02	-8.1020e+02	2.2281e+02	6.6588e+02	9.7155e+02	-3.7257e+00	-8.8909e+02	-9.3796e+02	6.2626e+02	-4.1585e+02	3.8303e+02	5.5339e+02	-4.3535e+02	-1.4484e+03	-8.5844e+00	9.5816e+02	4.0470e+02	1.0486e+02	-1.3259e+02	6.8353e+02	1.0554e+03	6.8955e+00	7.4527e+00	7.1897e+02	1.7895e+01	-1.3833e+03	-1.8535e+02	8.4917e+02	2.4863e+02	1.1505e+02	7.1561e+02	-1.3154e+02	5.3566e+02	-1.0034e+03	-7.2071e+02	9.2821e+02	8.1311e+02	-3.5080e+02	8.6449e+02	3.5677e+02	-6.1390e+02	4.0067e+02	1.0441e+02	-3.3429e+02	-1.1554e+03	-7.0113e+02	-7.1915e+02	-6.4310e+02	-7.5541e+01	-2.3627e+01	-1.0582e+00	1.0101e+03	-5.3582e+02	1.1085e+02	3.8795e+02	6.1006e+02	2.8891e+02	-9.8085e+01	1.6120e+03	2.2480e+02	6.5283e+02	-3.4914e+02	-5.8433e+00	2.8706e+02	9.5535e+01	-6.6327e+02	6.5606e+02	-8.9967e+01	3.2335e+02	-6.6718e+02	6.0137e+02	-5.1570e+02	2.9892e+02	3.8074e+02	5.7203e+01	-1.4405e+02	-5.4235e+00	8.3921e+01	7.4518e+02
4.0000e+04	9.2769e+01	-1.5941e+02	-5.2337e+02	3.9096e+02	-6.8273e+02	2.5332e+02	-3.3571e+02	-9.1290e+01	-5.5877e+02	2.5331e+02	-7.2453e+02	-2.0018e+02	-1.2910e+02	1.6439e+02	2.1015e+02	3.6390e+02	-9.4892e+01	1.7883e+02	7.2072e+02	-5.4392e+02	-1.5074e+02	1.7112e+02	-3.7199e+02	-1.1716e+03	1.1839e+02	8.9553e+01	1.0679e+02	1.4543e+02	-2.6290e+02	-3.0011e+02	5.8663e+01	2.6779e+02	-3.9773e+02	-3.0443e+02	-6.4181e+02	-6.5956e+02	1.5137e+02	3.4034e+02	-4.6688e+01	9.9111e+01	-2.8166e+02	4.3489e+02	4.8146e+02	-3.4138e+02	-2.5988e+02	2.5194e+02	1.0020e+02	-2.6004e+02	4.1845e+02	-3.2149e+02	4.1040e+02	-3.2224e+01	-6.7726e+02	4.4856e+02	-2.7430e+01	-5.9794e+02	-4.1847e+02	-3.1060e+02	-4.0567e+02	-6.8193e+02	-2.7400e+02	-9.3001e+01	2.0187e+02	-8.0728e+02	-3.5608e+02	1.0519e+02	-4.5834e+01	2.5631e+02	-2.4370e+02	-5.7187e+01	-9.7550e+01	1.6488e+02	6.4795e+02	-1.4794e+02	1.4852e+02	-2.8166e+02	-3.7990e+02	-6.0802e+02	-8.7699e+02	-2.0524e+02	2.0563e+02	-9.3520e+02	1.3681e+02	-2.8873e+02	1.0367e+03	-1.3209e+03	1.0958e+01	3.5421e+02	1.4633e+02	6.8400e+01	8.1265e+02	1.7014e+01	1.5887e+02	-1.3647e+02	1.0803e+03	-5.2215e+02	-4.2316e+02	4.1141e+02	7.2923e+01	7.2521e+02	5.0152e+02	1.7628e+02	-3.6210e+02	-3.2306e+02	5.5574e+02	-1.0578e+03	-5.6412e+02	3.3251e+02	-1.2810e+01	6.5413e+02	-1.0855e+02	1.7225e+02	2.1931e+02	-2.5330e+02	-6.3707e+02	-3.4130e+02	-4.9092e+01	-1.4334e+02	1.7073e+02	-6.1219e+01	-9.5232e+00	-4.4300e+02	-1.6497e+02	-1.2241e+02	-2.1673e+02	-2.6829e+00	2.7342e+02	7.2624e+01	-2.2488e+02	-2.2783e+02	-1.1363e+03	-5.4190e-01	7.9112e+01	1.6799e+02	-2.7176e+02	7.7937e+02	-6.2284e+02	4.6131e+02	-3.5677e+02	-4.7437e+01	-1.2030e+03	-1.9605e+02	-2.5040e+02	-4.7187e+02	9.2018e+01	1.3239e+03	5.0045e+02	-4.6323e+02	-1.0625e+02	-4.2497e+02	-3.1068e+02	1.3236e+02	6.4342e+02	4.7524e+02	1.1860e+02	-1.5490e+02	-7.0527e+02	5.7690e+02	8.3916e+02	-2.2124e+02	4.2807e+02	3.4376e+02	-6.4587e+02	-2.5674e+02	-5.0421e+02	-3.0587e+02	-3.1082e+02	7.2263e+01	-1.1117e+03	-8.0674e+02	4.3861e+02	6.2754e+02	-1.2051e+02	2.8998e+02	-8.4110e+02	-6.2077e+01	1.0705e+02	-3.8000e+02	-2.9793e+02	4.3339e+01	-1.3818e+02	1.0498e+03	-5.8084e+02	3.5675e+02	3.2944e+02	3.9923e+02	-8.2739e+02	3.0949e+01	-6.9320e+02	-4.4224e+02	-6.6728e+02	1.4574e+03	-1.0210e+02	-6.9546e+01	6.2232e+02	-7.5195e+02	5.0734e+02	-6.1422e+02	-5.6375e+02	3.4438e+02
4.0000e+04	-4.3917e+02	2.7541e+01	-2.7541e+02	1.0889e+03	1.0596e+03	-4.3012e+02	4.3828e+01	6.7487e+02	-2.7542e+02	4.7994e+02	7.7831e+02	-2.0885e+03	5.6697e+02	1.2333e+01	1.4241e+03	2.1929e+02	5.2701e+02	6.0392e+02	5.2087e+02	9.1124e+02	2.9537e+02	2.9775e+02	-1.9292e+02	1.2525e+03	1.0078e+03	1.3868e+03	-1.3414e+01	-2.1951e+03	-4.1051e+02	1.2970e+03	-2.0493e+03	9.3926e+02	-3.9389e+02	7.5433e+02	5.2740e+02	-3.5644e+02	-3.0346e+02	-6.9668e+02	4.1387e+02	-1.6959e+03	-1.8588e+03	-1.0931e+02	1.9065e+03	-1.4103e+03	1.1278e+02	-4.4067e+02	-1.2483e+02	2.3294e+03	4.4995e+02	4.0006e+02	-2.0879e+02	1.6885e+03	-7.5292e+02	-3.4356e+02	1.0597e+03	-4.5180e+02	1.2365e+03	-1.2058e+03	-6.4851e+02	-1.9706e+02	1.0290e+03	1.0363e+03	-6.2824e+00	8.5598e+02	7.1721e+02	1.8191e+03	1.0611e+03	5.0903e+02	-6.5662e+02	-9.9486e+00	4.7084e+02	4.4303e+02	1.5051e+03	-1.2769e+02	-3.2346e+02	-6.6310e+02	-4.6030e+02	4.1958e+02	6.3119e+02	-1.0370e+03	-6.7645e+02	-8.1570e+02	1.4425e+03	-7.4890e+02	-7.5843e+02	9.1049e+02	-4.0776e+02	5.2114e+02	5.2411e+02	1.0099e+01	-5.1336e+02	8.0884e+02	-1.1495e+03	-5.5113e+02	6.0998e+02	-3.8329e+01	1.2457e+03	-2.0222e+02	-1.5502e+03	-1.0100e+03	2.9398e+02	9.9310e+02	3.9736e+02	2.2996e+02	1.5825e+03	-2.4448e+02	2.4833e+02	-5.9508e+02	7.7587e+02	1.5704e+03	1.9110e+03	2.5254e+01	7.3202e+02	4.2529e+02	6.2372e+01	-2.5608e+02	1.5815e+02	5.6141e+02	1.3896e+02	4.3022e+02	4.8472e+02	7.3249e+02	-3.0288e+01	8.0624e+02	8.8030e+02	9.5262e+02	-2.8374e+02	-7.4316e+02	-1.2907e+03	9.5354e+02	7.6695e+01	-2.0173e+02	6.6019e+02	-3.6641e+02	-1.9443e+03	3.4124e+02	1.2152e+03	-4.1318e+02	-6.9375e+01	3.6588e+02	1.5795e+02	1.3967e+03	-5.6233e+02	2.7343e+02	4.3800e+02	-6.6700e+01	-1.2310e+03	-4.5392e+02	1.0003e+03	-5.2118e+02	-5.6378e+02	5.0415e+02	8.8529e+01	1.1691e+03	-6.9700e+02	-1.5429e+03	5.1081e+02	4.5908e+02	-1.5411e+02	5.2571e+02	-2.4898e+02	-1.1451e+03	5.7718e+02	-7.5599e+02	-5.1992e+02	-1.9456e+03	3.5248e+02	-7.7441e+02	-1.6305e+03	-7.3499e+02	-3.3679e+02	-3.4295e+02	1.3512e+03	-5.4851e+02	-1.0553e+03	3.3191e+02	1.6532e+03	5.7256e+02	7.0871e+02	2.1069e+03	-4.1079e+02	2.0039e+03	-7.4436e+02	1.0083e+02	-1.7588e+02	7.3146e+02	-8.7284e+02	8.8853e+02	9.3601e+01	-3.3249e+02	-9.5739e+02	-9.4992e+01	2.8751e+02	2.3305e+02	8.4691e+02	1.4196e+02	-6.5018e+02	1.4350e+03	3.1559e+02	1.3821e+03
6.0000e+04	3.4016e+02	-1.3638e+02	-2.4944e+02	-2.9470e+02	-7.9364e+02	5.5021e+02	1.7058e+02	-2.2428e+01	-5.0827e+02	2.8368e+02	-1.1381e+03	-5.0236e+02	3.1984e+02	4.3358e+02	2.9142e+02	3.3481e+02	-5.3891e+02	2.8044e+02	7.3733e+02	-3.2038e+02	1.1914e+02	4.4147e+02	-2.3771e+02	-1.1211e+03	1.2146e+02	3.0892e+01	6.0313e+01	2.9084e+02	-3.5557e+02	-4.6604e+02	3.4372e+02	4.2983e+02	1.3276e+02	-4.7032e+02	-6.3091e+02	-7.5520e+02	-5.7227e+02	3.4752e+02	4.0143e+02	7.1430e+01	-5.1133e+02	8.1803e+01	2.2079e+02	-6.1784e+02	-4.9620e+02	7.2974e+00	-2.6325e+02	2.3146e+01	-5.2732e+00	-1.1622e+02	6.4934e+01	-9.5577e+01	-1.1656e+03	6.6467e+02	-3.7739e+02	-7.8045e+02	-4.4613e+02	-5.1228e+02	-8.4968e+02	-6.0008e+02	1.1559e+02	-3.0334e+02	4.7533e+02	-7.4234e+02	-6.0255e+02	1.5431e+02	3.2832e+02	2.4082e+02	-4.3856e+02	2.4772e+02	4.1417e+02	-2.1967e+02	4.3229e+02	-1.5991e+02	9.1038e+02	-4.4440e+02	-3.7069e+02	-5.0508e+02	-7.9913e+02	4.1565e+02	-1.5278e+02	-1.4797e+03	-3.7548e+02	-5.2963e+02	9.6207e+02	-1.5965e+03	-7.6023e+01	3.6738e+02	4.0160e+02	2.8178e+02	1.5876e+03	-5.4461e+01	3.2522e+02	4.0576e+02	1.0482e+03	-8.7180e+02	-4.4896e+02	2.1461e+02	3.0438e+02	1.0660e+03	4.3283e+02	-2.3404e+02	-3.7228e+02	-4.2877e+02	9.9168e+02	-1.1147e+03	-1.3877e+03	2.2192e+02	-2.8221e+02	8.4100e+02	-2.8470e+02	-6.2938e+01	1.9522e+02	-5.3495e+02	-7.4462e+02	-4.6448e+02	-1.3695e+02	-5.2751e+02	6.4403e+02	-4.7788e+02	-2.7307e+00	-2.9930e+02	2.5492e+02	6.8036e+00	-5.4889e+01	5.2092e+02	3.1085e+02	4.7926e+01	7.0140e+01	-6.1379e+02	-9.1141e+02	7.9969e+01	4.4751e+02	-5.0207e+01	1.1497e+02	3.7140e+02	-7.6736e+02	3.8013e+02	-7.6267e+02	1.1634e+02	-1.0131e+03	1.8500e+02	-7.0495e+02	-1.1459e+03	3.6620e+02	1.6921e+03	7.3172e+02	-2.3231e+02	-4.2608e+02	1.0700e+02	-5.2916e+02	4.9513e+01	4.9092e+02	2.4183e+02	7.1005e+01	-2.9123e+02	-6.6948e+02	8.8904e+02	4.1478e+02	-7.6822e+01	2.7026e+02	4.8768e+02	-8.2241e+02	4.0401e+01	-6.6350e+02	1.1733e+02	-3.7280e+01	1.9456e+02	-9.9564e+02	-7.2660e+02	4.4768e+02	4.8562e+02	3.3754e+02	1.3370e+02	-1.0069e+03	-2.2305e+02	-1.2707e+02	-6.3935e+02	-6.2504e+02	1.3098e+02	-8.0844e+02	9.8175e+02	-8.3257e+02	-1.6155e+02	-7.9834e+00	9.0143e+01	-9.7765e+02	-1.7091e+01	-2.2407e+02	-3.8386e+02	-5.1351e+02	8.8485e+02	3.7531e+02	6.8029e+01	7.2504e+02	-6.3045e+02	2.5451e+02	-5.7716e+02	-3.8648e+02	-2.4423e+02
6.0000e+04	2.8697e+02	3.4144e+02	-7.5217e+02	2.5520e+03	1.9256e+03	2.5184e+02	-1.9624e+02	9.2311e+02	-1.9286e+02	1.0580e+03	4.7845e+02	-2.0031e+03	-5.6388e+01	8.4149e+01	1.3216e+03	7.1072e+02	-2.4531e+02	-4.1800e+02	1.0580e+03	2.3445e+03	7.9655e+02	3.5863e+00	-2.0872e+02	9.4660e+02	1.9857e+03	2.3638e+03	-6.6071e+02	-1.7237e+03	-4.4528e+02	1.0892e+03	-1.5505e+03	5.9092e+02	-7.2894e+02	7.9502e+02	6.4631e+02	-1.9211e+03	-8.4048e+02	-1.2048e+03	-6.9902e+01	-9.3114e+02	-2.7474e+03	-1.2358e+03	2.4130e+03	-6.9964e+02	-1.5953e+02	-1.3097e+03	-8.4578e+02	2.1548e+03	3.5227e+02	2.7096e+02	-5.8417e+01	1.6582e+03	2.8793e+02	-4.6539e+02	4.2318e+02	-1.4561e+03	1.2735e+03	-9.6938e+02	-4.3859e+02	4.5593e+02	1.4787e+03	7.5321e+02	-3.4932e+02	7.1007e+02	8.7254e+02	1.5799e+03	1.5029e+03	-9.1316e+01	6.7010e+01	8.8899e+01	2.1133e+02	1.2949e+03	2.2553e+03	-8.1347e+02	-1.2028e+03	-6.0320e+02	-3.5238e+02	1.4707e+03	7.3328e+02	-8.2006e+02	1.8837e+02	-8.1386e+02	1.4277e+03	-1.1228e+03	-6.2792e+02	1.4189e+03	-6.7639e+02	6.4069e+02	8.0021e+02	-5.1473e+02	-4.8085e+02	9.7669e+02	-1.8396e+03	-5.2481e+02	1.4645e+03	-6.0879e+02	1.1428e+03	6.6426e+02	-1.1333e+03	-1.3312e+03	6.7683e+02	1.5618e+03	1.0022e+03	4.1862e+01	1.8020e+03	3.6147e+02	5.5353e+02	-1.2138e+02	5.4066e+02	2.2887e+03	2.2190e+03	-2.4499e+02	7.2350e+02	5.1050e+02	-7.9435e+01	-2.9116e+02	-6.1121e+01	3.7084e+02	7.9226e+02	3.1867e+02	-1.3444e+02	1.5391e+03	-1.1364e+03	2.9425e+02	6.9030e+02	8.8428e+02	2.8102e+02	-4.1852e+02	-1.6436e+03	4.0555e+02	9.3128e+01	4.3800e+02	1.6305e+03	-8.4779e+02	-1.6993e+03	-3.7172e+02	1.3941e+03	-1.0227e+03	-3.4226e+02	-5.0911e+02	-2.1943e+02	7.9962e+02	-2.9977e+02	-2.5973e+02	3.7569e+02	-1.0967e+02	-1.4826e+03	-3.0402e+02	4.3844e+02	1.8028e+02	-1.2744e+03	1.5451e+03	-9.4304e+01	9.3052e+02	-2.3172e+03	-1.9295e+03	1.5883e+03	4.2996e+02	-7.7655e+02	-7.7897e+00	7.2460e+02	-1.0921e+03	1.1526e+03	-2.0598e+03	-4.0635e+02	-1.6716e+03	-3.7281e+02	-2.0904e+02	-8.5317e+02	-1.1965e+03	-2.5618e+02	-2.1397e+02	2.2464e+03	-1.6678e+02	-1.4055e+03	1.0937e+03	1.7100e+03	6.3516e+02	2.8227e+02	2.4779e+03	-1.5639e+02	1.2899e+03	-7.0749e+02	5.0025e+02	2.1444e+02	7.5981e+02	-9.8566e+02	1.3265e+03	-9.2225e+02	4.2442e+02	-1.0227e+03	2.8069e+02	4.0977e+02	-6.5668e+01	7.9622e+02	-7.2002e+02	-9.3227e+02	1.4268e+03	-3.8353e+02	1.9696e+03
8.0000e+04	1.0571e+02	-3.9984e+02	-3.6942e+02	-3.9916e+02	-8.3032e+02	6.8974e+02	-1.7833e+02	2.5946e+02	-6.9269e+02	8.0596e+01	-8.2528e+02	-1.1187e+03	3.6675e+02	-1.2782e+02	9.0056e+01	1.2928e+02	-1.2065e+02	6.3175e+01	8.7749e+02	-7.7800e+02	2.1920e+02	4.8404e+02	-2.9901e+02	-1.1511e+03	9.0946e+02	-2.3737e+02	-4.3044e+02	1.6909e+02	-4.5896e+02	5.3381e+02	-3.1831e+02	7.4866e+02	-3.1779e+02	-2.2053e+02	3.1328e+01	-3.3767e+02	-8.0575e+02	3.3047e+02	6.6135e+02	1.4187e+02	-7.3566e+02	-1.3127e+02	-5.3287e+02	-7.0341e+02	-7.2083e+02	-1.0611e+03	-4.6375e+02	2.0143e+01	-3.6249e+02	-2.0007e+02	2.7406e+02	-3.1205e+02	-1.2644e+03	3.4393e+02	-8.3949e+02	-1.3580e+03	-6.6429e+01	-4.1588e+02	-5.2546e+02	-2.2952e+02	-1.2421e+02	-4.1237e+02	6.3446e+01	-9.4785e+02	-1.0892e+03	2.5054e+02	3.2216e+02	1.1801e+02	-8.1863e+02	3.6755e+02	3.2044e+02	-5.4746e+02	5.2876e+02	-2.1337e+00	1.4102e+03	-3.1192e+02	-1.4152e+03	-3.1483e+02	-1.2902e+03	5.5176e+02	-7.4134e+02	-1.4171e+03	-5.3482e+02	-5.8407e+02	1.5199e+02	-1.5822e+03	-6.4514e+02	4.7814e+02	5.9661e+02	8.4548e+02	2.1818e+03	-1.0165e+02	2.4932e+02	4.2088e+02	9.4985e+02	-1.0108e+03	-4.7909e+02	2.1055e+02	9.1213e+01	1.0074e+03	3.6457e+02	-4.6807e+02	-9.8883e+02	-9.2295e+01	1.0454e+03	-5.3032e+02	-1.4239e+03	2.3643e+02	-1.0732e+03	5.4429e+02	-2.0772e+02	1.3417e+02	3.2543e+02	-6.3257e+02	-6.0368e+02	-2.4216e+02	-1.9376e+02	-3.1773e+02	3.9858e+02	-4.7400e+02	-3.8740e+02	-1.2134e+03	3.6905e+02	3.6770e+02	-6.5815e+01	3.5271e+02	3.8886e+02	-2.3305e+01	-1.7239e+02	-7.4550e+02	-7.9023e+02	3.3888e+02	6.8904e+02	-6.4909e+02	-3.5354e+02	-5.2949e+01	-1.0715e+03	-1.1562e+00	-8.3757e+02	3.4797e+02	-1.0711e+03	4.6719e+02	-7.9170e+02	-7.5730e+02	1.3589e+02	1.2123e+03	7.0552e+02	1.2235e+02	-5.5706e+02	4.4557e+02	-3.5851e+02	-8.4434e+01	2.3747e+02	1.0293e+03	1.5106e+02	-2.0113e+02	-1.2813e+03	1.4039e+02	1.1509e+02	-4.6036e+02	1.2533e+02	3.2007e+02	-4.9932e+02	3.1856e+01	-1.1788e+03	-2.5087e+02	-3.1474e+02	1.5969e+02	-1.7312e+02	-1.1537e+03	2.4301e+02	5.3869e+01	-4.7202e+02	1.1317e+01	-1.4327e+03	-6.0293e+02	-4.1264e+02	-2.4489e+02	-1.4610e+02	2.1368e+02	-1.5258e+02	6.4459e+02	-8.7084e+02	-5.8946e+02	2.1867e+02	9.5348e+00	-1.4051e+03	7.5440e+01	1.9389e+02	-5.5017e+02	-7.9286e+02	1.1494e+03	-6.5965e+01	1.9521e+02	6.8648e+02	-4.4902e+02	1.9805e+02	-6.3475e+02	-5.7391e+02	-6.1875e+02
8.0000e+04	7.5931e+02	1.0849e+02	-4.0202e+02	3.2742e+03	2.7116e+03	3.4761e+02	-5.3970e+01	1.6108e+03	-7.0057e+02	8.6398e+02	4.2452e+02	-1.2903e+03	1.7059e+02	7.8837e+02	1.5042e+03	9.2271e+02	7.7534e+02	3.6050e+01	9.9477e+02	2.1003e+03	5.7381e+02	4.9008e+02	-1.5462e+02	1.0912e+03	1.1089e+03	2.3218e+03	-3.1212e+00	-2.4166e+03	-8.1677e+02	1.0650e+03	-2.3036e+03	7.3845e+02	-1.2897e+03	3.5101e+02	1.3249e+03	-2.1746e+03	-7.9014e+02	-1.9289e+03	-3.0445e+02	-4.9556e+02	-3.3829e+03	-1.7681e+03	2.3954e+03	-9.4305e+02	-5.6135e+02	-3.2306e+02	-1.4669e+03	9.3026e+02	3.8203e+02	7.1678e+02	4.2911e+02	9.1684e+02	-6.2921e+02	-1.1909e+03	1.1862e+03	-1.5482e+03	-3.7055e+01	-4.8352e+02	-7.5226e+02	1.0927e+03	2.5805e+03	2.1982e+02	5.8149e+01	1.0136e+03	1.6658e+03	1.0991e+03	1.8270e+03	1.1839e+03	7.5099e+02	-9.0746e+02	-3.3294e+02	6.1654e+02	2.5293e+03	-1.8178e+03	-1.3171e+02	-8.5600e+02	-3.1999e+02	1.8305e+03	8.6097e+01	-5.5534e+02	2.3102e+00	-1.1194e+03	1.8143e+03	-1.1561e+03	1.3347e+02	1.3978e+03	-6.6161e+02	-6.0294e+01	7.1799e+02	1.0012e+03	-6.8388e+02	1.1305e+03	-2.1365e+03	-1.3233e+03	1.8449e+03	-1.1229e+03	2.3733e+03	1.2201e+03	-1.8783e+03	-1.3504e+03	1.7236e+03	1.7900e+03	1.2422e+03	-5.0036e+02	1.8793e+03	-5.2043e+01	7.8585e+02	5.0230e+02	1.1061e+03	2.5400e+03	2.6368e+03	-5.0824e+02	6.1099e+02	6.8961e+02	-7.3966e+02	-8.0187e+02	3.9344e+02	6.8547e+02	6.3801e+02	-6.6429e+02	-3.7001e+02	1.9166e+03	-1.5696e+03	1.8498e+03	5.9974e+02	9.2418e+02	-3.4585e+02	-8.2341e+02	-1.7235e+03	1.2144e+03	-1.8596e+02	4.5347e+02	1.2964e+03	-2.1186e+02	-1.3588e+03	-3.3192e+02	1.7789e+03	-1.5470e+03	1.4788e+03	6.6433e+01	-6.6408e+02	3.1394e+02	-7.0167e+01	-1.0355e+03	4.5048e+02	-8.3031e+02	-1.4978e+03	3.1318e+02	7.0523e+02	-4.0528e+02	-1.1384e+03	2.0582e+03	-3.5590e+01	1.5231e+02	-2.1621e+03	-1.4142e+03	2.4098e+03	5.8207e+01	-3.8067e+02	4.7449e+02	1.1504e+03	-6.7857e+02	5.4152e+02	-2.2864e+03	-2.9461e+02	-1.7096e+03	1.6126e+02	6.0917e+02	-1.3053e+03	-3.9851e+02	1.8395e+03	6.5334e+02	1.9026e+03	-3.6645e+02	-1.0459e+03	2.0939e+03	2.0597e+03	1.1323e+03	4.1582e+02	3.1329e+03	-1.8100e+02	1.0988e+03	-1.9229e+03	-2.1729e+02	-2.2610e+02	1.9890e+02	7.0038e+01	1.6899e+03	-4.6343e+02	9.8358e+02	-7.4883e+02	1.4461e+02	2.9143e+02	6.2697e+02	1.0921e+03	-1.4539e+03	-3.2849e+02	1.4110e+03	-5.1915e+02	2.0605e+03
1.0000e+05	2.9152e+02	5.4250e+01	-5.3854e+02	-6.3391e+02	-6.3076e+02	7.9658e+02	1.7758e+02	4.0366e+02	-6.5036e+02	-5.1545e+01	-3.6033e+02	-1.1953e+03	6.3873e+02	-6.5181e+02	-3.0426e+02	1.7412e+02	1.8366e+02	7.7370e+01	7.8414e+02	-1.0464e+03	3.2268e+02	1.0221e+03	-2.8618e+02	-1.3772e+03	9.5725e+02	5.3024e+01	-1.1515e+01	-1.2958e+02	-6.8614e+02	1.1550e+03	-2.7461e+02	1.2090e+03	-4.7281e+02	2.5275e+02	-1.4191e+02	6.2080e+02	-1.3636e+03	-2.8739e+02	4.4931e+02	-3.9724e+02	-5.4737e+02	1.5186e+02	-1.2184e+03	-7.5672e+02	-4.8917e+02	-9.7444e+02	-8.2920e+02	3.0610e+01	-3.4368e+02	-2.3163e+02	7.6105e+01	-1.3004e+02	-1.4632e+03	-4.7483e+01	-1.0048e+03	-1.3123e+03	1.7682e+02	-2.9093e+02	-9.3200e+02	-1.3893e+02	-6.0575e+02	1.2520e+02	-1.1455e+02	-2.4266e+02	-1.6623e+03	-8.5325e+01	2.0178e+02	7.6356e+02	-1.1869e+03	-7.5212e+01	8.5963e+02	-3.5573e+02	7.0613e+02	1.4758e+02	1.6675e+03	3.9100e+01	-8.7715e+02	-1.1062e+02	-1.2925e+03	4.2692e+02	-1.1568e+03	-2.0491e+03	-7.3033e+02	-2.6624e+02	1.0362e+02	-1.6153e+03	-8.1243e+02	3.9933e+02	7.5215e+02	1.1179e+03	2.6374e+03	2.8737e+01	5.7935e+02	-1.0997e+01	1.5861e+03	-1.2585e+03	-2.0153e+01	-1.8914e+02	8.8149e+02	5.4488e+02	4.4247e+02	-6.4802e+02	-5.6164e+02	-4.6915e+02	1.0645e+03	-2.9650e+02	-1.2065e+03	1.6907e+02	-1.0652e+03	7.6376e+02	-6.5799e+01	-7.7995e+02	1.7388e+02	-7.8361e+02	-8.6081e+02	-1.8833e+02	7.0543e+00	-5.3292e+02	6.7454e+01	-4.2814e+02	-6.3598e+02	-2.0896e+03	3.3266e+02	1.5824e+02	1.2611e+02	1.7603e+02	6.1034e+02	-9.4671e+00	-7.5990e+02	-1.1045e+03	-4.4543e+02	3.8830e+02	4.6237e+02	-9.8308e+02	-3.2480e+02	-8.7929e+02	-1.2275e+03	-2.8928e+02	-2.6061e+02	-1.6061e+02	-1.4764e+03	-6.1614e+01	-4.4485e+02	-1.0592e+03	-4.4896e+02	1.7211e+03	1.1355e+03	1.5787e+01	-6.9653e+02	5.9154e+02	-4.3624e+02	-7.3385e+02	-3.2474e+02	1.2559e+03	-2.0800e+02	4.7268e+02	-1.7204e+03	1.5146e+01	6.1960e+01	-4.3487e+02	-6.3967e+02	1.3515e+02	-5.4006e+02	5.9025e+02	-1.5117e+03	-1.2450e+02	-4.8349e+02	-4.8269e+01	-5.0164e+02	-1.1899e+03	1.5073e+02	1.7610e+02	-7.6654e+02	-6.0224e+02	-1.5568e+03	-4.1573e+02	-5.0262e+02	1.9230e+01	1.1692e+02	2.9686e+02	3.7111e+02	4.3666e+01	-7.6307e+02	-3.7471e+02	2.2608e+02	8.8604e+01	-1.5401e+03	4.4892e+02	-3.9920e+01	-6.1969e+02	-1.0025e+03	7.9178e+02	-2.2375e+02	7.0243e+02	7.8986e+02	-4.4720e+02	6.7508e+02	-6.1712e+02	-7.0279e+02	-3.1024e+02
1.0000e+05	1.2268e+03	8.0602e+02	-8.1901e+02	2.7924e+03	3.4458e+03	4.6323e+02	9.5609e+01	2.0854e+03	-1.0016e+03	9.3759e+02	-3.1116e+01	-1.5222e+03	7.2086e+02	4.6627e+02	2.1789e+03	-1.2236e+02	1.2904e+03	8.9516e+01	5.9257e+02	1.9134e+03	8.4169e+01	1.0697e+03	-1.7956e+03	1.3827e+03	7.7993e+02	1.9800e+03	-4.6885e+00	-1.9122e+03	-1.4395e+03	7.5663e+02	-2.7032e+03	6.5817e+02	-7.2761e+02	6.1603e+02	1.5535e+03	-1.6176e+03	1.9087e+02	-1.3866e+03	-9.6897e+01	-4.3163e+02	-3.4682e+03	-1.5465e+03	1.1678e+03	-1.6912e+03	-1.2214e+03	2.5609e+02	-1.2802e+03	1.3266e+03	-7.7863e+02	1.1616e+03	5.2347e+02	7.1513e+02	2.2262e+02	-8.5707e+02	2.6118e+03	-2.4968e+03	-1.4544e+02	-1.5838e+02	-4.2248e+02	1.7024e+03	2.4987e+03	-2.1033e+02	-5.3031e+01	7.9404e+01	4.4269e+02	9.9645e+02	1.7525e+03	1.0066e+03	-8.1926e+01	3.2181e+01	-4.4239e+02	2.6357e+02	2.2961e+03	-7.7195e+02	-3.8459e+02	-7.7581e+02	3.6682e+02	2.2243e+03	-2.4037e+02	-6.3468e+02	-8.5601e+02	-1.5376e+03	9.9278e+02	-7.6111e+02	-1.4055e+02	1.5660e+03	-1.3424e+02	3.3036e+02	1.9533e+03	1.8722e+03	-6.6907e+02	2.0279e+03	-2.4768e+03	-7.6547e+02	2.5677e+03	-1.2085e+03	2.9353e+03	1.7911e+03	-1.8001e+03	-2.4934e+03	1.2917e+03	1.1470e+03	9.1712e+02	-1.0772e+02	2.5092e+03	-2.6889e+02	1.1758e+03	1.1820e+03	1.5009e+03	1.5311e+03	2.6574e+03	-1.5257e+03	1.1726e+03	1.4132e+03	-5.3463e+02	-1.6523e+02	8.4181e+02	-5.5353e+01	9.0939e+02	-9.8900e+02	-9.8522e+02	3.0262e+03	-1.0004e+03	1.3027e+03	7.1957e+02	8.7477e+02	-3.2426e+02	-9.6817e+02	-2.0637e+03	1.3211e+03	-6.6914e+02	6.4135e+02	2.1381e+02	-1.1118e+02	-2.1657e+03	-1.2911e+03	2.1828e+03	-1.1968e+03	1.9784e+03	-7.8407e+02	-8.0809e+02	-1.7043e+02	-6.1142e+02	-1.8154e+03	4.0423e+02	-1.6186e+03	-1.2941e+03	3.3084e+02	9.8139e+01	7.5717e+01	-1.3977e+03	1.6172e+03	5.0259e+02	4.5402e+02	-2.2290e+03	-1.1648e+03	2.6929e+03	8.6736e+01	-4.2097e+02	2.1597e+03	5.2148e+02	-1.1565e+03	1.6166e+03	-2.3853e+03	-8.6604e+02	-2.2163e+03	6.0380e+02	9.1385e+02	-1.1515e+03	1.5251e+02	1.4798e+03	9.0538e+02	1.3203e+03	4.2324e+02	-1.6446e+03	1.8485e+03	1.2926e+03	4.4179e+02	3.7705e+02	3.0511e+03	-7.4448e+02	5.1592e+02	-2.0727e+03	-7.3402e+02	-5.9673e+02	-1.3998e+02	-2.6211e+02	1.7631e+03	4.0232e+02	2.9723e+02	-1.3650e+03	9.5503e+02	-3.8993e+02	6.3949e+02	4.2269e+02	-1.4414e+03	2.9559e+02	1.2774e+03	-7.9503e+02	8.9711e+02
1.2000e+05	-1.0199e+02	2.2622e+02	-1.0037e+03	-7.3595e+02	-2.5734e+02	1.9864e+02	-1.9858e+02	3.2215e+02	-8.8780e+02	1.1465e+02	-4.5392e+02	-1.0084e+03	8.8278e+02	-3.5502e+02	-5.9297e+02	-4.2137e+02	-5.0387e+01	1.3336e+02	9.0420e+02	-5.3531e+02	-3.3026e+02	7.8986e+02	-1.1744e+02	-1.6563e+03	1.0386e+03	-6.7657e+02	1.6912e+02	-2.2759e+02	-8.8749e+02	1.3398e+03	-1.0556e+01	1.2343e+03	1.1915e+02	3.8231e+00	-9.4930e+01	5.6276e+02	-1.2238e+03	5.7871e+02	1.0999e+02	-4.3846e+02	-1.1483e+03	-1.0057e+01	-4.8799e+02	-8.9724e+02	-5.8915e+02	-4.2733e+02	-1.0902e+03	1.7512e+02	-5.9702e+02	-6.5830e+02	3.4742e+02	3.1507e+02	-1.5476e+03	7.4209e+02	-8.8825e+02	-1.2225e+03	-6.5252e+02	-1.5460e+02	-1.1607e+03	-1.5734e+02	-5.4791e+02	-1.7436e+02	2.5491e+02	-3.3873e+02	-1.4542e+03	2.1531e+02	2.9413e+02	1.2579e+03	-1.2328e+03	-6.8493e+02	4.1462e+02	-2.3456e+02	7.6485e+02	-3.0757e+02	1.7891e+03	-7.4516e+01	-6.9813e+02	5.6834e+01	-1.7652e+03	8.4564e+02	-1.5378e+03	-1.8747e+03	-1.3423e+03	8.7774e+01	5.0544e+02	-1.1760e+03	-9.5868e+02	1.2484e+02	7.9975e+02	1.4873e+03	2.5578e+03	-4.7742e+02	2.7844e+02	-9.9942e+01	2.0609e+03	-1.0241e+03	2.8936e+02	-2.2739e+02	1.2510e+03	1.6200e+02	2.5318e+02	-3.2210e+02	-9.4807e+01	-6.0372e+02	8.7238e+02	2.8859e+02	-1.5015e+03	-1.2976e+02	-1.2805e+03	9.0534e+02	-5.2697e+02	-9.4486e+02	7.8679e+02	-9.3251e+02	-1.1658e+03	2.6152e+02	-1.6079e+02	-9.8681e+01	4.5568e+01	-2.5345e+02	-3.7622e+02	-2.4634e+03	1.0483e+02	2.0209e+00	2.9086e+02	5.8757e+02	5.0179e+02	2.0765e+01	-4.4203e+02	-1.7811e+03	-8.7254e+02	1.7853e+02	6.8649e+02	-7.6356e+02	-7.9923e+02	-9.5290e+02	-1.0672e+03	-1.2704e+02	-5.6412e+02	-2.3287e+02	-1.1197e+03	-6.0560e+01	-1.9500e+02	-8.6644e+02	-3.2264e+02	1.8462e+03	1.2180e+03	1.0711e+02	-6.1704e+02	7.7508e+02	4.7291e+02	-1.2221e+02	-4.1863e+02	1.6007e+03	-5.2046e+02	5.7856e+02	-2.2672e+03	-2.6794e+01	-1.4215e+02	-1.0912e+03	-1.8789e+03	8.3993e+01	-5.0025e+02	4.2980e+02	-1.7347e+03	3.1488e+02	-4.4597e+02	1.3791e+02	1.7386e+01	-1.4283e+03	3.9455e+02	1.6142e+02	-1.2016e+03	-5.1329e+02	-1.1936e+03	-3.5975e+02	-6.2227e+02	-9.6825e+01	3.9132e+01	4.1864e+02	-2.2529e+01	-1.4258e+02	-5.5730e+02	-3.4693e+02	4.0823e+02	-3.7562e+02	-1.4503e+03	1.7096e+02	3.3865e+02	-1.3394e+03	-1.2380e+03	5.1508e+02	-7.8682e+02	6.6291e+02	8.3451e+02	-1.5668e+02	8.3825e+02	-9.1298e+02	-7.7219e+02	-7.1789e+02
1.2000e+05	4.1643e+02	3.8201e+02	-1.3842e+03	3.3356e+03	3.9015e+03	5.2523e+02	4.8136e+02	1.3379e+03	-1.5746e+03	4.4533e+02	1.0688e+03	-1.3925e+03	1.6590e+03	8.0322e+02	2.6481e+03	-4.0331e+02	1.8640e+03	8.0219e+01	7.1316e+02	2.5315e+03	1.2196e+02	-4.6770e+02	-3.2345e+03	8.2901e+02	2.3397e+03	2.8050e+03	-4.1021e+02	-2.3564e+03	-2.2068e+03	8.5235e+02	-2.8325e+03	4.6418e+02	-6.3641e+02	5.3791e+02	1.1207e+03	-2.2948e+03	-4.4424e+02	-9.8316e+02	-2.5349e+02	-1.1031e+03	-3.7099e+03	-2.2596e+03	6.7562e+02	-1.6167e+03	-9.9742e+02	6.5944e+02	-7.7042e+02	1.8058e+03	1.3905e+02	5.6837e+02	4.8663e+01	-2.4383e+02	-7.6541e+02	-9.4218e+02	1.7324e+03	-2.4319e+03	-7.1194e+02	-8.1535e+02	-7.4627e+02	1.4016e+03	2.5101e+03	1.4561e+02	3.7137e+02	1.2694e+02	1.2376e+03	-2.9761e+02	1.6427e+03	9.3670e+02	6.0072e+02	6.6904e+02	-5.8117e+02	-4.8869e+02	2.6104e+03	-1.4929e+03	-2.0337e+02	-5.0499e+02	1.0610e+02	1.5335e+03	-3.3811e+02	3.9770e+02	-1.1392e+03	-7.9948e+02	1.4091e+03	-1.3833e+03	-2.9462e+02	1.5361e+03	-7.9873e+02	-4.7929e+02	1.8760e+03	1.1918e+03	-1.2292e+02	2.0833e+03	-1.3552e+03	-1.2629e+03	2.3288e+03	-1.8840e+03	2.1165e+03	2.6014e+03	-1.3212e+03	-2.0415e+03	2.0448e+03	1.2038e+03	1.9894e+03	6.2249e+01	2.7265e+03	1.1194e+02	3.8695e+02	2.2112e+03	2.2976e+03	1.8348e+03	2.6253e+03	-1.7175e+03	1.1642e+03	2.7173e+03	-5.2427e+02	-6.6850e+02	1.4327e+03	8.3102e+02	4.8818e+00	-1.8132e+03	-1.0282e+03	2.7934e+03	-5.1451e+02	1.8173e+03	3.4651e+02	1.5782e+03	-5.9553e+02	-9.7464e+02	-2.7087e+03	6.6620e+02	-6.1774e+02	7.5567e+02	-5.2890e+02	6.8246e+02	-1.8278e+03	-8.7894e+02	1.3150e+03	-7.5086e+02	1.9092e+03	5.2266e+02	-6.8153e+02	-7.1844e+02	-1.3346e+03	-2.3659e+03	6.8571e+02	-2.0468e+03	-1.0086e+03	1.3489e+03	4.9444e+02	6.1856e+02	-1.7652e+03	1.3044e+03	3.8788e+02	1.0150e+03	-1.0805e+03	-1.0752e+03	2.5744e+03	-2.5617e+02	-7.3143e+02	2.4492e+03	3.7091e+02	-7.9645e+02	1.1530e+03	-1.8807e+03	-6.0863e+00	-1.8950e+03	1.6540e+03	2.0759e+02	-1.4315e+03	2.0825e+02	1.3280e+03	1.0867e+03	1.2069e+03	9.0822e+02	-1.7931e+03	2.5409e+03	1.9526e+03	4.0223e+02	-4.0526e+02	3.5668e+03	-3.7059e+02	5.2957e+02	-2.5252e+03	-1.1269e+03	5.8871e+00	-5.8972e+02	-1.2034e+02	1.4039e+03	6.1252e+02	-1.6107e+02	-1.7148e+03	5.1722e+02	2.1549e+02	4.2890e+02	6.2892e+02	-7.9492e+02	3.8047e+02	2.1893e+03	3.8616e+02	-4.1145e+02
1.4000e+05	1.2885e+02	4.8258e+02	-1.1445e+03	-3.3615e+02	-4.2752e+02	-9.2614e+01	-1.8671e+02	3.5514e+02	-4.6569e+02	1.1649e+02	-3.5787e+02	-1.6605e+03	6.9165e+02	-2.7175e+02	-1.0786e+03	-2.2274e+02	2.8105e+02	1.2496e+02	1.1056e+03	-8.2669e+02	-8.0630e+02	1.3407e+03	-5.0981e+02	-1.9449e+03	1.1900e+03	-8.7812e+02	3.5755e+02	-7.1308e+02	-9.7631e+02	1.2125e+03	4.0097e+02	1.4792e+03	-3.4349e+02	-1.0660e+01	3.3728e+02	3.2253e+02	-1.5475e+03	4.2544e+02	1.0750e+02	1.6138e+02	-1.6032e+03	-8.1574e+02	-1.0201e+03	-8.0375e+02	-7.5524e+02	-3.0913e+02	-8.3091e+02	1.9106e+01	-7.2517e+02	-9.5379e+02	-6.2869e+01	6.2998e+02	-1.7032e+03	1.4530e+02	-3.2732e+02	-1.4909e+03	-7.5051e+02	-5.6832e+02	-1.0182e+03	-8.0487e+02	-5.1195e+02	-6.4232e+02	4.4250e+02	1.1979e+02	-1.7525e+03	4.0989e+02	-2.7656e+02	4.8287e+02	-1.0835e+03	-9.4203e+02	6.9914e+02	-7.8002e+02	6.5546e+02	-3.9411e+02	2.1684e+03	4.4167e+02	-6.5978e+02	-2.0983e+02	-1.7055e+03	5.8584e+02	-1.5582e+03	-1.9530e+03	-1.3850e+03	9.5066e+02	5.7738e+01	-1.0015e+03	-1.1008e+03	7.6482e+02	4.9497e+02	1.0933e+03	2.6451e+03	-6.4945e+02	5.8271e+02	-4.0922e+02	2.0448e+03	-1.3004e+03	7.7383e+02	1.1861e+02	1.4673e+03	1.3156e+02	1.9050e+02	-2.8959e+02	-1.9786e+02	-5.5794e+02	1.4665e+03	2.9987e+02	-2.1090e+03	-4.4349e+02	-1.1706e+03	9.6457e+02	-6.2287e+02	-1.7657e+03	1.2336e+03	-1.1919e+03	-1.3566e+03	2.6504e+02	-5.9243e+02	-5.3406e+02	2.2791e+01	-4.5452e+02	-4.4077e+02	-2.9868e+03	-2.8555e+02	2.2755e+02	2.0849e+02	1.1000e+03	8.6804e+02	5.4588e+02	-5.7049e+02	-1.5920e+03	-1.2415e+03	4.4571e+01	1.2522e+03	-1.2992e+03	-9.6613e+02	-8.6402e+02	-9.6958e+02	-6.6895e+00	-2.1715e+02	2.2377e+01	-5.6889e+02	4.5424e+02	-7.6129e+01	-1.2154e+03	-2.9513e+02	2.0670e+03	1.4487e+03	2.3167e+02	-8.9316e+02	7.5790e+02	9.3875e+01	-4.0503e+02	-1.0946e+03	1.4257e+03	-7.6379e+02	5.4511e+02	-2.6628e+03	-4.0221e+02	-2.3265e+02	-6.4117e+02	-1.8125e+03	2.4409e+02	-6.9755e+02	2.1953e+02	-1.5924e+03	5.6331e+02	-4.7391e+02	-3.3137e+01	2.1206e+02	-2.0707e+03	3.2032e+02	1.6422e+02	-1.5173e+03	-4.1783e+02	-1.4888e+03	-2.2248e+02	-1.4756e+02	3.1544e+02	-9.1832e+01	-2.2931e+01	-5.1208e+02	-1.4991e+02	-7.0028e+02	-1.4874e+02	2.2819e+02	-3.5579e+02	-1.3213e+03	1.7659e+02	2.0787e+02	-1.7016e+03	-1.0221e+03	9.2392e+02	-1.5332e+03	1.4700e+03	6.7359e+02	-2.0091e+02	2.7851e+02	-1.0361e+03	-5.0346e+02	-8.2892e+02
1.4000e+05	8.4027e+02	1.5022e+03	-1.4868e+03	3.1634e+03	4.6222e+03	-1.6889e+02	1.9438e+02	1.2935e+03	-2.6630e+03	-1.8106e+02	6.7156e+02	-1.4093e+02	1.7063e+03	1.1073e+03	2.4633e+03	2.1164e+02	2.0521e+03	-4.3624e+02	9.5632e+02	2.6980e+03	-4.3890e+02	2.4142e+02	-2.8544e+03	1.6275e+03	2.0786e+03	3.0076e+03	-4.5115e+02	-2.0338e+03	-2.1568e+03	-4.1227e+02	-2.5808e+03	1.2704e+03	-1.7978e+02	9.0794e+02	1.5522e+03	-3.0105e+03	-7.0812e+01	-9.6526e+02	-2.4739e+02	-1.3904e+03	-3.7602e+03	-2.5302e+03	8.4796e+02	-1.3037e+03	-9.8199e+02	1.7093e+03	-1.7207e+02	2.0530e+03	-6.0350e+02	1.3590e+03	3.0148e+02	-7.4972e+02	-7.4845e+02	-5.6316e+02	1.1608e+03	-3.0317e+03	-1.6285e+03	-1.0443e+03	-6.3782e+02	1.7553e+03	3.0148e+03	6.1315e+02	7.2546e+02	5.9733e+02	2.0945e+03	-4.6008e+01	1.8943e+03	1.5846e+03	-7.3023e+01	8.0451e+02	1.1006e+02	-1.6939e+02	3.3784e+03	-2.0010e+03	-1.4624e+03	6.2656e+01	-1.7391e+02	1.2227e+03	9.1038e+01	7.6424e+02	-6.5072e+02	-1.7506e+02	2.0005e+03	-1.8579e+03	-3.6856e+02	1.6298e+03	-2.0469e+03	-4.6350e+02	1.4861e+03	1.6178e+03	-5.4154e+01	2.9116e+03	-1.1107e+03	-2.0124e+03	2.0864e+03	-1.3160e+03	1.8680e+03	2.4001e+03	-4.3640e+02	-1.9970e+03	2.6983e+03	6.0056e+02	2.3218e+03	5.2326e+01	1.8182e+03	-1.1572e+03	-1.9516e+02	2.1311e+03	2.6504e+03	1.6966e+03	1.5034e+03	-2.1669e+03	6.9481e+02	2.4793e+03	-1.6126e+03	-1.0412e+03	1.1988e+03	7.8943e+02	-1.3204e+02	-6.4452e+02	-5.5478e+01	2.8092e+03	7.0491e+02	9.6102e+02	2.7176e+02	2.3559e+03	-9.6509e+02	-1.0803e+03	-3.3561e+03	1.1309e+03	-1.5371e+03	5.6422e+01	-9.5342e+02	5.5119e+02	-2.1906e+03	-6.4695e+02	9.0893e+02	-8.1397e+02	8.5777e+02	9.2858e+02	-5.7920e+02	-2.3890e+02	-5.9390e+02	-2.7989e+03	1.8347e+03	-1.9009e+03	-5.8668e+02	1.4540e+03	-2.8865e+02	9.8799e+02	-2.5316e+03	1.4636e+03	1.3314e+03	1.0034e+03	-1.5013e+03	-1.5135e+03	2.5216e+03	-5.0907e+02	-2.0295e+03	3.2107e+03	1.0699e+03	-1.4983e+02	1.3424e+03	-8.1410e+02	-2.0438e+01	-1.3313e+03	2.3941e+03	1.9505e+02	-4.2121e+02	-7.4801e+02	1.5553e+03	6.6418e+02	1.1350e+02	4.5038e+02	-1.5731e+03	3.5269e+03	1.5296e+03	1.0795e+03	-4.3738e+02	3.1843e+03	-5.6876e+02	-7.5850e+01	-2.8590e+03	-1.6310e+03	1.0879e+03	-4.7175e+02	6.3406e+02	1.0071e+03	2.7162e+02	-5.1184e+01	-2.0537e+03	8.2269e+02	-1.3428e+02	1.7861e+03	8.2482e+02	-1.1943e+03	-3.4240e+02	1.6508e+03	4.2713e+02	-7.4583e+02
1.6000e+05	6.8499e+02	7.0196e+01	-1.2054e+03	1.8174e+02	-1.1253e+03	-2.3342e+02	-1.2430e+02	5.9110e+02	-9.4258e+02	4.8506e+02	-7.4010e+02	-2.1440e+03	3.6652e+02	-6.1401e+02	-5.9884e+02	1.4007e+02	-3.4746e+02	-1.4565e+01	1.0603e+03	-3.5428e+02	-9.2357e+02	1.4554e+03	-9.2314e+02	-1.5876e+03	1.1556e+03	-5.4433e+02	1.4568e+02	-4.2862e+02	-3.0273e+02	1.3105e+03	8.7684e+02	1.2302e+03	-7.9466e+02	1.0121e+02	-1.8648e+02	8.0351e+02	-1.4735e+03	4.2514e+02	-8.5495e+01	-1.7450e+02	-1.9439e+03	-1.0308e+03	-1.5392e+03	-3.4968e+02	-7.9317e+02	-4.3384e+02	-9.4202e+02	1.8897e+02	-1.2571e+03	-8.7778e+02	2.1747e+01	3.9696e+02	-1.2854e+03	1.8325e+02	-4.5005e+02	-1.8750e+03	-5.3425e+02	-9.9435e+02	-9.6355e+02	-6.0965e+02	-6.8388e+02	-1.2323e+02	1.5559e+02	-4.3461e+02	-2.0151e+03	7.5562e+02	1.0587e+02	1.5507e+01	-1.4746e+03	-9.3410e+02	1.1225e+03	-6.4550e+02	5.4051e+02	-1.0124e+03	1.3799e+03	4.8809e+02	-9.8019e+02	3.5925e+02	-1.7396e+03	8.0714e+02	-1.2367e+03	-1.5532e+03	-1.7067e+03	6.3213e+02	-2.5989e+02	-1.0362e+03	-3.0744e+02	1.0329e+02	4.6511e+02	6.3389e+02	2.6232e+03	-1.4582e+03	3.7145e+02	-7.8851e+02	1.9892e+03	-8.8193e+02	5.7731e+02	-4.3289e+02	1.2735e+03	2.8317e+02	2.1407e+02	9.1507e+01	-4.1213e+02	-7.2942e+01	1.8487e+03	7.8384e+02	-2.2543e+03	-3.1813e+02	-1.5137e+03	7.4074e+02	-4.9517e+02	-1.8193e+03	1.5595e+03	-9.9163e+02	-1.3578e+03	4.2789e+02	-4.8159e+02	-7.4879e+02	-3.2693e+02	-7.1831e+02	-2.9609e+02	-2.3135e+03	-3.3543e+02	-2.2838e+02	3.2618e+02	8.7331e+02	6.9477e+02	6.2984e+02	-6.8465e+02	-1.2988e+03	-1.0961e+03	-5.6230e+01	1.6422e+03	-1.2303e+03	-1.3609e+03	-1.3846e+03	-1.6357e+03	-4.4983e+01	-1.0787e+03	-2.2422e+02	-1.4296e+02	1.1234e+03	-6.9236e+00	-1.5763e+03	8.7521e+01	2.1472e+03	1.6088e+03	-4.6873e+02	-5.8931e+02	7.6295e+02	4.4115e+02	-2.6838e+02	-1.5845e+03	1.1550e+03	-2.1043e+02	6.6032e+02	-2.2802e+03	4.2710e+01	-1.0558e+03	-2.9787e+02	-1.5743e+03	-8.1336e+01	-4.1097e+02	2.1302e+02	-1.5611e+03	3.5921e+02	-6.3696e+02	1.0361e+03	2.4656e+02	-2.3743e+03	3.9431e+02	4.7633e+02	-1.1811e+03	-1.5304e+02	-1.0750e+03	3.3692e+01	-4.3111e+02	-2.6566e+02	4.4093e+02	-1.2526e+01	-7.9124e+02	-2.0306e+02	-2.1081e+01	9.2558e+01	1.1159e+02	-2.6518e+02	-1.1712e+03	1.4587e+02	8.0490e+02	-1.5043e+03	-1.0419e+03	3.3235e+02	-1.5364e+03	1.1007e+03	9.9404e+02	-7.0965e+02	1.0406e+02	-1.3802e+03	-4.9403e+02	-5.1113e+02
1.6000e+05	1.8236e+03	1.4272e+02	-1.4107e+03	3.3003e+03	4.9289e+03	-5.1198e+01	-6.7004e+02	1.2680e+03	-3.4614e+03	-7.1742e+02	1.5782e+03	1.0517e+01	2.2946e+03	1.9799e+03	2.4073e+03	7.5607e+02	2.6997e+03	-1.6480e+02	1.3545e+03	3.3597e+03	3.3828e+01	6.9395e+02	-1.5590e+03	1.8151e+03	3.3051e+03	3.0679e+03	4.5870e+02	-1.3135e+03	-2.2135e+03	-7.1518e+02	-2.4968e+03	1.1817e+03	-4.5089e+02	1.4979e+02	1.8415e+03	-2.2612e+03	-5.2686e+02	-1.0639e+03	1.6485e+02	-1.4232e+03	-3.9348e+03	-2.0471e+03	6.3952e+02	-1.0067e+03	1.6631e+02	2.2282e+03	2.4520e+02	3.1124e+03	-4.0419e+02	1.9539e+03	1.2062e+03	-5.3575e+02	-8.2838e+02	-6.8069e+02	7.6105e+02	-2.3140e+03	-1.6374e+03	-1.7339e+02	-6.6126e+02	7.5833e+02	3.0653e+03	6.0911e+02	8.4870e+02	1.8138e+02	2.6249e+03	-2.0479e+01	3.2468e+03	2.3038e+03	-9.1527e+02	4.5018e+02	-8.1081e+02	6.0607e+02	3.6724e+03	-2.2721e+03	-1.0136e+03	-7.4798e+02	-1.4472e+03	1.3264e+03	1.5897e+02	9.2948e+02	-1.3575e+03	-1.4202e+03	2.6977e+03	-1.3871e+03	-6.7481e+02	8.6417e+02	-2.7070e+03	-1.0017e+03	1.5113e+03	1.0500e+03	-3.8064e+02	2.6331e+03	-1.4398e+03	-1.7573e+03	2.1586e+03	-1.7826e+03	3.0271e+03	2.5881e+03	-6.8080e+02	-2.2271e+03	2.3170e+03	5.1412e+02	2.1150e+03	-6.2442e+02	2.5818e+03	-1.8629e+03	-2.2363e+02	1.7457e+03	2.0997e+03	2.2425e+03	1.5168e+03	-2.8131e+03	1.8497e+03	2.5344e+03	-1.0972e+03	-9.6917e+02	1.3505e+03	1.5704e+03	-1.5257e+03	-1.3180e+03	8.4915e+02	2.9064e+03	5.5717e+02	7.6798e+02	-8.5723e+01	2.7993e+03	-9.2734e+02	-3.6992e+02	-2.5299e+03	1.2925e+03	-2.0277e+03	2.4443e+02	-1.1182e+03	-2.6463e+02	-2.2620e+03	-1.1251e+03	-1.7173e+02	-7.9916e+02	3.8588e+02	1.4102e+03	6.3964e+02	6.0221e+02	-3.0412e+02	-3.1646e+03	2.0673e+03	-2.6831e+03	-1.4185e+03	1.2005e+03	-6.1117e+01	1.4313e+03	-2.8336e+03	1.3428e+03	2.5445e+02	1.0227e+03	-1.6516e+03	-1.6194e+03	2.6683e+03	-4.6701e+02	-2.1247e+03	3.6774e+03	1.4046e+03	-2.8642e+02	1.0644e+03	-9.5058e+02	-2.8681e+02	-1.4860e+03	2.1280e+03	3.9175e+02	-1.2196e+02	-1.0915e+03	1.1559e+03	5.8869e+02	-3.0950e+02	1.8231e+03	-2.4841e+03	3.0573e+03	8.4309e+02	1.3645e+03	-9.1217e+02	2.8931e+03	-1.2034e+03	-1.0885e+02	-2.9306e+03	-1.2656e+03	1.8264e+02	-3.6368e+02	5.8050e+02	6.6954e+02	6.1515e+02	1.6445e+02	-1.5462e+03	8.4808e+02	1.3933e+03	6.5874e+02	1.3002e+03	-1.4160e+03	-4.6219e+02	1.7671e+03	2.2703e+01	-8.7523e+02
1.8000e+05	2.4647e+02	8.9293e+02	-8.2660e+02	4.2011e+01	-1.8934e+03	3.9393e+01	-2.5941e+02	7.4298e+02	-7.0989e+02	4.2526e+02	-8.3503e+02	-2.2273e+03	5.8286e+02	-1.4703e+03	-1.0129e+03	-1.8493e+02	-3.0838e+02	3.3172e+02	8.6362e+02	-2.7345e+02	-1.2834e+03	1.5316e+03	-7.1424e+02	-1.6346e+03	1.0203e+03	-1.7579e+03	-9.2092e+01	-6.4259e+02	-4.2335e+02	7.4574e+02	1.0177e+03	1.1414e+03	-1.4707e+03	-9.0465e+01	-1.2023e+02	7.9230e+02	-1.4465e+03	4.5641e+02	1.7103e+02	4.7459e+02	-2.6368e+03	-1.1066e+03	-2.0393e+03	-5.8702e+02	-1.0390e+03	-7.4438e+02	-8.0164e+02	2.1260e+02	-9.3950e+02	-8.1108e+02	4.4771e+02	4.0908e+02	-1.8650e+03	2.2052e+02	-9.8188e+02	-2.2516e+03	-5.4875e+02	-1.0341e+03	-1.0094e+03	-8.6560e+02	-1.1421e+03	-2.4728e+02	4.3710e+02	-7.9743e+02	-2.5363e+03	4.9082e+02	6.2979e+01	-3.2761e+02	-1.4074e+03	-6.6879e+02	7.2433e+02	-8.1156e+02	5.3505e+02	-9.4908e+02	1.2162e+03	-1.1671e+02	-6.4561e+02	6.8427e+02	-1.3630e+03	8.8436e+02	-1.7343e+03	-2.5423e+03	-1.6304e+03	9.7464e+01	1.3182e+02	-9.6173e+02	-6.8942e+02	3.0251e+02	4.4355e+02	5.6974e+02	2.8836e+03	-1.3528e+03	3.2449e+02	-4.2246e+02	8.9898e+02	-6.8611e+02	4.0333e+02	-4.9715e-01	1.7492e+03	1.4416e+02	2.9877e+02	4.0305e+02	-5.3209e+02	9.1618e+01	2.5415e+03	6.3327e+02	-2.0452e+03	-2.4524e+01	-1.5680e+03	2.7965e+02	-7.5461e+02	-1.6331e+03	1.3940e+03	-7.1521e+02	-1.3314e+03	-1.5180e+02	-7.8564e-01	-1.4135e+03	-4.0307e+02	-8.1281e+02	3.0876e+01	-2.2463e+03	-1.7916e+02	-2.0754e+02	1.0292e+02	5.8274e+02	3.9820e+02	1.0830e+03	-7.1697e+02	-1.3208e+03	-1.9411e+03	-5.9013e+02	1.6762e+03	-1.7099e+03	-1.7543e+03	-1.7872e+03	-2.1419e+03	4.9441e+01	-6.2478e+02	3.3522e+02	-6.6569e+02	1.6084e+03	-3.9161e+01	-1.5479e+03	4.7707e+02	1.4690e+03	1.2006e+03	-4.4807e+02	-2.1014e+02	1.0139e+03	3.3914e+02	-1.2873e+02	-1.9093e+03	1.1745e+03	-1.9298e+02	1.0573e+03	-1.6261e+03	4.2631e+02	-1.8032e+03	-5.7607e+02	-1.9514e+03	-2.5881e+02	-6.0202e+02	-2.2813e+02	-2.6159e+03	4.3912e+02	-5.2595e+02	7.8624e+02	-4.9301e+02	-2.6642e+03	5.6568e+02	4.3107e+02	-1.7787e+03	1.8380e+02	-8.0020e+02	-9.9137e+01	-4.9506e+02	-6.9729e+01	4.5198e+02	1.9842e+02	-6.3974e+02	-2.3898e+02	2.7919e+02	8.5028e+00	-7.1966e+02	-2.8166e+02	-1.0894e+03	-4.3807e+01	1.2272e+03	-9.4994e+02	-1.2951e+03	4.9007e+02	-1.4937e+03	1.4092e+03	1.2922e+03	3.5689e+01	4.7989e+01	-2.3472e+03	-1.3979e+03	-9.8822e+02
1.8000e+05	7.4768e+02	3.0897e+02	-1.8942e+03	3.5378e+03	5.1406e+03	-1.0303e+03	-8.0779e+01	1.4315e+03	-3.4264e+03	-1.4178e+02	2.3106e+03	-1.3494e+03	2.0643e+03	2.7943e+03	3.7052e+03	1.3148e+03	3.6015e+03	4.2347e+02	1.7423e+03	3.1870e+03	1.6046e+01	1.0624e+03	-1.4749e+03	1.1182e+03	2.7809e+03	2.8357e+03	3.7046e+02	-2.2836e+03	-2.7589e+03	-2.6255e+02	-1.9258e+03	9.5618e+02	-6.3800e+01	1.2363e+03	1.8135e+03	-2.0342e+03	-1.2354e+03	-7.6509e+02	3.0273e+01	-7.9079e+02	-3.2956e+03	-6.7266e+02	9.4701e+02	-1.2135e+03	-1.2502e+03	1.3065e+03	-1.2030e+02	4.2042e+03	-8.7411e+02	2.2074e+03	7.6104e+02	1.7524e+02	-3.2184e+02	-5.1229e+02	2.8328e+02	-2.4970e+03	-1.8715e+03	-2.9901e+02	-1.3437e+03	1.4050e+03	2.9996e+03	-3.9043e+02	1.1987e+03	-2.1807e+02	1.6234e+03	2.2358e+02	2.8331e+03	3.1191e+03	-9.2965e+02	1.0064e+03	-4.2056e+02	4.8094e+02	3.8020e+03	-3.0233e+03	-7.0841e+02	-1.8784e+03	-1.5212e+03	2.3232e+03	6.5528e+02	9.7355e+02	-1.6972e+02	-8.3749e+01	2.7922e+03	-2.0337e+03	-1.1096e+03	8.2945e+02	-2.4932e+03	-8.5024e+02	1.6432e+03	1.4894e+03	-1.0916e+03	2.3104e+03	-1.4149e+03	-1.7700e+03	1.3146e+03	-1.8276e+03	5.0509e+03	1.6348e+03	-1.4436e+03	-1.9946e+03	2.1603e+03	-2.7926e+00	2.3720e+03	-1.7151e+03	2.7400e+03	-1.7559e+03	8.9302e+01	1.9897e+03	1.3371e+03	2.0214e+03	1.9737e+03	-3.3621e+03	2.4995e+03	2.2944e+03	-2.1592e+03	-1.3886e+03	2.1648e+03	2.1824e+03	-2.0587e+03	-9.4419e+02	9.2837e+02	4.0203e+03	7.2387e+02	1.0425e+03	-2.2577e+02	2.7621e+03	-4.1249e+02	-7.6952e+02	-4.1016e+03	2.2653e+03	-2.6478e+03	1.2990e+03	-1.1263e+03	8.3287e+01	-2.6102e+03	-5.0436e+02	3.9256e+02	-1.3003e+02	-1.2276e+01	1.7356e+03	8.5383e+02	1.5253e+03	8.8449e+01	-3.2718e+03	2.1215e+03	-3.3288e+03	-1.4869e+03	1.2167e+03	-9.4285e+02	7.9852e+02	-2.6830e+03	2.1283e+03	1.0097e+03	1.0213e+03	-1.7729e+03	-2.5139e+03	2.6142e+03	5.1558e+02	-1.3354e+03	3.6470e+03	1.4965e+03	5.1129e+02	7.3308e+02	-1.0817e+03	-1.1700e+03	-2.4621e+03	2.1929e+03	-1.3875e+02	7.3008e+01	-2.0948e+03	7.4469e+01	-2.7491e+02	-1.4992e+03	1.5777e+03	-3.2968e+03	3.6952e+03	7.5461e+02	1.9329e+03	-6.6623e+02	1.8370e+03	-1.3352e+03	-6.9734e+02	-3.4071e+03	-1.2703e+03	-7.7415e+02	-4.5428e+02	-3.4023e+02	1.1775e+03	1.9906e+02	-6.9021e+02	-1.8163e+03	-2.6985e+02	1.0428e+03	3.1141e+02	1.5626e+03	-1.1593e+03	-9.2341e+01	2.3613e+03	4.5688e+02	-1.5157e+03
2.0000e+05	-7.6607e+01	7.3720e+02	-4.8732e+02	-1.5994e+02	-1.8074e+03	6.1580e+01	-3.0612e+02	4.8009e+02	-5.4112e+02	5.2403e+02	-7.7845e+02	-2.5952e+03	6.0363e+02	-1.1720e+03	-9.2463e+02	-2.8481e+02	-4.3275e+02	8.5157e+02	8.1250e+02	-4.6986e+02	-1.0545e+03	1.2795e+03	-5.1157e+02	-2.4202e+03	8.1858e+02	-1.9145e+03	-2.7717e+02	-3.2048e+02	-8.8350e+02	5.7010e+02	1.4827e+03	1.7178e+03	-1.1048e+03	1.6631e+02	-2.9582e+02	9.0940e+02	-1.2782e+03	4.8592e+02	3.1341e+02	1.0788e+03	-2.0751e+03	-8.8050e+02	-2.7582e+03	-3.3041e+02	-8.7488e+02	-4.9527e+02	-5.5654e+02	6.8126e+02	-1.0615e+03	-9.4905e+02	4.0169e+02	-8.7020e+01	-1.1795e+03	4.4171e+02	-1.2265e+03	-1.9906e+03	-2.6280e+02	-8.2477e+02	-1.1462e+03	-5.7292e+02	-1.3594e+03	-2.6187e+02	4.6732e+02	-6.9907e+02	-2.3533e+03	5.4624e+02	-4.0883e+02	4.1686e+02	-9.9608e+02	-3.7179e+02	8.5032e+02	-8.5950e+02	5.9978e+02	-6.7718e+02	1.0676e+03	-3.0394e+02	-3.9028e+01	5.6876e+02	-1.6905e+03	1.0056e+03	-1.9130e+03	-2.7474e+03	-1.9612e+03	4.2706e+02	1.6065e+02	-6.5247e+02	-1.4735e+02	-2.3589e+02	3.1308e+02	2.6051e+02	3.1322e+03	-1.8339e+03	2.4123e+02	-3.2075e+02	5.4185e+02	-2.6495e+02	3.4797e+02	-5.4792e+02	1.5584e+03	-2.2302e+02	9.2294e+02	4.1693e+02	-8.6399e+02	5.2857e+02	3.0925e+03	4.2793e+02	-1.1222e+03	-7.0539e+01	-1.5293e+03	8.1668e+02	-1.0578e+03	-1.8856e+03	1.0387e+03	-9.1941e+02	-8.9623e+02	-4.6281e+02	-1.5931e+01	-1.3797e+03	1.4918e+01	-7.9884e+02	6.5622e+01	-1.9216e+03	1.8429e+01	1.5788e+02	-5.9183e+02	1.7884e+02	2.2568e+02	1.1917e+03	-9.8769e+02	-1.0952e+03	-2.1229e+03	-3.3226e+02	1.6891e+03	-1.9410e+03	-1.8581e+03	-1.7500e+03	-1.8081e+03	6.1925e+02	-9.1031e+02	6.6756e+02	-8.4521e+02	1.5934e+03	4.4044e+02	-1.4598e+03	6.2369e+02	1.2957e+03	8.2645e+02	-4.8435e+02	-5.7376e+02	7.0747e+02	1.2723e+02	1.1349e+02	-2.2147e+03	1.4863e+03	-8.0503e+02	1.0709e+03	-1.5221e+03	1.7889e+02	-1.8962e+03	-1.1416e+03	-2.4550e+03	-4.4183e+01	-3.5106e+02	-2.1727e+02	-2.6525e+03	1.1689e+03	-4.5674e+02	7.7117e+02	-2.0896e+02	-2.5160e+03	6.6763e+02	6.6990e+02	-1.9275e+03	2.6603e+01	-7.2310e+01	1.9972e+02	-6.8970e+02	-5.6635e+02	2.0148e+02	-1.5659e+02	-6.1954e+02	-6.1606e+02	5.6191e+02	3.4640e+02	-1.0452e+03	-4.2723e+02	-3.1661e+02	-2.0511e+02	1.2711e+03	-6.7422e+02	-9.4475e+02	2.0924e+02	-1.8098e+03	1.0288e+03	1.3641e+03	4.0214e+02	9.3532e+01	-2.4738e+03	-7.6390e+02	-9.3513e+02
2.0000e+05	2.5999e+02	2.4884e+02	-1.5695e+03	3.6198e+03	4.4480e+03	-7.3762e+02	-2.4354e+02	5.5824e+02	-2.7911e+03	-4.0253e+02	1.7047e+03	-9.4513e+02	2.2458e+03	3.6631e+03	3.7010e+03	1.7323e+03	3.6168e+03	5.7027e+02	2.0464e+03	3.5401e+03	-3.0881e+02	2.0387e+03	-4.7936e+02	1.7532e+03	2.4919e+03	3.6845e+03	5.6160e+02	-1.9305e+03	-2.6579e+03	-2.5057e+02	-1.8724e+03	-3.0813e+01	-1.0217e+03	6.1337e+02	1.2705e+03	-3.3668e+03	-1.4265e+03	-6.1493e+02	2.9238e+02	-1.7443e+03	-2.9781e+03	-1.4552e+03	-2.4187e+02	-5.0013e+02	-1.0389e+03	1.5391e+03	6.4457e+01	4.5973e+03	-1.1008e+03	1.7984e+03	-3.3779e+02	8.6668e+01	-7.8770e+02	-1.0039e+03	-3.0753e+02	-2.1324e+03	-9.5755e+02	6.3767e+02	-1.9448e+03	2.5270e+03	2.1548e+03	-1.2790e+03	2.0947e+03	-2.2703e+02	2.3792e+03	7.9037e+02	2.5542e+03	3.6521e+03	-1.3328e+03	1.6027e+03	-1.8672e+02	6.2323e+01	3.8280e+03	-2.4483e+03	-1.3016e+03	-1.5723e+03	-1.9569e+03	3.4138e+03	1.6137e+03	1.3899e+03	1.5472e+02	-1.2184e+02	2.4999e+03	-1.8256e+03	-1.6575e+03	2.8025e+02	-2.2622e+03	-1.2093e+02	1.9135e+03	1.5300e+03	-1.2008e+02	2.2347e+03	-1.4148e+03	-2.1443e+03	8.9966e+02	-1.3650e+03	4.2260e+03	1.2579e+03	-8.9419e+00	-2.0460e+03	1.8257e+03	3.3829e+02	1.7025e+03	-2.5308e+03	3.4093e+03	-2.4019e+03	6.3227e+02	1.6136e+03	9.1125e+02	1.4955e+03	2.1412e+03	-2.6794e+03	2.4033e+03	2.8697e+03	-1.8208e+03	-2.2181e+03	3.1892e+03	2.7493e+03	-1.7531e+03	-9.3646e+02	1.2431e+03	3.7658e+03	7.1351e+02	5.4987e+02	-7.3870e+02	2.9602e+03	-1.1078e+03	-3.2405e+02	-3.9413e+03	2.0860e+03	-2.0237e+03	1.2137e+03	-1.0694e+03	-2.1825e+01	-2.6283e+03	3.4878e+02	-1.6205e+02	2.7681e+01	-6.5108e+02	2.2203e+03	1.2397e+03	1.7040e+03	-2.5014e+02	-2.9017e+03	2.4975e+03	-4.2986e+03	-1.5302e+03	9.0664e+02	-1.1141e+03	9.7754e+02	-3.3021e+03	1.4884e+03	1.3554e+03	1.0632e+03	-1.5537e+03	-1.6630e+03	2.0322e+03	9.6571e+02	-1.2474e+03	3.4041e+03	1.8168e+03	4.7558e+02	7.4764e+02	-4.2705e+02	-1.2671e+03	-2.3828e+03	2.8261e+03	2.2904e+02	-2.6286e+02	-2.4225e+03	-9.1166e+02	-1.9514e+02	-1.1086e+03	1.2660e+03	-3.1652e+03	3.4725e+03	8.0344e+02	3.0174e+03	-5.9003e+02	1.0222e+03	-1.1030e+03	-1.7233e+03	-4.0226e+03	-2.1908e+03	-3.2528e+02	-8.8983e+02	-7.3251e+02	1.2854e+03	-1.4851e+02	-4.0977e+02	-1.9855e+03	-7.7098e+02	6.0412e+02	6.3726e+02	1.9177e+03	-1.0652e+03	5.3744e+01	2.2579e+03	9.4910e+02	-7.2315e+02
