4000	0	0	1204
4000	0.1	0	1209
4000	0.2	0	1269
4000	0.3	0	1265
4000	0.4	0	1316
4000	0.5	0	1402
4000	0.6	0	1387
4000	0.7	0	1596
4000	0.8	0	1591
4000	0.9	0	1808
4000	1	0	1969
4000	1.1	0	2112
4000	1.2	0	2303
4000	1.3	0	2622
4000	1.4	0	3059
4000	1.5	0	3609
4000	1.6	0	4382
4000	1.7	0	5247
4000	1.8	0	6547
4000	1.9	0	8217
4000	2	0	10296
4000	2.1	0	13394
4000	2.2	0	16563
4000	2.3	0	19111
4000	2.4	0	19440
4000	2.5	0	18230
4000	2.6	0	17433
4000	2.7	0	17310
4000	2.8	0	17437
4000	2.9	0	17628
4000	3	0	17689
4000	3.1	0	17687
4000	3.2	0	17948
4000	3.3	0	17746
4000	3.4	0	17733
4000	3.5	0	17741
4000	3.6	0	17671
4000	3.7	0	17696
4000	3.8	0	17943
4000	3.9	0	17690
4000	4	0	17712
4000	4.1	0	17780
4000	4.2	0	17534
4000	4.3	0	17865
4000	4.4	0	17683
4000	4.5	0	17765
4000	4.6	0	17719
4000	4.7	0	17482
4000	4.8	0	17613
4000	4.9	0	17847
4000	5	0	17869
4000	5.1	0	17620
4000	5.2	0	17367
4000	5.3	0	17102
4000	5.4	0	16232
4000	5.5	0	15710
4000	5.6	0	14876
4000	5.7	0	13809
4000	5.8	0	12823
4000	5.9	0	12054
4000	6	0	11131
4000	6.1	0	10012
4000	6.2	0	9092
4000	6.3	0	8337
4000	6.4	0	7641
4000	6.5	0	6956
4000	6.6	0	6540
4000	6.7	0	6038
4000	6.8	0	5549
4000	6.9	0	5209
4000	7	0	4761
4000	7.1	0	4467
4000	7.2	0	4139
4000	7.3	0	3950
4000	7.4	0	3635
4000	7.5	0	3376
4000	7.6	0	3335
4000	7.7	0	3021
4000	7.8	0	2966
4000	7.9	0	2693
4000	8	0	2654
4000	8.1	0	2597
4000	8.2	0	2515
4000	8.3	0	2354
4000	8.4	0	2255
4000	8.5	0	2205
4000	8.6	0	2094
4000	8.7	0	1999
4000	8.8	0	1934
4000	8.9	0	1813
4000	9	0	1860
4000	9.1	0	1719
4000	9.2	0	1711
4000	9.3	0	1730
4000	9.4	0	1627
4000	9.5	0	1536
4000	9.6	0	1538
4000	9.7	0	1567
4000	9.8	0	1533
4000	9.9	0	1481
4000	10	0	1412
4000	10.1	0	1382
4000	10.2	0	1392
4000	10.3	0	1322
4000	10.4	0	1274
4000	10.5	0	1284
4000	10.6	0	1306
4000	10.7	0	1228
4000	10.8	0	1166
4000	10.9	0	1218
4000	11	0	1238
4000	11.1	0	1173
4000	11.2	0	1137
4000	11.3	0	1161
4000	11.4	0	1178
4000	11.5	0	1196
4000	11.6	0	1175
4000	11.7	0	1152
4000	11.8	0	1165
4000	11.9	0	1134
4000	12	0	1183
4000	12.1	0	1150
4000	12.2	0	1155
4000	12.3	0	1179
4000	12.4	0	1152
4000	12.5	0	1210
4000	12.6	0	1193
4000	12.7	0	1154
4000	12.8	0	1145
4000	12.9	0	1122
4000	13	0	1192
4000	13.1	0	1188
4000	13.2	0	1154
4000	13.3	0	1140
4000	13.4	0	1160
4000	13.5	0	1177
4000	13.6	0	1159
4000	13.7	0	1117
4000	13.8	0	1128
4000	13.9	0	1159
4000	14	0	1128
4000	14.1	0	1123
4000	14.2	0	1149
4000	14.3	0	1120
4000	14.4	0	1159
4000	14.5	0	1175
4000	14.6	0	1224
4000	14.7	0	1181
4000	14.8	0	1108
4000	14.9	0	1163
4000	15	0	1140
4000	15.1	0	1128
4000	15.2	0	1092
4000	15.3	0	1130
4000	15.4	0	1182
4000	15.5	0	1149
4000	15.6	0	1195
4000	15.7	0	1175
4000	15.8	0	1217
4000	15.9	0	1121
4000	16	0	1131
4000	16.1	0	1129
4000	16.2	0	1147
4000	16.3	0	1186
4000	16.4	0	1152
4000	16.5	0	1161
4000	16.6	0	1207
4000	16.7	0	1113
4000	16.8	0	1141
4000	16.9	0	1201
4000	17	0	1142
4000	17.1	0	1171
4000	17.2	0	1118
4000	17.3	0	1151
4000	17.4	0	1169
4000	17.5	0	1218
4000	17.6	0	1162
4000	17.7	0	1128
4000	17.8	0	1156
4000	17.9	0	1156
4000	18	0	1153
4000	18.1	0	1176
4000	18.2	0	1141
4000	18.3	0	1130
4000	18.4	0	1183
4000	18.5	0	1168
4000	18.6	0	1123
4000	18.7	0	1217
4000	18.8	0	1160
4000	18.9	0	1188
4000	19	0	1124
4000	19.1	0	1203
4000	19.2	0	1178
4000	19.3	0	1149
4000	19.4	0	1172
4000	19.5	0	1164
4000	19.6	0	1189
4000	19.7	0	1189
4000	19.8	0	1162
4000	19.9	0	1191
8000	0	0	1148
8000	0.1	0	1142
8000	0.2	0	1277
8000	0.3	0	1263
8000	0.4	0	1255
8000	0.5	0	1358
8000	0.6	0	1428
8000	0.7	0	1477
8000	0.8	0	1650
8000	0.9	0	1828
8000	1	0	1884
8000	1.1	0	2205
8000	1.2	0	2329
8000	1.3	0	2753
8000	1.4	0	3075
8000	1.5	0	3709
8000	1.6	0	4263
8000	1.7	0	5206
8000	1.8	0	6544
8000	1.9	0	8165
8000	2	0	10502
8000	2.1	0	13227
8000	2.2	0	16396
8000	2.3	0	18933
8000	2.4	0	19553
8000	2.5	0	18101
8000	2.6	0	17254
8000	2.7	0	17380
8000	2.8	0	17348
8000	2.9	0	17590
8000	3	0	17859
8000	3.1	0	17786
8000	3.2	0	17757
8000	3.3	0	17866
8000	3.4	0	17670
8000	3.5	0	17725
8000	3.6	0	17813
8000	3.7	0	17723
8000	3.8	0	17909
8000	3.9	0	17752
8000	4	0	17835
8000	4.1	0	17760
8000	4.2	0	17646
8000	4.3	0	17948
8000	4.4	0	17831
8000	4.5	0	17783
8000	4.6	0	17878
8000	4.7	0	17453
8000	4.8	0	17645
8000	4.9	0	17827
8000	5	0	17675
8000	5.1	0	17775
8000	5.2	0	17453
8000	5.3	0	16777
8000	5.4	0	16344
8000	5.5	0	15876
8000	5.6	0	14922
8000	5.7	0	13780
8000	5.8	0	12766
8000	5.9	0	12001
8000	6	0	10901
8000	6.1	0	10138
8000	6.2	0	9340
8000	6.3	0	8394
8000	6.4	0	7644
8000	6.5	0	6944
8000	6.6	0	6454
8000	6.7	0	5984
8000	6.8	0	5677
8000	6.9	0	5114
8000	7	0	4739
8000	7.1	0	4476
8000	7.2	0	4170
8000	7.3	0	3804
8000	7.4	0	3670
8000	7.5	0	3450
8000	7.6	0	3232
8000	7.7	0	3136
8000	7.8	0	2891
8000	7.9	0	2886
8000	8	0	2616
8000	8.1	0	2616
8000	8.2	0	2442
8000	8.3	0	2332
8000	8.4	0	2283
8000	8.5	0	2146
8000	8.6	0	2132
8000	8.7	0	1948
8000	8.8	0	1986
8000	8.9	0	1882
8000	9	0	1825
8000	9.1	0	1764
8000	9.2	0	1716
8000	9.3	0	1683
8000	9.4	0	1578
8000	9.5	0	1570
8000	9.6	0	1500
8000	9.7	0	1481
8000	9.8	0	1453
8000	9.9	0	1400
8000	10	0	1435
8000	10.1	0	1340
8000	10.2	0	1381
8000	10.3	0	1323
8000	10.4	0	1290
8000	10.5	0	1242
8000	10.6	0	1266
8000	10.7	0	1241
8000	10.8	0	1303
8000	10.9	0	1218
8000	11	0	1184
8000	11.1	0	1148
8000	11.2	0	1219
8000	11.3	0	1179
8000	11.4	0	1103
8000	11.5	0	1203
8000	11.6	0	1205
8000	11.7	0	1127
8000	11.8	0	1131
8000	11.9	0	1171
8000	12	0	1178
8000	12.1	0	1162
8000	12.2	0	1104
8000	12.3	0	1184
8000	12.4	0	1216
8000	12.5	0	1133
8000	12.6	0	1077
8000	12.7	0	1143
8000	12.8	0	1146
8000	12.9	0	1150
8000	13	0	1110
8000	13.1	0	1130
8000	13.2	0	1215
8000	13.3	0	1203
8000	13.4	0	1170
8000	13.5	0	1126
8000	13.6	0	1154
8000	13.7	0	1232
8000	13.8	0	1161
8000	13.9	0	1163
8000	14	0	1235
8000	14.1	0	1087
8000	14.2	0	1153
8000	14.3	0	1218
8000	14.4	0	1060
8000	14.5	0	1132
8000	14.6	0	1146
8000	14.7	0	1231
8000	14.8	0	1157
8000	14.9	0	1144
8000	15	0	1146
8000	15.1	0	1155
8000	15.2	0	1128
8000	15.3	0	1181
8000	15.4	0	1106
8000	15.5	0	1152
8000	15.6	0	1097
8000	15.7	0	1172
8000	15.8	0	1193
8000	15.9	0	1188
8000	16	0	1098
8000	16.1	0	1194
8000	16.2	0	1105
8000	16.3	0	1125
8000	16.4	0	1144
8000	16.5	0	1171
8000	16.6	0	1107
8000	16.7	0	1132
8000	16.8	0	1167
8000	16.9	0	1187
8000	17	0	1114
8000	17.1	0	1135
8000	17.2	0	1171
8000	17.3	0	1129
8000	17.4	0	1167
8000	17.5	0	1144
8000	17.6	0	1136
8000	17.7	0	1165
8000	17.8	0	1178
8000	17.9	0	1174
8000	18	0	1215
8000	18.1	0	1194
8000	18.2	0	1110
8000	18.3	0	1187
8000	18.4	0	1157
8000	18.5	0	1165
8000	18.6	0	1131
8000	18.7	0	1270
8000	18.8	0	1170
8000	18.9	0	1148
8000	19	0	1148
8000	19.1	0	1185
8000	19.2	0	1217
8000	19.3	0	1227
8000	19.4	0	1179
8000	19.5	0	1182
8000	19.6	0	1160
8000	19.7	0	1181
8000	19.8	0	1161
8000	19.9	0	1248
12000	0	0	1180
12000	0.1	0	1184
12000	0.2	0	1240
12000	0.3	0	1274
12000	0.4	0	1308
12000	0.5	0	1337
12000	0.6	0	1430
12000	0.7	0	1528
12000	0.8	0	1628
12000	0.9	0	1778
12000	1	0	1935
12000	1.1	0	2135
12000	1.2	0	2411
12000	1.3	0	2721
12000	1.4	0	3139
12000	1.5	0	3744
12000	1.6	0	4463
12000	1.7	0	5228
12000	1.8	0	6482
12000	1.9	0	8115
12000	2	0	10272
12000	2.1	0	13305
12000	2.2	0	16329
12000	2.3	0	18882
12000	2.4	0	19577
12000	2.5	0	18166
12000	2.6	0	17478
12000	2.7	0	17127
12000	2.8	0	17240
12000	2.9	0	17521
12000	3	0	17815
12000	3.1	0	17958
12000	3.2	0	17921
12000	3.3	0	17835
12000	3.4	0	17769
12000	3.5	0	17863
12000	3.6	0	17601
12000	3.7	0	17916
12000	3.8	0	17837
12000	3.9	0	17637
12000	4	0	17795
12000	4.1	0	17640
12000	4.2	0	17658
12000	4.3	0	17779
12000	4.4	0	17792
12000	4.5	0	17870
12000	4.6	0	17680
12000	4.7	0	17920
12000	4.8	0	17681
12000	4.9	0	17678
12000	5	0	17707
12000	5.1	0	17571
12000	5.2	0	17512
12000	5.3	0	17073
12000	5.4	0	16364
12000	5.5	0	15796
12000	5.6	0	14710
12000	5.7	0	13943
12000	5.8	0	12908
12000	5.9	0	11928
12000	6	0	10689
12000	6.1	0	9926
12000	6.2	0	9267
12000	6.3	0	8396
12000	6.4	0	7665
12000	6.5	0	7071
12000	6.6	0	6651
12000	6.7	0	6005
12000	6.8	0	5473
12000	6.9	0	5126
12000	7	0	4703
12000	7.1	0	4536
12000	7.2	0	4206
12000	7.3	0	3868
12000	7.4	0	3693
12000	7.5	0	3528
12000	7.6	0	3288
12000	7.7	0	3045
12000	7.8	0	3034
12000	7.9	0	2822
12000	8	0	2573
12000	8.1	0	2552
12000	8.2	0	2429
12000	8.3	0	2360
12000	8.4	0	2191
12000	8.5	0	2138
12000	8.6	0	2044
12000	8.7	0	2111
12000	8.8	0	1892
12000	8.9	0	1907
12000	9	0	1839
12000	9.1	0	1764
12000	9.2	0	1714
12000	9.3	0	1686
12000	9.4	0	1651
12000	9.5	0	1575
12000	9.6	0	1569
12000	9.7	0	1519
12000	9.8	0	1445
12000	9.9	0	1445
12000	10	0	1368
12000	10.1	0	1374
12000	10.2	0	1359
12000	10.3	0	1362
12000	10.4	0	1275
12000	10.5	0	1273
12000	10.6	0	1312
12000	10.7	0	1216
12000	10.8	0	1244
12000	10.9	0	1183
12000	11	0	1180
12000	11.1	0	1105
12000	11.2	0	1200
12000	11.3	0	1179
12000	11.4	0	1197
12000	11.5	0	1135
12000	11.6	0	1120
12000	11.7	0	1141
12000	11.8	0	1120
12000	11.9	0	1062
12000	12	0	1189
12000	12.1	0	1117
12000	12.2	0	1170
12000	12.3	0	1138
12000	12.4	0	1109
12000	12.5	0	1175
12000	12.6	0	1198
12000	12.7	0	1155
12000	12.8	0	1095
12000	12.9	0	1180
12000	13	0	1138
12000	13.1	0	1172
12000	13.2	0	1149
12000	13.3	0	1154
12000	13.4	0	1191
12000	13.5	0	1208
12000	13.6	0	1133
12000	13.7	0	1144
12000	13.8	0	1183
12000	13.9	0	1126
12000	14	0	1167
12000	14.1	0	1092
12000	14.2	0	1158
12000	14.3	0	1124
12000	14.4	0	1161
12000	14.5	0	1201
12000	14.6	0	1164
12000	14.7	0	1138
12000	14.8	0	1072
12000	14.9	0	1171
12000	15	0	1228
12000	15.1	0	1222
12000	15.2	0	1207
12000	15.3	0	1170
12000	15.4	0	1140
12000	15.5	0	1123
12000	15.6	0	1204
12000	15.7	0	1125
12000	15.8	0	1136
12000	15.9	0	1120
12000	16	0	1120
12000	16.1	0	1095
12000	16.2	0	1116
12000	16.3	0	1137
12000	16.4	0	1148
12000	16.5	0	1125
12000	16.6	0	1157
12000	16.7	0	1179
12000	16.8	0	1189
12000	16.9	0	1131
12000	17	0	1197
12000	17.1	0	1167
12000	17.2	0	1130
12000	17.3	0	1183
12000	17.4	0	1176
12000	17.5	0	1127
12000	17.6	0	1144
12000	17.7	0	1193
12000	17.8	0	1187
12000	17.9	0	1205
12000	18	0	1124
12000	18.1	0	1196
12000	18.2	0	1153
12000	18.3	0	1198
12000	18.4	0	1155
12000	18.5	0	1243
12000	18.6	0	1235
12000	18.7	0	1157
12000	18.8	0	1145
12000	18.9	0	1184
12000	19	0	1154
12000	19.1	0	1181
12000	19.2	0	1174
12000	19.3	0	1155
12000	19.4	0	1126
12000	19.5	0	1192
12000	19.6	0	1161
12000	19.7	0	1191
12000	19.8	0	1176
12000	19.9	0	1232
16000	0	0	1218
16000	0.1	0	1172
16000	0.2	0	1202
16000	0.3	0	1213
16000	0.4	0	1326
16000	0.5	0	1320
16000	0.6	0	1424
16000	0.7	0	1498
16000	0.8	0	1521
16000	0.9	0	1735
16000	1	0	1887
16000	1.1	0	2099
16000	1.2	0	2490
16000	1.3	0	2750
16000	1.4	0	3186
16000	1.5	0	3737
16000	1.6	0	4370
16000	1.7	0	5177
16000	1.8	0	6590
16000	1.9	0	7954
16000	2	0	10387
16000	2.1	0	13145
16000	2.2	0	16494
16000	2.3	0	19008
16000	2.4	0	19260
16000	2.5	0	18050
16000	2.6	0	17571
16000	2.7	0	17277
16000	2.8	0	17261
16000	2.9	0	17593
16000	3	0	17620
16000	3.1	0	17732
16000	3.2	0	17844
16000	3.3	0	17908
16000	3.4	0	17738
16000	3.5	0	17853
16000	3.6	0	17475
16000	3.7	0	17742
16000	3.8	0	17737
16000	3.9	0	17629
16000	4	0	17840
16000	4.1	0	17857
16000	4.2	0	17951
16000	4.3	0	17866
16000	4.4	0	17537
16000	4.5	0	17752
16000	4.6	0	17532
16000	4.7	0	17817
16000	4.8	0	17684
16000	4.9	0	17781
16000	5	0	17958
16000	5.1	0	17655
16000	5.2	0	17475
16000	5.3	0	17079
16000	5.4	0	16511
16000	5.5	0	15753
16000	5.6	0	14941
16000	5.7	0	13776
16000	5.8	0	12753
16000	5.9	0	12023
16000	6	0	10871
16000	6.1	0	9980
16000	6.2	0	9173
16000	6.3	0	8527
16000	6.4	0	7687
16000	6.5	0	7054
16000	6.6	0	6350
16000	6.7	0	5953
16000	6.8	0	5527
16000	6.9	0	5136
16000	7	0	4848
16000	7.1	0	4521
16000	7.2	0	4079
16000	7.3	0	3912
16000	7.4	0	3700
16000	7.5	0	3419
16000	7.6	0	3235
16000	7.7	0	3097
16000	7.8	0	2956
16000	7.9	0	2764
16000	8	0	2692
16000	8.1	0	2568
16000	8.2	0	2502
16000	8.3	0	2311
16000	8.4	0	2217
16000	8.5	0	2166
16000	8.6	0	2085
16000	8.7	0	2032
16000	8.8	0	2010
16000	8.9	0	1842
16000	9	0	1774
16000	9.1	0	1730
16000	9.2	0	1754
16000	9.3	0	1724
16000	9.4	0	1647
16000	9.5	0	1552
16000	9.6	0	1568
16000	9.7	0	1525
16000	9.8	0	1405
16000	9.9	0	1453
16000	10	0	1464
16000	10.1	0	1366
16000	10.2	0	1387
16000	10.3	0	1308
16000	10.4	0	1308
16000	10.5	0	1179
16000	10.6	0	1337
16000	10.7	0	1302
16000	10.8	0	1247
16000	10.9	0	1229
16000	11	0	1238
16000	11.1	0	1162
16000	11.2	0	1184
16000	11.3	0	1166
16000	11.4	0	1204
16000	11.5	0	1209
16000	11.6	0	1188
16000	11.7	0	1146
16000	11.8	0	1169
16000	11.9	0	1159
16000	12	0	1189
16000	12.1	0	1088
16000	12.2	0	1176
16000	12.3	0	1154
16000	12.4	0	1178
16000	12.5	0	1201
16000	12.6	0	1203
16000	12.7	0	1203
16000	12.8	0	1190
16000	12.9	0	1114
16000	13	0	1140
16000	13.1	0	1114
16000	13.2	0	1125
16000	13.3	0	1172
16000	13.4	0	1133
16000	13.5	0	1166
16000	13.6	0	1137
16000	13.7	0	1150
16000	13.8	0	1116
16000	13.9	0	1140
16000	14	0	1119
16000	14.1	0	1163
16000	14.2	0	1175
16000	14.3	0	1166
16000	14.4	0	1164
16000	14.5	0	1177
16000	14.6	0	1177
16000	14.7	0	1152
16000	14.8	0	1153
16000	14.9	0	1178
16000	15	0	1187
16000	15.1	0	1138
16000	15.2	0	1167
16000	15.3	0	1127
16000	15.4	0	1176
16000	15.5	0	1162
16000	15.6	0	1141
16000	15.7	0	1179
16000	15.8	0	1152
16000	15.9	0	1122
16000	16	0	1117
16000	16.1	0	1162
16000	16.2	0	1138
16000	16.3	0	1241
16000	16.4	0	1160
16000	16.5	0	1077
16000	16.6	0	1179
16000	16.7	0	1157
16000	16.8	0	1138
16000	16.9	0	1155
16000	17	0	1189
16000	17.1	0	1175
16000	17.2	0	1090
16000	17.3	0	1152
16000	17.4	0	1188
16000	17.5	0	1189
16000	17.6	0	1210
16000	17.7	0	1202
16000	17.8	0	1199
16000	17.9	0	1161
16000	18	0	1109
16000	18.1	0	1212
16000	18.2	0	1140
16000	18.3	0	1089
16000	18.4	0	1196
16000	18.5	0	1114
16000	18.6	0	1198
16000	18.7	0	1192
16000	18.8	0	1152
16000	18.9	0	1132
16000	19	0	1215
16000	19.1	0	1153
16000	19.2	0	1195
16000	19.3	0	1178
16000	19.4	0	1169
16000	19.5	0	1190
16000	19.6	0	1231
16000	19.7	0	1196
16000	19.8	0	1161
16000	19.9	0	1203
20000	0	0	1160
20000	0.1	0	1184
20000	0.2	0	1232
20000	0.3	0	1264
20000	0.4	0	1316
20000	0.5	0	1343
20000	0.6	0	1400
20000	0.7	0	1497
20000	0.8	0	1591
20000	0.9	0	1822
20000	1	0	1923
20000	1.1	0	2126
20000	1.2	0	2434
20000	1.3	0	2724
20000	1.4	0	3030
20000	1.5	0	3610
20000	1.6	0	4384
20000	1.7	0	5203
20000	1.8	0	6634
20000	1.9	0	8095
20000	2	0	10349
20000	2.1	0	13215
20000	2.2	0	16244
20000	2.3	0	19230
20000	2.4	0	19548
20000	2.5	0	18086
20000	2.6	0	17111
20000	2.7	0	17215
20000	2.8	0	17623
20000	2.9	0	17423
20000	3	0	17743
20000	3.1	0	17660
20000	3.2	0	17924
20000	3.3	0	17900
20000	3.4	0	17576
20000	3.5	0	17812
20000	3.6	0	17823
20000	3.7	0	17738
20000	3.8	0	17985
20000	3.9	0	17793
20000	4	0	17598
20000	4.1	0	17764
20000	4.2	0	17802
20000	4.3	0	17798
20000	4.4	0	17738
20000	4.5	0	17695
20000	4.6	0	17842
20000	4.7	0	17572
20000	4.8	0	17426
20000	4.9	0	17764
20000	5	0	17941
20000	5.1	0	17583
20000	5.2	0	17449
20000	5.3	0	17090
20000	5.4	0	16346
20000	5.5	0	15755
20000	5.6	0	14882
20000	5.7	0	13842
20000	5.8	0	13005
20000	5.9	0	11981
20000	6	0	10801
20000	6.1	0	10011
20000	6.2	0	9317
20000	6.3	0	8300
20000	6.4	0	7606
20000	6.5	0	7129
20000	6.6	0	6519
20000	6.7	0	5921
20000	6.8	0	5561
20000	6.9	0	5275
20000	7	0	4791
20000	7.1	0	4423
20000	7.2	0	4270
20000	7.3	0	3914
20000	7.4	0	3718
20000	7.5	0	3423
20000	7.6	0	3247
20000	7.7	0	3129
20000	7.8	0	2937
20000	7.9	0	2937
20000	8	0	2685
20000	8.1	0	2622
20000	8.2	0	2367
20000	8.3	0	2357
20000	8.4	0	2222
20000	8.5	0	2100
20000	8.6	0	2110
20000	8.7	0	2015
20000	8.8	0	1928
20000	8.9	0	1883
20000	9	0	1844
20000	9.1	0	1732
20000	9.2	0	1714
20000	9.3	0	1623
20000	9.4	0	1610
20000	9.5	0	1594
20000	9.6	0	1603
20000	9.7	0	1528
20000	9.8	0	1517
20000	9.9	0	1468
20000	10	0	1400
20000	10.1	0	1370
20000	10.2	0	1400
20000	10.3	0	1341
20000	10.4	0	1296
20000	10.5	0	1247
20000	10.6	0	1234
20000	10.7	0	1252
20000	10.8	0	1205
20000	10.9	0	1222
20000	11	0	1253
20000	11.1	0	1214
20000	11.2	0	1180
20000	11.3	0	1178
20000	11.4	0	1198
20000	11.5	0	1157
20000	11.6	0	1151
20000	11.7	0	1137
20000	11.8	0	1118
20000	11.9	0	1175
20000	12	0	1116
20000	12.1	0	1122
20000	12.2	0	1165
20000	12.3	0	1187
20000	12.4	0	1111
20000	12.5	0	1144
20000	12.6	0	1189
20000	12.7	0	1159
20000	12.8	0	1104
20000	12.9	0	1151
20000	13	0	1164
20000	13.1	0	1174
20000	13.2	0	1153
20000	13.3	0	1143
20000	13.4	0	1115
20000	13.5	0	1199
20000	13.6	0	1113
20000	13.7	0	1122
20000	13.8	0	1132
20000	13.9	0	1160
20000	14	0	1141
20000	14.1	0	1178
20000	14.2	0	1140
20000	14.3	0	1173
20000	14.4	0	1158
20000	14.5	0	1135
20000	14.6	0	1180
20000	14.7	0	1148
20000	14.8	0	1157
20000	14.9	0	1115
20000	15	0	1216
20000	15.1	0	1068
20000	15.2	0	1174
20000	15.3	0	1176
20000	15.4	0	1140
20000	15.5	0	1121
20000	15.6	0	1137
20000	15.7	0	1130
20000	15.8	0	1138
20000	15.9	0	1169
20000	16	0	1180
20000	16.1	0	1145
20000	16.2	0	1161
20000	16.3	0	1103
20000	16.4	0	1149
20000	16.5	0	1139
20000	16.6	0	1162
20000	16.7	0	1144
20000	16.8	0	1177
20000	16.9	0	1223
20000	17	0	1106
20000	17.1	0	1120
20000	17.2	0	1177
20000	17.3	0	1128
20000	17.4	0	1175
20000	17.5	0	1171
20000	17.6	0	1144
20000	17.7	0	1105
20000	17.8	0	1163
20000	17.9	0	1163
20000	18	0	1122
20000	18.1	0	1156
20000	18.2	0	1208
20000	18.3	0	1130
20000	18.4	0	1172
20000	18.5	0	1129
20000	18.6	0	1168
20000	18.7	0	1257
20000	18.8	0	1264
20000	18.9	0	1163
20000	19	0	1123
20000	19.1	0	1179
20000	19.2	0	1174
20000	19.3	0	1219
20000	19.4	0	1214
20000	19.5	0	1207
20000	19.6	0	1264
20000	19.7	0	1146
20000	19.8	0	1234
20000	19.9	0	1197
