4000	0	0	1061
4000	0.1	0	1064
4000	0.2	0	1057
4000	0.3	0	1048
4000	0.4	0	1173
4000	0.5	0	1214
4000	0.6	0	1288
4000	0.7	0	1353
4000	0.8	0	1367
4000	0.9	0	1540
4000	1	0	1675
4000	1.1	0	1862
4000	1.2	0	1988
4000	1.3	0	2334
4000	1.4	0	2538
4000	1.5	0	2992
4000	1.6	0	3574
4000	1.7	0	4419
4000	1.8	0	5206
4000	1.9	0	6420
4000	2	0	8265
4000	2.1	0	10822
4000	2.2	0	13854
4000	2.3	0	17444
4000	2.4	0	19319
4000	2.5	0	19730
4000	2.6	0	19721
4000	2.7	0	19407
4000	2.8	0	19308
4000	2.9	0	19269
4000	3	0	19467
4000	3.1	0	19452
4000	3.2	0	19463
4000	3.3	0	19485
4000	3.4	0	19523
4000	3.5	0	19576
4000	3.6	0	19568
4000	3.7	0	19487
4000	3.8	0	19378
4000	3.9	0	19527
4000	4	0	19355
4000	4.1	0	19316
4000	4.2	0	19403
4000	4.3	0	19367
4000	4.4	0	19319
4000	4.5	0	19454
4000	4.6	0	19530
4000	4.7	0	19338
4000	4.8	0	19561
4000	4.9	0	19561
4000	5	0	19524
4000	5.1	0	19090
4000	5.2	0	18450
4000	5.3	0	17270
4000	5.4	0	16680
4000	5.5	0	15359
4000	5.6	0	14028
4000	5.7	0	12770
4000	5.8	0	11649
4000	5.9	0	10682
4000	6	0	9890
4000	6.1	0	8840
4000	6.2	0	8132
4000	6.3	0	7513
4000	6.4	0	6779
4000	6.5	0	6279
4000	6.6	0	5813
4000	6.7	0	5176
4000	6.8	0	5029
4000	6.9	0	4650
4000	7	0	4155
4000	7.1	0	4014
4000	7.2	0	3819
4000	7.3	0	3547
4000	7.4	0	3318
4000	7.5	0	3113
4000	7.6	0	2860
4000	7.7	0	2820
4000	7.8	0	2677
4000	7.9	0	2577
4000	8	0	2416
4000	8.1	0	2369
4000	8.2	0	2247
4000	8.3	0	2139
4000	8.4	0	1971
4000	8.5	0	1910
4000	8.6	0	1878
4000	8.7	0	1928
4000	8.8	0	1802
4000	8.9	0	1721
4000	9	0	1662
4000	9.1	0	1519
4000	9.2	0	1508
4000	9.3	0	1495
4000	9.4	0	1491
4000	9.5	0	1442
4000	9.6	0	1403
4000	9.7	0	1328
4000	9.8	0	1347
4000	9.9	0	1326
4000	10	0	1247
4000	10.1	0	1313
4000	10.2	0	1245
4000	10.3	0	1231
4000	10.4	0	1235
4000	10.5	0	1187
4000	10.6	0	1086
4000	10.7	0	1171
4000	10.8	0	1082
4000	10.9	0	1141
4000	11	0	1106
4000	11.1	0	1094
4000	11.2	0	1097
4000	11.3	0	1057
4000	11.4	0	1057
4000	11.5	0	1017
4000	11.6	0	1016
4000	11.7	0	1061
4000	11.8	0	1016
4000	11.9	0	1099
4000	12	0	1053
4000	12.1	0	1082
4000	12.2	0	1118
4000	12.3	0	1084
4000	12.4	0	1041
4000	12.5	0	994
4000	12.6	0	1043
4000	12.7	0	1019
4000	12.8	0	1052
4000	12.9	0	1076
4000	13	0	1042
4000	13.1	0	1077
4000	13.2	0	1055
4000	13.3	0	1024
4000	13.4	0	1052
4000	13.5	0	1019
4000	13.6	0	1055
4000	13.7	0	1000
4000	13.8	0	1095
4000	13.9	0	1056
4000	14	0	1030
4000	14.1	0	1084
4000	14.2	0	1060
4000	14.3	0	1065
4000	14.4	0	1097
4000	14.5	0	1088
4000	14.6	0	1048
4000	14.7	0	1024
4000	14.8	0	1053
4000	14.9	0	1071
4000	15	0	1032
4000	15.1	0	1088
4000	15.2	0	1033
4000	15.3	0	1072
4000	15.4	0	1031
4000	15.5	0	1022
4000	15.6	0	1135
4000	15.7	0	1019
4000	15.8	0	1035
4000	15.9	0	1049
4000	16	0	1083
4000	16.1	0	1009
4000	16.2	0	1080
4000	16.3	0	1044
4000	16.4	0	1078
4000	16.5	0	1084
4000	16.6	0	1071
4000	16.7	0	1107
4000	16.8	0	1019
4000	16.9	0	1020
4000	17	0	1079
4000	17.1	0	998
4000	17.2	0	1025
4000	17.3	0	1071
4000	17.4	0	1042
4000	17.5	0	995
4000	17.6	0	1059
4000	17.7	0	1097
4000	17.8	0	1067
4000	17.9	0	1138
4000	18	0	1084
4000	18.1	0	1093
4000	18.2	0	1041
4000	18.3	0	1089
4000	18.4	0	1089
4000	18.5	0	1086
4000	18.6	0	1045
4000	18.7	0	1091
4000	18.8	0	1075
4000	18.9	0	1066
4000	19	0	1013
4000	19.1	0	1051
4000	19.2	0	1051
4000	19.3	0	1036
4000	19.4	0	1050
4000	19.5	0	1047
4000	19.6	0	1014
4000	19.7	0	1072
4000	19.8	0	1106
4000	19.9	0	1057
8000	0	0	1056
8000	0.1	0	1073
8000	0.2	0	1033
8000	0.3	0	1121
8000	0.4	0	1118
8000	0.5	0	1181
8000	0.6	0	1283
8000	0.7	0	1266
8000	0.8	0	1424
8000	0.9	0	1547
8000	1	0	1705
8000	1.1	0	1917
8000	1.2	0	2014
8000	1.3	0	2282
8000	1.4	0	2666
8000	1.5	0	2986
8000	1.6	0	3571
8000	1.7	0	4256
8000	1.8	0	5148
8000	1.9	0	6463
8000	2	0	8318
8000	2.1	0	10805
8000	2.2	0	13835
8000	2.3	0	17285
8000	2.4	0	19570
8000	2.5	0	19802
8000	2.6	0	19612
8000	2.7	0	19257
8000	2.8	0	19109
8000	2.9	0	19303
8000	3	0	19347
8000	3.1	0	19259
8000	3.2	0	19462
8000	3.3	0	19391
8000	3.4	0	19406
8000	3.5	0	19649
8000	3.6	0	19436
8000	3.7	0	19259
8000	3.8	0	19495
8000	3.9	0	19593
8000	4	0	19207
8000	4.1	0	19551
8000	4.2	0	19612
8000	4.3	0	19586
8000	4.4	0	19520
8000	4.5	0	19327
8000	4.6	0	19594
8000	4.7	0	19500
8000	4.8	0	19623
8000	4.9	0	19245
8000	5	0	19713
8000	5.1	0	19052
8000	5.2	0	18491
8000	5.3	0	17477
8000	5.4	0	16602
8000	5.5	0	15369
8000	5.6	0	14097
8000	5.7	0	12972
8000	5.8	0	12000
8000	5.9	0	10622
8000	6	0	9652
8000	6.1	0	9010
8000	6.2	0	8136
8000	6.3	0	7253
8000	6.4	0	7061
8000	6.5	0	6379
8000	6.6	0	5674
8000	6.7	0	5253
8000	6.8	0	4811
8000	6.9	0	4629
8000	7	0	4243
8000	7.1	0	4146
8000	7.2	0	3656
8000	7.3	0	3380
8000	7.4	0	3311
8000	7.5	0	3215
8000	7.6	0	2997
8000	7.7	0	2809
8000	7.8	0	2546
8000	7.9	0	2499
8000	8	0	2522
8000	8.1	0	2296
8000	8.2	0	2249
8000	8.3	0	2097
8000	8.4	0	1996
8000	8.5	0	1974
8000	8.6	0	1937
8000	8.7	0	1777
8000	8.8	0	1792
8000	8.9	0	1710
8000	9	0	1680
8000	9.1	0	1618
8000	9.2	0	1559
8000	9.3	0	1559
8000	9.4	0	1449
8000	9.5	0	1411
8000	9.6	0	1399
8000	9.7	0	1339
8000	9.8	0	1333
8000	9.9	0	1330
8000	10	0	1312
8000	10.1	0	1266
8000	10.2	0	1196
8000	10.3	0	1207
8000	10.4	0	1191
8000	10.5	0	1222
8000	10.6	0	1132
8000	10.7	0	1091
8000	10.8	0	1162
8000	10.9	0	1081
8000	11	0	1087
8000	11.1	0	1128
8000	11.2	0	1041
8000	11.3	0	1118
8000	11.4	0	1087
8000	11.5	0	1101
8000	11.6	0	1033
8000	11.7	0	1078
8000	11.8	0	1022
8000	11.9	0	1083
8000	12	0	1056
8000	12.1	0	1006
8000	12.2	0	1059
8000	12.3	0	1031
8000	12.4	0	1077
8000	12.5	0	1047
8000	12.6	0	1049
8000	12.7	0	1060
8000	12.8	0	1057
8000	12.9	0	1046
8000	13	0	1057
8000	13.1	0	1029
8000	13.2	0	1046
8000	13.3	0	1049
8000	13.4	0	1015
8000	13.5	0	1026
8000	13.6	0	1090
8000	13.7	0	1033
8000	13.8	0	1059
8000	13.9	0	1047
8000	14	0	1040
8000	14.1	0	1035
8000	14.2	0	1076
8000	14.3	0	1041
8000	14.4	0	1052
8000	14.5	0	1042
8000	14.6	0	1096
8000	14.7	0	1103
8000	14.8	0	1061
8000	14.9	0	1043
8000	15	0	1125
8000	15.1	0	1085
8000	15.2	0	1117
8000	15.3	0	1064
8000	15.4	0	1115
8000	15.5	0	1053
8000	15.6	0	1040
8000	15.7	0	1012
8000	15.8	0	1042
8000	15.9	0	1105
8000	16	0	1020
8000	16.1	0	980
8000	16.2	0	1017
8000	16.3	0	1004
8000	16.4	0	1090
8000	16.5	0	1083
8000	16.6	0	1018
8000	16.7	0	1052
8000	16.8	0	1059
8000	16.9	0	1038
8000	17	0	1045
8000	17.1	0	1037
8000	17.2	0	1040
8000	17.3	0	1052
8000	17.4	0	1039
8000	17.5	0	1025
8000	17.6	0	977
8000	17.7	0	1095
8000	17.8	0	1056
8000	17.9	0	1059
8000	18	0	1040
8000	18.1	0	1021
8000	18.2	0	1053
8000	18.3	0	1062
8000	18.4	0	1060
8000	18.5	0	1020
8000	18.6	0	1113
8000	18.7	0	1087
8000	18.8	0	1017
8000	18.9	0	1074
8000	19	0	1094
8000	19.1	0	1051
8000	19.2	0	1056
8000	19.3	0	1047
8000	19.4	0	1065
8000	19.5	0	1031
8000	19.6	0	1149
8000	19.7	0	1001
8000	19.8	0	1076
8000	19.9	0	1023
12000	0	0	1040
12000	0.1	0	1081
12000	0.2	0	1097
12000	0.3	0	1154
12000	0.4	0	1202
12000	0.5	0	1208
12000	0.6	0	1239
12000	0.7	0	1291
12000	0.8	0	1434
12000	0.9	0	1539
12000	1	0	1656
12000	1.1	0	1873
12000	1.2	0	1987
12000	1.3	0	2307
12000	1.4	0	2583
12000	1.5	0	3043
12000	1.6	0	3545
12000	1.7	0	4287
12000	1.8	0	5069
12000	1.9	0	6629
12000	2	0	8169
12000	2.1	0	10717
12000	2.2	0	13859
12000	2.3	0	17118
12000	2.4	0	19670
12000	2.5	0	19779
12000	2.6	0	19507
12000	2.7	0	19191
12000	2.8	0	19372
12000	2.9	0	19035
12000	3	0	18984
12000	3.1	0	19262
12000	3.2	0	19615
12000	3.3	0	19188
12000	3.4	0	19548
12000	3.5	0	19494
12000	3.6	0	19476
12000	3.7	0	19353
12000	3.8	0	19356
12000	3.9	0	19375
12000	4	0	19412
12000	4.1	0	19413
12000	4.2	0	19548
12000	4.3	0	19587
12000	4.4	0	19524
12000	4.5	0	19451
12000	4.6	0	19219
12000	4.7	0	19602
12000	4.8	0	19421
12000	4.9	0	19309
12000	5	0	19717
12000	5.1	0	19074
12000	5.2	0	18438
12000	5.3	0	17719
12000	5.4	0	16520
12000	5.5	0	15513
12000	5.6	0	14180
12000	5.7	0	12723
12000	5.8	0	11866
12000	5.9	0	10761
12000	6	0	9954
12000	6.1	0	8775
12000	6.2	0	8198
12000	6.3	0	7539
12000	6.4	0	6894
12000	6.5	0	6327
12000	6.6	0	5818
12000	6.7	0	5402
12000	6.8	0	4865
12000	6.9	0	4659
12000	7	0	4313
12000	7.1	0	4042
12000	7.2	0	3748
12000	7.3	0	3417
12000	7.4	0	3335
12000	7.5	0	3107
12000	7.6	0	2936
12000	7.7	0	2796
12000	7.8	0	2608
12000	7.9	0	2563
12000	8	0	2418
12000	8.1	0	2371
12000	8.2	0	2179
12000	8.3	0	2116
12000	8.4	0	2075
12000	8.5	0	1929
12000	8.6	0	1914
12000	8.7	0	1882
12000	8.8	0	1785
12000	8.9	0	1769
12000	9	0	1638
12000	9.1	0	1684
12000	9.2	0	1585
12000	9.3	0	1560
12000	9.4	0	1532
12000	9.5	0	1422
12000	9.6	0	1338
12000	9.7	0	1456
12000	9.8	0	1377
12000	9.9	0	1251
12000	10	0	1273
12000	10.1	0	1269
12000	10.2	0	1223
12000	10.3	0	1205
12000	10.4	0	1197
12000	10.5	0	1179
12000	10.6	0	1211
12000	10.7	0	1083
12000	10.8	0	1149
12000	10.9	0	1130
12000	11	0	1105
12000	11.1	0	1109
12000	11.2	0	993
12000	11.3	0	1077
12000	11.4	0	1081
12000	11.5	0	1079
12000	11.6	0	1041
12000	11.7	0	1021
12000	11.8	0	1040
12000	11.9	0	1056
12000	12	0	1049
12000	12.1	0	1068
12000	12.2	0	1043
12000	12.3	0	1050
12000	12.4	0	1072
12000	12.5	0	1007
12000	12.6	0	1066
12000	12.7	0	1075
12000	12.8	0	1052
12000	12.9	0	1027
12000	13	0	1085
12000	13.1	0	1020
12000	13.2	0	1011
12000	13.3	0	1077
12000	13.4	0	1070
12000	13.5	0	1037
12000	13.6	0	1050
12000	13.7	0	1081
12000	13.8	0	1028
12000	13.9	0	1090
12000	14	0	1037
12000	14.1	0	1035
12000	14.2	0	1033
12000	14.3	0	1065
12000	14.4	0	1082
12000	14.5	0	1045
12000	14.6	0	1084
12000	14.7	0	1085
12000	14.8	0	1074
12000	14.9	0	1025
12000	15	0	1069
12000	15.1	0	1084
12000	15.2	0	1074
12000	15.3	0	1079
12000	15.4	0	1077
12000	15.5	0	1034
12000	15.6	0	1071
12000	15.7	0	1070
12000	15.8	0	1063
12000	15.9	0	1088
12000	16	0	1036
12000	16.1	0	1025
12000	16.2	0	1077
12000	16.3	0	1021
12000	16.4	0	1073
12000	16.5	0	1107
12000	16.6	0	1060
12000	16.7	0	1099
12000	16.8	0	1044
12000	16.9	0	1018
12000	17	0	1003
12000	17.1	0	1038
12000	17.2	0	1059
12000	17.3	0	1028
12000	17.4	0	1034
12000	17.5	0	1054
12000	17.6	0	1072
12000	17.7	0	1060
12000	17.8	0	1044
12000	17.9	0	1068
12000	18	0	1008
12000	18.1	0	1024
12000	18.2	0	1067
12000	18.3	0	1101
12000	18.4	0	1113
12000	18.5	0	1062
12000	18.6	0	1066
12000	18.7	0	1101
12000	18.8	0	1020
12000	18.9	0	1031
12000	19	0	1051
12000	19.1	0	1041
12000	19.2	0	1071
12000	19.3	0	1088
12000	19.4	0	1069
12000	19.5	0	1074
12000	19.6	0	1073
12000	19.7	0	1047
12000	19.8	0	1032
12000	19.9	0	1082
16000	0	0	990
16000	0.1	0	1058
16000	0.2	0	1076
16000	0.3	0	1066
16000	0.4	0	1182
16000	0.5	0	1222
16000	0.6	0	1240
16000	0.7	0	1344
16000	0.8	0	1401
16000	0.9	0	1471
16000	1	0	1690
16000	1.1	0	1874
16000	1.2	0	2070
16000	1.3	0	2279
16000	1.4	0	2688
16000	1.5	0	3023
16000	1.6	0	3631
16000	1.7	0	4132
16000	1.8	0	5326
16000	1.9	0	6622
16000	2	0	8318
16000	2.1	0	10683
16000	2.2	0	13800
16000	2.3	0	17162
16000	2.4	0	19849
16000	2.5	0	19753
16000	2.6	0	19329
16000	2.7	0	19268
16000	2.8	0	19203
16000	2.9	0	19063
16000	3	0	19331
16000	3.1	0	19283
16000	3.2	0	19262
16000	3.3	0	19645
16000	3.4	0	19472
16000	3.5	0	19291
16000	3.6	0	19443
16000	3.7	0	19417
16000	3.8	0	19250
16000	3.9	0	19433
16000	4	0	19468
16000	4.1	0	19387
16000	4.2	0	19412
16000	4.3	0	19575
16000	4.4	0	19528
16000	4.5	0	19450
16000	4.6	0	19417
16000	4.7	0	19443
16000	4.8	0	19435
16000	4.9	0	19467
16000	5	0	19584
16000	5.1	0	19104
16000	5.2	0	18446
16000	5.3	0	17768
16000	5.4	0	16528
16000	5.5	0	15432
16000	5.6	0	14116
16000	5.7	0	13067
16000	5.8	0	11730
16000	5.9	0	10801
16000	6	0	9896
16000	6.1	0	8949
16000	6.2	0	8066
16000	6.3	0	7445
16000	6.4	0	6718
16000	6.5	0	6181
16000	6.6	0	5843
16000	6.7	0	5357
16000	6.8	0	4915
16000	6.9	0	4591
16000	7	0	4220
16000	7.1	0	3953
16000	7.2	0	3822
16000	7.3	0	3576
16000	7.4	0	3368
16000	7.5	0	3135
16000	7.6	0	3051
16000	7.7	0	2879
16000	7.8	0	2675
16000	7.9	0	2611
16000	8	0	2507
16000	8.1	0	2343
16000	8.2	0	2274
16000	8.3	0	2193
16000	8.4	0	2109
16000	8.5	0	1953
16000	8.6	0	1925
16000	8.7	0	1832
16000	8.8	0	1729
16000	8.9	0	1653
16000	9	0	1598
16000	9.1	0	1562
16000	9.2	0	1550
16000	9.3	0	1513
16000	9.4	0	1515
16000	9.5	0	1442
16000	9.6	0	1416
16000	9.7	0	1369
16000	9.8	0	1295
16000	9.9	0	1271
16000	10	0	1223
16000	10.1	0	1296
16000	10.2	0	1274
16000	10.3	0	1149
16000	10.4	0	1216
16000	10.5	0	1192
16000	10.6	0	1154
16000	10.7	0	1113
16000	10.8	0	1105
16000	10.9	0	1067
16000	11	0	1138
16000	11.1	0	1073
16000	11.2	0	1031
16000	11.3	0	1097
16000	11.4	0	1061
16000	11.5	0	1037
16000	11.6	0	1078
16000	11.7	0	1012
16000	11.8	0	1091
16000	11.9	0	1076
16000	12	0	1007
16000	12.1	0	1101
16000	12.2	0	1019
16000	12.3	0	1039
16000	12.4	0	1018
16000	12.5	0	1029
16000	12.6	0	1055
16000	12.7	0	1069
16000	12.8	0	1093
16000	12.9	0	1071
16000	13	0	1094
16000	13.1	0	1093
16000	13.2	0	1092
16000	13.3	0	1051
16000	13.4	0	1085
16000	13.5	0	1009
16000	13.6	0	1007
16000	13.7	0	1045
16000	13.8	0	1062
16000	13.9	0	1030
16000	14	0	1015
16000	14.1	0	1067
16000	14.2	0	1052
16000	14.3	0	1019
16000	14.4	0	1067
16000	14.5	0	1112
16000	14.6	0	1038
16000	14.7	0	1052
16000	14.8	0	1076
16000	14.9	0	1022
16000	15	0	1116
16000	15.1	0	1076
16000	15.2	0	1069
16000	15.3	0	1068
16000	15.4	0	1023
16000	15.5	0	1063
16000	15.6	0	1056
16000	15.7	0	1087
16000	15.8	0	1001
16000	15.9	0	1040
16000	16	0	1006
16000	16.1	0	1028
16000	16.2	0	1051
16000	16.3	0	1094
16000	16.4	0	1031
16000	16.5	0	1038
16000	16.6	0	1035
16000	16.7	0	1082
16000	16.8	0	1057
16000	16.9	0	1072
16000	17	0	1052
16000	17.1	0	1033
16000	17.2	0	1026
16000	17.3	0	1026
16000	17.4	0	1014
16000	17.5	0	1090
16000	17.6	0	1032
16000	17.7	0	1062
16000	17.8	0	1022
16000	17.9	0	1018
16000	18	0	1022
16000	18.1	0	1033
16000	18.2	0	1054
16000	18.3	0	1064
16000	18.4	0	1118
16000	18.5	0	1002
16000	18.6	0	1031
16000	18.7	0	1050
16000	18.8	0	1083
16000	18.9	0	1103
16000	19	0	1023
16000	19.1	0	1050
16000	19.2	0	1104
16000	19.3	0	1085
16000	19.4	0	1068
16000	19.5	0	1077
16000	19.6	0	1071
16000	19.7	0	1124
16000	19.8	0	1080
16000	19.9	0	1120
20000	0	0	1051
20000	0.1	0	1044
20000	0.2	0	1087
20000	0.3	0	1101
20000	0.4	0	1163
20000	0.5	0	1179
20000	0.6	0	1286
20000	0.7	0	1386
20000	0.8	0	1443
20000	0.9	0	1528
20000	1	0	1648
20000	1.1	0	1837
20000	1.2	0	2008
20000	1.3	0	2279
20000	1.4	0	2516
20000	1.5	0	2962
20000	1.6	0	3566
20000	1.7	0	4225
20000	1.8	0	5199
20000	1.9	0	6480
20000	2	0	8328
20000	2.1	0	10728
20000	2.2	0	13944
20000	2.3	0	17310
20000	2.4	0	19817
20000	2.5	0	19773
20000	2.6	0	19490
20000	2.7	0	19393
20000	2.8	0	19419
20000	2.9	0	19163
20000	3	0	19407
20000	3.1	0	19247
20000	3.2	0	19555
20000	3.3	0	19402
20000	3.4	0	19471
20000	3.5	0	19353
20000	3.6	0	19518
20000	3.7	0	19196
20000	3.8	0	19591
20000	3.9	0	19558
20000	4	0	19321
20000	4.1	0	19418
20000	4.2	0	19344
20000	4.3	0	19443
20000	4.4	0	19474
20000	4.5	0	19526
20000	4.6	0	19345
20000	4.7	0	19498
20000	4.8	0	19354
20000	4.9	0	19206
20000	5	0	19593
20000	5.1	0	19213
20000	5.2	0	18650
20000	5.3	0	17497
20000	5.4	0	16498
20000	5.5	0	15469
20000	5.6	0	14155
20000	5.7	0	12786
20000	5.8	0	11784
20000	5.9	0	10766
20000	6	0	9799
20000	6.1	0	9013
20000	6.2	0	8178
20000	6.3	0	7545
20000	6.4	0	6738
20000	6.5	0	6266
20000	6.6	0	5921
20000	6.7	0	5265
20000	6.8	0	4812
20000	6.9	0	4562
20000	7	0	4224
20000	7.1	0	4023
20000	7.2	0	3816
20000	7.3	0	3523
20000	7.4	0	3296
20000	7.5	0	3091
20000	7.6	0	3000
20000	7.7	0	2792
20000	7.8	0	2725
20000	7.9	0	2609
20000	8	0	2339
20000	8.1	0	2310
20000	8.2	0	2204
20000	8.3	0	2242
20000	8.4	0	2063
20000	8.5	0	2025
20000	8.6	0	1929
20000	8.7	0	1820
20000	8.8	0	1774
20000	8.9	0	1746
20000	9	0	1684
20000	9.1	0	1587
20000	9.2	0	1583
20000	9.3	0	1484
20000	9.4	0	1482
20000	9.5	0	1476
20000	9.6	0	1358
20000	9.7	0	1449
20000	9.8	0	1293
20000	9.9	0	1356
20000	10	0	1256
20000	10.1	0	1272
20000	10.2	0	1193
20000	10.3	0	1193
20000	10.4	0	1194
20000	10.5	0	1215
20000	10.6	0	1068
20000	10.7	0	1152
20000	10.8	0	1089
20000	10.9	0	1164
20000	11	0	1117
20000	11.1	0	1088
20000	11.2	0	1067
20000	11.3	0	1121
20000	11.4	0	1034
20000	11.5	0	1007
20000	11.6	0	1068
20000	11.7	0	1080
20000	11.8	0	1005
20000	11.9	0	1115
20000	12	0	1065
20000	12.1	0	1041
20000	12.2	0	1080
20000	12.3	0	1108
20000	12.4	0	1041
20000	12.5	0	1066
20000	12.6	0	1078
20000	12.7	0	1054
20000	12.8	0	1056
20000	12.9	0	997
20000	13	0	1017
20000	13.1	0	1031
20000	13.2	0	1036
20000	13.3	0	1077
20000	13.4	0	1055
20000	13.5	0	1052
20000	13.6	0	1062
20000	13.7	0	1082
20000	13.8	0	1049
20000	13.9	0	1089
20000	14	0	1046
20000	14.1	0	1054
20000	14.2	0	1080
20000	14.3	0	1016
20000	14.4	0	1082
20000	14.5	0	1087
20000	14.6	0	1100
20000	14.7	0	1000
20000	14.8	0	1104
20000	14.9	0	1047
20000	15	0	1008
20000	15.1	0	1020
20000	15.2	0	1069
20000	15.3	0	1041
20000	15.4	0	1100
20000	15.5	0	1080
20000	15.6	0	1025
20000	15.7	0	980
20000	15.8	0	1055
20000	15.9	0	1060
20000	16	0	1062
20000	16.1	0	1084
20000	16.2	0	1101
20000	16.3	0	1078
20000	16.4	0	1030
20000	16.5	0	1094
20000	16.6	0	1108
20000	16.7	0	1059
20000	16.8	0	1035
20000	16.9	0	1000
20000	17	0	1087
20000	17.1	0	1019
20000	17.2	0	1031
20000	17.3	0	1036
20000	17.4	0	1021
20000	17.5	0	1115
20000	17.6	0	1019
20000	17.7	0	1077
20000	17.8	0	1012
20000	17.9	0	1021
20000	18	0	1060
20000	18.1	0	1071
20000	18.2	0	1061
20000	18.3	0	1071
20000	18.4	0	1028
20000	18.5	0	1011
20000	18.6	0	1031
20000	18.7	0	1022
20000	18.8	0	1019
20000	18.9	0	1037
20000	19	0	990
20000	19.1	0	1073
20000	19.2	0	972
20000	19.3	0	1081
20000	19.4	0	1074
20000	19.5	0	1098
20000	19.6	0	1046
20000	19.7	0	1033
20000	19.8	0	1043
20000	19.9	0	1009
