4000	0	0	1260
4000	0.1	0	1308
4000	0.2	0	1302
4000	0.3	0	1335
4000	0.4	0	1419
4000	0.5	0	1482
4000	0.6	0	1557
4000	0.7	0	1675
4000	0.8	0	1761
4000	0.9	0	2021
4000	1	0	2254
4000	1.1	0	2357
4000	1.2	0	2648
4000	1.3	0	3036
4000	1.4	0	3462
4000	1.5	0	4273
4000	1.6	0	5065
4000	1.7	0	6208
4000	1.8	0	7582
4000	1.9	0	9514
4000	2	0	12179
4000	2.1	0	15052
4000	2.2	0	17821
4000	2.3	0	18828
4000	2.4	0	18335
4000	2.5	0	16636
4000	2.6	0	16216
4000	2.7	0	16215
4000	2.8	0	16493
4000	2.9	0	16665
4000	3	0	16902
4000	3.1	0	17059
4000	3.2	0	16875
4000	3.3	0	16892
4000	3.4	0	16936
4000	3.5	0	16579
4000	3.6	0	16779
4000	3.7	0	16851
4000	3.8	0	16795
4000	3.9	0	16856
4000	4	0	16795
4000	4.1	0	16845
4000	4.2	0	17001
4000	4.3	0	16772
4000	4.4	0	16907
4000	4.5	0	16781
4000	4.6	0	16602
4000	4.7	0	16765
4000	4.8	0	16590
4000	4.9	0	16704
4000	5	0	16797
4000	5.1	0	16722
4000	5.2	0	16613
4000	5.3	0	16523
4000	5.4	0	16010
4000	5.5	0	15426
4000	5.6	0	14933
4000	5.7	0	14205
4000	5.8	0	13382
4000	5.9	0	12619
4000	6	0	11675
4000	6.1	0	10904
4000	6.2	0	9847
4000	6.3	0	9193
4000	6.4	0	8378
4000	6.5	0	7619
4000	6.6	0	7047
4000	6.7	0	6623
4000	6.8	0	5974
4000	6.9	0	5495
4000	7	0	5064
4000	7.1	0	4734
4000	7.2	0	4417
4000	7.3	0	4079
4000	7.4	0	3916
4000	7.5	0	3609
4000	7.6	0	3475
4000	7.7	0	3292
4000	7.8	0	3119
4000	7.9	0	2919
4000	8	0	2784
4000	8.1	0	2672
4000	8.2	0	2668
4000	8.3	0	2456
4000	8.4	0	2361
4000	8.5	0	2294
4000	8.6	0	2170
4000	8.7	0	2123
4000	8.8	0	1977
4000	8.9	0	2020
4000	9	0	1858
4000	9.1	0	1865
4000	9.2	0	1799
4000	9.3	0	1779
4000	9.4	0	1626
4000	9.5	0	1677
4000	9.6	0	1589
4000	9.7	0	1559
4000	9.8	0	1586
4000	9.9	0	1464
4000	10	0	1471
4000	10.1	0	1453
4000	10.2	0	1387
4000	10.3	0	1358
4000	10.4	0	1370
4000	10.5	0	1339
4000	10.6	0	1343
4000	10.7	0	1280
4000	10.8	0	1283
4000	10.9	0	1266
4000	11	0	1236
4000	11.1	0	1257
4000	11.2	0	1218
4000	11.3	0	1237
4000	11.4	0	1247
4000	11.5	0	1262
4000	11.6	0	1203
4000	11.7	0	1226
4000	11.8	0	1203
4000	11.9	0	1167
4000	12	0	1179
4000	12.1	0	1210
4000	12.2	0	1160
4000	12.3	0	1277
4000	12.4	0	1230
4000	12.5	0	1228
4000	12.6	0	1231
4000	12.7	0	1220
4000	12.8	0	1260
4000	12.9	0	1206
4000	13	0	1235
4000	13.1	0	1180
4000	13.2	0	1159
4000	13.3	0	1205
4000	13.4	0	1142
4000	13.5	0	1215
4000	13.6	0	1223
4000	13.7	0	1191
4000	13.8	0	1215
4000	13.9	0	1150
4000	14	0	1197
4000	14.1	0	1185
4000	14.2	0	1154
4000	14.3	0	1253
4000	14.4	0	1157
4000	14.5	0	1184
4000	14.6	0	1187
4000	14.7	0	1184
4000	14.8	0	1185
4000	14.9	0	1183
4000	15	0	1219
4000	15.1	0	1159
4000	15.2	0	1264
4000	15.3	0	1226
4000	15.4	0	1172
4000	15.5	0	1171
4000	15.6	0	1267
4000	15.7	0	1192
4000	15.8	0	1133
4000	15.9	0	1178
4000	16	0	1165
4000	16.1	0	1235
4000	16.2	0	1242
4000	16.3	0	1204
4000	16.4	0	1274
4000	16.5	0	1203
4000	16.6	0	1226
4000	16.7	0	1214
4000	16.8	0	1195
4000	16.9	0	1245
4000	17	0	1192
4000	17.1	0	1184
4000	17.2	0	1193
4000	17.3	0	1166
4000	17.4	0	1189
4000	17.5	0	1239
4000	17.6	0	1215
4000	17.7	0	1207
4000	17.8	0	1237
4000	17.9	0	1270
4000	18	0	1239
4000	18.1	0	1225
4000	18.2	0	1270
4000	18.3	0	1235
4000	18.4	0	1152
4000	18.5	0	1192
4000	18.6	0	1221
4000	18.7	0	1275
4000	18.8	0	1237
4000	18.9	0	1229
4000	19	0	1210
4000	19.1	0	1274
4000	19.2	0	1262
4000	19.3	0	1312
4000	19.4	0	1249
4000	19.5	0	1192
4000	19.6	0	1145
4000	19.7	0	1331
4000	19.8	0	1225
4000	19.9	0	1277
8000	0	0	1258
8000	0.1	0	1333
8000	0.2	0	1278
8000	0.3	0	1366
8000	0.4	0	1453
8000	0.5	0	1405
8000	0.6	0	1508
8000	0.7	0	1640
8000	0.8	0	1803
8000	0.9	0	1936
8000	1	0	2125
8000	1.1	0	2353
8000	1.2	0	2673
8000	1.3	0	3156
8000	1.4	0	3538
8000	1.5	0	4207
8000	1.6	0	5021
8000	1.7	0	6092
8000	1.8	0	7665
8000	1.9	0	9579
8000	2	0	12171
8000	2.1	0	15079
8000	2.2	0	17681
8000	2.3	0	19085
8000	2.4	0	18090
8000	2.5	0	16348
8000	2.6	0	16320
8000	2.7	0	16366
8000	2.8	0	16540
8000	2.9	0	16870
8000	3	0	16988
8000	3.1	0	16999
8000	3.2	0	16661
8000	3.3	0	16753
8000	3.4	0	16944
8000	3.5	0	16881
8000	3.6	0	16766
8000	3.7	0	16601
8000	3.8	0	16883
8000	3.9	0	17038
8000	4	0	16809
8000	4.1	0	16802
8000	4.2	0	16625
8000	4.3	0	16777
8000	4.4	0	16888
8000	4.5	0	16632
8000	4.6	0	16902
8000	4.7	0	16801
8000	4.8	0	16747
8000	4.9	0	16578
8000	5	0	16706
8000	5.1	0	16753
8000	5.2	0	16498
8000	5.3	0	16367
8000	5.4	0	16009
8000	5.5	0	15521
8000	5.6	0	14928
8000	5.7	0	14193
8000	5.8	0	13333
8000	5.9	0	12515
8000	6	0	11568
8000	6.1	0	10913
8000	6.2	0	9777
8000	6.3	0	8947
8000	6.4	0	8492
8000	6.5	0	7708
8000	6.6	0	7155
8000	6.7	0	6604
8000	6.8	0	5934
8000	6.9	0	5561
8000	7	0	5057
8000	7.1	0	4715
8000	7.2	0	4472
8000	7.3	0	4123
8000	7.4	0	3932
8000	7.5	0	3792
8000	7.6	0	3513
8000	7.7	0	3423
8000	7.8	0	3204
8000	7.9	0	2933
8000	8	0	2845
8000	8.1	0	2667
8000	8.2	0	2494
8000	8.3	0	2466
8000	8.4	0	2362
8000	8.5	0	2256
8000	8.6	0	2264
8000	8.7	0	2053
8000	8.8	0	2087
8000	8.9	0	2051
8000	9	0	1902
8000	9.1	0	1859
8000	9.2	0	1834
8000	9.3	0	1784
8000	9.4	0	1625
8000	9.5	0	1679
8000	9.6	0	1615
8000	9.7	0	1560
8000	9.8	0	1552
8000	9.9	0	1430
8000	10	0	1437
8000	10.1	0	1451
8000	10.2	0	1377
8000	10.3	0	1364
8000	10.4	0	1367
8000	10.5	0	1325
8000	10.6	0	1322
8000	10.7	0	1344
8000	10.8	0	1223
8000	10.9	0	1314
8000	11	0	1287
8000	11.1	0	1220
8000	11.2	0	1173
8000	11.3	0	1152
8000	11.4	0	1200
8000	11.5	0	1195
8000	11.6	0	1253
8000	11.7	0	1166
8000	11.8	0	1234
8000	11.9	0	1244
8000	12	0	1183
8000	12.1	0	1196
8000	12.2	0	1236
8000	12.3	0	1190
8000	12.4	0	1255
8000	12.5	0	1175
8000	12.6	0	1268
8000	12.7	0	1223
8000	12.8	0	1210
8000	12.9	0	1196
8000	13	0	1291
8000	13.1	0	1146
8000	13.2	0	1120
8000	13.3	0	1180
8000	13.4	0	1272
8000	13.5	0	1166
8000	13.6	0	1238
8000	13.7	0	1264
8000	13.8	0	1189
8000	13.9	0	1179
8000	14	0	1217
8000	14.1	0	1203
8000	14.2	0	1213
8000	14.3	0	1165
8000	14.4	0	1165
8000	14.5	0	1172
8000	14.6	0	1219
8000	14.7	0	1233
8000	14.8	0	1203
8000	14.9	0	1160
8000	15	0	1187
8000	15.1	0	1287
8000	15.2	0	1188
8000	15.3	0	1175
8000	15.4	0	1184
8000	15.5	0	1225
8000	15.6	0	1222
8000	15.7	0	1229
8000	15.8	0	1183
8000	15.9	0	1235
8000	16	0	1170
8000	16.1	0	1249
8000	16.2	0	1196
8000	16.3	0	1151
8000	16.4	0	1206
8000	16.5	0	1248
8000	16.6	0	1177
8000	16.7	0	1254
8000	16.8	0	1115
8000	16.9	0	1221
8000	17	0	1216
8000	17.1	0	1212
8000	17.2	0	1294
8000	17.3	0	1178
8000	17.4	0	1194
8000	17.5	0	1253
8000	17.6	0	1219
8000	17.7	0	1221
8000	17.8	0	1260
8000	17.9	0	1233
8000	18	0	1206
8000	18.1	0	1275
8000	18.2	0	1233
8000	18.3	0	1201
8000	18.4	0	1211
8000	18.5	0	1170
8000	18.6	0	1217
8000	18.7	0	1214
8000	18.8	0	1235
8000	18.9	0	1228
8000	19	0	1241
8000	19.1	0	1259
8000	19.2	0	1273
8000	19.3	0	1227
8000	19.4	0	1217
8000	19.5	0	1275
8000	19.6	0	1287
8000	19.7	0	1284
8000	19.8	0	1261
8000	19.9	0	1284
12000	0	0	1333
12000	0.1	0	1311
12000	0.2	0	1303
12000	0.3	0	1333
12000	0.4	0	1416
12000	0.5	0	1484
12000	0.6	0	1572
12000	0.7	0	1659
12000	0.8	0	1781
12000	0.9	0	1865
12000	1	0	2102
12000	1.1	0	2322
12000	1.2	0	2634
12000	1.3	0	3056
12000	1.4	0	3564
12000	1.5	0	4078
12000	1.6	0	5014
12000	1.7	0	6113
12000	1.8	0	7791
12000	1.9	0	9489
12000	2	0	12032
12000	2.1	0	14932
12000	2.2	0	18063
12000	2.3	0	18760
12000	2.4	0	18128
12000	2.5	0	16603
12000	2.6	0	16120
12000	2.7	0	16105
12000	2.8	0	16574
12000	2.9	0	16790
12000	3	0	16973
12000	3.1	0	16966
12000	3.2	0	16813
12000	3.3	0	16786
12000	3.4	0	16901
12000	3.5	0	16828
12000	3.6	0	16709
12000	3.7	0	17063
12000	3.8	0	16720
12000	3.9	0	16690
12000	4	0	16768
12000	4.1	0	16810
12000	4.2	0	16834
12000	4.3	0	16886
12000	4.4	0	17055
12000	4.5	0	16732
12000	4.6	0	16719
12000	4.7	0	16479
12000	4.8	0	16762
12000	4.9	0	16684
12000	5	0	17092
12000	5.1	0	16559
12000	5.2	0	16764
12000	5.3	0	16309
12000	5.4	0	16004
12000	5.5	0	15280
12000	5.6	0	14818
12000	5.7	0	14301
12000	5.8	0	13457
12000	5.9	0	12587
12000	6	0	11641
12000	6.1	0	10751
12000	6.2	0	9966
12000	6.3	0	9064
12000	6.4	0	8521
12000	6.5	0	7669
12000	6.6	0	7112
12000	6.7	0	6488
12000	6.8	0	5995
12000	6.9	0	5427
12000	7	0	5243
12000	7.1	0	4760
12000	7.2	0	4386
12000	7.3	0	4216
12000	7.4	0	4032
12000	7.5	0	3530
12000	7.6	0	3493
12000	7.7	0	3316
12000	7.8	0	3109
12000	7.9	0	3055
12000	8	0	2744
12000	8.1	0	2698
12000	8.2	0	2569
12000	8.3	0	2519
12000	8.4	0	2337
12000	8.5	0	2158
12000	8.6	0	2188
12000	8.7	0	2091
12000	8.8	0	2046
12000	8.9	0	1927
12000	9	0	1915
12000	9.1	0	1891
12000	9.2	0	1785
12000	9.3	0	1796
12000	9.4	0	1743
12000	9.5	0	1693
12000	9.6	0	1634
12000	9.7	0	1572
12000	9.8	0	1471
12000	9.9	0	1528
12000	10	0	1449
12000	10.1	0	1441
12000	10.2	0	1410
12000	10.3	0	1423
12000	10.4	0	1392
12000	10.5	0	1330
12000	10.6	0	1360
12000	10.7	0	1275
12000	10.8	0	1284
12000	10.9	0	1300
12000	11	0	1217
12000	11.1	0	1267
12000	11.2	0	1251
12000	11.3	0	1287
12000	11.4	0	1263
12000	11.5	0	1159
12000	11.6	0	1233
12000	11.7	0	1132
12000	11.8	0	1177
12000	11.9	0	1214
12000	12	0	1260
12000	12.1	0	1180
12000	12.2	0	1208
12000	12.3	0	1169
12000	12.4	0	1213
12000	12.5	0	1188
12000	12.6	0	1188
12000	12.7	0	1221
12000	12.8	0	1225
12000	12.9	0	1183
12000	13	0	1242
12000	13.1	0	1164
12000	13.2	0	1189
12000	13.3	0	1230
12000	13.4	0	1211
12000	13.5	0	1156
12000	13.6	0	1193
12000	13.7	0	1218
12000	13.8	0	1268
12000	13.9	0	1189
12000	14	0	1214
12000	14.1	0	1185
12000	14.2	0	1286
12000	14.3	0	1241
12000	14.4	0	1224
12000	14.5	0	1207
12000	14.6	0	1221
12000	14.7	0	1223
12000	14.8	0	1180
12000	14.9	0	1249
12000	15	0	1204
12000	15.1	0	1188
12000	15.2	0	1205
12000	15.3	0	1261
12000	15.4	0	1216
12000	15.5	0	1178
12000	15.6	0	1213
12000	15.7	0	1183
12000	15.8	0	1177
12000	15.9	0	1221
12000	16	0	1155
12000	16.1	0	1191
12000	16.2	0	1173
12000	16.3	0	1185
12000	16.4	0	1145
12000	16.5	0	1220
12000	16.6	0	1232
12000	16.7	0	1199
12000	16.8	0	1208
12000	16.9	0	1193
12000	17	0	1212
12000	17.1	0	1238
12000	17.2	0	1189
12000	17.3	0	1237
12000	17.4	0	1176
12000	17.5	0	1207
12000	17.6	0	1259
12000	17.7	0	1193
12000	17.8	0	1258
12000	17.9	0	1127
12000	18	0	1260
12000	18.1	0	1300
12000	18.2	0	1230
12000	18.3	0	1225
12000	18.4	0	1236
12000	18.5	0	1264
12000	18.6	0	1289
12000	18.7	0	1237
12000	18.8	0	1263
12000	18.9	0	1251
12000	19	0	1223
12000	19.1	0	1251
12000	19.2	0	1305
12000	19.3	0	1224
12000	19.4	0	1137
12000	19.5	0	1236
12000	19.6	0	1252
12000	19.7	0	1250
12000	19.8	0	1293
12000	19.9	0	1287
16000	0	0	1270
16000	0.1	0	1323
16000	0.2	0	1288
16000	0.3	0	1344
16000	0.4	0	1391
16000	0.5	0	1433
16000	0.6	0	1525
16000	0.7	0	1670
16000	0.8	0	1797
16000	0.9	0	1979
16000	1	0	2027
16000	1.1	0	2330
16000	1.2	0	2664
16000	1.3	0	3081
16000	1.4	0	3594
16000	1.5	0	4232
16000	1.6	0	5081
16000	1.7	0	6126
16000	1.8	0	7576
16000	1.9	0	9559
16000	2	0	12133
16000	2.1	0	15007
16000	2.2	0	17931
16000	2.3	0	18871
16000	2.4	0	18099
16000	2.5	0	16525
16000	2.6	0	16266
16000	2.7	0	16176
16000	2.8	0	16468
16000	2.9	0	16693
16000	3	0	17002
16000	3.1	0	16853
16000	3.2	0	17051
16000	3.3	0	16868
16000	3.4	0	16848
16000	3.5	0	16699
16000	3.6	0	16765
16000	3.7	0	16782
16000	3.8	0	16806
16000	3.9	0	16928
16000	4	0	16701
16000	4.1	0	16871
16000	4.2	0	16755
16000	4.3	0	16824
16000	4.4	0	16706
16000	4.5	0	16838
16000	4.6	0	16748
16000	4.7	0	16651
16000	4.8	0	16840
16000	4.9	0	16602
16000	5	0	16937
16000	5.1	0	16609
16000	5.2	0	16660
16000	5.3	0	16213
16000	5.4	0	16230
16000	5.5	0	15528
16000	5.6	0	14769
16000	5.7	0	14282
16000	5.8	0	13480
16000	5.9	0	12535
16000	6	0	11680
16000	6.1	0	10754
16000	6.2	0	10044
16000	6.3	0	8942
16000	6.4	0	8339
16000	6.5	0	7694
16000	6.6	0	7272
16000	6.7	0	6418
16000	6.8	0	5889
16000	6.9	0	5589
16000	7	0	5208
16000	7.1	0	4800
16000	7.2	0	4627
16000	7.3	0	4209
16000	7.4	0	3890
16000	7.5	0	3679
16000	7.6	0	3448
16000	7.7	0	3335
16000	7.8	0	3154
16000	7.9	0	2884
16000	8	0	2800
16000	8.1	0	2666
16000	8.2	0	2572
16000	8.3	0	2436
16000	8.4	0	2375
16000	8.5	0	2228
16000	8.6	0	2193
16000	8.7	0	2101
16000	8.8	0	2102
16000	8.9	0	1995
16000	9	0	1862
16000	9.1	0	1867
16000	9.2	0	1828
16000	9.3	0	1763
16000	9.4	0	1670
16000	9.5	0	1653
16000	9.6	0	1663
16000	9.7	0	1515
16000	9.8	0	1486
16000	9.9	0	1538
16000	10	0	1504
16000	10.1	0	1397
16000	10.2	0	1473
16000	10.3	0	1401
16000	10.4	0	1341
16000	10.5	0	1338
16000	10.6	0	1323
16000	10.7	0	1287
16000	10.8	0	1319
16000	10.9	0	1395
16000	11	0	1240
16000	11.1	0	1247
16000	11.2	0	1242
16000	11.3	0	1251
16000	11.4	0	1310
16000	11.5	0	1180
16000	11.6	0	1224
16000	11.7	0	1209
16000	11.8	0	1216
16000	11.9	0	1189
16000	12	0	1197
16000	12.1	0	1183
16000	12.2	0	1202
16000	12.3	0	1200
16000	12.4	0	1244
16000	12.5	0	1200
16000	12.6	0	1214
16000	12.7	0	1127
16000	12.8	0	1207
16000	12.9	0	1229
16000	13	0	1270
16000	13.1	0	1163
16000	13.2	0	1259
16000	13.3	0	1208
16000	13.4	0	1210
16000	13.5	0	1173
16000	13.6	0	1207
16000	13.7	0	1211
16000	13.8	0	1200
16000	13.9	0	1209
16000	14	0	1194
16000	14.1	0	1249
16000	14.2	0	1210
16000	14.3	0	1178
16000	14.4	0	1220
16000	14.5	0	1290
16000	14.6	0	1166
16000	14.7	0	1171
16000	14.8	0	1173
16000	14.9	0	1210
16000	15	0	1267
16000	15.1	0	1190
16000	15.2	0	1167
16000	15.3	0	1166
16000	15.4	0	1222
16000	15.5	0	1200
16000	15.6	0	1187
16000	15.7	0	1134
16000	15.8	0	1239
16000	15.9	0	1149
16000	16	0	1200
16000	16.1	0	1176
16000	16.2	0	1217
16000	16.3	0	1203
16000	16.4	0	1206
16000	16.5	0	1221
16000	16.6	0	1237
16000	16.7	0	1243
16000	16.8	0	1194
16000	16.9	0	1197
16000	17	0	1221
16000	17.1	0	1214
16000	17.2	0	1194
16000	17.3	0	1255
16000	17.4	0	1156
16000	17.5	0	1230
16000	17.6	0	1213
16000	17.7	0	1241
16000	17.8	0	1197
16000	17.9	0	1168
16000	18	0	1178
16000	18.1	0	1222
16000	18.2	0	1212
16000	18.3	0	1197
16000	18.4	0	1293
16000	18.5	0	1184
16000	18.6	0	1221
16000	18.7	0	1229
16000	18.8	0	1189
16000	18.9	0	1213
16000	19	0	1244
16000	19.1	0	1238
16000	19.2	0	1208
16000	19.3	0	1299
16000	19.4	0	1231
16000	19.5	0	1240
16000	19.6	0	1240
16000	19.7	0	1251
16000	19.8	0	1335
16000	19.9	0	1204
20000	0	0	1268
20000	0.1	0	1286
20000	0.2	0	1321
20000	0.3	0	1322
20000	0.4	0	1493
20000	0.5	0	1517
20000	0.6	0	1504
20000	0.7	0	1663
20000	0.8	0	1721
20000	0.9	0	1975
20000	1	0	2144
20000	1.1	0	2290
20000	1.2	0	2753
20000	1.3	0	3211
20000	1.4	0	3534
20000	1.5	0	4348
20000	1.6	0	4968
20000	1.7	0	6108
20000	1.8	0	7425
20000	1.9	0	9733
20000	2	0	12160
20000	2.1	0	15059
20000	2.2	0	17690
20000	2.3	0	18967
20000	2.4	0	18429
20000	2.5	0	16523
20000	2.6	0	16058
20000	2.7	0	16407
20000	2.8	0	16485
20000	2.9	0	16721
20000	3	0	16951
20000	3.1	0	17063
20000	3.2	0	16717
20000	3.3	0	17077
20000	3.4	0	16955
20000	3.5	0	16695
20000	3.6	0	16731
20000	3.7	0	16876
20000	3.8	0	16799
20000	3.9	0	16860
20000	4	0	16866
20000	4.1	0	16598
20000	4.2	0	16835
20000	4.3	0	16964
20000	4.4	0	16882
20000	4.5	0	16631
20000	4.6	0	16726
20000	4.7	0	16778
20000	4.8	0	16675
20000	4.9	0	16781
20000	5	0	16820
20000	5.1	0	16716
20000	5.2	0	16664
20000	5.3	0	16329
20000	5.4	0	15818
20000	5.5	0	15326
20000	5.6	0	14852
20000	5.7	0	14196
20000	5.8	0	13469
20000	5.9	0	12706
20000	6	0	11616
20000	6.1	0	10737
20000	6.2	0	9778
20000	6.3	0	9076
20000	6.4	0	8433
20000	6.5	0	7628
20000	6.6	0	7089
20000	6.7	0	6464
20000	6.8	0	5978
20000	6.9	0	5571
20000	7	0	5171
20000	7.1	0	4727
20000	7.2	0	4376
20000	7.3	0	4054
20000	7.4	0	4016
20000	7.5	0	3644
20000	7.6	0	3512
20000	7.7	0	3283
20000	7.8	0	3144
20000	7.9	0	2933
20000	8	0	2840
20000	8.1	0	2689
20000	8.2	0	2565
20000	8.3	0	2454
20000	8.4	0	2406
20000	8.5	0	2304
20000	8.6	0	2155
20000	8.7	0	2150
20000	8.8	0	2084
20000	8.9	0	1898
20000	9	0	1909
20000	9.1	0	1810
20000	9.2	0	1835
20000	9.3	0	1643
20000	9.4	0	1690
20000	9.5	0	1680
20000	9.6	0	1656
20000	9.7	0	1567
20000	9.8	0	1523
20000	9.9	0	1505
20000	10	0	1493
20000	10.1	0	1380
20000	10.2	0	1446
20000	10.3	0	1389
20000	10.4	0	1348
20000	10.5	0	1348
20000	10.6	0	1252
20000	10.7	0	1314
20000	10.8	0	1297
20000	10.9	0	1337
20000	11	0	1211
20000	11.1	0	1209
20000	11.2	0	1240
20000	11.3	0	1174
20000	11.4	0	1184
20000	11.5	0	1198
20000	11.6	0	1234
20000	11.7	0	1285
20000	11.8	0	1233
20000	11.9	0	1239
20000	12	0	1191
20000	12.1	0	1224
20000	12.2	0	1114
20000	12.3	0	1177
20000	12.4	0	1134
20000	12.5	0	1154
20000	12.6	0	1254
20000	12.7	0	1205
20000	12.8	0	1155
20000	12.9	0	1209
20000	13	0	1228
20000	13.1	0	1204
20000	13.2	0	1251
20000	13.3	0	1218
20000	13.4	0	1230
20000	13.5	0	1265
20000	13.6	0	1170
20000	13.7	0	1182
20000	13.8	0	1227
20000	13.9	0	1178
20000	14	0	1172
20000	14.1	0	1142
20000	14.2	0	1187
20000	14.3	0	1169
20000	14.4	0	1224
20000	14.5	0	1218
20000	14.6	0	1220
20000	14.7	0	1229
20000	14.8	0	1213
20000	14.9	0	1184
20000	15	0	1207
20000	15.1	0	1187
20000	15.2	0	1239
20000	15.3	0	1269
20000	15.4	0	1215
20000	15.5	0	1251
20000	15.6	0	1230
20000	15.7	0	1153
20000	15.8	0	1185
20000	15.9	0	1255
20000	16	0	1233
20000	16.1	0	1150
20000	16.2	0	1226
20000	16.3	0	1153
20000	16.4	0	1262
20000	16.5	0	1213
20000	16.6	0	1215
20000	16.7	0	1235
20000	16.8	0	1219
20000	16.9	0	1175
20000	17	0	1217
20000	17.1	0	1163
20000	17.2	0	1158
20000	17.3	0	1196
20000	17.4	0	1187
20000	17.5	0	1290
20000	17.6	0	1232
20000	17.7	0	1253
20000	17.8	0	1199
20000	17.9	0	1229
20000	18	0	1232
20000	18.1	0	1266
20000	18.2	0	1289
20000	18.3	0	1213
20000	18.4	0	1223
20000	18.5	0	1239
20000	18.6	0	1244
20000	18.7	0	1229
20000	18.8	0	1253
20000	18.9	0	1226
20000	19	0	1210
20000	19.1	0	1275
20000	19.2	0	1194
20000	19.3	0	1264
20000	19.4	0	1246
20000	19.5	0	1262
20000	19.6	0	1258
20000	19.7	0	1214
20000	19.8	0	1264
20000	19.9	0	1232
