400000.0002	-500.593	543.549	-645.296	-886.146	-800.067	-155.393	-50.4178	-148.558	-674.708	-1678.42	230.016	-110.397	615.311	-1114.03	205.244	-341.224	899.51	957.256	-990.318	60.8794	-1288.81	-1923.24	183.02	-699.713	-1492.97	1519.56	45.4143	1275.94	-1641.42	367.714	917.542	867.224	-1847.93	717.996	-768.777	429.995	-449.524	1338.91	1494.35	-1872.59	-635.93	-1038.75	-1428.29	-1369.28	-376.211	757.892	-677.531	340.278	224.17	794.832	-124.954	-1497.78	530.847	-561.649	1808.06	516.053	-1518.94	-1591.89	638.526	-1149.33	-660.681	1015.99	-828.764	260.105	242.951	-480.567	735.457	-916.116	531.168	-46.6142	-377.285	204.716	-486.797	1733.94	130.031	1001.35	-721.627	659.328	341.621	-148.013	9.80528	860.836	-350.602	448.906	-268.55	38.5064	-644.628	1369.45	-39.8153	-677.944	1321.86	-653.932	1171.55	659.993	-885.802	381.924	-333.881	558.374	-113.454	-182.836	-318.588	-557.95	510.653	-981.45	-285.408	-637.653	-22.5123	269.668	444.647	-113.978	-286.093	667.353	-663.915	-452.021	392.128	1482.29	-1120.69	1492.63	-151.554	437.053
400000.0002	493.966	23.8616	-1388.56	-380.99	972.64	375.483	-500.561	1390.92	-506.136	-885.039	-1501.83	458.097	2051.59	-1112.54	110.681	877.912	-6.24606	472.404	419.955	-475.916	-189.612	-608.371	1521.45	-101.986	385.102	1064.82	330.307	-1173.63	-2347.42	-905.497	-628.946	319.321	-863.819	1307.58	1257.53	3.00006	-827.3	-1587.9	262.041	1228.52	-31.5535	-1289.39	621.475	1598.14	806.522	-723.279	772.303	1369.99	162.356	476.384	863.141	1546.91	41.7859	-661.805	6.02307	149.811	-917.226	937.159	149.272	175.108	-185.806	355.142	-1848.14	-806.783	1632.51	635.701	-510.642	-71.3157	88.1149	-358.942	485.27	463.823	140.037	-580.831	2237.18	-280.907	-62.2742	154.42	69.9339	11.8504	796.186	-613.767	-564.198	-236.275	-1751.51	-1430.33	-804.079	-548.63	-1140.65	-123.395	-1115.54	786.381	734.069	-648.075	-518.252	-2191.78	-790.107	-526.786	166.068	471.371	-465.925	755.557	-443.187	-375.159	2567.92	258.393	-1161.35	-58.3176	-29.6976	-21.9078	1253.54	1275.77	1349.65	333.055	-246.279	-283.372	719.999	-151.111	157.794	409.167
800000.0001	-1982.19	1619.87	-1498.36	-1140.78	-1835.03	-1776.15	-373.154	-734.49	-430.192	-2809.36	159.265	1217.72	1106.82	-2884.85	338.477	202.608	40.0692	2673.26	-2495.94	395.602	-1109.33	-2946.42	1953.66	-3040.53	-190.065	2220.59	-688.28	595.654	-1001.24	1188.31	-419.849	2305.29	-2811.17	-1095.09	-2651.22	-1432.52	-254.898	1376.85	840.059	-2167.18	537.838	549.542	-720.89	-607.028	-1246.4	-10.6668	-224.331	1173.92	745.094	1398.29	-1060.59	-830.49	1263.24	-521.068	746.954	-593.217	-1527.43	-1088.11	744.381	-2054.29	542.885	-369.759	-1246.47	587.138	40.1643	332.24	3451.2	229.052	751.506	-869.592	-56.4994	-181.832	-10.2996	633.77	-352.142	2553.08	-1346.78	423.886	-70.6297	-480.526	-2608.8	50.5578	-206.709	1352.02	-839.133	856.61	-1014.34	1608.79	218.366	1678.6	1522.21	-208.726	1032.2	1322.47	-3590.12	-50.5646	-1199.95	-756.546	-1433.71	-82.1741	647.329	-451.268	-225.719	-1666.75	-427.433	-864.092	317.885	975.717	-243.504	463.109	112.66	-164.514	-2266.28	-868.572	1080.45	813.992	-397.991	1817.94	-200.489	-251.682
800000.0001	-257.034	-187.146	-1108.83	987.02	1068.11	260.121	88.4638	261.812	-343.891	-384.378	-391.733	-398.738	3322.74	-1048.8	-1046.73	20.656	302.1	952.969	-1105.97	-1318.93	-203.645	16.2394	2583.17	837.837	237.163	378.576	604.046	796.825	-1873.29	-300.403	-1307.31	272.826	505.279	1386.97	200.289	379.387	-501.512	-2233.53	420.953	1414.58	-1383.29	-414.482	-1176.6	1673.56	93.6476	-297.52	353.08	1927.68	691.787	-967.951	1170.24	536.547	1799	-1224.36	-2507.45	237.417	-1308.02	2583.11	-909.723	-524.452	891.735	1977.25	-3878.57	295.372	1194.9	2057.68	35.9598	267.616	-773.429	806.352	-1673.91	386.197	-1058.27	108.382	1406.86	201.874	-1370.41	274.09	1262.6	944.045	277.903	-581.766	175.232	368.32	-2849.16	-2613.89	-370.278	-232.646	-1221.28	1690.73	-347.452	2242.86	1667.69	403.005	-12.7113	-1406.51	-382.245	-966.988	36.3269	-978.795	-1832.91	252.782	-1272.2	-3114.95	3147.17	-463.305	-1287.92	1396.25	-326.148	343.553	-154.565	1684.97	855.079	-275.22	-466.639	-290.884	388.094	-2463.86	262.964	-899.07
1200000.0002	-784.755	1688.76	-1101.16	-1017.04	-3641.78	-2187.16	-855.592	-761.366	-2309.05	-1630.05	1582.12	1187.87	782.885	-3371.39	-856.167	155.415	-95.469	2589.86	-1962	101.543	-1506.62	-4857.75	1845.64	-2344.86	-749.904	1798.81	-1218.4	214.38	-192.154	1616.01	-1595.15	2245.53	-3049.15	-1779.09	-1474.7	-2327.03	620.943	804.102	2313.03	-2376.33	-713.491	-457.362	478.502	-179.804	-554.23	-806.63	-984.035	-154.336	-376.065	1803.24	-3019.93	-445.209	972.508	-347.395	1414.41	-835.442	-837.134	-1299.32	-994.697	-1794.62	-658.409	-1061.97	-348.809	2925.94	-869.942	1005.54	4574.94	300.219	1493.63	-1566.17	-325.716	903.778	355.217	-401.684	241.889	3067.47	-2414.67	1236.59	-685.132	816.039	-2409.89	443.729	-327.523	1375.75	-488.396	203.009	-688.96	1328.44	532.165	884.36	155.216	606.731	1297.87	96.7126	-4868.81	-326.563	-275.628	-1012.63	-2712.87	620.089	423.037	233.397	-1154.75	-518.081	-888.57	-1945.07	295.355	1319.33	-411.598	381.889	598.028	-1439.54	-1920.42	-731.113	879.232	1479.39	-713.114	2688.69	804.267	483.369
1200000.0002	738.439	-591.429	-1527.8	805.545	559.985	-455.648	21.0623	961.773	-2137.04	346.866	-1624.1	-2067.6	4515.71	-829.534	-1104.76	-1835.78	-648.142	1152.94	-729.549	-2711.63	-298.003	1028.39	3631.75	2186.51	492.787	227.032	-167.637	270.524	-2559.38	-133.012	-1439.71	-186.508	721.043	1080.21	1134.79	-665.449	95.3739	-3535.46	70.8191	2484.32	-381.344	231.388	-286.649	1238.96	288.893	1102.16	-1916.77	2648.91	1905.2	-1701.08	1602.8	-111.888	2501.75	-803.695	-2029.2	-39.9518	-1858.06	1924.54	-2537.24	76.8866	1094.27	1060.21	-2859.42	1178.07	1158.32	2000.64	-181.109	380.66	-2816.28	241.414	-1486.6	-166.275	-2231.11	-1593.77	2483.25	431.986	-2371.09	1133.62	1563.35	-433.33	1083.31	703.227	281.555	59.5192	-2703.75	-1477.91	-177.418	122.557	-2134	2237.68	-629.75	1525.01	2349.1	-300.577	1595.78	-412.388	-1910.7	-381.163	-792.047	-1679.83	-2547.7	-720.962	-717.851	-2827.75	1923.03	-1186.94	-283.334	221.246	-408.039	167.741	352.618	771.773	1617.76	-1432.82	-1108.78	697.41	426.429	-3123.94	375.206	-1719.77
1600000.0002	-429.799	1788.58	-801.953	-2341.03	-4749.35	-540.54	-1102.43	-1380.09	-2542.46	-2797.47	-491.735	1734.33	316.846	-4741.53	-116.315	353.714	-648.635	3528.02	-1384.38	-34.0483	-1660.92	-4545.1	1852.18	-3198.05	-18.2813	-444.861	-2541.04	-77.3631	-748.638	1474.5	-1373.26	2575.75	-3015.33	-1122.78	-476.551	-2387.47	1229.79	155.027	3487.43	-2080.08	-121.908	-1803.39	1091.18	969.002	-394.843	-1050.98	-1582.52	-2116.2	-391.526	2957.08	-2428.97	1045.29	973.44	861.044	1827.66	-1433.33	-234.362	-648.435	-1954.76	-1948.19	-68.2163	-1414.26	703.907	3608.77	-1564.28	1331.57	4159.79	-193.554	4255.59	-2767.93	311.658	-307.873	303.457	-277.392	74.0314	1567.68	-1165.57	1405.39	-578.665	-608.128	-2898.56	447.919	-1178.13	949.423	113.029	-338.471	528.175	938.445	575.944	583.9	-98.8859	396.797	889.509	-1610.13	-2916.53	-440.871	1087.9	-71.8874	-3170.01	1950.54	1314.55	-189.815	-1763.47	-228.777	-1554.02	-1484.96	849.989	1648.47	1558.35	468.348	1645.69	-1309.67	-1819.72	-2581.49	1724.58	-258.215	-1655.58	4096.76	654.133	828.946
1600000.0002	-436.754	-1195.01	-2383.19	1540.93	333.528	-1178.06	-184.118	-452.279	-1964.61	316.679	-1791.61	-3460.57	4949.56	-1856.59	-1239.92	-2873.8	-1124.87	-360.946	-22.5956	-2439.5	-420.31	510.797	3093.69	1583.48	1323.15	902.37	105.55	-1334.45	-1572.36	1031.81	-1728.6	812.417	892.296	-72.2297	2132.05	-782.715	-2457.06	-3372.52	-1506.9	1507.97	533.684	1195.64	-659.871	687.259	-982.82	-237.816	-967.247	2337.82	810.088	-2707.55	2872.71	436.567	2593.84	209.08	-2315.08	443.536	-1530.15	1154.15	-2686.23	1399.46	852.952	-640.534	-2511.8	2299.15	-1028.63	657.493	-616.502	216.975	-1788.83	-149.618	-1470.33	-929.106	-782.738	-565.809	4480.97	585.982	-3476.26	1870.41	710.881	331.942	143.37	31.0785	684.275	-1554.3	-3119.91	-2136.57	-1926.26	153.776	-2921.29	2033.38	-567.243	1242.92	790.012	-243.968	1155.43	746.641	-4327.74	-678.482	-485.014	-762.406	-1897.98	250.077	2.7673	-3750.49	997.385	-3573.68	1916.82	730.149	227.276	-197.879	1887.02	219.882	1274.3	-421.077	-2255.94	-298.726	1489.05	-3682.32	-1097.26	-2670.39
2000000.0000	-1111.05	2556.82	417.168	-2050.13	-4572.46	139.708	-1808	-243.008	-3484.08	-3099.29	-211.84	1880.92	1057.26	-4957.75	-833.746	824.338	828.913	3666.49	-1908.4	-1048.06	-2262.48	-3226.78	2430.71	-3828.53	178.376	217.196	-2184.14	297.018	14.6376	1872.12	-2972.98	2176.58	-2196.87	-65.138	-847.066	-699.633	817.807	878.66	4755.87	465.261	914.019	-624.829	1062.05	961.863	-1.56355	480.307	-474.094	-2084.85	-510.81	2089.23	-2593.12	795.437	2400.17	2213.73	1001.5	-2233.12	1487.88	-236.062	-2044.22	-2871.43	303.237	-2995.37	1736.45	4930.86	-1393.19	1852.78	4016.6	361.789	2611.88	-2746.1	543.843	151.158	1101.26	-781.069	26.6587	1202.98	-2637.69	-612.842	-989.93	-1249.26	-2268.86	1916.92	-491.78	2056.6	-222.926	1143.91	504.266	-801.51	-1076.05	400.966	512.887	1591.02	1342.07	-595.076	-3380.59	639.895	1241.42	-131.037	-1471.5	2408.92	909.769	-1050.21	-2583.37	-1171.03	69.4167	-1778.85	1299.79	556.954	1455.41	-543.864	998.104	-2297.42	-2022.47	-2696.54	1598.42	-697.062	-3460.44	4646.03	550.822	1258.91
2000000.0000	-682.335	-1924.22	-1154.81	532.029	715.428	-1747.18	902.73	-216.017	-1330.26	1011.67	-2474.89	-3258.05	5206.42	-500.885	-1104.31	-2074.04	-17.573	-828.267	106.569	-1457.61	787.792	-1750.64	3253.37	1233.92	2375.45	2629.41	-1095.75	-1492.12	540.05	727.846	-1874.74	-981.108	369.466	58.2302	2498	249.536	-1401.68	-344.888	-2859.3	1248.63	-571.401	1556.04	-550.94	1609.98	-2543.04	-48.8857	-538.468	3625.08	887.284	-2320.87	1930.54	888.76	3256.54	212.717	-1138.33	77.2059	-1021.28	1242.23	-2939.96	411.47	1229	-1125.67	-2885.06	2043.07	-1102.2	1244.93	-867.575	880.382	-1439.56	473.001	-649.297	46.5077	-1216.87	-1250.27	4341.89	1591.43	-3455.61	1885.75	-375.644	-53.9596	1414.14	217.601	927.69	-817.016	-2549.57	-2191.51	-841.263	-496.872	-3592.57	2272.69	-515.463	70.9028	2351.2	1370.25	1868.71	98.4175	-4169.91	123.773	-861.361	506.241	138.899	1012.47	-269.885	-3092.73	1916.36	-3198.48	1722.56	448.95	104.279	716.172	1282.75	1033.37	980.129	-1645.82	-2683.74	1657.52	1609.11	-2454.77	-284.038	-1758.1
2400000.0001	117.262	1266.82	-124.864	-2425.27	-4735.29	-249.076	-1614.87	-1274.53	-2802.28	-2809.3	1091.21	1877.79	1608.03	-3430.71	-1426.08	-191.508	564.079	2228.58	-1664.18	-1009.8	-2679.73	-1296.47	1375.06	-3240.38	389.043	-213.835	-781.946	449.106	276.776	2239.73	-4744.89	1703.56	-2813.74	660.203	-2232.35	-1144.07	2129.95	1285.03	5743.47	981.35	1268.06	-135.246	-398.255	571.666	-797.47	1482.39	-1429.74	-1598.46	-1298.69	-468.229	-2239.55	638.206	2331.85	2293.53	1082.75	-2198.26	3218.31	-755.543	-1926.46	-4141.68	684.496	-3222.28	-338.805	6125.27	-46.7071	3322.98	4340.6	549.681	3592.44	-4306.81	283.853	741.061	-154.966	-1521	-783.186	993.824	-2013.79	1021.86	-815.91	-2190.15	-2821.28	1778.71	-6.4516	3545.79	-235.421	2614.72	907.991	-215.682	-1568.68	-270.203	1900.35	3537.76	749.59	-1260.63	-2943.51	-164.443	550.919	-156.135	-2137.37	2127.56	937.93	-1191.57	-2112.28	-1424.79	1793.47	-2251.91	3217.23	-344.401	2512.97	-306.772	115.98	-2010.69	-1255.25	-2777.17	1074.72	-817.871	-2694.76	2900.17	347.206	-490.898
2400000.0001	327.347	1068.39	-1841	228.749	1947.77	-556.466	-1203.5	52.8414	-493.335	-197.44	-1583.46	-2633.28	4102.92	-544.403	-1895.63	-2649.23	1678.07	-335.95	-247.414	-642.217	969.685	-307.362	1842.84	1410.92	1688.64	375.083	-2503.88	-1718.86	15.2129	468.276	-1584.43	281.037	2187.84	-100.941	1729.71	737.63	-3056.39	-1456.32	-3442.79	121.899	-760.666	1837.32	-1379.36	1848.39	-1286.47	17.2232	1231.12	3396.66	1404.1	-2861.9	3166.89	150.046	3243.07	1597.38	-1416.67	884.479	-409.384	436.107	-1807.43	1385.99	307.327	-2355.13	-512.92	3241.59	-1253.96	1914.72	-198.545	758.919	-69.3144	271.603	-12.0187	269.507	-2024.68	-1712.61	5108.19	2687.42	-3731.59	2982.67	-148.249	-1128.85	-109.846	1702.04	1404.36	-196.936	-2381.73	-2337.34	-429.178	-796.324	-3059.31	1685.4	-253.387	375.911	3038.58	906.248	4591.23	-1561.7	-4757.18	-768.538	-3178.55	130.534	1766.73	1243.85	-476.24	-2643.74	613.465	-4790.09	2524.75	364.869	-1973.82	-88.0765	1354.26	2315.71	584.328	-2349.33	-3458.76	2090.52	1089.79	-2669.81	-784.067	-1749.32
2800000.0002	1562.2	452.644	1199.08	-839.831	-4480.34	-2946.35	-1873.55	-622.377	-1620.8	-1213.51	2258.45	1131.61	643.921	-2485.89	-1366.8	-211.477	436.973	3226.43	-2024.74	-357.904	-2537.22	8.41178	2062.36	-3316.98	-502.664	770.378	-743.458	-526.655	-350.879	3305.35	-3795.48	2216.98	-1768.05	-620.981	-2800.54	-588.762	2109.65	1686.28	6565.19	482.431	1526.3	3.96274	-91.9372	3347.97	-1159.66	777.801	-2088.51	-1359.7	-2789.9	-1062.78	-3522.89	2421.42	1632.53	979.912	1620.2	-2197.49	1750.3	-907.804	-1653.27	-3236.48	-164.91	-4402.82	-864.694	5063.78	191.552	3234.98	3315.06	222.008	5340.26	-2982.87	632.823	1474.11	39.5203	-2131.09	725.224	1504.95	-1832.53	-359.137	-30.0269	-3241.31	-4276.23	1924.74	-661.151	5240.85	-1396.2	2062.97	1395.81	-1899.32	-2058.37	43.1196	2195.85	2856.17	1018.8	-2009.74	-2717.75	-779.598	-112.174	245.489	-1118.78	1417.67	761.804	-1436.65	-2589.93	-720.558	1754.85	-1876.34	4273.86	-674.393	3198.21	1628.49	-632.767	-2232.84	-1951.59	-3412.13	2380.92	-1486.51	-1241.92	3633.01	528.049	-658.014
2800000.0002	461.196	1282.95	-1566.91	-790.31	2227.7	-80.9561	-1417.2	583.108	-1871.38	-1781.49	-2145.56	-2314.09	4852.6	-1759.53	-1688.56	-4072.78	2304.23	520.707	1551.44	-592.032	1115.59	-161.592	580.224	973.983	1989.57	-310.724	-2294.16	-46.9519	2291.8	1275.38	-708.972	546.01	1500	328.177	1069.05	422.523	-1814.59	-935.753	-3013.92	458.561	-1035.28	1303.67	-2010.76	1062.53	-878.535	703.263	1343.91	1682.96	1572.89	-3551.83	4849.61	-1661.32	4087.05	1242.92	-1702.91	2226.12	120.252	74.8043	-3261.94	1969.53	-1259.96	-1394.53	-1061.46	2534.04	-1451.54	3034.88	119.996	1273.57	-913.683	-135.473	-370.11	-905.974	-2607.68	-2930.37	5441.97	3191.98	-3704.01	3205.31	-2268.51	595.962	832.967	664.343	3145.41	865.476	-2328.73	-612.651	-345.296	-1719.84	-4283.68	1919	-78.9134	-1015.53	937.448	507.282	5242.95	-1033.47	-4769.3	-912.393	-3863.03	-395.785	3138.83	699.668	774.22	-2928.91	845.272	-6456.7	2258.38	-565.659	-1038.39	-965.408	1665.66	2433.95	1584.67	-2603.46	-2141.33	787.461	2622.39	-2228.75	-945.609	-2263.63
3200000.0002	537.486	-371.602	1035.94	-756.484	-5265.76	-1005.57	-1950.35	-1293.96	-791.141	-1929.57	4048.82	2501.93	2492.35	-2110.37	-1033.06	-1689.93	313.094	4227.61	-2909.19	-727.067	-2645.41	-539.056	2658.15	-2787.43	-454.42	1655.5	-1027.29	324.16	-110.094	2923.63	-4668.94	741.116	-739.473	-349.042	-3284.83	-2027.94	1649.95	2499.32	6421.3	1597.8	972.605	290.649	-1006.87	3286.82	-759.765	1690.02	-2025.05	-513.041	-3190.57	-440.636	-4054.19	2368.28	688.378	-35.4172	1414.22	-229.196	2114.15	-112.95	-2735.88	-2245.02	-368.852	-3632.38	-863.804	4313.98	1106.4	2975.93	3699.56	879.728	6261.01	-2239.41	1913.39	1544.27	1712.95	-396.686	721.407	1032.06	-1196.9	1356.99	2017.2	-3799.49	-3272.77	1711.43	-437.918	6601.22	-1620.38	2063.83	1811.13	-1758.67	-1257.43	431.191	4160.93	1635.52	1794.13	-2337.6	-2306.29	-2065.17	125.741	-181.98	-80.9216	2733.14	5.98911	-995.154	-3940.03	-1044.43	1820.01	-1599.65	2325.9	-1179.02	4638.71	1424.95	-901.489	-1364.01	-2603.31	-2688.17	2654.56	-1614.36	-1531.63	4192.09	1457.17	-1059.86
3200000.0002	1993.4	1207.9	-1892.84	1229.84	2765.97	-590.937	-631.403	621.545	-2725.67	201.163	-617.435	-1956.81	5785.37	-1880.33	-2179.44	-4647.25	1538.33	-664.42	1269.97	-19.4869	3173.37	-1002.16	305.172	-713.986	1713.42	566.164	-1410.81	2285.61	2008.33	2178.65	302.338	-262.951	1008.95	772.323	1007.67	-981.994	-368.773	-1616.89	-4565.95	807.651	-30.115	-449.576	-2677.68	745.535	-1602.71	1317.17	2217.65	760.532	2610.73	-6215.63	5065.82	-268.495	2671.69	1633.66	-1183.13	3083.04	-1224.99	-756.484	-2573.19	1205.32	-186.545	-750.335	-1094.45	1098.03	-929.481	2782.66	-836.494	890.973	-1789.37	27.5445	1357.71	-509.042	-1284.03	-736.357	3577.33	3776.54	-3842.92	4613.72	-1911.08	1465.59	748.6	1680.07	1308.28	2010.19	-2514.24	1136.86	-1150.81	-2486.32	-5130.28	2495.21	1301.68	-84.6596	1589.21	-326.797	4425.9	-1514.25	-5824.93	-1185.65	-3541.41	-630.945	4440.27	1740.08	732.111	-3654.31	1233.44	-6604.69	1823.7	239.706	-695.652	-1241.03	784.963	1931.07	2324.79	-3406.47	-2441.99	-431.477	2152.7	-3559.93	-486.555	-2674.73
3600000.0000	-1144.54	1153	1377.26	968.328	-4826.71	-575.243	-3083.12	-1741.48	-506.824	-1212.32	3999.53	1182.84	1862.32	-800.787	-1619.78	-3157.11	-684.518	3607.87	-2494.18	-1636.6	-1118.47	-2236.87	1262.85	-3956.09	-326.309	2148.03	-719.069	-68.4514	-1676.45	3470.52	-5302.64	2493.59	-342.118	416.285	-3612.91	-3362.55	2127.12	3361.35	7690.34	231.338	745.555	-976.831	-435.847	3861.57	-108.068	1928.7	-2804.32	95.971	-3993.99	9.34955	-3211.64	3618.27	1736.63	-1587.43	975.365	22.4989	1041.05	-1603	-2560.98	-2654.06	-1886.34	-5375.2	-1564.99	6257.37	1777.29	2245.89	2435.5	1532.6	5972.23	-1857.98	2230.89	416.946	-9.40837	-992.033	507.833	-618.624	-1185.76	844.024	3264.36	-4264.39	-3026.87	-361.32	-717.237	7235.12	-1425.49	1574.97	646.019	-887.09	-1819.37	-66.5136	3895.17	2315.15	1658.91	-3952.36	-3230.94	-2371.36	0.549424	-1097.04	-668.466	3423.77	1232.45	-924.561	-5834.42	-2035.01	2320.24	-2794.3	2461.29	-1681.34	2601.1	716.472	-469.46	-1627.4	-1777.06	-3792.54	1540.2	-2465.51	-1740.59	4836.74	1750.59	-1260.59
3600000.0000	534.78	-660.985	-2517.6	594.378	4674.66	-538.03	-881.498	553.897	-3499.27	-478.402	-1221.98	-1453.81	6124.71	-1063.87	-2517.9	-5519.47	2534.39	-245.282	1799	266.443	1686.49	131.661	-155.912	-1048.89	275.652	-745.063	-258.698	3880.35	3167.42	1946.49	614.597	-1021.64	1545.82	341.71	1877.56	736.81	386.193	-1553.59	-3929.14	1464.6	-383.182	-1504.64	-1707.92	432.733	-1030.16	2996.06	2675.98	-105.957	1395.98	-8069.72	4747.06	45.2921	1948.91	1382.79	-406.743	3839.82	-1643.43	-266.659	-3055.12	1585.75	266.825	111.688	-279.555	-378.344	-921.364	1890.2	-816.127	2246.44	-808.511	499.472	1680.98	-1468.25	-836.307	138.092	2784.79	4018.06	-2792.12	3190.09	-2446.7	3943.19	-247.677	337.832	1707.07	1707.04	-3686.93	1860.01	-220.874	-2327.59	-2871.63	1533.75	423.919	70.2339	197.317	-288.049	3375.94	-2074.56	-4855.95	-1095.83	-3591.16	624.778	5032.18	2703.41	1753.43	-5247.67	2028.51	-6330.66	1669.45	672.389	-943.477	-2024.65	1089.61	970.091	3684.12	-3693.35	-2560.44	-1912.53	897.107	-4080.72	71.6121	-441.635
4000000.0001	-882.003	1501.42	1929.77	-1303.99	-4425.29	-35.7344	-1700.91	-2537.92	366.816	-440.67	5336.16	799.527	1623	-1916.09	-1008.15	-3133.83	414.172	4348.94	-3883.78	-1298.89	-2494.09	-2150.84	580.579	-5507.33	-2470.4	2238.04	-723.371	1326.07	-2128.32	3124.02	-4039.21	2614.47	120.066	115.767	-2899.4	-3514.38	1166.02	5687.11	8164.52	583.217	-891.374	-1514.67	-374.905	3161.39	-208.905	3134.01	-2586.37	-1319.88	-5867.35	684.582	-2879.46	4621.81	2295.21	-1549.19	857.126	904.893	734.169	-107.234	-1230.98	-2453.97	-287.049	-4879.7	-2060.47	8374.42	2201.89	2893.01	1815.56	576.283	6189.33	-1850.59	1496.07	1605.19	182.442	-717.681	318.728	-1685.82	-3.87491	-398.14	4306.44	-3707.22	-4694.62	-1121.05	716.125	7280.89	-2149.19	2117.38	-198.151	39.4632	-2278.87	683.613	1951.32	3148.83	2989.62	-4545.06	-4477.54	-2148.42	-216.291	-584.841	-1828.12	3785.4	1993.42	-2720.52	-3363.28	-2698.13	1198.73	-2334.49	2433.22	-1993.09	3465.95	739.919	-150.871	-2132.52	-3136.97	-4136.77	1094.04	-1253.69	-2236.15	5612.77	1841.84	-1933.65
4000000.0001	451.252	-2181.22	-1803.1	686.711	4226.39	-379.737	-356.614	-912.817	-3030.83	1104.54	-990.942	1018.27	5199.48	-1284.06	-3928.49	-5440.72	-215.887	-634.609	1920.48	1597.68	106.545	-311.537	-584.562	-966.151	1141.39	-38.0104	-1339.45	4250.08	3506.33	406.823	500.042	-1832.52	659.8	2115.82	1260.79	634.37	-281.929	-197.535	-2897.44	2236.97	-1453.4	-1002.09	-120.105	-284.553	-2105.09	2571.46	792.893	-705.186	1104.53	-10260.4	5053.5	-787.342	3661.22	2276.34	-1042.85	4330.76	-933.699	-538.617	-1886.67	601.715	-922.858	917.497	814.481	-577.286	-769.813	2399.3	211.549	2514.06	-869.179	942.155	590.959	-1718.07	-1461.79	-1707.41	1711.83	3057.7	-1157.24	3429.59	-2943.54	2939.11	1115.39	2408.25	-645.505	2139.73	-3547.75	2852.74	-449.04	-3455.18	-2628.18	1603.16	-42.687	1012.37	-244.386	-1219.46	3135.84	-2660.26	-5362.46	-1246.64	-3129.79	-6.79631	5590.1	2540.62	1450.09	-5328.19	3522.54	-6724.6	3400.08	809.68	-85.3668	-2143.43	1406.18	2381.65	3208.39	-4930.1	-3475.44	-1670.17	90.22	-4190.1	-1351.44	-1072
4400000.0000	-2672.8	2588.8	2123.93	-2654.23	-4562.12	1724.74	-1903.52	-2103.94	-98.7128	-2372.97	4284.42	1310.13	1301	-880.969	-1228.01	-4247.22	174.478	3646.48	-3242.19	-2507.47	-2696.35	-2325.67	808.349	-7027.44	-3485.04	2862.37	-1289.75	791.058	-3167.28	3837.09	-3623.56	1854.31	56.6823	-488.446	-4755.43	-5266.91	1094.38	5582.2	8616.73	1788.53	-1043.65	-2607.96	-1474.36	2886.74	171.41	2112.26	-2590.44	-597.141	-5021.09	1571.74	-3983.99	5473.61	2989.79	-1219.46	1925.91	-565.965	490.001	-234.985	-2288.52	-3722.98	-763.204	-5037.79	-1872.22	7598.94	-301.61	2781.88	3059.5	488.321	7085.31	-3208.13	2224.86	1781.02	-238.242	-971.646	-1180.52	-3948.12	-905.629	547.72	4100.25	-3234.4	-6118.76	-3360.39	-700.106	7369.96	-3091.81	1380.27	54.8056	923.168	-2745.11	-340.423	1869.73	3598.1	2434.42	-5312.26	-3815.43	-3044.84	-206.292	-829.702	-2383.67	4335.61	1909.6	-2560.15	-4122.57	-1156.65	1241.91	-1940.17	690.698	-2441.65	5567.96	2719.75	-502.177	-2841.3	-2412.01	-3861.91	1794.66	-1045.03	-2450.91	7079.89	1435.29	-1272.34
4400000.0000	-1731.93	-1833.56	-596.337	1326.12	4790.44	-173.701	1241.1	-1709.6	-3013.88	1609.66	-1297.58	2230.38	6682.15	-355.993	-3102.25	-5517.72	312.308	-37.1367	2717.27	861.935	1656.16	-700.091	-263.107	-767.289	1711.94	928.2	-588.44	3334.42	4025.8	9.52111	595.831	-1593.79	1490.62	1374.81	213.458	-892.152	55.2218	-274.909	-2804.26	1741.87	-1750.42	-364.064	-1045.78	92.694	-3041.22	3580.96	28.9753	780.82	1624.14	-11087.2	4451.1	-133.769	3876.16	2526.98	-1892.78	2879.03	-1160.74	-369.227	-2148.67	1622.27	-2143.57	-17.1288	32.8634	-866.965	614.81	1088.13	103.136	2823.36	-1755.46	2497.78	1002.3	-2069.21	-1488.6	-1058.13	1043.56	4791.42	891.884	3031.8	-1117.58	3044.75	1368.61	1129.04	-1717.63	1103.22	-3152.12	3155.38	-995.247	-3977.87	-3663.72	654.063	-394.153	1639.58	-1132.31	-519.204	3049.17	-3833.48	-6244.75	-1790.48	-4190.92	776.748	5678.88	1496.17	253.102	-5526.35	3719.04	-8158.88	3281.98	-611.504	-1222.62	-732.77	1747.46	2356.03	3118.16	-3741.97	-2162.62	-337.219	312.018	-3706.82	-2930.04	-1342.57
4800000.0000	-2554.84	1628.04	3541.55	-2566.2	-3153.6	3702.36	-2249.39	-3194.84	191.58	-2074.74	2734.93	2615.61	-76.6079	-82.1982	-867.59	-2223.13	86.1774	4528.25	-3933.66	-1996.5	-2670.84	-2766.18	1355.16	-7738.31	-3297.7	2247.95	-1334.01	2393.52	-3299.68	4661.19	-4870.17	894.736	-1254.73	-546.262	-4160.34	-5492.94	350.74	6898.72	8350.16	1830.76	-2323.81	-4000.86	-2740.36	906.357	1345.53	2693.8	-3512.15	253.138	-4721.73	897.907	-3425.79	5158.54	3498.85	31.4548	2658.52	385.183	260.585	-602.537	-1941.01	-3220.67	-136.691	-6115.84	-1183.66	6714.99	-1050.68	3027.21	3193.94	952.263	7635.43	-2661.09	3702.91	1464.56	361.177	-170.145	-1121.39	-4232.15	69.76	-86.3832	4005.74	-2847.78	-6355.98	-3741.09	-98.5453	7676.24	-3389.39	170.042	1387.46	1596.25	-2588.27	2000.86	1082.95	4042.54	2643.2	-5764.23	-4235.82	-2360.06	-509.445	248.149	-4540.43	5663.5	2686.97	-2116.15	-3254.52	-1819.12	765.938	-1825.77	533.872	-2420.95	6975.08	3227.05	-226.119	-2799.9	-1649.12	-4412.62	1570.89	-720.829	-3458.53	7869.54	1229.07	-33.5957
4800000.0000	-1184.43	-1429.62	1027.36	2697.66	4629.88	-935.576	2511.84	-2507.77	-4094.07	779.151	-1182.9	1352.6	6475.35	-213.686	-3344.35	-4161.38	2205.22	-22.8465	2864.52	619.092	1015.59	285.878	349.786	-1885.52	-246.075	667.868	-1510.1	2184.98	3304.69	-682.352	32.3838	-1323.27	2157.88	1587.73	823.652	-1677.12	-948.941	-1132.64	-2828.25	457.768	-3117.36	158.497	-1718.54	119.317	-3469.01	2542.59	-520.856	1443.9	695.53	-9890.14	4569.16	553.703	3034.28	1420.74	-1928.83	3313.99	-1868.02	-1381.23	-3041.4	2008.04	-3362.75	59.8261	745.705	-412.5	191.606	878.486	700.926	2009.61	-1346.15	1329.74	1832.88	-362.775	-1346.16	68.2252	115.621	4917.8	383.133	3576.72	-2684.16	4196.36	23.2023	492.136	-1674.39	2295.46	-3786.9	3534.79	-2366.66	-3498.5	-2805.51	16.7332	569.763	2197.79	-904.429	-399.933	2663.15	-5098.12	-6108.63	-2457.83	-3724.33	1572.05	4943.05	1580.41	41.2911	-4868.12	3864.62	-8567.21	3705.22	-866.055	-973.209	-1063.75	540.367	2385.86	2679.24	-5786.39	-2919.74	239.973	-412.441	-3431.86	-1307.35	1054.16
5200000.0000	-2470.5	1983.02	3133.33	-3058.63	-803.491	3772.5	-1717.12	-2331.19	578.201	-1798.43	1923.98	2129.72	-537.977	-443.455	425.419	-2462.01	-660.439	4529.73	-2545.75	-98.5275	-2394.82	-1737.65	420.907	-8918.1	-3183.26	679.228	-2956.85	1720.59	-3348.92	4575.12	-5872.41	783.806	-1325.19	-123.139	-3306.42	-5111.7	547.665	6612.37	8226.19	475.552	-1942.47	-3569.58	-3104.07	457.115	547.027	2919.68	-2718.26	2539.43	-5023.79	906.488	-3140.55	5801.79	3112.86	-1058.09	269.222	1052.95	1642.7	-700.405	-1658.64	-2000.11	-262.121	-5889.51	-2446.4	8479.78	807.204	2803.46	2392.94	1112.85	7359.98	-1403.99	4233.65	-1423.82	650.124	-228.52	-86.2274	-4397.58	-1103.11	297.984	3143.1	-2298.49	-5834.71	-3801.94	682.547	8124.29	-4217.13	1423.59	-171.451	2810.73	-1727.47	908.859	117.549	2891.96	4365.94	-5673.43	-5448.18	-1389.19	-230.61	-635.045	-4403.67	4631.83	1786.05	-2151.71	-3417.67	-2168.43	1447.79	-394.687	-1420.35	-2434.78	6227.22	3067.9	707.362	-1746.03	-1439.05	-5177.53	2570.77	-464.654	-3839.44	8291.79	2532.63	-723.172
5200000.0000	-1439.06	-1713.06	360.052	2274.38	4017.37	-1898.71	2590.56	-2932.94	-4975.27	139.22	-2542.66	947.681	6192.03	1171.25	-2316.34	-3870.82	59.3014	286.634	2176.76	675.345	2538.25	-864.787	-1059.48	-1548.57	-1115.46	792.297	-1801.5	1303.37	2859.85	-878.191	2014.53	-2340.38	1426.61	1441.1	768.384	-2046.14	-2147.72	-607.428	-781.515	857.975	-2431.4	-108.412	-2639.96	897.004	-2317.72	2613.87	-1527.43	2668.04	206.742	-10307.7	5839.85	460.986	2072.54	-34.3732	-1195.2	3845.63	-2357.51	-1602.3	-2866.41	2145.88	-4139.52	756.443	2368.63	757.774	-1116.2	2130.05	1983.38	2853.05	-949.079	397.958	1695.44	-14.243	-1500.38	-205.713	-1569.43	5752.22	-440.401	4569.59	-1730.08	4992.22	-974.374	356.839	-1199.44	2457.95	-3800.02	2760.72	-2027.74	-2990.15	-1565.94	757.824	2096.52	3684.14	-947.793	-989.369	1253.42	-6955.87	-6628.36	-2817.59	-3598.04	3263.01	4023.97	2048.64	220.175	-5920.13	4369.98	-8518.53	5379.28	-484.86	109.233	-2339.96	127.91	2607.25	1896	-5406.85	-1968.78	204.549	-106.982	-1956.06	-731.746	1339.27
5600000.0000	-2799.63	2121.06	4579.78	-2848.22	561.031	3931.09	-2938.13	-2609.62	2101.84	-1937.58	855.623	2475.51	-2999.83	-363.86	517.092	-3261	-521.106	2938.09	-2995.85	-327.935	-1278.85	-707.045	487.673	-7475.6	-4015.58	-951.76	-3788.61	1091.87	-2639.67	5266.57	-6622.4	-1275.76	121.719	-833.923	-2175.87	-6530.64	786.805	5861.94	7998.62	1758.24	-2619.34	-2481.16	-4767.6	1047.12	250.622	2491.05	-3973.48	1850.74	-4973.34	-125.121	-3796.26	3710.17	2879.35	-2389.2	1753.28	67.3163	2060.2	-1249.86	-1076.96	-2402.53	-1289.22	-6435.4	-1798.31	8414.38	1527.13	2381.4	2892.8	1903.66	8188.29	-604.138	4000.02	150.916	947.572	-1435.4	-842.367	-4978.03	-1315.36	371.601	2238.51	-1813.78	-5724.53	-3890.22	460.963	6927.17	-4988.76	1305.71	-713.735	2012.48	-1108.21	2237.84	-481.196	4617.4	3153.9	-3697.89	-4908.4	-1908.28	-184.805	-47.6554	-2450.87	5297.74	2867.76	-1486.3	-3428.78	-3036.56	800.203	739.14	-2573.84	-1797.57	6622.19	3029.59	-26.8008	-1862.72	-1212.89	-6082.28	2695.7	-1014.8	-3192.83	8020.23	954.304	1131.85
5600000.0000	-816.126	-1985.52	1550.38	1777.15	2584.89	-533.06	4504.74	-3142.93	-6501.32	2486.53	-4406.83	381.026	6518.17	1778.85	-3546.77	-4353.46	-56.6518	594.98	656.403	1418.59	1919.21	-1132.24	-1235.32	290.171	-1270.04	1802.91	-2705.87	212.998	3246.65	-1524.49	2139.56	-3353.28	2590.54	828.535	1425.82	-2668.82	-1894.31	-1203.54	-1016.49	964.844	-1927.04	1491.9	-2307.34	790.511	-2318.72	2372.68	-1224.2	1603.48	-1627.32	-10483	5982.83	1436.12	2020.77	505.694	-1381.42	4309.41	-2757.03	-2755.57	-3097.23	1362.9	-4536.74	810.221	2457.99	653.663	-522.588	1279.42	2050.48	2720	-568.717	304.307	1257.39	-343.057	-1951.87	327.793	-1594.13	4463.74	-644.109	5373.54	-1959.75	4793.56	-909.37	-1274.84	-726.364	3010.72	-3053.59	1922.05	-2387.64	-5137.13	-792.726	-818.393	3316.23	3815.84	-528.178	-1948.08	1878.19	-7078.75	-6233.15	-2309.49	-2293.2	4526.4	4430.96	4219.63	1501.89	-5735.27	4333.53	-8014.4	6791.08	-857.257	103.121	-3165.14	-811.435	1329.84	1628.74	-4646.32	-2337.1	145.997	61.7328	-2711.27	1458.52	1774.42
6000000.0001	-1717.78	2201.17	3897.74	-2520.46	1327.29	3265.33	-3581.4	-3477.51	3353.25	-2340.28	467.74	2791.55	-2884.56	-853.127	696.876	-2896.95	-906.679	3012.48	-3642.7	-1217.72	-1439.88	-999.404	1133.72	-7269.12	-4930.69	-562.528	-2159.48	1518.75	-1847.36	5100.48	-5672	-1585.43	2847.54	551.519	-1114.04	-6903.58	1111.75	5176.78	9203.73	1373.2	-2574.01	-2586.44	-6002.4	1392.82	757.139	3320.74	-3717.38	1709.6	-3737.79	-284.61	-3385.61	3874.46	3426.85	-697.216	2643.89	-71.2615	1225.4	-1449.27	309.901	-3719.99	-2052.41	-8051.54	-210.238	8094.57	3096.04	1259.05	1188.57	2110.61	8850.17	-836.869	2469.12	-902.996	36.9852	-806.919	517.992	-2763.22	-1407.71	-652.553	2938.43	-3458.56	-7311.95	-4523.75	-254.692	8889.45	-6154.82	2738.62	-104.46	1002.95	607.008	1008.75	521.67	6389.67	4150.15	-4890.51	-3509.52	-2580.88	593.649	-465.887	-2360.47	6986.04	1523.51	-2218.89	-3533.51	-1523.87	1187.37	809.055	-3077.66	-2677.31	5784.57	4409.01	-1472.03	-2172.98	26.8512	-5799.09	1672.13	-105.743	-3210.97	9634.96	738.951	324.094
6000000.0001	117.683	-1835.55	1137.79	2010.53	3063.76	-519.335	5114.49	-3155.25	-8208.89	1911.53	-6168.9	393.156	4935.18	1700.16	-2753.12	-4836.92	1134.22	1064.19	779.993	1665.15	2660.22	-637.02	-530.093	-332.733	-1969.22	772.007	-3041.96	-338.673	2997.8	-411.854	2486.81	-4788.25	1357.19	2293.24	1841.74	-949.751	-922.922	-1667.17	-167.953	2379.87	-1977.52	2086.96	-1973.24	481.728	-1213.9	2062.86	-6.58382	980.317	-2690.19	-10656.3	6158.44	1480.93	2784.07	-277.705	-1360.34	3537.43	-3640.4	-3880.73	-3776.31	2589.38	-4529.09	1581.03	2612.99	1090.01	-1538.28	1232.5	469.937	2192.68	-916.159	-812.774	2879.7	-582.081	-2088.59	628.245	-2328.33	3801.65	-1137.45	5722.3	-724.686	6509.23	531.039	-2616.56	-2064.34	4230.31	-4832.47	917.449	-2557.02	-4635.38	-170.208	977.603	4269.4	3176.37	678.659	-1226.75	1904.34	-6299.82	-5886.23	-2556.32	-1483.23	3914.57	5374.22	3102.48	2963.72	-4864.21	4658.13	-7127.44	8077.77	-1040.21	-477.617	-3285.78	-479.131	1522.45	2027.14	-3667.19	-1377.77	-283.359	444.928	-2677.74	1680.82	-244.387
6400000.0001	-1366.44	2504.15	3969.74	-3054.85	106.906	3302.06	-2667.91	-1612.38	4783.71	-2031.26	1529.91	3175.14	-2844.83	371.844	-66.8582	-2009.87	725.334	3956.54	-3272.8	-1072.98	-2301.08	-39.6882	627.089	-6785.45	-5135.17	99.0395	-2715.19	2986.45	-1652.04	3912.24	-4869.85	-1204.97	4114.01	446.661	-2044.02	-5734.65	1154.37	4134.7	8953.27	753.985	-1404.59	-4124.5	-6339.78	1450.86	111.627	2591.29	-2972.85	1908.15	-3376.54	1326.57	-4327.88	2893.46	3350.8	658.261	1795.5	607.27	908.865	-220.461	-808.667	-2982.32	-2803.22	-8401.7	-1663.2	7944.27	2927.32	2233.01	1070.03	2921.36	8360.26	-1226.52	2749.53	-855.617	388.11	-1327.71	1221.89	-2774.06	-1406.49	-927.969	2325.86	-2886.97	-8566.75	-3610.04	-1590.91	8890.51	-5597.87	1947.06	1271.83	1579.36	491.252	1836.88	1526.18	7502.07	4459.05	-4793.75	-2465.53	-2857.27	1995.49	-485.041	-2242.14	7240.13	2580.51	-2303.63	-4048.16	12.8685	949.885	1568.17	-3155.49	-1973.66	6627.08	5058.79	-1342.03	-2690.29	-339.926	-7411.14	968.061	263.442	-2954.04	10376.4	-514.075	314.373
6400000.0001	1622.01	-1329.93	2263.2	2007.67	4509.43	624.453	6127.15	-1394.58	-7468	-705.847	-8159.05	1589.52	6160.03	836.546	-4534.47	-5070.96	1978.17	70.3559	3505.53	210.293	2113.85	-1221.13	809.705	-196.247	-2280.7	-621.409	-1552.99	-938.446	3400.12	-1244.79	2242.49	-4917.52	834.218	1311.78	916.179	-1337.43	-2114.84	-2785.23	-641.641	2094.97	-3164.88	3085.51	-2938.1	-662.639	-1166.12	2578.08	-1693.67	2271.43	-2388.99	-10627.2	5835.96	1279.6	2226.8	-702.181	-976.761	3195.45	-4194.56	-5452.1	-3006.36	2643.6	-4365.11	1054.4	2464.83	-823.313	-694.976	1592.39	-1355.55	3988.49	-1746.23	-857.772	3005.73	-1533.02	-2565.43	824.872	-2179.17	3418.79	-1170.94	7390.35	-313.087	5407.68	1076.66	-2352.23	-299.305	5276.82	-3024.61	676.771	-2514.35	-4463.12	-672.574	1034.09	4399.58	2096.61	69.9401	-700.209	2146.48	-7470.22	-7632.69	-2409.76	-1982.88	3590.21	4845.71	1798.37	3664.7	-4971.26	4619.98	-7501.41	8960	-1645.45	305.887	-1986.49	-333.13	807.192	1854.88	-3583.44	-821.192	-1122.14	1550.11	-3677.12	4810.91	-681.704
6800000.0001	-1826.13	2787.94	2930.6	-1767.07	-854.144	4261.92	-2223.03	-540.262	5220.68	-1299.28	1344.27	4531.55	-4295.74	1052.19	381.217	-1655.33	1047.23	4498.38	-3404.42	85.3811	-923.497	906.589	873.655	-7388.76	-5074.42	545.81	-2540.25	3154.33	-739.778	5237.16	-4749.41	-845.555	5819.93	-547.622	-1368.76	-5844.3	2273.97	4129.36	8751.01	3465.57	-1691.47	-5236.96	-6068.09	1632.13	996.782	3559.84	-4744.31	1334.13	-2488.11	2245.16	-4004.69	3074.18	2149.59	1295.46	2249.34	260.928	82.9086	-531.57	71.2975	-3315.47	-689.002	-8842.4	-1999.18	8561.99	2800.29	2338.69	2498.16	2941.36	10808.4	-1787.9	3419.42	-766.692	-1447.76	-22.5439	822.57	-3397.2	-1688.78	471.678	1742.51	-3224.68	-8520.07	-2602.33	-368.314	9864.06	-7350.55	1523.42	2072.62	2033.55	1728.66	5.18751	2234.06	8566.38	3450.02	-3419.35	-3127.27	-2294.6	726.624	-275.661	-1656.92	8371.34	3583.44	-1892.21	-3658.71	108.109	1198.22	1099.29	-3129.17	-2970.5	7090.43	4673.69	-688.791	-1992.76	-1502.02	-6784.27	2157.62	-514.534	-3690.95	10927.6	400.82	125.508
6800000.0001	1260.25	-370.063	4444.91	2687.69	3400.83	-1643.04	5113.48	-1590.36	-6962.37	-595.307	-8952.56	682.782	6809.41	1338.18	-4529.47	-4830.07	2033.9	855.056	3945.53	-144.565	2731.63	-639.112	1139.33	270.041	-2721.95	-1046.35	-2668.16	-862.376	2825.28	-3030.37	2171.77	-4624.04	2547.29	250.933	-35.8952	-3497.41	-1773.53	-2587.88	-29.8179	2470.3	-3613.36	2767.23	-1703.77	-1615.74	-611.648	3584.81	-2549.88	2403.37	-3734.74	-9624.49	7395.79	1169.79	1360.43	-68.0942	-1923.78	3597.82	-4344.44	-4775.34	-3802.27	2361.94	-3179.07	1966.4	857.035	-2002.01	590.02	794.58	382.348	3566.65	468.669	-2036.31	1611.36	-1490.83	-1232.73	1621.61	-683.807	4570.64	-2455.85	8821.82	-936.354	5315.19	973.367	-2691.63	134.88	5594.42	-2807.66	2309.55	-4069.34	-4943.3	559.174	-404.229	4466.52	4157.99	406.598	676.64	1792.96	-7376.74	-8189.35	-1997.54	-1833.58	3820.23	4753.73	1510.64	3338.5	-6297.43	5168.1	-7411.49	9923.86	-2582.97	1296.33	-3098.55	1507.41	-816.736	1437.13	-3008.91	55.2418	-1738.57	421.115	-4080.41	5964.99	-1731.29
7200000.0001	-2363.33	2040.23	2589.71	-1246.38	-734.398	4422.57	-1252.64	-1384.15	7135.93	44.8247	1753.15	4411.32	-3376.96	1046.8	1592.82	-2372.28	1035.41	3638.97	-3910.18	698.628	-1858.21	2043.49	23.2699	-9753.1	-5639.18	1324.69	-3284.81	4115.03	-448.004	6643.46	-5373.37	-1678.17	5714.17	-1209.56	-2354.4	-4886.3	2763.51	4888.48	9360.19	3365.79	-1093.44	-4662.59	-6711.39	2989.85	1046.36	4622.01	-4030.21	1280.97	-3771.25	1551.69	-4458.35	2611.82	3786.15	793.316	3592.89	483.68	-1341.97	-106.93	1531.41	-2530.88	-580.407	-8553.6	-2653.66	8575.66	2772.33	2907.16	1680.7	4159.8	12254.7	-235.712	2683.88	-831.778	-2550.45	-381.43	689.373	-3152.09	158.105	1001.55	2805.67	-3499.45	-8226.29	-4078.38	819.685	8032.61	-7080.45	2090.76	2030.01	2371.33	1075.9	-232.379	1190.6	9114.84	2614.7	-5107.84	-4026.75	-2219.31	1687.79	-237.128	-2355.63	9142.54	4172.3	-1959.94	-4634.51	237.557	526.558	1240.99	-2261.18	-2711.07	6872.49	5948.55	153.032	-1771.48	-2253.28	-6507.3	1616.09	-196.309	-4362.08	9273.25	-1284.16	967.247
7200000.0001	2255.54	527.375	4306.24	2750.39	5245.57	-4987.68	5852.9	-829.029	-6813.89	-18.3244	-9384.79	-26.5385	5904.06	1749.44	-4194.6	-4351.63	1127.36	221.878	2673.6	-175.945	3053.24	-133.059	1162.52	-1662.07	-3698.01	-1732.97	-2259.39	-930.588	4178.58	-3909.89	2305.54	-5500.58	1016.8	-193.936	-985.939	-4912.17	-745.121	-1492.06	431.218	3310	-4682.21	2364.3	-2419.88	-2104.83	248.905	2198.71	-3459.93	2845.11	-4112.53	-10320.6	6505.66	1462.79	401.534	-29.5925	-3188.62	3009.1	-3055.34	-4512.74	-4208.04	1610.12	-3340.46	2224.42	825.22	-1663.54	-1124.13	2231.05	309.479	4785.88	452.669	1366.38	797.198	-3091.95	-1686.89	3042.01	394.569	4607.38	-3368.96	8290.71	-1066.15	5392.3	495.75	-3761.27	895.82	4954.69	-3178.93	1760.55	-4132.14	-4843.11	1358.98	-927.307	3985.42	4340.82	-309.25	983.466	1344.77	-6485.3	-8606.28	-1692.34	-512.968	4681.35	7035.83	937.088	2694.24	-7180.77	6327.4	-6578.96	9418.83	-3729.86	388.448	-2389.83	1841.06	301.256	2357.6	-4732.62	21.9806	-1746.54	-840.899	-3175.3	5881.16	-2000.17
7600000.0001	-3296.94	3189.6	1534.58	-1623.89	857.054	4179.8	-245.465	-1614.37	7440.8	822.896	2767.5	4264.99	-2746.96	2061.32	141.401	-2577.74	83.8617	2614.15	-4112.46	116.435	-1933.38	1021.88	700.956	-9926.2	-5088.42	2355.12	-4333.53	5766.9	-676.432	8265.75	-5987.37	-1527.23	4119.45	-653.479	-3608.24	-4923.25	3537.34	6415.71	11003.5	3004.47	-174.784	-4377.35	-6118.31	2317.38	2744.32	3738.52	-4641.44	116.847	-4629.33	2427.37	-4915.66	2829.55	2942.08	-1004.96	3040.5	-599.462	-1960.21	1051.29	752.541	-2892.73	78.657	-10398.6	-2980.1	7852.43	3358.3	3860.34	1341.81	4298.67	11369.7	943.199	2650.71	-773.948	-2278.46	-2017.24	-204.095	-1054.72	-354.716	1470.76	2389.83	-3308.76	-8459.82	-3474.76	50.2372	8514.29	-7414.83	1330.73	1088.16	1730.64	1425.3	-419.594	742.337	9159.64	3772.74	-6263.24	-4063.16	-1261.41	2331.77	-181.473	-2959.32	8553.06	5758.2	-1412.03	-3134.05	198.857	-822.091	2275.73	-1941.55	-2387.24	6273.4	5856.91	1648.45	-3173.69	-2307.36	-5818.17	328.267	382.322	-2985.25	7876.13	-168.329	88.7342
7600000.0001	367.86	340.885	3897.65	3209.86	6525.61	-7104.45	6391.64	878.998	-8892.28	-1089.46	-8644.83	-1385.59	4469.16	2187.41	-3195.08	-4803.01	969.096	44.3083	4098.4	-18.3547	3045.32	-225.715	1478.59	-1161.22	-3260.25	-1581.58	-2701.15	148.78	5525.29	-3393.83	2619.05	-5636.87	1731.97	-240.582	-910.121	-4942.88	-309.413	-1665.32	-622.193	3891.23	-6388.38	1922.86	-1190.28	-1763.6	-1625.11	3844.07	-1984.21	3408.22	-4820.04	-9127.26	7889.89	1421.58	984.988	-1035.24	-1624.37	2182.67	-4357.19	-4529.52	-4063.79	2286.84	-3311.6	1494.97	1597.12	-1394.48	-1387.12	1979.43	1405.27	4273.83	1226.87	2302.04	1024.27	-2664.46	-1217.86	4916.56	-497.259	3065.71	-4789.75	9808.08	-1511.73	4805.26	-271.171	-4586.61	178.834	4704.98	-4101.43	2950.92	-5532.03	-5610.53	2755.34	-1800.37	2869.66	3488.09	-79.9269	1245.04	408.256	-7140.67	-8540.46	-3058.43	45.0616	4289.18	8391.87	-981.744	1915.62	-7744.95	4990.01	-6506.45	8870.85	-4386.4	977.883	-3367.09	1723.25	-340.174	-19.3462	-5194.41	1674.8	-2723.13	-1711.24	-1196.35	7094.23	-1740.36
8000000.0001	-5214.3	3864.93	3026.94	-1146.67	1515.32	4884.8	237.807	-277.708	9387.32	-580.021	2487.73	3807.17	-1654.58	1572.74	322.008	-2301.56	-190.518	2206.44	-4149.98	-1129.33	-2849.67	1121.49	1054.22	-9918.13	-4746.19	268.398	-4145.72	5395.62	-104.183	7931.38	-5203.68	-899.264	3719.05	-1108.48	-3844.17	-6227.7	2836.66	7828.15	12002.6	3487.78	569.563	-4437.73	-7930.88	3361.56	3889.44	4291.08	-3701.98	155.084	-6112.19	2693.7	-5339.88	2724.11	2867.3	-1646.97	2210.54	-1207.42	-757.538	72.0291	327.302	-1505.2	-189.932	-9817.35	-3522.66	8938.71	3686.07	2540.77	2976.81	3990.24	10696.2	1364.65	2286.51	-1463.05	-1876.73	-2248.37	-566.483	-1864.1	1763.35	2378.93	893.688	-4210	-8880.08	-4268.38	1113.66	7859.9	-7703.75	3252.62	2018.92	2189.18	1815.96	-1046.33	50.8517	9094	2406.82	-6180.34	-5196.8	-1570.02	2357.3	-107.448	-2201.68	8748.92	4769.68	-1213.43	-3152.44	814.549	472.629	3257.08	-2204.87	-878.029	5460.02	4966.2	2007.17	-2818.13	-2264.43	-6358.35	-197.899	2096.7	-2619.68	7425.22	1024.85	41.8172
8000000.0001	374.812	938.435	3287.53	1982.02	6298.65	-7776.81	7830.8	3705.89	-8502.28	-1513.4	-8998.46	-1473.4	5261.37	2432.1	-2960.42	-3517.34	863.458	-809.98	3035.16	212.417	4292.11	1198.88	998.246	359.61	-2354.29	-2026.5	-4399.37	429.436	6075.45	-2551.01	2508.87	-6709.55	2886.04	-860.742	-525.724	-4423.81	250.787	-923.085	-851.554	5595.33	-5344.03	2307.42	500.059	-1685.08	-1987.7	3024.45	-1483.1	3252.96	-3940.33	-8695.69	8456.56	-176.938	-145.576	-633.729	-967.346	2303.12	-5579.16	-4644.53	-2726.36	1766.48	-3534.52	742.809	1049.45	-1335.87	-2381.75	3541.23	1481.54	6003.2	2381.42	3405.56	2963.75	-3747.8	412.381	4286.16	-646.101	4385.47	-6058.91	10860.5	-257.029	4583.22	-163.12	-4231.22	427.649	5407.44	-4324.19	4354.77	-3219.22	-5564.56	3762.41	-166.405	3709.54	2656.87	786.134	1704.15	1255.35	-9000.08	-9365.17	-3490.16	2164.33	3677.13	10556.5	-647.522	2240.97	-7769.53	5942.83	-5691.16	8509.35	-5038.49	1035.41	-3407.93	1628.38	914.099	390.887	-4824.92	1035.19	-2451.76	-1889.2	84.0421	6016.1	-925.464
