400000.0002	280.066	-1630.32	-581.829	-126.819	673.064	1339.78	-1649.19	22.6064	1117.52	801.885	165.711	28.801	-848.291	-628.235	-107.654	-598.23	1626.76	-685.659	392.251	1015.32	173.237	-392.631	753.39	422.669	-1304.38	677.777	-757.496	-842.414	-525.455	999.137	777.031	289.37	-235.573	-990.275	95.608	768.516	-1520.19	-827.141	199.306	341.631	1513.65	-545.619	-1751.94	827.998	1534.91	-313.88	-575.185	-1622.67	290.782	1571.59	-784.262	-2.58535	-1761.65	-405.317	-983.813	295.168	196.095	-525.622	859.135	817.981	-33.1567	863.544	-234.284	454.336	-2.9835	-187.093	-419.422	-900.979	-466.81	521.079	-156.811	-1215.64	-1113.48	-960.018	-492.188	461.436	-50.2165	-369.346	339.054	-946.257	-466.659	1058.94	1282.43	288.582	1648.74	1299.48	-643.982	318.078	1585.53	-320.878	-116.984	-188.59	-1601.18	-640.527	-137.673	2118.35	-364.068	125.948	2048.5	-1240.9	-18.5343	-492.484	-1630.94	988.068	-22.4813	1186.24	982.748	-89.7016	-1231.85	617.006	-860.326	-452.998	-342.083	644.703	-128.284	1381.22	-267.807	844.928	-18.6473	389.039
400000.0002	-591.058	361.196	-492.94	-504.012	-193.389	-545.613	-716.685	-1244.81	901.467	479.556	-833.386	-106.513	-1030.61	1694.71	501.436	77.7629	-1080.57	1238.42	778.416	-380.82	388.51	671.439	-659.613	544.302	-574.43	37.1923	-624.794	-741.943	-167.62	2138.47	-227.822	-391.65	-1045.12	1841.04	1748.97	204.352	-189.282	941.712	-766.823	-33.4203	-353.54	-265.66	-144.466	-77.5351	977.354	221.629	-992.311	-651.079	398.473	222.735	1232.66	-622.019	2088.75	-93.6552	-572.944	-1500.02	-581.071	-491.332	851.027	-921.266	-471.111	470.758	1959.48	1407.91	-893.097	-312.839	-1058.02	-365.869	429.733	669.03	717.13	-84.5133	-305.628	1281.43	-2282.93	-849.488	1082.91	26.7041	955.923	-59.2422	-1042.16	-1274.85	74.1214	-661.614	1003.13	-914.851	1558.51	6.58002	-491.582	312.624	-186.03	835.567	-716.292	389.903	-150.606	869.905	-463.676	358.729	1174.86	1277.93	124.975	919.769	-951.226	1683.89	-57.8737	-258.538	-237.882	-472.389	-1506.98	-913.523	1635.47	1753.18	-945.424	-990.741	616.04	206.646	-1480.6	-1392.29	-16.6162	-658.755
800000.0001	-517.484	-3767.68	301.98	316.625	1158.49	2563.2	-1907.32	331.2	1298.31	-247.729	1169.02	803.184	-756.911	117.561	987.076	-94.2948	1164.95	-2244.97	-411.308	3670.05	2548.92	-605.341	1001.03	909.363	-2697.48	682.939	44.7183	314.583	-1201.29	473.589	1202.31	741.389	375.323	-931.467	1982.81	-1282.03	-2169.29	-2695.5	637.855	-337.929	64.7654	-2519.89	-887.063	493.443	-1110.97	-583.9	-1541.95	-1542.13	55.5778	1564.18	-1331.91	-780.631	-1498.45	-932.938	-362.569	1536.9	-1139.04	97.7171	1258.93	282.135	-392.94	-101.762	1188.69	-131.291	-825.474	-58.4548	-599.731	-1630.19	1575.75	-459.82	-1344.37	-1533.3	-2394.07	-1331.34	571.706	1629.34	1671.61	476.973	-735.978	679.021	1324.88	615.853	1616.71	-459.18	1362.86	491.599	-611.273	-1652.82	542.245	124.387	528.13	691.118	-529.556	-551.658	-829.518	3022.45	-767.107	-1546.6	1607.35	-1920.19	740.469	916.653	-1178.17	1701.05	364.204	636.902	1803.92	1330.6	362.986	2447.77	-728.473	-593.083	768.347	647.054	-576.883	1960.48	-490.14	1201	-49.2882	-548.924
800000.0001	-713.189	418.67	-575.403	-1427.4	269.012	-2022.27	48.441	-2095.94	825.871	-466.42	-630.993	-1354.71	-943.974	981.356	1026.56	160.489	-272.751	644.773	158.54	312.298	377.943	2274.08	1749.58	-748.006	-637.233	-316.855	-680.621	-1061.9	-930.002	1173.34	343.831	-561.967	-221.936	2256.64	1798.4	-834.343	-503.377	1200.88	-216.625	423.037	30.1605	-641.364	-783.493	1282.42	1876.24	52.5572	-1413.62	-280.302	800.931	1380.47	1428.35	-1555.44	2571.47	-1516.73	227.637	-1981.3	-1229.15	869.132	1876.72	-624.816	-405.198	1319.56	984.701	1152.36	-179.249	237.781	-342.825	-824.544	1211.4	1473.56	1738	-546.045	719.471	975.072	-4098.21	-1463.73	699.95	461.453	1598.68	-919.405	-1186.94	-2702.6	-744.358	-1468.3	1626.99	-721.337	-117.322	388.985	-542.269	10.2042	-503.778	815.407	-1114.03	636.548	190.644	-1425.02	624.32	1382.29	2455.58	761.108	-456.723	2508.88	-2202.87	1917.8	1034.64	329.871	545.132	-1476.43	-4645.53	-3441.38	1606.36	1266.17	-1662.32	678.937	-432.358	480.458	-2534.85	-1402.57	391.733	-158.565
1200000.0002	-1641.43	-3059.85	179.241	1012.04	2705.4	3129.86	-1201.6	-386.017	750.059	2041.85	1573.95	716.186	406.76	-516.923	1375	-580.709	-79.4236	-2419.21	-238.972	3615.67	1882.05	-1674.1	1071.2	-195.541	-2901.15	1869.74	-412.743	1480.49	-2312.7	1445.6	264.623	-345.536	2263.61	-632.117	1091.18	-549.479	-3331.9	-1829.77	-555.676	-334.199	2422.22	-948.509	-754.882	17.1464	-863.839	-383.951	-634.598	-745.841	846.702	20.4036	-810.862	1361.11	-1975.78	-2571.81	-230.761	1818.01	-1675.45	456.047	476.807	1266.15	-1953.62	778.441	1491.94	-808.146	-831.205	336.818	-1486.01	-2795.49	1938.6	-1196.24	-1601.42	-521.517	-2385.75	-2993.72	1969.29	2165.54	761.735	744.975	-1861.82	560.579	665.002	935.429	2635.78	-589.628	1248.45	1588.76	-503.038	-2591.4	1440.15	-177.314	1230.8	311.322	-1193.45	-632.358	-696.909	3553.38	-11.1583	-2472.17	1518.97	-2388.36	1520.14	167.332	-2137.13	1959.1	2164.12	1181.53	1230.47	1803.31	1429.6	2584.66	-1512.78	-557.127	653.174	269.926	-2849.24	2926.39	-686.472	1488.72	-264.846	-1464.39
1200000.0002	-256.427	1522.07	152.044	-2674.44	980.339	-1999.12	565.055	-2146.65	1336.3	-686.16	-751.021	-1371.18	-462.793	2840.17	1513.67	-298.069	-153.09	1674.95	990.55	588.741	-1263.09	2204.95	1423.41	-581.623	-1908.77	-488.854	-2132.14	-1969.17	-1772.19	879.927	848.753	-520.736	-48.0823	1059.03	1067.78	-1055.55	-1302.85	2048.4	287.379	715.971	-1423.91	-1058.01	-1709.05	953.697	70.3316	-609.264	-2420.93	1775.78	642.807	1868.77	1903.78	-946.991	3161.25	-2360.74	1118.09	-2101.88	-707.195	1412	432.419	-129.704	-1381.82	-907.759	1830.62	-333.074	-3.98768	1867.71	-188.792	-2269.97	1841.51	2166.02	1646.03	-1212.94	2000.76	2605.2	-5432.08	-2256.76	1048.86	999.859	1479.02	-650.25	-275.86	-3368.3	-1312.01	-1747.46	803.962	-2367.45	-673.65	-403.115	23.1574	-39.5331	-415.858	524.64	-2717.72	-267.36	2061.33	-2384.86	1665.68	3123.15	2800.22	-838.74	-652.209	2378.05	-2202.96	309.781	445.541	-579.068	-50.1535	-1036.48	-4396.59	-2433.53	1522.05	1567.93	-1033.86	604.125	-386.768	1944.09	-2152.24	-292.746	1279.7	-1419.64
1600000.0002	-1476.02	-3955.47	-126.639	-188.936	5448.94	3950.32	-2040	-48.5224	1417.74	2331.2	1542.7	595.696	752.123	-1479.24	783.764	-1570.65	-974.294	-2073.84	921.259	4991.17	1880.17	-270.639	-349.149	-1129.72	-1447.98	14.7796	646.882	1452.08	-955.856	2323.78	897.524	-614.391	3137.67	-1136.14	984.807	1153.17	-5827.76	-1725.31	-637.637	-500.788	3163.49	750.839	-960.918	441.017	-682.389	365.746	-381.032	-184.321	1601.5	483.666	-1701.56	406.567	-2540.75	-3057.83	-268.473	1647.21	-1897.12	-802.946	1881.88	1717.45	-1388.01	-1691.95	765.383	-163.209	-330.397	-1719.75	-2025.66	-4539.9	1064.68	-1644.66	-384.983	-618.074	-2095.39	-3724.77	3742.16	2875.58	-673.327	753.803	-1833.54	360.929	-712.035	-123.599	4335.36	-1219.15	2193.21	1086.35	925.287	-1675.56	794.262	-1375.29	1284.48	1190.42	-2260.89	52.1643	-686.733	2676.54	-1337.34	-3356.3	1305.53	-2285.36	433.501	-1207.13	-1362.13	908.896	1486.73	955.607	942.815	1964.91	781.397	3452.9	-938.552	-1388.51	231.858	409.299	-2997.75	3673.84	-748.635	1030.43	1195.44	-700.141
1600000.0002	-99.965	1257.47	355.233	-3403.35	959.145	-2452.36	2000.5	-1324.99	80.437	-1303.93	76.6375	140.96	-270.399	1589.36	707.899	-782.108	259.254	2849.81	1071.06	-75.3414	-1704.64	2194.44	1584.76	580.081	-1517.77	-806.661	-1464.94	-1750.51	-1889.87	2078.5	1678.24	-1349.36	-270.787	-417.105	1876.93	-2190.54	-1119.45	363.268	283.703	480.423	-1170.69	-271.488	-3348.49	776.866	-1150.93	-458.19	-3288.07	953.541	-205.597	3314.79	2205.67	-1379.01	2917.82	-1802.33	1922.77	-1479.32	-123.461	1827.37	67.0794	-1524.15	-873.845	-1399.92	1575.27	10.8822	861.818	2317.69	289.327	-2977.14	2568.66	1538.8	246.713	-1778.68	2737.88	4481.09	-5987.71	-3703.81	413.05	965.477	819.745	-1837	-13.3028	-5612.08	-750.625	-1306.45	811.767	-2849.63	-1284.76	-349.808	475.199	18.5725	-338.975	51.5394	-2586.98	333.315	1369.96	-3387.27	1555.07	3832.56	3885.82	-1231.5	-228.549	3355.35	-2675.22	582.915	1211.58	-357.512	1014.79	-1562.55	-4817.8	-3214.98	280.545	1957.76	-533.269	-286.271	-1039.28	575.945	-3320.64	-785.669	2527.85	-1983.72
2000000.0000	-1333.09	-5382.59	-806.409	-909.43	4977.45	2622.61	-2089.02	203.612	1755.5	3111.1	1717.59	330.907	655.174	-1926.12	-736.835	-1780.27	-1621.91	-3353.84	563.551	5609.11	113.116	-2168.97	488.829	414.693	-1330.85	1976.51	256.612	1881.42	-515.759	1655.19	-342.877	1849.16	2479.68	-3731.27	1244.22	38.967	-6336.2	-2259.91	1572.12	26.353	4582.8	1949.53	-143.199	-430.979	-122.639	699.027	-1243	-98.5219	1952.03	1368.09	-2202.34	2816.27	-3827.01	-3204.28	-345.384	1791.89	-2045.69	-82.7584	-102.649	4069.96	-2844.58	-698.282	1360.12	341.993	-1331.47	-2927.9	-1232.24	-5176.32	512.604	14.5059	206.419	-1762.66	-1444.58	-2882.68	3031.8	2134.65	-108.089	356.934	-1903.58	-471.996	-844.077	-1292.69	2341.46	-2711.67	1781.46	574.532	-57.2644	-880.668	648.27	-2410.66	2132.67	-696.898	-1046.12	212.175	-1297.77	2568.87	-1064.6	-3161.27	952.033	-4085.68	-531.019	-1896.32	-1982.78	2061.38	348.101	909.106	262.128	2417.62	2451.82	2772.04	-2447.53	-1851.83	39.7978	-281.847	-1057.21	2388.81	-1327.51	340.469	912.752	-799.486
2000000.0000	-709.126	2944.07	2206.2	-3659.22	-595.143	-3062.86	1183.34	-2147.38	-1947.2	206.28	45.614	-1530.21	-1669.22	1028.57	181.966	-1348.06	-311.041	1904.88	2609.82	-138.941	-1118.48	2748.8	381.67	1306.64	-4326.04	-776.388	-1506.9	-1934.4	-2491.01	2908.33	1808.19	38.6622	-1326.43	-100.442	3987.98	-2978.84	-532.937	892.677	182.581	2444.62	-1434.82	401.213	-3815.27	467.232	33.3618	-1372.52	-2325.78	1277.52	0.423943	4031.07	1202.32	-1195.07	2257.61	-1690.37	1293.46	-2191.11	-769.266	2125	-163.836	-281.23	-2128.37	-3143.35	1796.47	630.95	-313.827	2613.77	1045.32	-3165.08	2592.59	767.032	1021.3	-911.34	2087.93	4457.88	-6796.94	-4096.87	332.56	892.211	1907.57	-1182.86	452.921	-5123.5	-2138	-811.367	2050.7	-3372.83	-1446.03	-1548.2	857.508	-2304.78	-812.044	509.81	-2754.44	-818.333	-215.9	-5295.98	-206.582	3175.48	4638.29	-2555.99	-177.364	2076.91	-2649.61	1659.7	1366.02	-612.909	-876.149	-2279.88	-4840.9	-2263.49	1044.82	3229.98	466.73	420.869	-2170.11	936.516	-2178.64	-1271.92	3252.95	-266.629
2400000.0001	-1454.43	-5931.3	-1336.27	-1140.35	4514.09	1701.1	-577.886	244.624	1334.2	3148.12	3180.5	-723.508	242.53	-3178.33	-744.762	-2473.17	-1615.35	-3640.49	-751.837	4041.16	1018.8	-2858.71	279.558	-897.561	-994.677	1136.7	573.877	2201.43	804.38	-432.539	-1073.13	1805.7	4000.66	-4616.69	1532.98	-577.8	-6783.7	-1763.3	930.205	601.337	5392.9	2251.24	166.873	72.9015	-1320.33	-235.516	-173.968	1080.25	2198.43	1631.21	-1842.67	99.4379	-2875.72	-3290.92	-965.214	1879.75	-2450.35	1509.66	-462.978	4165.44	-4112.28	-153.028	1581.26	-458.075	-1187.09	-1795.82	-247.89	-5091.23	-73.9959	-129.814	-839.394	-961.543	-1095.36	-2902.39	3554.19	1830.73	-897.28	-729.796	-2652.12	42.3758	-583.701	-1742.4	993.305	-1556.93	1829.12	512.929	-714.272	-882.451	1455.46	-3569.7	2923.16	-1238.13	-2214.91	407.597	-979.981	1941.58	-532.958	-4434.33	185.726	-3187.84	-669.298	-1205.04	-2981.94	2873.14	571.905	1242.58	714.412	1527.47	2336.29	1722.57	-2764.77	-2276.06	-1826.84	-1063.7	-688.875	2190.06	-393.636	54.1019	1686.55	427.901
2400000.0001	-448.478	2583.69	3024.11	-2645.91	1487.55	-2514.51	2104.95	-1319.48	-1531.08	-970.017	115.014	-48.9026	-1275.94	1565.16	1015.19	-234.413	-133.901	2743	3656.29	352.142	220.549	3187.34	1255.17	1366.02	-2671.6	-1915.32	-1564.46	-2609.51	-2890.94	3243.96	1631.23	-4.61652	-907.449	-1193.74	2365.06	-2065.83	-130.093	2338.79	-943.196	3406.31	-1720	687.921	-3406.12	2028.64	-435.348	-1740.93	-629.979	2228.71	-689.571	5422.91	1262.42	-976.216	2111.62	-3897.1	275.673	-4267.5	-2227.72	1253.98	-248.811	417.644	-2398.88	-2761.85	2714.94	-209.255	745.946	2268.17	518.399	-2027.94	2192.74	-1381.04	1880.23	-601.787	2695.62	6206.57	-7690.79	-3464.78	-557.225	2836.12	1202.84	-583.736	1067.06	-7577.98	-2091.13	-1730.8	1233.46	-3862.98	-1305.45	-1709.96	754.556	-1966.68	-957.511	1406.28	-3650.33	476.534	-156.872	-6714.72	357.594	4167.7	5929.3	-1730.49	-956.134	1869.63	-2569.22	3628.98	1122.31	-759.802	-366.716	-2978.96	-2772.26	-2973.75	-1731.57	4072.79	1481.7	540.809	-1434.39	-586.946	-944.368	-1190.11	3013.15	-263.475
2800000.0002	-951.758	-7119.44	-929.772	-1483.38	2619.55	1760.78	-1627.58	69.4344	646.426	3954.5	4295.24	-1079.02	704.374	-2874.93	408.822	-1659.81	-1787.65	-2269.9	-325.635	3538.84	2035.83	-2577.53	-334.349	-2891.05	-553.501	1758.95	1020.73	1492.01	-16.3984	196.205	-789.345	290.434	3933.9	-3537.24	2442.65	427.364	-6365.87	-625.902	43.918	-25.026	5157.96	2046.21	-535.31	985.788	-1802.12	-526.59	695.323	789.594	4695.26	2584.6	-2358.08	-235.092	-2478.08	-3757.47	-1506.04	2746.32	-3128.42	2482.35	795.266	4764.22	-5955.3	809.394	2247.16	47.4232	-1654.76	-863.017	1386.19	-6129.5	-7.1316	-587.47	-654.328	0.167011	-1711.1	-1930.85	3545.69	2072.25	-38.068	-938.749	-4116.91	272.137	1688.44	524.494	-65.9652	-824.632	779.817	372.42	-3344.13	-506.324	1657.87	-3833.6	3431.08	-625.415	-1657.72	169.778	-695.91	2442.88	-1671.83	-4168.68	-506.557	-3867.89	-2354.7	-2477.45	-2262.75	2134.14	2646.75	362.553	116.631	2409.14	2609.24	3057.51	-2194.68	-2316.9	-2145.22	-2292.27	1665.5	2863.99	2111.19	437.963	1163.07	-1050.04
2800000.0002	-241.519	2771.74	2148.68	-2323.53	1264.79	-3132.68	2994.13	548.796	-2849.06	-1279.8	1709.7	1381.77	-889.236	413.154	1171.03	-1184.73	-1148.35	3890.84	5150.77	-475.895	-1054.72	1865.2	-242.043	182.627	-1313.66	-3668.51	-2773.92	-1928.74	-3441.86	2018.63	1891.6	844.601	-2511	290.467	1018.03	-2384.33	-235.108	1665.94	975.531	3258.84	-1269.72	2017	-2798.95	1262.05	-43.059	-488.794	-714.378	1861.79	-945.831	6370.8	2011.75	-988.096	1943.93	-4480.03	-340.389	-4696.55	-1680.31	165.313	-1146.92	-54.5891	-2437.67	-1815.66	2763.62	-1284.93	20.052	2421.08	648.791	-1362.97	1825.64	-3154.7	1002.96	10.9361	1780.73	6332.86	-6001.92	-2631.35	-1099.51	3179.66	962.885	-1304.42	1394.52	-7624.13	-2811.94	-1726.76	2387.57	-4221.2	-1770.59	-1662.6	1416.6	-2241.31	913.183	707.227	-3651.24	1888.43	-93.8457	-7735.93	105.964	3858.51	6122.91	-1367.31	-2181.05	753.485	-3115.4	3490.42	1170.2	331.848	-1124.24	-1975.57	-2214	-4362.56	-877.45	3745.84	914.306	-872.855	-670.763	-1720	-1341.99	-399.466	2645.94	-903.216
3200000.0002	-721.479	-7566	350.151	-2017.04	4118.15	2686.74	-767.692	-1052.11	1823.99	4697.48	4883.68	-2491.98	-518.274	-3484.24	84.8684	-2322.37	-2036.38	-2445.31	25.3705	4282.13	3377.45	-3467.97	-2547.05	-2025.33	-2773.58	3356.37	501.607	2938.31	-181.887	1667.58	-299.284	-749.522	3413.15	-2113.02	1724.89	-126.678	-6499.98	51.9141	-65.2232	-1453.95	4121.48	549.869	-100.163	1597.16	921.267	-736.736	926.874	1617.26	5863.66	2752	-1162.55	318.072	-824.494	-5267.69	-1887.72	2585.24	-3102.81	2301.82	985.742	5323.61	-6717.94	1351.72	3211.9	36.7256	-2024.21	-2341.76	1819.48	-6904.63	-1703.47	-1052.69	-263.104	-150.523	-1291.9	-213.911	4464.75	3601.73	522.813	-692.269	-4857.2	-1113.48	2364.37	1375.66	-894.028	-495.578	-580.302	-1306.63	-4265.36	378.152	2480.01	-4155.35	3652.64	589.127	-2897.26	-75.8564	-1180.58	1614.19	-2513.45	-4042.88	-688.658	-3108.89	-1052.68	-1600.64	-1722.46	3311.57	3461.16	525.209	-262.258	1476.16	2663.58	1781.73	-3263.11	-1770.45	-2346.47	-1705.57	1407.89	2428.37	1594.01	269.547	998.365	-1334.68
3200000.0002	-168.245	2705.47	1367.36	-2140.2	2398.33	-3150.72	3818.94	1147.13	-627.307	-1553.24	2476.56	280.543	-448.586	411.466	1142.05	-467.03	-819.855	2452.8	4864.5	1262.96	-992.499	906.909	-878.756	-1233.31	-309.949	-4705.4	-2234.98	103.661	-2709.03	1808.48	4051.44	1575.52	-2640.91	-484.782	954.765	-2340.22	1843.61	3867.74	1132.72	6731	-652.179	896.917	-3192.81	2587.72	-739.791	685.118	-165.553	2886.61	1752.22	5993.77	997.308	-154.226	1340.83	-4776.12	-66.8284	-4850.93	-656.535	-368.445	-0.251731	1174.33	-3459.24	-441.384	3790.62	-498.867	-1267.52	2918.12	1621.08	-758.169	1460.37	-2601.5	1090.54	832.882	1715.18	5390.63	-5552.88	-3338.1	997.581	4617.04	1038.33	-491.943	1948.25	-6971.9	-2907.42	618.138	1825.58	-3294.55	-789.414	-1811.79	187.376	-500.267	-1428.02	356.815	-5604.55	3462.58	603.825	-7594.33	1807.29	4205.26	5190.36	-1344.69	-2633.02	196.993	-2390.14	4645.84	1995.98	1886.87	-318.289	-3961.51	-1620.95	-3846.71	-2664.35	5448.15	2313.34	-628.306	-125.738	-1740.04	-2300.19	-1702.18	3142.34	-2387.48
3600000.0000	-1755.25	-6808.49	1098.77	-1059.36	6597.83	2029.48	-660.843	-1561.41	3177.26	5322.94	4013.77	-2293.14	-652.018	-1514.22	-374.44	-2862.34	-3642.97	-2632.31	615.698	4896.52	3627.01	-3814.55	-3253.13	-2616.42	-3172.25	2371.51	2093.46	2397.36	-612.791	2250.75	-454.251	-99.261	2024.21	-1898.53	1276.32	-491.7	-5655.29	1810.1	9.61999	-1574.62	4006.75	-87.6332	191.38	3102.89	632.831	-2648.87	2904.02	108.959	7573.69	2802.22	-205.549	-134.247	-296.099	-5642.15	-605.679	1536.71	-3996.13	2568.44	75.9156	4331.72	-6912.45	3222.88	3006.67	-2084.63	-1385.31	-2774.57	1995.96	-7223.13	-544.812	-687.478	-173.462	-333.809	-1286.57	-843.808	4928.29	5562.88	-607.42	-1682.86	-4284.05	-2857.97	3984.74	2067.65	-1189.01	567.857	-756.678	-2373.34	-3890.69	219.625	2455.35	-4351.51	1118.11	665.883	-3604.64	-390.285	696.044	2538.21	-1991.73	-1540.91	-1401.64	-4673.99	-873.67	-3706.93	-2677.97	3829.16	1722.98	1714.56	-746.594	-141.027	1769.39	127.453	-1523.87	-1899.06	-2366.99	-736.519	815.711	1664.82	1900.8	1288.24	284.393	-487.141
3600000.0000	1130.69	2083.72	673.769	-2508.56	3362.57	-4277.35	5088.75	1706.73	-3416.84	749.396	3041.71	497.785	-494.692	838.453	199.1	-57.2726	-806.595	3297.66	5073.27	1334.12	148.521	-740.059	-493.884	175.612	-306.153	-3978.23	-1946.45	-91.4267	-4767.56	3202.35	4083.11	2790.8	-4702.67	139.773	564.57	-3057.97	1418.17	3283.6	1818.62	9206.02	-1309.98	1760.89	-2858.58	2732.27	-1926.38	-862.423	-350.838	3397.82	1807.32	6490.41	1580.89	6.87695	591.685	-6539.95	-181.327	-3398.9	-321.871	173.669	-1036.89	754.731	-3480.49	-1418.54	4122.41	-1671.54	-1615.3	3307.91	1291.71	-2053.74	1953.02	-1733.34	1705.97	1516.37	1615.15	5575.23	-5376.71	-3413.1	1866.12	5104.52	533.165	-299.092	5106.46	-8513.65	-4675.92	-557.258	2429.85	-2992.5	-1586.79	-1483.2	851.272	-1110.52	-2638.5	1203.92	-6083.22	4760.68	454.551	-8100.33	1079.79	2257.86	4167.38	-7.40585	-2148.03	-1844.04	-906.754	4667.12	731.162	2021.92	-1876.68	-2729.99	-38.9076	-4045.36	-3806.7	3802.79	2138.13	-982.793	-182.324	-1580.94	-2873.78	-2207.25	2213.52	-3199.56
4000000.0001	-3259.73	-6184.65	214.77	-2398.55	5045.5	2774.17	-1057.41	-2867.46	3532.09	5221.02	5693.96	-4094.99	828.583	-1435.73	8.27781	-2702.34	-2863.08	-2714.69	713.898	5071.83	2946.27	-4278.5	-3615.3	-3848.49	-2711.11	2627.7	2068.63	1165.12	335.512	2007.86	1672.98	1019.83	1328.05	-1422.2	1314.5	-520.471	-5442.66	-108.438	38.0664	-3833.14	3841.82	-1638.68	14.4485	3817.89	273.821	-1767.68	3076.76	-394.605	9356.06	891.836	-445.329	-892.675	-290.168	-6486.25	-158.573	2434.77	-3210.31	2359.18	-749.464	5452.36	-8448.5	3364.98	737.211	-2492.66	-1946.03	-679.106	2450.36	-7685.82	-244.138	46.8822	-462.598	83.2461	1.20009	312.73	3741.15	6403.76	340.065	-3341.1	-4703	-3449.3	2946.49	2463.99	-2183.25	1407.59	-1802.8	-3565.98	-4681.22	-1490.9	1558.11	-3595.01	812.793	976.337	-3396.18	-2256.58	2052.09	2573.91	-940.467	-2808	-651.144	-3655.8	-129.615	-2976.76	-5088.67	3013.22	-68.2276	-78.0686	-113.292	1395.58	-624.625	259.243	-6.38918	-2458.38	-1901.52	-583.978	1436.22	2360.58	1041.45	2081.14	-16.1125	-14.971
4000000.0001	2324.84	2799.39	675.493	-2196.41	3577.45	-3800.99	5685.65	1193.37	-1874.18	451.069	4408.21	-57.8115	-1920.75	-459.368	-377.768	-2011.33	1349.34	4238.17	6156.26	515.672	-193.572	-651.281	-451.166	-464.692	1467.34	-4216.1	-913.131	539.496	-4999.56	3728.41	4962.73	1177.91	-5036.66	-1275.78	504.069	-2021.93	2750.4	4236.34	1521.83	9794.84	-2112.91	1980.68	-3587.35	3440.81	-1858.16	-959.244	-2153.08	3919.94	553.113	8340.24	2312.01	-451.816	1194.84	-5807.62	-337.622	-2814.72	-1550.14	1719.93	-250.61	-258.614	-3710.22	-2817.05	4143.07	-2565.47	-2062.81	3302.22	2239.41	-1050.82	1656.84	-2381.69	1567.55	1419.29	2245.92	6085.52	-7500.91	-3230.26	2149.05	3262.66	2151.62	1000.82	5306.37	-9415.86	-5968.45	-762.971	3372.65	-3536.1	-2017.07	-2572.83	1734.63	-1007.79	-2558.78	612.59	-6087.27	5266.16	181.244	-9839.12	688.548	3649.28	5461.29	106.247	-2048.62	-2886.04	99.0975	5437.39	568.116	1428.7	-1468.76	-3865.3	938.866	-3015.75	-4244.24	1620.05	1475.48	-679.676	581.685	-1978.59	-1691.13	-1076.65	1639.3	-2979.86
4400000.0000	-4279.78	-5962.81	811.008	-2994.75	3405.12	1115.57	-553.931	-2387.78	3937.01	4204.26	6713.88	-4246.29	1310.34	-2936.08	-1810.28	-3197.93	-2493.88	-1566.48	-823.602	4947.04	2233.77	-4677.96	-5051.81	-2818.5	-3879.81	3745.36	726.756	1445.94	672.359	1626.77	1372.56	278.469	833.51	423.376	1465.99	277.028	-4176.91	-500.562	-281.128	-4756.39	4485.33	-1464.86	440.638	3938.31	-917.004	-1426.14	3682.69	-1238.17	9979.59	962.692	-1000.56	-1935.04	965.16	-5314.01	-613.094	2916.56	-2900.63	1274.03	763.843	5039.51	-7815.51	2638.11	662.89	-1369.64	-1524.44	-401.53	-309.982	-9348.14	-1864.12	152.553	112.25	1024.52	1197.77	110.687	2997.1	6949.61	34.0436	-3017.64	-4224.55	-2889.24	1825.64	4995.17	-3419.86	2651.33	-3123.62	-2831.88	-4298.71	-753.125	2524.69	-3372.85	-341.629	2821.25	-4949.17	-849.443	1548.9	2977.91	-1052.45	-3169.53	-1335.44	-3642.05	998.356	-3363.02	-3739.96	2839.3	992.749	583.083	-122.918	742.225	836.17	1483.65	-179.435	-2906.33	-3711.78	-192.822	3199.31	2127.93	1452.7	2003.49	1016.73	-135.797
4400000.0000	2131.9	1377.85	1392.51	-3210.87	4767.15	-4567.16	5345.22	879.323	-1716.14	890.765	4089.74	-79.8192	-2570.03	-81.0023	-1350.99	-949.493	1754.19	4015.2	7649.92	156.672	-2249.86	-741.509	-412.207	951.041	812.832	-4572.16	-3252.09	-460.374	-3337.92	3715.51	3434.69	-547.851	-5666.87	-1180.38	534.725	-2121.83	4453.52	3274.91	3620.82	9549.09	-3222.92	1095.09	-3464.6	4144.76	-1688	-1358.2	-2905.07	4990.51	-523.748	7443.56	1601.4	-285.225	1143.81	-6594.21	-1486.76	-4786.3	-3505.19	1745.47	-1282.19	1429.04	-3068.43	-2768.66	2419.19	-2340.39	-3219.86	4278.37	2074.32	883.602	1841.05	-2932.34	1238.61	476.647	2617.98	6517.41	-6617.21	-4055.49	2447.23	3380.8	3741.19	3059.99	3650.32	-11133.1	-5560.73	-66.6246	4461.86	-4901.84	-2389.91	-2652.36	2466.67	-228.149	-1739.16	-653.83	-6266.8	6319.21	-33.8662	-9498.07	885.932	1703.48	5092.22	437.872	-2292.19	-3181.92	1022.85	5146.11	307.665	3032.56	-2168.49	-3950.9	-893.187	-4065.13	-1419.22	629.706	2737.62	180.833	-558.978	-3155.98	-1576.61	-1993.04	751.518	-1951.7
4800000.0000	-5036.37	-6576.65	117.898	-3380.5	3462.42	1116.29	-1022.95	-2162.64	4006.58	3103.12	7347.75	-4898.4	1577.84	-2541.77	-2302.1	-2496.41	-2134.19	-2193.13	-177.216	5163.39	1486.14	-5454.8	-4558.77	-3104.67	-5094.16	1857.8	1662.32	701.712	-446.979	2414.52	701.934	-63.3339	373.627	-570.706	682.659	-633.188	-5023.35	-1930.95	-771.579	-5307.41	4455.02	-1450.93	1964.23	4616.23	-274.613	-2730.25	2399.35	-1335.48	9016.87	-208.437	-1180.95	-1601.2	329.798	-5534.44	-397.442	2978.4	-2340.18	-432.951	-119.128	4633.91	-8442.6	732.058	-23.8753	-1285.83	-1953	-355.612	-298.686	-11349.9	-1350.14	1464.46	674.764	2647.94	243.885	-747.378	2595.05	8241.42	-637.889	-2030.08	-4417.71	-3179.95	1704.39	6470.7	-3957.81	2179.62	-4612.03	-3063.58	-4646.44	-873.469	1874.03	-4413.63	-789.948	3090.19	-3927.46	-729.467	2300.83	2368.93	-441.158	-2518	-1324.5	-3763.03	-50.0216	-4350.77	-2682.34	1116.56	379.561	-736.537	1098.98	555.339	-979.114	710.807	125.988	-2502.64	-3793.57	-67.4381	2914.41	1999.34	2351.83	1906.95	1144.95	76.6389
4800000.0000	1500.93	1528.77	1814.73	-3054.22	3635.71	-4947.63	5259.05	1890.24	-1937.56	846.49	3019.7	1337.95	-2087.73	-589.89	-766.642	-565.086	2854.58	3007.07	8387.79	327.184	-2155.68	571.117	-569.174	1849.28	1330.9	-4485.85	-4490.65	19.0103	-4649.73	3696.96	3487.6	-751.941	-4735.92	-1702.62	441.011	-4030.7	3095.49	4969.64	2871.47	10634.7	-883.097	1366.42	-2656.63	5162.32	-1423.57	-1483.15	-2337.56	3580.12	553.445	6575.45	728.807	-1523.25	666.646	-6971.42	-1702.32	-3072.14	-3062.96	1730.61	-1746.74	-448.835	-3907.85	-4158.13	1749.25	-3130.67	-4153.88	5283.18	2377.25	268.943	2845.96	-3896.99	1958.31	515.167	2747.22	7230.44	-8107.23	-5450.96	3047.05	3265.58	4251.1	4311.75	3496.46	-13272.4	-5333.44	598.472	3906.27	-4942.99	-1380.38	-2761.26	1911.51	899.031	-1216.78	920.489	-4739.3	5063.95	-98.0175	-10101.1	1915.49	1970.6	5093.71	911.826	-1763.16	-2277.75	1703.08	4149.22	-16.3753	2553.19	-2018.45	-3607.7	-1396.16	-4982.29	-3359.99	-136.866	816.207	1225.3	88.0875	-3769.02	-1951.87	-1408.55	2650.11	-1428.6
5200000.0000	-5055.02	-6799.02	239.519	-4358.77	4339.04	-657.26	-1095.26	-2306.57	4316.47	2960.11	7696.4	-5978.87	319.794	-4466.65	-1654.65	-789.878	-1470.3	-1885.3	1588.3	5518	1477.01	-4856.16	-5874.02	-2688.19	-4653.47	1831.02	330.707	1497.71	-432.371	1564.06	232.781	-948.123	545.357	-749.384	-1177.52	-2197.25	-5295.36	-1413.78	-1851.12	-6628.08	5701.51	-1607.1	1196.5	3627.7	-856.626	-3375	2293.01	473.492	8295.66	-183.723	-784.874	-2337.31	-337.471	-6214.74	-172.926	3523.01	-3214.12	-107.426	770.991	4254.66	-7534.82	386.218	-998.837	-964.397	-857.136	-82.5842	-1376.55	-11408.7	-1105.52	552.488	275.873	1439.4	198.773	-1578.71	2796.55	7992.25	-2534.05	-2349.21	-3422.83	-2952.23	1622.55	7894.37	-3485.78	2907.9	-5495.52	-2543.08	-6270.02	-2012.16	430.354	-4458.76	861.944	2900.49	-4680.19	-1200.28	3093.91	1470.46	767.011	-2647.07	-2080.35	-3416.97	808.422	-3711.35	-2929.04	409.429	1495.87	-951.411	637.976	545.909	701.754	-302.241	315.636	-1387.83	-3543.06	-1553.83	2907.46	3472.05	751.771	2598.86	1518.57	133.076
5200000.0000	1952.45	2894.41	1811.35	-4488.46	4491.39	-4713.68	4970.86	2101.96	-941.662	1004.83	2805.53	68.1107	-1582.58	-1710.45	-1668.61	-557.065	2552.62	3022.85	7826.65	-828.529	-3526.69	-862.586	-129.75	1159.38	1510.9	-5425.81	-5219.43	1503.52	-5163.79	4025.24	3135.83	-519.571	-5188.21	-3355.52	913.828	-3857.21	2408.97	4935.55	2979.71	10852.5	-703.535	1411.1	-2250.28	3784.44	-251.392	-1447.37	-3798.8	4676.33	898.184	5882.26	2003.89	-1841.91	-676.626	-5989.63	-1881.81	-4156.82	-711.455	1586.25	-1412.02	-2226.92	-4890.18	-5120.22	849.735	-4947.67	-5006.85	4709.64	828.938	-504.302	3197.92	-4486.03	1669.15	-786.688	2813.43	8029.1	-7816.09	-5049.56	2628.01	3252.75	4396.96	4413.13	3716.49	-12586.3	-4877.34	2249.25	3942.3	-3322.08	-2313.97	-4051.55	1376.82	-945.251	-887.336	1942.42	-7336.61	4687.05	-22.0146	-9773.11	3470.8	1653.07	4477.05	-626.3	466.1	-1796.76	1202.92	3668.09	-398.11	1911.9	-2418.47	-3805	-1806.42	-4938.68	-3381.62	-1581.9	1017.94	738.411	-254.84	-5195.07	-2254.31	-2671.63	958.901	-1608.75
5600000.0000	-5202.41	-6017.56	327.147	-4621.67	5332.17	-1503.42	-2368.34	-1411.47	4276.34	3311.17	6833.38	-5980.77	-1124.48	-4081.17	-2386.16	-2517.69	-2406.4	-2125.45	3105.63	4351.56	993.673	-4157.23	-5797.65	-3307.34	-5081.48	1616.44	604.038	1435.31	-414.956	566.29	-179.997	-1730.03	256.895	-2460.96	-1866.43	-1962.51	-3815.28	866.625	-1687.28	-7575.64	5985.41	-3005.91	1310.39	3436.85	-696.578	-3967.96	2845.87	-1187.3	8900.56	1005.72	-208.225	-2669.14	-1964.86	-5962.33	743.856	3517.78	-2516.99	792.649	1039.19	4259.2	-6771.69	582.634	-102.431	-1585.73	-1661.85	-111.7	-1122.4	-11952	-1403.34	359.704	241.813	1420.65	206.268	-1205.06	1514.21	7543.51	-2564.69	-3650.91	-5698.9	-4311.7	2238.43	7270.58	-3141.34	2723.72	-7231.14	-1470.26	-7008.82	-1653.78	1314.22	-5460.05	1277.51	2138.37	-4977.08	-1412.13	3555.06	809.522	-99.0773	-1321.04	-0.364063	-2789.39	343.688	-5843.91	-2452.96	489.159	955.483	-90.2585	92.079	376.344	908.466	-1377.27	1633.46	-838.326	-3025.47	-2229.39	3049.2	3062.56	484.181	1964.35	2553.03	-104.716
5600000.0000	2139.73	2395.45	243.555	-4562.27	5031.29	-3166.28	5193.07	1877.31	-2167.64	1988.35	3413.9	-757.167	-1184.89	-1789.65	-3226.37	905.342	3024.32	1002.85	7748.16	-749.503	-2964.31	-1618.16	817.579	-122.193	1301.95	-5948.06	-3937.41	1148.75	-5840.1	2489.95	2408.11	-1431.55	-5651.71	-3478.24	1016.3	-4530.12	2874.75	5220.21	1553.18	12724.1	-331.111	2744.22	-389.508	4719.97	314.353	-2580.62	-5120.75	4333	923.902	7171.15	3556.25	-654.623	-251.686	-5615.27	-2902.51	-3480.71	-1589.5	1981.78	-2415.08	-1568.28	-4083.26	-6724.62	942.992	-5594.82	-3409.06	3229.32	1020.62	-1114.11	3072.32	-5836.72	3981.04	-1179.96	4542.13	8371.26	-6683.01	-5688.59	3570.1	3223.74	3532.04	5042.15	5023.56	-11310.1	-4044.59	1913.87	4255.86	-2652.46	-2351.67	-4234.61	-465.272	1547.24	-816.26	1780.34	-6718.43	5408.41	-947.461	-10150.1	2881.25	858.27	4986.47	-598.51	305.979	-1229.32	300.041	2608	-1043.61	1568.61	-3704.59	-4224	-2154.93	-5830.35	-4111.81	-937.683	1534.93	1167.65	687.377	-7301.64	-439.109	-3927.63	2212.71	-543.954
6000000.0001	-5953.35	-6396.77	-1623.5	-4161.07	5300.65	-1267.8	-1659.4	164.366	4025.61	3613.38	6942.31	-6031	-541.936	-2980.38	-2498.2	-2231.62	-2695.79	-3308.54	3722.61	4496.01	1494.82	-5785.62	-5958.86	-1937.17	-5233.42	997.823	1548.79	2704.01	-674.842	-203.525	1502.26	-920.73	-42.283	-3410.71	-3483.52	-831.113	-2849.35	2680.98	-1934.61	-6128.54	6558.11	-3188.43	1225.49	6032.53	-837.894	-2218.59	1013.68	-2972.19	9670.17	882.516	-274.086	-3973.68	-675.538	-4461.93	1501.95	2473.97	-2574.16	1223.05	1655.67	3420.04	-6179.77	285.676	-442.641	-1653.2	-2577.58	350.903	-1443.64	-10094.9	-535.757	493.643	-996.517	1803.8	-554.891	-1154.86	2116.56	5704.67	-3453.38	-1779.02	-7271.35	-5569.85	2059.02	5516.48	-1516.15	1268.08	-5501.64	-2646.93	-7171.15	-39.4637	873.151	-5887.26	1243.47	2748.06	-5825.66	-814.118	2626.64	-72.5327	1303.39	-2359.09	563.83	-1442.88	-0.640926	-5802.29	-2516.64	630.121	-337.994	1572.7	-324.644	-9.92055	825.838	-1259.49	2707.11	-2892.06	-3459.65	-2112.12	1974.1	4479.48	1830.88	1863.83	3027.96	505.244
6000000.0001	2193	2605.5	-190.126	-3406.51	4302.18	-2296.2	5587.7	2716.78	-3273.58	2343.63	3625.01	-767.413	-685.719	-1557.68	-3400.18	2156.38	2458.49	120.534	9512.5	521.222	-1561.8	-877.6	1290	-1650.55	640.923	-7113.21	-3310.12	1240.85	-5442.28	2573.53	3811.53	-912.02	-6090.13	-1760.78	903.894	-3849.73	2642.6	6725.55	1429.26	11797.6	799.409	2864.04	-805.707	4879.58	-309.678	-3051.64	-4535.72	3820.34	1547.67	8055.79	5636.78	232.442	1575.8	-4984.55	-2875.81	-3188.02	-2794.65	1404.87	-2798.56	-3184.34	-3015.93	-5085.24	1393.92	-6793.33	-4857.61	3966.88	2351.92	-718.589	2482.24	-7032.74	2561.97	15.5162	4102.74	8997.66	-7762.03	-4419.65	1138.55	3581.25	2828.55	6054.71	5489.39	-10242.7	-3768.26	934.817	5520.56	-2246.44	-4296.21	-4391.12	255.265	1903.42	1027.68	1018.22	-5648.1	5812.53	-146.143	-8054.87	1527.42	2878.55	5769.19	-276.622	556.923	-2425.98	-285.195	2779.71	-1876.09	1578.47	-3537.7	-4671.84	-2974.05	-6634.17	-4611.73	647.52	3736.32	1003.34	-113.359	-6027.73	-1062.79	-4061	1841.14	-1239.61
6400000.0001	-5657.45	-6163.96	-979.58	-4325.26	5953.31	-769.947	-1782.16	-120.337	3022.42	4154.1	8086.91	-6237.03	-717.179	-3612.88	-3545.49	-1725.28	-664.383	-3447.13	3978.65	4090.96	1067.47	-4385.09	-5265.58	-1710.37	-4369.18	-1060.71	4.29181	2743.38	-1706.31	-773.012	584.14	-986.94	-995.587	-2835.81	-4432.72	-1205.95	-1914.4	3427.46	-2114.63	-6075.73	5649.4	-3325.33	2340.55	5860.11	-186.399	-2907.11	533.751	-4352.57	9316.27	1085.3	-549.145	-4946.44	-597.96	-3374.47	2516.02	1272.59	-2282.76	1437.8	691.1	3842.59	-7575.09	-1441.35	-595.108	-1300.71	-2736.42	-862.298	-2151.18	-8570.77	-745.809	3463.79	-1231.43	1078.18	-1422.41	-1283.38	2361.01	5052.68	-3470.59	-321.503	-6742.75	-5578.52	1460.47	4353.06	-2814.17	311.536	-6043.71	-2113.38	-6838.31	-605.999	1068.23	-5334.06	1071.84	2929.89	-7212.95	54.9191	3145.59	881.538	943.165	-2381.01	522.098	-1845.29	-261.157	-6597.21	-4790.13	758.371	380.369	3216.35	462.912	-501.595	1411.82	-4814.8	1336.31	-4169.57	-4271.11	-1387.76	383.063	4642.36	-149.125	1364.9	4507.12	282.668
6400000.0001	1550.88	2088.13	556.611	-3554.25	4005.73	-2387.21	4220.99	3394.08	-4260.91	1563.62	3203.59	-2175.44	-1287.71	-2783.84	-4630.53	2729.1	3081.86	1075.98	10177.7	2641.49	-1886.42	-259.419	186.329	-1301.9	463.853	-5657.13	-4529.23	1653.71	-5048.02	3124.87	3833.21	-1632.62	-5188.99	-1522.58	627.359	-4120.2	4004.41	4719.74	2178.74	10964.4	-198.203	2628.59	-972.708	4929.7	80.78	-3458.93	-4817.13	4367.53	856.983	7734.03	5269.42	446.623	1343.31	-4815.24	-2856.66	-2765.71	-2560.53	-117.475	-3045.13	-2617.67	-1055.61	-4420.51	1443.49	-8207.62	-4751.94	4953.79	3048.95	-223.274	2609.92	-7033.74	357.838	2557.64	3672.27	8569.12	-9091.12	-5236.02	3613.25	4561.95	2139.98	6038.02	6236.36	-11084.7	-2407.94	345.204	5665.36	-2225.76	-5280.65	-3507.48	-1192.46	2039.47	2013.21	652.785	-4933.36	5874.66	841.925	-7709.5	1676	2643.65	5513.54	-1119.46	1888.48	-2722.05	-166.65	2041.46	-2552.51	1437.12	-2464.12	-3385.37	-1848.4	-5846.03	-4077.96	-157.24	2702.53	1389	507.402	-6785.02	-1670.3	-3504.01	3355.37	-2477.66
6800000.0001	-4483.64	-5485.92	-715.68	-4860.83	7336.71	-27.6583	-1484.3	-337.101	4914.1	2892.28	8788.28	-5561.19	168.899	-4187.41	-3824.87	-1507.89	464.596	-3721.66	4617.23	3794.69	317.031	-6140.67	-4752.4	-3196.13	-4381.88	-1073	551.79	3837.44	-286.954	-1307.01	-67.0667	-934.766	-718.891	-4311.8	-4980.29	-459.988	-2527.05	4029.92	-2332.93	-6971.64	6855.7	-3522.01	3088.28	5149.55	1441.01	-2853.67	3275.45	-4633.92	8997.01	2032.49	393.995	-6318.42	1195.63	-4766.04	3721.27	2587.33	-2746.09	2227.18	1334.63	3662.22	-8074.49	-1466.13	-1034.35	195.024	-2053.88	2055.4	-1110.82	-9043.45	253.626	3654.14	-397.217	136.97	-372.438	-1810.04	2026.46	5444.11	-1840.28	2278.73	-6655.7	-5869.17	2871.95	4474.18	-2796.31	-416.73	-5770.25	-2411.16	-6551.47	-1125.03	369.9	-4565.47	490.294	3048.52	-6258.25	372.234	2155.24	687.479	1552.78	-1587.12	861.519	-1018.67	-1378.23	-6216.78	-4578.11	588.85	-164.17	3786.7	-479.427	1783.44	1234.58	-3839.35	1702.32	-4307.68	-4322.12	-1412.93	1051	6039.63	672.623	1614.06	4103.08	-1315.14
6800000.0001	1235.2	1310.24	-581.433	-3547.81	3356.45	-2766.09	5315.53	2432.68	-4880.87	1345.8	3088.74	-2141.3	-993.842	-2654.32	-3591.06	3286.58	2317.18	507.856	8754.09	2138.47	-363.084	-1006.88	813.925	-2408.38	-293.524	-5330.07	-3631.66	2098.96	-5554.74	2627.79	3667.68	-1122.3	-4264.95	-3295.14	-175.952	-3829.13	3059.69	5704.3	2404.93	11039.4	1918.21	1681.35	-2529.44	3239.04	2371.28	-2833.88	-4923.89	5119.52	1963	6086.66	4513.64	717.453	1829.99	-4974.48	-2150.37	-1580.16	-2328.14	-201.556	-659.609	-2232.38	1277.19	-4218.82	769.029	-6945.23	-4024.4	5075.85	1801.85	-236.162	1771.86	-7353.99	326.954	3353.92	2946.6	9516.66	-9041.62	-4890.79	2673.61	3177.18	3782.64	6653.13	6149.2	-12179.3	-1437.85	1090.06	5365	-2367.48	-5075.39	-5350.83	190.614	2439.72	3391.94	613.931	-3673.4	5111.04	1616.46	-4884.44	1783.46	2380.1	5727.53	-2975.44	2912.93	-2272.73	-256.144	1100.87	-2205.11	2212.42	-1807.17	-4055.3	-2870.02	-6515.26	-4925.99	-2559.63	2618.21	1074.82	-1064.18	-7267.8	-3229.96	-4295.56	2802.65	-2170.65
7200000.0001	-4268.84	-6012.19	-1609.56	-3463.32	6100.95	1982.24	213.565	-329.459	5540.25	3128.52	7683.1	-5583.57	176.666	-4628.42	-3618.29	-1939.85	1061.94	-3600.71	5025.81	4092.1	1242.08	-6334.94	-5809.91	-4715.33	-4077.79	-1514.06	-74.5487	4275.23	-279.058	-2072.55	158.553	-1657.51	-1477.05	-4701.69	-6566.12	-1612.39	-2474.57	4466.51	-1618.91	-5866.2	6042.52	-3959.07	4494.39	4884.96	593.875	-994.228	3800.52	-4747.38	8680.5	2525.16	134.917	-5986.29	1202.28	-5174.64	4128.81	2549.25	-2088.04	2035.36	1896.18	4526.34	-8740.03	-2017.84	-2543.27	51.2155	-2056.83	3496.3	-2679.49	-7244.6	69.5888	4110.59	773.917	196.72	-114.183	-1819.67	1516.45	5638.66	-2326.62	1974.34	-6227.57	-6255.65	2197.01	4408.19	-2814.02	-786.116	-6206.13	-2200.81	-7501.07	-1359.5	770.722	-3252.41	-508.219	1572.86	-6120.4	1493.14	3261.49	1199.48	1666.21	-962.593	413.081	279.163	-1809.75	-6231.83	-5352.88	761.048	608.818	3165.41	-1799.89	3623.77	963.971	-2983.71	736.524	-2920.51	-4333.04	-2095.84	1198.85	6934.13	907.016	2004.02	3822.68	-2837.52
7200000.0001	1339.93	3468.93	-1511.8	-5672.62	1213.12	-2162.35	4297	1459.2	-6846.15	2598.38	4174.81	-1407.58	-1402.69	-2353.71	-2915.81	2776.77	2329.07	-333.416	9225.54	3357.57	-522.545	-1386.32	967.558	-3595.05	287.709	-6360.69	-1818.85	2759.43	-4123.15	-264.061	3984.93	131.863	-6101.36	-3645.37	-563.08	-3093.99	5291.86	7629.37	838.425	10023.4	2513.94	1741.97	-3766.24	3043.5	950.342	-3606.89	-4499.74	6109.89	1422.93	5635.72	4744.21	1012.5	1869.54	-7025.8	-316.917	-3697.01	-2369.18	-290.508	-1261.64	-2353.47	2161.77	-3746.05	-1355.63	-5813.34	-4181.79	4744.27	1512.19	-985.474	1004.46	-8454.67	1244.9	1096.06	287.723	8920.51	-9996.93	-5538.74	3729.82	2507.91	3706.12	6392.03	7189.14	-12541.4	-1999.81	1103.76	6020.23	-1539.34	-5321.75	-5451.76	-319.926	1134.45	4105.2	962.101	-3724.45	5350.98	2810.56	-4515.79	1158.89	3252.99	4087.29	-1830.67	2866.24	-2399.6	668.266	17.3298	-3194.4	2065.21	-1945.73	-5003.25	-2819.15	-7390.5	-7328.08	-1069.14	4575.97	-451.636	-1801.98	-7270.81	-2487.92	-3003.31	2391.41	-1795.44
7600000.0001	-3331.12	-5790.97	-2002.07	-2865.79	5556.58	2271.44	-396.59	-515.804	5058.12	3414.04	7052.12	-5311.05	-622.169	-4239.57	-2352.01	-1153.69	1193.69	-4628.83	5902.9	3484.71	2668.93	-5589.86	-6516.83	-4924.45	-6254.28	-2203.75	-383.455	4395.72	755.178	-3585.54	496.068	-3235.24	6.3016	-2840.67	-6805.34	-1528.78	-1701.26	2767.72	-1353.39	-5370.42	6456.13	-3992.75	6154.28	5798.98	2299.8	-948.645	4476.74	-5070.53	8818.03	3380.53	799.832	-6039.47	2951.31	-5617.37	3221.23	2335.98	-2444.39	4484.32	831.486	4084.41	-8284.79	-2018.6	-1255.6	-42.2033	-2094.44	3689.86	-1840.93	-7339.96	1213.38	3689.76	101.705	979.678	-306.236	-2245.65	71.6554	6609.79	-2293.81	4288.93	-6555.54	-6775.4	1281.58	3893.97	-2066.45	-232.982	-6376.31	-1527.86	-9016.92	-2375.79	2343.72	-2860.63	-1546.79	138.374	-4349.75	2368.48	4031.48	813.94	1681.7	-496.989	384.679	1743.86	-2754.9	-6578.8	-4134.61	850.967	343.272	4556.4	-3397.31	2800.03	440.151	-3915	926.047	-2515.95	-4059.54	-1715.07	558.25	6995.34	66.5867	1606.7	3652.83	-1154.18
7600000.0001	1156.83	2443.73	-1182.69	-7228.41	770.045	-2351.28	4116.22	1539.05	-8168.04	1465.54	3909.36	-2278.16	-952.821	-3505.44	-4129.04	2113.67	687.551	128.106	10597.3	3681.42	-328.469	-740.058	1219.79	-2833.43	1066.58	-5368.6	-2319.88	2450.12	-2592.34	-1342.79	4021.31	222.142	-6020.46	-3682.09	196.937	-1131.29	4663.12	7925.8	1595.16	11044.8	2056.77	3364.53	-5250.47	2830.97	755.771	-3163.63	-4896.73	5973.84	2139.73	3943.64	4242.03	2212.27	1544.53	-7031.32	-310.086	-4030.57	-2443.84	1469.34	-1128.32	-2537.44	2125.77	-4544.34	-1642.02	-6660.98	-3269.47	5051.32	227.445	-1063.64	1884.57	-8803.13	1830.53	2378.98	1817.99	9648.07	-8785.25	-6326.63	3405.08	3473.76	3785.06	8541.4	6402.21	-12132.6	-1212.95	1347.81	8594.17	-195.238	-5688.89	-4600.06	675.58	938.043	4218.39	23.6037	-4134.12	5142.66	3373.49	-6279.49	2627.37	4519.27	3853.69	-2519.06	2052.83	-3314.73	758.305	830.081	-5437.99	1379.23	-1555.95	-3762.33	-4483.11	-7555.3	-7073.84	64.3322	5703.16	1214.13	-66.8172	-7779.36	-3805.91	-1571.11	2858.43	-2641.7
8000000.0001	-4307.75	-5483.03	-2080.52	-3144.69	4775.59	2321.2	-215.036	-2124.11	4747.52	1786.9	7691.4	-5124.64	-709.015	-6145.42	-2474.15	-1244.77	1181.59	-5627.94	5934.56	3523.03	1922.96	-5448.64	-7490.2	-3940.91	-4596.53	-2914.83	-2094.99	4880.4	639.014	-5738.24	1727.12	-3571.47	104.741	-2188.41	-7457.88	-2404.04	-2731.75	3191.66	-961.474	-5990.59	7085.98	-4487.07	6676.41	5645.87	2194.82	-612.779	6200.34	-4165.49	8065.74	4807.33	462.863	-6624.31	3820.81	-4838.04	3887.65	3327.5	-1842.42	4317.41	523.854	4790.59	-7368.91	-1273.35	-432.111	-223.99	-1952.41	5782.45	-2236.19	-5885.47	2824.25	5208.94	-350.588	957.867	457.784	-3691.09	-1121.09	6635.76	-3334.34	5317.11	-6477.96	-6919.13	1369.97	3364.19	-2545.6	-934.948	-6605.13	-2908.39	-10717.9	-1849.31	2276.93	-4404.79	-1091.94	245.026	-3652.62	2073.19	5001.64	305.38	1984.88	-117.686	1.48486	1976.28	-3156.3	-6326.53	-5879.97	2014.49	389.713	5647.9	-3269.82	3485.35	-2200.37	-4142.35	475.095	-2072.21	-3110	-1008.72	734.551	8316.75	-198.671	817.454	4351.92	-1099.89
8000000.0001	1079.11	1336.8	23.5945	-6645.93	2124.18	-2402.94	3621.49	2816.79	-7981.42	832.983	6227.3	-2267.99	-1521	-4654.18	-5118.8	3544.9	3293.67	-1801.07	12568.5	4092.97	-1648.57	-87.5309	1536.49	-2229.89	1213.35	-4737.07	-1406.03	3199.44	-2319.12	449.565	4082.94	-350.878	-4000.18	-4095.6	101.276	-1647.75	6153.97	6727.71	2514.25	10753	1507.6	3474.61	-7716.11	2717.26	773.326	-3291.95	-3678.49	5701.54	3642.74	2351.31	4691.05	1664.65	1101.89	-6581.39	-173.235	-2544.1	-3503.27	1314.83	-256.867	-2338.58	893.752	-6299.11	-1738.59	-7276.35	-2421.51	4256.66	584.402	-1243.49	1702.48	-7468.6	1104.49	846.405	785.535	10277.7	-9500.86	-6111.64	4123.37	3733.1	4296.53	9807.32	4965.81	-11640	-875.973	1454.75	9130.89	1303.92	-7313.82	-4544.35	2127.72	1133.34	6145.35	36.6226	-3060.99	5593.89	3325.46	-7191.44	3563.39	7287.48	3290.98	-2088.41	1206.38	-3495.99	623.647	3494.65	-6041.64	981.638	-1699.13	-2463.4	-3287.16	-8729.52	-6748.18	-132.911	5076.61	-306.823	-720.915	-7761.44	-4507.21	-975.378	3437.87	-3219.76
