4000	0	0	1102
4000	0.1	0	1149
4000	0.2	0	1164
4000	0.3	0	1147
4000	0.4	0	1219
4000	0.5	0	1225
4000	0.6	0	1299
4000	0.7	0	1403
4000	0.8	0	1472
4000	0.9	0	1640
4000	1	0	1682
4000	1.1	0	1928
4000	1.2	0	2117
4000	1.3	0	2336
4000	1.4	0	2817
4000	1.5	0	3235
4000	1.6	0	3739
4000	1.7	0	4513
4000	1.8	0	5459
4000	1.9	0	7016
4000	2	0	8992
4000	2.1	0	11450
4000	2.2	0	14583
4000	2.3	0	17957
4000	2.4	0	19724
4000	2.5	0	19209
4000	2.6	0	18882
4000	2.7	0	18677
4000	2.8	0	18616
4000	2.9	0	18704
4000	3	0	18911
4000	3.1	0	18520
4000	3.2	0	18949
4000	3.3	0	18828
4000	3.4	0	18787
4000	3.5	0	18856
4000	3.6	0	18961
4000	3.7	0	18782
4000	3.8	0	18902
4000	3.9	0	18866
4000	4	0	18873
4000	4.1	0	19125
4000	4.2	0	19000
4000	4.3	0	18672
4000	4.4	0	19133
4000	4.5	0	18839
4000	4.6	0	18940
4000	4.7	0	18602
4000	4.8	0	19142
4000	4.9	0	19117
4000	5	0	19112
4000	5.1	0	18595
4000	5.2	0	18317
4000	5.3	0	17682
4000	5.4	0	16434
4000	5.5	0	15435
4000	5.6	0	14480
4000	5.7	0	13261
4000	5.8	0	12169
4000	5.9	0	10863
4000	6	0	10200
4000	6.1	0	9150
4000	6.2	0	8323
4000	6.3	0	7821
4000	6.4	0	7079
4000	6.5	0	6559
4000	6.6	0	5865
4000	6.7	0	5604
4000	6.8	0	4968
4000	6.9	0	4747
4000	7	0	4453
4000	7.1	0	4142
4000	7.2	0	3868
4000	7.3	0	3557
4000	7.4	0	3531
4000	7.5	0	3179
4000	7.6	0	3063
4000	7.7	0	2955
4000	7.8	0	2850
4000	7.9	0	2654
4000	8	0	2569
4000	8.1	0	2445
4000	8.2	0	2270
4000	8.3	0	2200
4000	8.4	0	2121
4000	8.5	0	2048
4000	8.6	0	1947
4000	8.7	0	1876
4000	8.8	0	1925
4000	8.9	0	1717
4000	9	0	1722
4000	9.1	0	1632
4000	9.2	0	1661
4000	9.3	0	1612
4000	9.4	0	1567
4000	9.5	0	1462
4000	9.6	0	1530
4000	9.7	0	1408
4000	9.8	0	1307
4000	9.9	0	1321
4000	10	0	1391
4000	10.1	0	1308
4000	10.2	0	1283
4000	10.3	0	1268
4000	10.4	0	1305
4000	10.5	0	1219
4000	10.6	0	1169
4000	10.7	0	1189
4000	10.8	0	1142
4000	10.9	0	1115
4000	11	0	1101
4000	11.1	0	1151
4000	11.2	0	1120
4000	11.3	0	1119
4000	11.4	0	1084
4000	11.5	0	1122
4000	11.6	0	1073
4000	11.7	0	1101
4000	11.8	0	1130
4000	11.9	0	1105
4000	12	0	1101
4000	12.1	0	1064
4000	12.2	0	1098
4000	12.3	0	1081
4000	12.4	0	1088
4000	12.5	0	1070
4000	12.6	0	1055
4000	12.7	0	1037
4000	12.8	0	1130
4000	12.9	0	1117
4000	13	0	1012
4000	13.1	0	1048
4000	13.2	0	1109
4000	13.3	0	1064
4000	13.4	0	1169
4000	13.5	0	1077
4000	13.6	0	1045
4000	13.7	0	1063
4000	13.8	0	1059
4000	13.9	0	1053
4000	14	0	1101
4000	14.1	0	1101
4000	14.2	0	1096
4000	14.3	0	1127
4000	14.4	0	1089
4000	14.5	0	1073
4000	14.6	0	1061
4000	14.7	0	1091
4000	14.8	0	1111
4000	14.9	0	1138
4000	15	0	1020
4000	15.1	0	1121
4000	15.2	0	1144
4000	15.3	0	1117
4000	15.4	0	1132
4000	15.5	0	1100
4000	15.6	0	1041
4000	15.7	0	1120
4000	15.8	0	1093
4000	15.9	0	1072
4000	16	0	1073
4000	16.1	0	1096
4000	16.2	0	1060
4000	16.3	0	1070
4000	16.4	0	1024
4000	16.5	0	1162
4000	16.6	0	1077
4000	16.7	0	1101
4000	16.8	0	1088
4000	16.9	0	1062
4000	17	0	1080
4000	17.1	0	1128
4000	17.2	0	1087
4000	17.3	0	1098
4000	17.4	0	1022
4000	17.5	0	1086
4000	17.6	0	1090
4000	17.7	0	1103
4000	17.8	0	1062
4000	17.9	0	1077
4000	18	0	1043
4000	18.1	0	1113
4000	18.2	0	1081
4000	18.3	0	1110
4000	18.4	0	1092
4000	18.5	0	1119
4000	18.6	0	1101
4000	18.7	0	1127
4000	18.8	0	1051
4000	18.9	0	1146
4000	19	0	1123
4000	19.1	0	1062
4000	19.2	0	1040
4000	19.3	0	1033
4000	19.4	0	1092
4000	19.5	0	1064
4000	19.6	0	1112
4000	19.7	0	1121
4000	19.8	0	1088
4000	19.9	0	1136
8000	0	0	1163
8000	0.1	0	1082
8000	0.2	0	1130
8000	0.3	0	1098
8000	0.4	0	1197
8000	0.5	0	1262
8000	0.6	0	1353
8000	0.7	0	1418
8000	0.8	0	1503
8000	0.9	0	1600
8000	1	0	1847
8000	1.1	0	1919
8000	1.2	0	2181
8000	1.3	0	2410
8000	1.4	0	2697
8000	1.5	0	3170
8000	1.6	0	3763
8000	1.7	0	4538
8000	1.8	0	5554
8000	1.9	0	6925
8000	2	0	8739
8000	2.1	0	11514
8000	2.2	0	14868
8000	2.3	0	17842
8000	2.4	0	19766
8000	2.5	0	19287
8000	2.6	0	18854
8000	2.7	0	18573
8000	2.8	0	18899
8000	2.9	0	18682
8000	3	0	18841
8000	3.1	0	18662
8000	3.2	0	18798
8000	3.3	0	18978
8000	3.4	0	19064
8000	3.5	0	19020
8000	3.6	0	18749
8000	3.7	0	19102
8000	3.8	0	18950
8000	3.9	0	18772
8000	4	0	18779
8000	4.1	0	19160
8000	4.2	0	18894
8000	4.3	0	18723
8000	4.4	0	18852
8000	4.5	0	18784
8000	4.6	0	18880
8000	4.7	0	18593
8000	4.8	0	19035
8000	4.9	0	18873
8000	5	0	18970
8000	5.1	0	18685
8000	5.2	0	18321
8000	5.3	0	17425
8000	5.4	0	16559
8000	5.5	0	15506
8000	5.6	0	14503
8000	5.7	0	13211
8000	5.8	0	11955
8000	5.9	0	11356
8000	6	0	9989
8000	6.1	0	9261
8000	6.2	0	8596
8000	6.3	0	7661
8000	6.4	0	7030
8000	6.5	0	6326
8000	6.6	0	5878
8000	6.7	0	5550
8000	6.8	0	5158
8000	6.9	0	4804
8000	7	0	4485
8000	7.1	0	4219
8000	7.2	0	3983
8000	7.3	0	3660
8000	7.4	0	3517
8000	7.5	0	3153
8000	7.6	0	3060
8000	7.7	0	2970
8000	7.8	0	2713
8000	7.9	0	2581
8000	8	0	2504
8000	8.1	0	2418
8000	8.2	0	2277
8000	8.3	0	2184
8000	8.4	0	2144
8000	8.5	0	2055
8000	8.6	0	1928
8000	8.7	0	1909
8000	8.8	0	1809
8000	8.9	0	1761
8000	9	0	1747
8000	9.1	0	1715
8000	9.2	0	1631
8000	9.3	0	1562
8000	9.4	0	1561
8000	9.5	0	1522
8000	9.6	0	1365
8000	9.7	0	1402
8000	9.8	0	1317
8000	9.9	0	1296
8000	10	0	1259
8000	10.1	0	1308
8000	10.2	0	1220
8000	10.3	0	1224
8000	10.4	0	1219
8000	10.5	0	1242
8000	10.6	0	1180
8000	10.7	0	1150
8000	10.8	0	1168
8000	10.9	0	1177
8000	11	0	1138
8000	11.1	0	1147
8000	11.2	0	1104
8000	11.3	0	1061
8000	11.4	0	1129
8000	11.5	0	1079
8000	11.6	0	1102
8000	11.7	0	1099
8000	11.8	0	1123
8000	11.9	0	1059
8000	12	0	1067
8000	12.1	0	1129
8000	12.2	0	1061
8000	12.3	0	1081
8000	12.4	0	1072
8000	12.5	0	1121
8000	12.6	0	1080
8000	12.7	0	1110
8000	12.8	0	1074
8000	12.9	0	1024
8000	13	0	1102
8000	13.1	0	1128
8000	13.2	0	1131
8000	13.3	0	1061
8000	13.4	0	1075
8000	13.5	0	1026
8000	13.6	0	1100
8000	13.7	0	1150
8000	13.8	0	1050
8000	13.9	0	1114
8000	14	0	1124
8000	14.1	0	1143
8000	14.2	0	1071
8000	14.3	0	1100
8000	14.4	0	1156
8000	14.5	0	1075
8000	14.6	0	1086
8000	14.7	0	982
8000	14.8	0	1088
8000	14.9	0	1122
8000	15	0	1096
8000	15.1	0	1147
8000	15.2	0	1096
8000	15.3	0	1089
8000	15.4	0	1109
8000	15.5	0	1091
8000	15.6	0	1071
8000	15.7	0	1065
8000	15.8	0	1099
8000	15.9	0	1120
8000	16	0	1072
8000	16.1	0	1118
8000	16.2	0	1084
8000	16.3	0	1071
8000	16.4	0	1084
8000	16.5	0	1067
8000	16.6	0	1117
8000	16.7	0	1062
8000	16.8	0	1105
8000	16.9	0	1118
8000	17	0	1066
8000	17.1	0	1056
8000	17.2	0	998
8000	17.3	0	1108
8000	17.4	0	1054
8000	17.5	0	1056
8000	17.6	0	1123
8000	17.7	0	1036
8000	17.8	0	1176
8000	17.9	0	1120
8000	18	0	1068
8000	18.1	0	1117
8000	18.2	0	1069
8000	18.3	0	1068
8000	18.4	0	1082
8000	18.5	0	1073
8000	18.6	0	1131
8000	18.7	0	1109
8000	18.8	0	1071
8000	18.9	0	1100
8000	19	0	1092
8000	19.1	0	1129
8000	19.2	0	1119
8000	19.3	0	1113
8000	19.4	0	1092
8000	19.5	0	1035
8000	19.6	0	1097
8000	19.7	0	1117
8000	19.8	0	1083
8000	19.9	0	1135
12000	0	0	1132
12000	0.1	0	1099
12000	0.2	0	1163
12000	0.3	0	1176
12000	0.4	0	1175
12000	0.5	0	1229
12000	0.6	0	1319
12000	0.7	0	1446
12000	0.8	0	1492
12000	0.9	0	1583
12000	1	0	1766
12000	1.1	0	1884
12000	1.2	0	2133
12000	1.3	0	2468
12000	1.4	0	2733
12000	1.5	0	3138
12000	1.6	0	3701
12000	1.7	0	4457
12000	1.8	0	5606
12000	1.9	0	7056
12000	2	0	8870
12000	2.1	0	11486
12000	2.2	0	14747
12000	2.3	0	17916
12000	2.4	0	19746
12000	2.5	0	19115
12000	2.6	0	19099
12000	2.7	0	18562
12000	2.8	0	18628
12000	2.9	0	18666
12000	3	0	18859
12000	3.1	0	18748
12000	3.2	0	18939
12000	3.3	0	18813
12000	3.4	0	19127
12000	3.5	0	18966
12000	3.6	0	18797
12000	3.7	0	18921
12000	3.8	0	18719
12000	3.9	0	18990
12000	4	0	18850
12000	4.1	0	18729
12000	4.2	0	18916
12000	4.3	0	18926
12000	4.4	0	19043
12000	4.5	0	18937
12000	4.6	0	18748
12000	4.7	0	18932
12000	4.8	0	18690
12000	4.9	0	19020
12000	5	0	18720
12000	5.1	0	18662
12000	5.2	0	18209
12000	5.3	0	17537
12000	5.4	0	16623
12000	5.5	0	15643
12000	5.6	0	14380
12000	5.7	0	13206
12000	5.8	0	12211
12000	5.9	0	11080
12000	6	0	10005
12000	6.1	0	9223
12000	6.2	0	8554
12000	6.3	0	7761
12000	6.4	0	7162
12000	6.5	0	6428
12000	6.6	0	5807
12000	6.7	0	5547
12000	6.8	0	5251
12000	6.9	0	4681
12000	7	0	4457
12000	7.1	0	4032
12000	7.2	0	3959
12000	7.3	0	3520
12000	7.4	0	3427
12000	7.5	0	3186
12000	7.6	0	3021
12000	7.7	0	2901
12000	7.8	0	2742
12000	7.9	0	2720
12000	8	0	2458
12000	8.1	0	2379
12000	8.2	0	2354
12000	8.3	0	2203
12000	8.4	0	2119
12000	8.5	0	2050
12000	8.6	0	1941
12000	8.7	0	1927
12000	8.8	0	1867
12000	8.9	0	1655
12000	9	0	1751
12000	9.1	0	1693
12000	9.2	0	1568
12000	9.3	0	1593
12000	9.4	0	1439
12000	9.5	0	1487
12000	9.6	0	1443
12000	9.7	0	1399
12000	9.8	0	1428
12000	9.9	0	1340
12000	10	0	1319
12000	10.1	0	1292
12000	10.2	0	1298
12000	10.3	0	1245
12000	10.4	0	1288
12000	10.5	0	1217
12000	10.6	0	1155
12000	10.7	0	1097
12000	10.8	0	1149
12000	10.9	0	1091
12000	11	0	1111
12000	11.1	0	1097
12000	11.2	0	1121
12000	11.3	0	1094
12000	11.4	0	1123
12000	11.5	0	1053
12000	11.6	0	1089
12000	11.7	0	1117
12000	11.8	0	1085
12000	11.9	0	1083
12000	12	0	1135
12000	12.1	0	1107
12000	12.2	0	1114
12000	12.3	0	1099
12000	12.4	0	1133
12000	12.5	0	1116
12000	12.6	0	1057
12000	12.7	0	1044
12000	12.8	0	1101
12000	12.9	0	1067
12000	13	0	1081
12000	13.1	0	1076
12000	13.2	0	1114
12000	13.3	0	1144
12000	13.4	0	1143
12000	13.5	0	1057
12000	13.6	0	1084
12000	13.7	0	1058
12000	13.8	0	1129
12000	13.9	0	1088
12000	14	0	1099
12000	14.1	0	1143
12000	14.2	0	1071
12000	14.3	0	1081
12000	14.4	0	1078
12000	14.5	0	1078
12000	14.6	0	1120
12000	14.7	0	1078
12000	14.8	0	1116
12000	14.9	0	1088
12000	15	0	1129
12000	15.1	0	1101
12000	15.2	0	1054
12000	15.3	0	1159
12000	15.4	0	1148
12000	15.5	0	1068
12000	15.6	0	1146
12000	15.7	0	1116
12000	15.8	0	1087
12000	15.9	0	1098
12000	16	0	1128
12000	16.1	0	1128
12000	16.2	0	1115
12000	16.3	0	1119
12000	16.4	0	1107
12000	16.5	0	1056
12000	16.6	0	1085
12000	16.7	0	1063
12000	16.8	0	1083
12000	16.9	0	1085
12000	17	0	1102
12000	17.1	0	1088
12000	17.2	0	1066
12000	17.3	0	1038
12000	17.4	0	1079
12000	17.5	0	1076
12000	17.6	0	1122
12000	17.7	0	1050
12000	17.8	0	1041
12000	17.9	0	1116
12000	18	0	1102
12000	18.1	0	1152
12000	18.2	0	1138
12000	18.3	0	1092
12000	18.4	0	1093
12000	18.5	0	1051
12000	18.6	0	1087
12000	18.7	0	1100
12000	18.8	0	1077
12000	18.9	0	1171
12000	19	0	1141
12000	19.1	0	1058
12000	19.2	0	1144
12000	19.3	0	1072
12000	19.4	0	1113
12000	19.5	0	1121
12000	19.6	0	1078
12000	19.7	0	1125
12000	19.8	0	1102
12000	19.9	0	1097
16000	0	0	1173
16000	0.1	0	1163
16000	0.2	0	1082
16000	0.3	0	1177
16000	0.4	0	1262
16000	0.5	0	1330
16000	0.6	0	1268
16000	0.7	0	1406
16000	0.8	0	1445
16000	0.9	0	1701
16000	1	0	1767
16000	1.1	0	1946
16000	1.2	0	2180
16000	1.3	0	2430
16000	1.4	0	2793
16000	1.5	0	3184
16000	1.6	0	3688
16000	1.7	0	4590
16000	1.8	0	5483
16000	1.9	0	6937
16000	2	0	8716
16000	2.1	0	11328
16000	2.2	0	14855
16000	2.3	0	17870
16000	2.4	0	19521
16000	2.5	0	19204
16000	2.6	0	19161
16000	2.7	0	18720
16000	2.8	0	18601
16000	2.9	0	18509
16000	3	0	18719
16000	3.1	0	18987
16000	3.2	0	19062
16000	3.3	0	19021
16000	3.4	0	18701
16000	3.5	0	19041
16000	3.6	0	18742
16000	3.7	0	18713
16000	3.8	0	18702
16000	3.9	0	19003
16000	4	0	19046
16000	4.1	0	19026
16000	4.2	0	18779
16000	4.3	0	18721
16000	4.4	0	19148
16000	4.5	0	18973
16000	4.6	0	18635
16000	4.7	0	18921
16000	4.8	0	18766
16000	4.9	0	18912
16000	5	0	18904
16000	5.1	0	18838
16000	5.2	0	18068
16000	5.3	0	17579
16000	5.4	0	16398
16000	5.5	0	15415
16000	5.6	0	14365
16000	5.7	0	13438
16000	5.8	0	12396
16000	5.9	0	11140
16000	6	0	10258
16000	6.1	0	9334
16000	6.2	0	8429
16000	6.3	0	7648
16000	6.4	0	7078
16000	6.5	0	6455
16000	6.6	0	6041
16000	6.7	0	5487
16000	6.8	0	5115
16000	6.9	0	4728
16000	7	0	4489
16000	7.1	0	4077
16000	7.2	0	3942
16000	7.3	0	3646
16000	7.4	0	3316
16000	7.5	0	3307
16000	7.6	0	3074
16000	7.7	0	2941
16000	7.8	0	2831
16000	7.9	0	2607
16000	8	0	2495
16000	8.1	0	2376
16000	8.2	0	2352
16000	8.3	0	2214
16000	8.4	0	2067
16000	8.5	0	2061
16000	8.6	0	1926
16000	8.7	0	1955
16000	8.8	0	1840
16000	8.9	0	1787
16000	9	0	1685
16000	9.1	0	1727
16000	9.2	0	1605
16000	9.3	0	1547
16000	9.4	0	1473
16000	9.5	0	1494
16000	9.6	0	1452
16000	9.7	0	1345
16000	9.8	0	1360
16000	9.9	0	1332
16000	10	0	1244
16000	10.1	0	1287
16000	10.2	0	1239
16000	10.3	0	1297
16000	10.4	0	1208
16000	10.5	0	1210
16000	10.6	0	1184
16000	10.7	0	1193
16000	10.8	0	1220
16000	10.9	0	1201
16000	11	0	1159
16000	11.1	0	1087
16000	11.2	0	1108
16000	11.3	0	1097
16000	11.4	0	1124
16000	11.5	0	1107
16000	11.6	0	1118
16000	11.7	0	1132
16000	11.8	0	1095
16000	11.9	0	1067
16000	12	0	1094
16000	12.1	0	1097
16000	12.2	0	1062
16000	12.3	0	1076
16000	12.4	0	1109
16000	12.5	0	1100
16000	12.6	0	1070
16000	12.7	0	1126
16000	12.8	0	1117
16000	12.9	0	1085
16000	13	0	1052
16000	13.1	0	1070
16000	13.2	0	1112
16000	13.3	0	1084
16000	13.4	0	1073
16000	13.5	0	1055
16000	13.6	0	1081
16000	13.7	0	1070
16000	13.8	0	1100
16000	13.9	0	1049
16000	14	0	1127
16000	14.1	0	1070
16000	14.2	0	1084
16000	14.3	0	1063
16000	14.4	0	1096
16000	14.5	0	1084
16000	14.6	0	1082
16000	14.7	0	1130
16000	14.8	0	1050
16000	14.9	0	1072
16000	15	0	1130
16000	15.1	0	1071
16000	15.2	0	1014
16000	15.3	0	1123
16000	15.4	0	1106
16000	15.5	0	1129
16000	15.6	0	1070
16000	15.7	0	1072
16000	15.8	0	1036
16000	15.9	0	1086
16000	16	0	1082
16000	16.1	0	1099
16000	16.2	0	1123
16000	16.3	0	1061
16000	16.4	0	1105
16000	16.5	0	1104
16000	16.6	0	1050
16000	16.7	0	1072
16000	16.8	0	1090
16000	16.9	0	1099
16000	17	0	1123
16000	17.1	0	1051
16000	17.2	0	1104
16000	17.3	0	1076
16000	17.4	0	1131
16000	17.5	0	1098
16000	17.6	0	1118
16000	17.7	0	1117
16000	17.8	0	1086
16000	17.9	0	1075
16000	18	0	1157
16000	18.1	0	1047
16000	18.2	0	1085
16000	18.3	0	1084
16000	18.4	0	1111
16000	18.5	0	1086
16000	18.6	0	1102
16000	18.7	0	1073
16000	18.8	0	1041
16000	18.9	0	1070
16000	19	0	1036
16000	19.1	0	1078
16000	19.2	0	1067
16000	19.3	0	1082
16000	19.4	0	1118
16000	19.5	0	1139
16000	19.6	0	1117
16000	19.7	0	1098
16000	19.8	0	1117
16000	19.9	0	1129
20000	0	0	1096
20000	0.1	0	1141
20000	0.2	0	1103
20000	0.3	0	1131
20000	0.4	0	1179
20000	0.5	0	1253
20000	0.6	0	1360
20000	0.7	0	1371
20000	0.8	0	1432
20000	0.9	0	1655
20000	1	0	1783
20000	1.1	0	1873
20000	1.2	0	2171
20000	1.3	0	2413
20000	1.4	0	2773
20000	1.5	0	3159
20000	1.6	0	3772
20000	1.7	0	4455
20000	1.8	0	5541
20000	1.9	0	6954
20000	2	0	8882
20000	2.1	0	11524
20000	2.2	0	14646
20000	2.3	0	17993
20000	2.4	0	19522
20000	2.5	0	19433
20000	2.6	0	18779
20000	2.7	0	18664
20000	2.8	0	18647
20000	2.9	0	18655
20000	3	0	18846
20000	3.1	0	18885
20000	3.2	0	18833
20000	3.3	0	18965
20000	3.4	0	18966
20000	3.5	0	19024
20000	3.6	0	18955
20000	3.7	0	18952
20000	3.8	0	18872
20000	3.9	0	18662
20000	4	0	19180
20000	4.1	0	19087
20000	4.2	0	18879
20000	4.3	0	19034
20000	4.4	0	18935
20000	4.5	0	18898
20000	4.6	0	18799
20000	4.7	0	18739
20000	4.8	0	18927
20000	4.9	0	18714
20000	5	0	18888
20000	5.1	0	18621
20000	5.2	0	18260
20000	5.3	0	17736
20000	5.4	0	16313
20000	5.5	0	15557
20000	5.6	0	14537
20000	5.7	0	13131
20000	5.8	0	12163
20000	5.9	0	11065
20000	6	0	10089
20000	6.1	0	9253
20000	6.2	0	8522
20000	6.3	0	7754
20000	6.4	0	7170
20000	6.5	0	6570
20000	6.6	0	5904
20000	6.7	0	5458
20000	6.8	0	5078
20000	6.9	0	4749
20000	7	0	4422
20000	7.1	0	4069
20000	7.2	0	3840
20000	7.3	0	3626
20000	7.4	0	3464
20000	7.5	0	3196
20000	7.6	0	3084
20000	7.7	0	2881
20000	7.8	0	2755
20000	7.9	0	2572
20000	8	0	2457
20000	8.1	0	2437
20000	8.2	0	2270
20000	8.3	0	2313
20000	8.4	0	2135
20000	8.5	0	2053
20000	8.6	0	1991
20000	8.7	0	1909
20000	8.8	0	1841
20000	8.9	0	1704
20000	9	0	1735
20000	9.1	0	1643
20000	9.2	0	1657
20000	9.3	0	1535
20000	9.4	0	1482
20000	9.5	0	1492
20000	9.6	0	1454
20000	9.7	0	1467
20000	9.8	0	1375
20000	9.9	0	1375
20000	10	0	1308
20000	10.1	0	1349
20000	10.2	0	1237
20000	10.3	0	1317
20000	10.4	0	1257
20000	10.5	0	1237
20000	10.6	0	1185
20000	10.7	0	1281
20000	10.8	0	1135
20000	10.9	0	1145
20000	11	0	1153
20000	11.1	0	1163
20000	11.2	0	1107
20000	11.3	0	1083
20000	11.4	0	1123
20000	11.5	0	1085
20000	11.6	0	1068
20000	11.7	0	1060
20000	11.8	0	1066
20000	11.9	0	1086
20000	12	0	1115
20000	12.1	0	1115
20000	12.2	0	1084
20000	12.3	0	1096
20000	12.4	0	1117
20000	12.5	0	1052
20000	12.6	0	1107
20000	12.7	0	1102
20000	12.8	0	1028
20000	12.9	0	1042
20000	13	0	1111
20000	13.1	0	1036
20000	13.2	0	1095
20000	13.3	0	1102
20000	13.4	0	1121
20000	13.5	0	1054
20000	13.6	0	1065
20000	13.7	0	1068
20000	13.8	0	1071
20000	13.9	0	1075
20000	14	0	1091
20000	14.1	0	1028
20000	14.2	0	1046
20000	14.3	0	1034
20000	14.4	0	1070
20000	14.5	0	1088
20000	14.6	0	1054
20000	14.7	0	1101
20000	14.8	0	1110
20000	14.9	0	1093
20000	15	0	1026
20000	15.1	0	1007
20000	15.2	0	1122
20000	15.3	0	1108
20000	15.4	0	1087
20000	15.5	0	1050
20000	15.6	0	1049
20000	15.7	0	1056
20000	15.8	0	1119
20000	15.9	0	1137
20000	16	0	1045
20000	16.1	0	1062
20000	16.2	0	1137
20000	16.3	0	1113
20000	16.4	0	1160
20000	16.5	0	1044
20000	16.6	0	1073
20000	16.7	0	1058
20000	16.8	0	1054
20000	16.9	0	1101
20000	17	0	1127
20000	17.1	0	1052
20000	17.2	0	1074
20000	17.3	0	1076
20000	17.4	0	1073
20000	17.5	0	1094
20000	17.6	0	1129
20000	17.7	0	1073
20000	17.8	0	1111
20000	17.9	0	1082
20000	18	0	1057
20000	18.1	0	1092
20000	18.2	0	1086
20000	18.3	0	1105
20000	18.4	0	1139
20000	18.5	0	1158
20000	18.6	0	1061
20000	18.7	0	1082
20000	18.8	0	1119
20000	18.9	0	1093
20000	19	0	1061
20000	19.1	0	1071
20000	19.2	0	1085
20000	19.3	0	1062
20000	19.4	0	1134
20000	19.5	0	1181
20000	19.6	0	1127
20000	19.7	0	1186
20000	19.8	0	1135
20000	19.9	0	1087
