4000	0	0	1263
4000	0.1	0	1218
4000	0.2	0	1263
4000	0.3	0	1262
4000	0.4	0	1406
4000	0.5	0	1441
4000	0.6	0	1583
4000	0.7	0	1612
4000	0.8	0	1664
4000	0.9	0	1797
4000	1	0	2013
4000	1.1	0	2175
4000	1.2	0	2380
4000	1.3	0	2824
4000	1.4	0	3319
4000	1.5	0	3769
4000	1.6	0	4530
4000	1.7	0	5567
4000	1.8	0	6711
4000	1.9	0	8399
4000	2	0	10767
4000	2.1	0	13839
4000	2.2	0	16905
4000	2.3	0	19075
4000	2.4	0	19048
4000	2.5	0	17798
4000	2.6	0	17128
4000	2.7	0	16971
4000	2.8	0	17265
4000	2.9	0	17438
4000	3	0	17468
4000	3.1	0	17277
4000	3.2	0	17616
4000	3.3	0	17656
4000	3.4	0	17566
4000	3.5	0	17587
4000	3.6	0	17457
4000	3.7	0	17452
4000	3.8	0	17389
4000	3.9	0	17602
4000	4	0	17549
4000	4.1	0	17570
4000	4.2	0	17391
4000	4.3	0	17591
4000	4.4	0	17653
4000	4.5	0	17333
4000	4.6	0	17496
4000	4.7	0	17123
4000	4.8	0	17651
4000	4.9	0	17267
4000	5	0	17244
4000	5.1	0	17518
4000	5.2	0	17283
4000	5.3	0	16981
4000	5.4	0	16100
4000	5.5	0	15694
4000	5.6	0	14852
4000	5.7	0	14001
4000	5.8	0	13132
4000	5.9	0	12135
4000	6	0	11138
4000	6.1	0	10281
4000	6.2	0	9369
4000	6.3	0	8573
4000	6.4	0	7880
4000	6.5	0	7238
4000	6.6	0	6679
4000	6.7	0	6097
4000	6.8	0	5738
4000	6.9	0	5342
4000	7	0	4867
4000	7.1	0	4465
4000	7.2	0	4129
4000	7.3	0	3947
4000	7.4	0	3853
4000	7.5	0	3563
4000	7.6	0	3361
4000	7.7	0	3140
4000	7.8	0	3076
4000	7.9	0	2839
4000	8	0	2649
4000	8.1	0	2612
4000	8.2	0	2506
4000	8.3	0	2420
4000	8.4	0	2274
4000	8.5	0	2038
4000	8.6	0	2096
4000	8.7	0	2022
4000	8.8	0	1989
4000	8.9	0	1853
4000	9	0	1852
4000	9.1	0	1817
4000	9.2	0	1810
4000	9.3	0	1590
4000	9.4	0	1601
4000	9.5	0	1579
4000	9.6	0	1604
4000	9.7	0	1529
4000	9.8	0	1478
4000	9.9	0	1458
4000	10	0	1434
4000	10.1	0	1357
4000	10.2	0	1372
4000	10.3	0	1320
4000	10.4	0	1342
4000	10.5	0	1283
4000	10.6	0	1281
4000	10.7	0	1254
4000	10.8	0	1244
4000	10.9	0	1213
4000	11	0	1248
4000	11.1	0	1167
4000	11.2	0	1216
4000	11.3	0	1146
4000	11.4	0	1163
4000	11.5	0	1187
4000	11.6	0	1191
4000	11.7	0	1174
4000	11.8	0	1081
4000	11.9	0	1174
4000	12	0	1198
4000	12.1	0	1146
4000	12.2	0	1195
4000	12.3	0	1120
4000	12.4	0	1103
4000	12.5	0	1144
4000	12.6	0	1136
4000	12.7	0	1193
4000	12.8	0	1118
4000	12.9	0	1174
4000	13	0	1157
4000	13.1	0	1138
4000	13.2	0	1187
4000	13.3	0	1164
4000	13.4	0	1183
4000	13.5	0	1210
4000	13.6	0	1127
4000	13.7	0	1157
4000	13.8	0	1112
4000	13.9	0	1180
4000	14	0	1128
4000	14.1	0	1190
4000	14.2	0	1209
4000	14.3	0	1150
4000	14.4	0	1140
4000	14.5	0	1140
4000	14.6	0	1222
4000	14.7	0	1224
4000	14.8	0	1115
4000	14.9	0	1152
4000	15	0	1127
4000	15.1	0	1151
4000	15.2	0	1188
4000	15.3	0	1219
4000	15.4	0	1134
4000	15.5	0	1156
4000	15.6	0	1158
4000	15.7	0	1154
4000	15.8	0	1158
4000	15.9	0	1145
4000	16	0	1187
4000	16.1	0	1162
4000	16.2	0	1107
4000	16.3	0	1238
4000	16.4	0	1138
4000	16.5	0	1236
4000	16.6	0	1159
4000	16.7	0	1125
4000	16.8	0	1224
4000	16.9	0	1202
4000	17	0	1143
4000	17.1	0	1145
4000	17.2	0	1170
4000	17.3	0	1212
4000	17.4	0	1196
4000	17.5	0	1193
4000	17.6	0	1172
4000	17.7	0	1187
4000	17.8	0	1219
4000	17.9	0	1225
4000	18	0	1146
4000	18.1	0	1176
4000	18.2	0	1166
4000	18.3	0	1207
4000	18.4	0	1213
4000	18.5	0	1171
4000	18.6	0	1148
4000	18.7	0	1156
4000	18.8	0	1179
4000	18.9	0	1172
4000	19	0	1208
4000	19.1	0	1109
4000	19.2	0	1189
4000	19.3	0	1199
4000	19.4	0	1222
4000	19.5	0	1189
4000	19.6	0	1262
4000	19.7	0	1180
4000	19.8	0	1196
4000	19.9	0	1207
8000	0	0	1215
8000	0.1	0	1226
8000	0.2	0	1234
8000	0.3	0	1257
8000	0.4	0	1317
8000	0.5	0	1365
8000	0.6	0	1454
8000	0.7	0	1568
8000	0.8	0	1626
8000	0.9	0	1807
8000	1	0	1937
8000	1.1	0	2183
8000	1.2	0	2437
8000	1.3	0	2762
8000	1.4	0	3215
8000	1.5	0	3762
8000	1.6	0	4499
8000	1.7	0	5465
8000	1.8	0	6703
8000	1.9	0	8583
8000	2	0	10723
8000	2.1	0	13697
8000	2.2	0	17036
8000	2.3	0	18949
8000	2.4	0	19179
8000	2.5	0	17595
8000	2.6	0	17060
8000	2.7	0	17009
8000	2.8	0	17043
8000	2.9	0	17186
8000	3	0	17385
8000	3.1	0	17492
8000	3.2	0	17569
8000	3.3	0	17728
8000	3.4	0	17396
8000	3.5	0	17325
8000	3.6	0	17441
8000	3.7	0	17717
8000	3.8	0	17389
8000	3.9	0	17551
8000	4	0	17424
8000	4.1	0	17451
8000	4.2	0	17619
8000	4.3	0	17780
8000	4.4	0	17492
8000	4.5	0	17364
8000	4.6	0	17361
8000	4.7	0	17495
8000	4.8	0	17604
8000	4.9	0	17308
8000	5	0	17640
8000	5.1	0	17556
8000	5.2	0	17258
8000	5.3	0	16776
8000	5.4	0	16213
8000	5.5	0	15831
8000	5.6	0	14936
8000	5.7	0	13953
8000	5.8	0	13307
8000	5.9	0	12050
8000	6	0	11142
8000	6.1	0	10183
8000	6.2	0	9360
8000	6.3	0	8490
8000	6.4	0	8052
8000	6.5	0	7136
8000	6.6	0	6719
8000	6.7	0	6231
8000	6.8	0	5647
8000	6.9	0	5223
8000	7	0	4885
8000	7.1	0	4774
8000	7.2	0	4206
8000	7.3	0	4039
8000	7.4	0	3752
8000	7.5	0	3464
8000	7.6	0	3302
8000	7.7	0	3194
8000	7.8	0	2940
8000	7.9	0	2829
8000	8	0	2693
8000	8.1	0	2588
8000	8.2	0	2566
8000	8.3	0	2355
8000	8.4	0	2265
8000	8.5	0	2262
8000	8.6	0	2077
8000	8.7	0	2030
8000	8.8	0	2047
8000	8.9	0	1871
8000	9	0	1941
8000	9.1	0	1758
8000	9.2	0	1711
8000	9.3	0	1681
8000	9.4	0	1614
8000	9.5	0	1607
8000	9.6	0	1626
8000	9.7	0	1532
8000	9.8	0	1483
8000	9.9	0	1465
8000	10	0	1479
8000	10.1	0	1346
8000	10.2	0	1339
8000	10.3	0	1334
8000	10.4	0	1398
8000	10.5	0	1331
8000	10.6	0	1270
8000	10.7	0	1325
8000	10.8	0	1279
8000	10.9	0	1158
8000	11	0	1255
8000	11.1	0	1182
8000	11.2	0	1170
8000	11.3	0	1119
8000	11.4	0	1148
8000	11.5	0	1175
8000	11.6	0	1252
8000	11.7	0	1187
8000	11.8	0	1189
8000	11.9	0	1138
8000	12	0	1225
8000	12.1	0	1190
8000	12.2	0	1210
8000	12.3	0	1189
8000	12.4	0	1154
8000	12.5	0	1163
8000	12.6	0	1108
8000	12.7	0	1210
8000	12.8	0	1152
8000	12.9	0	1174
8000	13	0	1142
8000	13.1	0	1124
8000	13.2	0	1144
8000	13.3	0	1224
8000	13.4	0	1117
8000	13.5	0	1176
8000	13.6	0	1188
8000	13.7	0	1192
8000	13.8	0	1214
8000	13.9	0	1181
8000	14	0	1124
8000	14.1	0	1112
8000	14.2	0	1185
8000	14.3	0	1156
8000	14.4	0	1115
8000	14.5	0	1178
8000	14.6	0	1209
8000	14.7	0	1134
8000	14.8	0	1171
8000	14.9	0	1172
8000	15	0	1167
8000	15.1	0	1134
8000	15.2	0	1120
8000	15.3	0	1152
8000	15.4	0	1191
8000	15.5	0	1123
8000	15.6	0	1166
8000	15.7	0	1137
8000	15.8	0	1164
8000	15.9	0	1150
8000	16	0	1124
8000	16.1	0	1212
8000	16.2	0	1096
8000	16.3	0	1168
8000	16.4	0	1187
8000	16.5	0	1142
8000	16.6	0	1237
8000	16.7	0	1091
8000	16.8	0	1116
8000	16.9	0	1170
8000	17	0	1182
8000	17.1	0	1187
8000	17.2	0	1163
8000	17.3	0	1207
8000	17.4	0	1191
8000	17.5	0	1167
8000	17.6	0	1167
8000	17.7	0	1185
8000	17.8	0	1153
8000	17.9	0	1154
8000	18	0	1143
8000	18.1	0	1170
8000	18.2	0	1187
8000	18.3	0	1147
8000	18.4	0	1162
8000	18.5	0	1202
8000	18.6	0	1176
8000	18.7	0	1241
8000	18.8	0	1147
8000	18.9	0	1188
8000	19	0	1207
8000	19.1	0	1234
8000	19.2	0	1144
8000	19.3	0	1249
8000	19.4	0	1215
8000	19.5	0	1216
8000	19.6	0	1227
8000	19.7	0	1193
8000	19.8	0	1160
8000	19.9	0	1239
12000	0	0	1268
12000	0.1	0	1238
12000	0.2	0	1294
12000	0.3	0	1339
12000	0.4	0	1316
12000	0.5	0	1391
12000	0.6	0	1468
12000	0.7	0	1529
12000	0.8	0	1670
12000	0.9	0	1752
12000	1	0	1999
12000	1.1	0	2210
12000	1.2	0	2462
12000	1.3	0	2799
12000	1.4	0	3230
12000	1.5	0	3804
12000	1.6	0	4490
12000	1.7	0	5541
12000	1.8	0	6778
12000	1.9	0	8481
12000	2	0	10787
12000	2.1	0	13785
12000	2.2	0	16953
12000	2.3	0	19261
12000	2.4	0	19271
12000	2.5	0	17871
12000	2.6	0	16984
12000	2.7	0	16951
12000	2.8	0	17219
12000	2.9	0	17363
12000	3	0	17443
12000	3.1	0	17629
12000	3.2	0	17489
12000	3.3	0	17515
12000	3.4	0	17359
12000	3.5	0	17512
12000	3.6	0	17577
12000	3.7	0	17430
12000	3.8	0	17593
12000	3.9	0	17546
12000	4	0	17381
12000	4.1	0	17515
12000	4.2	0	17500
12000	4.3	0	17579
12000	4.4	0	17400
12000	4.5	0	17424
12000	4.6	0	17349
12000	4.7	0	17381
12000	4.8	0	17216
12000	4.9	0	17674
12000	5	0	17386
12000	5.1	0	17561
12000	5.2	0	17250
12000	5.3	0	16586
12000	5.4	0	16327
12000	5.5	0	15689
12000	5.6	0	14808
12000	5.7	0	14230
12000	5.8	0	12833
12000	5.9	0	11999
12000	6	0	11047
12000	6.1	0	10204
12000	6.2	0	9387
12000	6.3	0	8637
12000	6.4	0	7921
12000	6.5	0	7163
12000	6.6	0	6724
12000	6.7	0	6169
12000	6.8	0	5628
12000	6.9	0	5246
12000	7	0	4805
12000	7.1	0	4537
12000	7.2	0	4204
12000	7.3	0	4079
12000	7.4	0	3765
12000	7.5	0	3473
12000	7.6	0	3342
12000	7.7	0	3200
12000	7.8	0	2959
12000	7.9	0	2892
12000	8	0	2742
12000	8.1	0	2669
12000	8.2	0	2568
12000	8.3	0	2281
12000	8.4	0	2329
12000	8.5	0	2258
12000	8.6	0	2095
12000	8.7	0	2038
12000	8.8	0	1878
12000	8.9	0	1871
12000	9	0	1852
12000	9.1	0	1782
12000	9.2	0	1734
12000	9.3	0	1625
12000	9.4	0	1569
12000	9.5	0	1582
12000	9.6	0	1604
12000	9.7	0	1548
12000	9.8	0	1489
12000	9.9	0	1452
12000	10	0	1491
12000	10.1	0	1419
12000	10.2	0	1334
12000	10.3	0	1350
12000	10.4	0	1317
12000	10.5	0	1287
12000	10.6	0	1259
12000	10.7	0	1256
12000	10.8	0	1265
12000	10.9	0	1223
12000	11	0	1242
12000	11.1	0	1283
12000	11.2	0	1262
12000	11.3	0	1162
12000	11.4	0	1224
12000	11.5	0	1201
12000	11.6	0	1185
12000	11.7	0	1242
12000	11.8	0	1156
12000	11.9	0	1165
12000	12	0	1084
12000	12.1	0	1187
12000	12.2	0	1243
12000	12.3	0	1129
12000	12.4	0	1107
12000	12.5	0	1218
12000	12.6	0	1148
12000	12.7	0	1133
12000	12.8	0	1159
12000	12.9	0	1211
12000	13	0	1176
12000	13.1	0	1240
12000	13.2	0	1189
12000	13.3	0	1185
12000	13.4	0	1198
12000	13.5	0	1175
12000	13.6	0	1181
12000	13.7	0	1163
12000	13.8	0	1144
12000	13.9	0	1172
12000	14	0	1167
12000	14.1	0	1177
12000	14.2	0	1207
12000	14.3	0	1102
12000	14.4	0	1127
12000	14.5	0	1213
12000	14.6	0	1137
12000	14.7	0	1192
12000	14.8	0	1158
12000	14.9	0	1122
12000	15	0	1188
12000	15.1	0	1134
12000	15.2	0	1182
12000	15.3	0	1150
12000	15.4	0	1182
12000	15.5	0	1161
12000	15.6	0	1152
12000	15.7	0	1118
12000	15.8	0	1139
12000	15.9	0	1185
12000	16	0	1155
12000	16.1	0	1172
12000	16.2	0	1145
12000	16.3	0	1153
12000	16.4	0	1188
12000	16.5	0	1166
12000	16.6	0	1123
12000	16.7	0	1173
12000	16.8	0	1206
12000	16.9	0	1165
12000	17	0	1161
12000	17.1	0	1108
12000	17.2	0	1183
12000	17.3	0	1161
12000	17.4	0	1130
12000	17.5	0	1206
12000	17.6	0	1156
12000	17.7	0	1206
12000	17.8	0	1201
12000	17.9	0	1093
12000	18	0	1215
12000	18.1	0	1201
12000	18.2	0	1148
12000	18.3	0	1159
12000	18.4	0	1178
12000	18.5	0	1205
12000	18.6	0	1234
12000	18.7	0	1191
12000	18.8	0	1160
12000	18.9	0	1209
12000	19	0	1210
12000	19.1	0	1189
12000	19.2	0	1144
12000	19.3	0	1223
12000	19.4	0	1206
12000	19.5	0	1185
12000	19.6	0	1228
12000	19.7	0	1153
12000	19.8	0	1192
12000	19.9	0	1128
16000	0	0	1266
16000	0.1	0	1222
16000	0.2	0	1275
16000	0.3	0	1292
16000	0.4	0	1340
16000	0.5	0	1428
16000	0.6	0	1478
16000	0.7	0	1558
16000	0.8	0	1654
16000	0.9	0	1856
16000	1	0	1974
16000	1.1	0	2154
16000	1.2	0	2367
16000	1.3	0	2699
16000	1.4	0	3335
16000	1.5	0	3784
16000	1.6	0	4604
16000	1.7	0	5556
16000	1.8	0	6733
16000	1.9	0	8666
16000	2	0	10873
16000	2.1	0	13866
16000	2.2	0	16788
16000	2.3	0	19184
16000	2.4	0	18940
16000	2.5	0	17728
16000	2.6	0	17015
16000	2.7	0	16914
16000	2.8	0	17198
16000	2.9	0	17306
16000	3	0	17423
16000	3.1	0	17521
16000	3.2	0	17392
16000	3.3	0	17553
16000	3.4	0	17632
16000	3.5	0	17395
16000	3.6	0	17363
16000	3.7	0	17453
16000	3.8	0	17580
16000	3.9	0	17440
16000	4	0	17526
16000	4.1	0	17230
16000	4.2	0	17559
16000	4.3	0	17530
16000	4.4	0	17684
16000	4.5	0	17514
16000	4.6	0	17501
16000	4.7	0	17397
16000	4.8	0	17273
16000	4.9	0	17179
16000	5	0	17543
16000	5.1	0	17601
16000	5.2	0	17287
16000	5.3	0	16755
16000	5.4	0	16468
16000	5.5	0	15642
16000	5.6	0	15009
16000	5.7	0	14179
16000	5.8	0	13084
16000	5.9	0	12134
16000	6	0	11140
16000	6.1	0	10162
16000	6.2	0	9436
16000	6.3	0	8575
16000	6.4	0	7937
16000	6.5	0	7048
16000	6.6	0	6607
16000	6.7	0	6122
16000	6.8	0	5625
16000	6.9	0	5185
16000	7	0	4944
16000	7.1	0	4573
16000	7.2	0	4195
16000	7.3	0	4027
16000	7.4	0	3690
16000	7.5	0	3663
16000	7.6	0	3293
16000	7.7	0	3159
16000	7.8	0	3001
16000	7.9	0	2886
16000	8	0	2782
16000	8.1	0	2571
16000	8.2	0	2418
16000	8.3	0	2332
16000	8.4	0	2303
16000	8.5	0	2234
16000	8.6	0	2171
16000	8.7	0	2056
16000	8.8	0	1952
16000	8.9	0	1967
16000	9	0	1788
16000	9.1	0	1760
16000	9.2	0	1752
16000	9.3	0	1651
16000	9.4	0	1670
16000	9.5	0	1610
16000	9.6	0	1534
16000	9.7	0	1492
16000	9.8	0	1536
16000	9.9	0	1418
16000	10	0	1406
16000	10.1	0	1289
16000	10.2	0	1403
16000	10.3	0	1381
16000	10.4	0	1307
16000	10.5	0	1285
16000	10.6	0	1250
16000	10.7	0	1204
16000	10.8	0	1248
16000	10.9	0	1253
16000	11	0	1198
16000	11.1	0	1184
16000	11.2	0	1154
16000	11.3	0	1148
16000	11.4	0	1205
16000	11.5	0	1163
16000	11.6	0	1223
16000	11.7	0	1155
16000	11.8	0	1142
16000	11.9	0	1161
16000	12	0	1128
16000	12.1	0	1156
16000	12.2	0	1196
16000	12.3	0	1175
16000	12.4	0	1116
16000	12.5	0	1154
16000	12.6	0	1183
16000	12.7	0	1161
16000	12.8	0	1201
16000	12.9	0	1203
16000	13	0	1155
16000	13.1	0	1143
16000	13.2	0	1191
16000	13.3	0	1216
16000	13.4	0	1168
16000	13.5	0	1196
16000	13.6	0	1187
16000	13.7	0	1167
16000	13.8	0	1185
16000	13.9	0	1103
16000	14	0	1151
16000	14.1	0	1227
16000	14.2	0	1139
16000	14.3	0	1140
16000	14.4	0	1115
16000	14.5	0	1121
16000	14.6	0	1172
16000	14.7	0	1148
16000	14.8	0	1212
16000	14.9	0	1167
16000	15	0	1237
16000	15.1	0	1145
16000	15.2	0	1170
16000	15.3	0	1174
16000	15.4	0	1212
16000	15.5	0	1203
16000	15.6	0	1126
16000	15.7	0	1213
16000	15.8	0	1192
16000	15.9	0	1155
16000	16	0	1243
16000	16.1	0	1200
16000	16.2	0	1187
16000	16.3	0	1177
16000	16.4	0	1166
16000	16.5	0	1141
16000	16.6	0	1136
16000	16.7	0	1166
16000	16.8	0	1239
16000	16.9	0	1199
16000	17	0	1163
16000	17.1	0	1162
16000	17.2	0	1173
16000	17.3	0	1195
16000	17.4	0	1177
16000	17.5	0	1176
16000	17.6	0	1150
16000	17.7	0	1131
16000	17.8	0	1184
16000	17.9	0	1133
16000	18	0	1213
16000	18.1	0	1215
16000	18.2	0	1184
16000	18.3	0	1171
16000	18.4	0	1161
16000	18.5	0	1169
16000	18.6	0	1142
16000	18.7	0	1179
16000	18.8	0	1186
16000	18.9	0	1176
16000	19	0	1157
16000	19.1	0	1202
16000	19.2	0	1169
16000	19.3	0	1244
16000	19.4	0	1176
16000	19.5	0	1192
16000	19.6	0	1154
16000	19.7	0	1236
16000	19.8	0	1229
16000	19.9	0	1220
20000	0	0	1234
20000	0.1	0	1256
20000	0.2	0	1271
20000	0.3	0	1334
20000	0.4	0	1298
20000	0.5	0	1369
20000	0.6	0	1430
20000	0.7	0	1545
20000	0.8	0	1737
20000	0.9	0	1824
20000	1	0	1986
20000	1.1	0	2207
20000	1.2	0	2498
20000	1.3	0	2865
20000	1.4	0	3167
20000	1.5	0	3788
20000	1.6	0	4527
20000	1.7	0	5460
20000	1.8	0	6708
20000	1.9	0	8547
20000	2	0	10863
20000	2.1	0	14007
20000	2.2	0	16873
20000	2.3	0	19143
20000	2.4	0	19225
20000	2.5	0	17439
20000	2.6	0	17172
20000	2.7	0	17026
20000	2.8	0	17146
20000	2.9	0	17203
20000	3	0	17411
20000	3.1	0	17737
20000	3.2	0	17417
20000	3.3	0	17561
20000	3.4	0	17246
20000	3.5	0	17359
20000	3.6	0	17436
20000	3.7	0	17491
20000	3.8	0	17589
20000	3.9	0	17607
20000	4	0	17297
20000	4.1	0	17525
20000	4.2	0	17323
20000	4.3	0	17539
20000	4.4	0	17656
20000	4.5	0	17370
20000	4.6	0	17399
20000	4.7	0	17386
20000	4.8	0	17311
20000	4.9	0	17461
20000	5	0	17543
20000	5.1	0	17547
20000	5.2	0	17009
20000	5.3	0	16806
20000	5.4	0	16415
20000	5.5	0	15608
20000	5.6	0	14755
20000	5.7	0	14017
20000	5.8	0	13160
20000	5.9	0	11977
20000	6	0	11307
20000	6.1	0	10234
20000	6.2	0	9305
20000	6.3	0	8476
20000	6.4	0	7895
20000	6.5	0	7154
20000	6.6	0	6513
20000	6.7	0	6155
20000	6.8	0	5627
20000	6.9	0	5272
20000	7	0	4955
20000	7.1	0	4533
20000	7.2	0	4315
20000	7.3	0	4001
20000	7.4	0	3666
20000	7.5	0	3596
20000	7.6	0	3335
20000	7.7	0	3114
20000	7.8	0	2961
20000	7.9	0	2771
20000	8	0	2811
20000	8.1	0	2633
20000	8.2	0	2585
20000	8.3	0	2401
20000	8.4	0	2363
20000	8.5	0	2198
20000	8.6	0	2112
20000	8.7	0	2028
20000	8.8	0	1971
20000	8.9	0	1909
20000	9	0	1866
20000	9.1	0	1751
20000	9.2	0	1768
20000	9.3	0	1663
20000	9.4	0	1653
20000	9.5	0	1610
20000	9.6	0	1545
20000	9.7	0	1510
20000	9.8	0	1454
20000	9.9	0	1471
20000	10	0	1440
20000	10.1	0	1429
20000	10.2	0	1352
20000	10.3	0	1363
20000	10.4	0	1271
20000	10.5	0	1275
20000	10.6	0	1293
20000	10.7	0	1314
20000	10.8	0	1249
20000	10.9	0	1228
20000	11	0	1216
20000	11.1	0	1225
20000	11.2	0	1255
20000	11.3	0	1211
20000	11.4	0	1205
20000	11.5	0	1235
20000	11.6	0	1178
20000	11.7	0	1219
20000	11.8	0	1148
20000	11.9	0	1151
20000	12	0	1133
20000	12.1	0	1114
20000	12.2	0	1181
20000	12.3	0	1256
20000	12.4	0	1171
20000	12.5	0	1209
20000	12.6	0	1226
20000	12.7	0	1185
20000	12.8	0	1137
20000	12.9	0	1108
20000	13	0	1073
20000	13.1	0	1209
20000	13.2	0	1199
20000	13.3	0	1138
20000	13.4	0	1156
20000	13.5	0	1131
20000	13.6	0	1202
20000	13.7	0	1192
20000	13.8	0	1187
20000	13.9	0	1191
20000	14	0	1159
20000	14.1	0	1147
20000	14.2	0	1137
20000	14.3	0	1147
20000	14.4	0	1257
20000	14.5	0	1229
20000	14.6	0	1211
20000	14.7	0	1175
20000	14.8	0	1214
20000	14.9	0	1168
20000	15	0	1102
20000	15.1	0	1163
20000	15.2	0	1180
20000	15.3	0	1209
20000	15.4	0	1180
20000	15.5	0	1152
20000	15.6	0	1178
20000	15.7	0	1152
20000	15.8	0	1144
20000	15.9	0	1191
20000	16	0	1203
20000	16.1	0	1168
20000	16.2	0	1111
20000	16.3	0	1170
20000	16.4	0	1193
20000	16.5	0	1212
20000	16.6	0	1187
20000	16.7	0	1191
20000	16.8	0	1143
20000	16.9	0	1138
20000	17	0	1226
20000	17.1	0	1241
20000	17.2	0	1131
20000	17.3	0	1181
20000	17.4	0	1152
20000	17.5	0	1145
20000	17.6	0	1116
20000	17.7	0	1192
20000	17.8	0	1180
20000	17.9	0	1197
20000	18	0	1158
20000	18.1	0	1129
20000	18.2	0	1160
20000	18.3	0	1162
20000	18.4	0	1153
20000	18.5	0	1236
20000	18.6	0	1138
20000	18.7	0	1194
20000	18.8	0	1180
20000	18.9	0	1187
20000	19	0	1180
20000	19.1	0	1145
20000	19.2	0	1174
20000	19.3	0	1230
20000	19.4	0	1154
20000	19.5	0	1220
20000	19.6	0	1232
20000	19.7	0	1294
20000	19.8	0	1207
20000	19.9	0	1247
