4000	0	0	1142
4000	0.1	0	1165
4000	0.2	0	1164
4000	0.3	0	1277
4000	0.4	0	1370
4000	0.5	0	1333
4000	0.6	0	1454
4000	0.7	0	1497
4000	0.8	0	1603
4000	0.9	0	1710
4000	1	0	1894
4000	1.1	0	2099
4000	1.2	0	2256
4000	1.3	0	2676
4000	1.4	0	3019
4000	1.5	0	3466
4000	1.6	0	4216
4000	1.7	0	4990
4000	1.8	0	6180
4000	1.9	0	7630
4000	2	0	9901
4000	2.1	0	12700
4000	2.2	0	15808
4000	2.3	0	18961
4000	2.4	0	19686
4000	2.5	0	18435
4000	2.6	0	17917
4000	2.7	0	17689
4000	2.8	0	17818
4000	2.9	0	17684
4000	3	0	18032
4000	3.1	0	17948
4000	3.2	0	18330
4000	3.3	0	18031
4000	3.4	0	18078
4000	3.5	0	18164
4000	3.6	0	18130
4000	3.7	0	17963
4000	3.8	0	18259
4000	3.9	0	17936
4000	4	0	18012
4000	4.1	0	18075
4000	4.2	0	18033
4000	4.3	0	18106
4000	4.4	0	18080
4000	4.5	0	18027
4000	4.6	0	18220
4000	4.7	0	17880
4000	4.8	0	17955
4000	4.9	0	17952
4000	5	0	18130
4000	5.1	0	18089
4000	5.2	0	17758
4000	5.3	0	17152
4000	5.4	0	16396
4000	5.5	0	15649
4000	5.6	0	14805
4000	5.7	0	13585
4000	5.8	0	12757
4000	5.9	0	11718
4000	6	0	10855
4000	6.1	0	9879
4000	6.2	0	9049
4000	6.3	0	8180
4000	6.4	0	7553
4000	6.5	0	6917
4000	6.6	0	6312
4000	6.7	0	5982
4000	6.8	0	5443
4000	6.9	0	5074
4000	7	0	4623
4000	7.1	0	4402
4000	7.2	0	4115
4000	7.3	0	3762
4000	7.4	0	3528
4000	7.5	0	3340
4000	7.6	0	3304
4000	7.7	0	3057
4000	7.8	0	2859
4000	7.9	0	2780
4000	8	0	2635
4000	8.1	0	2481
4000	8.2	0	2364
4000	8.3	0	2385
4000	8.4	0	2267
4000	8.5	0	2123
4000	8.6	0	1971
4000	8.7	0	1972
4000	8.8	0	1940
4000	8.9	0	1867
4000	9	0	1744
4000	9.1	0	1753
4000	9.2	0	1734
4000	9.3	0	1652
4000	9.4	0	1620
4000	9.5	0	1547
4000	9.6	0	1498
4000	9.7	0	1514
4000	9.8	0	1459
4000	9.9	0	1355
4000	10	0	1416
4000	10.1	0	1347
4000	10.2	0	1317
4000	10.3	0	1355
4000	10.4	0	1269
4000	10.5	0	1228
4000	10.6	0	1278
4000	10.7	0	1263
4000	10.8	0	1176
4000	10.9	0	1239
4000	11	0	1261
4000	11.1	0	1138
4000	11.2	0	1158
4000	11.3	0	1132
4000	11.4	0	1132
4000	11.5	0	1123
4000	11.6	0	1121
4000	11.7	0	1120
4000	11.8	0	1189
4000	11.9	0	1080
4000	12	0	1096
4000	12.1	0	1164
4000	12.2	0	1108
4000	12.3	0	1152
4000	12.4	0	1127
4000	12.5	0	1127
4000	12.6	0	1118
4000	12.7	0	1109
4000	12.8	0	1082
4000	12.9	0	1092
4000	13	0	1169
4000	13.1	0	1155
4000	13.2	0	1117
4000	13.3	0	1165
4000	13.4	0	1121
4000	13.5	0	1154
4000	13.6	0	1118
4000	13.7	0	1123
4000	13.8	0	1098
4000	13.9	0	1097
4000	14	0	1112
4000	14.1	0	1079
4000	14.2	0	1133
4000	14.3	0	1107
4000	14.4	0	1122
4000	14.5	0	1174
4000	14.6	0	1138
4000	14.7	0	1127
4000	14.8	0	1078
4000	14.9	0	1119
4000	15	0	1174
4000	15.1	0	1089
4000	15.2	0	1077
4000	15.3	0	1147
4000	15.4	0	1137
4000	15.5	0	1128
4000	15.6	0	1098
4000	15.7	0	1132
4000	15.8	0	1136
4000	15.9	0	1179
4000	16	0	1125
4000	16.1	0	1150
4000	16.2	0	1115
4000	16.3	0	1118
4000	16.4	0	1179
4000	16.5	0	1149
4000	16.6	0	1099
4000	16.7	0	1129
4000	16.8	0	1116
4000	16.9	0	1157
4000	17	0	1165
4000	17.1	0	1122
4000	17.2	0	1159
4000	17.3	0	1178
4000	17.4	0	1161
4000	17.5	0	1142
4000	17.6	0	1090
4000	17.7	0	1157
4000	17.8	0	1106
4000	17.9	0	1098
4000	18	0	1130
4000	18.1	0	1187
4000	18.2	0	1140
4000	18.3	0	1159
4000	18.4	0	1080
4000	18.5	0	1173
4000	18.6	0	1157
4000	18.7	0	1145
4000	18.8	0	1166
4000	18.9	0	1149
4000	19	0	1155
4000	19.1	0	1204
4000	19.2	0	1155
4000	19.3	0	1175
4000	19.4	0	1166
4000	19.5	0	1121
4000	19.6	0	1163
4000	19.7	0	1189
4000	19.8	0	1125
4000	19.9	0	1141
8000	0	0	1168
8000	0.1	0	1239
8000	0.2	0	1193
8000	0.3	0	1206
8000	0.4	0	1294
8000	0.5	0	1315
8000	0.6	0	1397
8000	0.7	0	1556
8000	0.8	0	1579
8000	0.9	0	1620
8000	1	0	1849
8000	1.1	0	1982
8000	1.2	0	2404
8000	1.3	0	2613
8000	1.4	0	3036
8000	1.5	0	3452
8000	1.6	0	4200
8000	1.7	0	4920
8000	1.8	0	6222
8000	1.9	0	7609
8000	2	0	9823
8000	2.1	0	12588
8000	2.2	0	15943
8000	2.3	0	18838
8000	2.4	0	19636
8000	2.5	0	18520
8000	2.6	0	17818
8000	2.7	0	17742
8000	2.8	0	17555
8000	2.9	0	17904
8000	3	0	18060
8000	3.1	0	18377
8000	3.2	0	18256
8000	3.3	0	17837
8000	3.4	0	18371
8000	3.5	0	17906
8000	3.6	0	18057
8000	3.7	0	18109
8000	3.8	0	18078
8000	3.9	0	18143
8000	4	0	18055
8000	4.1	0	18224
8000	4.2	0	18128
8000	4.3	0	18146
8000	4.4	0	18079
8000	4.5	0	18046
8000	4.6	0	18156
8000	4.7	0	17949
8000	4.8	0	18022
8000	4.9	0	17939
8000	5	0	18162
8000	5.1	0	17916
8000	5.2	0	17722
8000	5.3	0	17209
8000	5.4	0	16726
8000	5.5	0	15692
8000	5.6	0	14858
8000	5.7	0	13498
8000	5.8	0	12759
8000	5.9	0	11665
8000	6	0	10600
8000	6.1	0	9776
8000	6.2	0	9189
8000	6.3	0	8287
8000	6.4	0	7487
8000	6.5	0	6894
8000	6.6	0	6359
8000	6.7	0	5867
8000	6.8	0	5352
8000	6.9	0	4992
8000	7	0	4511
8000	7.1	0	4387
8000	7.2	0	4194
8000	7.3	0	3788
8000	7.4	0	3585
8000	7.5	0	3385
8000	7.6	0	3209
8000	7.7	0	3106
8000	7.8	0	2826
8000	7.9	0	2711
8000	8	0	2691
8000	8.1	0	2480
8000	8.2	0	2409
8000	8.3	0	2304
8000	8.4	0	2141
8000	8.5	0	2038
8000	8.6	0	1986
8000	8.7	0	1986
8000	8.8	0	1925
8000	8.9	0	1834
8000	9	0	1826
8000	9.1	0	1740
8000	9.2	0	1705
8000	9.3	0	1628
8000	9.4	0	1642
8000	9.5	0	1535
8000	9.6	0	1529
8000	9.7	0	1517
8000	9.8	0	1373
8000	9.9	0	1389
8000	10	0	1370
8000	10.1	0	1337
8000	10.2	0	1298
8000	10.3	0	1305
8000	10.4	0	1244
8000	10.5	0	1271
8000	10.6	0	1176
8000	10.7	0	1285
8000	10.8	0	1149
8000	10.9	0	1239
8000	11	0	1104
8000	11.1	0	1175
8000	11.2	0	1219
8000	11.3	0	1216
8000	11.4	0	1144
8000	11.5	0	1173
8000	11.6	0	1125
8000	11.7	0	1141
8000	11.8	0	1199
8000	11.9	0	1154
8000	12	0	1129
8000	12.1	0	1128
8000	12.2	0	1145
8000	12.3	0	1135
8000	12.4	0	1115
8000	12.5	0	1142
8000	12.6	0	1200
8000	12.7	0	1149
8000	12.8	0	1139
8000	12.9	0	1136
8000	13	0	1097
8000	13.1	0	1154
8000	13.2	0	1123
8000	13.3	0	1134
8000	13.4	0	1065
8000	13.5	0	1116
8000	13.6	0	1118
8000	13.7	0	1151
8000	13.8	0	1133
8000	13.9	0	1129
8000	14	0	1126
8000	14.1	0	1082
8000	14.2	0	1134
8000	14.3	0	1149
8000	14.4	0	1197
8000	14.5	0	1102
8000	14.6	0	1115
8000	14.7	0	1122
8000	14.8	0	1116
8000	14.9	0	1174
8000	15	0	1083
8000	15.1	0	1126
8000	15.2	0	1152
8000	15.3	0	1147
8000	15.4	0	1205
8000	15.5	0	1174
8000	15.6	0	1114
8000	15.7	0	1115
8000	15.8	0	1118
8000	15.9	0	1117
8000	16	0	1173
8000	16.1	0	1153
8000	16.2	0	1093
8000	16.3	0	1086
8000	16.4	0	1147
8000	16.5	0	1141
8000	16.6	0	1154
8000	16.7	0	1135
8000	16.8	0	1172
8000	16.9	0	1149
8000	17	0	1102
8000	17.1	0	1133
8000	17.2	0	1202
8000	17.3	0	1133
8000	17.4	0	1172
8000	17.5	0	1142
8000	17.6	0	1172
8000	17.7	0	1167
8000	17.8	0	1151
8000	17.9	0	1093
8000	18	0	1198
8000	18.1	0	1150
8000	18.2	0	1080
8000	18.3	0	1159
8000	18.4	0	1180
8000	18.5	0	1111
8000	18.6	0	1153
8000	18.7	0	1175
8000	18.8	0	1156
8000	18.9	0	1145
8000	19	0	1202
8000	19.1	0	1138
8000	19.2	0	1103
8000	19.3	0	1175
8000	19.4	0	1136
8000	19.5	0	1153
8000	19.6	0	1091
8000	19.7	0	1165
8000	19.8	0	1128
8000	19.9	0	1153
12000	0	0	1129
12000	0.1	0	1151
12000	0.2	0	1094
12000	0.3	0	1177
12000	0.4	0	1333
12000	0.5	0	1315
12000	0.6	0	1399
12000	0.7	0	1473
12000	0.8	0	1576
12000	0.9	0	1771
12000	1	0	1877
12000	1.1	0	2071
12000	1.2	0	2343
12000	1.3	0	2644
12000	1.4	0	3018
12000	1.5	0	3484
12000	1.6	0	4012
12000	1.7	0	4979
12000	1.8	0	6126
12000	1.9	0	7829
12000	2	0	9963
12000	2.1	0	12520
12000	2.2	0	15864
12000	2.3	0	18740
12000	2.4	0	19636
12000	2.5	0	18425
12000	2.6	0	17967
12000	2.7	0	17769
12000	2.8	0	17722
12000	2.9	0	17913
12000	3	0	17995
12000	3.1	0	17963
12000	3.2	0	18046
12000	3.3	0	18058
12000	3.4	0	18228
12000	3.5	0	18262
12000	3.6	0	17943
12000	3.7	0	18061
12000	3.8	0	17862
12000	3.9	0	18204
12000	4	0	18100
12000	4.1	0	18199
12000	4.2	0	18067
12000	4.3	0	18276
12000	4.4	0	17945
12000	4.5	0	17998
12000	4.6	0	17857
12000	4.7	0	18099
12000	4.8	0	18209
12000	4.9	0	18003
12000	5	0	18116
12000	5.1	0	18055
12000	5.2	0	17654
12000	5.3	0	17051
12000	5.4	0	16547
12000	5.5	0	15873
12000	5.6	0	14687
12000	5.7	0	13500
12000	5.8	0	12644
12000	5.9	0	11678
12000	6	0	10704
12000	6.1	0	9984
12000	6.2	0	8886
12000	6.3	0	8153
12000	6.4	0	7454
12000	6.5	0	6923
12000	6.6	0	6404
12000	6.7	0	5775
12000	6.8	0	5324
12000	6.9	0	5190
12000	7	0	4740
12000	7.1	0	4369
12000	7.2	0	4178
12000	7.3	0	3891
12000	7.4	0	3603
12000	7.5	0	3438
12000	7.6	0	3226
12000	7.7	0	3090
12000	7.8	0	2978
12000	7.9	0	2731
12000	8	0	2617
12000	8.1	0	2542
12000	8.2	0	2444
12000	8.3	0	2277
12000	8.4	0	2284
12000	8.5	0	2120
12000	8.6	0	2065
12000	8.7	0	1994
12000	8.8	0	1817
12000	8.9	0	1879
12000	9	0	1757
12000	9.1	0	1721
12000	9.2	0	1710
12000	9.3	0	1591
12000	9.4	0	1561
12000	9.5	0	1500
12000	9.6	0	1495
12000	9.7	0	1426
12000	9.8	0	1467
12000	9.9	0	1398
12000	10	0	1414
12000	10.1	0	1373
12000	10.2	0	1361
12000	10.3	0	1370
12000	10.4	0	1240
12000	10.5	0	1250
12000	10.6	0	1247
12000	10.7	0	1250
12000	10.8	0	1181
12000	10.9	0	1202
12000	11	0	1190
12000	11.1	0	1182
12000	11.2	0	1182
12000	11.3	0	1191
12000	11.4	0	1173
12000	11.5	0	1084
12000	11.6	0	1135
12000	11.7	0	1144
12000	11.8	0	1123
12000	11.9	0	1143
12000	12	0	1118
12000	12.1	0	1111
12000	12.2	0	1078
12000	12.3	0	1178
12000	12.4	0	1168
12000	12.5	0	1100
12000	12.6	0	1165
12000	12.7	0	1070
12000	12.8	0	1085
12000	12.9	0	1120
12000	13	0	1244
12000	13.1	0	1148
12000	13.2	0	1135
12000	13.3	0	1098
12000	13.4	0	1156
12000	13.5	0	1188
12000	13.6	0	1165
12000	13.7	0	1163
12000	13.8	0	1120
12000	13.9	0	1118
12000	14	0	1195
12000	14.1	0	1155
12000	14.2	0	1112
12000	14.3	0	1111
12000	14.4	0	1096
12000	14.5	0	1133
12000	14.6	0	1113
12000	14.7	0	1180
12000	14.8	0	1124
12000	14.9	0	1108
12000	15	0	1231
12000	15.1	0	1149
12000	15.2	0	1130
12000	15.3	0	1163
12000	15.4	0	1102
12000	15.5	0	1137
12000	15.6	0	1135
12000	15.7	0	1112
12000	15.8	0	1111
12000	15.9	0	1116
12000	16	0	1114
12000	16.1	0	1140
12000	16.2	0	1175
12000	16.3	0	1100
12000	16.4	0	1141
12000	16.5	0	1157
12000	16.6	0	1185
12000	16.7	0	1089
12000	16.8	0	1152
12000	16.9	0	1155
12000	17	0	1123
12000	17.1	0	1211
12000	17.2	0	1143
12000	17.3	0	1168
12000	17.4	0	1155
12000	17.5	0	1105
12000	17.6	0	1145
12000	17.7	0	1173
12000	17.8	0	1105
12000	17.9	0	1154
12000	18	0	1128
12000	18.1	0	1145
12000	18.2	0	1118
12000	18.3	0	1123
12000	18.4	0	1151
12000	18.5	0	1150
12000	18.6	0	1120
12000	18.7	0	1171
12000	18.8	0	1123
12000	18.9	0	1145
12000	19	0	1130
12000	19.1	0	1176
12000	19.2	0	1169
12000	19.3	0	1225
12000	19.4	0	1234
12000	19.5	0	1182
12000	19.6	0	1200
12000	19.7	0	1018
12000	19.8	0	1153
12000	19.9	0	1167
16000	0	0	1159
16000	0.1	0	1177
16000	0.2	0	1210
16000	0.3	0	1164
16000	0.4	0	1293
16000	0.5	0	1354
16000	0.6	0	1446
16000	0.7	0	1480
16000	0.8	0	1606
16000	0.9	0	1720
16000	1	0	1833
16000	1.1	0	2127
16000	1.2	0	2302
16000	1.3	0	2646
16000	1.4	0	2940
16000	1.5	0	3547
16000	1.6	0	4115
16000	1.7	0	5056
16000	1.8	0	6083
16000	1.9	0	7681
16000	2	0	9772
16000	2.1	0	12675
16000	2.2	0	15942
16000	2.3	0	18826
16000	2.4	0	19490
16000	2.5	0	18420
16000	2.6	0	18037
16000	2.7	0	17643
16000	2.8	0	17666
16000	2.9	0	17831
16000	3	0	17867
16000	3.1	0	17978
16000	3.2	0	18227
16000	3.3	0	17976
16000	3.4	0	18030
16000	3.5	0	18129
16000	3.6	0	18064
16000	3.7	0	18037
16000	3.8	0	18066
16000	3.9	0	17975
16000	4	0	18042
16000	4.1	0	18013
16000	4.2	0	18170
16000	4.3	0	18059
16000	4.4	0	18062
16000	4.5	0	18247
16000	4.6	0	17912
16000	4.7	0	17958
16000	4.8	0	18160
16000	4.9	0	17971
16000	5	0	18178
16000	5.1	0	18021
16000	5.2	0	17826
16000	5.3	0	17201
16000	5.4	0	16334
16000	5.5	0	15785
16000	5.6	0	14787
16000	5.7	0	13727
16000	5.8	0	12741
16000	5.9	0	11574
16000	6	0	10922
16000	6.1	0	9915
16000	6.2	0	8871
16000	6.3	0	8137
16000	6.4	0	7381
16000	6.5	0	6872
16000	6.6	0	6486
16000	6.7	0	5942
16000	6.8	0	5424
16000	6.9	0	4988
16000	7	0	4607
16000	7.1	0	4323
16000	7.2	0	4162
16000	7.3	0	3741
16000	7.4	0	3540
16000	7.5	0	3362
16000	7.6	0	3285
16000	7.7	0	3091
16000	7.8	0	2981
16000	7.9	0	2764
16000	8	0	2630
16000	8.1	0	2503
16000	8.2	0	2411
16000	8.3	0	2265
16000	8.4	0	2156
16000	8.5	0	2074
16000	8.6	0	2119
16000	8.7	0	1931
16000	8.8	0	1900
16000	8.9	0	1944
16000	9	0	1786
16000	9.1	0	1724
16000	9.2	0	1644
16000	9.3	0	1682
16000	9.4	0	1568
16000	9.5	0	1482
16000	9.6	0	1450
16000	9.7	0	1473
16000	9.8	0	1500
16000	9.9	0	1403
16000	10	0	1388
16000	10.1	0	1362
16000	10.2	0	1319
16000	10.3	0	1299
16000	10.4	0	1314
16000	10.5	0	1302
16000	10.6	0	1274
16000	10.7	0	1270
16000	10.8	0	1259
16000	10.9	0	1171
16000	11	0	1185
16000	11.1	0	1184
16000	11.2	0	1182
16000	11.3	0	1142
16000	11.4	0	1209
16000	11.5	0	1119
16000	11.6	0	1156
16000	11.7	0	1188
16000	11.8	0	1107
16000	11.9	0	1094
16000	12	0	1148
16000	12.1	0	1107
16000	12.2	0	1160
16000	12.3	0	1087
16000	12.4	0	1105
16000	12.5	0	1140
16000	12.6	0	1137
16000	12.7	0	1145
16000	12.8	0	1162
16000	12.9	0	1158
16000	13	0	1121
16000	13.1	0	1179
16000	13.2	0	1125
16000	13.3	0	1202
16000	13.4	0	1125
16000	13.5	0	1122
16000	13.6	0	1158
16000	13.7	0	1116
16000	13.8	0	1176
16000	13.9	0	1085
16000	14	0	1107
16000	14.1	0	1132
16000	14.2	0	1112
16000	14.3	0	1122
16000	14.4	0	1111
16000	14.5	0	1182
16000	14.6	0	1095
16000	14.7	0	1150
16000	14.8	0	1130
16000	14.9	0	1158
16000	15	0	1137
16000	15.1	0	1166
16000	15.2	0	1152
16000	15.3	0	1125
16000	15.4	0	1080
16000	15.5	0	1118
16000	15.6	0	1123
16000	15.7	0	1203
16000	15.8	0	1178
16000	15.9	0	1101
16000	16	0	1223
16000	16.1	0	1110
16000	16.2	0	1151
16000	16.3	0	1186
16000	16.4	0	1103
16000	16.5	0	1103
16000	16.6	0	1154
16000	16.7	0	1145
16000	16.8	0	1212
16000	16.9	0	1171
16000	17	0	1140
16000	17.1	0	1148
16000	17.2	0	1196
16000	17.3	0	1107
16000	17.4	0	1191
16000	17.5	0	1118
16000	17.6	0	1126
16000	17.7	0	1223
16000	17.8	0	1149
16000	17.9	0	1134
16000	18	0	1191
16000	18.1	0	1155
16000	18.2	0	1145
16000	18.3	0	1086
16000	18.4	0	1147
16000	18.5	0	1162
16000	18.6	0	1180
16000	18.7	0	1184
16000	18.8	0	1221
16000	18.9	0	1207
16000	19	0	1160
16000	19.1	0	1152
16000	19.2	0	1194
16000	19.3	0	1127
16000	19.4	0	1192
16000	19.5	0	1098
16000	19.6	0	1139
16000	19.7	0	1157
16000	19.8	0	1136
16000	19.9	0	1116
20000	0	0	1186
20000	0.1	0	1255
20000	0.2	0	1250
20000	0.3	0	1259
20000	0.4	0	1243
20000	0.5	0	1357
20000	0.6	0	1423
20000	0.7	0	1475
20000	0.8	0	1559
20000	0.9	0	1749
20000	1	0	1860
20000	1.1	0	2084
20000	1.2	0	2412
20000	1.3	0	2629
20000	1.4	0	3059
20000	1.5	0	3504
20000	1.6	0	4118
20000	1.7	0	4969
20000	1.8	0	6050
20000	1.9	0	7757
20000	2	0	9880
20000	2.1	0	12592
20000	2.2	0	15756
20000	2.3	0	18538
20000	2.4	0	19585
20000	2.5	0	18378
20000	2.6	0	17814
20000	2.7	0	17595
20000	2.8	0	17742
20000	2.9	0	18070
20000	3	0	17842
20000	3.1	0	18130
20000	3.2	0	18101
20000	3.3	0	17957
20000	3.4	0	17943
20000	3.5	0	17962
20000	3.6	0	18179
20000	3.7	0	18333
20000	3.8	0	18029
20000	3.9	0	17993
20000	4	0	18075
20000	4.1	0	18254
20000	4.2	0	18123
20000	4.3	0	18009
20000	4.4	0	18137
20000	4.5	0	18111
20000	4.6	0	18131
20000	4.7	0	17872
20000	4.8	0	18054
20000	4.9	0	18349
20000	5	0	18238
20000	5.1	0	18063
20000	5.2	0	17520
20000	5.3	0	17208
20000	5.4	0	16745
20000	5.5	0	15787
20000	5.6	0	14628
20000	5.7	0	13722
20000	5.8	0	12911
20000	5.9	0	11786
20000	6	0	10653
20000	6.1	0	9877
20000	6.2	0	9045
20000	6.3	0	8273
20000	6.4	0	7515
20000	6.5	0	6815
20000	6.6	0	6220
20000	6.7	0	5846
20000	6.8	0	5433
20000	6.9	0	4992
20000	7	0	4705
20000	7.1	0	4505
20000	7.2	0	4047
20000	7.3	0	3824
20000	7.4	0	3573
20000	7.5	0	3336
20000	7.6	0	3300
20000	7.7	0	3066
20000	7.8	0	2841
20000	7.9	0	2736
20000	8	0	2620
20000	8.1	0	2538
20000	8.2	0	2421
20000	8.3	0	2312
20000	8.4	0	2211
20000	8.5	0	2086
20000	8.6	0	2151
20000	8.7	0	1870
20000	8.8	0	1818
20000	8.9	0	1794
20000	9	0	1813
20000	9.1	0	1727
20000	9.2	0	1744
20000	9.3	0	1673
20000	9.4	0	1634
20000	9.5	0	1555
20000	9.6	0	1483
20000	9.7	0	1441
20000	9.8	0	1479
20000	9.9	0	1439
20000	10	0	1401
20000	10.1	0	1332
20000	10.2	0	1336
20000	10.3	0	1308
20000	10.4	0	1351
20000	10.5	0	1237
20000	10.6	0	1290
20000	10.7	0	1261
20000	10.8	0	1147
20000	10.9	0	1178
20000	11	0	1181
20000	11.1	0	1154
20000	11.2	0	1155
20000	11.3	0	1177
20000	11.4	0	1130
20000	11.5	0	1132
20000	11.6	0	1142
20000	11.7	0	1153
20000	11.8	0	1090
20000	11.9	0	1096
20000	12	0	1112
20000	12.1	0	1119
20000	12.2	0	1144
20000	12.3	0	1065
20000	12.4	0	1132
20000	12.5	0	1163
20000	12.6	0	1177
20000	12.7	0	1097
20000	12.8	0	1090
20000	12.9	0	1163
20000	13	0	1201
20000	13.1	0	1120
20000	13.2	0	1086
20000	13.3	0	1127
20000	13.4	0	1096
20000	13.5	0	1155
20000	13.6	0	1071
20000	13.7	0	1112
20000	13.8	0	1172
20000	13.9	0	1112
20000	14	0	1136
20000	14.1	0	1125
20000	14.2	0	1189
20000	14.3	0	1151
20000	14.4	0	1109
20000	14.5	0	1180
20000	14.6	0	1082
20000	14.7	0	1139
20000	14.8	0	1124
20000	14.9	0	1130
20000	15	0	1082
20000	15.1	0	1207
20000	15.2	0	1151
20000	15.3	0	1154
20000	15.4	0	1116
20000	15.5	0	1081
20000	15.6	0	1193
20000	15.7	0	1056
20000	15.8	0	1101
20000	15.9	0	1128
20000	16	0	1177
20000	16.1	0	1194
20000	16.2	0	1148
20000	16.3	0	1151
20000	16.4	0	1171
20000	16.5	0	1157
20000	16.6	0	1147
20000	16.7	0	1163
20000	16.8	0	1153
20000	16.9	0	1160
20000	17	0	1137
20000	17.1	0	1136
20000	17.2	0	1144
20000	17.3	0	1140
20000	17.4	0	1107
20000	17.5	0	1122
20000	17.6	0	1156
20000	17.7	0	1072
20000	17.8	0	1140
20000	17.9	0	1152
20000	18	0	1151
20000	18.1	0	1160
20000	18.2	0	1116
20000	18.3	0	1145
20000	18.4	0	1149
20000	18.5	0	1127
20000	18.6	0	1157
20000	18.7	0	1141
20000	18.8	0	1127
20000	18.9	0	1178
20000	19	0	1115
20000	19.1	0	1229
20000	19.2	0	1145
20000	19.3	0	1099
20000	19.4	0	1139
20000	19.5	0	1137
20000	19.6	0	1133
20000	19.7	0	1233
20000	19.8	0	1133
20000	19.9	0	1109
