4000	0	0	1211
4000	0.1	0	1271
4000	0.2	0	1217
4000	0.3	0	1294
4000	0.4	0	1388
4000	0.5	0	1439
4000	0.6	0	1494
4000	0.7	0	1624
4000	0.8	0	1755
4000	0.9	0	1921
4000	1	0	2103
4000	1.1	0	2372
4000	1.2	0	2683
4000	1.3	0	3242
4000	1.4	0	3705
4000	1.5	0	4561
4000	1.6	0	5666
4000	1.7	0	6703
4000	1.8	0	8379
4000	1.9	0	10615
4000	2	0	12808
4000	2.1	0	15269
4000	2.2	0	16992
4000	2.3	0	18393
4000	2.4	0	17851
4000	2.5	0	16755
4000	2.6	0	16153
4000	2.7	0	16516
4000	2.8	0	16796
4000	2.9	0	16953
4000	3	0	17190
4000	3.1	0	17221
4000	3.2	0	17273
4000	3.3	0	17167
4000	3.4	0	17380
4000	3.5	0	16989
4000	3.6	0	17287
4000	3.7	0	17147
4000	3.8	0	17253
4000	3.9	0	17091
4000	4	0	17369
4000	4.1	0	17225
4000	4.2	0	17260
4000	4.3	0	17311
4000	4.4	0	16972
4000	4.5	0	17065
4000	4.6	0	16980
4000	4.7	0	17090
4000	4.8	0	16858
4000	4.9	0	16852
4000	5	0	16954
4000	5.1	0	16983
4000	5.2	0	16516
4000	5.3	0	16121
4000	5.4	0	15890
4000	5.5	0	15198
4000	5.6	0	14678
4000	5.7	0	13975
4000	5.8	0	13228
4000	5.9	0	12546
4000	6	0	11496
4000	6.1	0	10546
4000	6.2	0	9832
4000	6.3	0	9146
4000	6.4	0	8355
4000	6.5	0	7619
4000	6.6	0	6997
4000	6.7	0	6468
4000	6.8	0	6006
4000	6.9	0	5580
4000	7	0	4942
4000	7.1	0	4782
4000	7.2	0	4298
4000	7.3	0	4117
4000	7.4	0	3882
4000	7.5	0	3671
4000	7.6	0	3438
4000	7.7	0	3067
4000	7.8	0	3049
4000	7.9	0	2917
4000	8	0	2794
4000	8.1	0	2570
4000	8.2	0	2513
4000	8.3	0	2363
4000	8.4	0	2270
4000	8.5	0	2152
4000	8.6	0	2118
4000	8.7	0	1946
4000	8.8	0	1948
4000	8.9	0	1908
4000	9	0	1868
4000	9.1	0	1799
4000	9.2	0	1774
4000	9.3	0	1673
4000	9.4	0	1605
4000	9.5	0	1651
4000	9.6	0	1529
4000	9.7	0	1504
4000	9.8	0	1448
4000	9.9	0	1467
4000	10	0	1424
4000	10.1	0	1414
4000	10.2	0	1299
4000	10.3	0	1330
4000	10.4	0	1261
4000	10.5	0	1257
4000	10.6	0	1245
4000	10.7	0	1233
4000	10.8	0	1238
4000	10.9	0	1167
4000	11	0	1258
4000	11.1	0	1218
4000	11.2	0	1189
4000	11.3	0	1104
4000	11.4	0	1193
4000	11.5	0	1121
4000	11.6	0	1122
4000	11.7	0	1154
4000	11.8	0	1178
4000	11.9	0	1124
4000	12	0	1183
4000	12.1	0	1082
4000	12.2	0	1150
4000	12.3	0	1151
4000	12.4	0	1114
4000	12.5	0	1130
4000	12.6	0	1093
4000	12.7	0	1090
4000	12.8	0	1100
4000	12.9	0	1207
4000	13	0	1079
4000	13.1	0	1146
4000	13.2	0	1173
4000	13.3	0	1147
4000	13.4	0	1151
4000	13.5	0	1059
4000	13.6	0	1192
4000	13.7	0	1094
4000	13.8	0	1164
4000	13.9	0	1119
4000	14	0	1088
4000	14.1	0	1136
4000	14.2	0	1148
4000	14.3	0	1192
4000	14.4	0	1155
4000	14.5	0	1127
4000	14.6	0	1151
4000	14.7	0	1153
4000	14.8	0	1165
4000	14.9	0	1171
4000	15	0	1162
4000	15.1	0	1208
4000	15.2	0	1131
4000	15.3	0	1120
4000	15.4	0	1103
4000	15.5	0	1076
4000	15.6	0	1082
4000	15.7	0	1160
4000	15.8	0	1156
4000	15.9	0	1140
4000	16	0	1107
4000	16.1	0	1144
4000	16.2	0	1139
4000	16.3	0	1200
4000	16.4	0	1144
4000	16.5	0	1150
4000	16.6	0	1115
4000	16.7	0	1110
4000	16.8	0	1186
4000	16.9	0	1083
4000	17	0	1117
4000	17.1	0	1179
4000	17.2	0	1128
4000	17.3	0	1215
4000	17.4	0	1194
4000	17.5	0	1160
4000	17.6	0	1173
4000	17.7	0	1176
4000	17.8	0	1154
4000	17.9	0	1203
4000	18	0	1222
4000	18.1	0	1130
4000	18.2	0	1123
4000	18.3	0	1138
4000	18.4	0	1179
4000	18.5	0	1155
4000	18.6	0	1146
4000	18.7	0	1165
4000	18.8	0	1188
4000	18.9	0	1167
4000	19	0	1176
4000	19.1	0	1209
4000	19.2	0	1208
4000	19.3	0	1207
4000	19.4	0	1179
4000	19.5	0	1141
4000	19.6	0	1215
4000	19.7	0	1223
4000	19.8	0	1204
4000	19.9	0	1265
8000	0	0	1181
8000	0.1	0	1262
8000	0.2	0	1211
8000	0.3	0	1269
8000	0.4	0	1375
8000	0.5	0	1472
8000	0.6	0	1545
8000	0.7	0	1672
8000	0.8	0	1759
8000	0.9	0	1955
8000	1	0	2100
8000	1.1	0	2360
8000	1.2	0	2679
8000	1.3	0	3159
8000	1.4	0	3793
8000	1.5	0	4501
8000	1.6	0	5448
8000	1.7	0	6883
8000	1.8	0	8373
8000	1.9	0	10507
8000	2	0	12891
8000	2.1	0	15045
8000	2.2	0	17245
8000	2.3	0	18222
8000	2.4	0	17886
8000	2.5	0	16477
8000	2.6	0	16412
8000	2.7	0	16444
8000	2.8	0	16724
8000	2.9	0	16919
8000	3	0	17231
8000	3.1	0	17058
8000	3.2	0	17060
8000	3.3	0	17300
8000	3.4	0	17307
8000	3.5	0	17063
8000	3.6	0	17153
8000	3.7	0	17450
8000	3.8	0	17165
8000	3.9	0	17055
8000	4	0	17339
8000	4.1	0	17234
8000	4.2	0	17263
8000	4.3	0	17225
8000	4.4	0	17315
8000	4.5	0	17063
8000	4.6	0	17065
8000	4.7	0	16738
8000	4.8	0	17106
8000	4.9	0	16816
8000	5	0	17112
8000	5.1	0	16790
8000	5.2	0	16491
8000	5.3	0	16155
8000	5.4	0	15968
8000	5.5	0	15323
8000	5.6	0	14674
8000	5.7	0	13958
8000	5.8	0	13448
8000	5.9	0	12463
8000	6	0	11570
8000	6.1	0	10582
8000	6.2	0	10003
8000	6.3	0	9023
8000	6.4	0	8491
8000	6.5	0	7618
8000	6.6	0	6998
8000	6.7	0	6453
8000	6.8	0	5944
8000	6.9	0	5402
8000	7	0	5054
8000	7.1	0	4623
8000	7.2	0	4375
8000	7.3	0	4040
8000	7.4	0	3806
8000	7.5	0	3554
8000	7.6	0	3324
8000	7.7	0	3225
8000	7.8	0	2998
8000	7.9	0	2853
8000	8	0	2677
8000	8.1	0	2651
8000	8.2	0	2451
8000	8.3	0	2426
8000	8.4	0	2261
8000	8.5	0	2264
8000	8.6	0	2116
8000	8.7	0	2074
8000	8.8	0	2001
8000	8.9	0	1856
8000	9	0	1828
8000	9.1	0	1772
8000	9.2	0	1660
8000	9.3	0	1661
8000	9.4	0	1574
8000	9.5	0	1607
8000	9.6	0	1510
8000	9.7	0	1482
8000	9.8	0	1362
8000	9.9	0	1459
8000	10	0	1429
8000	10.1	0	1422
8000	10.2	0	1319
8000	10.3	0	1334
8000	10.4	0	1282
8000	10.5	0	1291
8000	10.6	0	1302
8000	10.7	0	1295
8000	10.8	0	1288
8000	10.9	0	1243
8000	11	0	1175
8000	11.1	0	1175
8000	11.2	0	1102
8000	11.3	0	1195
8000	11.4	0	1147
8000	11.5	0	1088
8000	11.6	0	1135
8000	11.7	0	1182
8000	11.8	0	1196
8000	11.9	0	1228
8000	12	0	1129
8000	12.1	0	1124
8000	12.2	0	1053
8000	12.3	0	1176
8000	12.4	0	1146
8000	12.5	0	1131
8000	12.6	0	1135
8000	12.7	0	1127
8000	12.8	0	1185
8000	12.9	0	1158
8000	13	0	1156
8000	13.1	0	1143
8000	13.2	0	1164
8000	13.3	0	1126
8000	13.4	0	1156
8000	13.5	0	1135
8000	13.6	0	1116
8000	13.7	0	1136
8000	13.8	0	1164
8000	13.9	0	1115
8000	14	0	1098
8000	14.1	0	1134
8000	14.2	0	1184
8000	14.3	0	1111
8000	14.4	0	1191
8000	14.5	0	1151
8000	14.6	0	1172
8000	14.7	0	1136
8000	14.8	0	1097
8000	14.9	0	1148
8000	15	0	1092
8000	15.1	0	1148
8000	15.2	0	1157
8000	15.3	0	1125
8000	15.4	0	1119
8000	15.5	0	1188
8000	15.6	0	1122
8000	15.7	0	1131
8000	15.8	0	1197
8000	15.9	0	1146
8000	16	0	1157
8000	16.1	0	1120
8000	16.2	0	1157
8000	16.3	0	1144
8000	16.4	0	1152
8000	16.5	0	1188
8000	16.6	0	1183
8000	16.7	0	1228
8000	16.8	0	1075
8000	16.9	0	1139
8000	17	0	1111
8000	17.1	0	1153
8000	17.2	0	1237
8000	17.3	0	1164
8000	17.4	0	1168
8000	17.5	0	1168
8000	17.6	0	1192
8000	17.7	0	1181
8000	17.8	0	1167
8000	17.9	0	1195
8000	18	0	1102
8000	18.1	0	1213
8000	18.2	0	1185
8000	18.3	0	1146
8000	18.4	0	1150
8000	18.5	0	1098
8000	18.6	0	1124
8000	18.7	0	1261
8000	18.8	0	1168
8000	18.9	0	1127
8000	19	0	1147
8000	19.1	0	1164
8000	19.2	0	1179
8000	19.3	0	1208
8000	19.4	0	1179
8000	19.5	0	1196
8000	19.6	0	1208
8000	19.7	0	1209
8000	19.8	0	1190
8000	19.9	0	1232
12000	0	0	1242
12000	0.1	0	1262
12000	0.2	0	1361
12000	0.3	0	1292
12000	0.4	0	1362
12000	0.5	0	1480
12000	0.6	0	1459
12000	0.7	0	1600
12000	0.8	0	1743
12000	0.9	0	1905
12000	1	0	2007
12000	1.1	0	2353
12000	1.2	0	2680
12000	1.3	0	3229
12000	1.4	0	3696
12000	1.5	0	4421
12000	1.6	0	5536
12000	1.7	0	6746
12000	1.8	0	8516
12000	1.9	0	10662
12000	2	0	12843
12000	2.1	0	15082
12000	2.2	0	17098
12000	2.3	0	18262
12000	2.4	0	17983
12000	2.5	0	16692
12000	2.6	0	16203
12000	2.7	0	16691
12000	2.8	0	16605
12000	2.9	0	16984
12000	3	0	16944
12000	3.1	0	17328
12000	3.2	0	17189
12000	3.3	0	17466
12000	3.4	0	17382
12000	3.5	0	17127
12000	3.6	0	17293
12000	3.7	0	17022
12000	3.8	0	17460
12000	3.9	0	17261
12000	4	0	17256
12000	4.1	0	17324
12000	4.2	0	17054
12000	4.3	0	17058
12000	4.4	0	17246
12000	4.5	0	17174
12000	4.6	0	17051
12000	4.7	0	16826
12000	4.8	0	17040
12000	4.9	0	16893
12000	5	0	17059
12000	5.1	0	16614
12000	5.2	0	16591
12000	5.3	0	16391
12000	5.4	0	15677
12000	5.5	0	15545
12000	5.6	0	14646
12000	5.7	0	13992
12000	5.8	0	13353
12000	5.9	0	12297
12000	6	0	11586
12000	6.1	0	10595
12000	6.2	0	9836
12000	6.3	0	9150
12000	6.4	0	8277
12000	6.5	0	7694
12000	6.6	0	6945
12000	6.7	0	6438
12000	6.8	0	5959
12000	6.9	0	5389
12000	7	0	5059
12000	7.1	0	4853
12000	7.2	0	4392
12000	7.3	0	4130
12000	7.4	0	3760
12000	7.5	0	3568
12000	7.6	0	3365
12000	7.7	0	3207
12000	7.8	0	3026
12000	7.9	0	2896
12000	8	0	2712
12000	8.1	0	2520
12000	8.2	0	2478
12000	8.3	0	2372
12000	8.4	0	2233
12000	8.5	0	2130
12000	8.6	0	2110
12000	8.7	0	2055
12000	8.8	0	1868
12000	8.9	0	1853
12000	9	0	1797
12000	9.1	0	1818
12000	9.2	0	1658
12000	9.3	0	1627
12000	9.4	0	1645
12000	9.5	0	1566
12000	9.6	0	1540
12000	9.7	0	1482
12000	9.8	0	1487
12000	9.9	0	1439
12000	10	0	1400
12000	10.1	0	1360
12000	10.2	0	1351
12000	10.3	0	1314
12000	10.4	0	1326
12000	10.5	0	1187
12000	10.6	0	1287
12000	10.7	0	1244
12000	10.8	0	1226
12000	10.9	0	1212
12000	11	0	1187
12000	11.1	0	1259
12000	11.2	0	1193
12000	11.3	0	1229
12000	11.4	0	1149
12000	11.5	0	1182
12000	11.6	0	1202
12000	11.7	0	1199
12000	11.8	0	1129
12000	11.9	0	1148
12000	12	0	1073
12000	12.1	0	1219
12000	12.2	0	1098
12000	12.3	0	1101
12000	12.4	0	1058
12000	12.5	0	1186
12000	12.6	0	1176
12000	12.7	0	1140
12000	12.8	0	1092
12000	12.9	0	1173
12000	13	0	1168
12000	13.1	0	1157
12000	13.2	0	1182
12000	13.3	0	1141
12000	13.4	0	1119
12000	13.5	0	1080
12000	13.6	0	1146
12000	13.7	0	1078
12000	13.8	0	1147
12000	13.9	0	1149
12000	14	0	1153
12000	14.1	0	1192
12000	14.2	0	1121
12000	14.3	0	1143
12000	14.4	0	1154
12000	14.5	0	1201
12000	14.6	0	1165
12000	14.7	0	1210
12000	14.8	0	1078
12000	14.9	0	1082
12000	15	0	1066
12000	15.1	0	1079
12000	15.2	0	1103
12000	15.3	0	1201
12000	15.4	0	1170
12000	15.5	0	1200
12000	15.6	0	1135
12000	15.7	0	1125
12000	15.8	0	1132
12000	15.9	0	1128
12000	16	0	1144
12000	16.1	0	1106
12000	16.2	0	1135
12000	16.3	0	1098
12000	16.4	0	1169
12000	16.5	0	1111
12000	16.6	0	1135
12000	16.7	0	1098
12000	16.8	0	1155
12000	16.9	0	1206
12000	17	0	1209
12000	17.1	0	1102
12000	17.2	0	1216
12000	17.3	0	1237
12000	17.4	0	1166
12000	17.5	0	1182
12000	17.6	0	1132
12000	17.7	0	1157
12000	17.8	0	1196
12000	17.9	0	1168
12000	18	0	1117
12000	18.1	0	1231
12000	18.2	0	1190
12000	18.3	0	1175
12000	18.4	0	1226
12000	18.5	0	1146
12000	18.6	0	1137
12000	18.7	0	1132
12000	18.8	0	1183
12000	18.9	0	1197
12000	19	0	1106
12000	19.1	0	1182
12000	19.2	0	1135
12000	19.3	0	1167
12000	19.4	0	1217
12000	19.5	0	1167
12000	19.6	0	1189
12000	19.7	0	1224
12000	19.8	0	1233
12000	19.9	0	1150
16000	0	0	1225
16000	0.1	0	1237
16000	0.2	0	1266
16000	0.3	0	1311
16000	0.4	0	1395
16000	0.5	0	1419
16000	0.6	0	1481
16000	0.7	0	1607
16000	0.8	0	1711
16000	0.9	0	1907
16000	1	0	2141
16000	1.1	0	2437
16000	1.2	0	2809
16000	1.3	0	3124
16000	1.4	0	3733
16000	1.5	0	4566
16000	1.6	0	5586
16000	1.7	0	6724
16000	1.8	0	8418
16000	1.9	0	10458
16000	2	0	12757
16000	2.1	0	15101
16000	2.2	0	17288
16000	2.3	0	18461
16000	2.4	0	17983
16000	2.5	0	16390
16000	2.6	0	16372
16000	2.7	0	16424
16000	2.8	0	16729
16000	2.9	0	17045
16000	3	0	17081
16000	3.1	0	17269
16000	3.2	0	17367
16000	3.3	0	17139
16000	3.4	0	17147
16000	3.5	0	17224
16000	3.6	0	17307
16000	3.7	0	17269
16000	3.8	0	17182
16000	3.9	0	17201
16000	4	0	17255
16000	4.1	0	17241
16000	4.2	0	17234
16000	4.3	0	17341
16000	4.4	0	17052
16000	4.5	0	17123
16000	4.6	0	17153
16000	4.7	0	17160
16000	4.8	0	17015
16000	4.9	0	16643
16000	5	0	16806
16000	5.1	0	17003
16000	5.2	0	16617
16000	5.3	0	16403
16000	5.4	0	15848
16000	5.5	0	15420
16000	5.6	0	14585
16000	5.7	0	14164
16000	5.8	0	13211
16000	5.9	0	12489
16000	6	0	11564
16000	6.1	0	10770
16000	6.2	0	9806
16000	6.3	0	9078
16000	6.4	0	8331
16000	6.5	0	7500
16000	6.6	0	6943
16000	6.7	0	6483
16000	6.8	0	5882
16000	6.9	0	5552
16000	7	0	5044
16000	7.1	0	4757
16000	7.2	0	4383
16000	7.3	0	4054
16000	7.4	0	3729
16000	7.5	0	3533
16000	7.6	0	3345
16000	7.7	0	3245
16000	7.8	0	2984
16000	7.9	0	2804
16000	8	0	2679
16000	8.1	0	2618
16000	8.2	0	2467
16000	8.3	0	2358
16000	8.4	0	2344
16000	8.5	0	2195
16000	8.6	0	2081
16000	8.7	0	1946
16000	8.8	0	1937
16000	8.9	0	1879
16000	9	0	1844
16000	9.1	0	1746
16000	9.2	0	1732
16000	9.3	0	1635
16000	9.4	0	1551
16000	9.5	0	1563
16000	9.6	0	1571
16000	9.7	0	1466
16000	9.8	0	1425
16000	9.9	0	1461
16000	10	0	1413
16000	10.1	0	1381
16000	10.2	0	1335
16000	10.3	0	1319
16000	10.4	0	1257
16000	10.5	0	1232
16000	10.6	0	1257
16000	10.7	0	1253
16000	10.8	0	1216
16000	10.9	0	1229
16000	11	0	1166
16000	11.1	0	1171
16000	11.2	0	1216
16000	11.3	0	1229
16000	11.4	0	1171
16000	11.5	0	1193
16000	11.6	0	1143
16000	11.7	0	1116
16000	11.8	0	1119
16000	11.9	0	1138
16000	12	0	1127
16000	12.1	0	1141
16000	12.2	0	1196
16000	12.3	0	1101
16000	12.4	0	1109
16000	12.5	0	1185
16000	12.6	0	1156
16000	12.7	0	1106
16000	12.8	0	1058
16000	12.9	0	1185
16000	13	0	1170
16000	13.1	0	1141
16000	13.2	0	1122
16000	13.3	0	1103
16000	13.4	0	1149
16000	13.5	0	1103
16000	13.6	0	1103
16000	13.7	0	1127
16000	13.8	0	1113
16000	13.9	0	1175
16000	14	0	1166
16000	14.1	0	1127
16000	14.2	0	1056
16000	14.3	0	1108
16000	14.4	0	1125
16000	14.5	0	1144
16000	14.6	0	1171
16000	14.7	0	1197
16000	14.8	0	1141
16000	14.9	0	1128
16000	15	0	1204
16000	15.1	0	1128
16000	15.2	0	1198
16000	15.3	0	1134
16000	15.4	0	1154
16000	15.5	0	1144
16000	15.6	0	1163
16000	15.7	0	1112
16000	15.8	0	1056
16000	15.9	0	1081
16000	16	0	1095
16000	16.1	0	1165
16000	16.2	0	1182
16000	16.3	0	1160
16000	16.4	0	1166
16000	16.5	0	1124
16000	16.6	0	1114
16000	16.7	0	1197
16000	16.8	0	1178
16000	16.9	0	1169
16000	17	0	1179
16000	17.1	0	1133
16000	17.2	0	1197
16000	17.3	0	1147
16000	17.4	0	1156
16000	17.5	0	1109
16000	17.6	0	1178
16000	17.7	0	1157
16000	17.8	0	1174
16000	17.9	0	1151
16000	18	0	1183
16000	18.1	0	1141
16000	18.2	0	1151
16000	18.3	0	1179
16000	18.4	0	1160
16000	18.5	0	1164
16000	18.6	0	1212
16000	18.7	0	1146
16000	18.8	0	1208
16000	18.9	0	1124
16000	19	0	1206
16000	19.1	0	1150
16000	19.2	0	1238
16000	19.3	0	1232
16000	19.4	0	1148
16000	19.5	0	1207
16000	19.6	0	1157
16000	19.7	0	1201
16000	19.8	0	1198
16000	19.9	0	1164
20000	0	0	1189
20000	0.1	0	1254
20000	0.2	0	1236
20000	0.3	0	1326
20000	0.4	0	1371
20000	0.5	0	1384
20000	0.6	0	1515
20000	0.7	0	1571
20000	0.8	0	1755
20000	0.9	0	1858
20000	1	0	2100
20000	1.1	0	2318
20000	1.2	0	2723
20000	1.3	0	3051
20000	1.4	0	3703
20000	1.5	0	4585
20000	1.6	0	5543
20000	1.7	0	6637
20000	1.8	0	8370
20000	1.9	0	10510
20000	2	0	12766
20000	2.1	0	15090
20000	2.2	0	17291
20000	2.3	0	18201
20000	2.4	0	17896
20000	2.5	0	16505
20000	2.6	0	16379
20000	2.7	0	16161
20000	2.8	0	16742
20000	2.9	0	16936
20000	3	0	17255
20000	3.1	0	17131
20000	3.2	0	17427
20000	3.3	0	17059
20000	3.4	0	16994
20000	3.5	0	17268
20000	3.6	0	17155
20000	3.7	0	17322
20000	3.8	0	17097
20000	3.9	0	17158
20000	4	0	17210
20000	4.1	0	17272
20000	4.2	0	17144
20000	4.3	0	17139
20000	4.4	0	17239
20000	4.5	0	16893
20000	4.6	0	17047
20000	4.7	0	17176
20000	4.8	0	16865
20000	4.9	0	16816
20000	5	0	16880
20000	5.1	0	16761
20000	5.2	0	16681
20000	5.3	0	16410
20000	5.4	0	15959
20000	5.5	0	15209
20000	5.6	0	14842
20000	5.7	0	13904
20000	5.8	0	13226
20000	5.9	0	12254
20000	6	0	11609
20000	6.1	0	10853
20000	6.2	0	9955
20000	6.3	0	9170
20000	6.4	0	8317
20000	6.5	0	7682
20000	6.6	0	6986
20000	6.7	0	6417
20000	6.8	0	5972
20000	6.9	0	5489
20000	7	0	5082
20000	7.1	0	4708
20000	7.2	0	4508
20000	7.3	0	4133
20000	7.4	0	3819
20000	7.5	0	3456
20000	7.6	0	3458
20000	7.7	0	3243
20000	7.8	0	3023
20000	7.9	0	2922
20000	8	0	2716
20000	8.1	0	2606
20000	8.2	0	2606
20000	8.3	0	2376
20000	8.4	0	2400
20000	8.5	0	2163
20000	8.6	0	2055
20000	8.7	0	2004
20000	8.8	0	1918
20000	8.9	0	1874
20000	9	0	1843
20000	9.1	0	1762
20000	9.2	0	1734
20000	9.3	0	1601
20000	9.4	0	1578
20000	9.5	0	1562
20000	9.6	0	1565
20000	9.7	0	1489
20000	9.8	0	1451
20000	9.9	0	1402
20000	10	0	1523
20000	10.1	0	1362
20000	10.2	0	1324
20000	10.3	0	1241
20000	10.4	0	1262
20000	10.5	0	1266
20000	10.6	0	1283
20000	10.7	0	1276
20000	10.8	0	1189
20000	10.9	0	1282
20000	11	0	1194
20000	11.1	0	1182
20000	11.2	0	1222
20000	11.3	0	1226
20000	11.4	0	1187
20000	11.5	0	1168
20000	11.6	0	1173
20000	11.7	0	1187
20000	11.8	0	1187
20000	11.9	0	1120
20000	12	0	1143
20000	12.1	0	1175
20000	12.2	0	1194
20000	12.3	0	1113
20000	12.4	0	1169
20000	12.5	0	1209
20000	12.6	0	1209
20000	12.7	0	1176
20000	12.8	0	1183
20000	12.9	0	1139
20000	13	0	1181
20000	13.1	0	1156
20000	13.2	0	1173
20000	13.3	0	1151
20000	13.4	0	1104
20000	13.5	0	1163
20000	13.6	0	1135
20000	13.7	0	1196
20000	13.8	0	1138
20000	13.9	0	1150
20000	14	0	1203
20000	14.1	0	1164
20000	14.2	0	1150
20000	14.3	0	1116
20000	14.4	0	1078
20000	14.5	0	1125
20000	14.6	0	1120
20000	14.7	0	1154
20000	14.8	0	1125
20000	14.9	0	1090
20000	15	0	1183
20000	15.1	0	1166
20000	15.2	0	1124
20000	15.3	0	1205
20000	15.4	0	1135
20000	15.5	0	1103
20000	15.6	0	1121
20000	15.7	0	1123
20000	15.8	0	1124
20000	15.9	0	1176
20000	16	0	1167
20000	16.1	0	1140
20000	16.2	0	1066
20000	16.3	0	1185
20000	16.4	0	1118
20000	16.5	0	1269
20000	16.6	0	1209
20000	16.7	0	1148
20000	16.8	0	1144
20000	16.9	0	1210
20000	17	0	1164
20000	17.1	0	1149
20000	17.2	0	1136
20000	17.3	0	1151
20000	17.4	0	1159
20000	17.5	0	1090
20000	17.6	0	1163
20000	17.7	0	1176
20000	17.8	0	1220
20000	17.9	0	1153
20000	18	0	1177
20000	18.1	0	1142
20000	18.2	0	1209
20000	18.3	0	1097
20000	18.4	0	1168
20000	18.5	0	1166
20000	18.6	0	1151
20000	18.7	0	1184
20000	18.8	0	1188
20000	18.9	0	1109
20000	19	0	1104
20000	19.1	0	1257
20000	19.2	0	1205
20000	19.3	0	1189
20000	19.4	0	1259
20000	19.5	0	1172
20000	19.6	0	1237
20000	19.7	0	1241
20000	19.8	0	1180
20000	19.9	0	1186
