4000	0	0	1178
4000	0.1	0	1173
4000	0.2	0	1210
4000	0.3	0	1255
4000	0.4	0	1359
4000	0.5	0	1324
4000	0.6	0	1407
4000	0.7	0	1526
4000	0.8	0	1649
4000	0.9	0	1711
4000	1	0	1824
4000	1.1	0	2157
4000	1.2	0	2417
4000	1.3	0	2829
4000	1.4	0	3114
4000	1.5	0	3717
4000	1.6	0	4401
4000	1.7	0	5507
4000	1.8	0	6712
4000	1.9	0	8538
4000	2	0	10945
4000	2.1	0	13640
4000	2.2	0	16482
4000	2.3	0	18669
4000	2.4	0	19021
4000	2.5	0	17875
4000	2.6	0	17274
4000	2.7	0	17472
4000	2.8	0	17261
4000	2.9	0	17502
4000	3	0	17901
4000	3.1	0	17999
4000	3.2	0	18085
4000	3.3	0	17996
4000	3.4	0	17975
4000	3.5	0	18221
4000	3.6	0	17984
4000	3.7	0	18310
4000	3.8	0	17933
4000	3.9	0	18132
4000	4	0	18260
4000	4.1	0	18182
4000	4.2	0	18224
4000	4.3	0	18114
4000	4.4	0	18061
4000	4.5	0	18043
4000	4.6	0	18146
4000	4.7	0	17683
4000	4.8	0	17988
4000	4.9	0	17746
4000	5	0	17616
4000	5.1	0	17791
4000	5.2	0	17532
4000	5.3	0	16975
4000	5.4	0	16341
4000	5.5	0	15375
4000	5.6	0	14768
4000	5.7	0	13778
4000	5.8	0	12802
4000	5.9	0	11790
4000	6	0	11028
4000	6.1	0	10010
4000	6.2	0	9124
4000	6.3	0	8541
4000	6.4	0	7804
4000	6.5	0	7042
4000	6.6	0	6459
4000	6.7	0	5968
4000	6.8	0	5522
4000	6.9	0	5074
4000	7	0	4663
4000	7.1	0	4410
4000	7.2	0	4236
4000	7.3	0	3857
4000	7.4	0	3574
4000	7.5	0	3438
4000	7.6	0	3226
4000	7.7	0	2898
4000	7.8	0	2813
4000	7.9	0	2824
4000	8	0	2636
4000	8.1	0	2444
4000	8.2	0	2306
4000	8.3	0	2289
4000	8.4	0	2121
4000	8.5	0	2076
4000	8.6	0	2023
4000	8.7	0	1980
4000	8.8	0	1882
4000	8.9	0	1770
4000	9	0	1733
4000	9.1	0	1741
4000	9.2	0	1651
4000	9.3	0	1581
4000	9.4	0	1581
4000	9.5	0	1490
4000	9.6	0	1537
4000	9.7	0	1447
4000	9.8	0	1520
4000	9.9	0	1342
4000	10	0	1363
4000	10.1	0	1410
4000	10.2	0	1348
4000	10.3	0	1218
4000	10.4	0	1247
4000	10.5	0	1235
4000	10.6	0	1231
4000	10.7	0	1259
4000	10.8	0	1222
4000	10.9	0	1147
4000	11	0	1204
4000	11.1	0	1187
4000	11.2	0	1154
4000	11.3	0	1117
4000	11.4	0	1075
4000	11.5	0	1192
4000	11.6	0	1131
4000	11.7	0	1128
4000	11.8	0	1106
4000	11.9	0	1157
4000	12	0	1106
4000	12.1	0	1084
4000	12.2	0	1123
4000	12.3	0	1126
4000	12.4	0	1130
4000	12.5	0	1131
4000	12.6	0	1133
4000	12.7	0	1136
4000	12.8	0	1088
4000	12.9	0	1111
4000	13	0	1126
4000	13.1	0	1167
4000	13.2	0	1129
4000	13.3	0	1106
4000	13.4	0	1122
4000	13.5	0	1119
4000	13.6	0	1073
4000	13.7	0	1174
4000	13.8	0	1085
4000	13.9	0	1103
4000	14	0	1140
4000	14.1	0	1139
4000	14.2	0	1095
4000	14.3	0	1101
4000	14.4	0	1101
4000	14.5	0	1151
4000	14.6	0	1053
4000	14.7	0	1008
4000	14.8	0	1089
4000	14.9	0	1088
4000	15	0	1141
4000	15.1	0	1095
4000	15.2	0	1170
4000	15.3	0	1113
4000	15.4	0	1152
4000	15.5	0	1126
4000	15.6	0	1070
4000	15.7	0	1111
4000	15.8	0	1151
4000	15.9	0	1079
4000	16	0	1065
4000	16.1	0	1094
4000	16.2	0	1079
4000	16.3	0	1063
4000	16.4	0	1094
4000	16.5	0	1140
4000	16.6	0	1181
4000	16.7	0	1149
4000	16.8	0	1106
4000	16.9	0	1125
4000	17	0	1094
4000	17.1	0	1101
4000	17.2	0	1039
4000	17.3	0	1147
4000	17.4	0	1133
4000	17.5	0	1146
4000	17.6	0	1143
4000	17.7	0	1130
4000	17.8	0	1110
4000	17.9	0	1114
4000	18	0	1097
4000	18.1	0	1096
4000	18.2	0	1079
4000	18.3	0	1089
4000	18.4	0	1167
4000	18.5	0	1102
4000	18.6	0	1111
4000	18.7	0	1140
4000	18.8	0	1162
4000	18.9	0	1133
4000	19	0	1166
4000	19.1	0	1102
4000	19.2	0	1160
4000	19.3	0	1109
4000	19.4	0	1111
4000	19.5	0	1130
4000	19.6	0	1114
4000	19.7	0	1169
4000	19.8	0	1138
4000	19.9	0	1135
8000	0	0	1180
8000	0.1	0	1171
8000	0.2	0	1161
8000	0.3	0	1197
8000	0.4	0	1293
8000	0.5	0	1385
8000	0.6	0	1360
8000	0.7	0	1494
8000	0.8	0	1587
8000	0.9	0	1830
8000	1	0	1877
8000	1.1	0	2110
8000	1.2	0	2414
8000	1.3	0	2733
8000	1.4	0	3119
8000	1.5	0	3725
8000	1.6	0	4627
8000	1.7	0	5517
8000	1.8	0	6942
8000	1.9	0	8418
8000	2	0	10931
8000	2.1	0	13759
8000	2.2	0	16262
8000	2.3	0	18749
8000	2.4	0	19059
8000	2.5	0	17983
8000	2.6	0	17145
8000	2.7	0	17258
8000	2.8	0	17459
8000	2.9	0	17488
8000	3	0	18082
8000	3.1	0	17908
8000	3.2	0	18099
8000	3.3	0	18002
8000	3.4	0	18131
8000	3.5	0	18079
8000	3.6	0	17929
8000	3.7	0	17975
8000	3.8	0	18140
8000	3.9	0	18395
8000	4	0	18055
8000	4.1	0	18136
8000	4.2	0	18029
8000	4.3	0	18198
8000	4.4	0	18045
8000	4.5	0	18015
8000	4.6	0	17953
8000	4.7	0	17676
8000	4.8	0	17977
8000	4.9	0	17856
8000	5	0	17908
8000	5.1	0	17753
8000	5.2	0	17266
8000	5.3	0	17030
8000	5.4	0	16231
8000	5.5	0	15719
8000	5.6	0	14621
8000	5.7	0	13697
8000	5.8	0	12673
8000	5.9	0	11926
8000	6	0	11008
8000	6.1	0	9930
8000	6.2	0	9140
8000	6.3	0	8315
8000	6.4	0	7727
8000	6.5	0	7085
8000	6.6	0	6379
8000	6.7	0	5923
8000	6.8	0	5371
8000	6.9	0	5062
8000	7	0	4691
8000	7.1	0	4278
8000	7.2	0	4244
8000	7.3	0	3860
8000	7.4	0	3621
8000	7.5	0	3347
8000	7.6	0	3199
8000	7.7	0	2954
8000	7.8	0	2843
8000	7.9	0	2833
8000	8	0	2624
8000	8.1	0	2563
8000	8.2	0	2407
8000	8.3	0	2190
8000	8.4	0	2182
8000	8.5	0	2108
8000	8.6	0	2060
8000	8.7	0	1978
8000	8.8	0	1861
8000	8.9	0	1788
8000	9	0	1697
8000	9.1	0	1788
8000	9.2	0	1659
8000	9.3	0	1632
8000	9.4	0	1571
8000	9.5	0	1558
8000	9.6	0	1495
8000	9.7	0	1450
8000	9.8	0	1465
8000	9.9	0	1388
8000	10	0	1369
8000	10.1	0	1296
8000	10.2	0	1383
8000	10.3	0	1262
8000	10.4	0	1242
8000	10.5	0	1270
8000	10.6	0	1224
8000	10.7	0	1215
8000	10.8	0	1185
8000	10.9	0	1218
8000	11	0	1158
8000	11.1	0	1176
8000	11.2	0	1139
8000	11.3	0	1141
8000	11.4	0	1163
8000	11.5	0	1074
8000	11.6	0	1087
8000	11.7	0	1114
8000	11.8	0	1124
8000	11.9	0	1069
8000	12	0	1138
8000	12.1	0	1179
8000	12.2	0	1107
8000	12.3	0	1095
8000	12.4	0	1178
8000	12.5	0	1102
8000	12.6	0	1076
8000	12.7	0	1136
8000	12.8	0	1153
8000	12.9	0	1139
8000	13	0	1114
8000	13.1	0	1128
8000	13.2	0	1118
8000	13.3	0	1075
8000	13.4	0	1128
8000	13.5	0	1159
8000	13.6	0	1107
8000	13.7	0	1076
8000	13.8	0	1128
8000	13.9	0	1182
8000	14	0	1190
8000	14.1	0	1071
8000	14.2	0	1103
8000	14.3	0	1103
8000	14.4	0	1088
8000	14.5	0	1048
8000	14.6	0	1150
8000	14.7	0	1149
8000	14.8	0	1095
8000	14.9	0	1121
8000	15	0	1062
8000	15.1	0	1129
8000	15.2	0	1131
8000	15.3	0	1123
8000	15.4	0	1112
8000	15.5	0	1097
8000	15.6	0	1084
8000	15.7	0	1103
8000	15.8	0	1094
8000	15.9	0	1126
8000	16	0	1136
8000	16.1	0	1117
8000	16.2	0	1210
8000	16.3	0	1101
8000	16.4	0	1067
8000	16.5	0	1099
8000	16.6	0	1119
8000	16.7	0	1113
8000	16.8	0	1114
8000	16.9	0	1178
8000	17	0	1092
8000	17.1	0	1086
8000	17.2	0	1143
8000	17.3	0	1085
8000	17.4	0	1140
8000	17.5	0	1120
8000	17.6	0	1145
8000	17.7	0	1135
8000	17.8	0	1154
8000	17.9	0	1170
8000	18	0	1104
8000	18.1	0	1146
8000	18.2	0	1099
8000	18.3	0	1127
8000	18.4	0	1135
8000	18.5	0	1099
8000	18.6	0	1183
8000	18.7	0	1152
8000	18.8	0	1121
8000	18.9	0	1117
8000	19	0	1196
8000	19.1	0	1167
8000	19.2	0	1200
8000	19.3	0	1104
8000	19.4	0	1114
8000	19.5	0	1175
8000	19.6	0	1160
8000	19.7	0	1167
8000	19.8	0	1138
8000	19.9	0	1155
12000	0	0	1156
12000	0.1	0	1170
12000	0.2	0	1190
12000	0.3	0	1233
12000	0.4	0	1295
12000	0.5	0	1328
12000	0.6	0	1429
12000	0.7	0	1493
12000	0.8	0	1581
12000	0.9	0	1775
12000	1	0	1881
12000	1.1	0	2140
12000	1.2	0	2442
12000	1.3	0	2702
12000	1.4	0	3121
12000	1.5	0	3706
12000	1.6	0	4555
12000	1.7	0	5546
12000	1.8	0	6985
12000	1.9	0	8668
12000	2	0	10958
12000	2.1	0	13724
12000	2.2	0	16536
12000	2.3	0	18639
12000	2.4	0	19011
12000	2.5	0	17764
12000	2.6	0	17205
12000	2.7	0	17390
12000	2.8	0	17496
12000	2.9	0	17767
12000	3	0	17874
12000	3.1	0	18085
12000	3.2	0	18244
12000	3.3	0	17943
12000	3.4	0	17995
12000	3.5	0	18123
12000	3.6	0	17976
12000	3.7	0	18138
12000	3.8	0	18283
12000	3.9	0	18191
12000	4	0	18047
12000	4.1	0	18102
12000	4.2	0	17970
12000	4.3	0	18089
12000	4.4	0	18177
12000	4.5	0	17797
12000	4.6	0	18083
12000	4.7	0	17841
12000	4.8	0	18033
12000	4.9	0	17786
12000	5	0	17822
12000	5.1	0	17578
12000	5.2	0	17365
12000	5.3	0	16821
12000	5.4	0	16348
12000	5.5	0	15517
12000	5.6	0	14568
12000	5.7	0	13764
12000	5.8	0	12936
12000	5.9	0	11570
12000	6	0	11126
12000	6.1	0	9934
12000	6.2	0	9137
12000	6.3	0	8394
12000	6.4	0	7570
12000	6.5	0	6992
12000	6.6	0	6496
12000	6.7	0	5915
12000	6.8	0	5613
12000	6.9	0	5095
12000	7	0	4630
12000	7.1	0	4285
12000	7.2	0	4190
12000	7.3	0	3906
12000	7.4	0	3670
12000	7.5	0	3467
12000	7.6	0	3263
12000	7.7	0	3065
12000	7.8	0	2911
12000	7.9	0	2736
12000	8	0	2567
12000	8.1	0	2447
12000	8.2	0	2433
12000	8.3	0	2257
12000	8.4	0	2209
12000	8.5	0	2127
12000	8.6	0	2041
12000	8.7	0	1951
12000	8.8	0	1863
12000	8.9	0	1741
12000	9	0	1794
12000	9.1	0	1680
12000	9.2	0	1549
12000	9.3	0	1620
12000	9.4	0	1520
12000	9.5	0	1463
12000	9.6	0	1399
12000	9.7	0	1371
12000	9.8	0	1404
12000	9.9	0	1432
12000	10	0	1321
12000	10.1	0	1273
12000	10.2	0	1315
12000	10.3	0	1301
12000	10.4	0	1290
12000	10.5	0	1286
12000	10.6	0	1256
12000	10.7	0	1246
12000	10.8	0	1234
12000	10.9	0	1144
12000	11	0	1101
12000	11.1	0	1143
12000	11.2	0	1167
12000	11.3	0	1194
12000	11.4	0	1126
12000	11.5	0	1150
12000	11.6	0	1111
12000	11.7	0	1088
12000	11.8	0	1098
12000	11.9	0	1065
12000	12	0	1109
12000	12.1	0	1136
12000	12.2	0	1161
12000	12.3	0	1137
12000	12.4	0	1117
12000	12.5	0	1125
12000	12.6	0	1062
12000	12.7	0	1126
12000	12.8	0	1082
12000	12.9	0	1104
12000	13	0	1120
12000	13.1	0	1082
12000	13.2	0	1131
12000	13.3	0	1096
12000	13.4	0	1091
12000	13.5	0	1121
12000	13.6	0	1112
12000	13.7	0	1047
12000	13.8	0	1147
12000	13.9	0	1130
12000	14	0	1115
12000	14.1	0	1070
12000	14.2	0	1184
12000	14.3	0	1112
12000	14.4	0	1091
12000	14.5	0	1087
12000	14.6	0	1115
12000	14.7	0	1083
12000	14.8	0	1079
12000	14.9	0	1121
12000	15	0	1127
12000	15.1	0	1113
12000	15.2	0	993
12000	15.3	0	1066
12000	15.4	0	1072
12000	15.5	0	1102
12000	15.6	0	1075
12000	15.7	0	1178
12000	15.8	0	1145
12000	15.9	0	1153
12000	16	0	1079
12000	16.1	0	1178
12000	16.2	0	1155
12000	16.3	0	1169
12000	16.4	0	1131
12000	16.5	0	1144
12000	16.6	0	1179
12000	16.7	0	1092
12000	16.8	0	1089
12000	16.9	0	1115
12000	17	0	1149
12000	17.1	0	1109
12000	17.2	0	1157
12000	17.3	0	1157
12000	17.4	0	1126
12000	17.5	0	1150
12000	17.6	0	1135
12000	17.7	0	1174
12000	17.8	0	1119
12000	17.9	0	1120
12000	18	0	1235
12000	18.1	0	1098
12000	18.2	0	1192
12000	18.3	0	1076
12000	18.4	0	1130
12000	18.5	0	1142
12000	18.6	0	1112
12000	18.7	0	1149
12000	18.8	0	1154
12000	18.9	0	1180
12000	19	0	1161
12000	19.1	0	1204
12000	19.2	0	1139
12000	19.3	0	1131
12000	19.4	0	1089
12000	19.5	0	1133
12000	19.6	0	1172
12000	19.7	0	1101
12000	19.8	0	1088
12000	19.9	0	1146
16000	0	0	1163
16000	0.1	0	1169
16000	0.2	0	1196
16000	0.3	0	1225
16000	0.4	0	1330
16000	0.5	0	1362
16000	0.6	0	1448
16000	0.7	0	1492
16000	0.8	0	1629
16000	0.9	0	1751
16000	1	0	1848
16000	1.1	0	2081
16000	1.2	0	2473
16000	1.3	0	2702
16000	1.4	0	3141
16000	1.5	0	3719
16000	1.6	0	4428
16000	1.7	0	5411
16000	1.8	0	6832
16000	1.9	0	8613
16000	2	0	10933
16000	2.1	0	13489
16000	2.2	0	16540
16000	2.3	0	18476
16000	2.4	0	19108
16000	2.5	0	18006
16000	2.6	0	17507
16000	2.7	0	17239
16000	2.8	0	17361
16000	2.9	0	17481
16000	3	0	17835
16000	3.1	0	18197
16000	3.2	0	17916
16000	3.3	0	18181
16000	3.4	0	18052
16000	3.5	0	18008
16000	3.6	0	18042
16000	3.7	0	18118
16000	3.8	0	18196
16000	3.9	0	18113
16000	4	0	18123
16000	4.1	0	18265
16000	4.2	0	18205
16000	4.3	0	18137
16000	4.4	0	17808
16000	4.5	0	18017
16000	4.6	0	18152
16000	4.7	0	17608
16000	4.8	0	18014
16000	4.9	0	18098
16000	5	0	17865
16000	5.1	0	17819
16000	5.2	0	17275
16000	5.3	0	17120
16000	5.4	0	16386
16000	5.5	0	15634
16000	5.6	0	14872
16000	5.7	0	13728
16000	5.8	0	13012
16000	5.9	0	11780
16000	6	0	10955
16000	6.1	0	9977
16000	6.2	0	9314
16000	6.3	0	8255
16000	6.4	0	7693
16000	6.5	0	6997
16000	6.6	0	6374
16000	6.7	0	5923
16000	6.8	0	5571
16000	6.9	0	5024
16000	7	0	4700
16000	7.1	0	4395
16000	7.2	0	4204
16000	7.3	0	3841
16000	7.4	0	3573
16000	7.5	0	3311
16000	7.6	0	3354
16000	7.7	0	2981
16000	7.8	0	2848
16000	7.9	0	2656
16000	8	0	2634
16000	8.1	0	2551
16000	8.2	0	2407
16000	8.3	0	2347
16000	8.4	0	2107
16000	8.5	0	2057
16000	8.6	0	2025
16000	8.7	0	1940
16000	8.8	0	1856
16000	8.9	0	1784
16000	9	0	1766
16000	9.1	0	1739
16000	9.2	0	1696
16000	9.3	0	1651
16000	9.4	0	1553
16000	9.5	0	1561
16000	9.6	0	1526
16000	9.7	0	1378
16000	9.8	0	1357
16000	9.9	0	1370
16000	10	0	1371
16000	10.1	0	1288
16000	10.2	0	1304
16000	10.3	0	1272
16000	10.4	0	1243
16000	10.5	0	1231
16000	10.6	0	1197
16000	10.7	0	1264
16000	10.8	0	1264
16000	10.9	0	1206
16000	11	0	1130
16000	11.1	0	1168
16000	11.2	0	1123
16000	11.3	0	1082
16000	11.4	0	1119
16000	11.5	0	1134
16000	11.6	0	1142
16000	11.7	0	1136
16000	11.8	0	1092
16000	11.9	0	1088
16000	12	0	1119
16000	12.1	0	1105
16000	12.2	0	1131
16000	12.3	0	1108
16000	12.4	0	1087
16000	12.5	0	1092
16000	12.6	0	1136
16000	12.7	0	1112
16000	12.8	0	1139
16000	12.9	0	1081
16000	13	0	1108
16000	13.1	0	1092
16000	13.2	0	1068
16000	13.3	0	1070
16000	13.4	0	1089
16000	13.5	0	1068
16000	13.6	0	1141
16000	13.7	0	1110
16000	13.8	0	1109
16000	13.9	0	1081
16000	14	0	1148
16000	14.1	0	1087
16000	14.2	0	1099
16000	14.3	0	1141
16000	14.4	0	1069
16000	14.5	0	1174
16000	14.6	0	1131
16000	14.7	0	1110
16000	14.8	0	1077
16000	14.9	0	1073
16000	15	0	1087
16000	15.1	0	1157
16000	15.2	0	1134
16000	15.3	0	1054
16000	15.4	0	1096
16000	15.5	0	1080
16000	15.6	0	1098
16000	15.7	0	1188
16000	15.8	0	1126
16000	15.9	0	1092
16000	16	0	1086
16000	16.1	0	1071
16000	16.2	0	1121
16000	16.3	0	1092
16000	16.4	0	1131
16000	16.5	0	1161
16000	16.6	0	1068
16000	16.7	0	1148
16000	16.8	0	1115
16000	16.9	0	1082
16000	17	0	1113
16000	17.1	0	1050
16000	17.2	0	1120
16000	17.3	0	1135
16000	17.4	0	1132
16000	17.5	0	1114
16000	17.6	0	1174
16000	17.7	0	1117
16000	17.8	0	1133
16000	17.9	0	1115
16000	18	0	1123
16000	18.1	0	1076
16000	18.2	0	1107
16000	18.3	0	1081
16000	18.4	0	1161
16000	18.5	0	1160
16000	18.6	0	1127
16000	18.7	0	1180
16000	18.8	0	1140
16000	18.9	0	1089
16000	19	0	1197
16000	19.1	0	1114
16000	19.2	0	1071
16000	19.3	0	1163
16000	19.4	0	1115
16000	19.5	0	1200
16000	19.6	0	1109
16000	19.7	0	1125
16000	19.8	0	1167
16000	19.9	0	1116
20000	0	0	1122
20000	0.1	0	1237
20000	0.2	0	1297
20000	0.3	0	1247
20000	0.4	0	1248
20000	0.5	0	1335
20000	0.6	0	1435
20000	0.7	0	1489
20000	0.8	0	1577
20000	0.9	0	1732
20000	1	0	1895
20000	1.1	0	2150
20000	1.2	0	2327
20000	1.3	0	2731
20000	1.4	0	3180
20000	1.5	0	3766
20000	1.6	0	4499
20000	1.7	0	5397
20000	1.8	0	6872
20000	1.9	0	8514
20000	2	0	10812
20000	2.1	0	13661
20000	2.2	0	16514
20000	2.3	0	18531
20000	2.4	0	19155
20000	2.5	0	17750
20000	2.6	0	17311
20000	2.7	0	17032
20000	2.8	0	17780
20000	2.9	0	17813
20000	3	0	17770
20000	3.1	0	17933
20000	3.2	0	18156
20000	3.3	0	17871
20000	3.4	0	18098
20000	3.5	0	18014
20000	3.6	0	18064
20000	3.7	0	18096
20000	3.8	0	18269
20000	3.9	0	18108
20000	4	0	18161
20000	4.1	0	18090
20000	4.2	0	17966
20000	4.3	0	17848
20000	4.4	0	18011
20000	4.5	0	18073
20000	4.6	0	17934
20000	4.7	0	17915
20000	4.8	0	17917
20000	4.9	0	17764
20000	5	0	17919
20000	5.1	0	17890
20000	5.2	0	17268
20000	5.3	0	17092
20000	5.4	0	16151
20000	5.5	0	15364
20000	5.6	0	14556
20000	5.7	0	13896
20000	5.8	0	12824
20000	5.9	0	11847
20000	6	0	10973
20000	6.1	0	10024
20000	6.2	0	9158
20000	6.3	0	8433
20000	6.4	0	7570
20000	6.5	0	7128
20000	6.6	0	6498
20000	6.7	0	5840
20000	6.8	0	5497
20000	6.9	0	5169
20000	7	0	4817
20000	7.1	0	4366
20000	7.2	0	4019
20000	7.3	0	3829
20000	7.4	0	3603
20000	7.5	0	3464
20000	7.6	0	3205
20000	7.7	0	3126
20000	7.8	0	2955
20000	7.9	0	2832
20000	8	0	2603
20000	8.1	0	2389
20000	8.2	0	2411
20000	8.3	0	2307
20000	8.4	0	2136
20000	8.5	0	2096
20000	8.6	0	2070
20000	8.7	0	1910
20000	8.8	0	1882
20000	8.9	0	1794
20000	9	0	1730
20000	9.1	0	1666
20000	9.2	0	1669
20000	9.3	0	1617
20000	9.4	0	1584
20000	9.5	0	1501
20000	9.6	0	1528
20000	9.7	0	1496
20000	9.8	0	1422
20000	9.9	0	1380
20000	10	0	1398
20000	10.1	0	1289
20000	10.2	0	1306
20000	10.3	0	1293
20000	10.4	0	1290
20000	10.5	0	1246
20000	10.6	0	1175
20000	10.7	0	1195
20000	10.8	0	1171
20000	10.9	0	1218
20000	11	0	1136
20000	11.1	0	1143
20000	11.2	0	1145
20000	11.3	0	1090
20000	11.4	0	1138
20000	11.5	0	1135
20000	11.6	0	1154
20000	11.7	0	1089
20000	11.8	0	1110
20000	11.9	0	1092
20000	12	0	1102
20000	12.1	0	1133
20000	12.2	0	1155
20000	12.3	0	1108
20000	12.4	0	1068
20000	12.5	0	1069
20000	12.6	0	1158
20000	12.7	0	1065
20000	12.8	0	1162
20000	12.9	0	1179
20000	13	0	1044
20000	13.1	0	1160
20000	13.2	0	1166
20000	13.3	0	1133
20000	13.4	0	1097
20000	13.5	0	1105
20000	13.6	0	1132
20000	13.7	0	1125
20000	13.8	0	1115
20000	13.9	0	1129
20000	14	0	1122
20000	14.1	0	1155
20000	14.2	0	1085
20000	14.3	0	1123
20000	14.4	0	1087
20000	14.5	0	1105
20000	14.6	0	1143
20000	14.7	0	1069
20000	14.8	0	1148
20000	14.9	0	1108
20000	15	0	1111
20000	15.1	0	1140
20000	15.2	0	1092
20000	15.3	0	1080
20000	15.4	0	1137
20000	15.5	0	1105
20000	15.6	0	1166
20000	15.7	0	1163
20000	15.8	0	1068
20000	15.9	0	1103
20000	16	0	1093
20000	16.1	0	1104
20000	16.2	0	1134
20000	16.3	0	1165
20000	16.4	0	1150
20000	16.5	0	1108
20000	16.6	0	1138
20000	16.7	0	1114
20000	16.8	0	1146
20000	16.9	0	1121
20000	17	0	1161
20000	17.1	0	1124
20000	17.2	0	1120
20000	17.3	0	1110
20000	17.4	0	1124
20000	17.5	0	1184
20000	17.6	0	1133
20000	17.7	0	1136
20000	17.8	0	1167
20000	17.9	0	1148
20000	18	0	1177
20000	18.1	0	1155
20000	18.2	0	1090
20000	18.3	0	1112
20000	18.4	0	1172
20000	18.5	0	1094
20000	18.6	0	1170
20000	18.7	0	1134
20000	18.8	0	1128
20000	18.9	0	1160
20000	19	0	1146
20000	19.1	0	1166
20000	19.2	0	1134
20000	19.3	0	1126
20000	19.4	0	1099
20000	19.5	0	1166
20000	19.6	0	1196
20000	19.7	0	1139
20000	19.8	0	1148
20000	19.9	0	1109
