4000	0	0	1044
4000	0.1	0	1106
4000	0.2	0	1087
4000	0.3	0	1105
4000	0.4	0	1210
4000	0.5	0	1240
4000	0.6	0	1329
4000	0.7	0	1400
4000	0.8	0	1477
4000	0.9	0	1595
4000	1	0	1681
4000	1.1	0	1879
4000	1.2	0	2034
4000	1.3	0	2376
4000	1.4	0	2728
4000	1.5	0	3189
4000	1.6	0	3794
4000	1.7	0	4503
4000	1.8	0	5671
4000	1.9	0	6825
4000	2	0	8811
4000	2.1	0	11396
4000	2.2	0	14792
4000	2.3	0	17866
4000	2.4	0	19726
4000	2.5	0	19183
4000	2.6	0	18947
4000	2.7	0	18784
4000	2.8	0	18629
4000	2.9	0	18833
4000	3	0	18789
4000	3.1	0	18926
4000	3.2	0	18976
4000	3.3	0	18970
4000	3.4	0	18798
4000	3.5	0	18863
4000	3.6	0	19025
4000	3.7	0	19088
4000	3.8	0	18907
4000	3.9	0	19086
4000	4	0	18759
4000	4.1	0	18994
4000	4.2	0	18907
4000	4.3	0	18849
4000	4.4	0	18839
4000	4.5	0	18920
4000	4.6	0	18935
4000	4.7	0	18900
4000	4.8	0	18864
4000	4.9	0	19037
4000	5	0	19189
4000	5.1	0	18743
4000	5.2	0	18172
4000	5.3	0	17718
4000	5.4	0	16606
4000	5.5	0	15544
4000	5.6	0	14215
4000	5.7	0	13367
4000	5.8	0	12185
4000	5.9	0	10951
4000	6	0	10103
4000	6.1	0	9213
4000	6.2	0	8384
4000	6.3	0	7612
4000	6.4	0	7053
4000	6.5	0	6571
4000	6.6	0	5970
4000	6.7	0	5466
4000	6.8	0	5225
4000	6.9	0	4621
4000	7	0	4495
4000	7.1	0	4113
4000	7.2	0	3803
4000	7.3	0	3699
4000	7.4	0	3432
4000	7.5	0	3237
4000	7.6	0	3071
4000	7.7	0	2858
4000	7.8	0	2741
4000	7.9	0	2648
4000	8	0	2516
4000	8.1	0	2467
4000	8.2	0	2355
4000	8.3	0	2206
4000	8.4	0	2132
4000	8.5	0	2034
4000	8.6	0	1898
4000	8.7	0	1870
4000	8.8	0	1813
4000	8.9	0	1779
4000	9	0	1777
4000	9.1	0	1587
4000	9.2	0	1620
4000	9.3	0	1555
4000	9.4	0	1533
4000	9.5	0	1483
4000	9.6	0	1447
4000	9.7	0	1406
4000	9.8	0	1413
4000	9.9	0	1383
4000	10	0	1355
4000	10.1	0	1308
4000	10.2	0	1239
4000	10.3	0	1215
4000	10.4	0	1259
4000	10.5	0	1212
4000	10.6	0	1212
4000	10.7	0	1266
4000	10.8	0	1141
4000	10.9	0	1132
4000	11	0	1150
4000	11.1	0	1147
4000	11.2	0	1134
4000	11.3	0	1052
4000	11.4	0	1085
4000	11.5	0	1117
4000	11.6	0	1085
4000	11.7	0	1049
4000	11.8	0	1112
4000	11.9	0	1033
4000	12	0	1030
4000	12.1	0	1073
4000	12.2	0	1052
4000	12.3	0	1075
4000	12.4	0	1101
4000	12.5	0	1073
4000	12.6	0	1042
4000	12.7	0	1084
4000	12.8	0	1098
4000	12.9	0	1089
4000	13	0	1059
4000	13.1	0	1084
4000	13.2	0	1072
4000	13.3	0	1051
4000	13.4	0	1087
4000	13.5	0	1155
4000	13.6	0	1093
4000	13.7	0	1094
4000	13.8	0	1074
4000	13.9	0	1090
4000	14	0	1079
4000	14.1	0	1074
4000	14.2	0	1109
4000	14.3	0	1112
4000	14.4	0	1066
4000	14.5	0	1081
4000	14.6	0	1099
4000	14.7	0	1077
4000	14.8	0	1064
4000	14.9	0	1149
4000	15	0	1106
4000	15.1	0	1100
4000	15.2	0	1051
4000	15.3	0	1045
4000	15.4	0	1104
4000	15.5	0	1065
4000	15.6	0	1085
4000	15.7	0	1053
4000	15.8	0	1072
4000	15.9	0	1068
4000	16	0	1085
4000	16.1	0	1032
4000	16.2	0	1128
4000	16.3	0	1064
4000	16.4	0	1096
4000	16.5	0	1143
4000	16.6	0	1073
4000	16.7	0	1129
4000	16.8	0	1118
4000	16.9	0	1060
4000	17	0	1068
4000	17.1	0	1010
4000	17.2	0	1092
4000	17.3	0	1040
4000	17.4	0	1073
4000	17.5	0	1077
4000	17.6	0	1008
4000	17.7	0	1139
4000	17.8	0	1034
4000	17.9	0	1127
4000	18	0	1094
4000	18.1	0	1083
4000	18.2	0	1158
4000	18.3	0	1123
4000	18.4	0	1093
4000	18.5	0	1081
4000	18.6	0	1144
4000	18.7	0	1106
4000	18.8	0	1080
4000	18.9	0	1153
4000	19	0	1098
4000	19.1	0	1070
4000	19.2	0	1033
4000	19.3	0	1056
4000	19.4	0	1100
4000	19.5	0	1061
4000	19.6	0	1118
4000	19.7	0	1074
4000	19.8	0	1101
4000	19.9	0	1089
8000	0	0	1079
8000	0.1	0	1083
8000	0.2	0	1146
8000	0.3	0	1238
8000	0.4	0	1091
8000	0.5	0	1246
8000	0.6	0	1263
8000	0.7	0	1395
8000	0.8	0	1496
8000	0.9	0	1607
8000	1	0	1747
8000	1.1	0	1940
8000	1.2	0	2199
8000	1.3	0	2408
8000	1.4	0	2726
8000	1.5	0	3245
8000	1.6	0	3798
8000	1.7	0	4441
8000	1.8	0	5727
8000	1.9	0	7042
8000	2	0	8922
8000	2.1	0	11364
8000	2.2	0	14616
8000	2.3	0	17997
8000	2.4	0	19749
8000	2.5	0	19264
8000	2.6	0	19087
8000	2.7	0	18709
8000	2.8	0	18825
8000	2.9	0	18658
8000	3	0	18773
8000	3.1	0	18722
8000	3.2	0	18559
8000	3.3	0	19074
8000	3.4	0	18770
8000	3.5	0	18953
8000	3.6	0	19071
8000	3.7	0	18748
8000	3.8	0	18713
8000	3.9	0	18792
8000	4	0	19063
8000	4.1	0	19127
8000	4.2	0	18962
8000	4.3	0	18773
8000	4.4	0	18824
8000	4.5	0	18930
8000	4.6	0	18887
8000	4.7	0	18953
8000	4.8	0	18954
8000	4.9	0	18873
8000	5	0	18912
8000	5.1	0	18414
8000	5.2	0	18055
8000	5.3	0	17729
8000	5.4	0	16644
8000	5.5	0	15607
8000	5.6	0	14283
8000	5.7	0	13166
8000	5.8	0	12186
8000	5.9	0	10890
8000	6	0	10250
8000	6.1	0	9304
8000	6.2	0	8395
8000	6.3	0	7761
8000	6.4	0	7079
8000	6.5	0	6559
8000	6.6	0	5931
8000	6.7	0	5537
8000	6.8	0	5155
8000	6.9	0	4768
8000	7	0	4520
8000	7.1	0	4199
8000	7.2	0	3938
8000	7.3	0	3759
8000	7.4	0	3419
8000	7.5	0	3185
8000	7.6	0	3056
8000	7.7	0	2944
8000	7.8	0	2824
8000	7.9	0	2527
8000	8	0	2573
8000	8.1	0	2392
8000	8.2	0	2358
8000	8.3	0	2190
8000	8.4	0	2232
8000	8.5	0	2016
8000	8.6	0	1849
8000	8.7	0	1901
8000	8.8	0	1796
8000	8.9	0	1765
8000	9	0	1717
8000	9.1	0	1631
8000	9.2	0	1637
8000	9.3	0	1584
8000	9.4	0	1443
8000	9.5	0	1476
8000	9.6	0	1449
8000	9.7	0	1404
8000	9.8	0	1391
8000	9.9	0	1385
8000	10	0	1372
8000	10.1	0	1315
8000	10.2	0	1255
8000	10.3	0	1268
8000	10.4	0	1265
8000	10.5	0	1146
8000	10.6	0	1186
8000	10.7	0	1170
8000	10.8	0	1129
8000	10.9	0	1161
8000	11	0	1128
8000	11.1	0	1152
8000	11.2	0	1093
8000	11.3	0	1132
8000	11.4	0	1062
8000	11.5	0	1086
8000	11.6	0	1098
8000	11.7	0	1090
8000	11.8	0	1094
8000	11.9	0	1075
8000	12	0	1030
8000	12.1	0	1089
8000	12.2	0	1083
8000	12.3	0	1041
8000	12.4	0	1109
8000	12.5	0	1103
8000	12.6	0	1146
8000	12.7	0	1088
8000	12.8	0	1058
8000	12.9	0	1083
8000	13	0	1122
8000	13.1	0	1065
8000	13.2	0	1060
8000	13.3	0	1054
8000	13.4	0	1073
8000	13.5	0	1068
8000	13.6	0	1072
8000	13.7	0	1183
8000	13.8	0	1057
8000	13.9	0	1100
8000	14	0	1160
8000	14.1	0	1010
8000	14.2	0	1063
8000	14.3	0	1074
8000	14.4	0	1081
8000	14.5	0	1131
8000	14.6	0	1117
8000	14.7	0	1110
8000	14.8	0	1065
8000	14.9	0	1078
8000	15	0	1084
8000	15.1	0	1025
8000	15.2	0	1071
8000	15.3	0	1095
8000	15.4	0	1110
8000	15.5	0	1059
8000	15.6	0	1106
8000	15.7	0	1094
8000	15.8	0	1037
8000	15.9	0	1083
8000	16	0	1052
8000	16.1	0	1147
8000	16.2	0	1123
8000	16.3	0	1099
8000	16.4	0	1034
8000	16.5	0	1043
8000	16.6	0	1086
8000	16.7	0	1097
8000	16.8	0	1050
8000	16.9	0	1105
8000	17	0	1143
8000	17.1	0	1138
8000	17.2	0	1105
8000	17.3	0	1062
8000	17.4	0	1099
8000	17.5	0	1093
8000	17.6	0	1073
8000	17.7	0	1034
8000	17.8	0	1075
8000	17.9	0	1074
8000	18	0	1096
8000	18.1	0	1162
8000	18.2	0	1102
8000	18.3	0	1062
8000	18.4	0	1090
8000	18.5	0	1045
8000	18.6	0	1108
8000	18.7	0	1128
8000	18.8	0	1071
8000	18.9	0	1113
8000	19	0	1074
8000	19.1	0	1078
8000	19.2	0	1096
8000	19.3	0	1071
8000	19.4	0	1124
8000	19.5	0	1094
8000	19.6	0	1093
8000	19.7	0	1070
8000	19.8	0	1083
8000	19.9	0	1080
12000	0	0	1136
12000	0.1	0	1076
12000	0.2	0	1113
12000	0.3	0	1092
12000	0.4	0	1263
12000	0.5	0	1259
12000	0.6	0	1305
12000	0.7	0	1381
12000	0.8	0	1380
12000	0.9	0	1593
12000	1	0	1725
12000	1.1	0	2062
12000	1.2	0	2222
12000	1.3	0	2489
12000	1.4	0	2689
12000	1.5	0	3157
12000	1.6	0	3698
12000	1.7	0	4492
12000	1.8	0	5564
12000	1.9	0	6973
12000	2	0	8831
12000	2.1	0	11320
12000	2.2	0	14587
12000	2.3	0	18190
12000	2.4	0	19512
12000	2.5	0	19449
12000	2.6	0	19096
12000	2.7	0	18620
12000	2.8	0	18907
12000	2.9	0	18623
12000	3	0	18753
12000	3.1	0	18769
12000	3.2	0	19017
12000	3.3	0	18658
12000	3.4	0	18803
12000	3.5	0	18982
12000	3.6	0	19111
12000	3.7	0	18914
12000	3.8	0	18826
12000	3.9	0	18757
12000	4	0	18915
12000	4.1	0	19036
12000	4.2	0	18945
12000	4.3	0	18880
12000	4.4	0	18828
12000	4.5	0	18998
12000	4.6	0	18975
12000	4.7	0	18820
12000	4.8	0	18835
12000	4.9	0	18992
12000	5	0	18884
12000	5.1	0	18719
12000	5.2	0	18417
12000	5.3	0	17477
12000	5.4	0	16652
12000	5.5	0	15466
12000	5.6	0	14424
12000	5.7	0	13398
12000	5.8	0	12117
12000	5.9	0	11172
12000	6	0	10068
12000	6.1	0	9235
12000	6.2	0	8615
12000	6.3	0	7679
12000	6.4	0	6994
12000	6.5	0	6574
12000	6.6	0	5957
12000	6.7	0	5562
12000	6.8	0	5197
12000	6.9	0	4685
12000	7	0	4497
12000	7.1	0	4034
12000	7.2	0	3877
12000	7.3	0	3628
12000	7.4	0	3481
12000	7.5	0	3280
12000	7.6	0	3162
12000	7.7	0	2795
12000	7.8	0	2772
12000	7.9	0	2672
12000	8	0	2404
12000	8.1	0	2426
12000	8.2	0	2292
12000	8.3	0	2183
12000	8.4	0	2067
12000	8.5	0	2018
12000	8.6	0	1964
12000	8.7	0	1798
12000	8.8	0	1871
12000	8.9	0	1846
12000	9	0	1789
12000	9.1	0	1593
12000	9.2	0	1610
12000	9.3	0	1540
12000	9.4	0	1531
12000	9.5	0	1424
12000	9.6	0	1345
12000	9.7	0	1408
12000	9.8	0	1378
12000	9.9	0	1384
12000	10	0	1347
12000	10.1	0	1328
12000	10.2	0	1309
12000	10.3	0	1310
12000	10.4	0	1249
12000	10.5	0	1205
12000	10.6	0	1153
12000	10.7	0	1125
12000	10.8	0	1132
12000	10.9	0	1204
12000	11	0	1141
12000	11.1	0	1121
12000	11.2	0	1078
12000	11.3	0	1102
12000	11.4	0	1130
12000	11.5	0	1138
12000	11.6	0	1098
12000	11.7	0	1079
12000	11.8	0	1043
12000	11.9	0	1059
12000	12	0	1063
12000	12.1	0	1118
12000	12.2	0	1136
12000	12.3	0	1088
12000	12.4	0	1072
12000	12.5	0	1091
12000	12.6	0	1066
12000	12.7	0	1057
12000	12.8	0	1107
12000	12.9	0	1066
12000	13	0	1125
12000	13.1	0	1144
12000	13.2	0	1124
12000	13.3	0	1094
12000	13.4	0	1053
12000	13.5	0	1065
12000	13.6	0	1104
12000	13.7	0	1084
12000	13.8	0	1055
12000	13.9	0	1077
12000	14	0	1052
12000	14.1	0	1087
12000	14.2	0	1071
12000	14.3	0	1053
12000	14.4	0	1077
12000	14.5	0	1077
12000	14.6	0	1038
12000	14.7	0	1074
12000	14.8	0	1136
12000	14.9	0	1066
12000	15	0	1080
12000	15.1	0	1038
12000	15.2	0	1058
12000	15.3	0	1047
12000	15.4	0	1086
12000	15.5	0	1032
12000	15.6	0	1024
12000	15.7	0	1068
12000	15.8	0	1062
12000	15.9	0	1082
12000	16	0	1130
12000	16.1	0	1096
12000	16.2	0	1048
12000	16.3	0	1106
12000	16.4	0	1100
12000	16.5	0	1062
12000	16.6	0	1114
12000	16.7	0	1075
12000	16.8	0	1080
12000	16.9	0	1166
12000	17	0	1103
12000	17.1	0	1076
12000	17.2	0	1062
12000	17.3	0	1069
12000	17.4	0	1080
12000	17.5	0	1081
12000	17.6	0	1073
12000	17.7	0	1069
12000	17.8	0	1065
12000	17.9	0	1104
12000	18	0	1108
12000	18.1	0	1111
12000	18.2	0	1127
12000	18.3	0	1121
12000	18.4	0	1135
12000	18.5	0	1104
12000	18.6	0	1138
12000	18.7	0	1080
12000	18.8	0	1096
12000	18.9	0	1039
12000	19	0	1092
12000	19.1	0	1077
12000	19.2	0	1047
12000	19.3	0	1083
12000	19.4	0	1087
12000	19.5	0	1065
12000	19.6	0	1109
12000	19.7	0	1079
12000	19.8	0	1020
12000	19.9	0	1096
16000	0	0	1124
16000	0.1	0	1103
16000	0.2	0	1063
16000	0.3	0	1169
16000	0.4	0	1184
16000	0.5	0	1249
16000	0.6	0	1290
16000	0.7	0	1413
16000	0.8	0	1449
16000	0.9	0	1590
16000	1	0	1716
16000	1.1	0	1951
16000	1.2	0	2135
16000	1.3	0	2446
16000	1.4	0	2752
16000	1.5	0	3141
16000	1.6	0	3806
16000	1.7	0	4496
16000	1.8	0	5593
16000	1.9	0	6982
16000	2	0	8759
16000	2.1	0	11409
16000	2.2	0	14657
16000	2.3	0	17918
16000	2.4	0	19661
16000	2.5	0	19242
16000	2.6	0	18860
16000	2.7	0	18875
16000	2.8	0	18477
16000	2.9	0	18748
16000	3	0	18792
16000	3.1	0	18786
16000	3.2	0	18995
16000	3.3	0	18937
16000	3.4	0	19015
16000	3.5	0	18837
16000	3.6	0	18660
16000	3.7	0	18883
16000	3.8	0	18757
16000	3.9	0	18781
16000	4	0	19152
16000	4.1	0	19052
16000	4.2	0	18783
16000	4.3	0	18836
16000	4.4	0	18884
16000	4.5	0	18810
16000	4.6	0	18856
16000	4.7	0	18911
16000	4.8	0	18959
16000	4.9	0	19035
16000	5	0	18736
16000	5.1	0	18565
16000	5.2	0	18106
16000	5.3	0	17619
16000	5.4	0	16377
16000	5.5	0	15891
16000	5.6	0	14407
16000	5.7	0	13454
16000	5.8	0	12460
16000	5.9	0	10885
16000	6	0	10146
16000	6.1	0	9325
16000	6.2	0	8378
16000	6.3	0	7675
16000	6.4	0	7059
16000	6.5	0	6605
16000	6.6	0	6017
16000	6.7	0	5548
16000	6.8	0	5215
16000	6.9	0	4743
16000	7	0	4402
16000	7.1	0	4167
16000	7.2	0	3929
16000	7.3	0	3615
16000	7.4	0	3451
16000	7.5	0	3224
16000	7.6	0	3147
16000	7.7	0	2956
16000	7.8	0	2744
16000	7.9	0	2701
16000	8	0	2464
16000	8.1	0	2420
16000	8.2	0	2265
16000	8.3	0	2172
16000	8.4	0	2098
16000	8.5	0	2004
16000	8.6	0	1968
16000	8.7	0	1851
16000	8.8	0	1850
16000	8.9	0	1835
16000	9	0	1711
16000	9.1	0	1602
16000	9.2	0	1674
16000	9.3	0	1613
16000	9.4	0	1544
16000	9.5	0	1394
16000	9.6	0	1429
16000	9.7	0	1394
16000	9.8	0	1368
16000	9.9	0	1386
16000	10	0	1351
16000	10.1	0	1305
16000	10.2	0	1263
16000	10.3	0	1261
16000	10.4	0	1232
16000	10.5	0	1236
16000	10.6	0	1194
16000	10.7	0	1185
16000	10.8	0	1114
16000	10.9	0	1195
16000	11	0	1146
16000	11.1	0	1059
16000	11.2	0	1047
16000	11.3	0	1053
16000	11.4	0	1137
16000	11.5	0	1170
16000	11.6	0	1085
16000	11.7	0	1137
16000	11.8	0	1067
16000	11.9	0	1092
16000	12	0	1059
16000	12.1	0	1203
16000	12.2	0	1150
16000	12.3	0	1032
16000	12.4	0	1143
16000	12.5	0	1087
16000	12.6	0	1101
16000	12.7	0	1090
16000	12.8	0	1098
16000	12.9	0	1050
16000	13	0	1106
16000	13.1	0	1056
16000	13.2	0	1108
16000	13.3	0	1121
16000	13.4	0	1087
16000	13.5	0	1137
16000	13.6	0	1108
16000	13.7	0	1091
16000	13.8	0	1058
16000	13.9	0	1057
16000	14	0	1068
16000	14.1	0	1100
16000	14.2	0	1082
16000	14.3	0	1118
16000	14.4	0	1069
16000	14.5	0	1171
16000	14.6	0	1040
16000	14.7	0	1077
16000	14.8	0	1013
16000	14.9	0	1041
16000	15	0	1116
16000	15.1	0	1113
16000	15.2	0	1059
16000	15.3	0	1087
16000	15.4	0	1100
16000	15.5	0	1072
16000	15.6	0	1144
16000	15.7	0	1101
16000	15.8	0	1024
16000	15.9	0	1068
16000	16	0	1063
16000	16.1	0	1148
16000	16.2	0	1101
16000	16.3	0	1094
16000	16.4	0	1082
16000	16.5	0	1108
16000	16.6	0	1044
16000	16.7	0	1034
16000	16.8	0	1040
16000	16.9	0	1066
16000	17	0	1118
16000	17.1	0	1133
16000	17.2	0	1117
16000	17.3	0	1100
16000	17.4	0	1076
16000	17.5	0	1085
16000	17.6	0	1089
16000	17.7	0	1087
16000	17.8	0	1067
16000	17.9	0	1149
16000	18	0	1011
16000	18.1	0	1134
16000	18.2	0	1090
16000	18.3	0	1092
16000	18.4	0	1137
16000	18.5	0	1063
16000	18.6	0	1134
16000	18.7	0	1038
16000	18.8	0	1058
16000	18.9	0	1080
16000	19	0	1069
16000	19.1	0	1105
16000	19.2	0	1070
16000	19.3	0	1160
16000	19.4	0	1080
16000	19.5	0	1033
16000	19.6	0	1031
16000	19.7	0	1100
16000	19.8	0	1138
16000	19.9	0	1074
20000	0	0	1120
20000	0.1	0	1075
20000	0.2	0	1128
20000	0.3	0	1189
20000	0.4	0	1209
20000	0.5	0	1278
20000	0.6	0	1311
20000	0.7	0	1342
20000	0.8	0	1533
20000	0.9	0	1692
20000	1	0	1810
20000	1.1	0	1981
20000	1.2	0	2062
20000	1.3	0	2379
20000	1.4	0	2772
20000	1.5	0	3170
20000	1.6	0	3746
20000	1.7	0	4505
20000	1.8	0	5604
20000	1.9	0	6855
20000	2	0	8878
20000	2.1	0	11428
20000	2.2	0	14622
20000	2.3	0	17829
20000	2.4	0	19698
20000	2.5	0	19332
20000	2.6	0	18936
20000	2.7	0	18480
20000	2.8	0	18664
20000	2.9	0	18623
20000	3	0	18615
20000	3.1	0	18824
20000	3.2	0	18997
20000	3.3	0	18877
20000	3.4	0	19014
20000	3.5	0	18883
20000	3.6	0	18979
20000	3.7	0	18961
20000	3.8	0	18757
20000	3.9	0	19035
20000	4	0	18867
20000	4.1	0	18918
20000	4.2	0	18758
20000	4.3	0	18649
20000	4.4	0	19131
20000	4.5	0	18920
20000	4.6	0	19024
20000	4.7	0	18952
20000	4.8	0	18678
20000	4.9	0	19051
20000	5	0	18884
20000	5.1	0	18882
20000	5.2	0	18323
20000	5.3	0	17395
20000	5.4	0	16483
20000	5.5	0	15676
20000	5.6	0	14556
20000	5.7	0	13126
20000	5.8	0	12061
20000	5.9	0	11147
20000	6	0	10133
20000	6.1	0	9373
20000	6.2	0	8586
20000	6.3	0	7627
20000	6.4	0	7020
20000	6.5	0	6581
20000	6.6	0	5945
20000	6.7	0	5743
20000	6.8	0	5109
20000	6.9	0	4888
20000	7	0	4412
20000	7.1	0	4121
20000	7.2	0	3877
20000	7.3	0	3640
20000	7.4	0	3383
20000	7.5	0	3251
20000	7.6	0	3088
20000	7.7	0	2900
20000	7.8	0	2802
20000	7.9	0	2703
20000	8	0	2537
20000	8.1	0	2522
20000	8.2	0	2313
20000	8.3	0	2221
20000	8.4	0	2115
20000	8.5	0	2040
20000	8.6	0	1935
20000	8.7	0	1939
20000	8.8	0	1843
20000	8.9	0	1738
20000	9	0	1611
20000	9.1	0	1617
20000	9.2	0	1601
20000	9.3	0	1620
20000	9.4	0	1448
20000	9.5	0	1517
20000	9.6	0	1490
20000	9.7	0	1428
20000	9.8	0	1369
20000	9.9	0	1275
20000	10	0	1375
20000	10.1	0	1319
20000	10.2	0	1271
20000	10.3	0	1216
20000	10.4	0	1250
20000	10.5	0	1221
20000	10.6	0	1228
20000	10.7	0	1144
20000	10.8	0	1120
20000	10.9	0	1115
20000	11	0	1082
20000	11.1	0	1124
20000	11.2	0	1098
20000	11.3	0	1139
20000	11.4	0	1092
20000	11.5	0	1105
20000	11.6	0	1126
20000	11.7	0	1051
20000	11.8	0	1013
20000	11.9	0	1068
20000	12	0	1053
20000	12.1	0	1090
20000	12.2	0	1058
20000	12.3	0	1060
20000	12.4	0	1060
20000	12.5	0	1141
20000	12.6	0	1071
20000	12.7	0	1133
20000	12.8	0	1055
20000	12.9	0	1062
20000	13	0	1112
20000	13.1	0	1051
20000	13.2	0	1092
20000	13.3	0	1060
20000	13.4	0	1106
20000	13.5	0	1024
20000	13.6	0	1057
20000	13.7	0	1100
20000	13.8	0	1116
20000	13.9	0	1113
20000	14	0	1102
20000	14.1	0	1056
20000	14.2	0	1079
20000	14.3	0	1107
20000	14.4	0	1119
20000	14.5	0	1003
20000	14.6	0	1088
20000	14.7	0	1080
20000	14.8	0	1095
20000	14.9	0	1102
20000	15	0	1043
20000	15.1	0	1105
20000	15.2	0	1110
20000	15.3	0	1092
20000	15.4	0	1039
20000	15.5	0	1142
20000	15.6	0	1088
20000	15.7	0	1060
20000	15.8	0	1055
20000	15.9	0	1083
20000	16	0	1048
20000	16.1	0	1054
20000	16.2	0	1085
20000	16.3	0	1052
20000	16.4	0	1129
20000	16.5	0	1059
20000	16.6	0	1104
20000	16.7	0	1145
20000	16.8	0	1067
20000	16.9	0	1122
20000	17	0	1112
20000	17.1	0	1134
20000	17.2	0	1066
20000	17.3	0	1105
20000	17.4	0	1050
20000	17.5	0	1053
20000	17.6	0	1067
20000	17.7	0	1060
20000	17.8	0	1118
20000	17.9	0	1084
20000	18	0	1074
20000	18.1	0	1121
20000	18.2	0	1034
20000	18.3	0	1081
20000	18.4	0	1163
20000	18.5	0	1089
20000	18.6	0	1127
20000	18.7	0	1068
20000	18.8	0	1068
20000	18.9	0	1127
20000	19	0	1089
20000	19.1	0	1030
20000	19.2	0	1106
20000	19.3	0	1159
20000	19.4	0	1051
20000	19.5	0	1086
20000	19.6	0	1104
20000	19.7	0	1062
20000	19.8	0	1070
20000	19.9	0	1123
