4000	0	0	1048
4000	0.1	0	1074
4000	0.2	0	1104
4000	0.3	0	1116
4000	0.4	0	1143
4000	0.5	0	1174
4000	0.6	0	1250
4000	0.7	0	1377
4000	0.8	0	1427
4000	0.9	0	1500
4000	1	0	1732
4000	1.1	0	1830
4000	1.2	0	1939
4000	1.3	0	2228
4000	1.4	0	2596
4000	1.5	0	3018
4000	1.6	0	3551
4000	1.7	0	4305
4000	1.8	0	5176
4000	1.9	0	6492
4000	2	0	8181
4000	2.1	0	10926
4000	2.2	0	13714
4000	2.3	0	17500
4000	2.4	0	19534
4000	2.5	0	19858
4000	2.6	0	19540
4000	2.7	0	19330
4000	2.8	0	19343
4000	2.9	0	19012
4000	3	0	19348
4000	3.1	0	19445
4000	3.2	0	19336
4000	3.3	0	19312
4000	3.4	0	19313
4000	3.5	0	19348
4000	3.6	0	19470
4000	3.7	0	19466
4000	3.8	0	19127
4000	3.9	0	19602
4000	4	0	19494
4000	4.1	0	19315
4000	4.2	0	19334
4000	4.3	0	19373
4000	4.4	0	19279
4000	4.5	0	19479
4000	4.6	0	19481
4000	4.7	0	19434
4000	4.8	0	19541
4000	4.9	0	19528
4000	5	0	19436
4000	5.1	0	19162
4000	5.2	0	18568
4000	5.3	0	17708
4000	5.4	0	16510
4000	5.5	0	15505
4000	5.6	0	14151
4000	5.7	0	13015
4000	5.8	0	11965
4000	5.9	0	10959
4000	6	0	9843
4000	6.1	0	9061
4000	6.2	0	8163
4000	6.3	0	7294
4000	6.4	0	6862
4000	6.5	0	6375
4000	6.6	0	5814
4000	6.7	0	5269
4000	6.8	0	4962
4000	6.9	0	4594
4000	7	0	4251
4000	7.1	0	4007
4000	7.2	0	3834
4000	7.3	0	3535
4000	7.4	0	3372
4000	7.5	0	3152
4000	7.6	0	2994
4000	7.7	0	2737
4000	7.8	0	2544
4000	7.9	0	2524
4000	8	0	2480
4000	8.1	0	2251
4000	8.2	0	2211
4000	8.3	0	2120
4000	8.4	0	2002
4000	8.5	0	1953
4000	8.6	0	1865
4000	8.7	0	1789
4000	8.8	0	1708
4000	8.9	0	1718
4000	9	0	1723
4000	9.1	0	1698
4000	9.2	0	1534
4000	9.3	0	1567
4000	9.4	0	1422
4000	9.5	0	1451
4000	9.6	0	1450
4000	9.7	0	1399
4000	9.8	0	1332
4000	9.9	0	1346
4000	10	0	1265
4000	10.1	0	1327
4000	10.2	0	1212
4000	10.3	0	1243
4000	10.4	0	1190
4000	10.5	0	1205
4000	10.6	0	1163
4000	10.7	0	1135
4000	10.8	0	1056
4000	10.9	0	1152
4000	11	0	1118
4000	11.1	0	1125
4000	11.2	0	1113
4000	11.3	0	1077
4000	11.4	0	1067
4000	11.5	0	1024
4000	11.6	0	1062
4000	11.7	0	1064
4000	11.8	0	1085
4000	11.9	0	1013
4000	12	0	1023
4000	12.1	0	989
4000	12.2	0	991
4000	12.3	0	1074
4000	12.4	0	1089
4000	12.5	0	1011
4000	12.6	0	1012
4000	12.7	0	1059
4000	12.8	0	1009
4000	12.9	0	1004
4000	13	0	1053
4000	13.1	0	1038
4000	13.2	0	1037
4000	13.3	0	1046
4000	13.4	0	1006
4000	13.5	0	1049
4000	13.6	0	1009
4000	13.7	0	1018
4000	13.8	0	1036
4000	13.9	0	1036
4000	14	0	1016
4000	14.1	0	1106
4000	14.2	0	1084
4000	14.3	0	1092
4000	14.4	0	1082
4000	14.5	0	1047
4000	14.6	0	1050
4000	14.7	0	1033
4000	14.8	0	1041
4000	14.9	0	1052
4000	15	0	1114
4000	15.1	0	1127
4000	15.2	0	1119
4000	15.3	0	1011
4000	15.4	0	1043
4000	15.5	0	1022
4000	15.6	0	1056
4000	15.7	0	1047
4000	15.8	0	1103
4000	15.9	0	1054
4000	16	0	1108
4000	16.1	0	1062
4000	16.2	0	1038
4000	16.3	0	1058
4000	16.4	0	1046
4000	16.5	0	1054
4000	16.6	0	1013
4000	16.7	0	1074
4000	16.8	0	1016
4000	16.9	0	1051
4000	17	0	1050
4000	17.1	0	1067
4000	17.2	0	1005
4000	17.3	0	1090
4000	17.4	0	1030
4000	17.5	0	1052
4000	17.6	0	1086
4000	17.7	0	1059
4000	17.8	0	1064
4000	17.9	0	1045
4000	18	0	1051
4000	18.1	0	1055
4000	18.2	0	1123
4000	18.3	0	1062
4000	18.4	0	1068
4000	18.5	0	1036
4000	18.6	0	1077
4000	18.7	0	1046
4000	18.8	0	1011
4000	18.9	0	1040
4000	19	0	1043
4000	19.1	0	1108
4000	19.2	0	1035
4000	19.3	0	1066
4000	19.4	0	1010
4000	19.5	0	1052
4000	19.6	0	1108
4000	19.7	0	1067
4000	19.8	0	1060
4000	19.9	0	1002
8000	0	0	1047
8000	0.1	0	1067
8000	0.2	0	1078
8000	0.3	0	1108
8000	0.4	0	1116
8000	0.5	0	1246
8000	0.6	0	1259
8000	0.7	0	1357
8000	0.8	0	1439
8000	0.9	0	1523
8000	1	0	1652
8000	1.1	0	1765
8000	1.2	0	2039
8000	1.3	0	2274
8000	1.4	0	2620
8000	1.5	0	3060
8000	1.6	0	3555
8000	1.7	0	4248
8000	1.8	0	5269
8000	1.9	0	6549
8000	2	0	8486
8000	2.1	0	10688
8000	2.2	0	13834
8000	2.3	0	17156
8000	2.4	0	19394
8000	2.5	0	20022
8000	2.6	0	19392
8000	2.7	0	19500
8000	2.8	0	19436
8000	2.9	0	19361
8000	3	0	19507
8000	3.1	0	19271
8000	3.2	0	19442
8000	3.3	0	19344
8000	3.4	0	19408
8000	3.5	0	19724
8000	3.6	0	19168
8000	3.7	0	19296
8000	3.8	0	19575
8000	3.9	0	19453
8000	4	0	19513
8000	4.1	0	19202
8000	4.2	0	19356
8000	4.3	0	19540
8000	4.4	0	19597
8000	4.5	0	19391
8000	4.6	0	19611
8000	4.7	0	19283
8000	4.8	0	19458
8000	4.9	0	19554
8000	5	0	19414
8000	5.1	0	19213
8000	5.2	0	18174
8000	5.3	0	17591
8000	5.4	0	16653
8000	5.5	0	15306
8000	5.6	0	14058
8000	5.7	0	13125
8000	5.8	0	11880
8000	5.9	0	10677
8000	6	0	9932
8000	6.1	0	8952
8000	6.2	0	8279
8000	6.3	0	7323
8000	6.4	0	6828
8000	6.5	0	6324
8000	6.6	0	5722
8000	6.7	0	5273
8000	6.8	0	4962
8000	6.9	0	4676
8000	7	0	4206
8000	7.1	0	4094
8000	7.2	0	3686
8000	7.3	0	3459
8000	7.4	0	3319
8000	7.5	0	3039
8000	7.6	0	3009
8000	7.7	0	2795
8000	7.8	0	2632
8000	7.9	0	2429
8000	8	0	2356
8000	8.1	0	2256
8000	8.2	0	2196
8000	8.3	0	2158
8000	8.4	0	2029
8000	8.5	0	1966
8000	8.6	0	1901
8000	8.7	0	1727
8000	8.8	0	1722
8000	8.9	0	1627
8000	9	0	1666
8000	9.1	0	1616
8000	9.2	0	1537
8000	9.3	0	1564
8000	9.4	0	1557
8000	9.5	0	1501
8000	9.6	0	1417
8000	9.7	0	1442
8000	9.8	0	1380
8000	9.9	0	1351
8000	10	0	1264
8000	10.1	0	1272
8000	10.2	0	1279
8000	10.3	0	1209
8000	10.4	0	1129
8000	10.5	0	1141
8000	10.6	0	1099
8000	10.7	0	1111
8000	10.8	0	1089
8000	10.9	0	1089
8000	11	0	1093
8000	11.1	0	1046
8000	11.2	0	1137
8000	11.3	0	1068
8000	11.4	0	1006
8000	11.5	0	1093
8000	11.6	0	1051
8000	11.7	0	1019
8000	11.8	0	1066
8000	11.9	0	1087
8000	12	0	1059
8000	12.1	0	1095
8000	12.2	0	1032
8000	12.3	0	1065
8000	12.4	0	1006
8000	12.5	0	1043
8000	12.6	0	1046
8000	12.7	0	1097
8000	12.8	0	1030
8000	12.9	0	1058
8000	13	0	1030
8000	13.1	0	1079
8000	13.2	0	1004
8000	13.3	0	1045
8000	13.4	0	1044
8000	13.5	0	1035
8000	13.6	0	1108
8000	13.7	0	983
8000	13.8	0	1084
8000	13.9	0	1089
8000	14	0	1081
8000	14.1	0	1065
8000	14.2	0	1042
8000	14.3	0	1045
8000	14.4	0	1060
8000	14.5	0	1083
8000	14.6	0	1073
8000	14.7	0	1055
8000	14.8	0	1074
8000	14.9	0	1043
8000	15	0	1105
8000	15.1	0	1100
8000	15.2	0	1001
8000	15.3	0	1054
8000	15.4	0	1041
8000	15.5	0	985
8000	15.6	0	1081
8000	15.7	0	1067
8000	15.8	0	1049
8000	15.9	0	1029
8000	16	0	1139
8000	16.1	0	1047
8000	16.2	0	1054
8000	16.3	0	1034
8000	16.4	0	1028
8000	16.5	0	1068
8000	16.6	0	1030
8000	16.7	0	1035
8000	16.8	0	1055
8000	16.9	0	1041
8000	17	0	1088
8000	17.1	0	1008
8000	17.2	0	1060
8000	17.3	0	1064
8000	17.4	0	1093
8000	17.5	0	1009
8000	17.6	0	1040
8000	17.7	0	1016
8000	17.8	0	1008
8000	17.9	0	1047
8000	18	0	1052
8000	18.1	0	1015
8000	18.2	0	1114
8000	18.3	0	990
8000	18.4	0	1045
8000	18.5	0	1082
8000	18.6	0	1042
8000	18.7	0	1080
8000	18.8	0	1077
8000	18.9	0	1099
8000	19	0	1082
8000	19.1	0	1105
8000	19.2	0	1079
8000	19.3	0	1003
8000	19.4	0	1114
8000	19.5	0	1077
8000	19.6	0	1098
8000	19.7	0	1046
8000	19.8	0	1027
8000	19.9	0	1064
12000	0	0	1063
12000	0.1	0	964
12000	0.2	0	1050
12000	0.3	0	1091
12000	0.4	0	1183
12000	0.5	0	1201
12000	0.6	0	1262
12000	0.7	0	1401
12000	0.8	0	1467
12000	0.9	0	1510
12000	1	0	1640
12000	1.1	0	1833
12000	1.2	0	2099
12000	1.3	0	2313
12000	1.4	0	2622
12000	1.5	0	2985
12000	1.6	0	3510
12000	1.7	0	4376
12000	1.8	0	5185
12000	1.9	0	6537
12000	2	0	8207
12000	2.1	0	10720
12000	2.2	0	14022
12000	2.3	0	17486
12000	2.4	0	19649
12000	2.5	0	19776
12000	2.6	0	19385
12000	2.7	0	19292
12000	2.8	0	19372
12000	2.9	0	19417
12000	3	0	19575
12000	3.1	0	19228
12000	3.2	0	19567
12000	3.3	0	19486
12000	3.4	0	19361
12000	3.5	0	19671
12000	3.6	0	19185
12000	3.7	0	19258
12000	3.8	0	19367
12000	3.9	0	19501
12000	4	0	19445
12000	4.1	0	19341
12000	4.2	0	19501
12000	4.3	0	19500
12000	4.4	0	19190
12000	4.5	0	19410
12000	4.6	0	19228
12000	4.7	0	19240
12000	4.8	0	19514
12000	4.9	0	19454
12000	5	0	19515
12000	5.1	0	19096
12000	5.2	0	18515
12000	5.3	0	17678
12000	5.4	0	16618
12000	5.5	0	15274
12000	5.6	0	14248
12000	5.7	0	12890
12000	5.8	0	11827
12000	5.9	0	10751
12000	6	0	9781
12000	6.1	0	8894
12000	6.2	0	8053
12000	6.3	0	7550
12000	6.4	0	6737
12000	6.5	0	6157
12000	6.6	0	5726
12000	6.7	0	5415
12000	6.8	0	4969
12000	6.9	0	4614
12000	7	0	4138
12000	7.1	0	3881
12000	7.2	0	3670
12000	7.3	0	3591
12000	7.4	0	3209
12000	7.5	0	3172
12000	7.6	0	3122
12000	7.7	0	2739
12000	7.8	0	2700
12000	7.9	0	2551
12000	8	0	2438
12000	8.1	0	2357
12000	8.2	0	2252
12000	8.3	0	2057
12000	8.4	0	2062
12000	8.5	0	1964
12000	8.6	0	1896
12000	8.7	0	1861
12000	8.8	0	1810
12000	8.9	0	1700
12000	9	0	1679
12000	9.1	0	1604
12000	9.2	0	1631
12000	9.3	0	1521
12000	9.4	0	1514
12000	9.5	0	1414
12000	9.6	0	1355
12000	9.7	0	1370
12000	9.8	0	1347
12000	9.9	0	1257
12000	10	0	1312
12000	10.1	0	1256
12000	10.2	0	1225
12000	10.3	0	1208
12000	10.4	0	1159
12000	10.5	0	1233
12000	10.6	0	1133
12000	10.7	0	1141
12000	10.8	0	1179
12000	10.9	0	1074
12000	11	0	1143
12000	11.1	0	1131
12000	11.2	0	1046
12000	11.3	0	1085
12000	11.4	0	1026
12000	11.5	0	1061
12000	11.6	0	1055
12000	11.7	0	1067
12000	11.8	0	1020
12000	11.9	0	1055
12000	12	0	1007
12000	12.1	0	1048
12000	12.2	0	1030
12000	12.3	0	1030
12000	12.4	0	1034
12000	12.5	0	1048
12000	12.6	0	1074
12000	12.7	0	1032
12000	12.8	0	1098
12000	12.9	0	1070
12000	13	0	1070
12000	13.1	0	1043
12000	13.2	0	1028
12000	13.3	0	1007
12000	13.4	0	1066
12000	13.5	0	1062
12000	13.6	0	1113
12000	13.7	0	1092
12000	13.8	0	1024
12000	13.9	0	1067
12000	14	0	1048
12000	14.1	0	1016
12000	14.2	0	1020
12000	14.3	0	1111
12000	14.4	0	995
12000	14.5	0	1086
12000	14.6	0	1065
12000	14.7	0	1118
12000	14.8	0	1078
12000	14.9	0	1043
12000	15	0	1056
12000	15.1	0	1037
12000	15.2	0	1127
12000	15.3	0	1082
12000	15.4	0	1000
12000	15.5	0	995
12000	15.6	0	1072
12000	15.7	0	1095
12000	15.8	0	1047
12000	15.9	0	1057
12000	16	0	1037
12000	16.1	0	995
12000	16.2	0	1055
12000	16.3	0	1042
12000	16.4	0	1043
12000	16.5	0	1063
12000	16.6	0	1055
12000	16.7	0	1082
12000	16.8	0	1065
12000	16.9	0	1024
12000	17	0	1042
12000	17.1	0	982
12000	17.2	0	1090
12000	17.3	0	1079
12000	17.4	0	1054
12000	17.5	0	1055
12000	17.6	0	1073
12000	17.7	0	1018
12000	17.8	0	1033
12000	17.9	0	1075
12000	18	0	1141
12000	18.1	0	1071
12000	18.2	0	1083
12000	18.3	0	1020
12000	18.4	0	1048
12000	18.5	0	1088
12000	18.6	0	1087
12000	18.7	0	1061
12000	18.8	0	1032
12000	18.9	0	1042
12000	19	0	1043
12000	19.1	0	1076
12000	19.2	0	1076
12000	19.3	0	1093
12000	19.4	0	1099
12000	19.5	0	1066
12000	19.6	0	1072
12000	19.7	0	1135
12000	19.8	0	1023
12000	19.9	0	1072
16000	0	0	1034
16000	0.1	0	1012
16000	0.2	0	1078
16000	0.3	0	1168
16000	0.4	0	1190
16000	0.5	0	1226
16000	0.6	0	1265
16000	0.7	0	1316
16000	0.8	0	1429
16000	0.9	0	1569
16000	1	0	1702
16000	1.1	0	1846
16000	1.2	0	2072
16000	1.3	0	2296
16000	1.4	0	2654
16000	1.5	0	3000
16000	1.6	0	3592
16000	1.7	0	4334
16000	1.8	0	5162
16000	1.9	0	6520
16000	2	0	8356
16000	2.1	0	10792
16000	2.2	0	14151
16000	2.3	0	17466
16000	2.4	0	19548
16000	2.5	0	19621
16000	2.6	0	19505
16000	2.7	0	19388
16000	2.8	0	19340
16000	2.9	0	19349
16000	3	0	19251
16000	3.1	0	19427
16000	3.2	0	19452
16000	3.3	0	19574
16000	3.4	0	19461
16000	3.5	0	19313
16000	3.6	0	19553
16000	3.7	0	19508
16000	3.8	0	19536
16000	3.9	0	19236
16000	4	0	19433
16000	4.1	0	19578
16000	4.2	0	19429
16000	4.3	0	19428
16000	4.4	0	19203
16000	4.5	0	19340
16000	4.6	0	19221
16000	4.7	0	19519
16000	4.8	0	19302
16000	4.9	0	19485
16000	5	0	19414
16000	5.1	0	19151
16000	5.2	0	18477
16000	5.3	0	17328
16000	5.4	0	16721
16000	5.5	0	15409
16000	5.6	0	14185
16000	5.7	0	13064
16000	5.8	0	11788
16000	5.9	0	10845
16000	6	0	9898
16000	6.1	0	8885
16000	6.2	0	8100
16000	6.3	0	7399
16000	6.4	0	6760
16000	6.5	0	6056
16000	6.6	0	5631
16000	6.7	0	5316
16000	6.8	0	4993
16000	6.9	0	4706
16000	7	0	4274
16000	7.1	0	4056
16000	7.2	0	3717
16000	7.3	0	3533
16000	7.4	0	3334
16000	7.5	0	3099
16000	7.6	0	3012
16000	7.7	0	2892
16000	7.8	0	2696
16000	7.9	0	2536
16000	8	0	2446
16000	8.1	0	2222
16000	8.2	0	2165
16000	8.3	0	2118
16000	8.4	0	2044
16000	8.5	0	1962
16000	8.6	0	1856
16000	8.7	0	1819
16000	8.8	0	1746
16000	8.9	0	1741
16000	9	0	1623
16000	9.1	0	1579
16000	9.2	0	1555
16000	9.3	0	1518
16000	9.4	0	1507
16000	9.5	0	1410
16000	9.6	0	1401
16000	9.7	0	1340
16000	9.8	0	1299
16000	9.9	0	1269
16000	10	0	1285
16000	10.1	0	1291
16000	10.2	0	1247
16000	10.3	0	1257
16000	10.4	0	1209
16000	10.5	0	1149
16000	10.6	0	1127
16000	10.7	0	1124
16000	10.8	0	1112
16000	10.9	0	1146
16000	11	0	1045
16000	11.1	0	1074
16000	11.2	0	1034
16000	11.3	0	1042
16000	11.4	0	1065
16000	11.5	0	1087
16000	11.6	0	1032
16000	11.7	0	1089
16000	11.8	0	1082
16000	11.9	0	1036
16000	12	0	1021
16000	12.1	0	1078
16000	12.2	0	1094
16000	12.3	0	1062
16000	12.4	0	1031
16000	12.5	0	1047
16000	12.6	0	1070
16000	12.7	0	1009
16000	12.8	0	1061
16000	12.9	0	1042
16000	13	0	1081
16000	13.1	0	1055
16000	13.2	0	1032
16000	13.3	0	1114
16000	13.4	0	1067
16000	13.5	0	1050
16000	13.6	0	983
16000	13.7	0	1057
16000	13.8	0	1072
16000	13.9	0	1076
16000	14	0	1057
16000	14.1	0	1089
16000	14.2	0	1028
16000	14.3	0	1047
16000	14.4	0	1107
16000	14.5	0	1060
16000	14.6	0	1048
16000	14.7	0	1041
16000	14.8	0	1032
16000	14.9	0	1050
16000	15	0	1079
16000	15.1	0	1120
16000	15.2	0	1079
16000	15.3	0	1073
16000	15.4	0	1004
16000	15.5	0	1098
16000	15.6	0	1104
16000	15.7	0	1047
16000	15.8	0	1016
16000	15.9	0	1048
16000	16	0	1033
16000	16.1	0	1047
16000	16.2	0	1055
16000	16.3	0	1053
16000	16.4	0	1031
16000	16.5	0	1074
16000	16.6	0	1059
16000	16.7	0	1034
16000	16.8	0	1091
16000	16.9	0	1069
16000	17	0	1112
16000	17.1	0	1048
16000	17.2	0	1072
16000	17.3	0	1008
16000	17.4	0	1088
16000	17.5	0	1059
16000	17.6	0	1083
16000	17.7	0	1037
16000	17.8	0	1012
16000	17.9	0	991
16000	18	0	1082
16000	18.1	0	1039
16000	18.2	0	1040
16000	18.3	0	1014
16000	18.4	0	1021
16000	18.5	0	1064
16000	18.6	0	1058
16000	18.7	0	1050
16000	18.8	0	1010
16000	18.9	0	1061
16000	19	0	1091
16000	19.1	0	1086
16000	19.2	0	1017
16000	19.3	0	1070
16000	19.4	0	1048
16000	19.5	0	1019
16000	19.6	0	1005
16000	19.7	0	1118
16000	19.8	0	1022
16000	19.9	0	1042
20000	0	0	1088
20000	0.1	0	1096
20000	0.2	0	1057
20000	0.3	0	1110
20000	0.4	0	1142
20000	0.5	0	1205
20000	0.6	0	1227
20000	0.7	0	1375
20000	0.8	0	1396
20000	0.9	0	1476
20000	1	0	1630
20000	1.1	0	1857
20000	1.2	0	2096
20000	1.3	0	2244
20000	1.4	0	2590
20000	1.5	0	3075
20000	1.6	0	3485
20000	1.7	0	4269
20000	1.8	0	5195
20000	1.9	0	6511
20000	2	0	8332
20000	2.1	0	10819
20000	2.2	0	13814
20000	2.3	0	17556
20000	2.4	0	19629
20000	2.5	0	19841
20000	2.6	0	19695
20000	2.7	0	19325
20000	2.8	0	19141
20000	2.9	0	19307
20000	3	0	19110
20000	3.1	0	19537
20000	3.2	0	19432
20000	3.3	0	19589
20000	3.4	0	19405
20000	3.5	0	19468
20000	3.6	0	19328
20000	3.7	0	19383
20000	3.8	0	19547
20000	3.9	0	19314
20000	4	0	19447
20000	4.1	0	19268
20000	4.2	0	19475
20000	4.3	0	19411
20000	4.4	0	19402
20000	4.5	0	19342
20000	4.6	0	19493
20000	4.7	0	19313
20000	4.8	0	19562
20000	4.9	0	19365
20000	5	0	19269
20000	5.1	0	19176
20000	5.2	0	18491
20000	5.3	0	17693
20000	5.4	0	16566
20000	5.5	0	15424
20000	5.6	0	14041
20000	5.7	0	12957
20000	5.8	0	11834
20000	5.9	0	10930
20000	6	0	9781
20000	6.1	0	8977
20000	6.2	0	8235
20000	6.3	0	7517
20000	6.4	0	6740
20000	6.5	0	6256
20000	6.6	0	5690
20000	6.7	0	5274
20000	6.8	0	4972
20000	6.9	0	4486
20000	7	0	4260
20000	7.1	0	3949
20000	7.2	0	3798
20000	7.3	0	3592
20000	7.4	0	3260
20000	7.5	0	3115
20000	7.6	0	2959
20000	7.7	0	2800
20000	7.8	0	2595
20000	7.9	0	2543
20000	8	0	2438
20000	8.1	0	2323
20000	8.2	0	2234
20000	8.3	0	2149
20000	8.4	0	2036
20000	8.5	0	2005
20000	8.6	0	1860
20000	8.7	0	1901
20000	8.8	0	1745
20000	8.9	0	1775
20000	9	0	1668
20000	9.1	0	1628
20000	9.2	0	1505
20000	9.3	0	1520
20000	9.4	0	1420
20000	9.5	0	1404
20000	9.6	0	1428
20000	9.7	0	1371
20000	9.8	0	1326
20000	9.9	0	1321
20000	10	0	1289
20000	10.1	0	1266
20000	10.2	0	1175
20000	10.3	0	1243
20000	10.4	0	1205
20000	10.5	0	1147
20000	10.6	0	1199
20000	10.7	0	1144
20000	10.8	0	1158
20000	10.9	0	1093
20000	11	0	1118
20000	11.1	0	1105
20000	11.2	0	1079
20000	11.3	0	1091
20000	11.4	0	1112
20000	11.5	0	1076
20000	11.6	0	1080
20000	11.7	0	1067
20000	11.8	0	1073
20000	11.9	0	1041
20000	12	0	1041
20000	12.1	0	1025
20000	12.2	0	1040
20000	12.3	0	1086
20000	12.4	0	1067
20000	12.5	0	1076
20000	12.6	0	1011
20000	12.7	0	1060
20000	12.8	0	1078
20000	12.9	0	1085
20000	13	0	1099
20000	13.1	0	1111
20000	13.2	0	1026
20000	13.3	0	1097
20000	13.4	0	1020
20000	13.5	0	1041
20000	13.6	0	1057
20000	13.7	0	1019
20000	13.8	0	1077
20000	13.9	0	1062
20000	14	0	1075
20000	14.1	0	983
20000	14.2	0	1025
20000	14.3	0	1023
20000	14.4	0	1059
20000	14.5	0	1054
20000	14.6	0	990
20000	14.7	0	1012
20000	14.8	0	1038
20000	14.9	0	1083
20000	15	0	929
20000	15.1	0	991
20000	15.2	0	1051
20000	15.3	0	1038
20000	15.4	0	1035
20000	15.5	0	1105
20000	15.6	0	1040
20000	15.7	0	1021
20000	15.8	0	1038
20000	15.9	0	1047
20000	16	0	1080
20000	16.1	0	1087
20000	16.2	0	1045
20000	16.3	0	1033
20000	16.4	0	1092
20000	16.5	0	1030
20000	16.6	0	1039
20000	16.7	0	1049
20000	16.8	0	1063
20000	16.9	0	1094
20000	17	0	1031
20000	17.1	0	1088
20000	17.2	0	1111
20000	17.3	0	1036
20000	17.4	0	1069
20000	17.5	0	1022
20000	17.6	0	1073
20000	17.7	0	1054
20000	17.8	0	1154
20000	17.9	0	1074
20000	18	0	1092
20000	18.1	0	1025
20000	18.2	0	1078
20000	18.3	0	1099
20000	18.4	0	1028
20000	18.5	0	1056
20000	18.6	0	1038
20000	18.7	0	1044
20000	18.8	0	1013
20000	18.9	0	1071
20000	19	0	1072
20000	19.1	0	1088
20000	19.2	0	1047
20000	19.3	0	1083
20000	19.4	0	1033
20000	19.5	0	1043
20000	19.6	0	1057
20000	19.7	0	1043
20000	19.8	0	1057
20000	19.9	0	1022
