200.0002	-0.050736
200.0002	-0.0362366
200.0002	0.0290956
200.0002	0.0503077
200.0002	0.00996567
200.0002	-0.0139202
200.0002	0.0269116
200.0002	0.0103499
200.0002	0.0254302
200.0002	-0.0930944
200.0002	0.00649505
200.0002	-0.0259877
200.0002	-0.00824488
200.0002	-0.024986
200.0002	0.0297911
200.0002	0.0151982
200.0002	-0.011937
200.0002	0.00849451
200.0002	-0.0166606
200.0002	0.00856742
200.0002	0.00353343
200.0002	-0.0351203
200.0002	0.0158651
200.0002	-0.0112768
200.0002	-0.0192538
200.0002	-0.00166948
200.0002	-0.0440986
200.0002	-0.0402999
200.0002	0.0176398
200.0002	-0.0501459
200.0002	0.0191704
200.0002	-0.0288086
200.0002	-0.0601724
200.0002	-0.0277108
200.0002	-0.0422107
200.0002	-0.00702284
200.0002	-0.0163066
200.0002	0.0660413
200.0002	-0.0831649
200.0002	-0.0371869
200.0002	-0.0382125
200.0002	0.0715053
200.0002	-0.0754092
200.0002	-0.0493067
200.0002	-0.0433491
200.0002	0.0398654
200.0002	-0.0169918
200.0002	-0.0979427
200.0002	-0.102417
200.0002	-0.0221557
200.0002	0.0415091
200.0002	-0.0764108
200.0002	0.015949
200.0002	-0.0501683
200.0002	-0.00669411
200.0002	-0.0113266
200.0002	-0.008184
200.0002	-0.112725
200.0002	-0.0842744
200.0002	-0.0775317
200.0002	-0.0684481
200.0002	-0.0953603
200.0002	-0.00394476
200.0002	-0.0606
200.0002	-0.00546792
200.0002	0.0211587
200.0002	-0.123693
200.0002	-0.0240476
200.0002	-0.0576018
200.0002	-0.0553284
200.0002	-0.0725934
200.0002	-0.0222577
200.0002	-0.0733861
200.0002	-0.160915
200.0002	-0.0922815
200.0002	-0.0522938
200.0002	-0.0778331
200.0002	-0.143745
200.0002	-0.0968451
200.0002	-0.171457
200.0002	-0.151892
200.0002	-0.2161
200.0002	-0.113367
200.0002	-0.0356348
200.0002	-0.0824138
200.0002	-0.164825
200.0002	-0.131761
200.0002	-0.0580584
200.0002	-0.0280905
200.0002	-0.00788643
200.0002	-0.0954329
200.0002	-0.0563995
200.0002	-0.129113
200.0002	-0.0917636
200.0002	-0.0433044
200.0002	-0.00217286
200.0002	0.0757178
200.0002	-0.0156478
200.0002	-0.087328
200.0002	0.0303725
200.0002	-0.00250744
200.0002	0.00886381
200.0002	-0.0802454
200.0002	-0.0109781
200.0002	-0.0117726
200.0002	-0.0604666
200.0002	0.00836646
200.0002	0.0215215
200.0002	-0.011477
200.0002	0.0215957
200.0002	0.0332235
200.0002	0.00585385
200.0002	0.0102872
200.0002	-0.00476481
200.0002	-0.0158962
200.0002	0.00843437
200.0002	0.00143662
200.0002	-0.0528672
200.0002	-0.0394094
200.0002	-0.0842711
200.0002	-0.0115609
200.0002	-0.00549591
200.0002	-0.068933
200.0002	-0.0103138
200.0002	0.0530885
200.0002	-0.0788727
200.0002	0.0143996
200.0002	-0.0421038
200.0002	0.0539191
200.0002	-0.0737262
200.0002	0.00469178
200.0002	0.0132665
200.0002	0.0118487
200.0002	-0.023286
200.0002	0.00310198
200.0002	0.0570588
200.0002	0.033566
200.0002	-0.0901751
200.0002	-0.0511902
200.0002	-0.0283637
200.0002	0.0188812
200.0002	-0.0249978
200.0002	0.0736736
200.0002	-0.0425155
200.0002	-0.003776
200.0002	-0.0220201
200.0002	-0.0442714
200.0002	-0.0180032
200.0002	-0.0123829
200.0002	0.00547507
200.0002	0.00882248
200.0002	0.050287
200.0002	0.0187508
200.0002	0.00353392
200.0002	0.0657342
200.0002	0.0456882
200.0002	0.0700621
200.0002	-0.0649394
200.0002	0.023855
200.0002	-0.0468139
200.0002	0.0112688
200.0002	-0.0172472
200.0002	-0.0636949
200.0002	-0.0376553
200.0002	0.032014
200.0002	-0.012529
200.0002	-0.0353415
200.0002	0.0239948
200.0002	-0.0418847
200.0002	0.0301184
200.0002	0.00870174
200.0002	-0.0246978
200.0002	0.0550789
200.0002	0.0244769
200.0002	0.0193373
200.0002	-0.0454054
200.0002	-0.0419582
200.0002	-0.0483202
200.0002	-0.00822176
200.0002	-0.00866609
200.0002	-0.0363862
200.0002	-0.0460605
200.0002	0.014786
200.0002	-0.0257076
200.0002	-0.00925265
200.0002	-0.00182253
200.0002	0.00336291
200.0002	0.0826731
200.0002	-0.0516611
200.0002	0.00221925
200.0002	0.0665579
200.0002	0.0531157
200.0002	-0.0011228
200.0002	0.0670747
200.0002	-0.0138707
200.0002	-0.0242927
200.0002	0.0101077
200.0002	0.0395006
200.0002	0.0453012
200.0002	-0.00868798
200.0002	-0.0195426
200.0002	-0.0446512
200.0002	-0.0531994
200.0002	-0.0134738
200.0002	0.0424969
200.0002	0.0339564
200.0002	0.0226345
200.0002	-0.00911431
200.0002	0.021945
200.0002	-0.0307803
200.0002	0.00930121
200.0002	0.124845
200.0002	0.0668161
200.0002	-0.00381868
200.0002	-0.0284627
200.0002	0.0769579
200.0002	0.0401548
200.0002	-0.0372239
200.0002	0.00737894
200.0002	0.0560748
200.0002	-0.0223706
200.0002	-0.107513
200.0002	0.0155495
200.0002	0.029112
200.0002	-0.0227064
200.0002	0.0138798
200.0002	0.0463991
200.0002	0.0269011
200.0002	0.117679
200.0002	-0.0107259
200.0002	0.00452155
200.0002	0.0296277
200.0002	0.0646821
200.0002	0.0632135
200.0002	0.0610665
200.0002	-0.00621402
200.0002	-0.0210221
200.0002	0.0312485
200.0002	0.017782
200.0002	0.00846469
200.0002	-0.0164002
200.0002	0.0340509
200.0002	0.0809976
200.0002	-0.087923
200.0002	0.0634022
200.0002	0.0608328
200.0002	0.0646157
200.0002	-0.00423316
200.0002	0.0858227
200.0002	0.015885
200.0002	0.0490612
200.0002	0.04952
200.0002	0.10451
200.0002	0.0329078
200.0002	0.0111333
200.0002	0.00175526
200.0002	0.0415632
200.0002	0.0939348
200.0002	0.0918699
200.0002	0.123455
200.0002	0.0576116
200.0002	-0.0560157
200.0002	0.0197488
200.0002	-0.0025213
200.0002	0.0492666
200.0002	-0.0179256
200.0002	0.0106227
200.0002	0.116354
200.0002	-0.00577614
200.0002	0.0438834
200.0002	0.104403
200.0002	0.0444904
200.0002	0.0259034
200.0002	-0.0463252
200.0002	0.0381108
200.0002	-0.0234359
200.0002	0.0375496
200.0002	0.0546805
200.0002	0.0514625
200.0002	0.00748116
200.0002	0.0104246
200.0002	0.0244752
200.0002	0.0994727
200.0002	-0.00424443
200.0002	0.00483104
200.0002	0.12805
200.0002	0.126251
200.0002	0.0624195
200.0002	-0.0377738
200.0002	-0.0441595
200.0002	0.0641394
200.0002	0.023579
200.0002	0.022106
200.0002	0.0872189
200.0002	0.0308381
200.0002	0.0589865
200.0002	0.0583507
200.0002	-0.0461337
200.0002	0.0225778
200.0002	-0.0331645
200.0002	0.00505396
200.0002	0.0656741
200.0002	0.0284024
200.0002	-0.0552532
200.0002	0.0558218
200.0002	0.0952268
200.0002	0.0408598
200.0002	0.119631
200.0002	-0.0399566
200.0002	-0.0455599
200.0002	0.0490665
200.0002	0.0100489
200.0002	0.120023
200.0002	-0.0284956
200.0002	0.0164782
200.0002	0.0318561
200.0002	0.0116955
200.0002	0.0246521
200.0002	0.0540763
200.0002	-0.0191843
200.0002	0.0125787
200.0002	-0.0179536
200.0002	-0.0160803
200.0002	0.11599
200.0002	0.0393646
200.0002	0.000842387
200.0002	0.0234023
200.0002	0.0277106
200.0002	0.0563347
200.0002	-0.0241203
200.0002	0.00460122
200.0002	0.079584
200.0002	0.0489001
200.0002	0.0278971
200.0002	-0.00537492
200.0002	-0.0425384
200.0002	-0.0179501
200.0002	-0.007694
200.0002	0.0789406
200.0002	-0.0393812
200.0002	0.0198927
200.0002	0.054642
200.0002	0.0264226
200.0002	0.0166499
200.0002	-0.0993503
200.0002	-0.00760223
200.0002	-0.018733
200.0002	0.0323794
200.0002	-0.0309384
200.0002	0.0276794
200.0002	0.0386909
200.0002	0.0106075
200.0002	-0.0216469
200.0002	0.0478762
200.0002	0.0675535
200.0002	0.0201076
200.0002	0.070372
200.0002	0.0374529
200.0002	-0.0320496
200.0002	-0.0460066
200.0002	-0.00491535
200.0002	0.0390961
200.0002	-0.0256847
200.0002	0.0793447
200.0002	0.0678476
200.0002	0.104889
200.0002	0.0204648
200.0002	-0.0514614
200.0002	-0.0330404
200.0002	0.119067
200.0002	-0.0862571
200.0002	0.0370618
200.0002	-0.0026638
200.0002	-0.104468
200.0002	-0.00964785
200.0002	-0.00504959
200.0002	0.0854276
200.0002	0.0258458
200.0002	0.0343994
200.0002	-0.0275748
200.0002	0.0198295
200.0002	0.0396033
200.0002	0.0500542
200.0002	0.0125351
200.0002	-0.0413819
200.0002	-0.0695516
200.0002	-0.0600887
200.0002	0.0209063
200.0002	0.0688182
200.0002	-0.00392505
200.0002	0.0415873
200.0002	-0.0399379
200.0002	0.0609082
200.0002	0.00438479
200.0002	-0.00522919
200.0002	-0.0243277
200.0002	0.0913417
200.0002	-0.0024489
200.0002	0.0136113
200.0002	0.0312167
200.0002	0.0220385
200.0002	0.0776395
200.0002	-0.0269427
200.0002	-0.0416863
200.0002	-0.0636127
200.0002	-0.00743594
200.0002	0.0205065
200.0002	0.0529146
200.0002	0.0210378
200.0002	-0.0158111
200.0002	0.0230078
200.0002	0.0129081
200.0002	0.00103689
200.0002	0.0678501
200.0002	0.0256713
200.0002	-0.0766451
200.0002	-0.034312
200.0002	-0.00849924
200.0002	0.0283536
200.0002	-0.0275192
200.0002	0.0235758
200.0002	0.0596702
200.0002	-0.0372451
200.0002	0.0302921
200.0002	0.00961924
200.0002	0.0227128
200.0002	-0.0762211
200.0002	-0.00226893
200.0002	-0.0666757
200.0002	-0.00875616
200.0002	-0.00163446
200.0002	-0.00602051
200.0002	0.0215615
200.0002	0.00602748
200.0002	-0.0355327
200.0002	0.00079582
200.0002	0.0285256
200.0002	0.0274876
200.0002	-0.0494606
200.0002	0.0904993
200.0002	0.0234654
200.0002	0.0526113
200.0002	-0.0337187
200.0002	-0.0159105
200.0002	-0.0291747
200.0002	-0.0233284
200.0002	0.0429797
200.0002	-0.0984153
200.0002	0.0690189
200.0002	0.0463779
200.0002	0.0520441
200.0002	0.00736961
200.0002	-0.0572699
200.0002	0.0128191
200.0002	0.0277894
200.0002	0.0046047
200.0002	0.0482065
200.0002	-0.0389555
200.0002	0.0353513
200.0002	-0.00953374
200.0002	-0.0319225
200.0002	0.0387497
200.0002	0.0116362
200.0002	-0.0011939
200.0002	-0.0280806
200.0002	-0.0118141
200.0002	0.0148955
200.0002	-0.0313829
200.0002	0.00078407
200.0002	0.0338254
200.0002	0.0348124
200.0002	0.0233519
200.0002	-0.0978541
200.0002	0.0187298
200.0002	0.0466464
200.0002	-0.0518559
200.0002	0.0338736
200.0002	0.0917387
200.0002	-0.0137592
200.0002	0.0705761
200.0002	0.00914539
200.0002	-0.0540561
200.0002	-0.0468748
200.0002	0.0217642
200.0002	-0.0110642
200.0002	0.0641306
200.0002	-0.0909548
200.0002	-0.0195257
200.0002	-0.0138298
200.0002	0.0146857
200.0002	0.00272716
200.0002	0.0279452
200.0002	0.0120444
200.0002	0.00270497
200.0002	-0.0465377
200.0002	0.0104169
200.0002	0.0312815
200.0002	0.0169111
200.0002	-0.00978852
200.0002	-0.0230608
200.0002	-0.0233906
200.0002	0.0133822
200.0002	-0.00176588
200.0002	0.00567826
200.0002	0.0277114
200.0002	0.0338843
200.0002	-0.000376391
200.0002	0.00657549
200.0002	-0.0242555
200.0002	0.00557666
200.0002	-0.0337651
200.0002	0.000527376
200.0002	-0.0186032
200.0002	0.0223317
200.0002	0.0302679
200.0002	0.0870767
200.0002	0.0339414
200.0002	0.0139605
200.0002	-0.0453057
200.0002	-0.0536804
200.0002	-0.0115316
200.0002	-0.0017777
200.0002	0.0377529
200.0002	-0.0182222
200.0002	-0.00630175
200.0002	0.0039563
200.0002	0.00697349
200.0002	-0.0256893
200.0002	-0.0832115
200.0002	-0.0581699
200.0002	0.0399188
200.0002	-0.0396918
200.0002	0.0109271
200.0002	-0.0533876
200.0002	0.0762154
200.0002	0.0378649
200.0002	0.0265511
200.0002	0.0257454
200.0002	0.0230001
200.0002	0.0395621
200.0002	-0.0340641
200.0002	0.0440027
200.0002	-0.0176804
200.0002	-0.0942479
200.0002	-0.0298425
200.0002	-0.00220665
200.0002	0.0280773
200.0002	-0.00118446
200.0002	0.00796454
200.0002	-0.00745166
200.0002	0.00559247
200.0002	-0.017007
200.0002	0.046869
200.0002	0.0380257
200.0002	0.0202474
200.0002	-0.0523723
200.0002	-0.00458922
200.0002	-0.0226704
200.0002	-0.0204291
200.0002	-0.0431288
200.0002	0.00942607
200.0002	0.0693035
200.0002	0.0424984
200.0002	0.00473651
200.0002	-0.0595887
200.0002	-0.00493794
200.0002	0.00481535
200.0002	0.0423945
200.0002	0.0570077
200.0002	-0.0442968
200.0002	-0.0235928
200.0002	-0.0217588
200.0002	0.0289185
200.0002	-0.0754194
200.0002	0.044384
200.0002	-0.0145675
200.0002	-0.0176026
200.0002	-0.0263341
200.0002	-0.0123948
200.0002	0.0347111
200.0002	-0.0295028
200.0002	0.0340969
200.0002	-0.00305886
200.0002	-0.0449427
200.0002	0.0305042
200.0002	-0.0227317
200.0002	-0.00417522
200.0002	0.0417239
200.0002	0.012042
200.0002	-0.00453231
200.0002	0.0141373
200.0002	0.0107377
200.0002	-0.0107248
200.0002	0.0431835
200.0002	0.00428743
200.0002	-0.0154446
200.0002	-0.0300555
200.0002	-0.0471626
200.0002	-0.002595
200.0002	-0.0638378
200.0002	-0.0165043
200.0002	-0.0532507
200.0002	0.00568438
200.0002	0.0376248
200.0002	0.00208992
200.0002	0.00422322
200.0002	-0.0462176
200.0002	-0.0100582
200.0002	0.0573496
200.0002	0.0524121
200.0002	-0.0649092
200.0002	-0.0267389
200.0002	0.0366627
200.0002	-0.0291218
200.0002	0.0313545
200.0002	0.0131554
200.0002	-0.0887268
200.0002	0.0537583
200.0002	0.0538623
200.0002	-0.00161863
200.0002	-0.0383407
200.0002	0.0309201
200.0002	-0.0324976
200.0002	-0.0161454
200.0002	0.048145
200.0002	-0.0272316
200.0002	0.00740528
200.0002	-0.0256257
200.0002	-0.0180912
200.0002	-0.0315845
200.0002	0.0548783
200.0002	0.0461384
200.0002	-0.017062
200.0002	-0.0498196
200.0002	-0.00498801
200.0002	0.0608999
200.0002	-0.00208809
200.0002	-0.0308217
200.0002	0.00435336
200.0002	0.0380114
200.0002	-0.0371868
200.0002	-0.0627603
200.0002	-3.24802e-05
200.0002	0.0345338
200.0002	0.068969
200.0002	0.05895
200.0002	-0.0743407
200.0002	-0.00984927
200.0002	-0.00983884
200.0002	-0.0133084
200.0002	-0.028866
200.0002	-0.000197299
200.0002	0.0420609
200.0002	0.0115625
200.0002	-0.0405183
200.0002	0.0177669
200.0002	0.0158508
200.0002	-0.0301239
200.0002	-0.0101748
200.0002	-0.0586202
200.0002	0.0847541
200.0002	-0.041524
200.0002	0.0642167
200.0002	0.0106014
200.0002	-0.020268
200.0002	0.00586372
200.0002	-0.03388
200.0002	0.0483769
200.0002	-0.0210953
200.0002	-0.0409648
200.0002	0.00601659
200.0002	-0.0449801
200.0002	0.0171294
200.0002	0.0608644
200.0002	0.025603
200.0002	0.0272746
200.0002	-0.0715436
200.0002	-0.0456775
200.0002	0.0270561
200.0002	0.0251432
200.0002	-0.0215534
200.0002	0.0708324
200.0002	-0.022318
200.0002	-0.0225898
200.0002	0.0118262
200.0002	0.0381362
200.0002	-0.0418385
200.0002	-0.0412331
200.0002	0.0415947
200.0002	0.0375425
200.0002	0.0337786
200.0002	0.0612659
200.0002	0.00327696
200.0002	-0.0195921
200.0002	-0.035968
200.0002	-0.0801215
200.0002	0.027928
200.0002	-0.0436502
200.0002	-0.0674433
200.0002	0.0808307
200.0002	-0.0213354
200.0002	0.0333783
200.0002	0.0361698
200.0002	-0.02997
200.0002	0.00545515
200.0002	0.0125912
200.0002	0.00235383
200.0002	0.0228471
200.0002	0.0271425
200.0002	-0.0915837
200.0002	0.089785
200.0002	-0.0542239
200.0002	-0.0453536
200.0002	-0.00579237
200.0002	0.0522119
200.0002	0.0147566
200.0002	-0.0274804
200.0002	0.0283667
200.0002	-0.060876
200.0002	-0.0174293
200.0002	-0.0371753
200.0002	-0.00380812
200.0002	0.0375076
200.0002	-0.00489909
200.0002	-0.0841203
200.0002	0.0168982
200.0002	0.0539871
200.0002	0.0373612
200.0002	-0.0145817
200.0002	-0.0479411
200.0002	0.0659268
200.0002	0.0174593
200.0002	-0.0117512
200.0002	0.0257851
200.0002	0.0536048
200.0002	-0.045871
200.0002	-0.00631198
200.0002	-0.0498025
200.0002	-0.06612
200.0002	0.041155
200.0002	-0.0297572
200.0002	0.0437547
200.0002	0.0247187
200.0002	0.0172423
200.0002	-0.0414265
200.0002	-0.0105808
200.0002	-0.0253362
200.0002	0.0633391
200.0002	0.000868573
200.0002	-0.0269576
200.0002	-0.00259169
200.0002	0.0344758
200.0002	0.0319477
200.0002	-0.0529174
200.0002	0.0537272
200.0002	-0.0331177
200.0002	-0.0214738
200.0002	0.112407
200.0002	-0.0816828
200.0002	0.0346206
200.0002	0.0129339
200.0002	-0.0514155
200.0002	-0.0100145
200.0002	0.0354268
200.0002	0.0194282
200.0002	0.0101466
200.0002	0.0540158
200.0002	-0.0628049
200.0002	-0.0265989
200.0002	-0.00979629
200.0002	-0.0799012
200.0002	0.0251756
200.0002	0.039743
200.0002	0.00637309
200.0002	-0.00287488
200.0002	-0.0217749
200.0002	0.0469972
200.0002	0.00403369
200.0002	-0.07812
200.0002	-0.0423006
200.0002	-0.00229026
200.0002	0.0604342
200.0002	-0.00762126
200.0002	-0.00901077
200.0002	0.0564484
200.0002	0.00459281
200.0002	-0.0244406
200.0002	-0.0494934
200.0002	0.0281384
200.0002	0.00575142
200.0002	0.0293164
200.0002	-0.00280542
200.0002	0.0354366
200.0002	-0.0066562
200.0002	-0.0562051
200.0002	0.0218235
200.0002	-0.0398847
200.0002	0.00992532
200.0002	-0.0176874
200.0002	0.030084
200.0002	0.0579859
200.0002	-0.0106036
200.0002	-0.0474518
200.0002	0.0652641
200.0002	-0.034344
200.0002	0.00600947
200.0002	0.00211244
200.0002	0.0333503
200.0002	-0.0202573
200.0002	-0.0597434
200.0002	-0.00954078
200.0002	-0.0468542
200.0002	0.000346496
200.0002	0.0521923
200.0002	0.0300616
200.0002	-0.0189147
200.0002	0.0394624
200.0002	-0.0122871
200.0002	0.00460384
200.0002	-0.0184666
200.0002	-0.00906855
200.0002	0.0235081
200.0002	-0.0713
200.0002	0.0201834
200.0002	0.0315687
200.0002	0.0743738
200.0002	0.071697
200.0002	-0.00056993
200.0002	-0.0656891
200.0002	-0.0326725
200.0002	-0.0267175
200.0002	-0.0458741
200.0002	0.0106543
200.0002	-0.0183604
200.0002	-0.0198886
200.0002	-0.0178657
200.0002	0.0290118
200.0002	0.0588605
200.0002	-0.0323217
200.0002	0.00824507
200.0002	0.0116555
200.0002	0.0704965
200.0002	-0.0435953
200.0002	-0.0400055
200.0002	-0.00634157
200.0002	0.0837208
200.0002	0.0611015
200.0002	-0.0350013
200.0002	-0.0803906
200.0002	0.0216185
200.0002	-0.0580762
200.0002	0.114685
200.0002	-0.00217944
200.0002	-0.0930799
200.0002	-0.0229893
200.0002	-0.0943475
200.0002	0.00401935
200.0002	0.0135215
200.0002	-0.0133866
200.0002	0.100244
200.0002	0.0485147
200.0002	-0.0577115
200.0002	0.097382
200.0002	-0.0964656
200.0002	-0.0131453
200.0002	0.0469764
200.0002	0.0144345
200.0002	0.0232763
200.0002	0.024819
200.0002	-0.0133093
200.0002	0.047546
200.0002	-0.0162382
200.0002	0.00990276
200.0002	-0.0255863
200.0002	-0.11845
200.0002	0.074586
200.0002	-0.0528035
200.0002	-0.0274807
200.0002	0.0205654
200.0002	0.0466816
200.0002	-0.0126931
200.0002	-0.0362624
200.0002	-0.117725
200.0002	0.0625787
200.0002	-0.0421476
200.0002	0.000383126
200.0002	0.0217144
200.0002	0.0339829
200.0002	0.0047562
200.0002	0.0273492
200.0002	0.0552084
200.0002	-0.0360481
200.0002	0.0582888
200.0002	0.0229003
200.0002	0.0392872
200.0002	-0.0646975
200.0002	-0.0345059
200.0002	0.00516903
200.0002	-0.0543534
200.0002	0.0707391
200.0002	0.0338146
200.0002	-0.0515327
200.0002	-0.0561236
200.0002	0.0217361
200.0002	0.0904082
200.0002	-0.0761586
200.0002	0.0457974
200.0002	-0.0152037
200.0002	0.0288964
200.0002	-0.0644985
200.0002	-0.0392005
200.0002	-0.0439497
200.0002	0.0889487
200.0002	0.054117
200.0002	0.048771
200.0002	-0.0182257
200.0002	0.0735127
200.0002	-0.021072
200.0002	-0.0585167
200.0002	0.0138491
200.0002	-0.111142
200.0002	0.00524952
200.0002	-0.0111536
200.0002	0.0195332
200.0002	0.04808
200.0002	-0.021679
200.0002	0.00914944
200.0002	0.0198335
200.0002	-0.0297806
200.0002	-0.0230524
200.0002	-0.073668
200.0002	0.0747753
200.0002	0.0544121
200.0002	-0.0259863
200.0002	-0.0093528
200.0002	-0.0507062
200.0002	-0.00897212
200.0002	0.0498614
200.0002	0.0301589
200.0002	-0.0420781
200.0002	0.0290152
200.0002	0.0155352
200.0002	0.0248549
200.0002	0.0305604
200.0002	-0.0621645
200.0002	0.0681338
200.0002	-0.0516092
200.0002	-0.0598711
200.0002	-0.00204164
200.0002	0.00196825
200.0002	0.0393576
200.0002	-0.0212203
200.0002	-0.03053
200.0002	-0.00704376
200.0002	0.0118798
200.0002	0.040125
200.0002	-0.0282792
200.0002	-0.0225451
200.0002	0.0343497
200.0002	0.036056
200.0002	0.025684
200.0002	-0.00262391
200.0002	-0.0207879
200.0002	0.00797579
200.0002	0.0585411
200.0002	-0.047039
200.0002	-0.045893
200.0002	-0.00746236
200.0002	0.00854407
200.0002	0.0644737
200.0002	-0.0548936
200.0002	-0.0107975
200.0002	0.0452434
200.0002	-0.0204466
200.0002	-0.0152028
200.0002	-0.0160751
200.0002	0.00371223
200.0002	0.00415789
200.0002	-0.00877208
200.0002	0.0323741
200.0002	-0.025511
200.0002	0.0432209
200.0002	-0.0394185
200.0002	0.0287031
200.0002	-0.025375
200.0002	-0.0224013
200.0002	0.030889
200.0002	-0.0415641
200.0002	-0.0232314
200.0002	-0.0601462
200.0002	0.0861994
200.0002	0.0224358
200.0002	-0.0316558
200.0002	0.0857878
200.0002	-0.0889664
200.0002	-0.00211562
200.0002	0.0121982
200.0002	0.0526256
200.0002	-0.00447681
200.0002	0.0665669
200.0002	-0.0629547
200.0002	0.024207
200.0002	-0.0244048
200.0002	-0.0281201
200.0002	-0.0037206
200.0002	-0.0156343
200.0002	0.01153
200.0002	-0.0314298
200.0002	0.0878009
200.0002	-0.0264879
200.0002	-0.0842556
200.0002	0.0469763
200.0002	0.00354401
200.0002	-0.0224956
200.0002	0.0229021
200.0002	0.0464074
200.0002	0.00810788
200.0002	-0.00175397
200.0002	-0.0255898
200.0002	-0.0148513
200.0002	0.000697228
200.0002	0.0433788
200.0002	-0.0396599
200.0002	-0.0175587
200.0002	0.0885361
200.0002	-0.00137814
200.0002	-0.0207162
200.0002	-0.0778219
200.0002	0.00456169
200.0002	0.0056978
200.0002	-0.0149503
200.0002	-0.00519637
200.0002	-0.026208
200.0002	-0.0251773
200.0002	0.021428
200.0002	0.031582
200.0002	-0.0111949
200.0002	-0.00273546
200.0002	0.0334491
200.0002	0.0177786
200.0002	-0.00827229
200.0002	0.0175899
200.0002	0.0134691
200.0002	0.0136423
200.0002	0.00130251
200.0002	-0.036049
200.0002	0.00848982
200.0002	0.036465
200.0002	-0.0963732
200.0002	-0.0236032
200.0002	0.0283461
200.0002	-0.00101029
200.0002	0.0258066
200.0002	0.0119277
200.0002	-0.000500475
200.0002	-0.0442157
200.0002	0.0446167
200.0002	0.0176548
200.0002	-0.0105305
200.0002	-0.0349283
200.0002	0.0243205
200.0002	-0.00758186
200.0002	-0.00296751
200.0002	-0.0193953
200.0002	-0.0759384
200.0002	0.0529018
200.0002	0.0472343
200.0002	0.0109044
200.0002	0.0173696
200.0002	-0.0207496
200.0002	-0.0111365
200.0002	-0.0438
200.0002	-0.00985568
200.0002	0.0476283
200.0002	0.0258276
200.0002	-0.0298778
200.0002	-0.0366766
200.0002	0.0476909
200.0002	0.0799066
200.0002	-0.0225587
200.0002	-0.0261804
200.0002	0.013552
200.0002	-0.0213754
200.0002	0.0629892
200.0002	0.000934863
200.0002	-0.0354603
200.0002	-0.0492721
200.0002	0.00401631
200.0002	0.0238403
200.0002	-0.0444861
200.0002	0.00930346
200.0002	0.0975513
200.0002	0.0236251
200.0002	-0.0913201
200.0002	0.00678266
200.0002	0.0353533
200.0002	-0.0043754
200.0002	-0.0265605
200.0002	-0.0182166
200.0002	0.00532988
200.0002	-0.0231229
200.0002	0.0474246
200.0002	-0.0590198
200.0002	0.00797855
200.0002	-0.0106072
200.0002	0.00502816
200.0002	0.0170462
200.0002	-0.0183102
200.0002	0.0315461
200.0002	-0.0389117
200.0002	-0.0014938
200.0002	-0.00018374
200.0002	-0.00673067
200.0002	0.0394614
200.0002	0.00366904
200.0002	-0.00670957
200.0002	0.0212257
200.0002	0.0192806
200.0002	-0.0173569
200.0002	-0.00464706
200.0002	0.019722
200.0002	-0.00941235
200.0002	-0.0176535
200.0002	-0.00122975
200.0002	-0.0393736
200.0002	-0.00339735
200.0002	0.0318171
200.0002	0.0180319
200.0002	0.0164462
200.0002	0.0182987
200.0002	-0.0577849
200.0002	0.0114398
200.0002	-0.0253176
200.0002	-0.0388561
200.0002	0.0182739
200.0002	0.0260058
200.0002	0.0195398
200.0002	0.0282029
200.0002	-0.0159019
200.0002	-0.0075071
200.0002	-0.00688001
200.0002	-0.019299
200.0002	0.0384343
200.0002	0.00668327
200.0002	-0.0303299
200.0002	0.0720622
200.0002	0.00941615
200.0002	-0.0254793
200.0002	0.073973
200.0002	-0.0802939
200.0002	-0.0359098
200.0002	0.0186164
200.0002	-0.0222421
200.0002	0.000822488
200.0002	0.0408837
200.0002	-0.0404566
200.0002	-0.00162437
200.0002	0.0532189
200.0002	-0.00854589
200.0002	-0.0400119
200.0002	-0.036715
200.0002	0.00847176
200.0002	-0.0102053
200.0002	-0.0300438
200.0002	0.0735053
200.0002	0.0142373
200.0002	0.0451674
200.0002	-0.0338608
200.0002	-0.0169916
200.0002	-0.0259666
200.0002	0.0214033
200.0002	0.0218427
200.0002	-0.0244642
200.0002	0.0306383
200.0002	-0.0232252
200.0002	0.0310297
200.0002	0.0149565
200.0002	-0.0285501
200.0002	-0.00364635
200.0002	-0.0636565
200.0002	0.0239685
200.0002	-0.0325168
200.0002	0.0245094
200.0002	-0.0573291
200.0002	0.0290216
200.0002	0.0178048
200.0002	0.00669678
200.0002	-0.0185488
200.0002	0.076035
200.0002	-0.0571941
200.0002	-0.0290397
200.0002	-0.00390336
200.0002	0.0366767
200.0002	0.034827
200.0002	-0.0317426
200.0002	-0.00433685
200.0002	0.0631056
200.0002	0.0115946
200.0002	0.0132656
200.0002	-0.0329507
200.0002	0.00486615
200.0002	-0.00625756
200.0002	-0.0198801
200.0002	-0.00433631
200.0002	0.00537763
200.0002	-0.00528503
200.0002	-0.0294726
200.0002	0.0143751
200.0002	0.0185953
200.0002	-0.00768288
200.0002	0.0291562
200.0002	0.0132454
200.0002	-0.00333084
200.0002	-0.0095961
200.0002	-0.00800935
200.0002	-0.00924555
200.0002	-0.0196617
200.0002	0.0168908
200.0002	-0.0129306
200.0002	-0.013281
200.0002	-0.00442234
200.0002	0.0270188
200.0002	-0.0036337
200.0002	0.00253145
200.0002	0.0111553
200.0002	0.0236791
200.0002	0.00657826
200.0002	7.16152e-07
200.0002	-0.00559283
200.0002	0.00719153
200.0002	-0.0188008
200.0002	-0.000992507
200.0002	-0.000131543
200.0002	-0.000728689
200.0002	0.00249985
200.0002	0.0163582
200.0002	0.0126756
200.0002	-0.0103834
200.0002	0.01877
200.0002	-0.00712409
200.0002	-0.00592387
200.0002	0.0298279
200.0002	-0.00316181
200.0002	-0.0121393
200.0002	0.0216559
200.0002	0.00904133
200.0002	0.0103106
200.0002	0.000328586
200.0002	-0.00768452
200.0002	-0.00607067
200.0002	-0.00670916
200.0002	-0.0307413
200.0002	-0.00209583
200.0002	-0.0110534
200.0002	0.00168953
200.0002	-0.00594593
200.0002	-0.00136355
200.0002	-0.0103855
200.0002	0.0176135
200.0002	0.000685131
200.0002	-0.00476163
200.0002	-0.00493144
200.0002	-0.00799241
200.0002	0.01356
200.0002	-0.0127074
200.0002	0.00528566
200.0002	-0.0210512
200.0002	-0.0160277
200.0002	-0.00867546
200.0002	0.0129505
200.0002	-0.00263065
200.0002	0.0142674
200.0002	-0.00883396
200.0002	0.00810073
200.0002	-0.0149677
200.0002	-0.00306901
200.0002	0.00442703
200.0002	-0.0208241
200.0002	0.00371603
200.0002	0.0170323
200.0002	-0.0126331
200.0002	0.00640269
200.0002	0.00347644
200.0002	0.00125168
200.0002	0.0101058
200.0002	0.00609934
200.0002	-0.00190367
200.0002	0.00659772
200.0002	0.0196671
200.0002	0.00914407
200.0002	-0.00117778
200.0002	0.00239533
200.0002	0.0146544
200.0002	0.00603648
200.0002	0.00610246
200.0002	0.00242635
200.0002	-0.00197642
200.0002	-0.0103989
200.0002	0.0011003
200.0002	0.0157718
200.0002	0.0025886
200.0002	-0.00213918
200.0002	0.0100241
200.0002	0.00524613
200.0002	0.000568813
200.0002	-0.00311805
200.0002	0.000877801
200.0002	-0.00164433
200.0002	-0.00120467
200.0002	0.00662604
200.0002	-0.00278914
200.0002	-0.000707004
200.0002	0.000784491
200.0002	0.00294261
200.0002	-0.00247244
200.0002	-0.00608903
200.0002	0.0126759
200.0002	-0.00450793
200.0002	0.000554671
200.0002	0.000678215
200.0002	0.00380995
200.0002	0.00113629
200.0002	-0.00648989
200.0002	-0.00690541
200.0002	-0.00589307
200.0002	-0.0028963
200.0002	0.00445129
200.0002	-0.0103413
200.0002	-0.00108837
200.0002	-0.000612816
200.0002	0.00208784
200.0002	-0.00878083
200.0002	0.003746
200.0002	-1.82749e-05
200.0002	-0.00217797
200.0002	0.00153216
200.0002	0.00986414
200.0002	0.0019292
200.0002	-0.00374098
200.0002	0.00365131
200.0002	0.00190977
200.0002	0.00353858
200.0002	-0.00257526
200.0002	-0.0058052
200.0002	-5.58793e-06
200.0002	0.00273591
200.0002	0.0059108
200.0002	-0.0077363
200.0002	0.00386264
200.0002	-0.00252193
200.0002	0.00563923
200.0002	0.00185833
200.0002	-0.00493388
200.0002	-0.00185425
200.0002	0.00121652
200.0002	0.00324931
200.0002	-0.000968358
200.0002	-0.00415247
200.0002	0.00463022
200.0002	0.000210484
200.0002	0.00695279
200.0002	-0.00815331
200.0002	-0.0120907
200.0002	0.000506884
200.0002	-0.00196761
200.0002	0.00231327
200.0002	0.0039826
200.0002	-0.000993328
200.0002	0.00532118
200.0002	-0.00526467
200.0002	0.000880185
200.0002	-0.0118919
200.0002	-0.000443714
200.0002	0.00295455
200.0002	-0.00139797
200.0002	-0.00221305
200.0002	-0.00854567
200.0002	-0.00526829
200.0002	0.00183004
200.0002	0.00350666
200.0002	-0.00649471
200.0002	-0.00275541
200.0002	8.43154e-05
200.0002	0.00028014
200.0002	0.00096076
200.0002	0.00184604
200.0002	-0.00597231
200.0002	0.00699027
200.0002	0.00118336
200.0002	-0.00608475
200.0002	-0.00604823
200.0002	0.00662245
200.0002	-0.00272435
200.0002	-0.00759827
200.0002	-0.00335421
200.0002	-0.000589049
200.0002	-0.0112355
200.0002	-0.000545103
200.0002	0.00187948
200.0002	-0.00249098
200.0002	-0.00777915
200.0002	0.015034
200.0002	-0.00333526
200.0002	-0.00683468
200.0002	-0.0103714
200.0002	-0.00227032
200.0002	0.00228172
200.0002	0.00727854
200.0002	0.00231432
200.0002	-0.00634881
200.0002	-3.94038e-05
200.0002	0.00992173
200.0002	-0.0119749
200.0002	-0.000617019
200.0002	0.00738208
200.0002	-0.00493453
200.0002	0.00487895
200.0002	-0.000874627
200.0002	-0.00105537
200.0002	0.00195725
200.0002	0.00169713
200.0002	-0.00184624
200.0002	-0.0051744
200.0002	5.97238e-05
200.0002	-0.00514444
200.0002	0.000221294
200.0002	0.0025112
200.0002	-0.00807963
200.0002	0.00531914
200.0002	-0.0120798
200.0002	-0.00136486
200.0002	-0.00145268
200.0002	0.00907913
200.0002	-0.0101402
200.0002	-0.00648892
200.0002	-0.00105905
200.0002	-0.00219019
200.0002	-0.00288328
200.0002	0.00445876
200.0002	-0.0185462
200.0002	0.00663184
200.0002	0.0018378
200.0002	0.000407973
200.0002	-0.0143303
200.0002	-0.00172975
200.0002	-0.00447534
200.0002	0.00498394
200.0002	-0.00449805
200.0002	-0.00557694
200.0002	-0.000188142
200.0002	-0.00426962
200.0002	-0.00343339
200.0002	-4.74877e-05
200.0002	-0.00600815
200.0002	-0.0104907
200.0002	0.00666728
200.0002	-0.0121297
200.0002	-0.00697085
200.0002	0.00325792
200.0002	-0.00438608
200.0002	-0.00451536
200.0002	0.0131305
200.0002	-0.00339439
200.0002	-0.00520007
200.0002	-0.00013709
200.0002	-0.015362
200.0002	0.00495112
200.0002	0.0111843
200.0002	0.010889
200.0002	0.00427953
200.0002	-0.00584035
200.0002	0.020812
200.0002	-0.00690921
200.0002	0.0014196
200.0002	-0.0141401
200.0002	-0.00823271
200.0002	0.0134852
200.0002	-0.0181961
200.0002	-0.00515692
200.0002	-0.0147395
200.0002	-0.00856054
200.0002	0.00700014
200.0002	-0.00261382
200.0002	-0.00238972
200.0002	-0.00503886
200.0002	-0.0184409
200.0002	0.00511986
200.0002	0.00843507
200.0002	-0.0131988
200.0002	0.00524208
200.0002	-0.00411889
200.0002	-0.037612
200.0002	-0.00378622
200.0002	-0.0116825
200.0002	0.00429852
200.0002	0.00723871
200.0002	-0.0144019
200.0002	0.00401765
200.0002	0.00238849
200.0002	-0.00724774
200.0002	-0.0265106
200.0002	-0.00454301
200.0002	-0.00288879
200.0002	-0.0031304
200.0002	-0.0111386
200.0002	-0.00888208
200.0002	0.00235919
200.0002	0.0301962
200.0002	-0.00511377
200.0002	-8.13866e-05
200.0002	-0.00302942
200.0002	0.00977586
200.0002	-0.0169886
200.0002	0.0105047
200.0002	0.0125594
200.0002	0.0108539
200.0002	0.000932571
200.0002	-0.0209208
200.0002	-0.0116938
200.0002	0.00418448
200.0002	0.0224439
200.0002	-0.00504161
200.0002	0.00047792
200.0002	-0.0120437
200.0002	0.00428821
200.0002	0.00263663
200.0002	-0.00526524
200.0002	-0.0120292
200.0002	-0.00412791
200.0002	0.00234624
200.0002	-0.0180359
200.0002	0.0123909
200.0002	0.0116679
200.0002	0.0143404
200.0002	-0.00428806
200.0002	0.00295154
200.0002	-0.00839415
200.0002	-0.00793304
200.0002	0.0152761
200.0002	-0.0162019
200.0002	0.0169926
200.0002	-0.0164945
200.0002	-0.00366603
200.0002	0.00457276
200.0002	-0.0085219
200.0002	-0.00707073
200.0002	-0.0167683
200.0002	-0.0180999
200.0002	-0.0182947
200.0002	0.00381152
200.0002	-0.0123059
200.0002	0.0109774
200.0002	-0.0105367
200.0002	-0.0148029
200.0002	0.00758987
200.0002	-0.00796845
200.0002	-0.000545244
200.0002	-0.01041
200.0002	0.00192359
200.0002	-0.0180696
200.0002	0.0136669
200.0002	0.0154624
200.0002	-0.0181645
200.0002	0.00851067
200.0002	-0.0140638
200.0002	-0.0061671
200.0002	-0.0153433
200.0002	-0.00964923
200.0002	-0.00138295
200.0002	0.00667359
200.0002	-0.0199102
200.0002	-0.000737159
200.0002	0.00178586
200.0002	0.00147659
200.0002	0.00628194
200.0002	-0.00901525
200.0002	0.00241794
200.0002	-0.000893576
200.0002	-0.00623027
200.0002	0.00611291
200.0002	0.0130072
200.0002	0.0138207
200.0002	0.000213273
200.0002	0.0079324
200.0002	-0.000879375
200.0002	0.00379754
200.0002	0.000850961
200.0002	0.00877863
200.0002	-0.0172217
200.0002	-0.000875619
200.0002	0.00680323
200.0002	0.00311393
200.0002	0.0217203
200.0002	-0.0214376
200.0002	-0.0155729
200.0002	0.00622233
200.0002	-0.0239732
200.0002	0.000596601
200.0002	-0.0276094
200.0002	-0.00954981
200.0002	0.00688628
200.0002	0.0216163
200.0002	0.00746117
200.0002	-0.00233647
200.0002	0.00493746
200.0002	-0.0105211
200.0002	-0.0175287
200.0002	-0.00437429
200.0002	0.00465302
200.0002	-0.0262844
200.0002	0.00705183
200.0002	-0.0030599
200.0002	-0.0143275
200.0002	-0.00255366
200.0002	0.00681751
200.0002	-0.0164162
200.0002	-0.00499757
200.0002	0.00816582
200.0002	-0.00632708
200.0002	0.023776
200.0002	0.00230228
200.0002	-0.018288
200.0002	-0.0160763
200.0002	-0.0214723
200.0002	-0.0213577
200.0002	-0.0229575
200.0002	0.00110081
200.0002	-0.00136892
200.0002	0.011838
200.0002	-0.00779765
200.0002	-0.00502671
200.0002	0.000130353
200.0002	-0.00155992
200.0002	-0.0060768
200.0002	0.00367474
200.0002	-0.00459571
200.0002	0.0107474
200.0002	-0.0118086
200.0002	0.0103523
200.0002	-0.0224319
200.0002	-0.0020917
200.0002	0.0162469
200.0002	0.00962907
200.0002	-0.000995396
200.0002	-0.000948296
200.0002	0.0113073
200.0002	0.00542139
200.0002	-0.0188921
200.0002	-0.0231461
200.0002	0.00903267
200.0002	-0.00362202
200.0002	0.00704877
200.0002	-0.00187186
200.0002	-0.00023836
200.0002	-0.00544125
200.0002	-0.00292125
200.0002	-0.0068926
200.0002	-0.0144467
200.0002	-0.00684726
200.0002	0.00489437
200.0002	0.00446753
200.0002	-0.0104689
200.0002	0.00680721
200.0002	0.0184348
200.0002	0.00127818
200.0002	-0.00474197
200.0002	0.00982223
200.0002	-0.0108424
200.0002	0.0305809
200.0002	-0.00652236
200.0002	-0.0274183
200.0002	-0.0057497
200.0002	-0.00366849
200.0002	0.0119951
200.0002	-0.00744118
200.0002	-0.00988035
200.0002	-0.0147512
200.0002	0.0132923
200.0002	0.00531255
200.0002	-6.2715e-05
200.0002	0.0108917
200.0002	0.00879158
200.0002	0.0118712
200.0002	-0.0158088
200.0002	-0.00491111
200.0002	-0.0263538
200.0002	0.0121637
200.0002	-0.0058545
200.0002	0.0174062
200.0002	-0.00885846
200.0002	0.0138305
200.0002	0.0200163
200.0002	0.00818897
200.0002	0.0195246
200.0002	-0.0165092
200.0002	0.00843062
200.0002	-0.034215
200.0002	0.00646497
200.0002	0.00750303
200.0002	0.00546191
200.0002	-0.00831021
200.0002	-0.00933891
200.0002	0.0112021
200.0002	0.0249314
200.0002	0.0137958
200.0002	-0.00421624
200.0002	0.0113201
200.0002	0.0160677
200.0002	0.029711
200.0002	0.00160518
200.0002	-0.00740588
200.0002	-0.00133549
200.0002	0.00102761
200.0002	-0.0113721
200.0002	-0.0178378
200.0002	0.00343975
200.0002	3.96571e-05
200.0002	0.0167517
200.0002	0.00803632
200.0002	0.0093606
200.0002	0.000352134
200.0002	-0.0146499
200.0002	-0.00659676
200.0002	-0.0241716
200.0002	-0.00937602
200.0002	0.00730013
200.0002	0.00107078
200.0002	-0.0101505
200.0002	-0.0102842
200.0002	-0.00466282
200.0002	-0.0272317
200.0002	-0.0143425
200.0002	-0.00357654
200.0002	0.0161229
200.0002	-0.0176156
200.0002	-0.00696827
200.0002	4.5306e-05
200.0002	0.00485054
200.0002	-0.00671101
200.0002	-0.00335292
200.0002	-0.00314452
200.0002	0.00579041
200.0002	0.0109079
200.0002	0.00580992
200.0002	-0.0115829
200.0002	-0.00350602
200.0002	0.00269259
200.0002	0.00135123
200.0002	-0.00208637
200.0002	0.0058867
200.0002	0.0141507
200.0002	-0.00451616
200.0002	0.00406515
200.0002	-0.00792693
200.0002	-0.00497832
200.0002	-0.00255505
200.0002	-0.0147824
200.0002	-0.0131915
200.0002	0.00238756
200.0002	-0.0154758
200.0002	-0.0151872
200.0002	0.00313471
200.0002	0.0079029
200.0002	-0.00671459
200.0002	-0.00759439
200.0002	0.0109173
200.0002	0.0281438
200.0002	0.00971884
200.0002	-0.00984794
200.0002	0.00645826
200.0002	0.00154288
200.0002	0.00874575
200.0002	0.00201908
200.0002	0.0152727
200.0002	-0.000758082
200.0002	0.0111909
200.0002	-0.0183198
200.0002	-0.00840124
200.0002	0.00461843
200.0002	-0.00709036
200.0002	-0.00365838
200.0002	-0.00933721
200.0002	0.00234143
200.0002	0.00588451
200.0002	-0.0100137
200.0002	0.00088762
200.0002	0.00404111
200.0002	-0.00310278
200.0002	-0.0118906
200.0002	-0.00858573
200.0002	-0.013294
200.0002	0.00304283
200.0002	0.0133808
200.0002	0.0119486
200.0002	0.00277567
200.0002	0.000299666
200.0002	-0.007447
200.0002	0.00859898
200.0002	0.0283848
200.0002	-0.0238637
200.0002	0.0183896
200.0002	-0.00102285
200.0002	-0.00190846
200.0002	0.0195059
200.0002	0.0327322
200.0002	0.00225139
200.0002	0.0114352
200.0002	-0.0140439
200.0002	-0.0158217
200.0002	0.000364746
200.0002	-0.0159364
200.0002	-0.0133188
200.0002	-0.00953865
200.0002	0.00573481
200.0002	-0.0180916
200.0002	0.00811559
200.0002	-0.000506024
200.0002	0.000800337
200.0002	-0.00798006
200.0002	-0.00206864
200.0002	0.00377242
200.0002	0.0278245
200.0002	-0.0160945
200.0002	0.00190566
200.0002	-0.0202894
200.0002	-0.00903536
200.0002	0.00581436
200.0002	-0.0166725
200.0002	0.00754751
200.0002	0.00524195
200.0002	0.00537919
200.0002	0.0010023
200.0002	0.00660897
200.0002	0.00678604
200.0002	-0.0035381
200.0002	-0.0026094
200.0002	0.00540498
200.0002	-0.0196802
200.0002	0.00845821
200.0002	0.0146532
200.0002	0.0104875
200.0002	0.00528739
200.0002	0.0110491
200.0002	-0.010023
200.0002	-0.0152219
200.0002	0.00815137
200.0002	0.0135316
200.0002	-0.00101658
200.0002	-0.000401076
200.0002	-0.022303
200.0002	0.00347851
200.0002	-0.00176474
200.0002	0.000576081
200.0002	-0.0110248
200.0002	-0.00413787
200.0002	0.00215997
200.0002	0.00363084
200.0002	0.00969028
200.0002	-0.00636428
200.0002	0.0017127
200.0002	-0.0202035
200.0002	-0.0191277
200.0002	-0.00297933
200.0002	-0.00765301
200.0002	0.000232643
200.0002	0.000850722
200.0002	-0.000903583
200.0002	-0.000695832
200.0002	0.000708275
200.0002	-0.00401822
200.0002	-0.00163916
200.0002	-0.00388714
200.0002	-0.000746619
200.0002	-0.0147871
200.0002	-0.00982935
200.0002	0.00156848
200.0002	-0.000181093
200.0002	0.0142953
200.0002	-0.00340686
200.0002	0.00225099
200.0002	0.0065947
200.0002	0.00103707
200.0002	-0.014376
200.0002	0.00544372
200.0002	0.00102344
200.0002	0.00733957
200.0002	-0.00630952
200.0002	-0.000306729
200.0002	0.000996653
200.0002	-0.00200215
200.0002	-0.00536054
200.0002	0.0104857
200.0002	-0.00805281
200.0002	-1.15914e-05
200.0002	0.0108723
200.0002	0.014652
200.0002	0.00223036
200.0002	0.00152692
200.0002	-0.00895549
200.0002	-0.00322277
200.0002	-0.00808223
200.0002	0.0114105
200.0002	-0.00627108
200.0002	0.00108402
200.0002	-0.00675804
200.0002	-0.00446514
200.0002	0.00294738
200.0002	-0.00377527
200.0002	0.000990628
200.0002	-0.0093039
200.0002	-0.00143324
200.0002	0.00346587
200.0002	-0.00137077
200.0002	0.000613317
200.0002	0.00620529
200.0002	0.00200576
200.0002	-0.00370619
200.0002	0.00552752
200.0002	0.00120963
200.0002	-0.0044938
200.0002	-0.00370567
200.0002	0.00122549
200.0002	0.00912815
200.0002	-0.000746255
200.0002	-0.00364959
200.0002	0.00839518
200.0002	0.00242998
200.0002	-0.00825044
200.0002	0.00215276
200.0002	-0.0149673
200.0002	-0.00310472
200.0002	-0.00477382
200.0002	0.00643237
200.0002	-0.00442688
200.0002	0.00433315
200.0002	-0.0118756
200.0002	-0.00444161
200.0002	0.00028324
200.0002	-0.00600867
200.0002	0.0114106
200.0002	-0.0054585
200.0002	-0.00323863
200.0002	0.0102974
200.0002	-0.00524578
200.0002	-0.000476235
200.0002	0.00505658
200.0002	0.00107891
200.0002	0.000523112
200.0002	-0.00107604
200.0002	-0.000161719
200.0002	-0.00014008
200.0002	-0.00459824
200.0002	0.0016607
200.0002	-0.00516142
200.0002	0.000438016
200.0002	-0.00335016
200.0002	0.00687447
200.0002	-0.0112911
200.0002	-0.00645355
200.0002	0.00328112
200.0002	-0.00112503
200.0002	0.00821469
200.0002	-0.00635348
200.0002	0.000727591
200.0002	-0.000862231
200.0002	-0.00702048
200.0002	-0.00710725
200.0002	0.00112069
200.0002	-0.00230195
200.0002	0.00240452
200.0002	0.00768169
200.0002	-0.00283523
200.0002	0.00275049
200.0002	-0.0062474
200.0002	-0.00164814
200.0002	-0.00399284
200.0002	-0.00137358
200.0002	0.00845565
200.0002	0.00225843
200.0002	-0.00348765
200.0002	0.00773466
200.0002	-0.000697858
200.0002	-0.000562381
200.0002	-0.00726098
200.0002	-0.00472526
200.0002	0.00118407
200.0002	0.00127369
200.0002	-0.00865836
200.0002	-0.00478814
200.0002	-0.0042043
200.0002	-0.00396708
200.0002	-0.00375057
200.0002	-0.00411323
200.0002	0.00205183
200.0002	-0.00147133
200.0002	-0.00631365
200.0002	0.000946034
200.0002	-0.00692586
200.0002	-0.00238952
200.0002	0.00748095
200.0002	-0.00317023
200.0002	0.00471553
200.0002	-0.00287937
200.0002	-0.0033795
200.0002	0.00405034
200.0002	0.0122271
200.0002	0.00128379
200.0002	-0.00699034
200.0002	-0.00118513
200.0002	0.00692064
200.0002	-0.00463913
200.0002	-0.00606692
200.0002	-0.00246304
200.0002	-0.000878747
200.0002	0.000975082
200.0002	0.00205158
200.0002	0.00133638
200.0002	-0.000670705
200.0002	-0.000556061
200.0002	0.00243771
200.0002	-0.00227987
200.0002	0.00419301
200.0002	-0.0106125
200.0002	0.00174181
200.0002	0.00217774
200.0002	-0.00388095
200.0002	-0.00415102
200.0002	-0.000352907
200.0002	-0.00773881
200.0002	0.0072738
200.0002	-0.00630572
200.0002	0.00559892
200.0002	-0.00357543
200.0002	-0.0040954
200.0002	0.00408849
200.0002	0.00457243
200.0002	0.00790346
200.0002	0.0205205
200.0002	0.00143017
200.0002	0.00164453
200.0002	-0.000579405
200.0002	-0.00599224
200.0002	0.00433014
200.0002	-0.0022089
200.0002	0.00778145
200.0002	-0.0010236
200.0002	-0.00715449
200.0002	-0.0119662
200.0002	0.00188024
200.0002	0.0102614
200.0002	0.00373353
200.0002	0.0075814
200.0002	0.00997214
200.0002	0.00367226
200.0002	-0.00854587
200.0002	0.00434661
200.0002	-0.0110327
200.0002	0.00438213
200.0002	-0.00777517
200.0002	0.00083113
200.0002	-0.00122969
200.0002	-0.00803487
200.0002	0.00959595
200.0002	-0.0117513
200.0002	-0.00783103
200.0002	-0.00040324
200.0002	0.0135687
200.0002	0.0129374
200.0002	-0.0104874
200.0002	0.00209403
200.0002	-0.0069077
200.0002	-0.00697917
200.0002	0.00136211
200.0002	0.00765954
200.0002	0.0113093
200.0002	0.00688888
200.0002	-0.00316516
200.0002	-0.0125597
200.0002	-0.00986425
200.0002	0.00674504
200.0002	0.0128788
200.0002	-7.85233e-05
200.0002	0.024944
200.0002	-0.000540529
200.0002	-0.00273052
200.0002	-0.000691214
200.0002	-0.00747305
200.0002	-0.00386128
200.0002	-0.00545891
200.0002	-0.00462574
200.0002	-0.00441305
200.0002	-0.00326385
200.0002	-0.00482577
200.0002	8.64957e-05
200.0002	-0.00645059
200.0002	0.0105421
200.0002	0.00836373
200.0002	0.00656217
200.0002	-0.00161984
200.0002	0.00221579
200.0002	-0.0033044
200.0002	-0.00186486
200.0002	0.00806049
200.0002	0.00708672
200.0002	-0.00287079
200.0002	0.00941571
200.0002	0.015349
200.0002	-0.0120093
200.0002	0.0154923
200.0002	0.00658648
200.0002	-0.00153404
200.0002	0.00281665
200.0002	-0.00485295
200.0002	0.00979752
200.0002	-0.0091447
200.0002	0.019536
200.0002	-0.0107598
200.0002	-0.0112823
200.0002	-0.000659756
200.0002	0.00106673
200.0002	-0.0232523
200.0002	0.000466131
200.0002	0.0121366
200.0002	-0.0127943
200.0002	0.012823
200.0002	0.0125468
200.0002	-0.0147543
200.0002	0.00854177
200.0002	0.0101178
200.0002	-0.00279813
200.0002	0.0111364
200.0002	-0.00692315
200.0002	-0.0104118
200.0002	-0.0161314
200.0002	-0.028164
200.0002	0.00662514
200.0002	-0.00725821
200.0002	-0.00429917
200.0002	0.0012344
200.0002	-0.000319524
200.0002	0.00320593
200.0002	0.0144166
200.0002	-0.0147997
200.0002	-0.00312473
200.0002	-0.00349548
200.0002	-0.0104742
200.0002	0.00461337
200.0002	0.00879739
200.0002	-0.0151734
200.0002	-0.0054713
200.0002	-0.00588854
200.0002	-0.0119375
200.0002	-0.00574236
200.0002	-0.00681713
200.0002	0.0108487
200.0002	0.0150041
200.0002	-0.00239364
200.0002	-0.00400458
200.0002	0.0102067
200.0002	-0.00843465
200.0002	-8.59911e-05
200.0002	0.0178757
200.0002	0.0204626
200.0002	0.0159167
200.0002	0.00908976
200.0002	-0.013617
200.0002	-0.0112954
200.0002	-0.0144097
200.0002	0.00706606
200.0002	0.0105802
200.0002	-0.00140717
200.0002	-0.00182645
200.0002	-0.00832172
200.0002	-0.00727569
200.0002	-0.00184038
200.0002	-0.00761193
200.0002	-0.00101871
200.0002	-0.00465427
200.0002	0.00684509
200.0002	-0.00346721
200.0002	0.00799267
200.0002	0.0214617
200.0002	-0.00774361
200.0002	0.00856662
200.0002	-0.002922
200.0002	0.0047499
200.0002	0.0194234
200.0002	0.0135868
200.0002	0.00163016
200.0002	-0.00926502
200.0002	-0.0170736
200.0002	-0.000993164
200.0002	-0.0123835
200.0002	-0.0032532
200.0002	-0.0158004
200.0002	0.0125797
200.0002	-0.00339984
200.0002	0.00493692
200.0002	-0.0139168
200.0002	0.0207095
200.0002	-0.00573302
200.0002	0.0107659
200.0002	0.00338622
200.0002	-0.00412875
200.0002	-0.0120662
200.0002	-0.00111401
200.0002	0.0158883
200.0002	-0.0187012
200.0002	0.00198587
200.0002	0.00485169
200.0002	0.014726
200.0002	0.0190596
200.0002	-0.00912097
200.0002	2.8348e-05
200.0002	0.00367641
200.0002	0.0182731
200.0002	0.0158655
200.0002	0.00565905
200.0002	-0.0131371
200.0002	-0.020694
200.0002	0.00301664
200.0002	-0.00168053
200.0002	0.0106722
200.0002	-0.0122719
200.0002	0.011674
200.0002	-0.0154296
200.0002	-0.0100797
200.0002	-0.00186354
200.0002	-0.0128803
200.0002	0.00388997
200.0002	0.0219227
200.0002	0.00483336
200.0002	0.00643103
200.0002	-0.00604499
200.0002	0.00579671
200.0002	0.0218765
200.0002	0.0136701
200.0002	-0.019967
200.0002	-0.0178434
200.0002	-0.0182712
200.0002	-0.0164336
200.0002	0.0120113
200.0002	-0.000574686
200.0002	-0.00509311
200.0002	0.0195432
200.0002	-0.0006982
200.0002	0.0139194
200.0002	-0.00223743
200.0002	0.00507223
200.0002	0.00133878
200.0002	0.0133004
200.0002	0.019914
200.0002	-0.00291823
200.0002	0.0124322
200.0002	0.0093472
200.0002	0.0163755
200.0002	-0.0050477
200.0002	-0.0107013
200.0002	0.0173527
200.0002	0.0143321
200.0002	0.0131101
200.0002	-0.00878576
200.0002	-0.0183703
200.0002	0.00774544
200.0002	0.000853521
200.0002	-0.00290402
200.0002	-0.00591234
200.0002	-0.00308467
200.0002	-0.00876222
200.0002	0.0251498
200.0002	0.00786047
200.0002	-0.00984554
200.0002	-0.00593463
200.0002	0.00897098
200.0002	0.00983329
200.0002	-0.00267063
200.0002	-0.000805033
200.0002	0.00741758
200.0002	0.0060654
200.0002	0.0012833
200.0002	-0.0103171
200.0002	0.0092744
200.0002	0.0143478
200.0002	0.00669245
200.0002	0.0142526
200.0002	-0.00179349
200.0002	0.00631098
200.0002	-0.0137919
200.0002	-0.0041737
200.0002	0.00299572
200.0002	0.011542
200.0002	-0.00826906
200.0002	0.0063031
200.0002	0.00342574
200.0002	-0.000113185
200.0002	-0.00188834
200.0002	0.000414413
200.0002	0.0292105
200.0002	0.0050548
200.0002	0.0248266
200.0002	0.0149863
200.0002	-0.00603074
200.0002	-0.00327803
200.0002	-0.010255
200.0002	-0.00406999
200.0002	-0.00646078
200.0002	-0.00259756
200.0002	0.00838301
200.0002	-0.00324579
200.0002	-0.000758776
200.0002	-0.0190291
200.0002	0.0124477
200.0002	-0.0111209
200.0002	-0.00202844
200.0002	-0.00962436
200.0002	-0.0204293
200.0002	-0.00617247
200.0002	-0.0056482
200.0002	0.00572534
200.0002	0.00906785
200.0002	-0.0159176
200.0002	0.00124649
200.0002	-0.00751736
200.0002	-0.00351111
200.0002	0.00798831
200.0002	-0.00221877
200.0002	0.0258564
200.0002	0.00236919
200.0002	-0.00221055
200.0002	0.0234311
200.0002	-0.0144014
200.0002	-0.000590464
200.0002	-0.00973417
200.0002	0.00462403
200.0002	0.00669761
200.0002	0.00941249
200.0002	-0.0108148
200.0002	0.023393
200.0002	-0.000488094
200.0002	0.0154179
200.0002	0.00989577
200.0002	0.0319415
200.0002	-0.00394622
200.0002	0.00223549
200.0002	-0.0181636
200.0002	0.0131954
200.0002	0.00410314
200.0002	0.0016583
200.0002	0.0018943
200.0002	0.00752279
200.0002	0.0208269
200.0002	-0.025453
200.0002	-0.0110717
200.0002	0.00638479
200.0002	-0.0137077
200.0002	0.00417318
200.0002	-0.025157
200.0002	0.00234229
200.0002	-0.0110553
200.0002	-0.00207123
200.0002	0.0199981
200.0002	-0.0115133
200.0002	0.00583776
200.0002	0.0197093
200.0002	0.0148904
200.0002	0.014285
200.0002	-0.00295248
200.0002	0.0132239
200.0002	2.38103e-05
200.0002	0.0184222
200.0002	-0.023646
200.0002	-0.00764197
200.0002	0.00265994
200.0002	0.000910078
200.0002	-0.0182824
200.0002	-0.0150558
200.0002	0.00890226
200.0002	-0.0100431
200.0002	-0.00597392
200.0002	-0.0147998
200.0002	0.00188029
200.0002	0.0027485
200.0002	-0.0197638
200.0002	0.0163165
200.0002	0.00613631
200.0002	-0.000877834
200.0002	0.0100986
200.0002	-0.013638
200.0002	-0.0130338
200.0002	-0.0100883
200.0002	-0.00295909
200.0002	0.00955774
200.0002	-0.0137034
200.0002	-0.00659853
200.0002	-0.00447972
200.0002	-0.00664269
200.0002	0.00492546
200.0002	0.00935197
200.0002	0.015884
200.0002	0.0326081
