200.0002	0.0125505
200.0002	-0.0374294
200.0002	-0.119229
200.0002	0.00947226
200.0002	-0.0183486
200.0002	0.0294332
200.0002	0.0834433
200.0002	-0.021646
200.0002	-0.00860403
200.0002	0.0522266
200.0002	0.0216033
200.0002	-0.0124285
200.0002	-0.0354753
200.0002	-0.0256493
200.0002	-0.0305114
200.0002	-0.0314275
200.0002	-0.0266984
200.0002	0.00551959
200.0002	-0.0451736
200.0002	-0.00329763
200.0002	-0.0454105
200.0002	-0.0433117
200.0002	-0.033579
200.0002	-0.0129125
200.0002	0.0390885
200.0002	0.0442514
200.0002	0.0189111
200.0002	0.02566
200.0002	-0.0399393
200.0002	0.0302538
200.0002	-0.0403204
200.0002	-0.0353811
200.0002	-0.0764044
200.0002	-0.0717199
200.0002	-0.0119615
200.0002	-0.0213884
200.0002	-0.0714477
200.0002	-0.0318006
200.0002	-0.0370507
200.0002	0.00359789
200.0002	0.027896
200.0002	-0.0819523
200.0002	-0.0232424
200.0002	-0.0186063
200.0002	-0.0235802
200.0002	-0.0862812
200.0002	-0.0402601
200.0002	0.0407026
200.0002	0.0843759
200.0002	-0.0639874
200.0002	-0.0488423
200.0002	-0.0134676
200.0002	-0.072741
200.0002	-0.0406672
200.0002	0.0215396
200.0002	-0.0527049
200.0002	-0.0421765
200.0002	-0.00448245
200.0002	-0.114475
200.0002	-0.0838425
200.0002	-0.0952024
200.0002	-0.0634984
200.0002	-0.156977
200.0002	-0.0330667
200.0002	-0.102186
200.0002	-0.0525438
200.0002	-0.110709
200.0002	-0.0465322
200.0002	-0.126142
200.0002	-0.105556
200.0002	-0.0277341
200.0002	0.0598197
200.0002	-0.0866161
200.0002	-0.116252
200.0002	-0.0636861
200.0002	-0.127934
200.0002	-0.067565
200.0002	-0.0849151
200.0002	-0.145014
200.0002	-0.106206
200.0002	-0.0912895
200.0002	-0.119948
200.0002	-0.146027
200.0002	-0.055334
200.0002	-0.00561143
200.0002	-0.0401501
200.0002	0.0388835
200.0002	-0.0921785
200.0002	-0.0231213
200.0002	-0.0660432
200.0002	-0.0758078
200.0002	-0.0451418
200.0002	-0.0202974
200.0002	-0.153632
200.0002	-0.0416098
200.0002	0.0298529
200.0002	-0.0681503
200.0002	-0.00101315
200.0002	-0.0503654
200.0002	-0.0978722
200.0002	-0.103533
200.0002	-0.0536804
200.0002	-0.0537115
200.0002	-0.0354375
200.0002	-0.166955
200.0002	-0.0706452
200.0002	-0.10115
200.0002	0.0388591
200.0002	0.00233977
200.0002	-0.00528471
200.0002	-0.0540343
200.0002	-0.030847
200.0002	0.0461953
200.0002	0.00709252
200.0002	0.0254106
200.0002	0.00689642
200.0002	0.0246817
200.0002	-0.000230127
200.0002	-0.0302637
200.0002	-0.0631731
200.0002	0.00817696
200.0002	-0.0440596
200.0002	-0.0242067
200.0002	0.0347002
200.0002	0.059716
200.0002	0.0318025
200.0002	-0.00689728
200.0002	-0.0424458
200.0002	0.0789997
200.0002	-0.00261088
200.0002	-0.021192
200.0002	0.00971987
200.0002	0.0102506
200.0002	-0.0124631
200.0002	0.00921674
200.0002	0.0444234
200.0002	-0.0620286
200.0002	-0.0713589
200.0002	-0.021308
200.0002	0.0194162
200.0002	-0.0754544
200.0002	0.0954863
200.0002	0.01884
200.0002	0.00429181
200.0002	0.0396355
200.0002	0.00784942
200.0002	-0.0297995
200.0002	0.0218275
200.0002	0.0224791
200.0002	-0.11982
200.0002	0.0556846
200.0002	-0.106726
200.0002	-0.0042945
200.0002	0.0450131
200.0002	-0.0127366
200.0002	0.0573715
200.0002	0.0221316
200.0002	-0.0157214
200.0002	0.0197824
200.0002	-0.0466985
200.0002	-0.0602726
200.0002	-0.015339
200.0002	-0.0125265
200.0002	-0.0029067
200.0002	0.0960446
200.0002	0.0244462
200.0002	-0.0501085
200.0002	0.0439926
200.0002	-0.00526522
200.0002	0.0064151
200.0002	0.0401655
200.0002	0.0662338
200.0002	-0.0791603
200.0002	-0.0284164
200.0002	-0.0153196
200.0002	-1.66908e-05
200.0002	0.0784971
200.0002	0.0678135
200.0002	-0.0420914
200.0002	0.0234311
200.0002	-0.0240644
200.0002	0.0560822
200.0002	0.0393262
200.0002	-0.00524124
200.0002	-0.0249824
200.0002	-0.0125904
200.0002	0.0029921
200.0002	-0.0585547
200.0002	-0.0239215
200.0002	0.0544102
200.0002	-0.0488269
200.0002	-0.0700568
200.0002	0.067464
200.0002	-0.0121609
200.0002	0.0768938
200.0002	0.00739645
200.0002	0.0174241
200.0002	-0.0500531
200.0002	-0.0383705
200.0002	-0.0387797
200.0002	0.0230136
200.0002	0.0534143
200.0002	-0.0432559
200.0002	-0.0604348
200.0002	0.0289972
200.0002	0.0102192
200.0002	0.0073188
200.0002	0.0206476
200.0002	-0.0169358
200.0002	-0.000229116
200.0002	-0.035453
200.0002	0.0278144
200.0002	0.0197143
200.0002	0.0735389
200.0002	-0.0170699
200.0002	0.012236
200.0002	0.0064709
200.0002	-0.0333082
200.0002	0.0774586
200.0002	-0.0285414
200.0002	0.0749872
200.0002	-0.0503231
200.0002	0.0610149
200.0002	0.0609247
200.0002	0.0611257
200.0002	0.0519743
200.0002	0.109273
200.0002	0.115208
200.0002	-0.0543025
200.0002	-0.0345941
200.0002	0.0751146
200.0002	0.0387231
200.0002	-0.000810146
200.0002	0.0737541
200.0002	0.105969
200.0002	0.010264
200.0002	-0.0491271
200.0002	-0.00985706
200.0002	0.00243935
200.0002	0.0142529
200.0002	-0.010627
200.0002	0.0141826
200.0002	0.00463907
200.0002	0.058077
200.0002	0.052471
200.0002	0.0434456
200.0002	-0.0665605
200.0002	-0.0401994
200.0002	-0.0106093
200.0002	0.0317938
200.0002	-0.0205995
200.0002	0.053323
200.0002	0.0941598
200.0002	0.0494133
200.0002	0.0341763
200.0002	0.149341
200.0002	0.0834534
200.0002	-0.00613626
200.0002	0.0626565
200.0002	0.107474
200.0002	0.0852754
200.0002	0.0153461
200.0002	0.0361309
200.0002	0.0754595
200.0002	-0.0406764
200.0002	0.112727
200.0002	-0.00477642
200.0002	-0.0289488
200.0002	-0.0280149
200.0002	-0.00522692
200.0002	0.068251
200.0002	0.00734048
200.0002	0.14593
200.0002	0.0519177
200.0002	0.0868561
200.0002	0.0404822
200.0002	0.0602775
200.0002	0.0385185
200.0002	0.00846856
200.0002	0.0648352
200.0002	0.0297411
200.0002	0.00135306
200.0002	-0.0239244
200.0002	0.0354305
200.0002	0.0301383
200.0002	-0.00397998
200.0002	0.0116933
200.0002	0.0380307
200.0002	0.0575065
200.0002	0.0798896
200.0002	0.0648932
200.0002	0.0217882
200.0002	0.0480787
200.0002	0.0571129
200.0002	0.0269476
200.0002	0.0566773
200.0002	0.0232033
200.0002	6.89137e-05
200.0002	-0.10193
200.0002	0.0623721
200.0002	0.0627884
200.0002	-0.0030268
200.0002	-0.000545158
200.0002	0.041747
200.0002	0.101791
200.0002	-0.0224721
200.0002	0.00879422
200.0002	-0.0155849
200.0002	0.0976605
200.0002	0.0257982
200.0002	-0.0351226
200.0002	0.0292543
200.0002	0.0921345
200.0002	0.075367
200.0002	0.0549787
200.0002	0.100826
200.0002	-0.093996
200.0002	-0.0244662
200.0002	0.0317742
200.0002	0.0188417
200.0002	-0.0649482
200.0002	0.0318616
200.0002	0.0487995
200.0002	0.0638659
200.0002	-0.0231136
200.0002	0.0516788
200.0002	-0.00722059
200.0002	-0.0222376
200.0002	0.0573326
200.0002	0.155732
200.0002	0.0186181
200.0002	-0.073354
200.0002	0.0407241
200.0002	0.0353429
200.0002	0.0533011
200.0002	-0.0845077
200.0002	0.00816521
200.0002	0.0213564
200.0002	-0.0251407
200.0002	-0.00383982
200.0002	0.0546419
200.0002	0.0829475
200.0002	0.0287056
200.0002	0.0578937
200.0002	-0.0336494
200.0002	0.0584526
200.0002	0.00825967
200.0002	0.000942703
200.0002	0.000544786
200.0002	-0.00783435
200.0002	-0.0122972
200.0002	-0.0410409
200.0002	0.00452894
200.0002	-0.0419737
200.0002	0.085869
200.0002	0.100403
200.0002	0.0440631
200.0002	-0.0598988
200.0002	0.0108793
200.0002	-0.0886969
200.0002	0.0302093
200.0002	0.00347634
200.0002	0.0129583
200.0002	0.0242814
200.0002	0.0599154
200.0002	0.00748865
200.0002	0.128839
200.0002	-0.0417411
200.0002	0.0222115
200.0002	0.0528025
200.0002	-0.0231282
200.0002	0.055592
200.0002	-0.049862
200.0002	0.0115197
200.0002	-0.0632095
200.0002	0.0207338
200.0002	0.0496832
200.0002	0.00648332
200.0002	0.00033826
200.0002	0.0432946
200.0002	0.00390901
200.0002	-0.0554358
200.0002	0.0223665
200.0002	0.0634993
200.0002	0.033002
200.0002	-0.0264365
200.0002	0.0268528
200.0002	0.0331904
200.0002	-0.0412092
200.0002	0.0137689
200.0002	0.0171974
200.0002	0.0809126
200.0002	-0.0316374
200.0002	0.019862
200.0002	-0.061432
200.0002	-0.120948
200.0002	-0.00595353
200.0002	0.0954325
200.0002	0.029619
200.0002	-0.00992145
200.0002	-0.00341231
200.0002	0.0149025
200.0002	0.0117699
200.0002	0.0810623
200.0002	0.0408956
200.0002	-0.0565137
200.0002	0.110902
200.0002	0.0346362
200.0002	-0.00745076
200.0002	0.00740843
200.0002	-0.0906926
200.0002	0.00313027
200.0002	0.00260236
200.0002	-0.0468762
200.0002	-0.0605347
200.0002	-0.030784
200.0002	0.054343
200.0002	0.0417004
200.0002	-0.0621588
200.0002	0.00713664
200.0002	0.077467
200.0002	0.0449883
200.0002	0.0391215
200.0002	-0.011914
200.0002	0.0858817
200.0002	-0.106958
200.0002	0.00355804
200.0002	0.0420815
200.0002	-0.0314664
200.0002	0.0261996
200.0002	0.00011383
200.0002	0.0346225
200.0002	-0.0131075
200.0002	0.0412682
200.0002	-0.0218131
200.0002	0.0127498
200.0002	-0.0445266
200.0002	-0.00189768
200.0002	-0.0188016
200.0002	-0.00580789
200.0002	-0.0042173
200.0002	-0.00867083
200.0002	0.0702621
200.0002	-0.0407433
200.0002	-0.0313803
200.0002	0.044262
200.0002	-0.02849
200.0002	0.0134736
200.0002	0.0329164
200.0002	-0.00968524
200.0002	0.00755383
200.0002	0.0286342
200.0002	-0.0046122
200.0002	-0.0167834
200.0002	0.00794046
200.0002	0.0028359
200.0002	-0.0233302
200.0002	0.00653192
200.0002	-0.0459554
200.0002	-0.00876096
200.0002	0.0227363
200.0002	0.0210511
200.0002	0.00438715
200.0002	0.00537172
200.0002	0.00945674
200.0002	-0.0536672
200.0002	0.0445819
200.0002	0.0399889
200.0002	0.0250823
200.0002	0.0335521
200.0002	-0.00801552
200.0002	-0.0647057
200.0002	0.0200254
200.0002	-0.0173204
200.0002	0.00510889
200.0002	0.0422596
200.0002	0.05051
200.0002	0.0452898
200.0002	-0.0732569
200.0002	0.00401692
200.0002	-0.027836
200.0002	0.00315829
200.0002	0.0281706
200.0002	-0.0347659
200.0002	0.0124055
200.0002	-0.030716
200.0002	-0.020629
200.0002	0.00822165
200.0002	-0.0170446
200.0002	-0.00860312
200.0002	0.0339053
200.0002	-0.022323
200.0002	0.00936389
200.0002	-0.02381
200.0002	-0.000491401
200.0002	0.0427582
200.0002	0.0289854
200.0002	0.0491143
200.0002	0.0224517
200.0002	-0.0421996
200.0002	0.0233157
200.0002	0.0294324
200.0002	-0.028493
200.0002	0.0514804
200.0002	-0.064671
200.0002	0.00153019
200.0002	-0.0627199
200.0002	0.00394554
200.0002	-0.0107038
200.0002	0.0340368
200.0002	0.0298886
200.0002	0.0173071
200.0002	0.0154562
200.0002	0.045236
200.0002	-0.0616139
200.0002	-0.0122015
200.0002	0.011799
200.0002	-0.0184859
200.0002	0.0343428
200.0002	0.0463703
200.0002	-0.0795509
200.0002	0.00971347
200.0002	-0.0137767
200.0002	-0.013659
200.0002	-0.00964289
200.0002	-0.0115278
200.0002	-0.0386177
200.0002	-0.0140532
200.0002	-0.0206317
200.0002	0.0257114
200.0002	-0.0679946
200.0002	0.0456562
200.0002	0.0480426
200.0002	-0.0165
200.0002	0.0193562
200.0002	0.00918649
200.0002	0.0152751
200.0002	0.0504301
200.0002	-0.0413266
200.0002	0.0217953
200.0002	0.0687767
200.0002	0.0372789
200.0002	-0.0431868
200.0002	-0.0160365
200.0002	-0.0593751
200.0002	0.014249
200.0002	0.00832913
200.0002	0.00245716
200.0002	-0.0585481
200.0002	-0.0410796
200.0002	-0.019072
200.0002	0.032851
200.0002	-0.0711287
200.0002	-0.0511
200.0002	0.00210124
200.0002	-0.0374955
200.0002	-0.0578755
200.0002	0.0802117
200.0002	0.0348803
200.0002	-0.00311931
200.0002	0.00876365
200.0002	0.036336
200.0002	0.00838892
200.0002	-0.0323642
200.0002	0.0121971
200.0002	0.0262039
200.0002	0.0314624
200.0002	0.0248812
200.0002	0.00305887
200.0002	-0.0519011
200.0002	0.0573064
200.0002	-0.0133552
200.0002	-0.0321558
200.0002	0.0594723
200.0002	-0.0229737
200.0002	-0.00533936
200.0002	-0.010239
200.0002	0.0259229
200.0002	-0.02125
200.0002	0.0340479
200.0002	-0.0101238
200.0002	-0.0475581
200.0002	0.0262336
200.0002	-0.0245952
200.0002	-0.0263309
200.0002	-0.0251254
200.0002	-0.0171192
200.0002	0.0307986
200.0002	0.0111288
200.0002	-0.0627424
200.0002	0.0325402
200.0002	-0.0158544
200.0002	0.079029
200.0002	0.00934718
200.0002	0.0271725
200.0002	-0.0379735
200.0002	0.00813389
200.0002	0.00699108
200.0002	0.00625599
200.0002	0.015086
200.0002	0.0259658
200.0002	-0.0372323
200.0002	-0.0130981
200.0002	0.0476662
200.0002	0.0249094
200.0002	-0.0495699
200.0002	-0.00127086
200.0002	-0.0363598
200.0002	0.0280468
200.0002	0.0438645
200.0002	0.0329248
200.0002	-0.0224823
200.0002	0.0258123
200.0002	-0.0545175
200.0002	-0.0251054
200.0002	-0.0113341
200.0002	-0.0183307
200.0002	0.0323063
200.0002	0.0523822
200.0002	0.0210407
200.0002	-0.0222979
200.0002	-0.00749532
200.0002	-0.0634299
200.0002	0.0493774
200.0002	-0.00299246
200.0002	-0.0395158
200.0002	-0.0115615
200.0002	0.0376078
200.0002	-0.0139088
200.0002	0.0669391
200.0002	-0.0199636
200.0002	0.0011487
200.0002	0.0441267
200.0002	-0.025838
200.0002	-0.0270923
200.0002	-0.011401
200.0002	-0.016089
200.0002	0.0350228
200.0002	0.0159762
200.0002	0.00786624
200.0002	-0.0374534
200.0002	-0.0439837
200.0002	0.0558777
200.0002	-0.0291505
200.0002	0.024655
200.0002	0.0246797
200.0002	0.0334501
200.0002	-0.0589621
200.0002	-0.0380397
200.0002	0.0746392
200.0002	-0.0276541
200.0002	0.00974427
200.0002	-0.0187933
200.0002	0.0173302
200.0002	-0.0397251
200.0002	0.0390785
200.0002	0.00638881
200.0002	-0.000199866
200.0002	0.0651959
200.0002	-0.0424422
200.0002	-0.0126556
200.0002	-0.0526994
200.0002	-0.00441923
200.0002	-0.0167488
200.0002	-0.0392209
200.0002	-0.0305211
200.0002	0.0558259
200.0002	0.0136066
200.0002	0.0272361
200.0002	-0.013731
200.0002	0.0606502
200.0002	0.00730954
200.0002	-0.0295231
200.0002	-0.0758542
200.0002	0.0324133
200.0002	0.0242044
200.0002	-0.0263328
200.0002	0.0984124
200.0002	-0.0259019
200.0002	-0.0200766
200.0002	-0.0376443
200.0002	-0.0446484
200.0002	0.0420734
200.0002	0.0518975
200.0002	0.0131966
200.0002	-0.0560969
200.0002	-0.0329468
200.0002	0.0579995
200.0002	0.0776201
200.0002	0.0532893
200.0002	-0.121263
200.0002	-0.0323299
200.0002	-0.0855788
200.0002	0.0320548
200.0002	0.0468023
200.0002	0.00264319
200.0002	-0.0569667
200.0002	0.00272198
200.0002	0.0515453
200.0002	0.0325147
200.0002	0.0321239
200.0002	0.00272156
200.0002	-0.0668932
200.0002	-0.0316243
200.0002	0.0902945
200.0002	-0.0230985
200.0002	0.0487492
200.0002	0.00587197
200.0002	-0.038543
200.0002	-0.0508884
200.0002	-0.0527124
200.0002	-0.0191078
200.0002	-0.0304451
200.0002	0.0115973
200.0002	0.0300056
200.0002	0.0723047
200.0002	0.0134264
200.0002	-0.0252711
200.0002	0.0353458
200.0002	-0.0497754
200.0002	-0.0361676
200.0002	-0.00131929
200.0002	0.0471989
200.0002	0.0179359
200.0002	-0.00668455
200.0002	0.00219626
200.0002	-0.00974543
200.0002	-0.0715679
200.0002	0.0256983
200.0002	-0.0102412
200.0002	-0.0191274
200.0002	0.0232923
200.0002	-0.00167374
200.0002	0.00155661
200.0002	0.0385369
200.0002	0.00979969
200.0002	-0.00751321
200.0002	0.00168119
200.0002	0.04024
200.0002	-0.00594476
200.0002	-0.0244965
200.0002	-0.0326288
200.0002	-0.0456227
200.0002	0.0189363
200.0002	0.0134826
200.0002	0.00361355
200.0002	-0.0569975
200.0002	0.0601799
200.0002	0.0445517
200.0002	-0.00728835
200.0002	-0.0156241
200.0002	-0.0043508
200.0002	0.0148128
200.0002	-0.0789139
200.0002	-0.000362068
200.0002	0.0151852
200.0002	-0.0291966
200.0002	0.0622878
200.0002	-0.00713192
200.0002	0.0114054
200.0002	0.0361632
200.0002	0.0338602
200.0002	-0.0160905
200.0002	-0.0501413
200.0002	0.0333662
200.0002	0.0167131
200.0002	0.00589633
200.0002	-0.0192833
200.0002	0.0481901
200.0002	-0.0121615
200.0002	0.0422141
200.0002	-0.019933
200.0002	-0.0480705
200.0002	-0.0103411
200.0002	0.0281703
200.0002	-0.0221569
200.0002	0.0249931
200.0002	-0.0281664
200.0002	0.0128224
200.0002	-0.00556021
200.0002	0.0191789
200.0002	-0.0267919
200.0002	-0.058295
200.0002	-0.0146908
200.0002	0.0242051
200.0002	0.0754962
200.0002	0.021758
200.0002	-0.0199484
200.0002	-0.0261313
200.0002	-0.0410569
200.0002	0.0295501
200.0002	-0.0185658
200.0002	0.00302206
200.0002	-0.0574257
200.0002	0.0227703
200.0002	-0.0061974
200.0002	-0.00670145
200.0002	0.0465308
200.0002	0.00434725
200.0002	0.021217
200.0002	-0.00346408
200.0002	-0.0796143
200.0002	0.0750159
200.0002	0.00702523
200.0002	0.0316694
200.0002	-0.0447394
200.0002	-0.027373
200.0002	0.00401862
200.0002	0.0722297
200.0002	-0.0357085
200.0002	-0.000567726
200.0002	0.0263203
200.0002	-0.00688795
200.0002	-0.0522824
200.0002	0.0379447
200.0002	-0.0472813
200.0002	-0.0720378
200.0002	0.0992506
200.0002	0.0349947
200.0002	-0.0481824
200.0002	-0.0448571
200.0002	0.113015
200.0002	-0.0655322
200.0002	-0.0145362
200.0002	-0.00800232
200.0002	-0.0100583
200.0002	0.0153007
200.0002	0.066062
200.0002	0.103516
200.0002	-0.0754041
200.0002	-0.0135947
200.0002	-0.0182254
200.0002	0.00937898
200.0002	-0.0241838
200.0002	-0.0229588
200.0002	0.0436594
200.0002	0.0253163
200.0002	0.00857655
200.0002	-0.0631899
200.0002	0.000515136
200.0002	0.0622931
200.0002	-0.0370617
200.0002	-0.0812175
200.0002	-0.00638597
200.0002	0.0592046
200.0002	-0.0111301
200.0002	0.00879751
200.0002	-0.0968896
200.0002	0.0970027
200.0002	0.0056954
200.0002	-0.0547699
200.0002	0.0802312
200.0002	0.0458044
200.0002	-0.0569137
200.0002	-0.00762919
200.0002	-0.0613227
200.0002	0.057138
200.0002	0.064239
200.0002	0.00434095
200.0002	-0.0270457
200.0002	-0.0149256
200.0002	-0.0665825
200.0002	-0.0148304
200.0002	-0.0203752
200.0002	0.0155609
200.0002	0.00887938
200.0002	0.109763
200.0002	-0.0534063
200.0002	-0.026892
200.0002	-0.0580369
200.0002	-0.0102961
200.0002	0.00281382
200.0002	0.0401873
200.0002	-0.0837795
200.0002	0.0323237
200.0002	0.0206587
200.0002	0.0600192
200.0002	0.0526346
200.0002	0.104262
200.0002	-0.0868247
200.0002	-0.018323
200.0002	-0.0747431
200.0002	0.00403329
200.0002	0.0633182
200.0002	0.0326191
200.0002	-0.0306385
200.0002	-0.135016
200.0002	0.0840631
200.0002	0.0418629
200.0002	-0.101906
200.0002	-0.0387468
200.0002	0.0527449
200.0002	0.0937344
200.0002	0.0292447
200.0002	0.0623934
200.0002	-0.0834973
200.0002	0.0330088
200.0002	-0.0587269
200.0002	0.0234052
200.0002	0.0124148
200.0002	0.0179368
200.0002	0.0138883
200.0002	0.0157219
200.0002	-0.0320948
200.0002	0.0170779
200.0002	-0.0980767
200.0002	0.0390574
200.0002	0.0373677
200.0002	-0.063535
200.0002	-0.0208093
200.0002	-0.0293503
200.0002	0.0320782
200.0002	-0.000881952
200.0002	-0.0213855
200.0002	-0.0382545
200.0002	0.0602986
200.0002	0.00428242
200.0002	0.0411399
200.0002	0.0366488
200.0002	-0.0331224
200.0002	0.0559554
200.0002	-0.100166
200.0002	-0.0504246
200.0002	0.0701998
200.0002	-0.0208838
200.0002	0.0351283
200.0002	-0.0309693
200.0002	0.0358134
200.0002	0.00133266
200.0002	0.0205652
200.0002	0.0127127
200.0002	-0.0189105
200.0002	-0.0953763
200.0002	-0.0108054
200.0002	0.0598866
200.0002	-0.0118714
200.0002	0.0110344
200.0002	-0.0127437
200.0002	-0.0373507
200.0002	-0.01848
200.0002	0.0593936
200.0002	0.00562109
200.0002	-0.0327776
200.0002	-0.0255805
200.0002	0.106353
200.0002	0.0106217
200.0002	-0.052883
200.0002	0.0249881
200.0002	-0.0463475
200.0002	-0.0124383
200.0002	0.0488547
200.0002	-0.0165192
200.0002	-0.0341347
200.0002	0.106191
200.0002	-0.0213169
200.0002	0.0377273
200.0002	-0.0719843
200.0002	0.0063829
200.0002	-0.0209783
200.0002	-0.0432577
200.0002	0.041353
200.0002	-0.022834
200.0002	0.0342287
200.0002	0.0221735
200.0002	-0.0158038
200.0002	0.0182003
200.0002	-0.023075
200.0002	0.00702132
200.0002	-0.0193217
200.0002	-0.0316138
200.0002	0.00473704
200.0002	-0.00534848
200.0002	0.0700418
200.0002	0.00421312
200.0002	0.0127957
200.0002	-0.0148098
200.0002	0.00887756
200.0002	-0.0348884
200.0002	-0.0332028
200.0002	0.0350697
200.0002	0.0135069
200.0002	0.00169504
200.0002	-0.0427489
200.0002	0.00155709
200.0002	-0.0595615
200.0002	-0.0141395
200.0002	-0.0293962
200.0002	0.0628811
200.0002	0.0649088
200.0002	-0.0172413
200.0002	-0.0107957
200.0002	-0.00926681
200.0002	0.00751164
200.0002	0.00854626
200.0002	0.0306853
200.0002	-0.039946
200.0002	0.0476005
200.0002	-0.0357722
200.0002	-0.0342506
200.0002	-0.0152724
200.0002	0.00247731
200.0002	0.0467571
200.0002	0.00503211
200.0002	0.0373504
200.0002	0.0217496
200.0002	0.00680438
200.0002	-0.0889298
200.0002	0.0696721
200.0002	-0.010203
200.0002	-0.0454497
200.0002	0.0113386
200.0002	0.00965714
200.0002	0.0302948
200.0002	-0.0230866
200.0002	0.00614323
200.0002	-0.00689497
200.0002	0.00971003
200.0002	-0.0107068
200.0002	-0.0237639
200.0002	0.0263368
200.0002	0.0178829
200.0002	-0.00312254
200.0002	-0.00529437
200.0002	0.0188479
200.0002	-0.0423556
200.0002	-0.0335859
200.0002	0.0216434
200.0002	0.0478632
200.0002	0.0133239
200.0002	-0.0175903
200.0002	-0.0079231
200.0002	-0.0431615
200.0002	0.018136
200.0002	0.0220037
200.0002	-0.0608525
200.0002	-0.0638208
200.0002	0.000136026
200.0002	0.0727765
200.0002	-0.0376417
200.0002	-0.00885742
200.0002	0.00974884
200.0002	0.0211314
200.0002	0.0237665
200.0002	0.00959579
200.0002	-0.0195394
200.0002	-0.0087726
200.0002	0.0118528
200.0002	-0.0147532
200.0002	0.0468868
200.0002	-0.0268062
200.0002	0.101182
200.0002	-0.00469854
200.0002	-0.0911988
200.0002	0.0442129
200.0002	-0.0232291
200.0002	-0.0428295
200.0002	0.0237773
200.0002	0.010977
200.0002	-0.0559526
200.0002	-0.013714
200.0002	0.0121578
200.0002	0.0333495
200.0002	0.0375463
200.0002	-0.00897291
200.0002	0.0166038
200.0002	-0.0560517
200.0002	0.0303841
200.0002	-0.00434941
200.0002	-0.0248845
200.0002	0.0541225
200.0002	-0.010919
200.0002	0.0362095
200.0002	-0.0215789
200.0002	-0.0280809
200.0002	-0.0505417
200.0002	0.0454531
200.0002	-0.00732936
200.0002	-0.00744539
200.0002	0.0201951
200.0002	-0.0052845
200.0002	0.0133564
200.0002	0.064556
200.0002	-0.0526167
200.0002	-0.00910458
200.0002	0.0307654
200.0002	-0.00892854
200.0002	0.0325331
200.0002	-0.0497711
200.0002	0.00448124
200.0002	0.00386069
200.0002	-0.0204964
200.0002	0.0237957
200.0002	-0.0237509
200.0002	0.00323494
200.0002	-0.00224413
200.0002	0.0115687
200.0002	0.0450735
200.0002	-0.0670698
200.0002	-0.035128
200.0002	0.0432279
200.0002	-0.0291044
200.0002	-0.0261136
200.0002	0.0169072
200.0002	0.0118848
200.0002	0.0482503
200.0002	0.00915814
200.0002	0.00438394
200.0002	0.00213748
200.0002	-0.0346391
200.0002	0.00469229
200.0002	0.0402336
200.0002	-0.021665
200.0002	-0.0293117
200.0002	0.055367
200.0002	-0.0109407
200.0002	-0.0392516
200.0002	-0.0294352
200.0002	0.00655952
200.0002	-0.00981479
200.0002	0.0353409
200.0002	-0.030629
200.0002	-0.0209743
200.0002	-0.00380224
200.0002	0.0423832
200.0002	-0.0278561
200.0002	0.0416588
200.0002	0.0346246
200.0002	-0.0694354
200.0002	0.00804588
200.0002	0.0255264
200.0002	0.0178918
200.0002	0.0392694
200.0002	-0.0242392
200.0002	-0.0362398
200.0002	-0.00129971
200.0002	0.0568176
200.0002	-0.0232763
200.0002	0.0135108
200.0002	-0.0419432
200.0002	0.00198063
200.0002	0.0162973
200.0002	-0.0207904
200.0002	0.00450648
200.0002	-0.00493523
200.0002	0.0339923
200.0002	-0.000403608
200.0002	-0.085876
200.0002	0.0235153
200.0002	-0.0314741
200.0002	-0.0212251
200.0002	0.0623925
200.0002	-0.0391393
200.0002	0.0280702
200.0002	0.0754698
200.0002	0.025688
200.0002	-0.0152767
200.0002	-0.0428865
200.0002	-0.016753
200.0002	-0.0010234
200.0002	0.019402
200.0002	-0.0133275
200.0002	0.00550595
200.0002	0.00853732
200.0002	0.00877616
200.0002	-0.0536735
200.0002	0.0106559
200.0002	-0.00930137
200.0002	-0.0164651
200.0002	-0.0103871
200.0002	0.0204685
200.0002	0.00787428
200.0002	0.00404508
200.0002	0.00599979
200.0002	0.0486312
200.0002	-0.0507165
200.0002	-0.026157
200.0002	0.0315481
200.0002	0.0153495
200.0002	-0.00135388
200.0002	0.00870956
200.0002	-0.0220408
200.0002	0.0244501
200.0002	-0.0401964
200.0002	0.0978577
200.0002	0.00195943
200.0002	-0.0119824
200.0002	-0.0649981
200.0002	-0.0453512
200.0002	-0.00995196
200.0002	0.043503
200.0002	0.0140284
200.0002	-0.0226968
200.0002	-0.0112645
200.0002	0.0271563
200.0002	0.00893903
200.0002	0.0517797
200.0002	-0.060505
200.0002	-0.00425754
200.0002	-0.00134477
200.0002	0.00853812
200.0002	0.0102687
200.0002	-0.00888977
200.0002	-0.00388342
200.0002	0.0193816
200.0002	0.0124228
200.0002	-0.00256841
200.0002	0.0121313
200.0002	-0.0113101
200.0002	0.0034265
200.0002	0.0165395
200.0002	0.0231274
200.0002	-0.00826312
200.0002	0.0102473
200.0002	-0.0100261
200.0002	0.0203821
200.0002	0.0178789
200.0002	0.00872848
200.0002	-0.0163319
200.0002	-0.00254288
200.0002	-0.0079492
200.0002	0.00768376
200.0002	0.0114808
200.0002	0.00485159
200.0002	0.0074821
200.0002	-0.00876301
200.0002	-0.0127398
200.0002	0.00856164
200.0002	0.00323535
200.0002	0.00616021
200.0002	0.012582
200.0002	0.0358475
200.0002	-0.0155587
200.0002	-0.00913411
200.0002	0.0157067
200.0002	0.0167764
200.0002	-0.00188961
200.0002	0.0097941
200.0002	0.00451454
200.0002	0.0062906
200.0002	0.0131972
200.0002	-0.0132371
200.0002	-0.0100333
200.0002	0.0208086
200.0002	-0.00602602
200.0002	0.00424728
200.0002	-0.00397065
200.0002	0.0178991
200.0002	-0.0020237
200.0002	-0.00225825
200.0002	0.0139368
200.0002	-0.0056777
200.0002	-0.0125505
200.0002	0.00304622
200.0002	0.00521458
200.0002	0.0153299
200.0002	-0.0146046
200.0002	-0.0178248
200.0002	-0.00992673
200.0002	-0.0118654
200.0002	0.009279
200.0002	-0.00424171
200.0002	0.0219831
200.0002	0.00406673
200.0002	0.0123115
200.0002	-0.00694905
200.0002	0.0110976
200.0002	0.0119595
200.0002	0.0126644
200.0002	-0.00280033
200.0002	-0.000140304
200.0002	0.00297081
200.0002	0.0155812
200.0002	0.0121351
200.0002	-0.00265929
200.0002	-0.00480602
200.0002	0.0171379
200.0002	-0.000453127
200.0002	-0.00539186
200.0002	0.00614663
200.0002	-0.00123202
200.0002	-0.000504319
200.0002	0.0112654
200.0002	0.00750605
200.0002	0.0263225
200.0002	-0.00418768
200.0002	0.0051621
200.0002	-0.000966943
200.0002	0.017005
200.0002	0.0106033
200.0002	0.00193269
200.0002	-0.00818063
200.0002	-0.0025964
200.0002	0.00203079
200.0002	0.0100778
200.0002	-0.00761919
200.0002	0.00375945
200.0002	0.00357654
200.0002	-0.000855904
200.0002	0.00727514
200.0002	-0.0138381
200.0002	-0.00927928
200.0002	0.00833127
200.0002	-0.00201915
200.0002	0.00935046
200.0002	0.00116471
200.0002	-0.000129743
200.0002	0.00906424
200.0002	0.00893123
200.0002	0.00224428
200.0002	0.00576299
200.0002	0.00177449
200.0002	-0.00205793
200.0002	0.00362373
200.0002	-0.0122003
200.0002	0.00547133
200.0002	0.00811124
200.0002	0.00667416
200.0002	0.0030361
200.0002	-0.000545961
200.0002	0.0112845
200.0002	0.0136454
200.0002	0.000106806
200.0002	0.0113968
200.0002	0.00226534
200.0002	-0.00411964
200.0002	0.00820061
200.0002	0.00677674
200.0002	-0.00204393
200.0002	0.00348723
200.0002	0.00551787
200.0002	-0.00112256
200.0002	-0.00437994
200.0002	0.0019329
200.0002	0.000617179
200.0002	0.00479266
200.0002	-0.00289323
200.0002	-0.0058799
200.0002	0.00502588
200.0002	-0.0014741
200.0002	0.00699081
200.0002	-0.0160234
200.0002	-0.00411471
200.0002	0.00823846
200.0002	0.00571423
200.0002	0.00678471
200.0002	0.000493432
200.0002	0.00410007
200.0002	0.00881319
200.0002	-0.00378734
200.0002	0.00316317
200.0002	0.00250316
200.0002	-0.000975634
200.0002	0.000609439
200.0002	0.00041825
200.0002	0.0067627
200.0002	0.000901718
200.0002	0.00238923
200.0002	-0.00214395
200.0002	0.00382376
200.0002	-0.00438939
200.0002	0.00440125
200.0002	-0.00291533
200.0002	0.011128
200.0002	0.00690808
200.0002	-0.00132629
200.0002	0.0055932
200.0002	0.00325745
200.0002	-0.00525954
200.0002	0.000483607
200.0002	0.00609943
200.0002	0.00619502
200.0002	0.00214926
200.0002	0.00204194
200.0002	-0.000670272
200.0002	0.00179905
200.0002	-0.000777224
200.0002	-0.00190077
200.0002	-0.00465312
200.0002	-0.00270587
200.0002	0.00137734
200.0002	0.0033477
200.0002	-3.23097e-05
200.0002	-0.00612947
200.0002	0.0114691
200.0002	-0.000457157
200.0002	-0.00024198
200.0002	-0.000856678
200.0002	0.00319175
200.0002	0.000500842
200.0002	-0.000314711
200.0002	-0.00145507
200.0002	-0.00167214
200.0002	-0.00557249
200.0002	-0.002956
200.0002	-0.00539247
200.0002	0.00326369
200.0002	-0.00145324
200.0002	0.0043394
200.0002	0.00901559
200.0002	0.00285011
200.0002	0.00830256
200.0002	-0.00463313
200.0002	0.0169757
200.0002	-0.0012772
200.0002	-0.00492613
200.0002	0.00359181
200.0002	-0.00204222
200.0002	-0.00455811
200.0002	0.0049753
200.0002	-0.00517845
200.0002	-0.00250368
200.0002	-0.00119327
200.0002	0.00469895
200.0002	0.00614624
200.0002	-0.00291188
200.0002	0.00920204
200.0002	0.00377047
200.0002	-0.00150464
200.0002	0.00449206
200.0002	0.00172117
200.0002	-0.00294303
200.0002	0.00878767
200.0002	-0.00233009
200.0002	0.00847101
200.0002	-0.00293507
200.0002	-0.00177193
200.0002	-0.00480845
200.0002	-0.00462141
200.0002	0.00620758
200.0002	0.00652873
200.0002	-0.00135332
200.0002	-0.00450534
200.0002	0.0103194
200.0002	-0.00245949
200.0002	-0.000336069
200.0002	0.00687681
200.0002	-0.00636182
200.0002	0.00461733
200.0002	-0.0132187
200.0002	0.00459288
200.0002	0.00722629
200.0002	0.00209898
200.0002	0.00428896
200.0002	-0.0100136
200.0002	0.000159921
200.0002	0.0101992
200.0002	0.00523076
200.0002	-0.00157529
200.0002	-0.00727491
200.0002	0.00505213
200.0002	0.0105
200.0002	-0.00422744
200.0002	-0.00529138
200.0002	0.00221468
200.0002	-0.0147758
200.0002	0.0093488
200.0002	-0.00115211
200.0002	0.0115386
200.0002	0.012026
200.0002	-3.81693e-05
200.0002	-0.00202314
200.0002	0.00945948
200.0002	-0.0108775
200.0002	0.00560104
200.0002	-0.00220567
200.0002	0.00539902
200.0002	-0.0100728
200.0002	0.00415524
200.0002	-0.00877231
200.0002	-0.00487046
200.0002	-0.017725
200.0002	-0.00130626
200.0002	-0.00976612
200.0002	-0.0244498
200.0002	-0.00616997
200.0002	-0.0103071
200.0002	-0.0104315
200.0002	0.0154074
200.0002	-0.00749363
200.0002	0.0100303
200.0002	-0.00924272
200.0002	0.00517166
200.0002	-8.09486e-05
200.0002	-0.00529218
200.0002	-0.000559009
200.0002	0.00251574
200.0002	0.0102022
200.0002	0.00498118
200.0002	-0.00738591
200.0002	-0.0010797
200.0002	-0.0162243
200.0002	0.011807
200.0002	-0.0097399
200.0002	0.0128062
200.0002	0.00354549
200.0002	0.0296689
200.0002	0.00121456
200.0002	-2.85159e-05
200.0002	0.00660486
200.0002	0.00412785
200.0002	-0.0132133
200.0002	0.00954223
200.0002	-0.00324419
200.0002	0.0081818
200.0002	0.00061509
200.0002	0.000454917
200.0002	0.00205353
200.0002	-0.00347637
200.0002	0.0240151
200.0002	0.00109191
200.0002	0.00229766
200.0002	0.0122073
200.0002	-2.22793e-05
200.0002	-0.0216524
200.0002	0.00412103
200.0002	-0.00123212
200.0002	0.00538761
200.0002	-0.000684698
200.0002	0.00960989
200.0002	-0.0142382
200.0002	-0.0162735
200.0002	0.0211299
200.0002	-0.0121381
200.0002	-0.0048592
200.0002	0.00452034
200.0002	0.00935847
200.0002	-0.00128407
200.0002	-0.00394418
200.0002	-0.0138268
200.0002	-0.0028745
200.0002	-0.00697895
200.0002	-0.0159123
200.0002	-0.0180263
200.0002	0.00705741
200.0002	-0.00230639
200.0002	-0.0122498
200.0002	0.00149803
200.0002	-0.0204229
200.0002	-0.011211
200.0002	0.0101048
200.0002	-0.00283952
200.0002	-8.82828e-05
200.0002	0.00438616
200.0002	0.00391797
200.0002	0.0235546
200.0002	0.00697095
200.0002	-0.00698664
200.0002	-0.00778382
200.0002	0.0144859
200.0002	0.011762
200.0002	-0.00951892
200.0002	-0.015212
200.0002	-0.017731
200.0002	-0.018504
200.0002	0.00271141
200.0002	0.00368826
200.0002	0.00308042
200.0002	0.0187851
200.0002	0.00557364
200.0002	0.00549685
200.0002	0.0132432
200.0002	-0.0141654
200.0002	-0.0137404
200.0002	0.0082221
200.0002	-0.0066616
200.0002	-0.00822109
200.0002	0.0119462
200.0002	-0.0108916
200.0002	0.0032596
200.0002	-0.0190468
200.0002	-0.00472352
200.0002	0.00231292
200.0002	0.0177709
200.0002	0.0107345
200.0002	-0.00167726
200.0002	0.0150097
200.0002	-0.0114194
200.0002	0.0034333
200.0002	-0.0015112
200.0002	0.00500688
200.0002	0.0126837
200.0002	0.0101174
200.0002	0.00660648
200.0002	0.0148702
200.0002	-0.0105206
200.0002	-0.00741436
200.0002	-0.0224495
200.0002	-0.0241597
200.0002	-0.00415872
200.0002	-0.0114544
200.0002	0.0211288
200.0002	-0.00903518
200.0002	-0.0164639
200.0002	0.00526574
200.0002	-0.00509834
200.0002	0.000465385
200.0002	-0.0135281
200.0002	0.0035733
200.0002	0.0068279
200.0002	0.00925051
200.0002	0.00077625
200.0002	0.00512136
200.0002	0.00189221
200.0002	-0.00540471
200.0002	0.00523295
200.0002	0.0225264
200.0002	0.0111233
200.0002	0.0078764
200.0002	-0.00868588
200.0002	-0.0136552
200.0002	0.00562851
200.0002	-0.00830524
200.0002	0.0120837
200.0002	0.0121971
200.0002	-0.00370516
200.0002	-0.0136196
200.0002	0.0215269
200.0002	-0.00388987
200.0002	0.020107
200.0002	-0.0145665
200.0002	0.00490882
200.0002	0.0205697
200.0002	0.006839
200.0002	-0.025036
200.0002	0.0194566
200.0002	-0.0119036
200.0002	0.00725019
200.0002	-0.00749568
200.0002	-0.0232383
200.0002	-0.0117258
200.0002	-0.00203054
200.0002	0.00586829
200.0002	-0.0149336
200.0002	-0.0170074
200.0002	0.0027245
200.0002	0.00863833
200.0002	-0.00304961
200.0002	0.00802476
200.0002	0.00558877
200.0002	0.00346148
200.0002	0.000118639
200.0002	-0.0217709
200.0002	-0.00817831
200.0002	-0.00988132
200.0002	0.00451254
200.0002	0.0211004
200.0002	-0.00139348
200.0002	0.01433
200.0002	0.0112337
200.0002	0.00596098
200.0002	0.00923567
200.0002	0.0349788
200.0002	0.0126221
200.0002	0.00740655
200.0002	-0.00448848
200.0002	-0.000176291
200.0002	0.00378391
200.0002	0.0276629
200.0002	0.00186718
200.0002	0.00489412
200.0002	-0.0109574
200.0002	0.00302303
200.0002	-0.0192771
200.0002	-0.00607657
200.0002	-0.00120981
200.0002	-0.0113885
200.0002	-0.00129829
200.0002	0.00784734
200.0002	0.015271
200.0002	0.00986376
200.0002	-0.0105471
200.0002	-0.00594317
200.0002	0.0122795
200.0002	0.0214249
200.0002	0.0141007
200.0002	0.00204794
200.0002	-0.0185287
200.0002	-0.00676091
200.0002	-0.00909192
200.0002	-0.022337
200.0002	0.0180593
200.0002	-0.00148034
200.0002	-0.00333836
200.0002	-0.0221724
200.0002	6.65056e-05
200.0002	-0.0108405
200.0002	0.000908778
200.0002	-0.0219245
200.0002	-0.013418
200.0002	-0.0171745
200.0002	0.0226087
200.0002	0.00834608
200.0002	0.00945787
200.0002	-0.000187902
200.0002	0.00625132
200.0002	-0.00476365
200.0002	0.0199708
200.0002	0.0134698
200.0002	0.00038953
200.0002	0.00566022
200.0002	0.00142854
200.0002	-0.0131505
200.0002	-0.00323482
200.0002	0.00405316
200.0002	0.000426565
200.0002	-0.0107633
200.0002	-0.0156111
200.0002	0.00763016
200.0002	0.0143643
200.0002	-0.0141947
200.0002	0.00664401
200.0002	0.0197397
200.0002	-0.00269161
200.0002	0.00269906
200.0002	-0.00155459
200.0002	-0.00663131
200.0002	0.0132291
200.0002	-0.00141709
200.0002	-0.0128292
200.0002	-0.00187804
200.0002	0.0191033
200.0002	0.0159509
200.0002	0.0372112
200.0002	0.011629
200.0002	-0.00166596
200.0002	-0.00149161
200.0002	0.00425907
200.0002	0.00375241
200.0002	0.00365362
200.0002	0.00989608
200.0002	-0.000158658
200.0002	-0.0142019
200.0002	0.00463506
200.0002	0.00882965
200.0002	-0.00067502
200.0002	0.00232953
200.0002	0.00981913
200.0002	-0.00894734
200.0002	-0.0175418
200.0002	0.00876201
200.0002	-0.0177463
200.0002	-0.0200738
200.0002	0.00549042
200.0002	0.000268166
200.0002	-0.0213249
200.0002	-0.00893523
200.0002	-0.0125843
200.0002	0.0140207
200.0002	0.0300245
200.0002	0.0164587
200.0002	-0.00444761
200.0002	0.00764243
200.0002	-0.0115977
200.0002	0.00959936
200.0002	-0.00704261
200.0002	0.00956717
200.0002	0.00986637
200.0002	0.000487224
200.0002	0.0012509
200.0002	0.00495358
200.0002	0.00109503
200.0002	0.0261145
200.0002	0.00172685
200.0002	-0.0103056
200.0002	-0.00392258
200.0002	0.00251601
200.0002	-0.0033125
200.0002	-0.00713303
200.0002	0.0226559
200.0002	0.00546557
200.0002	-0.00819503
200.0002	-0.00326603
200.0002	0.00452749
200.0002	0.0112579
200.0002	-0.0112872
200.0002	0.00348531
200.0002	-0.00497763
200.0002	-0.000653897
200.0002	0.010707
200.0002	-0.00456981
200.0002	-0.00681961
200.0002	-0.000489765
200.0002	-0.00107145
200.0002	-0.0137821
200.0002	-0.000318257
200.0002	0.00959905
200.0002	0.0166679
200.0002	0.0245211
200.0002	-0.0166696
200.0002	0.0112629
200.0002	0.00319122
200.0002	0.00478889
200.0002	-0.0194721
200.0002	-0.018542
200.0002	0.000428984
200.0002	-0.0230158
200.0002	0.00917659
200.0002	0.00612977
200.0002	-0.00338955
200.0002	-0.00560975
200.0002	-0.0132802
200.0002	0.00440289
200.0002	-0.0253067
200.0002	0.0089701
200.0002	-0.000917412
200.0002	0.00239565
200.0002	0.00997075
200.0002	-0.0232107
200.0002	0.0119471
200.0002	-0.00935423
200.0002	0.00823699
200.0002	0.0113859
200.0002	-0.0165326
200.0002	-0.0198563
200.0002	0.00348562
200.0002	-0.00419853
200.0002	0.0252858
200.0002	0.00522431
200.0002	-0.019604
200.0002	-0.000221981
200.0002	0.00127044
200.0002	0.00805496
200.0002	0.0203693
200.0002	-0.0138252
200.0002	-0.00792438
200.0002	-0.00879871
200.0002	-0.00184414
200.0002	-0.0201566
200.0002	0.00840802
200.0002	-0.00203034
200.0002	-0.000591243
200.0002	-0.00345801
200.0002	0.0199461
200.0002	-0.00303137
200.0002	0.00935517
200.0002	0.0152649
200.0002	-0.0194103
200.0002	-0.0109093
200.0002	-0.00810514
200.0002	-0.0211941
200.0002	0.000902167
200.0002	0.00759614
200.0002	0.00519205
200.0002	0.00470827
200.0002	0.00558481
200.0002	0.0010675
200.0002	0.00621726
200.0002	0.010328
200.0002	0.00391936
200.0002	-0.00993589
200.0002	-0.0112771
200.0002	-0.00597081
200.0002	0.0197987
200.0002	-0.00499475
200.0002	0.0202267
200.0002	-0.00527854
200.0002	0.00858001
200.0002	-0.00312206
200.0002	-0.00600841
200.0002	-0.00752007
200.0002	0.00644424
200.0002	-0.00982775
200.0002	0.0094909
200.0002	-0.0270149
200.0002	-0.0190662
200.0002	-0.00468243
200.0002	0.0043312
200.0002	0.00659263
200.0002	-0.00843114
200.0002	-0.00920944
200.0002	0.00623778
200.0002	-0.00491115
200.0002	-0.00843731
200.0002	-0.00997979
200.0002	0.0118862
200.0002	-0.00442288
200.0002	-0.0055603
200.0002	-0.0043626
200.0002	-0.00546415
200.0002	0.00150423
200.0002	0.00592614
200.0002	0.00510908
200.0002	-0.0153925
200.0002	-0.0165303
200.0002	0.00660544
200.0002	0.0164733
200.0002	-0.00348677
200.0002	0.0150401
200.0002	0.00227315
200.0002	0.000542364
200.0002	0.00277747
200.0002	0.00384847
200.0002	-0.00842949
200.0002	0.0073123
200.0002	0.00347693
200.0002	0.00930833
200.0002	-0.00850902
200.0002	-0.00261085
200.0002	0.00155312
200.0002	0.00024718
200.0002	0.00194624
200.0002	-0.00264988
200.0002	-0.00253924
200.0002	0.00183083
200.0002	-0.0045777
200.0002	-0.00138178
200.0002	0.00184721
200.0002	-0.000876332
200.0002	0.00273464
200.0002	-0.00318123
200.0002	-0.00673694
200.0002	0.0032144
200.0002	-0.000751259
200.0002	-0.0171816
200.0002	-0.00395343
200.0002	0.00371039
200.0002	0.000220228
200.0002	-0.00244344
200.0002	-0.0119146
200.0002	-0.00679624
200.0002	0.00255402
200.0002	0.00793534
200.0002	-0.00249882
200.0002	0.00619488
200.0002	0.00549415
200.0002	-0.00287354
200.0002	0.000604849
200.0002	0.000541811
200.0002	0.00137477
200.0002	0.00277499
200.0002	0.00454535
200.0002	-0.00808481
200.0002	-0.0103492
200.0002	-0.00436061
200.0002	0.00803979
200.0002	-0.00557824
200.0002	0.000135366
200.0002	-0.00331254
200.0002	-0.0002805
200.0002	0.0109937
200.0002	0.000249841
200.0002	-0.00442573
200.0002	-0.00188811
200.0002	0.00337221
200.0002	-0.00681346
200.0002	0.00920384
200.0002	0.00047674
200.0002	0.00357422
200.0002	-0.0102669
200.0002	-0.00188229
200.0002	-0.00206148
200.0002	0.00417397
200.0002	0.00175527
200.0002	0.00479253
200.0002	-0.00335893
200.0002	-0.00953149
200.0002	-0.00593668
200.0002	0.00804585
200.0002	0.00212682
200.0002	0.00244636
200.0002	-0.00473166
200.0002	0.00344189
200.0002	0.00367397
200.0002	-0.00131909
200.0002	0.00659087
200.0002	0.00130848
200.0002	0.000569792
200.0002	0.00213777
200.0002	5.30047e-05
200.0002	-0.00285026
200.0002	-0.00975086
200.0002	0.00532276
200.0002	0.00160311
200.0002	-0.00369409
200.0002	-0.00438247
200.0002	-0.00170551
200.0002	-0.000980824
200.0002	0.00808154
200.0002	0.00352657
200.0002	-0.00566749
200.0002	-0.000978025
200.0002	-0.00215744
200.0002	-0.00531265
200.0002	-1.94435e-05
200.0002	0.00577645
200.0002	0.0109029
200.0002	-0.00101168
200.0002	-0.00257425
200.0002	-0.00222527
200.0002	9.82332e-05
200.0002	0.0039308
200.0002	0.00461638
200.0002	0.00295583
200.0002	-0.00522687
200.0002	0.000109911
200.0002	-0.000725875
200.0002	-0.0040469
200.0002	-0.00145816
200.0002	0.00281192
200.0002	-3.36129e-05
200.0002	-0.00251805
200.0002	0.00426212
200.0002	-0.00559445
200.0002	0.000981661
200.0002	-0.00749817
200.0002	-0.00573442
200.0002	0.00872833
200.0002	-0.00624824
200.0002	-0.0101674
200.0002	0.00189074
200.0002	0.00318381
200.0002	0.00473697
200.0002	0.000534191
200.0002	-0.00158284
200.0002	0.00526169
200.0002	-0.00388581
200.0002	0.00727178
200.0002	0.00564208
200.0002	-0.00406874
200.0002	-0.000540514
200.0002	-0.00552206
200.0002	0.00187031
200.0002	0.00198299
200.0002	0.00734327
200.0002	0.00582723
200.0002	-0.00277129
200.0002	0.00775263
200.0002	-0.000155696
200.0002	0.00749006
200.0002	0.00460784
200.0002	0.00459314
200.0002	-0.00552023
200.0002	-0.00477475
200.0002	0.00355453
200.0002	-0.00280615
200.0002	0.0102922
200.0002	0.00636026
200.0002	-0.00736974
200.0002	0.00809098
200.0002	0.0038503
200.0002	-0.0135762
200.0002	-0.00218927
200.0002	-0.00104888
200.0002	0.00468169
200.0002	-0.00453939
200.0002	0.00666113
200.0002	-0.00364159
200.0002	-0.0104498
200.0002	-0.00783116
200.0002	-0.000127838
200.0002	-0.00445333
200.0002	0.00277881
200.0002	0.0116737
200.0002	-0.0158128
200.0002	-0.00761319
200.0002	-0.000258759
200.0002	0.0111871
200.0002	0.00188778
200.0002	0.00150896
200.0002	0.00796512
200.0002	0.0065478
200.0002	0.00842913
200.0002	0.00161046
200.0002	-0.000345409
200.0002	-0.00726595
200.0002	0.0156887
200.0002	0.00161792
200.0002	-0.0046041
200.0002	-0.0051121
200.0002	0.00635841
200.0002	0.00235576
200.0002	-0.00155212
200.0002	0.00673567
200.0002	0.00669827
200.0002	0.00173797
200.0002	0.00262982
200.0002	0.00130069
200.0002	0.0159967
200.0002	-0.00867405
200.0002	-0.018782
200.0002	-0.00421522
200.0002	-0.013149
200.0002	-0.000101453
200.0002	-0.0102966
200.0002	-0.0151434
200.0002	-0.019821
200.0002	-7.987e-05
200.0002	-0.0184416
200.0002	0.0134977
200.0002	-0.0112119
200.0002	-0.00819105
200.0002	-0.00866959
200.0002	-0.0085358
200.0002	-0.00192874
200.0002	-0.00330916
200.0002	-0.0238433
200.0002	0.00376267
200.0002	-0.00418211
200.0002	0.00294751
200.0002	-0.0111163
200.0002	-0.00315679
200.0002	-0.00592344
200.0002	0.0143663
200.0002	0.0144039
200.0002	-0.00251414
200.0002	-0.00076236
200.0002	-0.00716092
200.0002	-0.0124998
200.0002	-0.0150922
200.0002	0.00774067
200.0002	0.0142566
200.0002	-0.0211678
200.0002	0.000558493
200.0002	-0.0150553
200.0002	0.0179998
200.0002	-0.0277669
200.0002	-0.000564841
200.0002	-0.00313565
200.0002	-0.00616345
200.0002	0.0166858
200.0002	0.0134822
200.0002	-0.00413437
200.0002	0.000831929
200.0002	-0.0135759
200.0002	0.0183679
200.0002	0.000943547
200.0002	0.000956767
200.0002	-0.0106806
200.0002	-0.0389446
200.0002	0.00175967
200.0002	-0.000290417
200.0002	0.0119733
200.0002	0.00168269
200.0002	0.00669909
200.0002	-0.000679414
200.0002	-0.00229848
200.0002	-0.0180848
200.0002	-0.00968526
200.0002	-0.0112984
200.0002	0.00911396
200.0002	0.00256391
200.0002	0.0085746
200.0002	0.00103515
200.0002	-0.00347546
200.0002	-0.00146025
200.0002	0.0197976
200.0002	-0.0117237
200.0002	-0.0158587
200.0002	-0.0159652
200.0002	-0.00351244
200.0002	-0.00982312
200.0002	-0.00404325
200.0002	0.00507059
200.0002	-0.00905822
200.0002	0.00430176
200.0002	-0.0138916
200.0002	0.00853081
200.0002	0.00715407
200.0002	0.0147611
200.0002	0.00936922
200.0002	-0.0253001
200.0002	-0.00372825
200.0002	-0.00976696
200.0002	-0.00821785
200.0002	-0.011712
200.0002	0.0114164
200.0002	-0.00851244
200.0002	-0.00167438
200.0002	-0.00973755
200.0002	-0.02588
200.0002	0.00758394
200.0002	-0.00283026
200.0002	0.00133886
200.0002	-0.0174089
200.0002	0.00378672
200.0002	-0.0261885
200.0002	-0.00541824
200.0002	0.00246166
200.0002	0.0038564
200.0002	0.00415182
200.0002	0.0164239
200.0002	-0.0105248
200.0002	-3.98743e-05
200.0002	0.00514895
200.0002	0.0058201
200.0002	0.0192282
200.0002	0.00555819
200.0002	-0.0011503
200.0002	-0.0129118
200.0002	0.00301848
200.0002	0.0086653
200.0002	0.00497491
200.0002	-0.00893726
200.0002	-0.0186428
200.0002	-0.0077573
200.0002	-0.000834752
200.0002	0.00148042
200.0002	0.000513085
200.0002	-0.0104327
200.0002	-0.00798182
200.0002	0.00291744
200.0002	0.00400652
200.0002	-0.000440655
200.0002	0.0105357
200.0002	-0.020298
200.0002	-0.014158
200.0002	-0.00354677
200.0002	0.0117538
200.0002	0.00536796
200.0002	0.00744438
200.0002	-0.00911825
200.0002	-0.00102334
200.0002	0.0090584
200.0002	0.0219017
200.0002	0.00382666
200.0002	0.000150612
200.0002	-0.00981185
200.0002	0.00845437
200.0002	0.0155013
200.0002	-0.00173213
200.0002	0.00574215
200.0002	0.0093856
200.0002	0.00543163
200.0002	0.0138929
200.0002	-0.00166808
200.0002	-0.00967429
200.0002	-0.00314209
200.0002	-0.0210358
200.0002	-0.0209652
200.0002	0.0130157
200.0002	-0.0045163
200.0002	-0.00175558
200.0002	0.0351467
200.0002	0.00131832
200.0002	0.00380745
200.0002	-0.000955354
200.0002	-0.0108026
200.0002	-0.0198848
200.0002	0.0073145
200.0002	-0.0102248
200.0002	-0.0020315
200.0002	-0.000826533
200.0002	-0.0102349
200.0002	-0.00334145
200.0002	0.0157664
200.0002	0.0325756
200.0002	-0.00132161
200.0002	-0.0180649
200.0002	0.0174035
200.0002	-0.00425693
200.0002	-0.0167337
200.0002	0.030819
200.0002	-0.0139501
200.0002	0.0130542
200.0002	0.000982637
200.0002	-0.00455167
200.0002	0.00658412
200.0002	0.00123583
200.0002	0.0186571
200.0002	-0.0039523
200.0002	0.00078111
200.0002	0.00660285
200.0002	0.00377276
200.0002	-0.00191718
200.0002	-0.0192947
200.0002	0.00850731
200.0002	-0.000871035
200.0002	0.00190681
200.0002	-0.00253642
200.0002	-0.0148353
200.0002	0.0328951
200.0002	-0.00589004
200.0002	-0.00184545
200.0002	-0.0101671
200.0002	-0.00450272
200.0002	0.00837055
200.0002	0.0028935
200.0002	0.012185
200.0002	0.0113134
200.0002	-0.0112258
200.0002	0.0160751
200.0002	-0.0142191
200.0002	0.0169106
200.0002	0.0140696
200.0002	-0.00811034
200.0002	-0.0153089
200.0002	-0.00359045
200.0002	-0.00233539
200.0002	0.00259813
200.0002	0.00763416
200.0002	-0.0161032
200.0002	0.00554691
200.0002	0.0192695
200.0002	-0.00672604
200.0002	-0.00611173
200.0002	0.00519819
200.0002	-0.00960612
200.0002	-0.0150177
200.0002	-0.0102198
200.0002	-0.00481286
200.0002	0.0121204
200.0002	0.0124602
200.0002	-0.00752795
200.0002	0.0132946
200.0002	0.0232462
200.0002	-0.00264151
200.0002	-0.0169402
200.0002	0.0191598
200.0002	0.0179061
200.0002	-0.00727119
200.0002	0.0134376
200.0002	0.00274543
200.0002	-0.0113856
200.0002	-0.0011478
200.0002	-0.00327711
200.0002	-0.0149374
200.0002	-0.0116324
200.0002	-0.00854985
200.0002	-0.0286765
200.0002	-0.00191778
200.0002	0.00263489
200.0002	0.0156529
200.0002	-0.00775197
200.0002	0.00528912
200.0002	-0.0282122
200.0002	-0.012552
200.0002	-0.00207909
200.0002	-0.0115796
200.0002	0.0137773
200.0002	0.0117003
200.0002	0.00730926
200.0002	0.00118357
200.0002	-0.00138389
200.0002	0.0119049
200.0002	-0.00936571
200.0002	0.0232565
200.0002	0.00983678
200.0002	-0.00231956
200.0002	-0.0098139
200.0002	-0.0149203
200.0002	0.00447179
200.0002	-0.00912845
200.0002	0.0131169
200.0002	0.0106614
200.0002	0.00225687
200.0002	-0.0133771
200.0002	0.00497087
200.0002	0.0274865
200.0002	0.00620812
200.0002	-0.0229199
200.0002	0.0151859
200.0002	0.00416799
200.0002	0.0086337
200.0002	-0.00920902
200.0002	-0.000330373
200.0002	0.00872135
200.0002	0.023923
200.0002	0.00843854
200.0002	-0.00367444
200.0002	0.0105822
200.0002	0.00120974
200.0002	-0.013324
200.0002	-0.0202476
200.0002	0.027153
200.0002	-0.00634779
200.0002	0.00608993
200.0002	0.00820433
200.0002	-0.0195759
200.0002	0.000606239
200.0002	-0.00990418
200.0002	0.0123042
200.0002	0.00754552
200.0002	-0.00638935
200.0002	-0.0359264
200.0002	0.0272558
200.0002	0.00171489
200.0002	0.0237938
200.0002	0.0223627
200.0002	-0.0149962
200.0002	0.0173742
200.0002	-0.00059087
200.0002	-0.00171596
200.0002	-0.00627461
200.0002	0.023188
200.0002	0.000454352
200.0002	0.00979786
200.0002	-0.00156941
200.0002	-0.00650076
200.0002	-0.0131689
200.0002	-0.0151475
200.0002	0.016674
200.0002	-0.0101042
200.0002	0.00535948
200.0002	-0.0160642
200.0002	0.000579677
200.0002	0.00356054
200.0002	0.00366172
200.0002	0.00236157
200.0002	0.00581003
200.0002	-0.00399042
