4000	0	0	1194
4000	0.1	0	1178
4000	0.2	0	1208
4000	0.3	0	1262
4000	0.4	0	1372
4000	0.5	0	1326
4000	0.6	0	1399
4000	0.7	0	1476
4000	0.8	0	1618
4000	0.9	0	1755
4000	1	0	1865
4000	1.1	0	2059
4000	1.2	0	2344
4000	1.3	0	2768
4000	1.4	0	3144
4000	1.5	0	3642
4000	1.6	0	4453
4000	1.7	0	5344
4000	1.8	0	6904
4000	1.9	0	8757
4000	2	0	10964
4000	2.1	0	13669
4000	2.2	0	16575
4000	2.3	0	18740
4000	2.4	0	19081
4000	2.5	0	17725
4000	2.6	0	17413
4000	2.7	0	17352
4000	2.8	0	17282
4000	2.9	0	17802
4000	3	0	17668
4000	3.1	0	18042
4000	3.2	0	18103
4000	3.3	0	17894
4000	3.4	0	18112
4000	3.5	0	18232
4000	3.6	0	18025
4000	3.7	0	18085
4000	3.8	0	18211
4000	3.9	0	18052
4000	4	0	18088
4000	4.1	0	18173
4000	4.2	0	18145
4000	4.3	0	18058
4000	4.4	0	18027
4000	4.5	0	18152
4000	4.6	0	17884
4000	4.7	0	17819
4000	4.8	0	17808
4000	4.9	0	17927
4000	5	0	17944
4000	5.1	0	17877
4000	5.2	0	17323
4000	5.3	0	16918
4000	5.4	0	16478
4000	5.5	0	15492
4000	5.6	0	14782
4000	5.7	0	13768
4000	5.8	0	12818
4000	5.9	0	11888
4000	6	0	10955
4000	6.1	0	9962
4000	6.2	0	9214
4000	6.3	0	8408
4000	6.4	0	7640
4000	6.5	0	7072
4000	6.6	0	6434
4000	6.7	0	5834
4000	6.8	0	5487
4000	6.9	0	5163
4000	7	0	4748
4000	7.1	0	4392
4000	7.2	0	4006
4000	7.3	0	3765
4000	7.4	0	3599
4000	7.5	0	3459
4000	7.6	0	3201
4000	7.7	0	3017
4000	7.8	0	2915
4000	7.9	0	2806
4000	8	0	2666
4000	8.1	0	2425
4000	8.2	0	2311
4000	8.3	0	2216
4000	8.4	0	2192
4000	8.5	0	2042
4000	8.6	0	2061
4000	8.7	0	1965
4000	8.8	0	1870
4000	8.9	0	1822
4000	9	0	1742
4000	9.1	0	1731
4000	9.2	0	1648
4000	9.3	0	1594
4000	9.4	0	1558
4000	9.5	0	1596
4000	9.6	0	1508
4000	9.7	0	1440
4000	9.8	0	1444
4000	9.9	0	1314
4000	10	0	1337
4000	10.1	0	1298
4000	10.2	0	1264
4000	10.3	0	1320
4000	10.4	0	1241
4000	10.5	0	1228
4000	10.6	0	1232
4000	10.7	0	1222
4000	10.8	0	1161
4000	10.9	0	1145
4000	11	0	1209
4000	11.1	0	1178
4000	11.2	0	1171
4000	11.3	0	1112
4000	11.4	0	1109
4000	11.5	0	1109
4000	11.6	0	1139
4000	11.7	0	1139
4000	11.8	0	1105
4000	11.9	0	1125
4000	12	0	1123
4000	12.1	0	1122
4000	12.2	0	1143
4000	12.3	0	1070
4000	12.4	0	1075
4000	12.5	0	1142
4000	12.6	0	1090
4000	12.7	0	1088
4000	12.8	0	1109
4000	12.9	0	1114
4000	13	0	1093
4000	13.1	0	1157
4000	13.2	0	1080
4000	13.3	0	1105
4000	13.4	0	1128
4000	13.5	0	1112
4000	13.6	0	1132
4000	13.7	0	1136
4000	13.8	0	1101
4000	13.9	0	1135
4000	14	0	1089
4000	14.1	0	1183
4000	14.2	0	1116
4000	14.3	0	1093
4000	14.4	0	1130
4000	14.5	0	1065
4000	14.6	0	1110
4000	14.7	0	1166
4000	14.8	0	1099
4000	14.9	0	1099
4000	15	0	1145
4000	15.1	0	1127
4000	15.2	0	1138
4000	15.3	0	1111
4000	15.4	0	1100
4000	15.5	0	1106
4000	15.6	0	1104
4000	15.7	0	1116
4000	15.8	0	1115
4000	15.9	0	1083
4000	16	0	1073
4000	16.1	0	1133
4000	16.2	0	1077
4000	16.3	0	1082
4000	16.4	0	1111
4000	16.5	0	1097
4000	16.6	0	1110
4000	16.7	0	1089
4000	16.8	0	1078
4000	16.9	0	1198
4000	17	0	1096
4000	17.1	0	1209
4000	17.2	0	1115
4000	17.3	0	1106
4000	17.4	0	1153
4000	17.5	0	1128
4000	17.6	0	1125
4000	17.7	0	1118
4000	17.8	0	1087
4000	17.9	0	1076
4000	18	0	1061
4000	18.1	0	1155
4000	18.2	0	1058
4000	18.3	0	1132
4000	18.4	0	1100
4000	18.5	0	1130
4000	18.6	0	1146
4000	18.7	0	1146
4000	18.8	0	1112
4000	18.9	0	1141
4000	19	0	1102
4000	19.1	0	1131
4000	19.2	0	1186
4000	19.3	0	1093
4000	19.4	0	1127
4000	19.5	0	1197
4000	19.6	0	1132
4000	19.7	0	1199
4000	19.8	0	1144
4000	19.9	0	1167
8000	0	0	1173
8000	0.1	0	1087
8000	0.2	0	1154
8000	0.3	0	1222
8000	0.4	0	1297
8000	0.5	0	1331
8000	0.6	0	1416
8000	0.7	0	1524
8000	0.8	0	1601
8000	0.9	0	1714
8000	1	0	1864
8000	1.1	0	2120
8000	1.2	0	2386
8000	1.3	0	2676
8000	1.4	0	3188
8000	1.5	0	3793
8000	1.6	0	4592
8000	1.7	0	5413
8000	1.8	0	6844
8000	1.9	0	8655
8000	2	0	11109
8000	2.1	0	13747
8000	2.2	0	16633
8000	2.3	0	18586
8000	2.4	0	19031
8000	2.5	0	17903
8000	2.6	0	17192
8000	2.7	0	17461
8000	2.8	0	17516
8000	2.9	0	17880
8000	3	0	17578
8000	3.1	0	18051
8000	3.2	0	17951
8000	3.3	0	18208
8000	3.4	0	18115
8000	3.5	0	18083
8000	3.6	0	17840
8000	3.7	0	18152
8000	3.8	0	18138
8000	3.9	0	18177
8000	4	0	18164
8000	4.1	0	18081
8000	4.2	0	18107
8000	4.3	0	18083
8000	4.4	0	18203
8000	4.5	0	17984
8000	4.6	0	17863
8000	4.7	0	18057
8000	4.8	0	17636
8000	4.9	0	18019
8000	5	0	17958
8000	5.1	0	17657
8000	5.2	0	17453
8000	5.3	0	16930
8000	5.4	0	16326
8000	5.5	0	15412
8000	5.6	0	14498
8000	5.7	0	13772
8000	5.8	0	12830
8000	5.9	0	11901
8000	6	0	10866
8000	6.1	0	10154
8000	6.2	0	9103
8000	6.3	0	8392
8000	6.4	0	7706
8000	6.5	0	7082
8000	6.6	0	6557
8000	6.7	0	5963
8000	6.8	0	5508
8000	6.9	0	5105
8000	7	0	4780
8000	7.1	0	4403
8000	7.2	0	4053
8000	7.3	0	3835
8000	7.4	0	3570
8000	7.5	0	3391
8000	7.6	0	3301
8000	7.7	0	3015
8000	7.8	0	2834
8000	7.9	0	2749
8000	8	0	2626
8000	8.1	0	2478
8000	8.2	0	2335
8000	8.3	0	2284
8000	8.4	0	2275
8000	8.5	0	2106
8000	8.6	0	2025
8000	8.7	0	1873
8000	8.8	0	1884
8000	8.9	0	1813
8000	9	0	1757
8000	9.1	0	1674
8000	9.2	0	1612
8000	9.3	0	1607
8000	9.4	0	1606
8000	9.5	0	1470
8000	9.6	0	1471
8000	9.7	0	1487
8000	9.8	0	1418
8000	9.9	0	1387
8000	10	0	1432
8000	10.1	0	1272
8000	10.2	0	1320
8000	10.3	0	1290
8000	10.4	0	1321
8000	10.5	0	1230
8000	10.6	0	1172
8000	10.7	0	1209
8000	10.8	0	1245
8000	10.9	0	1156
8000	11	0	1160
8000	11.1	0	1120
8000	11.2	0	1087
8000	11.3	0	1042
8000	11.4	0	1138
8000	11.5	0	1096
8000	11.6	0	1082
8000	11.7	0	1128
8000	11.8	0	1071
8000	11.9	0	1067
8000	12	0	1075
8000	12.1	0	1098
8000	12.2	0	1137
8000	12.3	0	1126
8000	12.4	0	1099
8000	12.5	0	1120
8000	12.6	0	1048
8000	12.7	0	1085
8000	12.8	0	1089
8000	12.9	0	1096
8000	13	0	1116
8000	13.1	0	1113
8000	13.2	0	1107
8000	13.3	0	1123
8000	13.4	0	1128
8000	13.5	0	1093
8000	13.6	0	1070
8000	13.7	0	1094
8000	13.8	0	1085
8000	13.9	0	1055
8000	14	0	1094
8000	14.1	0	1113
8000	14.2	0	1071
8000	14.3	0	1128
8000	14.4	0	1085
8000	14.5	0	1107
8000	14.6	0	1094
8000	14.7	0	1147
8000	14.8	0	1156
8000	14.9	0	1077
8000	15	0	1046
8000	15.1	0	1089
8000	15.2	0	1110
8000	15.3	0	1095
8000	15.4	0	1055
8000	15.5	0	1076
8000	15.6	0	1134
8000	15.7	0	1147
8000	15.8	0	1081
8000	15.9	0	1166
8000	16	0	1067
8000	16.1	0	1091
8000	16.2	0	1141
8000	16.3	0	1131
8000	16.4	0	1156
8000	16.5	0	1122
8000	16.6	0	1117
8000	16.7	0	1137
8000	16.8	0	1157
8000	16.9	0	1114
8000	17	0	1143
8000	17.1	0	1099
8000	17.2	0	1106
8000	17.3	0	1124
8000	17.4	0	1137
8000	17.5	0	1099
8000	17.6	0	1113
8000	17.7	0	1157
8000	17.8	0	1121
8000	17.9	0	1126
8000	18	0	1109
8000	18.1	0	1128
8000	18.2	0	1167
8000	18.3	0	1156
8000	18.4	0	1108
8000	18.5	0	1145
8000	18.6	0	1091
8000	18.7	0	1155
8000	18.8	0	1110
8000	18.9	0	1199
8000	19	0	1179
8000	19.1	0	1157
8000	19.2	0	1111
8000	19.3	0	1148
8000	19.4	0	1122
8000	19.5	0	1174
8000	19.6	0	1189
8000	19.7	0	1154
8000	19.8	0	1193
8000	19.9	0	1191
12000	0	0	1143
12000	0.1	0	1131
12000	0.2	0	1154
12000	0.3	0	1254
12000	0.4	0	1345
12000	0.5	0	1327
12000	0.6	0	1444
12000	0.7	0	1485
12000	0.8	0	1644
12000	0.9	0	1702
12000	1	0	1956
12000	1.1	0	2103
12000	1.2	0	2386
12000	1.3	0	2734
12000	1.4	0	3241
12000	1.5	0	3718
12000	1.6	0	4537
12000	1.7	0	5407
12000	1.8	0	6821
12000	1.9	0	8554
12000	2	0	10937
12000	2.1	0	13866
12000	2.2	0	16623
12000	2.3	0	18815
12000	2.4	0	18867
12000	2.5	0	18057
12000	2.6	0	17546
12000	2.7	0	17063
12000	2.8	0	17450
12000	2.9	0	17688
12000	3	0	17903
12000	3.1	0	17988
12000	3.2	0	18032
12000	3.3	0	18087
12000	3.4	0	18192
12000	3.5	0	18209
12000	3.6	0	17945
12000	3.7	0	18236
12000	3.8	0	18032
12000	3.9	0	18182
12000	4	0	17984
12000	4.1	0	18271
12000	4.2	0	17937
12000	4.3	0	18172
12000	4.4	0	18101
12000	4.5	0	18034
12000	4.6	0	17808
12000	4.7	0	17815
12000	4.8	0	17873
12000	4.9	0	17863
12000	5	0	17931
12000	5.1	0	17621
12000	5.2	0	17619
12000	5.3	0	16749
12000	5.4	0	16326
12000	5.5	0	15447
12000	5.6	0	14687
12000	5.7	0	13774
12000	5.8	0	12676
12000	5.9	0	11709
12000	6	0	10821
12000	6.1	0	10106
12000	6.2	0	9342
12000	6.3	0	8162
12000	6.4	0	7533
12000	6.5	0	7048
12000	6.6	0	6495
12000	6.7	0	5783
12000	6.8	0	5431
12000	6.9	0	5139
12000	7	0	4753
12000	7.1	0	4513
12000	7.2	0	4058
12000	7.3	0	3795
12000	7.4	0	3605
12000	7.5	0	3414
12000	7.6	0	3292
12000	7.7	0	3023
12000	7.8	0	2883
12000	7.9	0	2693
12000	8	0	2450
12000	8.1	0	2538
12000	8.2	0	2312
12000	8.3	0	2260
12000	8.4	0	2195
12000	8.5	0	2116
12000	8.6	0	2032
12000	8.7	0	1837
12000	8.8	0	1790
12000	8.9	0	1794
12000	9	0	1765
12000	9.1	0	1661
12000	9.2	0	1649
12000	9.3	0	1639
12000	9.4	0	1617
12000	9.5	0	1470
12000	9.6	0	1530
12000	9.7	0	1414
12000	9.8	0	1427
12000	9.9	0	1380
12000	10	0	1348
12000	10.1	0	1360
12000	10.2	0	1317
12000	10.3	0	1294
12000	10.4	0	1260
12000	10.5	0	1237
12000	10.6	0	1221
12000	10.7	0	1305
12000	10.8	0	1214
12000	10.9	0	1161
12000	11	0	1172
12000	11.1	0	1156
12000	11.2	0	1165
12000	11.3	0	1135
12000	11.4	0	1168
12000	11.5	0	1124
12000	11.6	0	1089
12000	11.7	0	1123
12000	11.8	0	1107
12000	11.9	0	1123
12000	12	0	1143
12000	12.1	0	1124
12000	12.2	0	1102
12000	12.3	0	1083
12000	12.4	0	1153
12000	12.5	0	1062
12000	12.6	0	1068
12000	12.7	0	1144
12000	12.8	0	1084
12000	12.9	0	1090
12000	13	0	1098
12000	13.1	0	1103
12000	13.2	0	1106
12000	13.3	0	1099
12000	13.4	0	1128
12000	13.5	0	1070
12000	13.6	0	1127
12000	13.7	0	1169
12000	13.8	0	1109
12000	13.9	0	1153
12000	14	0	1181
12000	14.1	0	1180
12000	14.2	0	1122
12000	14.3	0	1105
12000	14.4	0	1139
12000	14.5	0	1138
12000	14.6	0	1136
12000	14.7	0	1112
12000	14.8	0	1078
12000	14.9	0	1099
12000	15	0	1086
12000	15.1	0	1132
12000	15.2	0	1134
12000	15.3	0	1071
12000	15.4	0	1094
12000	15.5	0	1148
12000	15.6	0	1106
12000	15.7	0	1125
12000	15.8	0	1093
12000	15.9	0	1112
12000	16	0	1106
12000	16.1	0	1158
12000	16.2	0	1102
12000	16.3	0	1083
12000	16.4	0	1096
12000	16.5	0	1166
12000	16.6	0	1126
12000	16.7	0	1141
12000	16.8	0	1115
12000	16.9	0	1133
12000	17	0	1115
12000	17.1	0	1135
12000	17.2	0	1030
12000	17.3	0	1150
12000	17.4	0	1178
12000	17.5	0	1105
12000	17.6	0	1119
12000	17.7	0	1094
12000	17.8	0	1133
12000	17.9	0	1106
12000	18	0	1142
12000	18.1	0	1174
12000	18.2	0	1165
12000	18.3	0	1141
12000	18.4	0	1151
12000	18.5	0	1146
12000	18.6	0	1104
12000	18.7	0	1071
12000	18.8	0	1184
12000	18.9	0	1135
12000	19	0	1180
12000	19.1	0	1184
12000	19.2	0	1029
12000	19.3	0	1134
12000	19.4	0	1179
12000	19.5	0	1132
12000	19.6	0	1153
12000	19.7	0	1152
12000	19.8	0	1197
12000	19.9	0	1205
16000	0	0	1197
16000	0.1	0	1171
16000	0.2	0	1220
16000	0.3	0	1245
16000	0.4	0	1238
16000	0.5	0	1337
16000	0.6	0	1473
16000	0.7	0	1473
16000	0.8	0	1641
16000	0.9	0	1775
16000	1	0	1891
16000	1.1	0	2186
16000	1.2	0	2405
16000	1.3	0	2733
16000	1.4	0	3079
16000	1.5	0	3858
16000	1.6	0	4408
16000	1.7	0	5521
16000	1.8	0	6834
16000	1.9	0	8534
16000	2	0	11015
16000	2.1	0	13668
16000	2.2	0	16582
16000	2.3	0	18607
16000	2.4	0	19070
16000	2.5	0	17911
16000	2.6	0	17499
16000	2.7	0	17311
16000	2.8	0	17346
16000	2.9	0	17695
16000	3	0	17694
16000	3.1	0	17992
16000	3.2	0	18145
16000	3.3	0	18016
16000	3.4	0	18172
16000	3.5	0	18263
16000	3.6	0	18089
16000	3.7	0	17905
16000	3.8	0	18350
16000	3.9	0	18226
16000	4	0	17994
16000	4.1	0	18149
16000	4.2	0	18155
16000	4.3	0	18162
16000	4.4	0	17967
16000	4.5	0	17979
16000	4.6	0	18048
16000	4.7	0	17861
16000	4.8	0	17872
16000	4.9	0	17932
16000	5	0	17940
16000	5.1	0	17686
16000	5.2	0	17368
16000	5.3	0	17273
16000	5.4	0	16222
16000	5.5	0	15499
16000	5.6	0	14693
16000	5.7	0	13667
16000	5.8	0	12872
16000	5.9	0	11620
16000	6	0	10999
16000	6.1	0	9952
16000	6.2	0	9214
16000	6.3	0	8489
16000	6.4	0	7712
16000	6.5	0	6866
16000	6.6	0	6424
16000	6.7	0	5944
16000	6.8	0	5529
16000	6.9	0	5137
16000	7	0	4686
16000	7.1	0	4458
16000	7.2	0	4117
16000	7.3	0	3748
16000	7.4	0	3576
16000	7.5	0	3384
16000	7.6	0	3189
16000	7.7	0	2951
16000	7.8	0	2882
16000	7.9	0	2767
16000	8	0	2633
16000	8.1	0	2593
16000	8.2	0	2440
16000	8.3	0	2233
16000	8.4	0	2127
16000	8.5	0	2108
16000	8.6	0	1985
16000	8.7	0	1928
16000	8.8	0	1862
16000	8.9	0	1873
16000	9	0	1723
16000	9.1	0	1673
16000	9.2	0	1698
16000	9.3	0	1618
16000	9.4	0	1544
16000	9.5	0	1506
16000	9.6	0	1526
16000	9.7	0	1515
16000	9.8	0	1417
16000	9.9	0	1416
16000	10	0	1368
16000	10.1	0	1296
16000	10.2	0	1268
16000	10.3	0	1219
16000	10.4	0	1275
16000	10.5	0	1227
16000	10.6	0	1143
16000	10.7	0	1168
16000	10.8	0	1147
16000	10.9	0	1179
16000	11	0	1178
16000	11.1	0	1073
16000	11.2	0	1106
16000	11.3	0	1092
16000	11.4	0	1112
16000	11.5	0	1088
16000	11.6	0	1099
16000	11.7	0	1092
16000	11.8	0	1128
16000	11.9	0	1111
16000	12	0	1053
16000	12.1	0	1088
16000	12.2	0	1133
16000	12.3	0	1096
16000	12.4	0	1110
16000	12.5	0	1086
16000	12.6	0	1102
16000	12.7	0	1125
16000	12.8	0	1120
16000	12.9	0	1128
16000	13	0	1151
16000	13.1	0	1074
16000	13.2	0	1114
16000	13.3	0	1062
16000	13.4	0	1051
16000	13.5	0	1140
16000	13.6	0	1141
16000	13.7	0	1180
16000	13.8	0	1071
16000	13.9	0	1179
16000	14	0	1101
16000	14.1	0	1107
16000	14.2	0	1095
16000	14.3	0	1128
16000	14.4	0	1118
16000	14.5	0	1055
16000	14.6	0	1135
16000	14.7	0	1164
16000	14.8	0	1039
16000	14.9	0	1108
16000	15	0	1069
16000	15.1	0	1077
16000	15.2	0	1062
16000	15.3	0	1160
16000	15.4	0	1131
16000	15.5	0	1091
16000	15.6	0	1137
16000	15.7	0	1135
16000	15.8	0	1089
16000	15.9	0	1064
16000	16	0	1117
16000	16.1	0	1066
16000	16.2	0	1093
16000	16.3	0	1122
16000	16.4	0	1064
16000	16.5	0	1102
16000	16.6	0	1117
16000	16.7	0	1127
16000	16.8	0	1118
16000	16.9	0	1092
16000	17	0	1173
16000	17.1	0	1095
16000	17.2	0	1125
16000	17.3	0	1115
16000	17.4	0	1167
16000	17.5	0	1150
16000	17.6	0	1135
16000	17.7	0	1124
16000	17.8	0	1137
16000	17.9	0	1124
16000	18	0	1121
16000	18.1	0	1210
16000	18.2	0	1116
16000	18.3	0	1123
16000	18.4	0	1121
16000	18.5	0	1104
16000	18.6	0	1133
16000	18.7	0	1246
16000	18.8	0	1135
16000	18.9	0	1155
16000	19	0	1090
16000	19.1	0	1098
16000	19.2	0	1138
16000	19.3	0	1194
16000	19.4	0	1148
16000	19.5	0	1152
16000	19.6	0	1119
16000	19.7	0	1117
16000	19.8	0	1166
16000	19.9	0	1137
20000	0	0	1192
20000	0.1	0	1150
20000	0.2	0	1191
20000	0.3	0	1267
20000	0.4	0	1216
20000	0.5	0	1333
20000	0.6	0	1323
20000	0.7	0	1513
20000	0.8	0	1561
20000	0.9	0	1727
20000	1	0	1862
20000	1.1	0	2041
20000	1.2	0	2486
20000	1.3	0	2768
20000	1.4	0	3055
20000	1.5	0	3781
20000	1.6	0	4475
20000	1.7	0	5594
20000	1.8	0	6929
20000	1.9	0	8460
20000	2	0	10673
20000	2.1	0	13747
20000	2.2	0	16390
20000	2.3	0	18837
20000	2.4	0	18832
20000	2.5	0	17942
20000	2.6	0	17387
20000	2.7	0	17337
20000	2.8	0	17320
20000	2.9	0	17625
20000	3	0	17772
20000	3.1	0	18170
20000	3.2	0	17943
20000	3.3	0	18003
20000	3.4	0	18135
20000	3.5	0	18270
20000	3.6	0	18145
20000	3.7	0	18100
20000	3.8	0	18122
20000	3.9	0	18263
20000	4	0	18133
20000	4.1	0	18097
20000	4.2	0	18221
20000	4.3	0	17951
20000	4.4	0	17974
20000	4.5	0	18017
20000	4.6	0	18061
20000	4.7	0	18081
20000	4.8	0	17882
20000	4.9	0	17864
20000	5	0	17862
20000	5.1	0	17559
20000	5.2	0	17448
20000	5.3	0	17029
20000	5.4	0	16327
20000	5.5	0	15422
20000	5.6	0	14775
20000	5.7	0	13898
20000	5.8	0	12932
20000	5.9	0	11944
20000	6	0	11012
20000	6.1	0	9950
20000	6.2	0	8997
20000	6.3	0	8443
20000	6.4	0	7768
20000	6.5	0	6984
20000	6.6	0	6520
20000	6.7	0	5962
20000	6.8	0	5498
20000	6.9	0	5150
20000	7	0	4722
20000	7.1	0	4447
20000	7.2	0	4033
20000	7.3	0	3832
20000	7.4	0	3599
20000	7.5	0	3361
20000	7.6	0	3184
20000	7.7	0	2932
20000	7.8	0	2891
20000	7.9	0	2704
20000	8	0	2576
20000	8.1	0	2432
20000	8.2	0	2322
20000	8.3	0	2228
20000	8.4	0	2235
20000	8.5	0	2173
20000	8.6	0	1994
20000	8.7	0	1987
20000	8.8	0	1883
20000	8.9	0	1920
20000	9	0	1731
20000	9.1	0	1694
20000	9.2	0	1548
20000	9.3	0	1605
20000	9.4	0	1572
20000	9.5	0	1576
20000	9.6	0	1450
20000	9.7	0	1470
20000	9.8	0	1389
20000	9.9	0	1437
20000	10	0	1330
20000	10.1	0	1357
20000	10.2	0	1285
20000	10.3	0	1258
20000	10.4	0	1314
20000	10.5	0	1200
20000	10.6	0	1239
20000	10.7	0	1251
20000	10.8	0	1203
20000	10.9	0	1160
20000	11	0	1195
20000	11.1	0	1091
20000	11.2	0	1121
20000	11.3	0	1116
20000	11.4	0	1107
20000	11.5	0	1064
20000	11.6	0	1071
20000	11.7	0	1098
20000	11.8	0	1167
20000	11.9	0	1095
20000	12	0	1081
20000	12.1	0	1081
20000	12.2	0	1103
20000	12.3	0	1104
20000	12.4	0	1083
20000	12.5	0	1157
20000	12.6	0	1085
20000	12.7	0	1103
20000	12.8	0	1100
20000	12.9	0	1219
20000	13	0	1098
20000	13.1	0	1061
20000	13.2	0	1161
20000	13.3	0	1131
20000	13.4	0	1178
20000	13.5	0	1125
20000	13.6	0	1097
20000	13.7	0	1125
20000	13.8	0	1128
20000	13.9	0	1157
20000	14	0	1078
20000	14.1	0	1051
20000	14.2	0	1095
20000	14.3	0	1092
20000	14.4	0	1075
20000	14.5	0	1062
20000	14.6	0	1093
20000	14.7	0	1159
20000	14.8	0	1071
20000	14.9	0	1112
20000	15	0	1102
20000	15.1	0	1158
20000	15.2	0	1130
20000	15.3	0	1050
20000	15.4	0	1115
20000	15.5	0	1091
20000	15.6	0	1160
20000	15.7	0	1115
20000	15.8	0	1119
20000	15.9	0	1081
20000	16	0	1134
20000	16.1	0	1148
20000	16.2	0	1114
20000	16.3	0	1143
20000	16.4	0	1112
20000	16.5	0	1148
20000	16.6	0	1102
20000	16.7	0	1149
20000	16.8	0	1118
20000	16.9	0	1119
20000	17	0	1113
20000	17.1	0	1100
20000	17.2	0	1118
20000	17.3	0	1085
20000	17.4	0	1186
20000	17.5	0	1098
20000	17.6	0	1167
20000	17.7	0	1121
20000	17.8	0	1095
20000	17.9	0	1062
20000	18	0	1097
20000	18.1	0	1125
20000	18.2	0	1228
20000	18.3	0	1196
20000	18.4	0	1163
20000	18.5	0	1111
20000	18.6	0	1182
20000	18.7	0	1147
20000	18.8	0	1143
20000	18.9	0	1146
20000	19	0	1060
20000	19.1	0	1120
20000	19.2	0	1156
20000	19.3	0	1120
20000	19.4	0	1162
20000	19.5	0	1135
20000	19.6	0	1104
20000	19.7	0	1138
20000	19.8	0	1152
20000	19.9	0	1150
