4000	0	0	1013
4000	0.1	0	994
4000	0.2	0	1026
4000	0.3	0	1068
4000	0.4	0	1090
4000	0.5	0	1090
4000	0.6	0	1225
4000	0.7	0	1217
4000	0.8	0	1309
4000	0.9	0	1430
4000	1	0	1571
4000	1.1	0	1766
4000	1.2	0	1937
4000	1.3	0	2121
4000	1.4	0	2486
4000	1.5	0	2856
4000	1.6	0	3233
4000	1.7	0	3893
4000	1.8	0	4985
4000	1.9	0	5958
4000	2	0	7698
4000	2.1	0	9921
4000	2.2	0	13245
4000	2.3	0	16693
4000	2.4	0	19651
4000	2.5	0	20174
4000	2.6	0	19986
4000	2.7	0	19946
4000	2.8	0	19983
4000	2.9	0	20391
4000	3	0	20022
4000	3.1	0	20030
4000	3.2	0	20064
4000	3.3	0	20148
4000	3.4	0	20520
4000	3.5	0	20203
4000	3.6	0	20060
4000	3.7	0	20071
4000	3.8	0	20159
4000	3.9	0	19979
4000	4	0	20218
4000	4.1	0	20076
4000	4.2	0	20131
4000	4.3	0	20114
4000	4.4	0	20310
4000	4.5	0	20138
4000	4.6	0	19991
4000	4.7	0	20155
4000	4.8	0	20131
4000	4.9	0	20229
4000	5	0	20169
4000	5.1	0	19976
4000	5.2	0	18761
4000	5.3	0	17969
4000	5.4	0	16241
4000	5.5	0	15038
4000	5.6	0	13818
4000	5.7	0	12506
4000	5.8	0	11439
4000	5.9	0	10286
4000	6	0	9373
4000	6.1	0	8445
4000	6.2	0	7720
4000	6.3	0	6968
4000	6.4	0	6401
4000	6.5	0	5972
4000	6.6	0	5428
4000	6.7	0	5118
4000	6.8	0	4815
4000	6.9	0	4357
4000	7	0	4075
4000	7.1	0	3761
4000	7.2	0	3635
4000	7.3	0	3278
4000	7.4	0	3155
4000	7.5	0	3149
4000	7.6	0	2858
4000	7.7	0	2672
4000	7.8	0	2617
4000	7.9	0	2450
4000	8	0	2392
4000	8.1	0	2207
4000	8.2	0	2067
4000	8.3	0	2008
4000	8.4	0	1944
4000	8.5	0	1953
4000	8.6	0	1834
4000	8.7	0	1769
4000	8.8	0	1686
4000	8.9	0	1677
4000	9	0	1541
4000	9.1	0	1582
4000	9.2	0	1435
4000	9.3	0	1436
4000	9.4	0	1400
4000	9.5	0	1363
4000	9.6	0	1355
4000	9.7	0	1276
4000	9.8	0	1296
4000	9.9	0	1243
4000	10	0	1225
4000	10.1	0	1174
4000	10.2	0	1104
4000	10.3	0	1097
4000	10.4	0	1135
4000	10.5	0	1123
4000	10.6	0	1080
4000	10.7	0	1096
4000	10.8	0	1091
4000	10.9	0	1093
4000	11	0	1035
4000	11.1	0	1016
4000	11.2	0	1043
4000	11.3	0	999
4000	11.4	0	1018
4000	11.5	0	995
4000	11.6	0	948
4000	11.7	0	980
4000	11.8	0	967
4000	11.9	0	983
4000	12	0	1063
4000	12.1	0	1034
4000	12.2	0	1032
4000	12.3	0	1002
4000	12.4	0	1043
4000	12.5	0	1039
4000	12.6	0	994
4000	12.7	0	1044
4000	12.8	0	992
4000	12.9	0	1019
4000	13	0	985
4000	13.1	0	1001
4000	13.2	0	1023
4000	13.3	0	1003
4000	13.4	0	985
4000	13.5	0	1028
4000	13.6	0	1049
4000	13.7	0	1010
4000	13.8	0	974
4000	13.9	0	1037
4000	14	0	1020
4000	14.1	0	965
4000	14.2	0	984
4000	14.3	0	995
4000	14.4	0	1007
4000	14.5	0	974
4000	14.6	0	919
4000	14.7	0	1026
4000	14.8	0	1048
4000	14.9	0	956
4000	15	0	1005
4000	15.1	0	923
4000	15.2	0	1017
4000	15.3	0	1018
4000	15.4	0	1012
4000	15.5	0	993
4000	15.6	0	969
4000	15.7	0	1032
4000	15.8	0	994
4000	15.9	0	998
4000	16	0	972
4000	16.1	0	1012
4000	16.2	0	978
4000	16.3	0	1054
4000	16.4	0	956
4000	16.5	0	976
4000	16.6	0	969
4000	16.7	0	1071
4000	16.8	0	1083
4000	16.9	0	1004
4000	17	0	983
4000	17.1	0	1029
4000	17.2	0	965
4000	17.3	0	1028
4000	17.4	0	955
4000	17.5	0	1026
4000	17.6	0	1006
4000	17.7	0	996
4000	17.8	0	1014
4000	17.9	0	1024
4000	18	0	1035
4000	18.1	0	971
4000	18.2	0	979
4000	18.3	0	911
4000	18.4	0	982
4000	18.5	0	996
4000	18.6	0	1044
4000	18.7	0	965
4000	18.8	0	1037
4000	18.9	0	963
4000	19	0	969
4000	19.1	0	1015
4000	19.2	0	965
4000	19.3	0	980
4000	19.4	0	981
4000	19.5	0	1055
4000	19.6	0	972
4000	19.7	0	1014
4000	19.8	0	1043
4000	19.9	0	989
8000	0	0	966
8000	0.1	0	999
8000	0.2	0	970
8000	0.3	0	1068
8000	0.4	0	1083
8000	0.5	0	1198
8000	0.6	0	1247
8000	0.7	0	1247
8000	0.8	0	1282
8000	0.9	0	1527
8000	1	0	1559
8000	1.1	0	1782
8000	1.2	0	1967
8000	1.3	0	2191
8000	1.4	0	2439
8000	1.5	0	2913
8000	1.6	0	3286
8000	1.7	0	3912
8000	1.8	0	4694
8000	1.9	0	6008
8000	2	0	7643
8000	2.1	0	10061
8000	2.2	0	13258
8000	2.3	0	16778
8000	2.4	0	19487
8000	2.5	0	20094
8000	2.6	0	19969
8000	2.7	0	20116
8000	2.8	0	20043
8000	2.9	0	20178
8000	3	0	20244
8000	3.1	0	20257
8000	3.2	0	20327
8000	3.3	0	20103
8000	3.4	0	20146
8000	3.5	0	19882
8000	3.6	0	20255
8000	3.7	0	20137
8000	3.8	0	20045
8000	3.9	0	20269
8000	4	0	20133
8000	4.1	0	20324
8000	4.2	0	19873
8000	4.3	0	20092
8000	4.4	0	20175
8000	4.5	0	20186
8000	4.6	0	20042
8000	4.7	0	19997
8000	4.8	0	20190
8000	4.9	0	20024
8000	5	0	20192
8000	5.1	0	19545
8000	5.2	0	18516
8000	5.3	0	17585
8000	5.4	0	16653
8000	5.5	0	15310
8000	5.6	0	13983
8000	5.7	0	12505
8000	5.8	0	11253
8000	5.9	0	10322
8000	6	0	9408
8000	6.1	0	8477
8000	6.2	0	7674
8000	6.3	0	7109
8000	6.4	0	6529
8000	6.5	0	5873
8000	6.6	0	5481
8000	6.7	0	5085
8000	6.8	0	4599
8000	6.9	0	4401
8000	7	0	4024
8000	7.1	0	3758
8000	7.2	0	3572
8000	7.3	0	3290
8000	7.4	0	3172
8000	7.5	0	2935
8000	7.6	0	2757
8000	7.7	0	2692
8000	7.8	0	2526
8000	7.9	0	2467
8000	8	0	2233
8000	8.1	0	2184
8000	8.2	0	2196
8000	8.3	0	2010
8000	8.4	0	1992
8000	8.5	0	1845
8000	8.6	0	1854
8000	8.7	0	1711
8000	8.8	0	1607
8000	8.9	0	1699
8000	9	0	1569
8000	9.1	0	1537
8000	9.2	0	1516
8000	9.3	0	1509
8000	9.4	0	1422
8000	9.5	0	1423
8000	9.6	0	1399
8000	9.7	0	1283
8000	9.8	0	1369
8000	9.9	0	1218
8000	10	0	1169
8000	10.1	0	1184
8000	10.2	0	1128
8000	10.3	0	1144
8000	10.4	0	1124
8000	10.5	0	1127
8000	10.6	0	1079
8000	10.7	0	1096
8000	10.8	0	1046
8000	10.9	0	1053
8000	11	0	1059
8000	11.1	0	1083
8000	11.2	0	1061
8000	11.3	0	1090
8000	11.4	0	998
8000	11.5	0	990
8000	11.6	0	1070
8000	11.7	0	989
8000	11.8	0	995
8000	11.9	0	996
8000	12	0	992
8000	12.1	0	1024
8000	12.2	0	991
8000	12.3	0	1020
8000	12.4	0	1028
8000	12.5	0	1011
8000	12.6	0	968
8000	12.7	0	987
8000	12.8	0	987
8000	12.9	0	1041
8000	13	0	1001
8000	13.1	0	1041
8000	13.2	0	1007
8000	13.3	0	1016
8000	13.4	0	1007
8000	13.5	0	965
8000	13.6	0	1030
8000	13.7	0	1026
8000	13.8	0	1033
8000	13.9	0	1000
8000	14	0	977
8000	14.1	0	1007
8000	14.2	0	987
8000	14.3	0	1037
8000	14.4	0	981
8000	14.5	0	993
8000	14.6	0	1007
8000	14.7	0	1013
8000	14.8	0	998
8000	14.9	0	958
8000	15	0	1007
8000	15.1	0	1013
8000	15.2	0	963
8000	15.3	0	977
8000	15.4	0	1017
8000	15.5	0	1010
8000	15.6	0	1019
8000	15.7	0	1023
8000	15.8	0	1010
8000	15.9	0	1042
8000	16	0	986
8000	16.1	0	1020
8000	16.2	0	1028
8000	16.3	0	1008
8000	16.4	0	1007
8000	16.5	0	1019
8000	16.6	0	1021
8000	16.7	0	994
8000	16.8	0	1067
8000	16.9	0	980
8000	17	0	1019
8000	17.1	0	1004
8000	17.2	0	997
8000	17.3	0	1027
8000	17.4	0	1064
8000	17.5	0	974
8000	17.6	0	1006
8000	17.7	0	960
8000	17.8	0	1002
8000	17.9	0	1027
8000	18	0	1035
8000	18.1	0	993
8000	18.2	0	1030
8000	18.3	0	985
8000	18.4	0	992
8000	18.5	0	1028
8000	18.6	0	994
8000	18.7	0	1020
8000	18.8	0	983
8000	18.9	0	1019
8000	19	0	1003
8000	19.1	0	1052
8000	19.2	0	1008
8000	19.3	0	1012
8000	19.4	0	1016
8000	19.5	0	952
8000	19.6	0	1038
8000	19.7	0	953
8000	19.8	0	1029
8000	19.9	0	1018
12000	0	0	955
12000	0.1	0	1029
12000	0.2	0	1017
12000	0.3	0	1076
12000	0.4	0	1097
12000	0.5	0	1138
12000	0.6	0	1169
12000	0.7	0	1254
12000	0.8	0	1357
12000	0.9	0	1416
12000	1	0	1525
12000	1.1	0	1780
12000	1.2	0	1870
12000	1.3	0	2105
12000	1.4	0	2480
12000	1.5	0	2835
12000	1.6	0	3387
12000	1.7	0	3907
12000	1.8	0	4880
12000	1.9	0	5954
12000	2	0	7703
12000	2.1	0	10010
12000	2.2	0	12829
12000	2.3	0	16669
12000	2.4	0	19388
12000	2.5	0	20215
12000	2.6	0	20321
12000	2.7	0	20013
12000	2.8	0	19910
12000	2.9	0	20089
12000	3	0	20105
12000	3.1	0	19925
12000	3.2	0	20259
12000	3.3	0	20147
12000	3.4	0	20225
12000	3.5	0	20536
12000	3.6	0	20307
12000	3.7	0	20100
12000	3.8	0	20026
12000	3.9	0	20301
12000	4	0	19976
12000	4.1	0	20270
12000	4.2	0	20094
12000	4.3	0	20222
12000	4.4	0	20233
12000	4.5	0	20408
12000	4.6	0	20177
12000	4.7	0	20122
12000	4.8	0	19941
12000	4.9	0	20282
12000	5	0	20121
12000	5.1	0	19875
12000	5.2	0	18827
12000	5.3	0	17738
12000	5.4	0	16407
12000	5.5	0	15163
12000	5.6	0	13771
12000	5.7	0	12478
12000	5.8	0	11261
12000	5.9	0	10402
12000	6	0	9133
12000	6.1	0	8428
12000	6.2	0	7802
12000	6.3	0	7149
12000	6.4	0	6420
12000	6.5	0	5986
12000	6.6	0	5514
12000	6.7	0	5145
12000	6.8	0	4705
12000	6.9	0	4348
12000	7	0	4018
12000	7.1	0	3812
12000	7.2	0	3547
12000	7.3	0	3293
12000	7.4	0	3153
12000	7.5	0	3000
12000	7.6	0	2847
12000	7.7	0	2598
12000	7.8	0	2523
12000	7.9	0	2439
12000	8	0	2254
12000	8.1	0	2308
12000	8.2	0	2083
12000	8.3	0	2112
12000	8.4	0	1983
12000	8.5	0	1824
12000	8.6	0	1875
12000	8.7	0	1764
12000	8.8	0	1597
12000	8.9	0	1686
12000	9	0	1551
12000	9.1	0	1547
12000	9.2	0	1509
12000	9.3	0	1484
12000	9.4	0	1447
12000	9.5	0	1364
12000	9.6	0	1287
12000	9.7	0	1266
12000	9.8	0	1263
12000	9.9	0	1270
12000	10	0	1214
12000	10.1	0	1152
12000	10.2	0	1279
12000	10.3	0	1118
12000	10.4	0	1089
12000	10.5	0	1122
12000	10.6	0	1118
12000	10.7	0	1075
12000	10.8	0	1086
12000	10.9	0	1090
12000	11	0	1060
12000	11.1	0	1057
12000	11.2	0	1021
12000	11.3	0	998
12000	11.4	0	986
12000	11.5	0	1030
12000	11.6	0	984
12000	11.7	0	987
12000	11.8	0	1028
12000	11.9	0	994
12000	12	0	1018
12000	12.1	0	1037
12000	12.2	0	995
12000	12.3	0	925
12000	12.4	0	1012
12000	12.5	0	965
12000	12.6	0	1002
12000	12.7	0	985
12000	12.8	0	1002
12000	12.9	0	1018
12000	13	0	978
12000	13.1	0	964
12000	13.2	0	1079
12000	13.3	0	988
12000	13.4	0	1035
12000	13.5	0	992
12000	13.6	0	973
12000	13.7	0	998
12000	13.8	0	945
12000	13.9	0	1021
12000	14	0	985
12000	14.1	0	960
12000	14.2	0	986
12000	14.3	0	1067
12000	14.4	0	980
12000	14.5	0	1016
12000	14.6	0	1016
12000	14.7	0	957
12000	14.8	0	987
12000	14.9	0	1015
12000	15	0	1038
12000	15.1	0	1038
12000	15.2	0	1060
12000	15.3	0	1069
12000	15.4	0	1041
12000	15.5	0	1022
12000	15.6	0	986
12000	15.7	0	945
12000	15.8	0	981
12000	15.9	0	1007
12000	16	0	994
12000	16.1	0	993
12000	16.2	0	1059
12000	16.3	0	997
12000	16.4	0	1047
12000	16.5	0	991
12000	16.6	0	947
12000	16.7	0	1028
12000	16.8	0	990
12000	16.9	0	1002
12000	17	0	969
12000	17.1	0	1033
12000	17.2	0	974
12000	17.3	0	993
12000	17.4	0	994
12000	17.5	0	1023
12000	17.6	0	995
12000	17.7	0	1018
12000	17.8	0	1011
12000	17.9	0	967
12000	18	0	932
12000	18.1	0	961
12000	18.2	0	1008
12000	18.3	0	1010
12000	18.4	0	992
12000	18.5	0	1020
12000	18.6	0	1035
12000	18.7	0	1024
12000	18.8	0	1030
12000	18.9	0	1003
12000	19	0	1016
12000	19.1	0	1001
12000	19.2	0	1058
12000	19.3	0	992
12000	19.4	0	975
12000	19.5	0	994
12000	19.6	0	1009
12000	19.7	0	960
12000	19.8	0	936
12000	19.9	0	1032
16000	0	0	986
16000	0.1	0	1076
16000	0.2	0	1047
16000	0.3	0	1047
16000	0.4	0	1092
16000	0.5	0	1147
16000	0.6	0	1183
16000	0.7	0	1328
16000	0.8	0	1299
16000	0.9	0	1421
16000	1	0	1606
16000	1.1	0	1743
16000	1.2	0	1953
16000	1.3	0	2132
16000	1.4	0	2492
16000	1.5	0	2714
16000	1.6	0	3317
16000	1.7	0	3978
16000	1.8	0	4775
16000	1.9	0	6064
16000	2	0	7699
16000	2.1	0	9982
16000	2.2	0	13130
16000	2.3	0	16661
16000	2.4	0	19519
16000	2.5	0	20137
16000	2.6	0	20180
16000	2.7	0	20024
16000	2.8	0	20312
16000	2.9	0	20359
16000	3	0	20064
16000	3.1	0	20201
16000	3.2	0	19944
16000	3.3	0	20134
16000	3.4	0	20046
16000	3.5	0	20016
16000	3.6	0	20169
16000	3.7	0	20223
16000	3.8	0	20101
16000	3.9	0	20161
16000	4	0	20226
16000	4.1	0	20206
16000	4.2	0	20167
16000	4.3	0	20294
16000	4.4	0	20204
16000	4.5	0	20022
16000	4.6	0	19966
16000	4.7	0	20121
16000	4.8	0	20116
16000	4.9	0	20200
16000	5	0	20027
16000	5.1	0	19725
16000	5.2	0	18781
16000	5.3	0	17557
16000	5.4	0	16371
16000	5.5	0	15313
16000	5.6	0	13761
16000	5.7	0	12472
16000	5.8	0	11407
16000	5.9	0	10291
16000	6	0	9109
16000	6.1	0	8591
16000	6.2	0	7760
16000	6.3	0	7197
16000	6.4	0	6407
16000	6.5	0	5971
16000	6.6	0	5325
16000	6.7	0	5103
16000	6.8	0	4664
16000	6.9	0	4356
16000	7	0	4108
16000	7.1	0	3758
16000	7.2	0	3602
16000	7.3	0	3360
16000	7.4	0	3316
16000	7.5	0	3030
16000	7.6	0	2816
16000	7.7	0	2584
16000	7.8	0	2533
16000	7.9	0	2414
16000	8	0	2243
16000	8.1	0	2241
16000	8.2	0	2070
16000	8.3	0	1987
16000	8.4	0	1983
16000	8.5	0	1953
16000	8.6	0	1817
16000	8.7	0	1748
16000	8.8	0	1674
16000	8.9	0	1626
16000	9	0	1533
16000	9.1	0	1501
16000	9.2	0	1502
16000	9.3	0	1504
16000	9.4	0	1475
16000	9.5	0	1509
16000	9.6	0	1354
16000	9.7	0	1265
16000	9.8	0	1274
16000	9.9	0	1283
16000	10	0	1273
16000	10.1	0	1208
16000	10.2	0	1100
16000	10.3	0	1157
16000	10.4	0	1120
16000	10.5	0	1132
16000	10.6	0	1068
16000	10.7	0	1131
16000	10.8	0	1078
16000	10.9	0	1033
16000	11	0	1039
16000	11.1	0	1067
16000	11.2	0	1059
16000	11.3	0	1007
16000	11.4	0	1016
16000	11.5	0	1078
16000	11.6	0	994
16000	11.7	0	997
16000	11.8	0	1026
16000	11.9	0	1061
16000	12	0	1004
16000	12.1	0	998
16000	12.2	0	982
16000	12.3	0	985
16000	12.4	0	978
16000	12.5	0	991
16000	12.6	0	983
16000	12.7	0	1051
16000	12.8	0	962
16000	12.9	0	1050
16000	13	0	1018
16000	13.1	0	1062
16000	13.2	0	1031
16000	13.3	0	1018
16000	13.4	0	954
16000	13.5	0	1049
16000	13.6	0	980
16000	13.7	0	1045
16000	13.8	0	999
16000	13.9	0	1031
16000	14	0	975
16000	14.1	0	1007
16000	14.2	0	1052
16000	14.3	0	1016
16000	14.4	0	970
16000	14.5	0	974
16000	14.6	0	1009
16000	14.7	0	976
16000	14.8	0	1009
16000	14.9	0	1040
16000	15	0	998
16000	15.1	0	962
16000	15.2	0	994
16000	15.3	0	1025
16000	15.4	0	936
16000	15.5	0	1004
16000	15.6	0	1017
16000	15.7	0	1010
16000	15.8	0	982
16000	15.9	0	1024
16000	16	0	941
16000	16.1	0	1020
16000	16.2	0	1012
16000	16.3	0	1007
16000	16.4	0	1018
16000	16.5	0	959
16000	16.6	0	999
16000	16.7	0	973
16000	16.8	0	1077
16000	16.9	0	1023
16000	17	0	973
16000	17.1	0	1018
16000	17.2	0	1011
16000	17.3	0	1019
16000	17.4	0	1014
16000	17.5	0	1002
16000	17.6	0	1012
16000	17.7	0	1020
16000	17.8	0	987
16000	17.9	0	977
16000	18	0	1041
16000	18.1	0	962
16000	18.2	0	1014
16000	18.3	0	988
16000	18.4	0	992
16000	18.5	0	1047
16000	18.6	0	989
16000	18.7	0	1012
16000	18.8	0	975
16000	18.9	0	978
16000	19	0	939
16000	19.1	0	1021
16000	19.2	0	1031
16000	19.3	0	926
16000	19.4	0	1022
16000	19.5	0	926
16000	19.6	0	1004
16000	19.7	0	1067
16000	19.8	0	1005
16000	19.9	0	969
20000	0	0	983
20000	0.1	0	1007
20000	0.2	0	1020
20000	0.3	0	1019
20000	0.4	0	1122
20000	0.5	0	1151
20000	0.6	0	1142
20000	0.7	0	1287
20000	0.8	0	1348
20000	0.9	0	1430
20000	1	0	1555
20000	1.1	0	1685
20000	1.2	0	1905
20000	1.3	0	2175
20000	1.4	0	2345
20000	1.5	0	2789
20000	1.6	0	3310
20000	1.7	0	3935
20000	1.8	0	4844
20000	1.9	0	6068
20000	2	0	7502
20000	2.1	0	9954
20000	2.2	0	13186
20000	2.3	0	16746
20000	2.4	0	19323
20000	2.5	0	20238
20000	2.6	0	20052
20000	2.7	0	20263
20000	2.8	0	20373
20000	2.9	0	20182
20000	3	0	19974
20000	3.1	0	20044
20000	3.2	0	20151
20000	3.3	0	19884
20000	3.4	0	20154
20000	3.5	0	19894
20000	3.6	0	20154
20000	3.7	0	20252
20000	3.8	0	20187
20000	3.9	0	20074
20000	4	0	19961
20000	4.1	0	20013
20000	4.2	0	20275
20000	4.3	0	20146
20000	4.4	0	20025
20000	4.5	0	20343
20000	4.6	0	20115
20000	4.7	0	20127
20000	4.8	0	20172
20000	4.9	0	20081
20000	5	0	20059
20000	5.1	0	19620
20000	5.2	0	18850
20000	5.3	0	17608
20000	5.4	0	16633
20000	5.5	0	15074
20000	5.6	0	13832
20000	5.7	0	12511
20000	5.8	0	11308
20000	5.9	0	10501
20000	6	0	9395
20000	6.1	0	8544
20000	6.2	0	7797
20000	6.3	0	7018
20000	6.4	0	6469
20000	6.5	0	5925
20000	6.6	0	5555
20000	6.7	0	5073
20000	6.8	0	4743
20000	6.9	0	4277
20000	7	0	3940
20000	7.1	0	3813
20000	7.2	0	3601
20000	7.3	0	3460
20000	7.4	0	3241
20000	7.5	0	3013
20000	7.6	0	2898
20000	7.7	0	2720
20000	7.8	0	2570
20000	7.9	0	2372
20000	8	0	2345
20000	8.1	0	2199
20000	8.2	0	2127
20000	8.3	0	1987
20000	8.4	0	1966
20000	8.5	0	1865
20000	8.6	0	1816
20000	8.7	0	1773
20000	8.8	0	1628
20000	8.9	0	1675
20000	9	0	1589
20000	9.1	0	1554
20000	9.2	0	1492
20000	9.3	0	1394
20000	9.4	0	1439
20000	9.5	0	1373
20000	9.6	0	1320
20000	9.7	0	1330
20000	9.8	0	1255
20000	9.9	0	1266
20000	10	0	1219
20000	10.1	0	1165
20000	10.2	0	1189
20000	10.3	0	1191
20000	10.4	0	1190
20000	10.5	0	1120
20000	10.6	0	1089
20000	10.7	0	1085
20000	10.8	0	1113
20000	10.9	0	1060
20000	11	0	1082
20000	11.1	0	1042
20000	11.2	0	1038
20000	11.3	0	1040
20000	11.4	0	1027
20000	11.5	0	997
20000	11.6	0	983
20000	11.7	0	991
20000	11.8	0	983
20000	11.9	0	989
20000	12	0	1037
20000	12.1	0	977
20000	12.2	0	1022
20000	12.3	0	1040
20000	12.4	0	988
20000	12.5	0	1004
20000	12.6	0	996
20000	12.7	0	1051
20000	12.8	0	1058
20000	12.9	0	945
20000	13	0	969
20000	13.1	0	1012
20000	13.2	0	971
20000	13.3	0	1009
20000	13.4	0	1047
20000	13.5	0	963
20000	13.6	0	1035
20000	13.7	0	1003
20000	13.8	0	1058
20000	13.9	0	1009
20000	14	0	999
20000	14.1	0	1016
20000	14.2	0	1028
20000	14.3	0	1020
20000	14.4	0	1022
20000	14.5	0	1041
20000	14.6	0	1007
20000	14.7	0	1012
20000	14.8	0	989
20000	14.9	0	1005
20000	15	0	1006
20000	15.1	0	1011
20000	15.2	0	967
20000	15.3	0	1020
20000	15.4	0	983
20000	15.5	0	994
20000	15.6	0	1096
20000	15.7	0	994
20000	15.8	0	999
20000	15.9	0	1028
20000	16	0	996
20000	16.1	0	1007
20000	16.2	0	1006
20000	16.3	0	1013
20000	16.4	0	970
20000	16.5	0	1061
20000	16.6	0	999
20000	16.7	0	1000
20000	16.8	0	954
20000	16.9	0	1074
20000	17	0	993
20000	17.1	0	997
20000	17.2	0	1016
20000	17.3	0	979
20000	17.4	0	1053
20000	17.5	0	1017
20000	17.6	0	1025
20000	17.7	0	934
20000	17.8	0	1009
20000	17.9	0	1086
20000	18	0	1029
20000	18.1	0	941
20000	18.2	0	974
20000	18.3	0	1014
20000	18.4	0	991
20000	18.5	0	978
20000	18.6	0	951
20000	18.7	0	986
20000	18.8	0	968
20000	18.9	0	1099
20000	19	0	988
20000	19.1	0	1030
20000	19.2	0	1015
20000	19.3	0	1043
20000	19.4	0	1019
20000	19.5	0	964
20000	19.6	0	998
20000	19.7	0	1033
20000	19.8	0	971
20000	19.9	0	1017
