4000	0	0	1162
4000	0.1	0	1230
4000	0.2	0	1305
4000	0.3	0	1333
4000	0.4	0	1378
4000	0.5	0	1415
4000	0.6	0	1468
4000	0.7	0	1614
4000	0.8	0	1725
4000	0.9	0	1902
4000	1	0	2008
4000	1.1	0	2194
4000	1.2	0	2444
4000	1.3	0	2785
4000	1.4	0	3251
4000	1.5	0	3867
4000	1.6	0	4522
4000	1.7	0	5308
4000	1.8	0	6653
4000	1.9	0	8489
4000	2	0	10962
4000	2.1	0	13656
4000	2.2	0	16894
4000	2.3	0	19084
4000	2.4	0	19202
4000	2.5	0	17659
4000	2.6	0	17035
4000	2.7	0	16793
4000	2.8	0	17259
4000	2.9	0	17349
4000	3	0	17504
4000	3.1	0	17384
4000	3.2	0	17424
4000	3.3	0	17441
4000	3.4	0	17637
4000	3.5	0	17476
4000	3.6	0	17502
4000	3.7	0	17588
4000	3.8	0	17685
4000	3.9	0	17256
4000	4	0	17381
4000	4.1	0	17552
4000	4.2	0	17585
4000	4.3	0	17628
4000	4.4	0	17498
4000	4.5	0	17422
4000	4.6	0	17496
4000	4.7	0	17444
4000	4.8	0	17404
4000	4.9	0	17396
4000	5	0	17415
4000	5.1	0	17610
4000	5.2	0	17144
4000	5.3	0	16870
4000	5.4	0	16263
4000	5.5	0	15979
4000	5.6	0	14837
4000	5.7	0	13843
4000	5.8	0	13218
4000	5.9	0	11947
4000	6	0	11047
4000	6.1	0	10236
4000	6.2	0	9423
4000	6.3	0	8560
4000	6.4	0	7972
4000	6.5	0	7190
4000	6.6	0	6826
4000	6.7	0	6124
4000	6.8	0	5585
4000	6.9	0	5152
4000	7	0	4846
4000	7.1	0	4520
4000	7.2	0	4370
4000	7.3	0	4065
4000	7.4	0	3781
4000	7.5	0	3520
4000	7.6	0	3263
4000	7.7	0	3189
4000	7.8	0	2995
4000	7.9	0	2834
4000	8	0	2693
4000	8.1	0	2634
4000	8.2	0	2504
4000	8.3	0	2406
4000	8.4	0	2368
4000	8.5	0	2169
4000	8.6	0	2125
4000	8.7	0	1988
4000	8.8	0	2080
4000	8.9	0	1832
4000	9	0	1820
4000	9.1	0	1799
4000	9.2	0	1708
4000	9.3	0	1718
4000	9.4	0	1581
4000	9.5	0	1576
4000	9.6	0	1590
4000	9.7	0	1482
4000	9.8	0	1506
4000	9.9	0	1408
4000	10	0	1419
4000	10.1	0	1421
4000	10.2	0	1410
4000	10.3	0	1326
4000	10.4	0	1303
4000	10.5	0	1321
4000	10.6	0	1221
4000	10.7	0	1291
4000	10.8	0	1245
4000	10.9	0	1234
4000	11	0	1206
4000	11.1	0	1197
4000	11.2	0	1246
4000	11.3	0	1213
4000	11.4	0	1210
4000	11.5	0	1190
4000	11.6	0	1108
4000	11.7	0	1157
4000	11.8	0	1198
4000	11.9	0	1181
4000	12	0	1187
4000	12.1	0	1132
4000	12.2	0	1139
4000	12.3	0	1187
4000	12.4	0	1172
4000	12.5	0	1137
4000	12.6	0	1156
4000	12.7	0	1215
4000	12.8	0	1182
4000	12.9	0	1173
4000	13	0	1121
4000	13.1	0	1144
4000	13.2	0	1188
4000	13.3	0	1132
4000	13.4	0	1222
4000	13.5	0	1154
4000	13.6	0	1171
4000	13.7	0	1099
4000	13.8	0	1211
4000	13.9	0	1087
4000	14	0	1139
4000	14.1	0	1192
4000	14.2	0	1128
4000	14.3	0	1146
4000	14.4	0	1159
4000	14.5	0	1177
4000	14.6	0	1139
4000	14.7	0	1147
4000	14.8	0	1190
4000	14.9	0	1125
4000	15	0	1159
4000	15.1	0	1176
4000	15.2	0	1156
4000	15.3	0	1148
4000	15.4	0	1114
4000	15.5	0	1164
4000	15.6	0	1131
4000	15.7	0	1153
4000	15.8	0	1193
4000	15.9	0	1181
4000	16	0	1197
4000	16.1	0	1205
4000	16.2	0	1212
4000	16.3	0	1172
4000	16.4	0	1207
4000	16.5	0	1167
4000	16.6	0	1207
4000	16.7	0	1159
4000	16.8	0	1135
4000	16.9	0	1152
4000	17	0	1113
4000	17.1	0	1201
4000	17.2	0	1169
4000	17.3	0	1144
4000	17.4	0	1181
4000	17.5	0	1231
4000	17.6	0	1106
4000	17.7	0	1149
4000	17.8	0	1191
4000	17.9	0	1244
4000	18	0	1192
4000	18.1	0	1251
4000	18.2	0	1165
4000	18.3	0	1185
4000	18.4	0	1195
4000	18.5	0	1184
4000	18.6	0	1236
4000	18.7	0	1202
4000	18.8	0	1172
4000	18.9	0	1206
4000	19	0	1143
4000	19.1	0	1198
4000	19.2	0	1186
4000	19.3	0	1148
4000	19.4	0	1212
4000	19.5	0	1147
4000	19.6	0	1175
4000	19.7	0	1250
4000	19.8	0	1135
4000	19.9	0	1193
8000	0	0	1240
8000	0.1	0	1222
8000	0.2	0	1282
8000	0.3	0	1298
8000	0.4	0	1372
8000	0.5	0	1353
8000	0.6	0	1375
8000	0.7	0	1574
8000	0.8	0	1676
8000	0.9	0	1819
8000	1	0	1982
8000	1.1	0	2225
8000	1.2	0	2501
8000	1.3	0	2855
8000	1.4	0	3125
8000	1.5	0	3745
8000	1.6	0	4512
8000	1.7	0	5582
8000	1.8	0	6718
8000	1.9	0	8535
8000	2	0	10741
8000	2.1	0	13680
8000	2.2	0	16699
8000	2.3	0	19305
8000	2.4	0	19180
8000	2.5	0	17496
8000	2.6	0	17084
8000	2.7	0	16958
8000	2.8	0	17310
8000	2.9	0	17268
8000	3	0	17342
8000	3.1	0	17606
8000	3.2	0	17563
8000	3.3	0	17465
8000	3.4	0	17430
8000	3.5	0	17598
8000	3.6	0	17474
8000	3.7	0	17587
8000	3.8	0	17276
8000	3.9	0	17485
8000	4	0	17419
8000	4.1	0	17536
8000	4.2	0	17469
8000	4.3	0	17427
8000	4.4	0	17540
8000	4.5	0	17726
8000	4.6	0	17311
8000	4.7	0	17278
8000	4.8	0	17374
8000	4.9	0	17432
8000	5	0	17467
8000	5.1	0	17184
8000	5.2	0	17434
8000	5.3	0	16851
8000	5.4	0	16265
8000	5.5	0	15604
8000	5.6	0	15035
8000	5.7	0	14092
8000	5.8	0	13110
8000	5.9	0	12134
8000	6	0	11002
8000	6.1	0	10305
8000	6.2	0	9419
8000	6.3	0	8609
8000	6.4	0	7912
8000	6.5	0	7363
8000	6.6	0	6608
8000	6.7	0	6086
8000	6.8	0	5712
8000	6.9	0	5305
8000	7	0	4871
8000	7.1	0	4510
8000	7.2	0	4296
8000	7.3	0	3969
8000	7.4	0	3748
8000	7.5	0	3567
8000	7.6	0	3283
8000	7.7	0	3117
8000	7.8	0	3065
8000	7.9	0	2823
8000	8	0	2666
8000	8.1	0	2549
8000	8.2	0	2410
8000	8.3	0	2314
8000	8.4	0	2352
8000	8.5	0	2210
8000	8.6	0	2149
8000	8.7	0	2057
8000	8.8	0	2011
8000	8.9	0	1872
8000	9	0	1916
8000	9.1	0	1787
8000	9.2	0	1728
8000	9.3	0	1678
8000	9.4	0	1661
8000	9.5	0	1679
8000	9.6	0	1545
8000	9.7	0	1524
8000	9.8	0	1495
8000	9.9	0	1445
8000	10	0	1460
8000	10.1	0	1344
8000	10.2	0	1401
8000	10.3	0	1333
8000	10.4	0	1309
8000	10.5	0	1287
8000	10.6	0	1230
8000	10.7	0	1294
8000	10.8	0	1280
8000	10.9	0	1269
8000	11	0	1230
8000	11.1	0	1219
8000	11.2	0	1230
8000	11.3	0	1159
8000	11.4	0	1178
8000	11.5	0	1215
8000	11.6	0	1185
8000	11.7	0	1193
8000	11.8	0	1189
8000	11.9	0	1144
8000	12	0	1099
8000	12.1	0	1188
8000	12.2	0	1233
8000	12.3	0	1106
8000	12.4	0	1171
8000	12.5	0	1145
8000	12.6	0	1140
8000	12.7	0	1163
8000	12.8	0	1195
8000	12.9	0	1153
8000	13	0	1104
8000	13.1	0	1167
8000	13.2	0	1120
8000	13.3	0	1200
8000	13.4	0	1167
8000	13.5	0	1133
8000	13.6	0	1179
8000	13.7	0	1203
8000	13.8	0	1196
8000	13.9	0	1194
8000	14	0	1139
8000	14.1	0	1135
8000	14.2	0	1193
8000	14.3	0	1183
8000	14.4	0	1156
8000	14.5	0	1177
8000	14.6	0	1185
8000	14.7	0	1167
8000	14.8	0	1138
8000	14.9	0	1186
8000	15	0	1165
8000	15.1	0	1173
8000	15.2	0	1231
8000	15.3	0	1165
8000	15.4	0	1194
8000	15.5	0	1180
8000	15.6	0	1123
8000	15.7	0	1214
8000	15.8	0	1198
8000	15.9	0	1220
8000	16	0	1183
8000	16.1	0	1188
8000	16.2	0	1232
8000	16.3	0	1118
8000	16.4	0	1137
8000	16.5	0	1198
8000	16.6	0	1128
8000	16.7	0	1157
8000	16.8	0	1193
8000	16.9	0	1158
8000	17	0	1206
8000	17.1	0	1178
8000	17.2	0	1120
8000	17.3	0	1166
8000	17.4	0	1258
8000	17.5	0	1194
8000	17.6	0	1142
8000	17.7	0	1167
8000	17.8	0	1181
8000	17.9	0	1174
8000	18	0	1207
8000	18.1	0	1189
8000	18.2	0	1167
8000	18.3	0	1167
8000	18.4	0	1241
8000	18.5	0	1185
8000	18.6	0	1203
8000	18.7	0	1169
8000	18.8	0	1133
8000	18.9	0	1155
8000	19	0	1189
8000	19.1	0	1144
8000	19.2	0	1263
8000	19.3	0	1195
8000	19.4	0	1204
8000	19.5	0	1184
8000	19.6	0	1197
8000	19.7	0	1210
8000	19.8	0	1162
8000	19.9	0	1187
12000	0	0	1262
12000	0.1	0	1220
12000	0.2	0	1176
12000	0.3	0	1346
12000	0.4	0	1341
12000	0.5	0	1408
12000	0.6	0	1458
12000	0.7	0	1498
12000	0.8	0	1702
12000	0.9	0	1796
12000	1	0	1989
12000	1.1	0	2212
12000	1.2	0	2418
12000	1.3	0	2672
12000	1.4	0	3180
12000	1.5	0	3861
12000	1.6	0	4479
12000	1.7	0	5423
12000	1.8	0	6769
12000	1.9	0	8494
12000	2	0	10759
12000	2.1	0	13827
12000	2.2	0	16887
12000	2.3	0	19048
12000	2.4	0	19176
12000	2.5	0	17832
12000	2.6	0	16969
12000	2.7	0	17131
12000	2.8	0	16891
12000	2.9	0	17281
12000	3	0	17314
12000	3.1	0	17741
12000	3.2	0	17649
12000	3.3	0	17707
12000	3.4	0	17370
12000	3.5	0	17499
12000	3.6	0	17359
12000	3.7	0	17498
12000	3.8	0	17448
12000	3.9	0	17454
12000	4	0	17577
12000	4.1	0	17406
12000	4.2	0	17389
12000	4.3	0	17441
12000	4.4	0	17482
12000	4.5	0	17469
12000	4.6	0	17412
12000	4.7	0	17438
12000	4.8	0	17417
12000	4.9	0	17516
12000	5	0	17424
12000	5.1	0	17466
12000	5.2	0	17289
12000	5.3	0	16698
12000	5.4	0	16365
12000	5.5	0	15530
12000	5.6	0	14974
12000	5.7	0	14140
12000	5.8	0	13120
12000	5.9	0	12128
12000	6	0	11190
12000	6.1	0	10059
12000	6.2	0	9531
12000	6.3	0	8428
12000	6.4	0	8000
12000	6.5	0	7209
12000	6.6	0	6666
12000	6.7	0	6267
12000	6.8	0	5692
12000	6.9	0	5301
12000	7	0	4867
12000	7.1	0	4472
12000	7.2	0	4220
12000	7.3	0	4044
12000	7.4	0	3775
12000	7.5	0	3531
12000	7.6	0	3410
12000	7.7	0	3187
12000	7.8	0	3082
12000	7.9	0	2794
12000	8	0	2714
12000	8.1	0	2615
12000	8.2	0	2467
12000	8.3	0	2350
12000	8.4	0	2274
12000	8.5	0	2177
12000	8.6	0	2101
12000	8.7	0	2078
12000	8.8	0	2058
12000	8.9	0	1854
12000	9	0	1800
12000	9.1	0	1852
12000	9.2	0	1726
12000	9.3	0	1624
12000	9.4	0	1687
12000	9.5	0	1634
12000	9.6	0	1573
12000	9.7	0	1584
12000	9.8	0	1488
12000	9.9	0	1481
12000	10	0	1456
12000	10.1	0	1369
12000	10.2	0	1391
12000	10.3	0	1317
12000	10.4	0	1267
12000	10.5	0	1353
12000	10.6	0	1224
12000	10.7	0	1197
12000	10.8	0	1263
12000	10.9	0	1234
12000	11	0	1285
12000	11.1	0	1179
12000	11.2	0	1182
12000	11.3	0	1202
12000	11.4	0	1191
12000	11.5	0	1174
12000	11.6	0	1132
12000	11.7	0	1193
12000	11.8	0	1153
12000	11.9	0	1169
12000	12	0	1169
12000	12.1	0	1216
12000	12.2	0	1132
12000	12.3	0	1166
12000	12.4	0	1188
12000	12.5	0	1184
12000	12.6	0	1162
12000	12.7	0	1142
12000	12.8	0	1167
12000	12.9	0	1198
12000	13	0	1177
12000	13.1	0	1138
12000	13.2	0	1131
12000	13.3	0	1170
12000	13.4	0	1141
12000	13.5	0	1164
12000	13.6	0	1195
12000	13.7	0	1157
12000	13.8	0	1152
12000	13.9	0	1180
12000	14	0	1212
12000	14.1	0	1208
12000	14.2	0	1177
12000	14.3	0	1174
12000	14.4	0	1197
12000	14.5	0	1182
12000	14.6	0	1131
12000	14.7	0	1130
12000	14.8	0	1126
12000	14.9	0	1168
12000	15	0	1190
12000	15.1	0	1194
12000	15.2	0	1135
12000	15.3	0	1222
12000	15.4	0	1161
12000	15.5	0	1180
12000	15.6	0	1164
12000	15.7	0	1159
12000	15.8	0	1155
12000	15.9	0	1113
12000	16	0	1140
12000	16.1	0	1180
12000	16.2	0	1182
12000	16.3	0	1246
12000	16.4	0	1190
12000	16.5	0	1151
12000	16.6	0	1180
12000	16.7	0	1186
12000	16.8	0	1156
12000	16.9	0	1206
12000	17	0	1115
12000	17.1	0	1142
12000	17.2	0	1158
12000	17.3	0	1239
12000	17.4	0	1191
12000	17.5	0	1211
12000	17.6	0	1160
12000	17.7	0	1144
12000	17.8	0	1163
12000	17.9	0	1131
12000	18	0	1180
12000	18.1	0	1217
12000	18.2	0	1203
12000	18.3	0	1129
12000	18.4	0	1252
12000	18.5	0	1154
12000	18.6	0	1146
12000	18.7	0	1171
12000	18.8	0	1172
12000	18.9	0	1217
12000	19	0	1227
12000	19.1	0	1249
12000	19.2	0	1173
12000	19.3	0	1228
12000	19.4	0	1174
12000	19.5	0	1162
12000	19.6	0	1217
12000	19.7	0	1189
12000	19.8	0	1201
12000	19.9	0	1143
16000	0	0	1182
16000	0.1	0	1322
16000	0.2	0	1220
16000	0.3	0	1300
16000	0.4	0	1357
16000	0.5	0	1434
16000	0.6	0	1446
16000	0.7	0	1571
16000	0.8	0	1677
16000	0.9	0	1844
16000	1	0	1926
16000	1.1	0	2237
16000	1.2	0	2476
16000	1.3	0	2847
16000	1.4	0	3293
16000	1.5	0	3773
16000	1.6	0	4591
16000	1.7	0	5529
16000	1.8	0	6808
16000	1.9	0	8641
16000	2	0	10805
16000	2.1	0	13754
16000	2.2	0	16810
16000	2.3	0	19327
16000	2.4	0	18937
16000	2.5	0	17699
16000	2.6	0	17127
16000	2.7	0	17015
16000	2.8	0	17050
16000	2.9	0	17492
16000	3	0	17357
16000	3.1	0	17758
16000	3.2	0	17438
16000	3.3	0	17582
16000	3.4	0	17425
16000	3.5	0	17547
16000	3.6	0	17469
16000	3.7	0	17424
16000	3.8	0	17637
16000	3.9	0	17535
16000	4	0	17282
16000	4.1	0	17254
16000	4.2	0	17679
16000	4.3	0	17527
16000	4.4	0	17488
16000	4.5	0	17327
16000	4.6	0	17466
16000	4.7	0	17531
16000	4.8	0	17459
16000	4.9	0	17199
16000	5	0	17512
16000	5.1	0	17489
16000	5.2	0	17238
16000	5.3	0	16849
16000	5.4	0	16481
16000	5.5	0	15530
16000	5.6	0	14871
16000	5.7	0	14029
16000	5.8	0	13075
16000	5.9	0	12245
16000	6	0	11056
16000	6.1	0	10235
16000	6.2	0	9416
16000	6.3	0	8651
16000	6.4	0	8040
16000	6.5	0	6988
16000	6.6	0	6621
16000	6.7	0	6175
16000	6.8	0	5709
16000	6.9	0	5220
16000	7	0	4977
16000	7.1	0	4515
16000	7.2	0	4238
16000	7.3	0	3892
16000	7.4	0	3740
16000	7.5	0	3579
16000	7.6	0	3252
16000	7.7	0	3034
16000	7.8	0	2949
16000	7.9	0	2891
16000	8	0	2722
16000	8.1	0	2624
16000	8.2	0	2590
16000	8.3	0	2447
16000	8.4	0	2355
16000	8.5	0	2167
16000	8.6	0	2103
16000	8.7	0	2070
16000	8.8	0	2016
16000	8.9	0	1970
16000	9	0	1855
16000	9.1	0	1782
16000	9.2	0	1681
16000	9.3	0	1628
16000	9.4	0	1672
16000	9.5	0	1578
16000	9.6	0	1528
16000	9.7	0	1576
16000	9.8	0	1436
16000	9.9	0	1415
16000	10	0	1368
16000	10.1	0	1373
16000	10.2	0	1308
16000	10.3	0	1355
16000	10.4	0	1343
16000	10.5	0	1297
16000	10.6	0	1332
16000	10.7	0	1265
16000	10.8	0	1275
16000	10.9	0	1217
16000	11	0	1210
16000	11.1	0	1166
16000	11.2	0	1235
16000	11.3	0	1166
16000	11.4	0	1205
16000	11.5	0	1147
16000	11.6	0	1150
16000	11.7	0	1175
16000	11.8	0	1210
16000	11.9	0	1182
16000	12	0	1154
16000	12.1	0	1183
16000	12.2	0	1134
16000	12.3	0	1115
16000	12.4	0	1184
16000	12.5	0	1153
16000	12.6	0	1242
16000	12.7	0	1184
16000	12.8	0	1129
16000	12.9	0	1129
16000	13	0	1174
16000	13.1	0	1184
16000	13.2	0	1118
16000	13.3	0	1228
16000	13.4	0	1142
16000	13.5	0	1097
16000	13.6	0	1161
16000	13.7	0	1163
16000	13.8	0	1202
16000	13.9	0	1169
16000	14	0	1184
16000	14.1	0	1185
16000	14.2	0	1130
16000	14.3	0	1126
16000	14.4	0	1104
16000	14.5	0	1158
16000	14.6	0	1214
16000	14.7	0	1105
16000	14.8	0	1173
16000	14.9	0	1144
16000	15	0	1170
16000	15.1	0	1161
16000	15.2	0	1119
16000	15.3	0	1167
16000	15.4	0	1209
16000	15.5	0	1101
16000	15.6	0	1205
16000	15.7	0	1114
16000	15.8	0	1126
16000	15.9	0	1188
16000	16	0	1135
16000	16.1	0	1153
16000	16.2	0	1136
16000	16.3	0	1169
16000	16.4	0	1174
16000	16.5	0	1133
16000	16.6	0	1160
16000	16.7	0	1198
16000	16.8	0	1183
16000	16.9	0	1201
16000	17	0	1155
16000	17.1	0	1137
16000	17.2	0	1125
16000	17.3	0	1144
16000	17.4	0	1197
16000	17.5	0	1190
16000	17.6	0	1184
16000	17.7	0	1159
16000	17.8	0	1165
16000	17.9	0	1212
16000	18	0	1136
16000	18.1	0	1129
16000	18.2	0	1198
16000	18.3	0	1192
16000	18.4	0	1186
16000	18.5	0	1205
16000	18.6	0	1148
16000	18.7	0	1205
16000	18.8	0	1173
16000	18.9	0	1194
16000	19	0	1199
16000	19.1	0	1173
16000	19.2	0	1194
16000	19.3	0	1213
16000	19.4	0	1204
16000	19.5	0	1165
16000	19.6	0	1213
16000	19.7	0	1208
16000	19.8	0	1245
16000	19.9	0	1217
20000	0	0	1177
20000	0.1	0	1267
20000	0.2	0	1276
20000	0.3	0	1322
20000	0.4	0	1347
20000	0.5	0	1402
20000	0.6	0	1503
20000	0.7	0	1560
20000	0.8	0	1672
20000	0.9	0	1816
20000	1	0	1972
20000	1.1	0	2267
20000	1.2	0	2321
20000	1.3	0	2716
20000	1.4	0	3218
20000	1.5	0	3804
20000	1.6	0	4687
20000	1.7	0	5382
20000	1.8	0	6805
20000	1.9	0	8534
20000	2	0	10778
20000	2.1	0	13594
20000	2.2	0	16892
20000	2.3	0	19143
20000	2.4	0	19243
20000	2.5	0	17670
20000	2.6	0	16901
20000	2.7	0	16954
20000	2.8	0	17097
20000	2.9	0	17377
20000	3	0	17562
20000	3.1	0	17286
20000	3.2	0	17501
20000	3.3	0	17560
20000	3.4	0	17540
20000	3.5	0	17289
20000	3.6	0	17618
20000	3.7	0	17464
20000	3.8	0	17385
20000	3.9	0	17521
20000	4	0	17439
20000	4.1	0	17439
20000	4.2	0	17688
20000	4.3	0	17422
20000	4.4	0	17609
20000	4.5	0	17313
20000	4.6	0	17314
20000	4.7	0	17522
20000	4.8	0	17616
20000	4.9	0	17356
20000	5	0	17413
20000	5.1	0	17430
20000	5.2	0	17003
20000	5.3	0	16952
20000	5.4	0	16371
20000	5.5	0	15492
20000	5.6	0	14777
20000	5.7	0	14101
20000	5.8	0	13179
20000	5.9	0	12137
20000	6	0	11150
20000	6.1	0	10220
20000	6.2	0	9519
20000	6.3	0	8725
20000	6.4	0	7732
20000	6.5	0	7332
20000	6.6	0	6628
20000	6.7	0	6242
20000	6.8	0	5589
20000	6.9	0	5202
20000	7	0	4800
20000	7.1	0	4479
20000	7.2	0	4257
20000	7.3	0	3937
20000	7.4	0	3738
20000	7.5	0	3479
20000	7.6	0	3399
20000	7.7	0	3166
20000	7.8	0	3008
20000	7.9	0	2917
20000	8	0	2664
20000	8.1	0	2593
20000	8.2	0	2483
20000	8.3	0	2433
20000	8.4	0	2264
20000	8.5	0	2200
20000	8.6	0	2198
20000	8.7	0	2143
20000	8.8	0	1991
20000	8.9	0	1919
20000	9	0	1871
20000	9.1	0	1741
20000	9.2	0	1737
20000	9.3	0	1630
20000	9.4	0	1696
20000	9.5	0	1644
20000	9.6	0	1577
20000	9.7	0	1484
20000	9.8	0	1483
20000	9.9	0	1450
20000	10	0	1443
20000	10.1	0	1394
20000	10.2	0	1310
20000	10.3	0	1364
20000	10.4	0	1308
20000	10.5	0	1321
20000	10.6	0	1277
20000	10.7	0	1283
20000	10.8	0	1246
20000	10.9	0	1243
20000	11	0	1257
20000	11.1	0	1223
20000	11.2	0	1231
20000	11.3	0	1218
20000	11.4	0	1202
20000	11.5	0	1213
20000	11.6	0	1168
20000	11.7	0	1156
20000	11.8	0	1122
20000	11.9	0	1121
20000	12	0	1069
20000	12.1	0	1130
20000	12.2	0	1147
20000	12.3	0	1191
20000	12.4	0	1129
20000	12.5	0	1223
20000	12.6	0	1187
20000	12.7	0	1116
20000	12.8	0	1250
20000	12.9	0	1176
20000	13	0	1173
20000	13.1	0	1196
20000	13.2	0	1159
20000	13.3	0	1218
20000	13.4	0	1162
20000	13.5	0	1166
20000	13.6	0	1151
20000	13.7	0	1177
20000	13.8	0	1205
20000	13.9	0	1213
20000	14	0	1172
20000	14.1	0	1208
20000	14.2	0	1173
20000	14.3	0	1148
20000	14.4	0	1152
20000	14.5	0	1150
20000	14.6	0	1135
20000	14.7	0	1187
20000	14.8	0	1159
20000	14.9	0	1180
20000	15	0	1186
20000	15.1	0	1189
20000	15.2	0	1169
20000	15.3	0	1205
20000	15.4	0	1128
20000	15.5	0	1216
20000	15.6	0	1131
20000	15.7	0	1108
20000	15.8	0	1142
20000	15.9	0	1178
20000	16	0	1118
20000	16.1	0	1140
20000	16.2	0	1192
20000	16.3	0	1191
20000	16.4	0	1214
20000	16.5	0	1179
20000	16.6	0	1166
20000	16.7	0	1161
20000	16.8	0	1214
20000	16.9	0	1179
20000	17	0	1185
20000	17.1	0	1144
20000	17.2	0	1167
20000	17.3	0	1174
20000	17.4	0	1169
20000	17.5	0	1137
20000	17.6	0	1167
20000	17.7	0	1142
20000	17.8	0	1157
20000	17.9	0	1198
20000	18	0	1165
20000	18.1	0	1205
20000	18.2	0	1192
20000	18.3	0	1256
20000	18.4	0	1179
20000	18.5	0	1165
20000	18.6	0	1209
20000	18.7	0	1236
20000	18.8	0	1130
20000	18.9	0	1253
20000	19	0	1199
20000	19.1	0	1212
20000	19.2	0	1224
20000	19.3	0	1156
20000	19.4	0	1250
20000	19.5	0	1158
20000	19.6	0	1242
20000	19.7	0	1180
20000	19.8	0	1243
20000	19.9	0	1182
