4000	0	0	1213
4000	0.1	0	1135
4000	0.2	0	1259
4000	0.3	0	1219
4000	0.4	0	1360
4000	0.5	0	1402
4000	0.6	0	1434
4000	0.7	0	1540
4000	0.8	0	1685
4000	0.9	0	1751
4000	1	0	1952
4000	1.1	0	2095
4000	1.2	0	2474
4000	1.3	0	2603
4000	1.4	0	3097
4000	1.5	0	3584
4000	1.6	0	4386
4000	1.7	0	5034
4000	1.8	0	6556
4000	1.9	0	8276
4000	2	0	10332
4000	2.1	0	13106
4000	2.2	0	16552
4000	2.3	0	18705
4000	2.4	0	19339
4000	2.5	0	18151
4000	2.6	0	17482
4000	2.7	0	17329
4000	2.8	0	17312
4000	2.9	0	17590
4000	3	0	17519
4000	3.1	0	17901
4000	3.2	0	17790
4000	3.3	0	17965
4000	3.4	0	17590
4000	3.5	0	17602
4000	3.6	0	17778
4000	3.7	0	17716
4000	3.8	0	17888
4000	3.9	0	17574
4000	4	0	18039
4000	4.1	0	17858
4000	4.2	0	17791
4000	4.3	0	17641
4000	4.4	0	17667
4000	4.5	0	17812
4000	4.6	0	17771
4000	4.7	0	17692
4000	4.8	0	17651
4000	4.9	0	17755
4000	5	0	17966
4000	5.1	0	17780
4000	5.2	0	17584
4000	5.3	0	16988
4000	5.4	0	16422
4000	5.5	0	15747
4000	5.6	0	14954
4000	5.7	0	13811
4000	5.8	0	12815
4000	5.9	0	11891
4000	6	0	10851
4000	6.1	0	10165
4000	6.2	0	9190
4000	6.3	0	8319
4000	6.4	0	7783
4000	6.5	0	7111
4000	6.6	0	6514
4000	6.7	0	5870
4000	6.8	0	5581
4000	6.9	0	5099
4000	7	0	4784
4000	7.1	0	4427
4000	7.2	0	4223
4000	7.3	0	4004
4000	7.4	0	3617
4000	7.5	0	3506
4000	7.6	0	3301
4000	7.7	0	3241
4000	7.8	0	2930
4000	7.9	0	2806
4000	8	0	2614
4000	8.1	0	2478
4000	8.2	0	2514
4000	8.3	0	2311
4000	8.4	0	2220
4000	8.5	0	2216
4000	8.6	0	2066
4000	8.7	0	2028
4000	8.8	0	1947
4000	8.9	0	1882
4000	9	0	1745
4000	9.1	0	1803
4000	9.2	0	1706
4000	9.3	0	1740
4000	9.4	0	1626
4000	9.5	0	1545
4000	9.6	0	1518
4000	9.7	0	1493
4000	9.8	0	1473
4000	9.9	0	1411
4000	10	0	1402
4000	10.1	0	1402
4000	10.2	0	1355
4000	10.3	0	1340
4000	10.4	0	1321
4000	10.5	0	1334
4000	10.6	0	1285
4000	10.7	0	1237
4000	10.8	0	1194
4000	10.9	0	1273
4000	11	0	1188
4000	11.1	0	1208
4000	11.2	0	1193
4000	11.3	0	1176
4000	11.4	0	1134
4000	11.5	0	1148
4000	11.6	0	1129
4000	11.7	0	1160
4000	11.8	0	1192
4000	11.9	0	1047
4000	12	0	1190
4000	12.1	0	1176
4000	12.2	0	1167
4000	12.3	0	1114
4000	12.4	0	1111
4000	12.5	0	1185
4000	12.6	0	1159
4000	12.7	0	1130
4000	12.8	0	1102
4000	12.9	0	1155
4000	13	0	1201
4000	13.1	0	1189
4000	13.2	0	1128
4000	13.3	0	1183
4000	13.4	0	1168
4000	13.5	0	1180
4000	13.6	0	1139
4000	13.7	0	1171
4000	13.8	0	1160
4000	13.9	0	1174
4000	14	0	1180
4000	14.1	0	1179
4000	14.2	0	1150
4000	14.3	0	1201
4000	14.4	0	1150
4000	14.5	0	1144
4000	14.6	0	1105
4000	14.7	0	1127
4000	14.8	0	1125
4000	14.9	0	1112
4000	15	0	1202
4000	15.1	0	1128
4000	15.2	0	1129
4000	15.3	0	1138
4000	15.4	0	1169
4000	15.5	0	1138
4000	15.6	0	1137
4000	15.7	0	1174
4000	15.8	0	1144
4000	15.9	0	1157
4000	16	0	1156
4000	16.1	0	1156
4000	16.2	0	1090
4000	16.3	0	1140
4000	16.4	0	1099
4000	16.5	0	1159
4000	16.6	0	1192
4000	16.7	0	1195
4000	16.8	0	1180
4000	16.9	0	1215
4000	17	0	1199
4000	17.1	0	1117
4000	17.2	0	1136
4000	17.3	0	1123
4000	17.4	0	1153
4000	17.5	0	1229
4000	17.6	0	1110
4000	17.7	0	1163
4000	17.8	0	1122
4000	17.9	0	1144
4000	18	0	1108
4000	18.1	0	1146
4000	18.2	0	1143
4000	18.3	0	1177
4000	18.4	0	1195
4000	18.5	0	1204
4000	18.6	0	1195
4000	18.7	0	1224
4000	18.8	0	1164
4000	18.9	0	1193
4000	19	0	1153
4000	19.1	0	1131
4000	19.2	0	1174
4000	19.3	0	1169
4000	19.4	0	1197
4000	19.5	0	1165
4000	19.6	0	1156
4000	19.7	0	1159
4000	19.8	0	1169
4000	19.9	0	1242
8000	0	0	1173
8000	0.1	0	1301
8000	0.2	0	1230
8000	0.3	0	1268
8000	0.4	0	1299
8000	0.5	0	1290
8000	0.6	0	1418
8000	0.7	0	1529
8000	0.8	0	1604
8000	0.9	0	1776
8000	1	0	1952
8000	1.1	0	2057
8000	1.2	0	2351
8000	1.3	0	2784
8000	1.4	0	3164
8000	1.5	0	3623
8000	1.6	0	4368
8000	1.7	0	5284
8000	1.8	0	6480
8000	1.9	0	8026
8000	2	0	10413
8000	2.1	0	13444
8000	2.2	0	16161
8000	2.3	0	18977
8000	2.4	0	19352
8000	2.5	0	18153
8000	2.6	0	17427
8000	2.7	0	17313
8000	2.8	0	17414
8000	2.9	0	17773
8000	3	0	17394
8000	3.1	0	17721
8000	3.2	0	17769
8000	3.3	0	17874
8000	3.4	0	17903
8000	3.5	0	17709
8000	3.6	0	17440
8000	3.7	0	17820
8000	3.8	0	17833
8000	3.9	0	17880
8000	4	0	17852
8000	4.1	0	17748
8000	4.2	0	17683
8000	4.3	0	17604
8000	4.4	0	17773
8000	4.5	0	17637
8000	4.6	0	17860
8000	4.7	0	17646
8000	4.8	0	17572
8000	4.9	0	17741
8000	5	0	17924
8000	5.1	0	17468
8000	5.2	0	17353
8000	5.3	0	16975
8000	5.4	0	16463
8000	5.5	0	15834
8000	5.6	0	14736
8000	5.7	0	13840
8000	5.8	0	12856
8000	5.9	0	11962
8000	6	0	11082
8000	6.1	0	10210
8000	6.2	0	9267
8000	6.3	0	8458
8000	6.4	0	7691
8000	6.5	0	7064
8000	6.6	0	6564
8000	6.7	0	5923
8000	6.8	0	5501
8000	6.9	0	5113
8000	7	0	4880
8000	7.1	0	4528
8000	7.2	0	4225
8000	7.3	0	4016
8000	7.4	0	3624
8000	7.5	0	3528
8000	7.6	0	3308
8000	7.7	0	3118
8000	7.8	0	2913
8000	7.9	0	2813
8000	8	0	2615
8000	8.1	0	2632
8000	8.2	0	2367
8000	8.3	0	2205
8000	8.4	0	2220
8000	8.5	0	2207
8000	8.6	0	2133
8000	8.7	0	2084
8000	8.8	0	1912
8000	8.9	0	1838
8000	9	0	1765
8000	9.1	0	1807
8000	9.2	0	1699
8000	9.3	0	1660
8000	9.4	0	1601
8000	9.5	0	1558
8000	9.6	0	1543
8000	9.7	0	1576
8000	9.8	0	1535
8000	9.9	0	1493
8000	10	0	1406
8000	10.1	0	1392
8000	10.2	0	1450
8000	10.3	0	1382
8000	10.4	0	1314
8000	10.5	0	1242
8000	10.6	0	1221
8000	10.7	0	1240
8000	10.8	0	1224
8000	10.9	0	1182
8000	11	0	1202
8000	11.1	0	1210
8000	11.2	0	1188
8000	11.3	0	1168
8000	11.4	0	1224
8000	11.5	0	1219
8000	11.6	0	1156
8000	11.7	0	1158
8000	11.8	0	1168
8000	11.9	0	1128
8000	12	0	1136
8000	12.1	0	1139
8000	12.2	0	1150
8000	12.3	0	1114
8000	12.4	0	1153
8000	12.5	0	1105
8000	12.6	0	1130
8000	12.7	0	1134
8000	12.8	0	1197
8000	12.9	0	1151
8000	13	0	1185
8000	13.1	0	1128
8000	13.2	0	1207
8000	13.3	0	1154
8000	13.4	0	1139
8000	13.5	0	1113
8000	13.6	0	1137
8000	13.7	0	1134
8000	13.8	0	1168
8000	13.9	0	1185
8000	14	0	1118
8000	14.1	0	1160
8000	14.2	0	1135
8000	14.3	0	1173
8000	14.4	0	1155
8000	14.5	0	1137
8000	14.6	0	1130
8000	14.7	0	1198
8000	14.8	0	1198
8000	14.9	0	1149
8000	15	0	1157
8000	15.1	0	1168
8000	15.2	0	1135
8000	15.3	0	1149
8000	15.4	0	1156
8000	15.5	0	1118
8000	15.6	0	1184
8000	15.7	0	1148
8000	15.8	0	1131
8000	15.9	0	1093
8000	16	0	1162
8000	16.1	0	1148
8000	16.2	0	1149
8000	16.3	0	1196
8000	16.4	0	1114
8000	16.5	0	1193
8000	16.6	0	1152
8000	16.7	0	1214
8000	16.8	0	1151
8000	16.9	0	1152
8000	17	0	1118
8000	17.1	0	1137
8000	17.2	0	1096
8000	17.3	0	1208
8000	17.4	0	1147
8000	17.5	0	1187
8000	17.6	0	1165
8000	17.7	0	1143
8000	17.8	0	1146
8000	17.9	0	1197
8000	18	0	1152
8000	18.1	0	1178
8000	18.2	0	1134
8000	18.3	0	1158
8000	18.4	0	1126
8000	18.5	0	1145
8000	18.6	0	1137
8000	18.7	0	1123
8000	18.8	0	1149
8000	18.9	0	1221
8000	19	0	1191
8000	19.1	0	1209
8000	19.2	0	1169
8000	19.3	0	1145
8000	19.4	0	1142
8000	19.5	0	1242
8000	19.6	0	1171
8000	19.7	0	1227
8000	19.8	0	1189
8000	19.9	0	1242
12000	0	0	1211
12000	0.1	0	1179
12000	0.2	0	1198
12000	0.3	0	1239
12000	0.4	0	1292
12000	0.5	0	1344
12000	0.6	0	1466
12000	0.7	0	1549
12000	0.8	0	1659
12000	0.9	0	1796
12000	1	0	1913
12000	1.1	0	2048
12000	1.2	0	2372
12000	1.3	0	2737
12000	1.4	0	3152
12000	1.5	0	3602
12000	1.6	0	4297
12000	1.7	0	5252
12000	1.8	0	6429
12000	1.9	0	8059
12000	2	0	10404
12000	2.1	0	13092
12000	2.2	0	16427
12000	2.3	0	18879
12000	2.4	0	19512
12000	2.5	0	18287
12000	2.6	0	17316
12000	2.7	0	17396
12000	2.8	0	17352
12000	2.9	0	17525
12000	3	0	17770
12000	3.1	0	17556
12000	3.2	0	17853
12000	3.3	0	18033
12000	3.4	0	17640
12000	3.5	0	17836
12000	3.6	0	17595
12000	3.7	0	17756
12000	3.8	0	17886
12000	3.9	0	17808
12000	4	0	17558
12000	4.1	0	17835
12000	4.2	0	17747
12000	4.3	0	17839
12000	4.4	0	17820
12000	4.5	0	17694
12000	4.6	0	17736
12000	4.7	0	17729
12000	4.8	0	17737
12000	4.9	0	17744
12000	5	0	17909
12000	5.1	0	17709
12000	5.2	0	17332
12000	5.3	0	17087
12000	5.4	0	16419
12000	5.5	0	15749
12000	5.6	0	14854
12000	5.7	0	13840
12000	5.8	0	12754
12000	5.9	0	11987
12000	6	0	10890
12000	6.1	0	10217
12000	6.2	0	9210
12000	6.3	0	8290
12000	6.4	0	7719
12000	6.5	0	7035
12000	6.6	0	6800
12000	6.7	0	6028
12000	6.8	0	5557
12000	6.9	0	5189
12000	7	0	4829
12000	7.1	0	4369
12000	7.2	0	4032
12000	7.3	0	3978
12000	7.4	0	3694
12000	7.5	0	3526
12000	7.6	0	3256
12000	7.7	0	3114
12000	7.8	0	2995
12000	7.9	0	2762
12000	8	0	2717
12000	8.1	0	2485
12000	8.2	0	2432
12000	8.3	0	2375
12000	8.4	0	2311
12000	8.5	0	2159
12000	8.6	0	2040
12000	8.7	0	1955
12000	8.8	0	1941
12000	8.9	0	1810
12000	9	0	1778
12000	9.1	0	1833
12000	9.2	0	1736
12000	9.3	0	1607
12000	9.4	0	1618
12000	9.5	0	1531
12000	9.6	0	1502
12000	9.7	0	1476
12000	9.8	0	1482
12000	9.9	0	1458
12000	10	0	1461
12000	10.1	0	1359
12000	10.2	0	1300
12000	10.3	0	1324
12000	10.4	0	1297
12000	10.5	0	1224
12000	10.6	0	1269
12000	10.7	0	1278
12000	10.8	0	1262
12000	10.9	0	1202
12000	11	0	1276
12000	11.1	0	1228
12000	11.2	0	1274
12000	11.3	0	1184
12000	11.4	0	1163
12000	11.5	0	1214
12000	11.6	0	1094
12000	11.7	0	1110
12000	11.8	0	1164
12000	11.9	0	1134
12000	12	0	1220
12000	12.1	0	1144
12000	12.2	0	1164
12000	12.3	0	1089
12000	12.4	0	1120
12000	12.5	0	1179
12000	12.6	0	1100
12000	12.7	0	1191
12000	12.8	0	1144
12000	12.9	0	1201
12000	13	0	1194
12000	13.1	0	1197
12000	13.2	0	1164
12000	13.3	0	1163
12000	13.4	0	1161
12000	13.5	0	1184
12000	13.6	0	1125
12000	13.7	0	1209
12000	13.8	0	1163
12000	13.9	0	1137
12000	14	0	1096
12000	14.1	0	1134
12000	14.2	0	1154
12000	14.3	0	1140
12000	14.4	0	1197
12000	14.5	0	1192
12000	14.6	0	1184
12000	14.7	0	1113
12000	14.8	0	1137
12000	14.9	0	1147
12000	15	0	1147
12000	15.1	0	1159
12000	15.2	0	1079
12000	15.3	0	1172
12000	15.4	0	1239
12000	15.5	0	1151
12000	15.6	0	1143
12000	15.7	0	1169
12000	15.8	0	1203
12000	15.9	0	1076
12000	16	0	1125
12000	16.1	0	1149
12000	16.2	0	1168
12000	16.3	0	1147
12000	16.4	0	1150
12000	16.5	0	1116
12000	16.6	0	1160
12000	16.7	0	1105
12000	16.8	0	1172
12000	16.9	0	1157
12000	17	0	1185
12000	17.1	0	1172
12000	17.2	0	1152
12000	17.3	0	1174
12000	17.4	0	1177
12000	17.5	0	1120
12000	17.6	0	1126
12000	17.7	0	1161
12000	17.8	0	1147
12000	17.9	0	1214
12000	18	0	1132
12000	18.1	0	1125
12000	18.2	0	1140
12000	18.3	0	1154
12000	18.4	0	1146
12000	18.5	0	1086
12000	18.6	0	1161
12000	18.7	0	1180
12000	18.8	0	1162
12000	18.9	0	1167
12000	19	0	1179
12000	19.1	0	1146
12000	19.2	0	1195
12000	19.3	0	1165
12000	19.4	0	1187
12000	19.5	0	1269
12000	19.6	0	1167
12000	19.7	0	1174
12000	19.8	0	1196
12000	19.9	0	1162
16000	0	0	1217
16000	0.1	0	1178
16000	0.2	0	1245
16000	0.3	0	1394
16000	0.4	0	1317
16000	0.5	0	1387
16000	0.6	0	1442
16000	0.7	0	1534
16000	0.8	0	1591
16000	0.9	0	1765
16000	1	0	1910
16000	1.1	0	2212
16000	1.2	0	2338
16000	1.3	0	2701
16000	1.4	0	3093
16000	1.5	0	3609
16000	1.6	0	4265
16000	1.7	0	5142
16000	1.8	0	6518
16000	1.9	0	8145
16000	2	0	10377
16000	2.1	0	13187
16000	2.2	0	16477
16000	2.3	0	19136
16000	2.4	0	19315
16000	2.5	0	17970
16000	2.6	0	17322
16000	2.7	0	17391
16000	2.8	0	17313
16000	2.9	0	17643
16000	3	0	17479
16000	3.1	0	17754
16000	3.2	0	17801
16000	3.3	0	17887
16000	3.4	0	17842
16000	3.5	0	17905
16000	3.6	0	17625
16000	3.7	0	17629
16000	3.8	0	17925
16000	3.9	0	17593
16000	4	0	17783
16000	4.1	0	17673
16000	4.2	0	17748
16000	4.3	0	17973
16000	4.4	0	17523
16000	4.5	0	17865
16000	4.6	0	17628
16000	4.7	0	17486
16000	4.8	0	17716
16000	4.9	0	17629
16000	5	0	18019
16000	5.1	0	17714
16000	5.2	0	17516
16000	5.3	0	16957
16000	5.4	0	16397
16000	5.5	0	15735
16000	5.6	0	14807
16000	5.7	0	13853
16000	5.8	0	13011
16000	5.9	0	12039
16000	6	0	11123
16000	6.1	0	9999
16000	6.2	0	9176
16000	6.3	0	8409
16000	6.4	0	7490
16000	6.5	0	7080
16000	6.6	0	6429
16000	6.7	0	5980
16000	6.8	0	5577
16000	6.9	0	5213
16000	7	0	4831
16000	7.1	0	4424
16000	7.2	0	4151
16000	7.3	0	3952
16000	7.4	0	3645
16000	7.5	0	3505
16000	7.6	0	3427
16000	7.7	0	3201
16000	7.8	0	2929
16000	7.9	0	2830
16000	8	0	2582
16000	8.1	0	2603
16000	8.2	0	2426
16000	8.3	0	2316
16000	8.4	0	2273
16000	8.5	0	2199
16000	8.6	0	2103
16000	8.7	0	1987
16000	8.8	0	1963
16000	8.9	0	2025
16000	9	0	1807
16000	9.1	0	1782
16000	9.2	0	1739
16000	9.3	0	1653
16000	9.4	0	1629
16000	9.5	0	1605
16000	9.6	0	1583
16000	9.7	0	1539
16000	9.8	0	1476
16000	9.9	0	1470
16000	10	0	1418
16000	10.1	0	1364
16000	10.2	0	1315
16000	10.3	0	1429
16000	10.4	0	1276
16000	10.5	0	1267
16000	10.6	0	1343
16000	10.7	0	1230
16000	10.8	0	1145
16000	10.9	0	1211
16000	11	0	1236
16000	11.1	0	1138
16000	11.2	0	1148
16000	11.3	0	1171
16000	11.4	0	1145
16000	11.5	0	1171
16000	11.6	0	1180
16000	11.7	0	1144
16000	11.8	0	1159
16000	11.9	0	1155
16000	12	0	1139
16000	12.1	0	1175
16000	12.2	0	1182
16000	12.3	0	1150
16000	12.4	0	1154
16000	12.5	0	1150
16000	12.6	0	1158
16000	12.7	0	1123
16000	12.8	0	1190
16000	12.9	0	1137
16000	13	0	1186
16000	13.1	0	1158
16000	13.2	0	1103
16000	13.3	0	1147
16000	13.4	0	1134
16000	13.5	0	1131
16000	13.6	0	1120
16000	13.7	0	1118
16000	13.8	0	1143
16000	13.9	0	1163
16000	14	0	1193
16000	14.1	0	1218
16000	14.2	0	1103
16000	14.3	0	1158
16000	14.4	0	1145
16000	14.5	0	1163
16000	14.6	0	1166
16000	14.7	0	1139
16000	14.8	0	1157
16000	14.9	0	1124
16000	15	0	1146
16000	15.1	0	1204
16000	15.2	0	1141
16000	15.3	0	1180
16000	15.4	0	1185
16000	15.5	0	1179
16000	15.6	0	1153
16000	15.7	0	1139
16000	15.8	0	1156
16000	15.9	0	1121
16000	16	0	1187
16000	16.1	0	1164
16000	16.2	0	1237
16000	16.3	0	1206
16000	16.4	0	1134
16000	16.5	0	1154
16000	16.6	0	1139
16000	16.7	0	1132
16000	16.8	0	1081
16000	16.9	0	1108
16000	17	0	1169
16000	17.1	0	1190
16000	17.2	0	1151
16000	17.3	0	1170
16000	17.4	0	1191
16000	17.5	0	1174
16000	17.6	0	1171
16000	17.7	0	1110
16000	17.8	0	1145
16000	17.9	0	1118
16000	18	0	1134
16000	18.1	0	1145
16000	18.2	0	1122
16000	18.3	0	1206
16000	18.4	0	1131
16000	18.5	0	1148
16000	18.6	0	1223
16000	18.7	0	1155
16000	18.8	0	1134
16000	18.9	0	1208
16000	19	0	1124
16000	19.1	0	1156
16000	19.2	0	1146
16000	19.3	0	1191
16000	19.4	0	1205
16000	19.5	0	1194
16000	19.6	0	1173
16000	19.7	0	1167
16000	19.8	0	1166
16000	19.9	0	1188
20000	0	0	1139
20000	0.1	0	1160
20000	0.2	0	1226
20000	0.3	0	1257
20000	0.4	0	1289
20000	0.5	0	1323
20000	0.6	0	1430
20000	0.7	0	1594
20000	0.8	0	1678
20000	0.9	0	1822
20000	1	0	1864
20000	1.1	0	2154
20000	1.2	0	2306
20000	1.3	0	2591
20000	1.4	0	3122
20000	1.5	0	3691
20000	1.6	0	4342
20000	1.7	0	5199
20000	1.8	0	6531
20000	1.9	0	8085
20000	2	0	10208
20000	2.1	0	13176
20000	2.2	0	16431
20000	2.3	0	18931
20000	2.4	0	19387
20000	2.5	0	18190
20000	2.6	0	17356
20000	2.7	0	17291
20000	2.8	0	17225
20000	2.9	0	17643
20000	3	0	17846
20000	3.1	0	17807
20000	3.2	0	17858
20000	3.3	0	17685
20000	3.4	0	17776
20000	3.5	0	17904
20000	3.6	0	17421
20000	3.7	0	17823
20000	3.8	0	17969
20000	3.9	0	17924
20000	4	0	17679
20000	4.1	0	17766
20000	4.2	0	17802
20000	4.3	0	17851
20000	4.4	0	17744
20000	4.5	0	17594
20000	4.6	0	17864
20000	4.7	0	17707
20000	4.8	0	17734
20000	4.9	0	17836
20000	5	0	17749
20000	5.1	0	17658
20000	5.2	0	17424
20000	5.3	0	17064
20000	5.4	0	16497
20000	5.5	0	15621
20000	5.6	0	15036
20000	5.7	0	13838
20000	5.8	0	12860
20000	5.9	0	11855
20000	6	0	10985
20000	6.1	0	9967
20000	6.2	0	9044
20000	6.3	0	8403
20000	6.4	0	7753
20000	6.5	0	7129
20000	6.6	0	6416
20000	6.7	0	6033
20000	6.8	0	5528
20000	6.9	0	5159
20000	7	0	4717
20000	7.1	0	4491
20000	7.2	0	4180
20000	7.3	0	4024
20000	7.4	0	3827
20000	7.5	0	3423
20000	7.6	0	3290
20000	7.7	0	3044
20000	7.8	0	2950
20000	7.9	0	2777
20000	8	0	2714
20000	8.1	0	2480
20000	8.2	0	2377
20000	8.3	0	2377
20000	8.4	0	2318
20000	8.5	0	2190
20000	8.6	0	2132
20000	8.7	0	1926
20000	8.8	0	1976
20000	8.9	0	1924
20000	9	0	1831
20000	9.1	0	1807
20000	9.2	0	1740
20000	9.3	0	1652
20000	9.4	0	1653
20000	9.5	0	1610
20000	9.6	0	1492
20000	9.7	0	1504
20000	9.8	0	1448
20000	9.9	0	1417
20000	10	0	1451
20000	10.1	0	1396
20000	10.2	0	1397
20000	10.3	0	1303
20000	10.4	0	1370
20000	10.5	0	1209
20000	10.6	0	1297
20000	10.7	0	1293
20000	10.8	0	1266
20000	10.9	0	1284
20000	11	0	1238
20000	11.1	0	1155
20000	11.2	0	1227
20000	11.3	0	1218
20000	11.4	0	1172
20000	11.5	0	1151
20000	11.6	0	1126
20000	11.7	0	1121
20000	11.8	0	1169
20000	11.9	0	1183
20000	12	0	1167
20000	12.1	0	1157
20000	12.2	0	1109
20000	12.3	0	1133
20000	12.4	0	1097
20000	12.5	0	1150
20000	12.6	0	1179
20000	12.7	0	1140
20000	12.8	0	1146
20000	12.9	0	1121
20000	13	0	1180
20000	13.1	0	1138
20000	13.2	0	1156
20000	13.3	0	1159
20000	13.4	0	1214
20000	13.5	0	1162
20000	13.6	0	1105
20000	13.7	0	1174
20000	13.8	0	1040
20000	13.9	0	1199
20000	14	0	1135
20000	14.1	0	1107
20000	14.2	0	1120
20000	14.3	0	1137
20000	14.4	0	1200
20000	14.5	0	1182
20000	14.6	0	1085
20000	14.7	0	1196
20000	14.8	0	1201
20000	14.9	0	1137
20000	15	0	1120
20000	15.1	0	1189
20000	15.2	0	1205
20000	15.3	0	1170
20000	15.4	0	1108
20000	15.5	0	1159
20000	15.6	0	1073
20000	15.7	0	1177
20000	15.8	0	1108
20000	15.9	0	1127
20000	16	0	1114
20000	16.1	0	1168
20000	16.2	0	1178
20000	16.3	0	1133
20000	16.4	0	1205
20000	16.5	0	1163
20000	16.6	0	1179
20000	16.7	0	1173
20000	16.8	0	1185
20000	16.9	0	1158
20000	17	0	1132
20000	17.1	0	1058
20000	17.2	0	1181
20000	17.3	0	1145
20000	17.4	0	1143
20000	17.5	0	1159
20000	17.6	0	1170
20000	17.7	0	1200
20000	17.8	0	1180
20000	17.9	0	1144
20000	18	0	1182
20000	18.1	0	1190
20000	18.2	0	1148
20000	18.3	0	1180
20000	18.4	0	1139
20000	18.5	0	1144
20000	18.6	0	1185
20000	18.7	0	1133
20000	18.8	0	1130
20000	18.9	0	1138
20000	19	0	1211
20000	19.1	0	1153
20000	19.2	0	1186
20000	19.3	0	1169
20000	19.4	0	1157
20000	19.5	0	1159
20000	19.6	0	1157
20000	19.7	0	1255
20000	19.8	0	1168
20000	19.9	0	1219
