4000	0	0	1103
4000	0.1	0	1129
4000	0.2	0	1165
4000	0.3	0	1197
4000	0.4	0	1221
4000	0.5	0	1249
4000	0.6	0	1298
4000	0.7	0	1442
4000	0.8	0	1535
4000	0.9	0	1558
4000	1	0	1782
4000	1.1	0	1985
4000	1.2	0	2161
4000	1.3	0	2457
4000	1.4	0	2943
4000	1.5	0	3378
4000	1.6	0	4079
4000	1.7	0	4949
4000	1.8	0	5994
4000	1.9	0	7444
4000	2	0	9540
4000	2.1	0	12271
4000	2.2	0	15721
4000	2.3	0	18338
4000	2.4	0	19437
4000	2.5	0	18933
4000	2.6	0	18107
4000	2.7	0	18027
4000	2.8	0	18060
4000	2.9	0	18322
4000	3	0	18538
4000	3.1	0	18589
4000	3.2	0	18710
4000	3.3	0	18653
4000	3.4	0	18840
4000	3.5	0	18712
4000	3.6	0	18726
4000	3.7	0	18598
4000	3.8	0	18731
4000	3.9	0	18811
4000	4	0	18957
4000	4.1	0	18603
4000	4.2	0	18741
4000	4.3	0	18717
4000	4.4	0	18890
4000	4.5	0	18575
4000	4.6	0	18514
4000	4.7	0	18718
4000	4.8	0	18484
4000	4.9	0	18535
4000	5	0	18692
4000	5.1	0	18259
4000	5.2	0	17891
4000	5.3	0	17408
4000	5.4	0	16287
4000	5.5	0	15554
4000	5.6	0	14410
4000	5.7	0	13483
4000	5.8	0	12437
4000	5.9	0	11315
4000	6	0	10370
4000	6.1	0	9484
4000	6.2	0	8641
4000	6.3	0	7924
4000	6.4	0	7231
4000	6.5	0	6673
4000	6.6	0	6084
4000	6.7	0	5578
4000	6.8	0	5154
4000	6.9	0	4925
4000	7	0	4553
4000	7.1	0	4226
4000	7.2	0	3874
4000	7.3	0	3630
4000	7.4	0	3504
4000	7.5	0	3171
4000	7.6	0	3075
4000	7.7	0	2980
4000	7.8	0	2781
4000	7.9	0	2637
4000	8	0	2454
4000	8.1	0	2402
4000	8.2	0	2312
4000	8.3	0	2291
4000	8.4	0	2127
4000	8.5	0	2058
4000	8.6	0	1961
4000	8.7	0	1866
4000	8.8	0	1868
4000	8.9	0	1791
4000	9	0	1751
4000	9.1	0	1689
4000	9.2	0	1564
4000	9.3	0	1568
4000	9.4	0	1521
4000	9.5	0	1521
4000	9.6	0	1423
4000	9.7	0	1458
4000	9.8	0	1380
4000	9.9	0	1400
4000	10	0	1273
4000	10.1	0	1327
4000	10.2	0	1326
4000	10.3	0	1289
4000	10.4	0	1238
4000	10.5	0	1177
4000	10.6	0	1253
4000	10.7	0	1149
4000	10.8	0	1140
4000	10.9	0	1129
4000	11	0	1094
4000	11.1	0	1142
4000	11.2	0	1133
4000	11.3	0	1068
4000	11.4	0	1124
4000	11.5	0	1074
4000	11.6	0	1110
4000	11.7	0	1027
4000	11.8	0	1092
4000	11.9	0	1114
4000	12	0	1050
4000	12.1	0	1055
4000	12.2	0	1097
4000	12.3	0	1117
4000	12.4	0	1107
4000	12.5	0	1114
4000	12.6	0	1095
4000	12.7	0	1081
4000	12.8	0	1145
4000	12.9	0	1032
4000	13	0	1105
4000	13.1	0	1132
4000	13.2	0	1048
4000	13.3	0	1104
4000	13.4	0	1033
4000	13.5	0	1054
4000	13.6	0	1060
4000	13.7	0	1049
4000	13.8	0	1061
4000	13.9	0	1135
4000	14	0	1097
4000	14.1	0	1065
4000	14.2	0	1066
4000	14.3	0	1061
4000	14.4	0	1050
4000	14.5	0	1116
4000	14.6	0	1098
4000	14.7	0	1100
4000	14.8	0	1036
4000	14.9	0	1038
4000	15	0	1154
4000	15.1	0	1068
4000	15.2	0	1057
4000	15.3	0	1099
4000	15.4	0	1077
4000	15.5	0	1147
4000	15.6	0	1098
4000	15.7	0	1115
4000	15.8	0	1060
4000	15.9	0	1058
4000	16	0	1100
4000	16.1	0	1011
4000	16.2	0	1142
4000	16.3	0	1076
4000	16.4	0	1113
4000	16.5	0	1113
4000	16.6	0	1118
4000	16.7	0	1092
4000	16.8	0	1086
4000	16.9	0	1078
4000	17	0	1111
4000	17.1	0	1114
4000	17.2	0	1087
4000	17.3	0	1101
4000	17.4	0	1130
4000	17.5	0	1116
4000	17.6	0	1149
4000	17.7	0	1092
4000	17.8	0	1111
4000	17.9	0	1137
4000	18	0	1074
4000	18.1	0	1121
4000	18.2	0	1085
4000	18.3	0	1111
4000	18.4	0	1134
4000	18.5	0	1110
4000	18.6	0	1093
4000	18.7	0	1102
4000	18.8	0	1134
4000	18.9	0	1094
4000	19	0	1111
4000	19.1	0	1115
4000	19.2	0	1155
4000	19.3	0	1111
4000	19.4	0	1058
4000	19.5	0	1072
4000	19.6	0	1172
4000	19.7	0	1102
4000	19.8	0	1146
4000	19.9	0	1107
8000	0	0	1122
8000	0.1	0	1058
8000	0.2	0	1180
8000	0.3	0	1146
8000	0.4	0	1258
8000	0.5	0	1246
8000	0.6	0	1380
8000	0.7	0	1442
8000	0.8	0	1485
8000	0.9	0	1683
8000	1	0	1870
8000	1.1	0	2013
8000	1.2	0	2273
8000	1.3	0	2502
8000	1.4	0	2894
8000	1.5	0	3366
8000	1.6	0	4004
8000	1.7	0	4806
8000	1.8	0	5888
8000	1.9	0	7549
8000	2	0	9707
8000	2.1	0	12506
8000	2.2	0	15749
8000	2.3	0	18161
8000	2.4	0	19239
8000	2.5	0	18555
8000	2.6	0	18113
8000	2.7	0	18037
8000	2.8	0	18155
8000	2.9	0	18370
8000	3	0	18442
8000	3.1	0	18479
8000	3.2	0	18643
8000	3.3	0	18688
8000	3.4	0	18768
8000	3.5	0	18880
8000	3.6	0	18625
8000	3.7	0	18735
8000	3.8	0	18983
8000	3.9	0	18775
8000	4	0	18559
8000	4.1	0	18766
8000	4.2	0	18916
8000	4.3	0	18640
8000	4.4	0	18614
8000	4.5	0	18684
8000	4.6	0	18701
8000	4.7	0	18422
8000	4.8	0	18472
8000	4.9	0	18387
8000	5	0	18567
8000	5.1	0	18537
8000	5.2	0	17949
8000	5.3	0	17076
8000	5.4	0	16477
8000	5.5	0	15655
8000	5.6	0	14406
8000	5.7	0	13580
8000	5.8	0	12476
8000	5.9	0	11491
8000	6	0	10361
8000	6.1	0	9420
8000	6.2	0	8605
8000	6.3	0	7967
8000	6.4	0	7242
8000	6.5	0	6655
8000	6.6	0	6128
8000	6.7	0	5604
8000	6.8	0	5206
8000	6.9	0	4902
8000	7	0	4574
8000	7.1	0	4318
8000	7.2	0	3954
8000	7.3	0	3553
8000	7.4	0	3428
8000	7.5	0	3294
8000	7.6	0	2992
8000	7.7	0	2937
8000	7.8	0	2853
8000	7.9	0	2697
8000	8	0	2528
8000	8.1	0	2415
8000	8.2	0	2291
8000	8.3	0	2279
8000	8.4	0	2134
8000	8.5	0	2065
8000	8.6	0	2008
8000	8.7	0	1874
8000	8.8	0	1788
8000	8.9	0	1774
8000	9	0	1706
8000	9.1	0	1646
8000	9.2	0	1606
8000	9.3	0	1563
8000	9.4	0	1520
8000	9.5	0	1457
8000	9.6	0	1470
8000	9.7	0	1442
8000	9.8	0	1407
8000	9.9	0	1276
8000	10	0	1294
8000	10.1	0	1272
8000	10.2	0	1308
8000	10.3	0	1242
8000	10.4	0	1267
8000	10.5	0	1206
8000	10.6	0	1263
8000	10.7	0	1236
8000	10.8	0	1223
8000	10.9	0	1159
8000	11	0	1115
8000	11.1	0	1162
8000	11.2	0	1052
8000	11.3	0	1104
8000	11.4	0	1078
8000	11.5	0	1156
8000	11.6	0	1107
8000	11.7	0	1122
8000	11.8	0	1042
8000	11.9	0	1110
8000	12	0	1091
8000	12.1	0	1080
8000	12.2	0	1115
8000	12.3	0	1084
8000	12.4	0	1077
8000	12.5	0	1089
8000	12.6	0	1109
8000	12.7	0	1125
8000	12.8	0	1097
8000	12.9	0	1118
8000	13	0	1038
8000	13.1	0	1063
8000	13.2	0	1061
8000	13.3	0	1095
8000	13.4	0	1088
8000	13.5	0	1039
8000	13.6	0	1034
8000	13.7	0	1012
8000	13.8	0	1082
8000	13.9	0	1077
8000	14	0	1042
8000	14.1	0	1116
8000	14.2	0	1073
8000	14.3	0	1086
8000	14.4	0	1048
8000	14.5	0	1055
8000	14.6	0	1101
8000	14.7	0	1118
8000	14.8	0	1150
8000	14.9	0	1101
8000	15	0	1074
8000	15.1	0	1097
8000	15.2	0	1116
8000	15.3	0	1075
8000	15.4	0	1032
8000	15.5	0	1101
8000	15.6	0	1063
8000	15.7	0	1087
8000	15.8	0	1040
8000	15.9	0	1087
8000	16	0	1126
8000	16.1	0	1128
8000	16.2	0	1048
8000	16.3	0	1124
8000	16.4	0	1070
8000	16.5	0	1124
8000	16.6	0	1120
8000	16.7	0	1098
8000	16.8	0	1029
8000	16.9	0	1115
8000	17	0	1111
8000	17.1	0	1014
8000	17.2	0	1084
8000	17.3	0	1118
8000	17.4	0	1076
8000	17.5	0	1106
8000	17.6	0	1133
8000	17.7	0	1101
8000	17.8	0	1105
8000	17.9	0	1173
8000	18	0	1082
8000	18.1	0	1077
8000	18.2	0	1160
8000	18.3	0	1073
8000	18.4	0	1052
8000	18.5	0	1072
8000	18.6	0	1115
8000	18.7	0	1063
8000	18.8	0	1097
8000	18.9	0	1102
8000	19	0	1104
8000	19.1	0	1105
8000	19.2	0	1138
8000	19.3	0	1091
8000	19.4	0	1149
8000	19.5	0	1160
8000	19.6	0	1156
8000	19.7	0	1150
8000	19.8	0	1096
8000	19.9	0	1112
12000	0	0	1129
12000	0.1	0	1125
12000	0.2	0	1188
12000	0.3	0	1171
12000	0.4	0	1236
12000	0.5	0	1286
12000	0.6	0	1338
12000	0.7	0	1424
12000	0.8	0	1493
12000	0.9	0	1630
12000	1	0	1836
12000	1.1	0	1934
12000	1.2	0	2225
12000	1.3	0	2536
12000	1.4	0	2852
12000	1.5	0	3366
12000	1.6	0	4063
12000	1.7	0	4902
12000	1.8	0	6047
12000	1.9	0	7510
12000	2	0	9679
12000	2.1	0	12553
12000	2.2	0	15592
12000	2.3	0	18372
12000	2.4	0	19446
12000	2.5	0	18877
12000	2.6	0	18076
12000	2.7	0	17956
12000	2.8	0	17956
12000	2.9	0	18231
12000	3	0	18488
12000	3.1	0	18489
12000	3.2	0	18652
12000	3.3	0	18661
12000	3.4	0	18781
12000	3.5	0	18734
12000	3.6	0	18743
12000	3.7	0	18785
12000	3.8	0	18802
12000	3.9	0	18744
12000	4	0	18795
12000	4.1	0	18704
12000	4.2	0	19055
12000	4.3	0	18743
12000	4.4	0	18763
12000	4.5	0	18711
12000	4.6	0	18730
12000	4.7	0	18449
12000	4.8	0	18573
12000	4.9	0	18531
12000	5	0	18428
12000	5.1	0	18227
12000	5.2	0	17927
12000	5.3	0	17132
12000	5.4	0	16559
12000	5.5	0	15283
12000	5.6	0	14795
12000	5.7	0	13431
12000	5.8	0	12473
12000	5.9	0	11360
12000	6	0	10335
12000	6.1	0	9310
12000	6.2	0	8636
12000	6.3	0	7889
12000	6.4	0	7184
12000	6.5	0	6600
12000	6.6	0	6188
12000	6.7	0	5622
12000	6.8	0	5174
12000	6.9	0	4860
12000	7	0	4613
12000	7.1	0	4163
12000	7.2	0	3963
12000	7.3	0	3796
12000	7.4	0	3444
12000	7.5	0	3242
12000	7.6	0	3084
12000	7.7	0	3010
12000	7.8	0	2834
12000	7.9	0	2659
12000	8	0	2546
12000	8.1	0	2425
12000	8.2	0	2258
12000	8.3	0	2178
12000	8.4	0	2190
12000	8.5	0	1977
12000	8.6	0	2049
12000	8.7	0	1872
12000	8.8	0	1759
12000	8.9	0	1787
12000	9	0	1721
12000	9.1	0	1732
12000	9.2	0	1611
12000	9.3	0	1588
12000	9.4	0	1560
12000	9.5	0	1474
12000	9.6	0	1470
12000	9.7	0	1391
12000	9.8	0	1348
12000	9.9	0	1331
12000	10	0	1300
12000	10.1	0	1289
12000	10.2	0	1256
12000	10.3	0	1200
12000	10.4	0	1154
12000	10.5	0	1263
12000	10.6	0	1236
12000	10.7	0	1189
12000	10.8	0	1118
12000	10.9	0	1186
12000	11	0	1134
12000	11.1	0	1238
12000	11.2	0	1100
12000	11.3	0	1079
12000	11.4	0	1088
12000	11.5	0	1024
12000	11.6	0	1093
12000	11.7	0	1036
12000	11.8	0	1045
12000	11.9	0	1089
12000	12	0	1084
12000	12.1	0	1048
12000	12.2	0	1122
12000	12.3	0	1125
12000	12.4	0	1087
12000	12.5	0	1019
12000	12.6	0	1063
12000	12.7	0	1125
12000	12.8	0	1138
12000	12.9	0	1015
12000	13	0	1067
12000	13.1	0	1001
12000	13.2	0	1118
12000	13.3	0	1076
12000	13.4	0	1114
12000	13.5	0	1024
12000	13.6	0	1095
12000	13.7	0	1014
12000	13.8	0	1052
12000	13.9	0	1096
12000	14	0	1107
12000	14.1	0	1102
12000	14.2	0	1074
12000	14.3	0	1079
12000	14.4	0	1097
12000	14.5	0	1165
12000	14.6	0	1129
12000	14.7	0	1112
12000	14.8	0	1063
12000	14.9	0	1032
12000	15	0	1009
12000	15.1	0	1077
12000	15.2	0	1075
12000	15.3	0	1113
12000	15.4	0	1086
12000	15.5	0	1163
12000	15.6	0	1109
12000	15.7	0	1100
12000	15.8	0	1088
12000	15.9	0	1028
12000	16	0	1155
12000	16.1	0	1040
12000	16.2	0	1120
12000	16.3	0	1063
12000	16.4	0	1178
12000	16.5	0	1130
12000	16.6	0	1132
12000	16.7	0	1095
12000	16.8	0	1101
12000	16.9	0	1090
12000	17	0	1111
12000	17.1	0	1088
12000	17.2	0	1040
12000	17.3	0	1069
12000	17.4	0	1067
12000	17.5	0	1121
12000	17.6	0	1088
12000	17.7	0	1076
12000	17.8	0	1125
12000	17.9	0	1168
12000	18	0	1083
12000	18.1	0	1100
12000	18.2	0	1117
12000	18.3	0	1096
12000	18.4	0	1044
12000	18.5	0	1115
12000	18.6	0	1141
12000	18.7	0	1082
12000	18.8	0	1121
12000	18.9	0	1062
12000	19	0	1076
12000	19.1	0	1088
12000	19.2	0	1139
12000	19.3	0	1113
12000	19.4	0	1051
12000	19.5	0	1168
12000	19.6	0	1141
12000	19.7	0	1088
12000	19.8	0	1137
12000	19.9	0	1123
16000	0	0	1071
16000	0.1	0	1157
16000	0.2	0	1169
16000	0.3	0	1170
16000	0.4	0	1216
16000	0.5	0	1305
16000	0.6	0	1376
16000	0.7	0	1452
16000	0.8	0	1501
16000	0.9	0	1696
16000	1	0	1801
16000	1.1	0	1999
16000	1.2	0	2190
16000	1.3	0	2590
16000	1.4	0	2934
16000	1.5	0	3368
16000	1.6	0	3932
16000	1.7	0	4913
16000	1.8	0	6099
16000	1.9	0	7496
16000	2	0	9718
16000	2.1	0	12418
16000	2.2	0	15836
16000	2.3	0	18460
16000	2.4	0	19298
16000	2.5	0	18729
16000	2.6	0	17971
16000	2.7	0	18091
16000	2.8	0	18090
16000	2.9	0	18331
16000	3	0	18516
16000	3.1	0	18568
16000	3.2	0	18440
16000	3.3	0	18851
16000	3.4	0	18661
16000	3.5	0	18753
16000	3.6	0	18935
16000	3.7	0	18789
16000	3.8	0	18822
16000	3.9	0	18791
16000	4	0	18620
16000	4.1	0	18695
16000	4.2	0	18848
16000	4.3	0	18690
16000	4.4	0	18722
16000	4.5	0	18539
16000	4.6	0	18432
16000	4.7	0	18224
16000	4.8	0	18618
16000	4.9	0	18514
16000	5	0	18501
16000	5.1	0	18449
16000	5.2	0	17836
16000	5.3	0	17216
16000	5.4	0	16430
16000	5.5	0	15488
16000	5.6	0	14418
16000	5.7	0	13581
16000	5.8	0	12492
16000	5.9	0	11000
16000	6	0	10474
16000	6.1	0	9597
16000	6.2	0	8742
16000	6.3	0	8023
16000	6.4	0	7280
16000	6.5	0	6764
16000	6.6	0	6003
16000	6.7	0	5616
16000	6.8	0	5268
16000	6.9	0	4913
16000	7	0	4586
16000	7.1	0	4188
16000	7.2	0	4030
16000	7.3	0	3650
16000	7.4	0	3478
16000	7.5	0	3267
16000	7.6	0	3117
16000	7.7	0	2917
16000	7.8	0	2739
16000	7.9	0	2679
16000	8	0	2523
16000	8.1	0	2466
16000	8.2	0	2404
16000	8.3	0	2185
16000	8.4	0	2091
16000	8.5	0	2010
16000	8.6	0	1872
16000	8.7	0	1921
16000	8.8	0	1830
16000	8.9	0	1712
16000	9	0	1705
16000	9.1	0	1673
16000	9.2	0	1647
16000	9.3	0	1503
16000	9.4	0	1557
16000	9.5	0	1498
16000	9.6	0	1398
16000	9.7	0	1468
16000	9.8	0	1401
16000	9.9	0	1310
16000	10	0	1290
16000	10.1	0	1325
16000	10.2	0	1270
16000	10.3	0	1317
16000	10.4	0	1231
16000	10.5	0	1212
16000	10.6	0	1201
16000	10.7	0	1110
16000	10.8	0	1143
16000	10.9	0	1166
16000	11	0	1151
16000	11.1	0	1094
16000	11.2	0	1106
16000	11.3	0	1104
16000	11.4	0	1107
16000	11.5	0	1122
16000	11.6	0	1047
16000	11.7	0	1060
16000	11.8	0	1125
16000	11.9	0	1061
16000	12	0	1071
16000	12.1	0	1061
16000	12.2	0	1062
16000	12.3	0	1098
16000	12.4	0	1086
16000	12.5	0	1085
16000	12.6	0	1047
16000	12.7	0	1113
16000	12.8	0	1096
16000	12.9	0	1069
16000	13	0	1069
16000	13.1	0	1096
16000	13.2	0	1064
16000	13.3	0	1051
16000	13.4	0	1078
16000	13.5	0	1033
16000	13.6	0	1094
16000	13.7	0	1121
16000	13.8	0	1032
16000	13.9	0	1076
16000	14	0	1137
16000	14.1	0	1054
16000	14.2	0	1130
16000	14.3	0	1107
16000	14.4	0	1066
16000	14.5	0	1118
16000	14.6	0	1110
16000	14.7	0	1159
16000	14.8	0	1137
16000	14.9	0	1119
16000	15	0	1149
16000	15.1	0	1059
16000	15.2	0	1079
16000	15.3	0	1072
16000	15.4	0	1138
16000	15.5	0	1092
16000	15.6	0	1100
16000	15.7	0	1083
16000	15.8	0	1101
16000	15.9	0	1071
16000	16	0	1078
16000	16.1	0	1128
16000	16.2	0	1053
16000	16.3	0	1134
16000	16.4	0	1141
16000	16.5	0	1120
16000	16.6	0	1115
16000	16.7	0	1067
16000	16.8	0	1108
16000	16.9	0	1134
16000	17	0	1065
16000	17.1	0	1146
16000	17.2	0	1025
16000	17.3	0	1039
16000	17.4	0	1088
16000	17.5	0	1104
16000	17.6	0	1059
16000	17.7	0	1119
16000	17.8	0	1109
16000	17.9	0	1054
16000	18	0	1098
16000	18.1	0	1094
16000	18.2	0	1086
16000	18.3	0	1067
16000	18.4	0	1110
16000	18.5	0	1084
16000	18.6	0	1086
16000	18.7	0	1105
16000	18.8	0	1058
16000	18.9	0	1097
16000	19	0	1147
16000	19.1	0	1093
16000	19.2	0	1073
16000	19.3	0	1096
16000	19.4	0	1090
16000	19.5	0	1141
16000	19.6	0	1153
16000	19.7	0	1097
16000	19.8	0	1086
16000	19.9	0	1107
20000	0	0	1115
20000	0.1	0	1128
20000	0.2	0	1146
20000	0.3	0	1239
20000	0.4	0	1180
20000	0.5	0	1263
20000	0.6	0	1334
20000	0.7	0	1360
20000	0.8	0	1591
20000	0.9	0	1630
20000	1	0	1775
20000	1.1	0	2062
20000	1.2	0	2169
20000	1.3	0	2503
20000	1.4	0	2852
20000	1.5	0	3354
20000	1.6	0	4014
20000	1.7	0	4853
20000	1.8	0	6127
20000	1.9	0	7406
20000	2	0	9526
20000	2.1	0	12410
20000	2.2	0	15576
20000	2.3	0	18237
20000	2.4	0	19507
20000	2.5	0	18706
20000	2.6	0	18224
20000	2.7	0	17991
20000	2.8	0	17920
20000	2.9	0	18514
20000	3	0	18286
20000	3.1	0	18617
20000	3.2	0	18620
20000	3.3	0	18852
20000	3.4	0	18827
20000	3.5	0	18642
20000	3.6	0	18696
20000	3.7	0	18847
20000	3.8	0	18780
20000	3.9	0	18767
20000	4	0	18776
20000	4.1	0	18651
20000	4.2	0	18752
20000	4.3	0	18797
20000	4.4	0	18692
20000	4.5	0	18501
20000	4.6	0	18532
20000	4.7	0	18718
20000	4.8	0	18569
20000	4.9	0	18500
20000	5	0	18429
20000	5.1	0	18145
20000	5.2	0	17878
20000	5.3	0	17335
20000	5.4	0	16642
20000	5.5	0	15416
20000	5.6	0	14517
20000	5.7	0	13311
20000	5.8	0	12616
20000	5.9	0	11212
20000	6	0	10470
20000	6.1	0	9646
20000	6.2	0	8710
20000	6.3	0	7836
20000	6.4	0	7240
20000	6.5	0	6725
20000	6.6	0	6137
20000	6.7	0	5675
20000	6.8	0	5224
20000	6.9	0	4800
20000	7	0	4446
20000	7.1	0	4323
20000	7.2	0	3911
20000	7.3	0	3821
20000	7.4	0	3477
20000	7.5	0	3297
20000	7.6	0	3090
20000	7.7	0	2980
20000	7.8	0	2790
20000	7.9	0	2662
20000	8	0	2575
20000	8.1	0	2467
20000	8.2	0	2334
20000	8.3	0	2185
20000	8.4	0	2074
20000	8.5	0	1972
20000	8.6	0	1975
20000	8.7	0	1809
20000	8.8	0	1827
20000	8.9	0	1796
20000	9	0	1754
20000	9.1	0	1630
20000	9.2	0	1626
20000	9.3	0	1613
20000	9.4	0	1547
20000	9.5	0	1515
20000	9.6	0	1422
20000	9.7	0	1415
20000	9.8	0	1320
20000	9.9	0	1344
20000	10	0	1374
20000	10.1	0	1299
20000	10.2	0	1225
20000	10.3	0	1270
20000	10.4	0	1290
20000	10.5	0	1235
20000	10.6	0	1235
20000	10.7	0	1142
20000	10.8	0	1226
20000	10.9	0	1132
20000	11	0	1088
20000	11.1	0	1125
20000	11.2	0	1126
20000	11.3	0	1053
20000	11.4	0	1100
20000	11.5	0	1120
20000	11.6	0	1091
20000	11.7	0	1064
20000	11.8	0	1057
20000	11.9	0	1051
20000	12	0	1057
20000	12.1	0	1126
20000	12.2	0	1047
20000	12.3	0	1092
20000	12.4	0	1143
20000	12.5	0	1114
20000	12.6	0	1100
20000	12.7	0	1035
20000	12.8	0	1110
20000	12.9	0	1100
20000	13	0	1069
20000	13.1	0	1109
20000	13.2	0	1094
20000	13.3	0	1054
20000	13.4	0	1106
20000	13.5	0	1043
20000	13.6	0	1069
20000	13.7	0	1116
20000	13.8	0	1063
20000	13.9	0	1073
20000	14	0	1084
20000	14.1	0	1033
20000	14.2	0	1084
20000	14.3	0	1056
20000	14.4	0	1161
20000	14.5	0	1012
20000	14.6	0	1115
20000	14.7	0	1076
20000	14.8	0	1040
20000	14.9	0	1114
20000	15	0	1069
20000	15.1	0	1061
20000	15.2	0	1059
20000	15.3	0	1108
20000	15.4	0	1098
20000	15.5	0	1075
20000	15.6	0	1155
20000	15.7	0	1127
20000	15.8	0	1075
20000	15.9	0	1066
20000	16	0	1071
20000	16.1	0	1074
20000	16.2	0	1121
20000	16.3	0	1084
20000	16.4	0	1061
20000	16.5	0	1087
20000	16.6	0	1108
20000	16.7	0	1084
20000	16.8	0	1045
20000	16.9	0	1106
20000	17	0	1178
20000	17.1	0	1079
20000	17.2	0	1147
20000	17.3	0	1067
20000	17.4	0	1134
20000	17.5	0	1152
20000	17.6	0	1059
20000	17.7	0	1075
20000	17.8	0	1121
20000	17.9	0	1156
20000	18	0	1047
20000	18.1	0	1096
20000	18.2	0	1145
20000	18.3	0	1103
20000	18.4	0	1140
20000	18.5	0	1118
20000	18.6	0	1088
20000	18.7	0	1129
20000	18.8	0	1129
20000	18.9	0	1123
20000	19	0	1149
20000	19.1	0	1134
20000	19.2	0	1090
20000	19.3	0	1072
20000	19.4	0	1123
20000	19.5	0	1077
20000	19.6	0	1087
20000	19.7	0	1089
20000	19.8	0	1150
20000	19.9	0	1116
