4000	0	0	1223
4000	0.1	0	1256
4000	0.2	0	1299
4000	0.3	0	1259
4000	0.4	0	1363
4000	0.5	0	1427
4000	0.6	0	1494
4000	0.7	0	1671
4000	0.8	0	1725
4000	0.9	0	1914
4000	1	0	2105
4000	1.1	0	2254
4000	1.2	0	2607
4000	1.3	0	3022
4000	1.4	0	3447
4000	1.5	0	3957
4000	1.6	0	4886
4000	1.7	0	5896
4000	1.8	0	7270
4000	1.9	0	9200
4000	2	0	11771
4000	2.1	0	14618
4000	2.2	0	17478
4000	2.3	0	18975
4000	2.4	0	18467
4000	2.5	0	17017
4000	2.6	0	16578
4000	2.7	0	16253
4000	2.8	0	16590
4000	2.9	0	17017
4000	3	0	17109
4000	3.1	0	17235
4000	3.2	0	17084
4000	3.3	0	17028
4000	3.4	0	17032
4000	3.5	0	17174
4000	3.6	0	16709
4000	3.7	0	17184
4000	3.8	0	16992
4000	3.9	0	17112
4000	4	0	16821
4000	4.1	0	17105
4000	4.2	0	16958
4000	4.3	0	16923
4000	4.4	0	17233
4000	4.5	0	16896
4000	4.6	0	16926
4000	4.7	0	16958
4000	4.8	0	16882
4000	4.9	0	16891
4000	5	0	17040
4000	5.1	0	16977
4000	5.2	0	16781
4000	5.3	0	16431
4000	5.4	0	16066
4000	5.5	0	15573
4000	5.6	0	15001
4000	5.7	0	14356
4000	5.8	0	13141
4000	5.9	0	12357
4000	6	0	11566
4000	6.1	0	10725
4000	6.2	0	9708
4000	6.3	0	8933
4000	6.4	0	8148
4000	6.5	0	7522
4000	6.6	0	7014
4000	6.7	0	6319
4000	6.8	0	5917
4000	6.9	0	5393
4000	7	0	5143
4000	7.1	0	4647
4000	7.2	0	4473
4000	7.3	0	4186
4000	7.4	0	3798
4000	7.5	0	3609
4000	7.6	0	3458
4000	7.7	0	3291
4000	7.8	0	3111
4000	7.9	0	3017
4000	8	0	2805
4000	8.1	0	2598
4000	8.2	0	2518
4000	8.3	0	2480
4000	8.4	0	2404
4000	8.5	0	2286
4000	8.6	0	2192
4000	8.7	0	2079
4000	8.8	0	2042
4000	8.9	0	1918
4000	9	0	1793
4000	9.1	0	1828
4000	9.2	0	1825
4000	9.3	0	1747
4000	9.4	0	1638
4000	9.5	0	1631
4000	9.6	0	1582
4000	9.7	0	1551
4000	9.8	0	1510
4000	9.9	0	1495
4000	10	0	1423
4000	10.1	0	1471
4000	10.2	0	1369
4000	10.3	0	1387
4000	10.4	0	1391
4000	10.5	0	1353
4000	10.6	0	1294
4000	10.7	0	1291
4000	10.8	0	1251
4000	10.9	0	1298
4000	11	0	1231
4000	11.1	0	1188
4000	11.2	0	1246
4000	11.3	0	1186
4000	11.4	0	1262
4000	11.5	0	1211
4000	11.6	0	1214
4000	11.7	0	1198
4000	11.8	0	1198
4000	11.9	0	1219
4000	12	0	1164
4000	12.1	0	1187
4000	12.2	0	1256
4000	12.3	0	1216
4000	12.4	0	1205
4000	12.5	0	1200
4000	12.6	0	1192
4000	12.7	0	1196
4000	12.8	0	1172
4000	12.9	0	1208
4000	13	0	1161
4000	13.1	0	1218
4000	13.2	0	1226
4000	13.3	0	1186
4000	13.4	0	1181
4000	13.5	0	1219
4000	13.6	0	1154
4000	13.7	0	1278
4000	13.8	0	1177
4000	13.9	0	1244
4000	14	0	1153
4000	14.1	0	1176
4000	14.2	0	1180
4000	14.3	0	1231
4000	14.4	0	1154
4000	14.5	0	1230
4000	14.6	0	1159
4000	14.7	0	1201
4000	14.8	0	1223
4000	14.9	0	1218
4000	15	0	1175
4000	15.1	0	1193
4000	15.2	0	1202
4000	15.3	0	1220
4000	15.4	0	1249
4000	15.5	0	1139
4000	15.6	0	1159
4000	15.7	0	1223
4000	15.8	0	1185
4000	15.9	0	1211
4000	16	0	1198
4000	16.1	0	1178
4000	16.2	0	1242
4000	16.3	0	1208
4000	16.4	0	1215
4000	16.5	0	1225
4000	16.6	0	1202
4000	16.7	0	1238
4000	16.8	0	1248
4000	16.9	0	1191
4000	17	0	1253
4000	17.1	0	1174
4000	17.2	0	1179
4000	17.3	0	1195
4000	17.4	0	1242
4000	17.5	0	1190
4000	17.6	0	1209
4000	17.7	0	1178
4000	17.8	0	1218
4000	17.9	0	1209
4000	18	0	1154
4000	18.1	0	1198
4000	18.2	0	1193
4000	18.3	0	1160
4000	18.4	0	1244
4000	18.5	0	1224
4000	18.6	0	1245
4000	18.7	0	1296
4000	18.8	0	1247
4000	18.9	0	1233
4000	19	0	1156
4000	19.1	0	1236
4000	19.2	0	1224
4000	19.3	0	1184
4000	19.4	0	1156
4000	19.5	0	1202
4000	19.6	0	1174
4000	19.7	0	1233
4000	19.8	0	1271
4000	19.9	0	1262
8000	0	0	1242
8000	0.1	0	1171
8000	0.2	0	1320
8000	0.3	0	1331
8000	0.4	0	1434
8000	0.5	0	1469
8000	0.6	0	1510
8000	0.7	0	1606
8000	0.8	0	1754
8000	0.9	0	1831
8000	1	0	2124
8000	1.1	0	2240
8000	1.2	0	2599
8000	1.3	0	2997
8000	1.4	0	3452
8000	1.5	0	4099
8000	1.6	0	4748
8000	1.7	0	5903
8000	1.8	0	7364
8000	1.9	0	9350
8000	2	0	11681
8000	2.1	0	14639
8000	2.2	0	17603
8000	2.3	0	19099
8000	2.4	0	18442
8000	2.5	0	17018
8000	2.6	0	16435
8000	2.7	0	16265
8000	2.8	0	16726
8000	2.9	0	17020
8000	3	0	17063
8000	3.1	0	17074
8000	3.2	0	17209
8000	3.3	0	16992
8000	3.4	0	17113
8000	3.5	0	16980
8000	3.6	0	16990
8000	3.7	0	16997
8000	3.8	0	17179
8000	3.9	0	16972
8000	4	0	17134
8000	4.1	0	16819
8000	4.2	0	16973
8000	4.3	0	16861
8000	4.4	0	17200
8000	4.5	0	16841
8000	4.6	0	17045
8000	4.7	0	16730
8000	4.8	0	16950
8000	4.9	0	17162
8000	5	0	16945
8000	5.1	0	16778
8000	5.2	0	16855
8000	5.3	0	16513
8000	5.4	0	15972
8000	5.5	0	15654
8000	5.6	0	15025
8000	5.7	0	14097
8000	5.8	0	13223
8000	5.9	0	12468
8000	6	0	11596
8000	6.1	0	10599
8000	6.2	0	9741
8000	6.3	0	8921
8000	6.4	0	8191
8000	6.5	0	7574
8000	6.6	0	6910
8000	6.7	0	6206
8000	6.8	0	5729
8000	6.9	0	5501
8000	7	0	5038
8000	7.1	0	4826
8000	7.2	0	4323
8000	7.3	0	4168
8000	7.4	0	3897
8000	7.5	0	3653
8000	7.6	0	3488
8000	7.7	0	3305
8000	7.8	0	3103
8000	7.9	0	2887
8000	8	0	2787
8000	8.1	0	2704
8000	8.2	0	2595
8000	8.3	0	2547
8000	8.4	0	2420
8000	8.5	0	2265
8000	8.6	0	2135
8000	8.7	0	2096
8000	8.8	0	2076
8000	8.9	0	1933
8000	9	0	1914
8000	9.1	0	1821
8000	9.2	0	1818
8000	9.3	0	1656
8000	9.4	0	1724
8000	9.5	0	1654
8000	9.6	0	1548
8000	9.7	0	1527
8000	9.8	0	1517
8000	9.9	0	1532
8000	10	0	1413
8000	10.1	0	1468
8000	10.2	0	1351
8000	10.3	0	1427
8000	10.4	0	1388
8000	10.5	0	1335
8000	10.6	0	1346
8000	10.7	0	1274
8000	10.8	0	1301
8000	10.9	0	1269
8000	11	0	1244
8000	11.1	0	1234
8000	11.2	0	1228
8000	11.3	0	1205
8000	11.4	0	1230
8000	11.5	0	1244
8000	11.6	0	1189
8000	11.7	0	1170
8000	11.8	0	1199
8000	11.9	0	1225
8000	12	0	1193
8000	12.1	0	1262
8000	12.2	0	1206
8000	12.3	0	1223
8000	12.4	0	1144
8000	12.5	0	1165
8000	12.6	0	1206
8000	12.7	0	1138
8000	12.8	0	1168
8000	12.9	0	1208
8000	13	0	1195
8000	13.1	0	1234
8000	13.2	0	1187
8000	13.3	0	1210
8000	13.4	0	1166
8000	13.5	0	1156
8000	13.6	0	1177
8000	13.7	0	1141
8000	13.8	0	1155
8000	13.9	0	1239
8000	14	0	1205
8000	14.1	0	1190
8000	14.2	0	1212
8000	14.3	0	1201
8000	14.4	0	1185
8000	14.5	0	1136
8000	14.6	0	1142
8000	14.7	0	1183
8000	14.8	0	1204
8000	14.9	0	1156
8000	15	0	1207
8000	15.1	0	1210
8000	15.2	0	1204
8000	15.3	0	1202
8000	15.4	0	1167
8000	15.5	0	1213
8000	15.6	0	1252
8000	15.7	0	1213
8000	15.8	0	1136
8000	15.9	0	1232
8000	16	0	1144
8000	16.1	0	1202
8000	16.2	0	1190
8000	16.3	0	1222
8000	16.4	0	1179
8000	16.5	0	1226
8000	16.6	0	1163
8000	16.7	0	1178
8000	16.8	0	1184
8000	16.9	0	1157
8000	17	0	1242
8000	17.1	0	1272
8000	17.2	0	1166
8000	17.3	0	1198
8000	17.4	0	1213
8000	17.5	0	1199
8000	17.6	0	1213
8000	17.7	0	1136
8000	17.8	0	1186
8000	17.9	0	1188
8000	18	0	1307
8000	18.1	0	1201
8000	18.2	0	1248
8000	18.3	0	1198
8000	18.4	0	1222
8000	18.5	0	1235
8000	18.6	0	1236
8000	18.7	0	1205
8000	18.8	0	1248
8000	18.9	0	1219
8000	19	0	1220
8000	19.1	0	1263
8000	19.2	0	1264
8000	19.3	0	1205
8000	19.4	0	1163
8000	19.5	0	1235
8000	19.6	0	1192
8000	19.7	0	1202
8000	19.8	0	1261
8000	19.9	0	1244
12000	0	0	1253
12000	0.1	0	1266
12000	0.2	0	1297
12000	0.3	0	1328
12000	0.4	0	1366
12000	0.5	0	1437
12000	0.6	0	1529
12000	0.7	0	1574
12000	0.8	0	1789
12000	0.9	0	1914
12000	1	0	2103
12000	1.1	0	2304
12000	1.2	0	2671
12000	1.3	0	3000
12000	1.4	0	3415
12000	1.5	0	3982
12000	1.6	0	4817
12000	1.7	0	5865
12000	1.8	0	7371
12000	1.9	0	9165
12000	2	0	11761
12000	2.1	0	14614
12000	2.2	0	17593
12000	2.3	0	18934
12000	2.4	0	18538
12000	2.5	0	16950
12000	2.6	0	16445
12000	2.7	0	16221
12000	2.8	0	16774
12000	2.9	0	16897
12000	3	0	17042
12000	3.1	0	17140
12000	3.2	0	17126
12000	3.3	0	16935
12000	3.4	0	16974
12000	3.5	0	17122
12000	3.6	0	16965
12000	3.7	0	16892
12000	3.8	0	17105
12000	3.9	0	16995
12000	4	0	16823
12000	4.1	0	17122
12000	4.2	0	16999
12000	4.3	0	17162
12000	4.4	0	17102
12000	4.5	0	16671
12000	4.6	0	17084
12000	4.7	0	16949
12000	4.8	0	16933
12000	4.9	0	17105
12000	5	0	16951
12000	5.1	0	16987
12000	5.2	0	16880
12000	5.3	0	16521
12000	5.4	0	16111
12000	5.5	0	15439
12000	5.6	0	14919
12000	5.7	0	14459
12000	5.8	0	13166
12000	5.9	0	12320
12000	6	0	11572
12000	6.1	0	10830
12000	6.2	0	9636
12000	6.3	0	8943
12000	6.4	0	8129
12000	6.5	0	7554
12000	6.6	0	6915
12000	6.7	0	6512
12000	6.8	0	5779
12000	6.9	0	5517
12000	7	0	5121
12000	7.1	0	4676
12000	7.2	0	4268
12000	7.3	0	4140
12000	7.4	0	3801
12000	7.5	0	3630
12000	7.6	0	3475
12000	7.7	0	3287
12000	7.8	0	3077
12000	7.9	0	2969
12000	8	0	2736
12000	8.1	0	2664
12000	8.2	0	2474
12000	8.3	0	2477
12000	8.4	0	2308
12000	8.5	0	2153
12000	8.6	0	2154
12000	8.7	0	2068
12000	8.8	0	2024
12000	8.9	0	1961
12000	9	0	1939
12000	9.1	0	1783
12000	9.2	0	1841
12000	9.3	0	1674
12000	9.4	0	1685
12000	9.5	0	1623
12000	9.6	0	1567
12000	9.7	0	1557
12000	9.8	0	1541
12000	9.9	0	1485
12000	10	0	1474
12000	10.1	0	1439
12000	10.2	0	1379
12000	10.3	0	1384
12000	10.4	0	1332
12000	10.5	0	1333
12000	10.6	0	1303
12000	10.7	0	1302
12000	10.8	0	1291
12000	10.9	0	1259
12000	11	0	1269
12000	11.1	0	1187
12000	11.2	0	1188
12000	11.3	0	1240
12000	11.4	0	1264
12000	11.5	0	1147
12000	11.6	0	1190
12000	11.7	0	1193
12000	11.8	0	1214
12000	11.9	0	1200
12000	12	0	1111
12000	12.1	0	1198
12000	12.2	0	1215
12000	12.3	0	1186
12000	12.4	0	1267
12000	12.5	0	1250
12000	12.6	0	1175
12000	12.7	0	1205
12000	12.8	0	1214
12000	12.9	0	1208
12000	13	0	1228
12000	13.1	0	1242
12000	13.2	0	1148
12000	13.3	0	1107
12000	13.4	0	1233
12000	13.5	0	1201
12000	13.6	0	1240
12000	13.7	0	1205
12000	13.8	0	1200
12000	13.9	0	1178
12000	14	0	1140
12000	14.1	0	1178
12000	14.2	0	1213
12000	14.3	0	1158
12000	14.4	0	1220
12000	14.5	0	1204
12000	14.6	0	1191
12000	14.7	0	1176
12000	14.8	0	1207
12000	14.9	0	1214
12000	15	0	1182
12000	15.1	0	1214
12000	15.2	0	1227
12000	15.3	0	1188
12000	15.4	0	1203
12000	15.5	0	1211
12000	15.6	0	1202
12000	15.7	0	1185
12000	15.8	0	1174
12000	15.9	0	1252
12000	16	0	1187
12000	16.1	0	1216
12000	16.2	0	1160
12000	16.3	0	1225
12000	16.4	0	1221
12000	16.5	0	1208
12000	16.6	0	1173
12000	16.7	0	1215
12000	16.8	0	1152
12000	16.9	0	1230
12000	17	0	1217
12000	17.1	0	1272
12000	17.2	0	1190
12000	17.3	0	1225
12000	17.4	0	1187
12000	17.5	0	1200
12000	17.6	0	1249
12000	17.7	0	1243
12000	17.8	0	1220
12000	17.9	0	1148
12000	18	0	1162
12000	18.1	0	1223
12000	18.2	0	1237
12000	18.3	0	1214
12000	18.4	0	1269
12000	18.5	0	1204
12000	18.6	0	1216
12000	18.7	0	1168
12000	18.8	0	1238
12000	18.9	0	1254
12000	19	0	1214
12000	19.1	0	1263
12000	19.2	0	1290
12000	19.3	0	1258
12000	19.4	0	1185
12000	19.5	0	1206
12000	19.6	0	1292
12000	19.7	0	1206
12000	19.8	0	1227
12000	19.9	0	1281
16000	0	0	1303
16000	0.1	0	1263
16000	0.2	0	1289
16000	0.3	0	1302
16000	0.4	0	1358
16000	0.5	0	1409
16000	0.6	0	1516
16000	0.7	0	1606
16000	0.8	0	1705
16000	0.9	0	1876
16000	1	0	2043
16000	1.1	0	2339
16000	1.2	0	2579
16000	1.3	0	2973
16000	1.4	0	3441
16000	1.5	0	3984
16000	1.6	0	4788
16000	1.7	0	6039
16000	1.8	0	7291
16000	1.9	0	9258
16000	2	0	11687
16000	2.1	0	14462
16000	2.2	0	17661
16000	2.3	0	19223
16000	2.4	0	18450
16000	2.5	0	16944
16000	2.6	0	16391
16000	2.7	0	16319
16000	2.8	0	16715
16000	2.9	0	17147
16000	3	0	17026
16000	3.1	0	17093
16000	3.2	0	17179
16000	3.3	0	16966
16000	3.4	0	17012
16000	3.5	0	17114
16000	3.6	0	17110
16000	3.7	0	16990
16000	3.8	0	16934
16000	3.9	0	16937
16000	4	0	17181
16000	4.1	0	16985
16000	4.2	0	17107
16000	4.3	0	17156
16000	4.4	0	16832
16000	4.5	0	17153
16000	4.6	0	16758
16000	4.7	0	16998
16000	4.8	0	16916
16000	4.9	0	16838
16000	5	0	17067
16000	5.1	0	16828
16000	5.2	0	16767
16000	5.3	0	16475
16000	5.4	0	16043
16000	5.5	0	15687
16000	5.6	0	14933
16000	5.7	0	14185
16000	5.8	0	13220
16000	5.9	0	12485
16000	6	0	11471
16000	6.1	0	10533
16000	6.2	0	9537
16000	6.3	0	8947
16000	6.4	0	8229
16000	6.5	0	7382
16000	6.6	0	6925
16000	6.7	0	6243
16000	6.8	0	5816
16000	6.9	0	5500
16000	7	0	5098
16000	7.1	0	4680
16000	7.2	0	4540
16000	7.3	0	4294
16000	7.4	0	3878
16000	7.5	0	3559
16000	7.6	0	3455
16000	7.7	0	3303
16000	7.8	0	3058
16000	7.9	0	2951
16000	8	0	2872
16000	8.1	0	2678
16000	8.2	0	2553
16000	8.3	0	2410
16000	8.4	0	2414
16000	8.5	0	2157
16000	8.6	0	2229
16000	8.7	0	2110
16000	8.8	0	2147
16000	8.9	0	1983
16000	9	0	1916
16000	9.1	0	1805
16000	9.2	0	1797
16000	9.3	0	1691
16000	9.4	0	1674
16000	9.5	0	1596
16000	9.6	0	1543
16000	9.7	0	1568
16000	9.8	0	1502
16000	9.9	0	1425
16000	10	0	1509
16000	10.1	0	1482
16000	10.2	0	1399
16000	10.3	0	1425
16000	10.4	0	1388
16000	10.5	0	1350
16000	10.6	0	1332
16000	10.7	0	1327
16000	10.8	0	1282
16000	10.9	0	1268
16000	11	0	1224
16000	11.1	0	1291
16000	11.2	0	1272
16000	11.3	0	1302
16000	11.4	0	1202
16000	11.5	0	1154
16000	11.6	0	1174
16000	11.7	0	1170
16000	11.8	0	1182
16000	11.9	0	1192
16000	12	0	1206
16000	12.1	0	1204
16000	12.2	0	1193
16000	12.3	0	1259
16000	12.4	0	1169
16000	12.5	0	1122
16000	12.6	0	1260
16000	12.7	0	1211
16000	12.8	0	1203
16000	12.9	0	1186
16000	13	0	1196
16000	13.1	0	1155
16000	13.2	0	1210
16000	13.3	0	1222
16000	13.4	0	1111
16000	13.5	0	1199
16000	13.6	0	1269
16000	13.7	0	1164
16000	13.8	0	1207
16000	13.9	0	1161
16000	14	0	1198
16000	14.1	0	1196
16000	14.2	0	1163
16000	14.3	0	1204
16000	14.4	0	1120
16000	14.5	0	1170
16000	14.6	0	1198
16000	14.7	0	1172
16000	14.8	0	1163
16000	14.9	0	1189
16000	15	0	1163
16000	15.1	0	1163
16000	15.2	0	1199
16000	15.3	0	1192
16000	15.4	0	1202
16000	15.5	0	1169
16000	15.6	0	1199
16000	15.7	0	1195
16000	15.8	0	1186
16000	15.9	0	1151
16000	16	0	1164
16000	16.1	0	1207
16000	16.2	0	1151
16000	16.3	0	1243
16000	16.4	0	1230
16000	16.5	0	1189
16000	16.6	0	1159
16000	16.7	0	1208
16000	16.8	0	1271
16000	16.9	0	1251
16000	17	0	1263
16000	17.1	0	1181
16000	17.2	0	1232
16000	17.3	0	1212
16000	17.4	0	1180
16000	17.5	0	1164
16000	17.6	0	1142
16000	17.7	0	1141
16000	17.8	0	1227
16000	17.9	0	1269
16000	18	0	1253
16000	18.1	0	1193
16000	18.2	0	1209
16000	18.3	0	1182
16000	18.4	0	1227
16000	18.5	0	1223
16000	18.6	0	1190
16000	18.7	0	1241
16000	18.8	0	1276
16000	18.9	0	1187
16000	19	0	1272
16000	19.1	0	1225
16000	19.2	0	1243
16000	19.3	0	1249
16000	19.4	0	1210
16000	19.5	0	1305
16000	19.6	0	1235
16000	19.7	0	1252
16000	19.8	0	1258
16000	19.9	0	1257
20000	0	0	1216
20000	0.1	0	1323
20000	0.2	0	1314
20000	0.3	0	1359
20000	0.4	0	1411
20000	0.5	0	1434
20000	0.6	0	1513
20000	0.7	0	1654
20000	0.8	0	1765
20000	0.9	0	1832
20000	1	0	2028
20000	1.1	0	2249
20000	1.2	0	2618
20000	1.3	0	2912
20000	1.4	0	3352
20000	1.5	0	4071
20000	1.6	0	4854
20000	1.7	0	5981
20000	1.8	0	7330
20000	1.9	0	9238
20000	2	0	11609
20000	2.1	0	14651
20000	2.2	0	17637
20000	2.3	0	18948
20000	2.4	0	18715
20000	2.5	0	16929
20000	2.6	0	16272
20000	2.7	0	16599
20000	2.8	0	16961
20000	2.9	0	16678
20000	3	0	16999
20000	3.1	0	17256
20000	3.2	0	17147
20000	3.3	0	17048
20000	3.4	0	16841
20000	3.5	0	17266
20000	3.6	0	17038
20000	3.7	0	16982
20000	3.8	0	17143
20000	3.9	0	16902
20000	4	0	16843
20000	4.1	0	17185
20000	4.2	0	17163
20000	4.3	0	16816
20000	4.4	0	17105
20000	4.5	0	16923
20000	4.6	0	17044
20000	4.7	0	16858
20000	4.8	0	16961
20000	4.9	0	17046
20000	5	0	16981
20000	5.1	0	16744
20000	5.2	0	16817
20000	5.3	0	16522
20000	5.4	0	16064
20000	5.5	0	15482
20000	5.6	0	14941
20000	5.7	0	14034
20000	5.8	0	13402
20000	5.9	0	12402
20000	6	0	11502
20000	6.1	0	10668
20000	6.2	0	9630
20000	6.3	0	8997
20000	6.4	0	8145
20000	6.5	0	7605
20000	6.6	0	6837
20000	6.7	0	6336
20000	6.8	0	5881
20000	6.9	0	5501
20000	7	0	4988
20000	7.1	0	4819
20000	7.2	0	4450
20000	7.3	0	4147
20000	7.4	0	3789
20000	7.5	0	3666
20000	7.6	0	3429
20000	7.7	0	3267
20000	7.8	0	3056
20000	7.9	0	3011
20000	8	0	2795
20000	8.1	0	2717
20000	8.2	0	2486
20000	8.3	0	2483
20000	8.4	0	2391
20000	8.5	0	2279
20000	8.6	0	2167
20000	8.7	0	2115
20000	8.8	0	1988
20000	8.9	0	1946
20000	9	0	1961
20000	9.1	0	1852
20000	9.2	0	1778
20000	9.3	0	1793
20000	9.4	0	1696
20000	9.5	0	1565
20000	9.6	0	1563
20000	9.7	0	1561
20000	9.8	0	1517
20000	9.9	0	1502
20000	10	0	1474
20000	10.1	0	1464
20000	10.2	0	1402
20000	10.3	0	1437
20000	10.4	0	1340
20000	10.5	0	1285
20000	10.6	0	1286
20000	10.7	0	1269
20000	10.8	0	1310
20000	10.9	0	1254
20000	11	0	1267
20000	11.1	0	1239
20000	11.2	0	1272
20000	11.3	0	1202
20000	11.4	0	1178
20000	11.5	0	1183
20000	11.6	0	1280
20000	11.7	0	1226
20000	11.8	0	1162
20000	11.9	0	1144
20000	12	0	1227
20000	12.1	0	1182
20000	12.2	0	1233
20000	12.3	0	1201
20000	12.4	0	1156
20000	12.5	0	1185
20000	12.6	0	1189
20000	12.7	0	1177
20000	12.8	0	1164
20000	12.9	0	1170
20000	13	0	1202
20000	13.1	0	1169
20000	13.2	0	1171
20000	13.3	0	1183
20000	13.4	0	1248
20000	13.5	0	1234
20000	13.6	0	1255
20000	13.7	0	1186
20000	13.8	0	1164
20000	13.9	0	1194
20000	14	0	1191
20000	14.1	0	1242
20000	14.2	0	1182
20000	14.3	0	1186
20000	14.4	0	1171
20000	14.5	0	1196
20000	14.6	0	1140
20000	14.7	0	1206
20000	14.8	0	1167
20000	14.9	0	1229
20000	15	0	1125
20000	15.1	0	1173
20000	15.2	0	1198
20000	15.3	0	1168
20000	15.4	0	1158
20000	15.5	0	1144
20000	15.6	0	1194
20000	15.7	0	1245
20000	15.8	0	1179
20000	15.9	0	1168
20000	16	0	1207
20000	16.1	0	1173
20000	16.2	0	1204
20000	16.3	0	1186
20000	16.4	0	1197
20000	16.5	0	1176
20000	16.6	0	1185
20000	16.7	0	1183
20000	16.8	0	1226
20000	16.9	0	1230
20000	17	0	1211
20000	17.1	0	1213
20000	17.2	0	1208
20000	17.3	0	1182
20000	17.4	0	1198
20000	17.5	0	1199
20000	17.6	0	1202
20000	17.7	0	1192
20000	17.8	0	1183
20000	17.9	0	1148
20000	18	0	1243
20000	18.1	0	1169
20000	18.2	0	1233
20000	18.3	0	1209
20000	18.4	0	1203
20000	18.5	0	1206
20000	18.6	0	1200
20000	18.7	0	1190
20000	18.8	0	1219
20000	18.9	0	1255
20000	19	0	1300
20000	19.1	0	1234
20000	19.2	0	1293
20000	19.3	0	1252
20000	19.4	0	1193
20000	19.5	0	1256
20000	19.6	0	1249
20000	19.7	0	1261
20000	19.8	0	1228
20000	19.9	0	1191
