2.0000e+04	3.4500e+02	-3.4002e+02	-2.2111e+01	-3.0160e+02	-3.8002e+02	5.5789e+01	9.3796e+01	6.8043e+02	-5.5666e+02	-1.3483e+02	-4.1902e+02	-1.1976e+01	5.3222e+01	5.5623e+02	-1.1902e+02	3.6428e+01	-6.3006e+02	8.3317e+01	-1.9667e+02	-9.5063e+00	-5.4259e+01	-2.4172e+02	-3.9337e+02	6.4256e+02	5.4096e+02	1.4029e+02	4.3309e+02	4.2364e+01	4.4692e+02	6.5076e+02	-2.8659e+02	2.7600e+02	-1.0951e+03	-2.3129e+02	2.6827e+01	-5.2308e+02	-6.1436e+01	4.0130e+02	-1.9948e+02	1.7786e+02	-6.6631e+02	1.8402e+01	-8.8262e+01	1.2093e+02	-4.1801e+02	4.7526e+02	4.7313e+01	-2.1657e+02	-5.9954e+02	2.5902e+02	-3.0657e+02	-4.2009e+01	5.2078e+02	-7.6476e+01	-5.8026e+02	-5.3883e+02	-4.1745e+02	-1.7852e+02	-3.4062e+02	8.3737e+01	-1.2800e+01	8.6716e+01	2.0606e+02	2.0285e+02	6.9141e+02	-6.4923e+02	-2.3327e+02	-2.9388e+02	9.0655e+00	-4.8245e+02	-1.2596e+02	2.7903e+02	7.2879e+01	6.8759e+01	1.9080e+02	-9.3437e+01	5.7279e+01	-3.7436e+02	3.7173e+02	1.3545e+02	-5.3798e+02	-2.2411e+02	1.3482e+02	1.7349e+01	-2.9319e+02	2.8522e+02	6.0246e+01	-1.6342e+02	1.5028e+02	-2.0766e+02	3.7938e+02	2.5149e+02	2.8497e+02	-3.8235e+01	-7.3769e+02	2.3317e+01	3.4082e+02	-6.1414e+02	-5.5591e+01	-3.6725e+02	5.1713e+02	-7.3834e+02	-2.2616e+02	3.7310e+02	-5.2699e+00	3.0013e+02	-6.3489e+01	-8.3017e+01	2.1187e+02	-6.0980e+02	-1.5940e+02	2.8255e+02	5.5714e+01	2.4597e+02	1.0130e+02	1.8215e+02	-1.6086e+02	-3.7784e+01	-4.5821e+01	6.9408e+02	1.7326e+02	-3.6271e+02	4.6572e+02	-3.3053e+02	-1.1650e+02	-2.7766e+01	2.7453e+02	-3.7871e+02	-4.5783e+02	8.5205e+01	-8.0301e+01	2.1544e+02	1.5424e+01	-2.0500e+02	-2.9180e+02	-3.2717e+01	2.4797e+02	-4.2580e+02	2.8732e+02	-3.4175e+02	-5.0448e+02	-1.1942e+02	-1.9036e+02	-1.2915e+02	1.5767e+02	8.5007e+01	2.5668e+02	1.6988e+02	3.9143e+02	-1.2196e+02	-2.9085e+01	-3.2133e+01	2.2014e+02	3.8718e+02	2.0215e+02	-4.6246e+02	-1.2906e+02	3.9445e+01	-1.8643e+02	-5.0265e+02	7.7187e+01	9.2320e+01	6.7599e+01	3.8230e+02	-3.2601e+02	-7.7729e+01	-2.7394e+02	5.3991e+02	-6.7314e+01	6.3660e+02	2.6319e+02	-7.8342e+02	-2.2711e+02	-9.7635e+01	-1.0601e+02	4.6851e+02	5.7550e+01	3.7105e+02	-1.2805e+02	2.3852e+02	5.0653e+00	6.5600e+02	3.5308e+02	2.3794e+02	-6.3671e+02	3.0950e+02	-4.6386e+01	-1.6481e+02	-2.3675e+02	-2.7103e+02	-7.2023e+01	-5.7673e+02	1.4867e+02	-7.9988e+02	-4.2823e+01	-4.2365e+02	-1.2967e+01	9.3962e+01	-3.8038e+02	-2.3938e+02
2.0000e+04	-1.1867e+03	5.0832e+02	-8.4733e+02	8.8638e+02	6.1995e+02	4.4491e+02	-7.2853e+02	2.1034e+02	7.0252e+02	4.0033e+02	4.5170e+02	9.9252e+01	5.6500e+02	-5.6052e+02	-4.7656e+02	1.9740e+02	2.4734e+02	-1.0600e+02	-3.1859e+02	4.4269e+02	-5.9991e+02	-3.9548e+02	1.1133e+03	-2.6713e+02	3.1115e+02	4.6278e+02	-1.0269e+03	4.8109e+01	-1.5481e+02	1.1587e+02	-9.5045e+02	1.1868e+02	-1.2428e+03	-1.2384e+02	-2.2383e+02	7.5827e+02	4.6213e+02	3.8844e+01	-3.5395e+01	1.3619e+03	3.4627e+02	9.0396e+02	3.6012e+02	-5.2948e+02	1.6846e+01	-9.6745e+02	-3.2727e+02	-3.9856e+02	-9.7374e+02	-9.1259e+02	7.7713e+01	2.9063e+02	7.8058e+02	-6.1732e+02	-8.0572e+01	-4.2729e+02	-5.5589e+02	-6.4627e+02	-4.7691e+02	2.9855e+02	1.3233e+02	-2.3980e+02	1.3270e+03	-2.0170e+02	1.2367e+03	9.8649e+02	9.8490e+02	-2.3383e+02	4.3090e+02	3.0336e+02	3.0088e+02	4.3052e+02	3.7750e+02	3.7950e+02	3.7528e+02	-1.0075e+03	-5.6923e+02	-2.1541e+01	-8.2376e+01	-1.7837e+02	5.8926e+01	5.3765e+02	-4.0413e+02	6.4775e+02	9.2507e+02	8.4203e+02	1.5811e+03	5.0643e+01	-2.8320e+02	-6.2661e+01	1.9891e+02	-2.3581e+02	1.0802e+03	-6.5614e+02	-7.3477e+02	-1.7574e+02	-4.4984e+02	3.2440e-01	-5.2591e+02	-1.0558e+02	-6.9851e+02	-9.8470e+02	8.4857e+02	4.9270e+02	-5.6559e+02	-3.6748e+02	2.0643e+02	1.2781e+02	1.0888e+02	8.2145e+02	1.9712e+02	1.1609e+02	-7.0226e+02	-3.7545e+02	-5.3441e+02	5.3922e+02	6.9116e+01	3.2931e+01	1.2429e+03	4.7159e+02	-3.0239e+02	-8.6507e+02	-4.4414e+02	3.3614e+02	8.5545e+02	4.6053e+02	-4.8652e+02	3.9830e+02	-8.9281e+02	1.1323e+03	1.2643e+02	2.2321e+02	5.7626e+02	-4.2566e+02	-8.3824e+02	-8.3284e+02	-2.4251e+02	7.3988e+02	3.4883e+02	-5.1242e+02	8.0642e+02	2.7514e+02	2.7636e+01	4.7257e+02	-5.8416e+02	-1.7755e+02	-2.1227e+02	-6.3958e+02	1.1990e+02	-1.5791e+02	1.3078e+02	8.8068e+00	-4.9023e+02	2.2822e+02	-1.0495e+03	-2.5990e+02	8.4690e+02	4.3244e+02	5.3431e+01	4.5820e+02	-8.7035e+02	-1.4912e+02	-1.3347e+02	3.4833e+02	-5.9609e+02	4.5755e+02	9.1767e+02	9.4064e+02	-1.6805e+03	-9.9625e+02	4.0216e+02	-1.0397e+03	4.5955e+02	-1.3201e+03	-7.6527e+02	-4.6435e+02	-5.4846e+02	3.0968e+02	-1.6792e+02	2.9386e+02	-1.9269e+02	6.0473e+02	-3.0064e+02	-6.1034e+02	-1.4990e+01	3.0283e+00	6.3085e+02	1.2347e+02	1.9830e+02	-1.4279e+02	-2.6569e+02	-5.7434e+02	9.5437e+02	8.4971e+02	-6.0476e+02	5.6412e+02	-4.2743e+02	3.1134e+02	2.9054e+01	-1.4568e+03
4.0000e+04	2.4979e+02	-5.8627e+02	-5.0659e+02	9.4852e+01	-1.5991e+02	-1.4226e+02	-2.9205e+02	5.5368e+02	-9.8562e+02	4.8732e+01	-4.9810e+02	-1.8324e+02	3.6317e+02	6.7375e+02	-5.8326e-01	3.6134e+02	-1.2945e+03	-3.6385e+01	2.0357e+02	-6.6885e+02	-3.2718e+02	1.1344e+02	-7.0968e+02	5.9274e+02	6.3723e+02	5.5496e+02	5.9617e+02	2.7215e+02	-3.7343e+02	4.5121e+02	-1.0622e+02	7.7653e-01	-1.2998e+03	-1.7959e+01	-3.5910e+02	-4.0532e+02	9.9325e+01	4.8244e+02	-7.3651e+02	2.6798e+02	-1.0042e+03	-3.7454e+01	1.1967e+02	-3.9780e+02	-5.8338e+02	5.7617e+02	-3.6843e+02	-7.1166e+02	-7.2576e+02	1.0340e+02	-2.1253e+02	-2.5126e+02	6.9161e+02	3.4532e+02	-4.9458e+02	-6.5529e+02	-1.8725e+02	-2.8283e+02	6.0440e-01	2.3151e+02	-6.3943e+02	2.6726e+02	2.7563e+02	2.5578e+02	4.7531e+02	-2.9714e+02	-5.5327e+02	-1.3627e+03	-9.8739e+01	-7.0655e+02	-1.3287e+01	5.3577e+02	-2.4445e+02	7.5067e+02	1.8613e+02	-4.1731e+01	-2.0924e+02	-1.5738e+02	1.0094e+02	1.5539e+02	1.5372e+02	-4.7204e+02	3.3863e+02	-1.2579e+01	-4.7034e+02	2.0866e+02	-1.1495e+01	1.8075e+02	-1.7437e+02	-6.1627e+02	-1.0889e+02	3.1913e+02	5.4797e+02	-9.9822e+02	-5.8741e+02	6.0437e+02	8.3944e+01	-6.7718e+02	4.6049e+02	-2.7293e+02	4.2812e+02	-1.3933e+02	-3.5818e+02	-4.7581e+01	3.9848e+02	-4.0237e+02	-5.7713e+02	-3.7449e+02	3.1610e+02	-1.2306e+03	4.9622e+01	5.4941e+02	-2.9286e+01	3.2593e+02	-3.1285e+02	6.1844e+02	1.7102e+02	-1.7986e+02	3.9282e+02	5.5066e+02	-1.0639e+02	-4.6522e+02	7.7147e+02	3.8722e+02	-4.6812e+02	-1.2797e+02	3.1262e+02	-6.7682e+02	-3.4098e+02	4.1189e+02	-9.2543e+01	4.0377e+01	7.7753e+01	-5.0434e+02	-1.3034e+02	2.6507e+02	2.4872e+02	-1.0277e+02	3.4404e+02	-3.3554e+01	-2.7549e+02	-7.3129e+02	-2.8073e+02	-3.8012e+02	4.4849e+02	4.0096e+02	1.1205e+02	-7.9869e+01	-1.2952e+02	1.4808e+02	-3.7674e+02	4.8924e+02	-9.1569e+01	3.3541e+02	-3.8397e+02	-6.3200e+02	-5.0764e+02	-1.6673e+02	-6.8401e+01	-4.5221e+02	3.6065e+02	1.1944e+02	3.1192e+02	3.8742e+02	-2.2009e+02	3.6102e+02	-5.4332e+02	9.0284e+02	-5.1943e+02	9.6947e+02	2.7198e+02	3.0329e+01	2.6140e+02	-6.3832e+02	-4.1117e+02	-8.9380e+01	1.4365e+02	2.7633e+02	3.0719e+02	4.5436e+01	2.9864e+02	4.1344e+02	7.2919e+02	3.3130e+02	-6.9616e+02	8.6226e+01	1.8731e+02	-7.0604e+01	1.7988e+02	-2.6632e+01	-2.0782e+02	-4.0397e+02	2.7039e+02	-9.2111e+02	-2.9518e+02	-7.0090e+02	4.9298e+02	2.5560e+02	-4.0441e+02	1.2309e+02
4.0000e+04	-1.4737e+03	1.4528e+03	-3.0133e+02	4.4717e+02	2.4624e+02	5.5115e+02	-1.1421e+02	1.3829e+03	1.7605e+02	4.0421e+02	2.0358e+03	-1.0246e+02	-7.6721e+02	-1.6422e+03	-6.2609e+02	4.3853e+02	7.6596e+02	-2.0722e+02	-8.2509e+01	-7.3137e+02	-2.9192e+02	-8.0445e+02	1.3566e+02	3.7134e+02	-1.1699e+02	4.6962e+02	-1.8153e+03	-1.8991e+01	-9.3916e+02	1.5508e+02	2.6570e+02	4.3624e+02	-1.1151e+03	4.0611e+02	-2.1010e+02	1.0530e+03	-1.7660e+02	4.8089e+02	1.1745e+03	1.8384e+03	-1.9293e+01	1.0278e+03	6.8370e+02	-1.1328e+03	8.3471e+01	-9.0389e+02	-2.7747e+01	-1.3447e+03	-1.8657e+03	-5.1999e+02	2.6104e+02	1.0057e+03	4.2204e+02	-5.4965e+02	-1.5469e+02	-2.9277e+02	-5.2332e+02	-1.1192e+03	-1.5293e+02	4.8401e+02	2.1435e+02	-4.5624e+02	1.1119e+03	1.2413e+02	1.9997e+03	2.1431e+03	1.6634e+03	4.2527e+02	8.1058e+02	-1.1438e+03	-1.5726e+01	1.1681e+03	3.1948e+02	-3.1907e+01	5.5074e+02	-4.7943e+02	-2.4003e+02	-5.9706e+01	-6.7867e+02	2.5956e+02	-6.0531e+02	8.7450e+02	2.8171e+02	1.0247e+03	1.3166e+03	2.3340e+03	1.7675e+03	-5.2239e+02	4.6423e+02	7.5695e+02	-1.6063e+02	-2.2598e+02	1.2110e+03	8.6912e+01	-1.2300e+03	-8.1392e+02	-9.0896e+02	8.3529e+01	5.1530e+02	-2.6201e+02	4.0964e+02	-7.3208e+02	1.1727e+03	9.9613e+02	1.9986e+01	-1.2646e+02	7.1919e+02	6.5827e+02	-1.2906e+03	3.9838e+02	4.8043e+02	4.0087e+01	-1.1112e+03	-1.3732e+03	-4.2032e+02	1.4859e+00	3.7069e+02	4.2284e+02	1.0805e+03	-6.7541e+01	3.0330e+02	-5.4722e+02	-4.6302e+02	2.3508e+02	7.7563e+02	-1.1140e+03	-2.6521e+02	5.5922e+01	-1.6113e+03	8.8165e+02	-1.4843e+02	2.8656e+02	2.3837e+02	3.1381e+02	-6.6404e+02	-1.0062e+03	-9.5561e+02	3.4481e+02	-2.5439e+02	-3.9567e+02	3.1769e+02	-2.1084e+02	-2.0953e+02	-2.0481e+02	-7.4973e+01	2.8526e+02	-3.2704e+02	-1.3063e+03	8.0816e+02	1.1525e+03	1.9917e+02	-4.4392e+02	-4.8625e+02	1.0627e+02	-9.0621e+02	-3.6802e+02	4.8204e+02	7.8431e+02	-2.3700e+02	6.8383e+01	7.2420e+02	8.0599e+02	-5.4718e+02	6.3157e+02	-1.2493e+03	1.2453e+03	2.5182e+03	4.4216e+02	-2.2373e+03	-1.2353e+03	3.9218e+02	-2.1375e+03	4.4155e+02	-1.6642e+03	-9.1118e+02	-3.0220e+02	3.1457e+02	4.0917e+02	-9.8249e+02	7.4771e+02	2.2006e+01	9.4552e+02	-9.7923e+02	-4.1030e+02	-1.7878e+01	-3.7355e+02	5.1746e+02	-1.1062e+02	3.6470e+02	2.4044e+02	1.8637e+02	-8.9684e+02	1.0090e+02	2.2680e+03	-6.3611e+02	1.1601e+02	-9.6156e+02	3.3505e+02	-4.9422e+02	-1.5332e+03
6.0000e+04	6.5190e+02	-5.7229e+02	-9.2084e+02	8.2769e+02	4.5961e+02	-2.6450e+02	1.1291e+02	7.1505e+02	-7.3264e+02	1.0822e+02	-7.4212e+02	2.2552e+02	7.7141e+02	8.2334e+02	6.8786e+02	5.4992e+02	-1.2092e+03	3.6007e+01	1.3121e+02	-5.6700e+02	-2.5097e+02	5.6093e+02	-1.0245e+03	6.1109e+01	4.4635e+02	1.3963e+03	6.9091e+02	3.8088e+02	-2.7039e+02	7.3374e+02	2.0539e+02	-2.0517e+01	-1.4488e+03	1.8193e+02	-1.6776e+02	-6.6225e+02	1.0531e+02	4.7553e+02	-6.6036e+02	5.1638e+02	-9.4484e+02	-3.5053e+02	-2.1226e+02	-5.1400e+02	-1.2276e+03	3.6087e+02	-3.4239e+02	-2.9863e+02	-1.2035e+03	2.9265e+02	-1.2952e+01	-4.0111e+01	5.7271e+02	4.5786e+02	-3.8745e+02	-6.3592e+02	-7.0445e+01	-2.1569e+02	3.9352e+02	5.9848e+02	-8.0167e+02	8.1822e+01	4.3265e+02	6.1870e+02	7.4450e+02	-4.2214e+01	-9.9323e+02	-1.6952e+03	4.8748e+02	-4.5731e+01	4.4398e+02	4.9454e+02	3.0990e+02	1.4008e+03	-1.4181e+01	4.4111e+02	-1.5347e+02	-4.0372e+02	-5.1537e+02	9.8979e+02	9.2633e+02	-4.0089e+02	-1.4446e+02	-1.0025e+00	-4.1800e+02	3.7548e+02	6.1600e+01	4.8152e+02	2.2809e+02	-8.1622e+02	6.4263e+01	-3.6405e+02	8.4494e+02	-6.3207e+02	-4.5525e+02	5.6847e+02	4.8357e+02	-4.7770e+02	8.5250e+02	-6.3654e+02	3.1807e+02	-3.5003e+02	-3.3508e+02	2.6774e+01	-2.7127e+02	-5.9174e+02	-7.1064e+02	-3.0897e+02	1.4374e+02	-1.3623e+03	-2.4003e+02	7.2415e+02	2.7628e+02	6.2352e+02	-3.6349e+02	3.5626e+02	2.2936e+02	-2.3932e+02	5.3865e+01	9.0772e+01	2.3209e+01	7.3241e+01	6.4900e+02	1.1485e+02	3.3385e+02	-4.0478e+02	5.9556e+02	-9.4260e+02	-3.2129e+02	1.8254e+02	5.4792e+02	2.2853e+02	7.2850e+01	-4.5466e+02	-3.2503e+02	2.7939e+02	1.9064e+02	-2.7047e+02	3.7901e+02	2.2143e+02	5.1871e+02	-8.9904e+02	-2.6290e+02	1.8952e+02	5.1059e+02	7.7399e+02	6.3963e+01	-3.2414e+02	-2.6731e+02	-4.2034e+02	-1.1751e+02	9.7409e+02	-1.9477e+02	5.3898e+02	1.0056e+02	-2.5126e+02	-7.7257e+02	-1.6499e+02	-2.1681e+02	-4.9497e+02	6.3489e+02	1.0954e+02	2.6707e+02	5.0483e+02	-1.2231e+02	5.1283e+02	-6.5975e+02	6.3141e+02	-5.2458e+02	1.5769e+03	7.1128e+02	1.2551e+02	4.5957e+02	-7.8548e+02	4.8397e+02	-3.7625e+02	5.3883e+02	3.9117e+02	9.1835e+02	-4.0327e+02	7.0988e+02	3.7407e+02	9.1755e+02	3.4703e+02	-6.8920e+02	2.0548e+02	2.6072e+02	-4.3145e+01	-8.8793e+01	8.6696e+01	2.5336e+01	-3.0646e+02	1.0175e+03	-1.2476e+03	-2.6864e+02	-6.4901e+02	4.7386e+02	8.2296e+02	-1.5646e+01	4.1629e+02
6.0000e+04	-1.3885e+03	1.2249e+03	3.1443e+02	3.4388e+01	5.8020e+02	1.3412e+03	9.6723e+02	1.4044e+03	-3.4475e+02	6.4214e+02	2.1808e+03	-2.7339e+02	-9.9517e+02	-7.7703e+02	-1.9638e+02	-2.4017e+02	1.7932e+03	-1.1143e+03	-8.1714e+02	-1.1070e+03	-1.2184e+03	-5.2637e+02	1.0345e+03	-1.2377e+02	2.9446e+02	9.9348e+02	-1.2901e+03	5.0110e+02	-1.2541e+03	-2.2387e+02	-2.5558e+00	-2.7042e+02	-1.7316e+03	-2.6906e+02	2.3832e+01	1.0032e+03	-6.0094e+02	3.2256e+02	1.4954e+03	2.0158e+03	-4.2329e+01	1.2105e+03	3.5349e+01	-7.0709e+02	-2.4150e+02	-4.3730e+02	5.4135e+01	2.5525e+01	-1.5344e+03	-1.2973e+03	1.5042e+02	5.5134e+02	1.2931e+03	-5.6526e+02	4.0632e+01	-6.1594e+02	-5.7798e+02	-3.9939e+02	-1.5744e+02	4.4833e+02	4.1763e+02	-1.5962e+03	1.1173e+03	7.5605e+02	2.1323e+03	1.2570e+03	2.0665e+03	1.5998e+02	1.5072e+03	-2.2686e+03	4.7830e+02	2.7192e+02	1.0051e+03	-4.3207e+02	-5.6795e+02	1.1514e+03	3.1664e+01	9.8609e+01	-1.0981e+03	-6.1570e+02	-8.7563e+02	8.2322e+02	1.0551e+03	8.6636e+02	1.8275e+03	2.6621e+03	1.0427e+03	-4.8474e+02	1.7900e+02	6.8662e+02	-6.3394e+01	-3.2986e+01	1.2712e+03	-1.6604e+01	-1.6145e+03	-2.5637e+02	-3.9779e+02	6.1325e+02	2.3126e+03	-7.4452e+02	1.3781e+02	-1.4723e+03	7.7843e+02	-2.7346e+02	-2.2664e+01	-1.2029e+03	-2.1800e+02	2.6255e+03	-1.0138e+03	7.9454e+02	1.0845e+03	4.8322e+02	-1.6549e+03	-7.0772e+02	-1.6912e+03	5.2134e+00	-3.0058e+02	1.5687e+03	7.4667e+02	-3.9341e+02	9.5041e+02	-1.0850e+03	-5.9143e+02	4.5586e+02	6.4226e+02	-9.6564e+02	1.0612e+02	-4.4991e+02	-1.5782e+03	1.2593e+03	-6.0632e+02	-5.9065e+02	-1.5621e+02	6.6545e+02	-1.6115e+03	-9.4825e+02	-1.8078e+03	3.4699e+02	-1.4071e+03	-1.0598e+03	1.1346e+03	6.7339e+02	-1.7137e+02	-7.2452e+02	-7.1420e+02	-3.7890e+02	-7.9870e+02	-1.4295e+03	1.4266e+03	1.1842e+03	-1.2646e+03	-4.1007e+02	-1.3831e+03	-4.9030e+02	-2.0353e+03	-1.0094e+03	6.4734e+02	3.5298e+02	-7.4684e+02	1.0654e+01	5.9745e+02	7.5329e+02	-9.7071e+02	8.9773e+02	-7.2003e+02	1.1181e+03	3.1839e+03	2.1490e+03	-2.9740e+03	-9.9560e+02	-2.9470e+01	-2.5913e+03	4.4784e+02	-1.2724e+03	-1.0005e+03	-8.2867e+01	1.4186e+03	8.4560e+02	-1.3119e+03	1.8103e+03	4.8117e+00	7.9043e+02	-8.8861e+02	-6.6191e+02	3.2562e+02	3.8974e+02	1.1073e+03	1.2015e+02	9.3845e+02	1.3264e+02	-5.5150e+02	-2.7275e+02	-7.1041e+01	2.7616e+03	-9.9399e+02	9.1400e+02	-1.0998e+03	8.7390e+02	4.3107e+01	-5.0989e+02
8.0000e+04	1.1168e+03	-3.3596e+02	-1.3728e+03	3.4240e+02	6.5205e+02	-6.9125e+02	2.0354e+02	1.4247e+03	-1.0190e+03	2.8451e+02	-1.2839e+03	1.8388e+02	4.4957e+02	1.3045e+03	6.1621e+02	3.4182e+02	-1.1062e+03	2.3887e+02	2.2124e+02	-5.7661e+02	-4.0447e+02	9.0671e+02	-8.1410e+02	-5.1730e+02	2.6161e+02	1.5833e+03	7.9522e+02	1.8751e+02	4.3952e+01	8.5965e+02	2.9770e+02	-2.4081e+02	-1.8931e+03	1.6994e+02	9.8412e+01	-1.0644e+03	5.7999e+02	1.1397e+03	-9.8408e+02	4.8143e+02	-1.2406e+03	-3.1774e+02	5.1389e+02	-5.2372e+02	-1.5090e+03	8.0242e+02	-4.6347e+02	-4.9660e+02	-1.3617e+03	3.4990e+02	-5.9612e+01	-1.7909e+02	6.5455e+02	1.3434e+02	-4.6259e+02	-7.1797e+02	2.5160e+02	-7.7066e+00	5.5852e+02	5.8407e+02	-1.2462e+03	2.6692e+02	1.0086e+02	9.9983e+02	8.3875e+02	1.7545e+02	-1.2003e+03	-1.2834e+03	8.7899e+02	-2.7530e+02	4.6000e+02	1.0321e+03	6.6878e+02	1.3019e+03	-3.1185e+02	9.8242e+02	-4.3498e+02	-3.2779e+02	-3.8968e+02	1.1116e+03	1.3728e+03	-3.3752e+02	-3.5134e+02	4.9295e+02	-5.0843e+02	4.7132e+02	2.6447e+02	7.7323e+01	4.0230e+02	-1.2959e+03	7.8691e+02	-5.2554e+02	7.4450e+02	-7.1103e+02	-6.1246e+02	2.7399e+02	4.3920e+02	-3.8096e+02	8.4412e+02	-1.0386e+03	5.9928e+02	-3.2705e+02	-4.8795e+02	1.9539e+02	-7.7794e+02	-4.6855e+02	-3.4184e+02	-1.3415e+02	3.9008e+01	-1.3073e+03	-1.3095e+02	8.2745e+02	4.6977e+02	7.7633e+02	1.5894e+02	1.7880e+02	-1.5802e+02	-8.8573e+01	4.6169e+02	3.2816e+02	-5.8891e+02	1.6658e+02	4.8279e+02	8.2314e+02	4.2649e+02	1.5282e+02	6.0612e+02	-9.9501e+02	-6.4686e+02	-1.4136e+02	3.0600e+02	-1.9097e+02	-1.5615e+01	-3.1078e+02	-4.5009e+02	4.5785e+02	5.2593e+02	-4.0480e+02	2.8122e+02	2.3697e+02	-1.1963e+02	-6.4160e+02	-2.9078e+02	-8.5115e+01	6.1583e+01	9.5215e+02	1.3370e+02	-2.9929e+02	2.3619e+02	1.1958e+02	-6.6331e+01	6.1273e+02	3.0870e+02	7.3645e+02	-1.7196e+01	-1.3285e+02	-1.3514e+03	-1.4504e+02	9.9624e+02	-6.4062e+02	8.2559e+02	1.2552e+02	8.5479e+02	8.1192e+02	-3.8804e+02	-2.7803e+01	-5.5331e+02	7.3017e+02	-3.7521e+02	1.8562e+03	1.1151e+03	-9.7349e+01	4.1160e+02	-8.7762e+02	5.2313e+02	-6.8982e+01	7.6011e+02	4.3176e+02	1.3255e+03	-1.0039e+03	7.0583e+02	1.0258e+03	3.8513e+02	2.7077e+02	1.2487e+02	-4.1800e+01	6.1931e+02	-1.3226e+02	-8.7095e+01	8.0637e+02	-2.1123e+01	1.2447e+02	1.0377e+03	-6.1762e+02	-2.4016e+02	-3.7314e+02	7.3381e+02	8.4970e+02	-4.4515e+02	8.8833e+02
8.0000e+04	-1.4350e+03	1.3494e+03	1.1346e+03	-5.8444e+02	3.4846e+02	6.2208e+02	9.8369e+02	1.3476e+03	4.5864e+02	7.7284e+02	2.7366e+03	8.4116e+02	-1.0012e+03	-3.7814e+02	4.6326e+01	2.0518e+02	2.0469e+03	-1.8199e+03	-1.1395e+03	-3.7401e+02	-2.2859e+03	-2.4813e+02	4.0303e+02	2.9403e+02	1.3468e+03	1.4629e+03	-9.5439e+02	1.7831e+03	-1.3087e+03	2.5170e+02	-1.8396e+02	-1.6140e+03	-1.5093e+03	-8.5809e+01	-4.9184e+02	1.8596e+03	-4.7268e+02	4.0871e+02	2.0518e+03	2.2491e+03	-3.1221e+02	1.2655e+03	1.9925e+03	-9.1358e+02	-5.5950e+02	-5.6646e+02	6.2977e+02	-1.1906e+03	-1.7710e+03	-2.6077e+03	5.9352e+02	-3.2379e+02	1.1919e+03	-7.6106e+02	-1.5994e+02	-9.9311e+02	-9.8611e+02	-5.6563e+02	1.1167e+02	-3.8712e+02	-2.8017e+02	-2.3314e+03	4.7073e+02	9.7489e+02	2.2370e+03	1.3061e+03	2.4378e+03	-1.3662e+02	1.5678e+03	-2.8423e+03	-4.4336e+02	-1.8024e+02	1.3515e+03	-1.0417e+03	-4.4821e+02	1.5529e+03	-2.5749e+02	-3.6494e+02	-7.0459e+02	-1.1405e+03	-6.1135e+02	7.6155e+02	2.2172e+03	-7.2689e+01	1.6012e+03	2.0410e+03	9.8221e+02	-1.2304e+03	8.0104e+02	3.9350e+01	-9.0775e+02	4.3707e+02	6.5784e+02	-2.5126e+02	-2.8172e+03	-3.9664e+02	-1.3362e+03	1.5794e+03	1.8489e+03	-4.5126e+02	8.4595e+02	-6.8116e+02	3.3676e+02	-7.8750e+02	-1.2078e+02	-1.3641e+03	8.4408e+02	1.6125e+03	-9.3988e+02	7.3390e+02	7.2501e+02	1.0507e+03	-1.9458e+03	-6.7680e+02	-1.6598e+03	-6.1951e+02	-4.2115e+02	2.1553e+03	1.4457e+03	-7.7714e+02	1.6561e+03	-1.1694e+03	-1.0362e+03	4.4609e+02	-1.6310e+02	-7.8332e+02	3.5261e+02	2.7707e+02	-2.9218e+03	2.0843e+03	-1.0371e+03	-1.5807e+03	5.7885e+02	1.9056e+02	-1.2667e+03	-9.1206e+02	-1.5995e+03	1.3133e+03	-9.5530e+02	2.8093e+01	1.1322e+03	2.4913e+03	-1.9632e+03	-9.3418e+02	-2.0077e+03	-4.7757e+02	-6.5885e+02	-2.9621e+03	1.0268e+03	6.8531e+02	-2.0287e+03	2.8362e+02	-1.2475e+03	-1.6436e+03	-2.7278e+03	-1.4433e+03	1.2366e+03	9.0762e+02	-1.5001e+03	-6.8518e+02	1.8853e+01	-2.0947e+02	-1.0195e+03	1.1090e+03	-7.9069e+01	1.3696e+03	2.8875e+03	2.7136e+03	-3.1061e+03	-3.3787e+02	-5.7117e+02	-2.7632e+03	7.2446e+02	-1.1869e+03	-5.8584e+01	-1.6259e+01	1.1223e+03	1.6626e+03	-1.3803e+03	1.1808e+03	-7.2306e+02	1.4830e+03	-3.1894e+02	-1.1148e+03	4.9498e+02	-2.9723e+02	7.8124e+02	-9.8955e+02	4.0210e+02	-1.0743e+02	-3.9152e+02	3.1447e+02	2.9034e+02	2.2370e+03	-2.3261e+02	8.9001e+01	-1.1916e+03	1.1714e+03	1.8455e+02	-7.8815e+02
1.0000e+05	1.3045e+03	-8.4310e+02	-1.2661e+03	-1.8638e+01	4.5040e+02	-6.3973e+02	4.5111e+02	1.2430e+03	-1.1010e+03	1.1377e+02	-1.5296e+03	5.9467e+02	2.8863e+02	1.8424e+03	6.1060e+02	9.5763e+02	-1.2362e+03	-6.0753e+02	3.9815e+02	-6.4000e+02	-4.8273e+02	8.6794e+02	-9.8568e+02	-4.1085e+02	3.3818e+02	2.1177e+03	1.0744e+03	6.1644e-01	-1.5393e+02	1.0734e+03	3.4586e+02	-2.8151e+02	-2.1811e+03	-3.4588e+02	9.5556e+01	-1.1362e+03	2.4235e+02	1.4700e+03	-6.8472e+02	1.7928e+02	-1.5785e+03	-4.7600e+02	-1.6379e+02	-3.7773e+02	-1.8260e+03	1.3628e+02	-5.5768e+02	-4.3954e+02	-8.5682e+02	-6.8436e+00	2.3556e+02	-4.0821e+02	4.0555e+02	1.0575e+02	-2.3288e+02	-9.7068e+02	-2.6928e+01	6.3079e+01	5.0629e+02	7.8576e+02	-1.1187e+03	2.3769e+02	1.4886e+02	9.6993e+02	1.4431e+03	2.4409e+02	-1.7900e+03	-1.0481e+03	1.0661e+03	-1.4543e+02	2.6055e+02	7.0096e+02	2.9311e+02	1.4830e+03	-5.4891e+02	9.3094e+01	-8.6313e+02	-2.8277e+02	1.6154e+02	7.5650e+02	1.6821e+03	-4.1929e+02	-2.9119e+02	3.2914e+02	-7.0148e+02	8.0394e+02	1.9269e+01	-2.0659e+02	2.6592e+02	-1.3537e+03	3.8766e+02	-2.3345e+02	9.0325e+02	-3.1675e+02	-1.1637e+03	3.0186e+02	-2.4333e+02	-9.6834e+02	6.6827e+02	-6.3589e+02	3.2429e+02	-5.9676e+02	-9.0359e+02	7.7577e+01	-6.3390e+02	-2.0655e+02	-4.8367e+02	2.6801e+02	-1.1633e+02	-1.5829e+03	-2.0900e+02	1.0377e+03	3.1822e+02	1.3351e+02	4.4700e+01	-3.3234e+02	5.5224e+00	-2.5159e+02	2.5062e+02	4.3746e+02	5.3645e+01	-3.2732e+02	7.7931e+02	5.2843e+02	4.2648e+02	7.6454e+01	5.2103e+02	-1.1087e+03	-1.6074e+02	-3.4238e+02	4.7758e+02	-2.2835e+02	1.3773e+01	-4.3272e+02	-3.7297e+02	4.7775e+02	6.6031e+02	2.1536e+02	1.2401e+02	3.5891e+02	-2.3704e+01	-5.5553e+00	-9.6789e+02	-1.0225e+03	-3.1496e+02	8.3974e+02	7.4514e+01	-8.1528e+01	-7.0186e+01	-1.8694e+01	5.6536e+02	1.2081e+03	1.0581e+03	2.0849e+02	2.3760e+02	1.9235e+02	-7.9475e+02	-2.1779e+02	4.6622e+02	-1.6088e+02	9.9178e+02	5.7471e+01	1.5295e+03	7.1616e+02	-1.9181e+02	-4.7384e+02	-3.8050e+02	4.4325e+02	-5.4829e+02	1.9831e+03	1.0217e+03	-1.0591e+02	4.4089e+02	-6.2519e+02	1.1152e+03	-3.9764e+02	2.6649e+02	1.6989e+02	1.5853e+03	-9.9243e+02	3.6354e+02	9.7578e+02	-1.6294e+02	1.0916e+01	7.5881e+02	-7.7044e+02	5.0179e+02	-2.5149e+02	7.9160e+01	1.0921e+03	4.7975e+02	-4.0946e+00	1.0526e+03	-9.5112e+02	1.8601e+02	-1.9493e+02	1.0553e+03	5.8962e+02	-6.7923e+02	1.0001e+03
1.0000e+05	-1.8917e+03	2.2062e+03	6.2167e+02	-4.9843e+02	8.6759e+02	1.1182e+03	1.7113e+03	2.0124e+03	-7.6166e+02	-8.8713e+02	3.5377e+03	8.4807e+02	-1.2902e+03	-1.4182e+01	8.1066e+01	-6.0755e+02	2.8809e+03	-1.5270e+03	-5.4350e+02	-1.7033e+02	-3.1367e+03	-1.4719e+02	-2.5156e+02	7.4679e+02	1.0796e+03	8.2137e+02	-1.7002e+03	9.8761e+02	-2.0077e+03	1.0290e+03	-3.7622e+02	-1.9883e+03	-6.2297e+02	1.9132e+02	2.0382e+02	1.5077e+03	-3.2252e+02	-2.1269e+00	2.7176e+03	1.8760e+03	-7.3550e+02	2.0148e+03	1.0751e+03	1.1737e+02	-1.5214e+03	4.9673e+01	-1.6772e+02	-1.1199e+03	-1.4489e+03	-4.2341e+03	9.7315e+02	-4.3796e+02	7.1137e+02	-1.5132e+03	2.6434e+02	-2.1581e+03	-2.2366e+03	5.8375e+02	-2.5944e+01	-6.8325e+02	7.1804e+02	-3.0762e+03	1.5139e+02	8.2474e+02	2.6933e+03	5.5450e+02	2.4647e+03	-7.4105e+01	1.6227e+03	-2.3537e+03	-1.3891e+02	-4.1736e+02	1.7912e+03	1.9505e+02	-1.7219e+03	8.2040e+02	3.1325e+02	-3.8170e+02	-7.5493e+02	-6.0612e+02	-4.1185e+02	1.8502e+03	2.2758e+03	-9.3818e+02	5.1528e+02	1.9254e+03	1.5814e+03	-1.1981e+03	1.0444e+03	-9.6589e+01	2.7185e+02	3.0110e+02	1.0179e+02	-7.9225e+02	-3.0586e+03	1.4702e+02	-2.2672e+03	1.6596e+03	2.4824e+03	-3.4404e+02	4.0920e+02	-5.0552e+02	-1.2111e+02	-1.4854e+03	-2.6484e+02	-5.5822e+02	2.1668e+03	9.7584e+02	-1.1820e+03	5.8447e+02	2.1092e+02	1.5873e+03	-2.9169e+03	-2.0691e+02	-1.3240e+03	-7.1692e+02	-2.4937e+02	8.8920e+02	1.8562e+03	5.3987e+01	1.5298e+03	-4.7084e+02	-4.1436e+02	1.1242e+03	9.2152e+02	-5.0070e+02	6.6525e+01	5.7997e+02	-2.3398e+03	2.2224e+03	-1.0448e+03	-1.7829e+03	1.0713e+03	3.8200e+02	-6.1473e+02	-4.9747e+01	-9.3812e+02	8.9648e+02	4.3499e+01	-1.1785e+02	1.0270e+03	2.4217e+03	-2.1973e+03	-8.7467e+02	-2.8417e+03	-1.1795e+03	4.5271e+02	-2.3741e+03	1.3134e+03	3.4022e+02	-1.7406e+03	-1.6955e+01	-1.1506e+03	-1.3560e+03	-2.7204e+03	-1.4027e+03	8.3962e+02	1.2553e+03	-9.0660e+02	-9.9867e+02	1.2459e+02	6.3103e+01	-3.9910e+02	2.0857e+03	3.4594e+02	1.2323e+03	5.2871e+03	2.0908e+03	-3.7944e+03	-3.1882e+02	3.3950e+02	-2.6772e+03	7.3183e+02	-2.9743e+02	-4.2961e+02	5.2468e+02	1.6938e+03	1.2257e+03	-2.2472e+03	1.8740e+03	-1.5661e+03	1.2015e+03	4.4526e+01	-8.5338e+02	6.8004e+02	-1.1989e+02	1.2412e+03	-1.8086e+03	9.4779e+02	2.2948e+01	1.0176e+03	6.2518e+02	3.1215e+02	2.7150e+03	-4.5791e+02	-1.0546e+01	-2.0137e+03	5.7162e+02	1.1748e+03	-1.7592e+02
1.2000e+05	1.9018e+03	-7.0442e+02	-2.3805e+02	-2.5337e+02	1.0296e+02	-8.1084e+02	8.9759e+02	1.2452e+03	-1.3204e+03	-7.5710e+01	-2.2210e+03	1.0628e+03	3.0900e+02	1.7548e+03	4.2406e+02	1.1949e+03	-9.5178e+02	-7.2277e+02	1.0697e+03	-1.4383e+03	1.2340e+02	1.2811e+03	-1.0458e+03	-1.1824e+03	3.3957e+02	1.8998e+03	1.3128e+03	-3.7657e+02	-9.4197e+01	7.9109e+02	6.8806e+02	5.9269e+02	-2.0041e+03	9.9348e+01	-2.7202e+02	-1.1253e+03	9.8989e+02	6.3328e+02	-6.5214e+02	7.6002e+02	-1.8702e+03	-1.6557e+02	-3.4247e+01	-3.9412e+02	-1.1204e+03	2.4644e+02	-9.5548e+02	-3.9348e+02	-7.8688e+02	-5.6547e+02	5.7183e+02	-1.7125e+03	2.7455e+02	4.4830e+02	-1.2116e+02	-1.3319e+03	-1.3100e+02	-2.1867e+02	3.1141e+02	3.0674e+02	-1.3631e+03	5.0401e+01	4.1867e+02	1.1029e+03	1.4483e+03	3.7126e+02	-1.5428e+03	-1.0691e+03	1.1853e+03	1.3181e+02	4.0450e+02	4.6953e+02	-2.0987e+01	1.5718e+03	-9.5197e+02	1.6084e+02	-1.0388e+03	-8.1574e+02	3.6041e+01	5.2513e+02	1.5872e+03	-4.1898e+02	-6.3426e+02	-1.1874e+02	-1.0317e+03	4.6169e+02	-4.6655e+02	-5.4102e+02	1.3078e+02	-1.5241e+03	2.0092e+02	-5.8300e+02	4.8136e+02	-2.2720e+02	-8.8007e+02	7.9430e+02	4.3525e+02	-7.6598e+02	1.0631e+03	-5.4011e+02	6.0733e+02	-8.9608e+02	-1.3787e+03	-1.4242e+02	-4.6564e+02	-7.2031e+02	-5.1156e+02	1.0342e+03	-4.6634e+02	-1.0795e+03	1.1647e+02	1.4741e+03	-6.5041e+01	7.1621e+01	3.5831e+02	-9.9795e+02	-4.8264e+02	-2.0084e+02	2.8087e+02	5.5409e+02	7.3878e+01	-3.0297e+02	6.5627e+02	4.6130e+02	6.1583e+02	1.4587e+02	6.6440e+02	-1.2864e+03	4.1558e+01	-4.0875e+02	2.6428e+02	-6.1523e+02	1.7574e+02	-9.4244e+02	-8.2439e+02	3.6941e+02	3.2671e+02	5.3883e+02	5.7299e+01	5.7746e+01	-4.6265e+02	1.0364e+02	-1.4310e+03	-1.0815e+03	2.4592e+02	4.7469e+02	-1.3023e+02	8.6438e+01	-2.8893e+02	-4.6108e+02	7.0715e+02	1.3911e+03	9.3473e+02	1.1317e+02	7.1136e+02	8.1956e+02	-8.5964e+02	5.3292e+00	6.3810e+02	-4.9044e+02	1.2513e+03	-6.9347e+02	1.9726e+03	1.0125e+03	-5.4349e+02	-2.0804e+02	-2.2644e+02	1.0623e+03	-6.9797e+02	2.2486e+03	1.2285e+03	-2.1548e+02	5.2803e+02	-9.1672e+02	1.0757e+03	-4.1396e+02	2.5631e+02	-1.9697e+02	1.5074e+03	-1.6299e+03	4.0416e+02	1.2247e+03	-7.1763e+01	5.2495e+02	1.0496e+03	-4.3051e+02	4.6160e+02	9.5984e+01	-1.0341e+02	1.0133e+03	4.7694e+02	2.6707e+02	1.0336e+03	-1.1162e+03	9.8419e+01	-5.6725e+02	1.2988e+03	6.0587e+02	-7.9128e+02	1.4549e+03
1.2000e+05	-2.0504e+03	2.4788e+03	1.1648e+02	-1.2924e+03	-4.3544e+01	5.3038e+02	2.4767e+03	2.6497e+03	-1.9001e+02	-1.8161e+03	3.8829e+03	1.3697e+03	-9.3971e+02	-1.6373e+02	-9.8742e+02	5.7971e+02	3.0739e+03	-1.5528e+03	1.4443e+02	3.7761e+02	-3.3396e+03	-1.1077e+03	-1.2135e+02	1.1932e+03	1.2026e+03	-9.9728e+01	-2.4476e+03	2.1916e+03	-2.4035e+03	6.8381e+02	-5.6618e+02	-1.8562e+03	-5.2024e+01	-6.1780e+02	5.8828e+02	1.1692e+03	-1.6194e+02	-8.3405e+01	2.3796e+03	2.3304e+03	1.9111e+02	2.5631e+03	1.1193e+03	7.4918e+02	-2.0704e+03	2.0635e+02	4.3300e+02	-5.5859e+02	-2.3122e+03	-3.2096e+03	9.7104e+02	-6.2653e+02	7.6727e+02	-2.0047e+03	5.7822e+02	-1.7218e+03	-2.6588e+03	1.2701e+03	8.3322e+02	7.2208e+02	1.1242e+02	-1.8457e+03	6.3695e+02	5.5743e+02	2.7106e+03	6.8250e+02	2.0320e+03	1.3283e+02	1.6075e+03	-1.1172e+03	-5.9772e+02	-3.5179e+02	1.8865e+03	7.1488e+02	-2.5740e+03	3.7810e+02	8.0823e+02	-3.2461e+02	-2.1734e+03	4.9325e+02	-6.0258e+02	1.6385e+03	1.9808e+03	-1.4653e+03	1.0642e+03	1.9368e+03	2.5330e+03	-1.0150e+03	1.3084e+03	-2.1404e+02	2.3843e+02	8.1155e+02	-1.1782e+02	-2.4393e+02	-3.2615e+03	-5.7258e+02	-1.6663e+03	1.9907e+03	3.1971e+03	4.2643e+02	6.0233e+02	3.4636e+02	4.5679e+02	-2.0919e+03	-2.5944e+02	-9.8836e+02	2.3840e+03	1.4504e+03	-2.2770e+03	8.1953e+02	-5.6776e+02	1.2639e+03	-3.0428e+03	-4.9352e+02	-1.1170e+03	-8.0831e+02	-1.7171e+02	1.0912e+03	6.6277e+02	6.4839e+02	1.4836e+03	-1.6545e+03	-1.4483e+02	7.3937e+02	-4.8571e+02	-4.9677e+02	-2.1986e+02	1.1565e+03	-2.4505e+03	2.0716e+03	-1.3088e+03	-1.5423e+03	2.5846e+02	6.6311e+02	-8.8034e+02	-9.5401e+02	-5.8903e+02	1.4485e+03	6.2386e+02	-8.4705e+01	1.9932e+03	2.1932e+03	-1.8018e+03	-1.4310e+03	-3.7721e+03	-2.1372e+03	8.6239e+02	-2.4737e+03	1.1233e+03	1.8523e+02	-1.0603e+03	-3.7781e+02	-1.7358e+03	-5.4320e+02	-2.6714e+03	-1.1055e+03	7.2998e+02	3.9065e+02	4.9557e+02	-1.9664e+02	6.9911e+02	-1.5888e+02	-9.1268e+02	2.9975e+03	7.0284e+02	1.0980e+03	4.6730e+03	1.9307e+03	-4.1239e+03	-8.6689e+02	1.1854e+03	-3.3282e+03	1.0209e+03	-2.7197e+02	3.8006e+02	6.9073e+02	2.0862e+03	1.3523e+03	-2.5309e+03	1.3727e+03	-9.9774e+02	1.7022e+03	-7.1232e+01	-6.3179e+02	4.5583e+02	-4.9771e+02	1.3174e+03	-1.7474e+03	1.5437e+03	-2.6490e+02	2.4703e+02	3.9979e+02	-2.5689e+02	3.0684e+03	-3.8612e+02	-7.6098e+02	-1.3838e+03	5.3824e+02	1.0900e+03	1.9544e+02
1.4000e+05	2.0672e+03	-1.1034e+03	-1.4033e+01	3.7704e+02	6.1228e+02	-9.8878e+02	1.2448e+03	1.2599e+03	-1.8614e+03	4.1933e+02	-2.6306e+03	9.9419e+02	3.5473e+02	1.8526e+03	4.1444e+02	9.1643e+02	-9.0991e+02	-7.0314e+02	1.3206e+03	-2.1706e+03	1.0348e+03	1.3943e+03	-1.2784e+03	-3.8439e+02	4.3141e+02	1.7811e+03	1.3683e+03	-5.9257e+02	5.5591e+01	7.8195e+02	6.7655e+02	8.5076e+02	-1.8403e+03	8.1513e+02	-7.2846e+01	-1.1884e+03	1.1190e+03	5.8957e+02	-5.3375e+02	7.4602e+02	-1.7523e+03	-6.5555e+02	4.7809e+00	-6.5960e+02	-1.5781e+03	7.0034e+02	-3.3451e+02	-2.6938e+02	-8.1213e+02	-3.7051e+02	5.5451e+02	-2.0156e+03	5.1356e+02	3.2152e+02	-8.9938e+01	-2.1292e+03	2.8151e+01	-3.9546e+02	-2.0069e+00	4.8676e+02	-4.8584e+02	5.9005e+02	2.3893e+02	1.8454e+03	1.5902e+03	7.3360e+02	-8.5511e+02	-1.2846e+03	1.5805e+03	-4.8909e+02	6.6333e+02	-8.7189e+01	1.2783e+02	1.8430e+03	-6.2092e+02	1.5979e+02	-9.6829e+02	-8.9804e+02	7.2903e+02	3.5915e+02	1.9533e+03	-6.5434e+02	-6.8272e+02	-4.5208e+02	-1.0221e+03	6.6271e+02	-5.0675e+02	-5.8713e+02	-3.7201e+02	-1.5823e+03	1.6824e+02	-4.7278e+02	7.7898e+02	-4.5938e+02	-6.6249e+02	1.0123e+03	5.6107e+02	-1.2581e+03	1.4973e+03	-6.7449e+02	7.6727e+02	-9.7677e+02	-1.1104e+03	-8.2133e+01	-8.1343e+02	-1.1434e+03	-2.3819e+02	1.3200e+03	-1.0427e+03	-1.3432e+03	3.7493e+00	1.7338e+03	-1.4285e+02	4.8259e+02	2.8288e+02	-1.8269e+03	-7.2097e+02	-2.3424e+02	2.3695e+02	1.3557e+02	-5.0482e+02	-1.1203e+02	2.0311e+02	7.0786e+02	4.6962e+02	3.7212e+01	3.1310e+02	-1.0852e+03	-2.1440e+01	-6.1519e+02	5.8477e+02	-5.8677e+02	7.1636e+02	-1.0795e+03	-5.3473e+02	6.6988e+02	3.5476e+02	6.8631e+02	1.9750e+02	-2.8138e+02	-8.5560e+02	-3.7886e+02	-1.7717e+03	-1.0154e+03	-1.8121e+02	3.5806e+02	1.1398e+02	1.2989e+02	1.3479e+02	1.8926e+02	8.6937e+02	1.5538e+03	1.1739e+03	4.6245e+01	4.5391e+02	3.4097e+02	-8.4602e+02	-1.8278e+02	1.0802e+03	-6.6687e+02	1.2088e+03	-7.9742e+02	2.0214e+03	8.4148e+02	-3.0483e+02	5.7170e+01	-8.0698e+02	3.3374e+02	-8.0756e+02	2.1336e+03	1.6829e+03	1.3369e+02	1.1343e+02	-9.3371e+01	6.0723e+02	-3.7752e+02	7.1438e+02	-3.1828e+02	1.3862e+03	-1.6639e+03	1.0981e+03	1.0271e+03	1.5068e+02	-3.2459e+02	1.5297e+03	-2.6702e+02	5.9226e+02	6.7516e+02	-7.0686e+01	1.1360e+03	2.8683e+02	1.1398e+02	1.0571e+03	-1.1252e+03	2.6923e+02	-1.0525e+03	1.3165e+03	1.1805e+03	-5.1801e+02	1.3612e+03
1.4000e+05	-2.6857e+03	1.8008e+03	-2.0187e+02	2.7068e+02	-4.0535e+02	1.4874e+02	3.3720e+03	3.0565e+03	-4.0017e+02	-2.3151e+03	3.7170e+03	8.1659e+02	-3.6635e+02	1.5267e+02	-7.9641e+02	7.8608e+01	3.2116e+03	-1.9500e+03	-5.7994e+02	2.6275e+02	-4.1489e+03	-1.1099e+03	1.2076e+03	7.7966e+02	1.4706e+03	-3.9937e+02	-2.6806e+03	1.9190e+03	-2.7735e+03	7.5839e+02	2.7086e+02	-1.8599e+03	-9.0795e+02	8.0897e+02	1.3579e+03	1.5784e+03	-1.2242e+03	-6.1865e+02	1.5453e+03	1.5506e+03	-3.0969e+02	2.8593e+03	8.3478e+02	6.0170e+02	-2.5503e+03	1.0145e+02	-7.9091e+01	-1.9364e+03	-1.3438e+03	-4.4321e+03	1.2756e+03	-1.5984e+03	7.9824e+02	-2.8488e+03	8.9560e+02	-1.7614e+03	-2.0430e+03	8.5558e+02	1.0228e+03	9.9876e+02	-6.1173e+02	-3.2836e+03	-5.1885e+02	-1.9402e+02	1.8094e+03	1.5499e+02	1.6075e+03	7.1199e+00	1.3545e+03	-1.5420e+03	-2.5575e+02	4.1758e+02	3.3388e+03	7.0505e+02	-2.3906e+03	1.4701e+02	-3.7689e+02	-7.1065e+02	-2.5782e+03	-2.4129e+02	-1.3813e+03	2.1230e+03	2.0655e+03	-1.1177e+03	1.4943e+03	1.2669e+03	2.6096e+03	-1.6926e+03	8.9752e+02	4.4918e+02	7.1025e+02	5.7224e+02	8.8676e+02	-6.9142e+02	-2.6786e+03	-6.2388e+02	-1.4686e+03	1.8988e+03	2.2117e+03	6.5164e+02	4.2817e+02	5.7704e+02	4.1634e+02	-3.1734e+03	-1.0925e+02	-4.4605e+02	2.8128e+03	1.6103e+03	-2.4855e+03	7.1714e+02	4.8077e+02	2.0396e+03	-3.4615e+03	-1.0232e+03	-1.6610e+03	-5.3728e+02	1.1213e+03	1.1993e+03	-1.5602e+02	5.4798e+02	1.2418e+03	-2.1540e+03	1.2741e+02	3.7033e+02	-4.5807e+01	-2.9743e+02	6.6656e+02	1.1108e+03	-2.3282e+03	1.2190e+03	-1.8871e+03	-1.7852e+03	-1.8199e+02	1.5188e+03	-1.8558e+03	-1.6845e+03	-4.8045e+02	1.8450e+02	4.8273e+01	-1.5739e+02	3.2234e+03	1.4917e+03	-1.5494e+03	-2.0506e+03	-3.8277e+03	-2.4866e+03	8.6454e+02	-1.9248e+03	7.7666e+02	2.4922e+02	-1.8045e+03	-2.1458e+02	-2.2656e+03	-4.3228e+02	-2.9382e+03	-1.5488e+03	2.2980e+02	7.8418e+02	-9.8557e+02	-2.5091e+02	9.3664e+02	2.9479e+02	-1.3994e+03	2.5360e+03	7.5682e+02	1.0377e+03	4.4993e+03	3.1852e+03	-5.0135e+03	-1.7021e+03	1.9287e+03	-3.6439e+03	1.7813e+03	-1.7665e+02	-4.1082e+02	1.1711e+03	2.5244e+03	5.5592e+02	-1.7334e+03	2.0562e+03	-1.5632e+03	1.2397e+03	3.5302e+02	-1.2111e+03	1.2225e+02	5.1687e+00	1.6411e+03	-6.7386e+02	5.8536e+02	4.7258e+02	4.4869e+01	-5.8716e+02	-9.3455e+01	2.4142e+03	-2.7021e+02	-5.7911e+02	-2.3911e+03	3.9613e+01	2.5043e+03	1.5852e+03
1.6000e+05	2.4458e+03	-1.3163e+03	-9.4020e+01	8.4173e+02	5.8452e+02	-1.0533e+03	1.0421e+03	1.1171e+03	-1.8864e+03	2.9843e+02	-2.2817e+03	6.1909e+02	5.2166e+02	1.5490e+03	7.4866e+02	8.7990e+02	-1.1832e+03	2.6467e+02	1.1201e+03	-2.2687e+03	7.4787e+02	1.3805e+03	-1.5144e+03	-6.5444e+02	1.8989e+02	1.8699e+03	1.2953e+03	-7.6870e+02	-1.5152e+02	6.8693e+02	6.1559e+02	1.4067e+03	-1.4876e+03	7.0003e+02	-2.3163e+02	-1.3858e+03	1.0693e+03	6.1244e+02	-9.2350e+02	7.5142e+02	-1.9036e+03	-5.5613e+02	2.2218e+02	-1.2752e+03	-1.5747e+03	5.9103e+02	-3.3129e+02	-8.3935e+02	-1.0045e+03	-6.1525e+02	1.1545e+03	-2.2375e+03	3.6978e+02	-1.5310e+02	-2.6711e+02	-2.1873e+03	2.4152e+02	-4.3029e+02	-9.1405e+02	2.5274e+02	-1.0094e+03	8.1870e+02	7.9931e+02	1.8564e+03	1.7955e+03	6.4542e+02	-6.7910e+02	-8.1379e+02	2.0799e+03	-1.4370e+01	9.6416e+02	-7.4718e+02	-1.2596e+02	1.6250e+03	-6.4040e+02	-1.7312e+02	-8.2668e+02	-7.1375e+02	5.5807e+02	2.5897e+02	1.9656e+03	-7.8722e+02	-4.5226e+02	-3.6446e+02	-1.0771e+03	3.0411e+02	-1.0002e+03	-5.0039e+02	-2.8873e+02	-2.2761e+03	7.3925e+01	-1.7198e+02	9.8072e+02	-3.5404e+02	-9.4900e+02	1.8309e+03	-1.6648e+02	-1.2254e+03	1.3881e+03	-6.7367e+02	4.4304e+02	-1.4424e+03	-8.0716e+02	4.4221e+01	-6.5817e+02	-1.1102e+03	-6.7906e+02	1.6108e+03	-9.1080e+02	-1.0650e+03	-5.3093e+02	2.1018e+03	3.1736e+02	3.9488e+02	5.2886e+02	-1.7635e+03	-1.1201e+03	2.4735e+02	2.0670e+02	-7.5358e+00	-6.4193e+02	-4.1729e+01	-4.4163e+01	9.1663e+02	6.3304e+02	1.1356e+02	-6.3021e+01	-1.0668e+03	-2.2749e+02	-5.2035e+02	5.9000e+02	-5.4069e+01	6.5907e+02	-1.1949e+03	-9.7343e+02	5.0266e+02	6.5341e+02	4.6540e+02	-1.2333e+02	-5.4747e+02	-1.2750e+03	-1.3968e+02	-1.9570e+03	-7.5804e+02	-1.4217e+02	1.3841e+02	-3.6307e+02	4.9344e+02	-1.5132e+02	3.1197e+02	1.4193e+03	1.7656e+03	1.5787e+03	6.5032e+01	3.9365e+02	9.1102e+02	-1.3147e+03	-1.6594e+02	7.6498e+02	-8.3679e+02	1.2776e+03	-7.8217e+02	2.0948e+03	6.6156e+02	-4.2773e+01	1.8947e+02	-7.3421e+02	6.4604e+02	-1.1947e+03	2.1367e+03	1.8741e+03	1.9232e+02	-1.3013e+02	-3.4408e+02	6.4700e+02	-5.7602e+02	1.4405e+03	-3.2169e+02	1.8716e+03	-1.5838e+03	1.2408e+03	6.6534e+02	-1.8941e+02	-1.1424e+02	1.5595e+03	-4.2792e+02	8.5046e+02	5.1127e+02	-1.6744e+02	1.5928e+03	5.4801e+02	4.9129e+02	1.1967e+03	-1.0785e+03	3.2177e+02	-1.3846e+03	7.0830e+02	1.6853e+03	-1.0362e+03	1.8821e+03
1.6000e+05	-2.3563e+03	2.2906e+03	-4.8452e+02	5.0956e+02	-6.1399e+02	3.4126e+02	2.9104e+03	3.2561e+03	-1.1951e+03	-2.0825e+03	3.9639e+03	3.0945e+02	6.3440e+02	-5.2650e+02	-3.4160e+02	-3.3475e+02	3.2755e+03	-2.9108e+03	5.8599e+02	-2.4376e+02	-5.1296e+03	-1.3429e+03	1.1678e+03	1.0324e+03	4.5276e+02	3.6273e+01	-3.1024e+03	2.9249e+03	-2.1457e+03	9.4498e+02	4.2591e+02	-6.5976e+02	-1.0172e+03	1.4803e+02	1.5876e+03	2.1312e+03	-1.8839e+03	-9.6688e+02	1.2407e+03	1.9819e+03	-2.8322e+02	2.8122e+03	5.1529e+02	9.7086e+02	-1.8701e+03	1.6311e+02	-3.2284e+02	-2.4201e+03	-2.3296e+03	-3.3842e+03	2.4568e+03	-2.0509e+03	1.8379e+03	-3.2048e+03	-4.6049e+02	-1.5226e+03	-2.6371e+03	5.6550e+02	2.0593e+03	8.0512e+02	-8.9726e+02	-2.9350e+03	-1.0999e+03	-1.5650e+02	1.9012e+03	-4.8653e+02	1.9519e+03	5.4826e+02	1.2999e+03	-2.1925e+03	-8.6505e+02	5.4117e+02	2.8037e+03	8.0281e+02	-2.5681e+03	3.3669e+02	-4.3477e+02	-8.9831e+02	-3.7104e+03	-6.6247e+02	-1.5611e+03	2.7717e+03	2.4704e+03	-8.8369e+01	1.6352e+03	6.9722e+02	1.8164e+03	-2.4123e+03	2.3607e+03	-2.9686e+02	9.5135e+02	4.5106e+02	-4.5979e+02	-1.2689e+03	-2.7208e+03	-3.4069e+02	-1.9297e+03	1.7946e+03	1.7768e+03	-1.6494e+00	-2.8477e+02	6.2812e+02	7.6506e+02	-2.9769e+03	-1.5758e+03	-4.1319e+02	2.4067e+03	2.2707e+03	-2.1522e+03	1.0096e+03	1.3295e+03	2.4166e+03	-3.7748e+03	-1.2324e+03	-1.8663e+03	-1.0120e+03	1.6417e+03	3.4183e+02	-5.6132e+02	1.1686e+03	9.4157e+02	-2.7678e+03	3.9556e+02	5.5366e+02	6.1372e+00	-8.5375e+02	1.6398e+03	1.7812e+03	-1.6785e+03	1.2759e+03	-1.9359e+03	-1.4165e+03	1.7434e+01	2.6414e+03	-2.1540e+03	-1.8570e+03	-3.3150e+02	-7.7708e+01	-4.4769e+01	6.0847e+02	2.7134e+03	1.1923e+03	-2.2421e+03	-2.1153e+03	-2.6654e+03	-3.3055e+03	1.8868e+03	-2.4679e+03	-7.8189e+02	5.6561e+02	-1.6254e+03	1.4081e+02	-3.0535e+03	-3.0974e+02	-2.7872e+03	-8.4286e+02	4.6223e+02	3.6146e+02	-2.2154e+03	8.0684e+02	1.0798e+03	1.0456e+03	-6.9300e+02	3.0103e+03	8.9527e+02	6.0367e+01	4.4491e+03	2.8178e+03	-4.5474e+03	-8.9359e+02	1.8353e+03	-3.9671e+03	1.8305e+03	1.3445e+02	-2.3756e+02	5.2370e+02	1.2915e+03	1.1863e+03	-1.4386e+03	1.5472e+03	-8.6137e+02	1.5031e+03	-4.9609e+02	-1.9742e+03	8.4131e+01	6.5139e+02	1.9458e+03	-2.6988e+02	1.4954e+03	6.5913e+02	1.1996e+03	-2.0783e+02	7.9595e+02	3.7258e+03	-7.1537e+02	-9.9339e+02	-1.9813e+03	2.9362e+02	2.9063e+03	1.6280e+03
1.8000e+05	1.6719e+03	-1.7767e+03	5.2490e+02	1.1326e+03	8.9488e+02	-9.5695e+02	8.1178e+02	1.0473e+03	-1.7689e+03	9.1062e+00	-2.1390e+03	7.3675e+02	6.7269e+02	2.0103e+03	8.0972e+02	1.3675e+03	-1.6236e+03	2.1466e+02	6.0867e+02	-2.5929e+03	6.0724e+02	1.3754e+03	-9.3729e+02	-8.0534e+02	-2.2302e+02	1.9447e+03	1.5056e+03	-1.0476e+03	-2.1582e+02	1.1151e+03	1.0291e+03	1.4497e+03	-1.4811e+03	8.3314e+02	2.7452e+02	-1.5435e+03	8.6947e+02	6.7725e+02	-4.1562e+02	8.2884e+02	-1.2486e+03	-9.2727e+02	9.3024e+01	-1.1061e+03	-1.4660e+03	7.4104e+02	-4.8970e+02	-6.0306e+02	-9.6153e+02	-4.7503e+02	5.2099e+02	-2.5722e+03	5.3995e+02	6.3282e+01	5.6325e+01	-2.6083e+03	2.6309e+02	-7.4144e+02	-1.1267e+03	-1.2974e+02	-1.1927e+03	8.7960e+02	7.1661e+02	1.9075e+03	2.3790e+03	8.7911e+01	-1.7135e+02	-7.3808e+02	2.0859e+03	3.4876e+02	1.2978e+03	-1.8403e+02	2.8273e+02	1.6117e+03	-5.3065e+02	-3.9571e+01	-7.6787e+02	-4.5489e+02	9.1630e+02	3.0708e+01	1.5534e+03	-9.3725e+02	-7.3866e+02	-1.8572e+02	-5.1803e+02	4.2450e+02	-5.3718e+02	-8.3422e+02	-1.3865e+02	-1.9290e+03	3.0851e+02	-1.5901e+02	9.4173e+02	-2.9827e+02	-8.1741e+02	1.8033e+03	-5.1906e+01	-8.0139e+02	1.3815e+03	-1.2267e+03	3.4586e+02	-1.1335e+03	-1.2331e+03	1.3603e+02	-3.1798e+02	-1.2253e+03	-7.8517e+02	1.8284e+03	-6.6178e+02	-1.0232e+03	-1.2687e+03	2.4001e+03	-1.4038e+02	4.0942e+02	5.4530e+02	-1.9282e+03	-1.7811e+03	3.5939e+02	9.0049e+01	1.3130e+02	-9.9869e+02	-7.7152e+02	-2.3961e+02	5.2774e+02	5.1405e+02	2.7409e+02	5.4620e+02	-8.9941e+02	-4.2773e+02	-3.7905e+02	4.5089e+02	1.9367e+02	1.1473e+03	-9.1336e+02	-9.9748e+02	1.0134e+03	2.3270e+02	1.4613e+02	-1.4405e+02	-1.0351e+03	-1.0611e+03	2.6606e+02	-1.4956e+03	-1.2720e+03	-6.4161e+02	4.5620e+02	2.6229e+02	4.3619e+02	7.1542e+01	3.0463e+02	1.5809e+03	2.5573e+03	1.9227e+03	7.7970e+02	4.9495e+02	1.3403e+03	-1.3162e+03	5.2246e+02	4.7733e+02	-9.6566e+02	1.4671e+03	-3.2289e+02	2.5561e+03	4.5338e+02	-8.7397e+01	7.6632e+02	-4.5723e+02	3.1249e+02	-1.3434e+03	1.9085e+03	1.9290e+03	3.9804e+02	-2.3259e+02	-4.3519e+01	9.5532e+02	-3.3112e+02	1.3125e+03	-4.6929e+02	2.2994e+03	-1.8166e+03	1.4831e+03	9.5467e+02	8.7774e+01	-1.4732e+02	1.1838e+03	-8.4034e+02	1.1473e+03	9.8291e+02	-3.2980e+02	1.6094e+03	5.0363e+02	7.6890e+02	2.0155e+03	-9.9069e+02	4.2516e+02	-8.9489e+02	7.6665e+02	1.6747e+03	-8.0787e+02	1.7566e+03
1.8000e+05	-2.8937e+03	1.8496e+03	7.0374e+02	7.7514e+02	-1.3854e+03	5.0509e+02	3.4789e+03	2.9388e+03	-1.3656e+02	-9.8241e+02	3.7605e+03	-1.5827e+02	3.3022e+02	2.7005e+02	-2.7092e+02	3.0907e+02	4.4568e+03	-3.3199e+03	5.0987e+02	6.4777e+02	-4.4388e+03	-8.1161e+02	6.1275e+02	1.4169e+03	-2.1376e+02	-5.0227e+02	-2.9103e+03	3.9274e+03	-2.5181e+03	7.8497e+02	-1.1779e+02	-3.7749e+02	-1.7467e+03	-4.3301e+02	1.6134e+03	3.4082e+03	-2.9330e+03	-1.8382e+03	1.9563e+03	2.2071e+03	6.5234e+02	2.0299e+03	-2.1384e+02	6.2783e+02	-2.6909e+03	8.5185e+02	-4.5462e+01	-2.3638e+03	-1.3195e+03	-4.2146e+03	2.8557e+03	-2.2113e+03	1.6067e+03	-4.2083e+03	3.2904e+01	-4.2668e+02	-2.0602e+03	6.5217e+02	2.4489e+03	7.9885e+02	-1.3796e+03	-3.1704e+03	-1.2005e+03	-5.5527e+01	2.5707e+03	-2.9702e+02	2.0507e+03	1.0511e+03	3.6502e+02	-2.5253e+03	-1.4126e+03	1.1535e+03	2.9726e+03	1.2987e+03	-2.1158e+03	-3.4938e+02	-6.9763e+02	3.4037e+02	-3.6378e+03	4.7298e+02	-1.9760e+03	2.8787e+03	2.4512e+03	5.8035e+02	1.6740e+03	1.2862e+03	1.5770e+03	-3.6640e+03	1.8918e+03	-7.5811e+02	7.8058e+02	3.9034e+02	-2.4863e+02	-1.4926e+02	-2.7394e+03	-3.8542e+02	-1.1494e+03	1.1144e+03	9.8030e+02	-4.8009e+01	-3.3164e+02	6.8536e+02	1.5713e+03	-3.2813e+03	-2.2858e+03	-7.0431e+02	1.7483e+03	1.9490e+03	-1.6443e+03	1.2112e+03	1.4402e+02	1.8104e+03	-4.3709e+03	-3.6088e+02	-2.5602e+03	-5.6515e+02	2.1006e+03	-4.0564e+02	-1.0222e+03	4.0284e+02	1.1498e+03	-2.5616e+03	1.6125e+03	1.4157e+03	1.0007e+03	-9.0461e+02	1.0947e+03	2.1604e+03	-2.1666e+03	1.8728e+03	-1.1703e+03	-2.3582e+03	5.2300e+02	2.7510e+03	-2.7506e+03	-1.4668e+03	-3.8438e+02	1.3728e+02	8.3059e+02	5.9751e+02	2.6659e+03	1.6377e+03	-2.1243e+03	-1.9104e+03	-2.2624e+03	-3.3332e+03	2.5262e+03	-2.4535e+03	-1.5758e+03	1.3194e+03	-2.2379e+03	5.2486e+02	-3.7457e+03	-1.4888e+02	-3.0167e+03	-1.0903e+03	8.4144e+02	2.4737e+01	-1.9671e+03	1.5355e+03	1.4668e+03	8.0441e+02	-1.4279e+03	2.5441e+03	7.0836e+02	7.6654e+02	5.5560e+03	2.3570e+03	-4.7792e+03	-9.3046e+02	1.3779e+03	-4.2785e+03	1.5032e+03	4.6533e+02	-1.0154e+03	3.9398e+02	1.5064e+03	6.8020e+02	-1.0951e+03	1.0566e+03	-9.7182e+02	1.1137e+03	6.4225e+02	-9.4958e+02	-1.2160e+03	7.3073e+02	1.9362e+03	-1.2204e+03	2.2836e+03	8.9627e+02	1.0070e+03	3.4265e+02	1.3709e+03	3.7182e+03	1.6016e+02	-1.4117e+03	-1.2876e+03	4.7847e+01	2.9695e+03	1.0307e+03
2.0000e+05	1.8424e+03	-1.5455e+03	-7.9294e+01	9.6942e+02	1.6388e+03	-6.4542e+02	1.0037e+03	9.4678e+02	-2.1854e+03	2.7090e+01	-2.2170e+03	5.5086e+02	6.6490e+02	2.2396e+03	9.4484e+02	1.4405e+03	-1.5674e+03	5.3121e+02	5.8840e+02	-1.9202e+03	3.3021e+02	8.4829e+02	-8.7088e+02	-7.6692e+02	-2.2440e+02	1.8421e+03	1.2766e+03	-9.8080e+02	-9.6200e+01	9.0565e+02	1.1102e+03	1.3340e+03	-1.4419e+03	2.9789e+02	-7.1102e+01	-1.0903e+03	5.6457e+02	5.1926e+02	-5.9633e+02	8.3882e+02	-1.2448e+03	-9.5867e+02	7.5139e+02	-1.4120e+03	-1.6128e+03	1.4434e+03	-5.3527e+02	-1.1224e+03	-8.6345e+02	-8.1683e+02	9.6090e+02	-2.5601e+03	2.3233e+02	2.0654e+02	1.4091e+02	-2.3329e+03	4.9482e+02	-6.4111e+02	-1.1468e+03	-4.0848e+01	-1.5390e+03	7.0226e+02	-1.5149e+02	1.5553e+03	2.6683e+03	-1.6682e+02	-2.8491e+02	-8.9430e+02	1.4944e+03	5.4883e+02	1.1834e+03	-6.7963e+02	-6.2495e+01	1.9643e+03	-6.5629e+02	-4.9831e+02	-5.6216e+02	-4.9325e+02	1.1666e+03	-4.8751e+02	1.5617e+03	-1.3202e+03	-7.4929e+02	-1.4464e+02	-5.5740e+02	1.4999e+02	-1.0632e+03	-8.7849e+02	-3.2543e+02	-1.7490e+03	2.1460e+02	1.3528e+02	1.0170e+03	-5.8836e+02	-2.9386e+02	1.4203e+03	-1.8525e+01	-1.0679e+03	1.5695e+03	-1.6792e+03	-2.1296e+02	-1.1098e+03	-1.4303e+03	1.1753e+02	-1.3375e+02	-7.0164e+02	-6.8670e+02	1.6337e+03	-8.3634e+02	-1.3190e+03	-1.3728e+03	2.0818e+03	-7.6700e+02	7.1998e+01	8.2116e+02	-2.0828e+03	-1.0131e+03	-1.0421e+01	4.2173e+02	-2.4373e+02	-1.1493e+03	-8.8854e+02	-3.6627e+01	1.0638e+03	1.1396e+03	6.9184e+02	8.5895e+02	-9.1932e+02	-6.1414e+02	-5.6252e+02	3.1567e+02	3.5957e+02	1.2409e+03	-1.0127e+03	-7.8452e+02	9.9278e+02	4.3940e+02	-3.3172e+02	-2.2294e+01	-8.5067e+02	-1.3484e+03	-4.7233e+02	-1.4607e+03	-1.1030e+03	-1.0671e+03	5.8103e+02	3.7234e+02	1.9171e+02	2.8250e+02	5.8863e+02	1.3488e+03	2.4273e+03	1.8870e+03	7.3840e+02	6.8207e+02	8.4558e+02	-9.3171e+02	4.2770e+02	-7.2250e+01	-5.4860e+02	1.0580e+03	-8.6433e+02	2.3931e+03	2.0515e+02	2.0497e+02	9.8063e+02	-4.8727e+02	-1.2734e+01	-1.5757e+03	1.4532e+03	2.1215e+03	5.9361e+01	-2.5372e+02	1.6146e+02	7.4398e+02	-6.6699e+01	1.0278e+03	-8.5826e+02	2.5116e+03	-1.6036e+03	1.5764e+03	1.2235e+03	-8.0621e+01	1.1885e+02	1.3957e+03	-7.7822e+02	9.8857e+02	9.7603e+02	-1.9922e+01	1.9980e+03	1.3261e+02	5.8317e+02	1.7580e+03	-9.7263e+02	5.2089e+02	-7.8830e+02	6.6933e+02	1.7993e+03	-7.2614e+02	1.3011e+03
2.0000e+05	-2.8850e+03	1.9446e+03	-8.4188e+01	8.8400e+02	-1.2592e+03	2.0644e+02	2.9659e+03	3.4231e+03	-6.7077e+02	-1.0855e+03	3.7070e+03	5.4642e+02	1.1165e+00	-4.3866e+02	-3.9101e+02	4.7044e+02	4.3708e+03	-2.9412e+03	7.2722e+02	8.1945e+02	-5.1319e+03	-1.6473e+03	-3.9073e+02	3.5758e+02	-7.6521e+02	2.0551e+02	-1.5721e+03	4.3928e+03	-2.2107e+03	4.5150e+02	-3.7334e+02	-1.9260e+02	-2.3744e+03	-2.1483e+02	9.8274e+02	2.8632e+03	-2.7866e+03	-2.2510e+03	2.8303e+03	2.4748e+03	3.3092e+02	2.4899e+03	-4.1116e+02	1.5432e+03	-2.3019e+03	1.5812e+03	-5.8027e+02	-3.6113e+03	-1.2615e+03	-3.8603e+03	3.5533e+03	-2.2498e+03	1.6509e+03	-3.9336e+03	1.0238e+03	5.5464e+02	-2.4243e+03	7.7346e+02	1.9991e+03	2.7311e+02	1.7921e+02	-3.6895e+03	-8.9138e+02	3.7138e+02	3.2052e+03	-9.7938e+02	2.0591e+03	8.4251e+02	7.2473e+02	-2.5754e+03	-1.3847e+03	7.9008e+02	2.4642e+03	2.3462e+03	-1.9669e+03	1.1002e+02	-2.1097e+03	-3.3626e+02	-2.8139e+03	9.9472e+02	-2.3815e+03	3.6018e+03	2.6604e+03	2.0628e+02	1.3514e+03	1.4624e+03	1.2358e+03	-3.6455e+03	1.5634e+03	-1.1741e+03	7.1685e+02	6.5586e+02	5.3001e+02	-2.3985e+02	-3.1554e+03	-8.5084e+02	-1.6462e+03	3.0468e+01	7.1925e+02	2.1221e+02	9.0240e+01	-3.6526e+02	1.5892e+03	-3.6714e+03	-1.9623e+03	-1.1491e+03	2.1313e+03	2.8181e+03	-1.7496e+03	7.2986e+02	-7.5425e+02	1.6386e+03	-4.6039e+03	-1.6842e+02	-3.1215e+03	-1.0255e+03	1.9430e+03	-1.4270e+03	-6.5249e+02	7.2853e+02	8.0235e+02	-2.2619e+03	1.7565e+03	2.7324e+03	3.5966e+02	-1.1087e+03	1.4210e+03	2.1044e+03	-2.1111e+03	3.0087e+03	2.3629e+02	-2.7053e+03	-2.7797e+02	2.7513e+03	-3.7131e+03	-2.1099e+03	7.1644e+00	3.2802e+02	1.8103e+03	-2.0690e+02	2.0404e+03	8.6028e+02	-8.7492e+02	-1.6301e+03	-1.9588e+03	-3.1238e+03	3.1463e+03	-2.0365e+03	-1.4971e+03	2.3578e+03	-2.9825e+03	3.8490e+02	-2.6967e+03	2.4737e+02	-3.0081e+03	-5.0077e+02	8.6680e+02	-1.1012e+02	-3.0448e+03	6.2089e+02	1.7032e+03	1.0322e+03	-1.1069e+03	1.6219e+03	4.4887e+02	-8.9562e+02	5.6021e+03	2.1742e+03	-3.9516e+03	-2.0231e+03	-5.1014e+01	-4.2333e+03	1.6208e+03	2.0105e+02	-1.4258e+03	-9.2496e+01	1.1147e+03	3.5857e+02	-1.3010e+03	6.9578e+02	-1.0851e+03	1.0836e+03	4.7880e+02	-5.9624e+02	-1.9259e+03	4.9947e+02	2.0695e+03	-2.4020e+03	1.6357e+03	3.8444e+02	1.7144e+03	4.1370e+02	6.2819e+02	3.7096e+03	-4.0047e+02	-3.0846e+02	-1.6802e+03	-2.0101e+02	2.1907e+03	3.4856e+02
