2.0000e+05	9.8991e+04
2.0000e+05	1.0015e+05
2.0000e+05	9.9301e+04
2.0000e+05	9.9171e+04
2.0000e+05	9.9146e+04
2.0000e+05	9.9512e+04
2.0000e+05	9.9299e+04
2.0000e+05	9.9030e+04
2.0000e+05	9.9460e+04
2.0000e+05	9.9601e+04
2.0000e+05	9.9782e+04
2.0000e+05	1.0031e+05
2.0000e+05	9.9481e+04
2.0000e+05	9.9893e+04
2.0000e+05	9.9861e+04
2.0000e+05	1.0034e+05
2.0000e+05	1.0084e+05
2.0000e+05	1.0067e+05
2.0000e+05	1.0128e+05
2.0000e+05	1.0110e+05
2.0000e+05	1.0199e+05
2.0000e+05	1.0023e+05
2.0000e+05	1.0047e+05
2.0000e+05	9.9585e+04
2.0000e+05	9.8758e+04
2.0000e+05	1.0068e+05
2.0000e+05	1.0141e+05
2.0000e+05	1.0141e+05
2.0000e+05	1.0053e+05
2.0000e+05	9.9773e+04
2.0000e+05	9.8978e+04
2.0000e+05	1.0016e+05
2.0000e+05	1.0033e+05
2.0000e+05	1.0080e+05
2.0000e+05	1.0044e+05
2.0000e+05	1.0029e+05
2.0000e+05	1.0096e+05
2.0000e+05	1.0032e+05
2.0000e+05	1.0039e+05
2.0000e+05	1.0024e+05
2.0000e+05	1.0033e+05
2.0000e+05	1.0136e+05
2.0000e+05	1.0064e+05
2.0000e+05	1.0065e+05
2.0000e+05	1.0088e+05
2.0000e+05	1.0139e+05
2.0000e+05	1.0061e+05
2.0000e+05	1.0064e+05
2.0000e+05	1.0133e+05
2.0000e+05	1.0121e+05
2.0000e+05	1.0125e+05
2.0000e+05	1.0103e+05
2.0000e+05	1.0119e+05
2.0000e+05	1.0120e+05
2.0000e+05	1.0134e+05
2.0000e+05	1.0102e+05
2.0000e+05	1.0113e+05
2.0000e+05	1.0106e+05
2.0000e+05	1.0142e+05
2.0000e+05	1.0170e+05
2.0000e+05	1.0068e+05
2.0000e+05	1.0126e+05
2.0000e+05	1.0112e+05
2.0000e+05	1.0119e+05
2.0000e+05	1.0133e+05
2.0000e+05	1.0142e+05
2.0000e+05	1.0134e+05
2.0000e+05	1.0161e+05
2.0000e+05	1.0084e+05
2.0000e+05	1.0066e+05
2.0000e+05	1.0150e+05
2.0000e+05	1.0085e+05
2.0000e+05	1.0162e+05
2.0000e+05	1.0088e+05
2.0000e+05	1.0139e+05
2.0000e+05	1.0079e+05
2.0000e+05	1.0134e+05
2.0000e+05	1.0077e+05
2.0000e+05	1.0070e+05
2.0000e+05	1.0058e+05
2.0000e+05	1.0116e+05
2.0000e+05	1.0084e+05
2.0000e+05	1.0093e+05
2.0000e+05	1.0132e+05
2.0000e+05	1.0095e+05
2.0000e+05	1.0067e+05
2.0000e+05	1.0104e+05
2.0000e+05	1.0059e+05
2.0000e+05	1.0050e+05
2.0000e+05	1.0039e+05
2.0000e+05	1.0072e+05
2.0000e+05	1.0062e+05
2.0000e+05	1.0063e+05
2.0000e+05	1.0085e+05
2.0000e+05	1.0035e+05
2.0000e+05	1.0054e+05
2.0000e+05	1.0035e+05
2.0000e+05	1.0081e+05
2.0000e+05	9.9659e+04
2.0000e+05	1.0030e+05
2.0000e+05	1.0020e+05
2.0000e+05	1.0021e+05
2.0000e+05	1.0040e+05
2.0000e+05	9.9614e+04
2.0000e+05	1.0031e+05
2.0000e+05	1.0039e+05
2.0000e+05	1.0005e+05
2.0000e+05	9.9818e+04
2.0000e+05	1.0004e+05
2.0000e+05	9.9780e+04
2.0000e+05	9.9923e+04
2.0000e+05	1.0033e+05
2.0000e+05	9.9849e+04
2.0000e+05	1.0036e+05
2.0000e+05	9.9470e+04
2.0000e+05	1.0039e+05
2.0000e+05	9.9993e+04
2.0000e+05	9.9825e+04
2.0000e+05	9.9908e+04
2.0000e+05	9.9642e+04
2.0000e+05	9.9755e+04
2.0000e+05	9.9997e+04
2.0000e+05	9.9157e+04
2.0000e+05	9.9860e+04
2.0000e+05	9.9938e+04
2.0000e+05	1.0031e+05
2.0000e+05	1.0006e+05
2.0000e+05	9.9803e+04
2.0000e+05	9.9628e+04
2.0000e+05	9.9181e+04
2.0000e+05	9.9603e+04
2.0000e+05	9.9182e+04
2.0000e+05	9.9624e+04
2.0000e+05	9.9647e+04
2.0000e+05	9.9540e+04
2.0000e+05	9.9365e+04
2.0000e+05	9.9461e+04
2.0000e+05	9.8863e+04
2.0000e+05	9.9675e+04
2.0000e+05	9.9751e+04
2.0000e+05	9.9666e+04
2.0000e+05	9.9539e+04
2.0000e+05	9.9197e+04
2.0000e+05	9.9030e+04
2.0000e+05	9.9186e+04
2.0000e+05	9.9179e+04
2.0000e+05	9.9391e+04
2.0000e+05	9.9175e+04
2.0000e+05	9.9560e+04
2.0000e+05	9.9160e+04
2.0000e+05	9.8819e+04
2.0000e+05	9.9297e+04
2.0000e+05	9.8756e+04
2.0000e+05	9.9495e+04
2.0000e+05	9.9510e+04
2.0000e+05	9.9245e+04
2.0000e+05	9.9201e+04
2.0000e+05	9.9253e+04
2.0000e+05	9.8928e+04
2.0000e+05	9.8842e+04
2.0000e+05	9.9412e+04
2.0000e+05	9.9240e+04
2.0000e+05	9.8898e+04
2.0000e+05	9.9278e+04
2.0000e+05	9.9139e+04
2.0000e+05	9.9142e+04
2.0000e+05	9.9087e+04
2.0000e+05	9.8804e+04
2.0000e+05	9.9176e+04
2.0000e+05	9.9178e+04
2.0000e+05	9.9203e+04
2.0000e+05	9.8698e+04
2.0000e+05	9.9255e+04
2.0000e+05	9.9241e+04
2.0000e+05	9.8767e+04
2.0000e+05	9.9137e+04
2.0000e+05	9.9047e+04
2.0000e+05	9.8419e+04
2.0000e+05	9.9204e+04
2.0000e+05	9.9678e+04
2.0000e+05	9.9492e+04
2.0000e+05	9.8693e+04
2.0000e+05	9.8429e+04
2.0000e+05	9.8773e+04
2.0000e+05	9.8704e+04
2.0000e+05	9.8614e+04
2.0000e+05	9.8833e+04
2.0000e+05	9.8855e+04
2.0000e+05	9.8917e+04
2.0000e+05	9.9000e+04
2.0000e+05	9.8936e+04
2.0000e+05	9.8562e+04
2.0000e+05	9.9384e+04
2.0000e+05	9.9168e+04
2.0000e+05	9.8893e+04
2.0000e+05	9.9300e+04
2.0000e+05	9.9218e+04
2.0000e+05	9.8531e+04
2.0000e+05	9.9387e+04
2.0000e+05	9.9563e+04
