2.0000e+04	-5.8726e+02	-2.3244e+02	-2.0232e+02	1.9849e+01	-9.2410e+01	-2.7444e+02	-3.9004e+02	-3.3858e+02	-3.0018e+02	-5.4124e+02	2.6992e+02	-7.2765e+02	5.6075e+02	7.4826e+02	1.2760e+02	-3.7587e+01	-3.3277e+01	-7.5045e+02	6.7481e+02	5.9717e+02	-1.9021e+02	-6.3176e+01	4.5818e+02	1.7057e+02	-1.6798e+02	-1.2081e+01	4.6912e+02	-1.1253e+02	-1.9077e+02	-1.5077e+02	7.8384e+01	1.2196e+02	-2.6366e+01	1.1840e+02	-2.7597e+02	4.1424e+00	-8.3615e+02	-1.5031e+00	9.9574e+02	-4.0619e+02	-2.1346e+02	-1.1127e+01	-3.9850e+01	4.7685e+02	4.2930e+02	3.5592e+02	-2.2176e+02	-1.0298e+02	-4.3618e+02	-2.7004e+02	-1.7303e+02	-7.2469e+01	-2.4850e+02	-1.2706e+02	-4.7099e+01	4.7607e+02	-6.3914e+02	-1.6594e+02	8.8424e+00	-3.1795e+02	7.9905e+01	-7.8134e+01	-5.6117e+02	-2.2435e+02	5.5874e+01	1.1584e+02	-5.3765e+02	-4.4375e+01	-4.7620e+02	9.8315e+01	-3.4036e+02	2.9531e+02	4.2792e+02	3.3295e+01	-2.2316e+02	-2.4168e+01	5.1903e+02	5.9738e+02	5.9207e+02	4.9504e+02	-1.9243e+02	3.7953e+02	1.1055e+02	5.5508e+02	-5.3368e+02	4.3644e+02	1.0639e+02	3.9459e+01	1.7677e+02	-1.5614e+01	7.6979e+02	5.5014e+01	3.3084e+02	-3.8788e+02	4.6689e+01	-2.7418e+02	-3.7279e+02	-7.5380e+01	-3.3767e+02	1.6066e+02	1.0427e+02	-9.2334e+01	5.9452e+02	9.5519e+01	3.3389e+02	2.6960e+02	3.2146e+02	3.8038e+02	2.4902e+02	-9.4827e+01	1.5694e+01	-3.8440e+02	-1.7562e+02	2.0087e+02	4.2694e+02	-1.5310e+01	-1.6443e+02	1.8792e+02	3.6314e+02	-6.4966e+02	-2.8905e+01	5.7187e+01	-5.1368e+02	2.2651e+02	-5.0876e+02	1.7106e+02	-2.6286e+01	-5.6630e+02	9.4297e+01	4.4073e+02	5.1976e+01	5.0078e+01	-6.6806e+01	-2.6708e+02	4.7930e+02	-2.5920e+02	4.7054e+02	5.7455e+00	9.0257e-01	3.6705e+02	1.1961e+02	-5.7937e+02	-6.3017e+01	-2.2227e+02	8.5171e+01	-9.4787e+01	-4.8571e+02	-1.1471e+02	-2.5506e+02	-8.5829e+02	3.8464e+02	3.4540e+02	2.4316e+01	-7.1817e+01	-1.0874e+02	-1.3880e+02	-2.4963e+02	-4.2584e+02	-2.7146e+02	2.1460e+01	-4.8579e+02	4.6202e+02	-6.4068e+02	2.8365e+02	4.3074e+01	4.0177e+02	4.1616e+02	6.2969e+02	-1.4533e+02	7.1443e+02	6.7818e+02	-2.4581e+02	2.9590e+02	4.0139e+02	6.8317e+02	1.4271e+02	-2.1972e+02	8.3193e+01	-1.3126e+02	1.4222e+02	-3.0548e+02	-4.2333e+02	-3.6183e+02	1.8804e+02	6.5890e+01	2.9194e+02	-1.6612e+02	-9.2506e+01	3.2767e+02	-3.2874e+02	-2.1913e+02	4.4601e+02	-1.5075e+02	7.7837e+01	7.2921e+02	4.6470e+01	-1.7933e+02	-2.0559e+01	1.0270e+02	5.9514e+02
2.0000e+04	-3.3646e+02	1.9929e+02	-4.8415e+02	-1.6006e+01	-1.4850e+02	4.9781e+02	6.9882e+02	-9.5059e+01	-7.9294e+02	-7.1782e+01	-9.7501e+02	7.7290e+02	-9.7245e+02	-4.9956e+02	4.7146e+02	-8.7265e+01	2.3689e+01	-1.6364e+02	9.8825e+02	-1.5595e+02	-2.2381e+01	-3.2324e+02	4.8199e+02	-6.6539e+02	4.5040e+02	1.2656e+01	-1.1836e+03	6.0902e+01	1.0287e+02	6.1234e+02	-5.7933e+02	-1.8266e+02	-1.3199e+02	5.5857e+02	-1.3804e+02	9.6763e+02	-5.7347e+02	-9.8437e+02	-6.9646e+02	-4.6340e+01	-4.3183e+02	-2.2379e+01	9.3156e+02	-5.4389e+02	1.2975e+01	-7.0139e+02	-2.7723e+02	-1.8735e+02	8.4570e+02	-3.0007e+02	8.6760e+02	1.3534e+02	8.9873e+01	8.8357e+01	-8.1635e+02	2.0307e+02	-2.9200e+02	4.9012e+02	-4.6133e+02	3.4228e+02	-1.6798e+01	9.6763e+02	5.2070e+02	-6.2676e+02	4.6401e+02	-6.0481e+02	7.4103e+02	-1.2658e+03	1.2746e+02	2.3200e+02	7.6127e+02	5.0985e+02	-5.1948e+02	1.9394e+02	-1.3166e+02	4.7592e+02	8.8375e+02	4.2769e+02	-4.7191e+02	-6.1538e+02	-1.4148e+02	5.0253e+02	-1.4678e+02	-7.2728e+01	3.7396e+02	-3.4587e+02	3.7314e+02	-7.6754e+02	-5.1310e+01	-7.8882e+02	3.0032e+02	-2.9421e+01	-9.3189e+02	1.0784e+02	-4.9494e+02	2.0132e+00	-5.4467e+02	-9.8015e+02	-2.9217e+02	-1.2627e+02	-6.4678e+02	-3.5411e+02	3.7512e+02	-3.9132e+02	-2.5259e+02	5.2928e+02	5.1499e+02	-1.1244e+03	-5.1569e+01	-4.9280e+02	-1.4343e+01	-1.6584e+02	1.2400e+03	1.0515e+03	-8.2680e+02	-4.4651e+02	-1.0604e+02	1.0569e+02	-9.6136e+02	-9.3500e+02	-4.7639e+02	1.2620e+02	-7.2717e+02	1.0818e+02	1.6727e+02	9.0286e+01	6.2059e+02	6.9477e+02	1.9318e+02	8.9621e+02	3.3552e+01	-1.5433e+02	6.2294e+02	5.5953e+02	1.6874e+02	-8.1096e+02	3.8449e+02	-5.7950e+02	3.8117e+02	-1.1612e+03	-3.5926e+02	-8.0656e+02	4.0957e+02	-1.3755e+02	-6.4441e+02	7.1633e+02	1.2101e+03	1.0309e+03	-3.3614e+02	-4.0525e+02	-2.5791e+02	-8.7000e+02	2.2676e+02	-3.6518e+01	-1.2878e+02	8.7372e+02	3.6883e+02	-1.2576e+03	-4.1073e+02	5.6126e+02	1.1012e+03	2.7228e+02	7.2946e+02	-2.7603e+02	-2.7656e+02	1.3346e+02	-8.3340e+02	-4.4837e+02	1.9751e+02	1.0011e+02	4.9881e+02	6.7919e+02	-2.7847e+02	-4.1409e+02	-2.1062e+02	-7.8380e+02	7.4895e+02	3.5111e+01	1.7040e+02	3.2911e+02	5.4399e+02	-5.0160e+02	-3.8099e+02	4.2751e+01	-4.8787e+02	-2.1378e+02	-4.5662e+02	1.0984e+03	-1.0144e+03	2.3397e+02	6.0692e+02	1.1322e+03	-3.0064e+02	-9.1159e+02	6.6738e+00	1.4809e+02	3.2745e+02	2.7617e+02	1.2257e+03	2.1915e+01
4.0000e+04	-1.0330e+03	-1.9356e+02	-5.1692e+02	-1.8846e+02	5.0867e+02	-1.6238e+01	3.6714e+00	-2.9606e+02	-6.5692e+02	5.3347e+01	9.5792e+01	-6.5131e+02	8.3533e+01	4.5068e+02	-4.2627e+02	1.1791e+02	-1.1724e+02	-1.0421e+03	5.3201e+02	4.3447e+02	-1.1785e+02	-1.0476e+02	2.8131e+02	3.3212e+01	2.0968e+02	-4.0732e+02	-9.7693e+01	-1.6688e+02	-1.5511e+02	-6.1330e+01	-4.1922e+02	-6.2924e+01	-3.6200e+02	2.1159e+02	2.3886e+02	-1.7442e+01	-6.8731e+02	-5.1859e+02	8.1262e+02	3.2598e+02	-2.8627e+02	-4.5438e+02	1.1294e+02	6.1883e+02	4.4045e+02	4.1952e+02	-2.9649e+02	-2.9556e+02	-4.7208e+02	-2.0005e+02	-3.1217e+02	-2.6983e+01	-1.0094e+02	-5.3885e+02	1.0681e+02	7.2341e+02	-1.2282e+03	-2.6254e+02	1.1454e+02	1.7720e+02	4.7796e+02	4.8475e+02	-6.3875e+02	-1.5161e+02	-5.9105e+02	1.9970e+02	-5.7751e+02	4.6779e+02	-3.2542e+02	3.6781e+02	-5.1614e+02	6.9976e+02	3.6629e+02	-7.1272e+00	-3.9529e+02	-1.4325e+02	1.3942e+02	9.2115e+02	-3.1822e+01	1.1418e+03	-2.5017e+02	1.4381e+02	4.2874e+01	6.2085e+02	-4.8186e+02	4.9992e+02	3.5202e+02	7.6051e+01	-1.7530e+02	6.8844e+01	1.5631e+03	1.7946e+02	3.8356e+02	-1.0745e+02	5.6962e+01	-2.9008e+02	-7.1003e+01	9.2626e+01	-5.3345e+02	1.7873e+01	1.8662e+02	-2.1397e+02	9.8974e+02	2.0097e+02	-2.1947e+02	-1.4899e+02	1.6344e+02	4.2079e+02	-4.7391e+02	-9.6034e+02	-5.7177e+01	-1.6579e+02	-3.3722e+02	4.7876e+02	-1.9600e+02	2.4106e+02	1.7970e+02	4.4311e+02	5.3801e+02	-1.5400e+02	-4.2876e+02	-7.0034e+01	-5.6204e+02	3.5660e+02	-7.6284e+02	1.5609e+02	6.6980e+01	-6.7825e+02	-2.8429e+01	7.6090e+02	-1.8423e+02	1.6683e+02	3.8510e+02	-4.2989e+01	8.0562e+02	-6.6769e+02	8.3142e+02	-2.1806e+02	5.1815e+02	2.9230e+02	3.1820e+02	1.3606e+02	-3.3019e+02	-1.6119e+02	8.8527e+02	5.6247e+02	-2.1292e+02	-3.7673e+02	-4.8273e+02	-1.5139e+03	3.5956e+02	3.5817e+02	9.5861e+01	5.5212e+01	-9.4161e+01	2.7381e+02	-2.8348e+02	-2.9469e+02	-4.6663e+02	2.4715e+02	-3.9595e+02	1.2937e+03	-6.4103e+02	3.4950e+02	9.6540e+01	2.1970e+02	2.8546e+02	1.0331e+03	-3.0196e+02	7.5877e+02	6.7903e+02	-4.9586e+02	-1.3597e+01	2.0793e+02	1.3433e+03	2.3417e+02	-2.7936e+02	9.0178e+01	-9.3453e+02	9.9834e+01	-4.6247e+02	3.0046e+02	-3.9574e+02	9.8081e+02	-3.7109e+02	2.6346e+02	-1.8996e+02	-5.0364e+02	6.4109e+02	6.0478e+01	-4.2324e+01	5.6662e+02	-3.9070e+02	-2.1258e+02	9.6005e+02	1.9669e+02	1.0855e+02	5.4837e+02	-2.7984e+02	3.2349e+02
4.0000e+04	-6.5133e+01	3.5689e+02	-1.1352e+03	-1.0143e+03	1.2749e+03	-1.1468e+02	1.1983e+03	-4.6256e+02	-1.0139e+03	-6.3574e+02	-9.8301e+02	6.3700e+02	-1.6592e+03	-1.3335e+01	-4.9555e+02	1.2911e+03	-4.4621e+02	-1.3998e+03	7.9291e+02	-1.9379e+01	-3.7033e+02	-6.2325e+02	-8.9109e+01	-5.8541e+02	1.2925e+02	5.3380e+02	-1.3591e+03	1.4331e+02	-2.2975e+02	7.5513e+02	-2.6962e+02	-4.7548e+02	3.2907e+02	-2.6788e+02	-8.7352e+02	1.4593e+03	-1.0934e+03	-7.4475e+02	4.6771e+02	5.6916e+01	-9.4200e+01	-3.9145e+02	4.9330e+02	-6.3263e+02	9.2183e+02	6.1960e+02	-1.0180e+03	-4.9360e+02	1.2888e+03	-6.0037e+02	4.1499e+02	6.8920e+02	-5.4991e+02	2.9618e+02	-5.7942e+02	-6.4858e+02	6.7380e+02	-6.4281e+02	6.1859e+01	1.2477e+03	-3.8031e+02	2.1236e+03	1.0035e+03	-4.1085e+02	1.1566e+01	-6.5171e+02	1.5465e+03	-2.2529e+02	7.7096e+01	-1.9950e+02	2.3360e+03	9.8835e+02	-4.5063e+02	-3.9976e+02	-4.4885e+02	2.9269e+02	1.2297e+03	4.8298e+02	-3.7350e+02	-7.5343e+02	2.6327e+02	8.1509e+02	3.4167e+02	6.4384e+01	6.3321e+01	8.6743e+01	-2.4084e+02	-6.8414e+02	1.1322e+03	1.6990e+02	-5.8980e+02	-3.3879e+02	-1.2181e+03	-4.6856e+02	-6.1991e+02	9.8913e+02	-4.8334e+02	-1.0429e+03	-3.4265e+02	-9.1732e+02	-6.1768e+01	-1.1582e+02	3.7197e+02	-3.9964e+02	7.7485e+02	1.2910e+03	7.9712e+02	-1.1280e+03	5.5161e+02	-4.3343e+02	-3.6118e+02	-5.3267e+02	1.2230e+03	1.6714e+03	-4.3708e+02	-1.1856e+03	-7.7337e+02	6.8152e+00	-6.0605e+02	-8.1077e+02	-7.3443e+02	4.4178e+02	-1.5217e+03	7.8844e+02	3.5089e+02	-6.9750e+02	4.0685e+01	5.3509e+02	-3.2520e+02	1.0271e+03	-2.0289e+02	-3.3844e+02	3.9647e+01	1.1730e+03	-6.4782e+02	6.8894e+02	-4.9684e+02	4.8216e+02	-3.6976e+02	-1.1186e+03	9.6173e+02	-6.0022e+02	1.9496e+03	-5.4640e+02	-1.3992e+02	5.9660e+02	4.2664e+02	1.2631e+03	1.0992e+03	9.8902e+01	5.3641e+02	-2.0394e+03	-4.4001e+02	-1.2049e+02	2.9697e+02	1.4273e+03	3.6330e+02	-1.1817e+03	-6.3397e+02	1.0002e+03	7.4629e+02	-9.6113e+01	6.7113e+02	-6.4089e+02	-1.2214e+03	2.7657e+02	-1.6912e+03	4.6718e+02	1.0308e+03	2.4610e+02	1.9240e+01	2.8058e+02	-4.4940e+02	-5.5741e+02	3.6523e+02	-8.9278e+02	-5.6408e+01	2.5853e+01	-2.3950e+02	3.9911e+02	1.4587e+03	-6.8235e+02	1.1900e+02	1.9152e+02	3.4002e+02	-5.3522e+02	-5.9002e+02	3.0980e+02	-4.8387e+02	-8.5865e+00	1.3516e+03	5.9338e+02	1.1848e+00	-7.7808e+02	2.9035e+02	3.3319e+02	3.1808e+02	9.7578e+02	1.3485e+03	7.3317e+02
6.0000e+04	-1.6458e+03	-1.5698e+02	-3.0852e+02	-5.1401e+02	7.1110e+02	-3.8515e+02	-1.1593e+02	-3.0485e+02	-1.3794e+03	3.0271e+02	4.5464e+02	7.4282e+01	1.1422e+02	2.6037e+02	-9.3854e+01	3.8023e+02	-2.2935e+02	-1.9607e+02	3.5657e+02	-3.0205e+01	6.5365e+01	-9.4094e+01	-4.8080e+01	-1.0148e+02	2.0478e+02	-9.1099e+01	-3.7588e+02	-8.9509e+01	-3.5672e+02	-2.1759e+02	8.4392e+01	1.8903e+02	-1.9095e+02	5.2727e+02	1.5367e+02	5.2497e+02	-6.6416e+02	-6.9835e+02	5.3846e+02	2.9090e+02	-4.7348e+02	-7.5101e+02	-8.5604e+01	9.0223e+02	6.2915e+02	1.8946e+02	-7.7979e+02	-3.0515e+02	-9.8513e+02	5.1597e+01	-6.8060e+02	7.4704e+01	-3.2068e+02	-8.5201e+02	-5.8761e+02	8.0167e+02	-1.0198e+03	-9.4375e+02	3.6456e+02	-5.8942e+02	1.0130e+03	7.1962e+02	-9.2293e+02	3.5606e+02	-7.6550e+02	-3.2494e+02	-4.6999e+02	-7.6852e+01	-2.7170e+02	1.6452e+02	3.0439e+02	5.3641e+02	4.1258e+02	-8.1701e+01	1.1927e+02	-2.2958e+02	-5.4977e+02	5.5162e+02	-2.9138e+02	1.2291e+03	-4.3319e+02	-4.9582e+02	5.3180e+02	2.3037e+02	-6.7124e+02	6.7657e+02	2.1781e+02	-2.7741e+01	-2.9963e+02	7.8199e+02	1.3506e+03	3.3414e+02	5.9125e+02	1.4813e+02	6.9817e+00	-9.6012e+02	5.5451e+02	-4.7242e+01	-4.2670e+02	-2.2485e+02	-3.2665e+02	2.0154e+02	1.3191e-01	2.0342e+02	-5.3766e+02	1.9352e+02	4.1860e+02	2.6909e+02	-5.2042e+02	-7.8813e+02	-3.1486e+02	-1.3643e+01	-4.7388e+02	8.4285e+02	4.1736e+02	3.9610e+02	1.6578e+02	4.8522e+02	6.2924e+02	1.4688e+02	-9.4834e+02	-3.5397e+02	-5.3889e+02	5.7883e+02	-9.7198e+02	7.2947e+02	-5.0466e+01	-5.1696e+02	-4.7887e+02	1.2621e+03	-3.1788e+02	8.0084e+02	5.1543e+02	-2.4315e+02	7.6661e+02	-5.0559e+02	9.7583e+02	-4.2237e+02	5.4530e+01	4.1516e+01	-8.0857e+01	-4.4917e+02	-7.2187e+02	-1.9168e+02	1.4155e+03	3.7829e+02	-4.4874e+02	-2.8949e+02	-2.0114e+02	-1.3516e+03	6.3166e+02	5.5146e+02	-2.4205e+02	2.2411e+02	1.6379e+02	2.9356e+02	-2.1539e+02	4.8911e+02	-5.9878e+02	5.8864e+01	-7.7583e+02	1.0821e+03	-8.7872e+02	7.3067e+02	-1.2985e+02	-1.8349e+02	6.9132e+02	1.1145e+03	-7.6669e+01	4.6172e+02	9.9514e+02	-3.2989e+02	1.1477e+02	-1.9229e+02	8.5503e+02	-2.2862e+02	-2.6311e+02	-5.8940e+01	-1.2394e+03	8.9335e+02	-4.0025e+02	3.8652e+02	-8.9828e+02	8.6659e+02	3.6971e+02	7.2775e+01	-1.2458e+02	-1.5219e+02	1.1479e+03	-5.4534e+02	-1.3130e+02	8.1485e+02	5.7095e+01	-7.1933e+01	1.6868e+03	2.5330e+02	-1.1359e+00	6.5766e+02	-4.4321e+02	8.2511e+02
6.0000e+04	9.1104e+01	7.8454e+00	-1.1778e+03	-6.1204e+02	1.9362e+03	-1.0427e+03	5.2843e+02	-2.3544e+02	-1.6524e+03	-8.6991e+01	-1.3644e+03	2.2434e+03	-6.2782e+02	8.8590e+02	1.0339e+02	1.1468e+03	5.8179e+02	-8.4255e+02	2.5337e+02	-9.8040e+02	-3.8237e+02	-8.8995e+02	1.4352e+02	2.1989e+02	9.4888e+02	7.6454e+02	-9.1611e+02	6.2791e+02	-2.0331e+02	4.5489e+02	-9.0611e+02	-9.5664e+02	7.2575e+02	-6.7922e+02	-4.1407e+02	1.9174e+02	-3.0681e+02	-1.5462e+03	2.9155e+02	-7.7688e+01	-9.3437e+02	-4.1462e+02	8.2659e+02	-7.5647e+02	1.4037e+03	-2.9118e+01	-7.6050e+02	-9.2305e+02	9.0314e+01	-1.5250e+03	-1.6907e+02	7.3998e+02	-5.3332e+02	8.3403e+02	-3.9973e+02	-1.0427e+03	-2.4128e+01	-3.2485e+02	-1.2024e+02	1.4229e+03	-6.4223e+02	2.0853e+03	7.4120e+02	1.3646e+02	2.8397e+00	4.8094e+02	2.2475e+03	-2.8910e+02	1.8418e+02	-4.4092e+02	2.8666e+03	-2.3230e+02	-6.0482e+02	-7.0834e+02	-1.8781e+02	5.8321e+02	1.9762e+03	1.0920e+03	-2.8666e+00	-2.3579e+02	8.4255e+02	1.5216e+03	-6.9528e+02	8.5428e+02	1.0184e+03	5.2295e+02	-1.3578e+02	-1.5865e+03	6.1750e+02	4.2463e+02	-4.5624e+02	-4.4617e+02	-1.9268e+03	4.8936e+02	-1.3343e+02	8.3449e+02	-6.4389e+02	-1.5058e+03	-1.0778e+03	-3.7505e+02	1.4157e+02	-3.9736e+02	6.7857e+02	-4.2765e+02	1.7455e+03	1.0945e+03	1.6068e+02	-1.2971e+03	5.2238e+02	-2.6644e+02	1.9252e+02	-4.7846e+02	1.5167e+03	1.6354e+03	-8.4942e+02	-1.1635e+03	-4.7685e+02	-8.8323e+02	4.0172e+01	-6.6159e+02	-1.3661e+03	-1.6097e+02	-1.1406e+03	9.9923e+02	-5.9320e+02	-1.3572e+03	1.0447e+02	3.8981e+02	7.5794e+02	1.3589e+03	-1.3909e+03	-6.3371e+02	-3.1639e+02	1.5131e+03	-1.1573e+03	1.0750e+03	-1.4442e+02	-2.6714e+02	-1.0497e+02	-9.2197e+02	1.8818e+02	6.0266e+02	2.2995e+03	-9.8975e+02	3.2591e+02	3.0045e+02	7.7410e+02	2.0175e+03	1.8888e+03	5.6645e+02	8.7914e+01	-1.2562e+03	-4.6923e+02	-3.2875e+01	4.0178e+02	2.1682e+03	5.9161e+02	-1.6918e+03	-4.7334e+02	1.7109e+03	2.2584e+02	-4.7037e+02	9.7100e+02	-1.6194e+03	-1.4413e+03	-5.7790e+02	-1.8417e+03	1.7216e+02	1.9676e+02	-1.9077e+02	2.1503e+02	1.8604e+02	4.4613e+02	-7.2574e+01	5.8339e+02	-1.2247e+03	-6.0530e+02	5.2490e+02	2.1473e+02	6.8760e+02	6.4038e+02	-1.6719e+03	6.0817e+02	8.3666e+02	6.8306e+02	-1.9139e+02	-9.6087e+02	8.3365e+02	-1.1202e+03	-9.0392e+02	2.1240e+03	4.3533e+02	1.6885e+02	1.0656e+02	2.9693e+02	2.0668e+02	-6.0241e+02	-3.1162e+01	5.8239e+02	1.0927e+02
8.0000e+04	-2.0195e+03	-3.0945e+02	-1.1911e+02	-4.3354e+02	1.0413e+03	-4.3230e+01	2.2715e+01	-8.0703e+02	-1.3089e+03	2.9819e+02	4.5546e+01	-1.6579e+02	2.1977e+02	5.3393e+02	5.8030e+02	7.7521e+02	2.4712e+02	-4.1726e+02	5.4069e+02	-2.3863e+02	1.2369e+02	-4.2743e+02	1.2186e+02	-9.3899e+02	-1.1584e+02	-7.2609e+02	-7.7211e+02	-1.8654e+02	-3.7586e+01	-1.5908e+02	4.3745e+02	-1.0328e+02	-1.2194e+02	8.7726e+02	-3.4495e+02	4.7101e+02	-1.4864e+03	-4.4899e+02	5.1112e+02	-1.0544e+02	-7.4488e+02	-7.5225e+02	-4.4073e+02	9.5085e+02	7.8929e+02	3.0925e+02	-4.2291e+02	-3.8203e+02	-7.4761e+02	2.6350e+02	-6.4086e+02	2.3060e+02	-3.7728e+02	-1.3682e+03	-8.0111e+02	5.7578e+02	-1.4625e+03	-1.2430e+03	6.8292e+02	-1.0322e+03	3.7550e+02	6.6878e+02	-1.4313e+03	2.4090e+02	-3.1335e+02	-4.1613e+02	-5.6110e+02	-5.3587e+01	-6.8354e+02	5.6415e+02	2.0581e+00	1.1641e+03	4.4661e+02	-1.5264e+02	-1.2417e+02	-3.9728e+02	-9.8245e+02	9.2698e+02	-7.4346e+02	1.1725e+03	-3.6003e+02	-5.1491e+02	7.7854e+02	2.5114e+02	-6.3223e+02	-1.2693e+02	3.0920e+02	1.6894e+02	1.7806e+02	5.6748e+02	1.7599e+03	6.4872e+02	1.3316e+03	-2.9714e+02	4.1326e+02	-1.3988e+03	3.2831e+02	-3.0285e+01	-6.5954e+02	-5.6512e+02	-5.5003e+02	1.5925e+02	5.4221e+02	4.9304e+01	-7.0126e+02	3.8479e+02	-9.2058e+01	-4.8701e+00	-4.7594e+02	-9.2509e+02	-8.8234e+02	-4.8943e+02	-4.1021e+02	1.2118e+03	5.2217e+02	3.8740e+02	-6.9709e+01	6.0939e+02	7.4923e+02	3.2231e+02	-8.1409e+02	-6.4912e+01	-3.2469e+02	4.1356e+02	-6.5491e+02	8.0102e+02	-4.6868e+01	-6.9974e+02	-5.5423e+02	1.0520e+03	-4.2653e+02	8.4086e+01	1.7827e+02	7.4282e+01	1.4212e+03	-2.9475e+02	2.2498e+02	-4.1065e+02	-8.3525e+01	-1.2071e+02	8.1138e+01	-6.6033e+02	-7.0491e+02	-3.5364e+02	1.0528e+03	4.0403e+02	-6.7419e+02	-1.0908e+02	-1.6980e+02	-9.7902e+02	8.4537e+02	6.3132e+02	-2.8346e+02	5.3155e+02	1.9541e+02	3.1665e+01	-2.6606e+02	4.6534e+02	-4.3490e+02	-7.0585e+02	-9.8810e+02	9.8962e+02	-1.1571e+03	6.4082e+02	-3.5892e+02	-7.5993e+02	9.0272e+02	6.5108e+02	-6.2752e+02	3.8450e+02	5.5008e+02	-8.5747e+02	-2.8288e+02	-4.3198e+02	4.2083e+02	-1.0152e+03	-2.8759e+00	-5.9897e+02	-1.2179e+03	1.4422e+03	-9.2411e+02	2.0568e+02	-1.2687e+03	5.8489e+02	-9.1874e+01	3.2083e+01	-1.6110e+02	-4.1887e+01	8.7333e+02	-4.0453e+02	-4.5607e+02	7.4312e+02	-2.5272e+02	-2.8704e+02	1.5375e+03	6.3116e+02	3.5811e+01	7.9044e+02	-4.8977e+02	8.1935e+02
8.0000e+04	2.5112e+02	-4.5766e+01	-9.8341e+02	-1.2487e+03	1.1025e+03	-1.4846e+03	4.3049e+02	-8.8563e+02	-1.2435e+03	-4.7352e+02	-7.4312e+02	1.9687e+03	3.1244e+01	4.1495e+02	4.4502e+02	1.5926e+03	1.7900e+02	-1.3661e+03	4.5731e+02	-7.6771e+02	-9.1262e+02	-3.4418e+02	7.3794e+02	8.4900e+02	1.1533e+03	2.1062e+03	-2.5399e+01	4.9933e+02	-7.4954e+02	2.3855e+02	-4.1517e+02	-9.7452e+02	1.6068e+02	-1.2225e+03	-1.0260e+03	6.1641e+02	-1.7283e+02	-2.6215e+03	2.1533e+02	5.3596e+02	-1.0656e+03	-3.0092e+02	1.1631e+03	-1.3171e+03	2.2944e+03	-8.9675e+00	-9.1903e+02	-8.2722e+02	-2.9564e+01	-2.1287e+03	-5.4456e+01	2.6020e+02	-1.0272e+03	1.6794e+02	5.3145e+02	-1.0818e+03	-8.3919e+01	5.7811e+02	-6.4171e+02	1.5937e+03	-1.7747e+03	2.7148e+03	3.9858e+02	-1.1088e+02	-1.5479e+02	9.5111e+02	2.9035e+03	1.1506e+03	6.7962e+02	-3.8805e+02	3.2536e+03	4.5260e+02	-5.9532e+02	-6.3058e+02	-5.0279e+02	2.2917e+02	1.6539e+03	4.6294e+02	2.2389e+01	-1.1030e+03	6.0847e+02	1.0690e+03	-6.9053e+02	8.6744e+02	8.3919e+02	3.6239e+02	8.4539e+02	-3.6792e+02	3.3740e+02	-1.2756e+02	-1.2456e+03	-8.8592e+02	-2.5401e+03	6.8499e+02	-1.9521e+02	1.5893e+03	-4.2513e+02	-2.1260e+03	-5.5447e+02	-4.0950e+02	2.9299e+02	6.2780e+01	9.8256e+02	-6.7513e+02	2.2946e+03	1.1103e+03	-7.4827e+02	-1.3404e+03	8.6221e+02	-7.2113e+02	4.8734e+00	3.5526e+02	7.8831e+02	1.8899e+03	-1.6490e+03	-1.0166e+03	-1.1691e+03	-1.3190e+03	-7.6707e+02	-6.3928e+02	-1.1118e+03	-2.0921e+02	-7.2627e+02	5.5475e+02	2.7664e+02	-1.2619e+03	-1.5769e+02	9.2187e+02	7.4133e+02	9.5502e+02	-1.3508e+03	-1.6727e+03	-7.3540e+02	9.8720e+02	-1.4447e+03	8.9093e+02	-5.2734e+01	8.8865e+02	-4.3272e+01	-1.6640e+03	-6.3928e+00	8.0915e+02	2.0896e+03	-1.3899e+03	-5.0744e+01	6.6056e+02	7.0896e+02	1.9354e+03	2.4877e+03	6.5650e+02	7.8407e+02	-1.9785e+03	5.4830e+02	1.7937e+02	-1.3947e+02	1.3131e+03	4.1216e+02	-9.0364e+02	-1.5052e+02	1.9452e+03	5.0686e+02	-9.2072e+02	1.1836e+03	-1.4056e+03	-2.2919e+03	-1.0967e+03	-2.7740e+03	5.3437e+02	6.0025e+02	-2.8605e+02	-2.3587e+01	4.5543e+02	6.1789e+02	-1.0034e+03	1.2696e+03	-9.4948e+02	-1.2673e+03	9.8300e+02	-1.9424e+02	3.9129e+01	-4.6903e+01	-1.5839e+03	4.0208e+02	1.3775e+03	2.3372e+02	-8.6098e+02	-1.2571e+03	1.4865e+03	-1.0136e+03	-6.5091e+02	1.9112e+03	-2.0288e+02	-8.6473e+01	-7.2755e+02	2.9995e+02	-5.2608e+02	-6.1110e+02	2.0066e+02	8.8136e+02	-4.8076e+02
1.0000e+05	-1.9261e+03	-5.2056e+02	-3.0420e+01	-1.2213e+02	5.9749e+02	-1.0708e+02	-1.3271e+02	-4.3996e+02	-1.5964e+03	1.5184e+02	7.4483e+01	-3.5262e+02	-1.2288e+01	3.6430e+02	3.0025e+02	6.0453e+02	-3.6418e+02	-2.7035e+02	1.6599e+03	-1.5378e+02	-2.4749e+02	1.2598e+02	-2.6877e+02	-6.5378e+02	-2.6008e+02	-7.3945e+02	-7.9027e+02	-6.3503e+02	-8.3204e+01	-1.0321e+03	-8.8512e+01	-4.6470e+02	-5.8593e+02	9.2824e+02	-2.2184e+01	6.2278e+02	-1.3629e+03	-5.9798e+02	2.0825e+02	-2.1327e+02	-6.0297e+02	-3.6830e+02	-2.9384e+02	6.1990e+02	7.5033e+02	-1.9819e+02	-3.5317e+02	-6.8596e+02	-9.4324e+02	8.7203e+01	-7.2649e+02	1.1900e+02	5.4989e+01	-1.0492e+03	-1.1169e+03	5.9822e+01	-1.4717e+03	-1.0334e+03	1.1334e+03	-1.0509e+03	6.0970e+02	1.0622e+03	-1.6194e+03	-5.0412e+02	-7.3628e+02	4.4793e+02	-7.8756e+02	-2.1531e+01	-7.0875e+02	8.8012e+02	2.6100e+02	1.1321e+03	1.1864e+03	9.2945e+01	-4.8265e+02	-3.8304e+02	-7.6428e+02	7.7875e+02	-1.2061e+03	1.2878e+03	-3.4811e+01	-3.0298e+02	7.1371e+02	-3.7672e+02	-2.0014e+02	-4.1837e+02	1.8307e+02	2.1822e+02	-1.0541e+02	5.6120e+02	1.9977e+03	4.9266e+02	1.5431e+03	-3.8339e+02	8.6777e+02	-1.7038e+03	-2.5022e+02	-1.6760e+02	-5.2900e+02	-6.8975e+02	-1.1912e+03	5.5155e+02	5.0904e+02	4.5363e+02	-1.0575e+03	-9.3863e+01	-7.2538e+01	4.5617e+02	-5.8415e+02	-6.2495e+02	-1.3030e+03	-6.2712e+02	-6.6380e+02	1.3432e+03	6.3862e+02	6.0468e+02	-5.0964e+02	4.1530e+02	8.8660e+02	1.1729e+02	-1.2254e+03	1.2062e+02	-1.2034e+00	7.0503e+02	-4.9477e+00	9.5511e+02	-4.0848e+02	-4.8425e+02	-6.3250e+01	1.2573e+03	-1.6078e+02	-3.4996e+02	5.7229e+02	4.5060e+01	1.3830e+03	-9.5561e+02	9.6509e+01	-4.3384e+02	3.3845e+02	-5.0537e+02	3.0921e+02	-6.4043e+02	-9.3197e+02	-6.9842e+02	1.2823e+03	-2.7236e+02	-4.0540e+02	4.0957e+02	9.6194e+01	-8.0545e+02	1.0782e+03	4.3113e+02	-3.0758e+02	4.6381e+02	-1.4373e+02	-1.2011e+01	1.9100e+02	6.2888e+02	-4.4910e+02	-4.6741e+02	-1.5908e+03	9.8290e+02	-1.2443e+03	6.7108e+02	-1.5855e+02	-9.7785e+02	2.0926e+02	5.5674e+02	-1.0074e+03	-3.2271e+01	1.0508e+03	-4.5788e+02	-2.9395e+01	-3.6407e+02	-5.6365e+00	-1.0896e+03	-4.7317e+01	-6.1349e+02	-1.6200e+03	9.6232e+02	-5.7777e+02	-5.2813e+02	-1.8490e+03	1.0296e+02	-2.7812e+02	6.4581e+01	-3.1438e+02	-1.7086e+02	7.1245e+02	-7.5255e+02	-6.4025e+02	8.8238e+02	-3.1641e+02	-3.9180e+02	1.2144e+03	4.6729e+02	4.5307e+02	8.7408e+02	-3.2926e+02	9.6845e+02
1.0000e+05	8.0654e+01	-3.4511e+02	-2.0913e+03	-1.2792e+03	1.4365e+03	-1.1682e+03	9.9167e+01	-1.0811e+03	-1.5027e+03	1.5018e+01	-6.7520e+02	1.1657e+03	-4.6704e+01	5.0510e+02	8.3954e+02	2.9232e+02	8.6521e+02	-7.0873e+02	1.0948e+03	-2.3016e+02	-1.0757e+03	-4.8414e+01	6.3900e+02	7.0245e+02	1.4869e+03	1.1357e+03	2.5042e+02	-7.2113e+01	-1.5051e+03	-1.4077e+03	-1.1976e+03	-1.3400e+03	6.9615e+01	-1.1875e+03	-1.3521e+03	1.0841e+03	-1.2577e+03	-3.7528e+03	-3.0101e+02	1.2102e+03	-7.8917e+02	-2.2443e+03	8.5486e+02	-2.1262e+02	3.8874e+03	6.9526e+02	-9.9147e+02	-8.0580e+02	3.5597e+02	-2.1457e+03	-8.4208e+02	5.0726e+02	-1.6783e+03	-6.2439e+02	1.2366e+03	-4.9707e+02	-8.8883e+02	6.3955e+02	-1.4646e+03	1.6782e+03	-1.6892e+03	3.5196e+03	4.6430e+02	8.3124e+02	5.7767e+02	6.8378e+02	3.8247e+03	1.5812e+02	2.2606e+02	-1.0237e+03	3.0545e+03	1.0506e+03	-9.4798e+02	-8.1557e+02	-6.3156e+02	-1.8055e+02	1.8532e+03	5.3171e+02	9.3106e+02	-6.3441e+02	1.2212e+03	1.1381e+03	-2.3683e+02	2.0544e+03	2.0741e+02	-1.9908e+02	1.0128e+03	-9.6766e+01	8.6568e+02	-3.2010e+02	-1.5040e+03	-9.7104e+02	-2.5238e+03	-2.7282e+00	9.0826e+02	2.1118e+03	-2.9271e+02	-2.6826e+03	-3.9011e+01	-1.0547e+03	-3.7793e+02	4.1517e+02	1.4700e+03	1.4171e+02	3.2478e+03	1.3820e+03	-7.2065e+02	-1.7000e+03	1.5194e+03	4.4632e+02	2.5384e+02	1.3659e+02	4.6201e+02	2.5603e+03	-1.8237e+03	-1.6203e+03	-1.5071e+03	-7.2730e+02	-6.9034e+02	-5.1585e+00	-1.2471e+03	-9.7756e+02	-9.7340e+02	5.8863e+02	6.3705e+02	-1.5355e+03	2.8064e+02	8.6962e+02	5.5222e+01	9.8516e+02	-5.2416e+02	-2.4150e+03	-4.6273e+02	7.6654e+02	-1.4047e+03	1.4409e+02	-3.2398e+02	7.4216e+02	-5.2347e+02	-1.1960e+03	-7.2873e+02	4.1646e+02	2.0130e+03	-2.1986e+03	7.0356e+02	8.2043e+02	6.9627e+02	2.4574e+03	2.8404e+03	5.9213e+02	7.3126e+02	-3.1660e+03	1.6669e+02	9.8741e+02	-8.4265e+02	2.3759e+03	6.8777e+02	-2.9268e+02	-6.1466e+02	1.4736e+03	2.0618e+03	-1.3828e+03	1.7852e+03	-1.6785e+03	-2.5800e+03	-5.3320e+02	-2.3129e+03	1.2084e+03	1.2372e+03	2.0200e+02	9.6497e+02	3.8874e+02	6.5381e+02	-1.5640e+03	1.2271e+03	-2.0670e+03	-1.8093e+03	4.3910e+02	3.8050e+02	-1.0400e+03	8.4599e+02	-1.7906e+03	7.5009e+02	1.0828e+03	-1.0540e+03	-7.6233e+02	-1.9773e+03	1.0581e+03	-2.1458e+03	-3.5244e+02	2.2498e+03	-3.9550e+02	-1.1267e+02	-1.0055e+03	-2.9706e+02	1.6434e+02	-1.5628e+03	1.7713e+02	1.0760e+03	2.2690e+02
1.2000e+05	-1.5991e+03	9.7891e+01	-4.4957e+02	8.9658e+01	1.7810e+02	-1.1882e+02	-9.1400e+02	-4.4225e+02	-2.1695e+03	4.4544e+02	-2.2557e+02	-1.2225e+01	6.5563e+02	5.7782e+02	-4.2493e+02	3.5565e+02	-4.5106e+01	-4.8708e+02	1.9321e+03	-5.2112e+02	-2.0188e+02	1.9854e+02	-2.2489e+02	-4.8268e+01	-1.6527e+02	-5.6242e+02	-8.4266e+02	-7.8153e+02	1.1710e+02	-1.0980e+03	1.9010e+02	-7.9648e+02	-4.4331e+02	7.8961e+02	-3.6364e+02	5.0752e+02	-1.5590e+03	-8.3479e+02	-3.1173e-01	-5.6243e+02	-3.6293e+02	-4.1116e+02	-9.0664e+02	3.2653e+01	9.9597e+02	1.6336e+02	-5.1316e+02	-1.0788e+03	-1.0575e+03	4.1468e+02	-6.4336e+02	3.2076e+02	3.0523e+02	-1.1299e+03	-1.4406e+03	2.5600e+02	-2.0588e+03	-9.3763e+02	1.2322e+03	-8.0423e+02	1.4038e+03	1.2145e+03	-1.8030e+03	-9.9443e+02	-1.3328e+03	-6.3334e+01	-8.2555e+02	-1.0887e+02	-7.6574e+02	6.7150e+02	4.4226e+02	9.1946e+02	1.4418e+03	-1.7321e+02	-9.5617e+02	-3.0345e+02	-7.9523e+02	7.6667e+02	-1.1845e+03	8.9617e+02	6.1008e+01	-8.4426e+01	8.2349e+02	-1.2116e+03	-4.1222e+02	3.2029e+02	1.7678e+02	2.2619e+02	2.2554e+02	2.4369e+02	1.6956e+03	7.8675e+01	1.4512e+03	-5.5020e+02	7.1402e+02	-1.9812e+03	-3.5710e+02	-2.9001e+02	-5.4353e+02	-1.0465e+03	-1.3977e+03	6.3309e+02	7.9541e+02	1.0479e+03	-1.3873e+03	-1.9623e+02	6.3092e+02	2.6950e+02	-3.5546e+02	-1.0359e+03	-1.8489e+03	-1.0782e+03	-7.6612e+02	7.2060e+02	1.0826e+03	3.6394e+02	-7.9738e+02	1.9467e+02	6.3992e+02	3.3572e+02	-1.1359e+03	-4.0854e+02	2.0381e+02	1.9255e+02	-2.0245e+02	7.0827e+02	-6.6758e+02	-2.5723e+02	-4.8828e+01	1.2302e+03	-3.8416e+02	1.8306e+02	2.8909e+02	-8.4388e+01	1.0915e+03	-9.5663e+02	3.8842e+02	-7.3278e+02	5.0310e+02	-1.7779e+02	2.6214e+02	-1.1544e+02	-7.7419e+02	-9.3809e+02	1.6585e+03	-3.4781e+02	-5.2821e+02	4.0236e+02	5.9154e+01	-1.1437e+03	1.5508e+03	7.9639e+02	-2.7183e+02	1.2769e+02	-1.1594e+02	2.4132e+01	7.4190e+02	2.3467e+02	-5.9405e+02	-1.1572e+02	-1.8693e+03	1.0167e+03	-9.0187e+02	6.2401e+02	-2.8567e+01	-1.8244e+03	3.9390e+02	8.8668e+02	-8.2683e+02	-3.3773e+02	1.4453e+03	-3.0490e+02	-1.3510e+01	6.5600e+01	-1.1548e+02	-9.2762e+02	-1.6025e+02	-1.8343e+02	-1.3636e+03	2.5102e+02	-1.3571e+03	-8.1635e+02	-1.9348e+03	-1.4301e+02	-2.2076e+02	-1.2944e+02	-9.1008e+02	4.9524e+01	3.1728e+02	-9.1975e+02	-6.9863e+02	4.7467e+02	-2.5109e+02	-9.2656e+01	1.6935e+03	4.3507e+02	-3.0411e+02	1.3523e+03	-5.6081e+02	1.0626e+03
1.2000e+05	-6.9485e+02	-5.5361e+00	-1.6044e+03	-8.8694e+02	3.9310e+02	-2.1556e+03	1.8583e+02	-1.2060e+03	-1.0938e+03	4.4888e+02	-7.8623e+02	7.7922e+01	1.1582e+03	1.1711e+03	7.0196e+02	1.7555e+02	3.4484e+02	-6.9974e+02	9.6293e+02	-8.6326e+01	-1.4177e+03	4.3188e+02	1.5803e+02	4.2853e+02	1.0244e+03	2.2228e+03	-8.0091e+02	1.1739e+03	-1.7049e+03	-1.4521e+03	-6.9658e+02	-1.4063e+03	4.7571e+02	-8.7443e+02	-1.5519e+03	1.2913e+03	-1.1896e+03	-4.4147e+03	-1.4847e+02	8.6278e+02	-1.6073e+03	-1.5836e+03	-6.2250e+02	-7.3348e+02	2.3540e+03	3.1276e+02	-1.0718e+03	-6.7473e+02	9.9603e+00	-1.8150e+03	2.6252e+02	-1.4766e+02	-2.5876e+03	-1.0622e+03	3.6348e+02	-5.7662e+02	-9.0778e+02	-7.3884e+02	-1.4379e+03	5.8217e+02	-8.5549e+02	3.2973e+03	5.1840e+02	7.9092e+02	4.3785e+02	-1.7464e+02	4.1775e+03	-3.3981e+02	-3.7282e+02	-8.9298e+02	3.5422e+03	1.3103e+03	-3.9644e+02	1.2912e+02	-5.2799e+02	9.8746e+02	1.6212e+03	6.6107e+02	6.9357e+02	-1.4331e+03	8.1801e+02	1.1554e+03	-9.2261e+02	2.1732e+03	1.7029e+02	-8.8063e+02	-1.2391e+02	9.9602e+01	1.1046e+03	3.5182e+02	-4.3409e+02	-6.8307e+02	-3.4890e+03	1.4211e+02	1.1794e+03	2.0528e+03	-8.2969e+02	-2.7841e+03	-3.3766e+02	-1.3216e+03	-1.1480e+03	7.8029e+02	8.2931e+02	3.6687e+02	3.4447e+03	1.5316e+03	-8.5503e+02	-1.1582e+03	9.8262e+02	-6.0046e+02	5.9470e+02	3.3730e+02	3.2462e+01	3.0856e+03	-3.9083e+02	-1.4203e+03	-1.2893e+03	6.1429e+01	3.7991e+02	5.5285e+01	-6.7421e+01	-1.5538e+03	-1.5864e+03	8.4353e+02	-2.2573e+02	-2.0607e+03	6.8304e+02	2.7168e+02	-7.3161e+02	1.5647e+03	5.1368e+02	-3.2564e+03	-4.2281e+02	1.2658e+03	-9.7336e+02	9.7197e+02	-4.8270e+02	3.8781e+02	-1.3078e+03	-1.3277e+03	-3.2487e+02	-5.0930e+02	3.0782e+03	-1.3441e+03	1.4066e+03	2.5999e+02	2.9240e+02	1.8677e+03	3.1799e+03	1.8035e+02	1.4329e+03	-3.8767e+03	1.6988e+02	1.3143e+03	-1.4505e+03	3.0762e+03	1.1939e+03	1.0192e+02	-5.2472e+02	2.1133e+03	2.9422e+03	-1.8168e+03	1.1066e+03	-2.7578e+03	-3.3278e+03	3.2682e+02	-1.3665e+03	2.7118e+02	6.6404e+02	1.9900e+02	6.6836e+02	1.0791e+03	8.0775e+02	-1.1802e+03	1.8581e+03	-3.3108e+03	-6.9904e+02	-8.3728e+01	1.1445e+03	-3.3880e+02	1.1524e+03	-1.9180e+03	3.5372e+02	1.5192e+03	-1.1027e+03	-1.7939e+03	-2.4491e+03	9.0840e+02	-2.4761e+03	-6.7028e+02	2.7220e+03	6.9437e+02	-7.9258e+02	8.8812e+01	-1.9393e+02	3.7030e+02	-1.6317e+03	3.3138e+02	1.2881e+03	9.1827e+02
1.4000e+05	-1.4133e+03	-2.4844e+02	-5.7844e+02	1.5101e+02	-2.4734e+02	-3.3894e+02	-1.0205e+03	1.8858e+02	-2.3302e+03	5.4825e+02	-1.0630e+02	3.6685e+02	1.2453e+03	7.5536e+02	4.0551e+02	2.0003e+02	-8.3387e+01	-2.1580e+02	1.8064e+03	-8.9472e+02	1.0275e+02	1.0438e+02	-4.0891e+02	3.5090e+02	1.2793e+02	-4.0116e+02	-7.1029e+02	-3.5537e+01	-1.6039e+02	-1.8680e+03	-3.0375e+02	-1.0618e+03	-9.4461e+02	6.9468e+02	-1.6290e+02	5.8741e+02	-1.5898e+03	-9.2503e+02	-1.1640e+02	-7.1978e+02	-7.3719e+02	-8.8906e+01	-1.2427e+03	-1.7252e+02	1.0387e+03	-3.3710e+02	2.0058e+02	-1.4129e+03	-1.5193e+03	3.6539e+02	-1.0467e+03	5.5685e+02	5.7245e+01	-1.0947e+03	-1.1067e+03	-1.9354e+02	-1.5509e+03	-1.4376e+03	4.1102e+02	-1.0957e+03	1.7749e+03	1.1841e+03	-1.7793e+03	-1.0375e+03	-1.4397e+03	1.5244e+02	-1.0928e+03	-5.7716e+02	-5.3687e+02	4.2724e+02	-3.3907e+02	1.1111e+03	1.2695e+03	1.7422e+02	-1.2732e+03	-4.6857e+02	-4.5829e+02	1.1099e+03	-2.0652e+03	8.6490e+02	2.1483e+02	-6.3744e+02	4.7865e+02	-1.3536e+03	-7.5365e+02	3.6921e+02	-4.0918e+02	-4.0294e+01	1.2469e+02	3.0445e+02	1.1306e+03	-3.7432e+02	1.1393e+03	1.2778e+02	2.4424e+02	-1.7261e+03	4.1542e+01	1.0314e+02	-5.2190e+02	-1.0627e+03	-1.6198e+03	4.3686e+02	3.4622e+02	1.1585e+03	-1.8376e+03	-4.0364e+02	3.2472e+02	-1.0865e+02	-1.2000e+03	-1.1040e+03	-1.7167e+03	-8.4332e+02	-1.0550e+03	1.1705e+03	1.6459e+03	8.0130e+02	-1.2395e+03	-6.2569e+02	-2.0328e+01	-2.4982e+02	-1.6465e+03	-9.1003e+02	-1.0078e+02	-7.0790e+02	-1.7835e+02	5.8574e+02	-1.4649e+03	-1.3991e+02	6.5191e+02	1.2653e+03	-5.8147e+02	-1.8864e+02	6.0452e+02	2.8532e+02	1.0320e+03	-9.2362e+02	3.7935e+02	-4.5753e+02	-5.1177e+01	-3.3575e+02	3.0874e+02	-1.1240e+02	-1.0203e+03	-1.6768e+02	1.3979e+03	-1.6780e+02	-3.8108e+02	2.3185e+01	4.9285e+02	-1.3457e+03	2.7394e+03	5.2542e+02	-6.2374e+02	-3.3784e+02	4.5134e+01	-2.0647e+02	1.2828e+03	1.3006e+02	-1.1167e+03	-1.5380e+01	-1.6072e+03	1.1074e+03	-1.2565e+03	4.5475e+01	-1.8382e+02	-2.3978e+03	-1.0401e+02	1.1822e+03	-9.4280e+02	-5.3089e+02	1.5343e+03	-3.2762e+02	2.1528e+02	6.5883e+02	2.0123e+00	-1.4264e+03	-3.2422e+00	-7.8921e+02	-1.6556e+03	1.3942e+02	-1.1484e+03	-9.9865e+02	-2.0690e+03	9.4390e+02	-4.8257e+02	-1.3805e+02	-8.4751e+02	1.3902e+02	7.8141e+02	-1.0276e+03	-7.1645e+02	1.3765e+02	1.0711e+01	-6.5779e+01	1.4242e+03	1.4372e+02	-5.6503e+02	1.2548e+03	3.8119e+01	5.7880e+02
1.4000e+05	2.4104e+02	-5.3468e+02	-2.3144e+03	-1.6582e+03	1.1468e+03	-2.3588e+03	1.8740e+02	-6.1924e+02	-1.0684e+03	1.7314e+02	-1.7797e+03	-1.4397e+02	5.4278e+02	4.0816e+02	1.4532e+03	2.5865e+02	-1.5341e+02	1.3011e+02	2.9083e+02	-1.0405e+02	-2.1535e+02	5.2265e+02	-7.7389e+02	4.9472e+02	1.0603e+03	1.8338e+03	-1.2250e+03	1.3332e+03	-1.3429e+03	-1.4782e+03	-1.6783e+03	-1.1121e+03	5.6632e+02	-2.1244e+02	-2.1814e+03	8.1362e+02	-1.5404e+03	-4.2144e+03	-1.2450e+03	7.9656e+02	-1.1773e+03	-1.1458e+03	-9.6003e+02	-3.1904e+02	3.4024e+03	1.0833e+03	-4.8367e+02	-1.2159e+03	-2.1376e+02	-1.8049e+03	6.1117e+02	-1.5880e+01	-3.1132e+03	-3.0747e+02	-1.6907e+02	-1.2721e+03	-1.3858e+03	-9.5399e+02	-2.0135e+03	1.8223e+02	-1.5328e+03	3.7503e+03	5.8070e+02	1.6724e+03	8.9250e+02	-1.2793e+02	2.3304e+03	-8.9708e+02	-8.9920e+02	-1.0854e+03	3.3378e+03	1.8566e+03	-5.4562e+02	6.3395e+02	-8.2418e+02	1.4468e+03	2.3851e+03	1.2975e+03	9.0820e+02	-9.4989e+02	1.0324e+03	1.9513e+03	-1.4408e+03	1.1430e+03	2.7249e+02	-6.9641e+02	-2.8708e+02	-6.7213e+02	9.6826e+02	1.2804e+03	-5.7032e+02	-1.7819e+03	-3.9668e+03	3.2683e+01	1.7817e+03	2.9836e+03	1.7339e+02	-2.2031e+03	-1.1352e+03	-2.3058e+03	-1.5860e+03	1.1422e+03	1.1184e+03	1.5903e+03	3.8408e+03	4.1142e+02	-1.5009e+02	-1.5478e+03	1.0968e+03	-3.2324e+02	9.1646e+02	8.5037e+02	6.3618e+02	3.1949e+03	-6.2942e+01	-1.0346e+03	-1.1931e+03	2.1991e+02	-5.8986e+02	-5.7103e+02	2.0431e+02	-1.9485e+03	-2.6768e+03	4.0382e+02	3.8214e+02	-2.3539e+03	6.7234e+02	-1.7987e+02	-9.6594e+02	1.7360e+03	6.3737e+02	-3.2846e+03	3.3308e+01	1.3013e+03	-1.7506e+03	5.5435e+02	-5.5230e+01	3.2172e+02	-1.2864e+03	-1.3849e+03	-5.9053e+02	-3.8495e+02	3.0809e+03	-1.0168e+03	9.3712e+02	-6.7174e+01	5.3036e+02	1.4549e+03	3.4286e+03	4.5929e+02	8.5700e+02	-3.5613e+03	7.0070e+01	1.0522e+03	-2.1674e+03	2.4331e+03	1.2350e+03	5.3403e+02	-2.0800e+02	1.6695e+03	2.5225e+03	-2.6828e+03	9.2850e+02	-2.8377e+03	-3.0971e+03	1.5417e+03	-1.2951e+03	-5.9752e+02	8.7314e+02	-1.7254e+02	1.5245e+03	8.9475e+02	1.8792e+03	-1.1214e+03	1.7148e+03	-3.7414e+03	-1.0409e+02	-2.6137e+02	1.1611e+03	-4.1570e+02	-2.1954e+02	-2.7934e+03	7.5168e+02	1.3975e+03	-1.0540e+03	-2.3244e+03	-3.0501e+03	9.7206e+02	-3.1322e+03	-7.3742e+02	2.0812e+03	2.4087e+02	-8.0709e+02	5.0355e+01	-5.9697e+01	1.4808e+02	-2.1893e+03	8.6054e+02	1.4917e+03	1.0074e+03
1.6000e+05	-2.2235e+03	-1.0838e+02	-8.2055e+02	7.6558e+02	-1.8030e+02	-1.7809e+02	-1.3812e+03	-2.1199e+02	-2.6677e+03	8.6743e+02	-9.1995e+01	3.2191e+02	1.1390e+03	2.1569e+02	6.4260e+01	7.7935e+01	4.4120e+02	-8.3806e+02	1.7328e+03	-1.0313e+03	4.9284e+01	-2.3107e+02	-6.8981e+02	3.2764e+02	4.0963e+02	-3.0024e+02	-1.0715e+03	-5.6514e+02	-3.4478e+02	-1.6676e+03	-9.2391e+01	-1.1144e+03	-1.4674e+03	9.7979e+02	-7.4905e+02	4.5561e+02	-1.1303e+03	-5.4440e+02	9.4498e+01	-7.1183e+02	-4.8739e+02	-1.5604e+02	-3.0432e+02	-4.0359e+02	5.5548e+02	-2.9910e+02	8.8878e+02	-9.5038e+02	-1.7199e+03	-4.9198e+01	-9.4787e+02	2.4047e+02	5.7162e+01	-1.7444e+03	-1.1146e+03	-1.4824e+02	-1.5250e+03	-1.0999e+03	2.5114e+02	-6.0510e+02	1.6970e+03	1.6227e+03	-1.5046e+03	-6.4722e+02	-1.1461e+03	-4.8278e+02	-1.1721e+03	-8.8469e+02	7.1863e+01	3.6171e+02	1.1603e+02	1.0423e+03	1.2696e+03	-5.2226e+02	-1.1493e+03	-6.1143e+02	-3.9582e+02	1.0838e+03	-2.1326e+03	6.7740e+02	7.7378e+01	-2.8753e+02	-1.4760e+01	-1.3193e+03	-7.9967e+02	5.3224e+02	-4.9981e+02	3.4079e+02	1.3401e+02	2.1946e+02	1.0211e+03	-3.3512e+02	1.5320e+03	-9.9062e+01	2.6008e+02	-1.9345e+03	1.8100e+01	3.5917e+01	-6.1511e+02	-1.6860e+03	-1.7122e+03	-1.8906e+02	5.3819e+02	1.3116e+03	-2.1010e+03	-3.6056e+02	2.3415e+02	-3.9219e+02	-1.8017e+03	-1.0165e+03	-1.9614e+03	-4.9009e+02	-7.0136e+02	9.4247e+02	1.4665e+03	7.3254e+02	-1.8720e+03	-9.0608e+02	2.5807e+02	-5.8239e+02	-1.6848e+03	-1.2297e+03	-5.0964e+02	-2.8727e+02	1.1112e+02	3.9153e+02	-1.8344e+03	-1.5469e+02	9.2881e+02	1.8394e+03	-6.2852e+01	-1.9178e+01	8.5196e+02	3.6628e+02	1.2782e+03	-1.1788e+03	4.3219e+02	-6.4411e+02	-5.3658e+02	-2.3821e+02	2.0273e+02	-9.1444e+01	-1.0200e+03	-9.5906e+01	1.7439e+03	-2.5256e+01	-1.4194e+02	-3.6719e+02	1.6825e+02	-1.3864e+03	2.2824e+03	1.0256e+03	-4.6512e+02	-7.1510e+02	4.2411e+02	-4.1650e+02	1.0117e+03	-2.0349e+02	-7.1451e+02	2.6246e+02	-1.9013e+03	8.3101e+02	-1.2323e+03	-4.6299e+01	1.6681e+02	-2.4359e+03	-7.5348e+01	6.7617e+02	-1.4910e+03	-3.9717e+02	1.5389e+03	-6.7962e+02	-1.7529e+02	2.1624e+02	3.9887e+02	-1.4507e+03	-2.6780e+02	-9.5311e+02	-1.6350e+03	-2.2328e+02	-1.3817e+03	-1.1676e+03	-1.9772e+03	1.5721e+03	-8.0433e+02	-2.0620e+02	-4.7408e+02	5.5367e+02	2.4434e+02	-7.3505e+02	-4.4582e+02	-8.7513e+01	3.6747e+02	-2.1635e+02	1.1712e+03	-4.8984e+02	-1.0035e+03	1.1348e+03	-1.3424e+02	-1.8103e+02
1.6000e+05	5.6602e+01	-1.4303e+03	-2.4566e+03	-7.7704e+02	1.5028e+03	-2.5722e+03	3.9498e+02	-5.3154e+02	-1.0331e+03	1.0650e+03	-2.0411e+03	8.8024e+01	3.5654e+02	8.5864e+02	1.8810e+03	-1.0568e+03	-3.0437e+01	2.5469e+02	7.5736e+02	2.0634e+02	-1.2579e+02	3.4009e+02	-1.7019e+03	1.7332e+02	1.5916e+03	1.7720e+03	-1.1323e+03	1.1024e+03	-1.0394e+03	-1.7681e+03	-1.9923e+03	-1.2515e+03	6.9651e+02	4.2266e+02	-2.2542e+03	1.3407e+03	-1.4627e+03	-3.9501e+03	-1.6806e+03	-6.4326e+00	-8.6934e+02	-1.6898e+03	9.1005e+02	6.3118e+02	4.3469e+03	6.7409e+02	-8.2505e+02	-4.7917e+02	4.2467e+01	-2.0770e+03	6.6865e+01	-4.2932e+02	-3.3910e+03	-7.5429e+02	-7.9088e+02	-1.5935e+03	-1.4269e+03	-4.9678e+02	-2.0522e+03	-8.4180e+02	-4.3111e+02	5.3553e+03	-5.0872e+02	1.9871e+03	1.1001e+03	1.5330e+02	2.0580e+03	-5.5344e+02	-7.7690e+02	-7.1046e+02	3.8565e+03	3.1922e+03	-9.3559e+02	9.6588e+01	-8.4677e+01	2.2844e+03	2.0804e+03	1.2093e+03	-3.1401e+02	-6.2748e+02	-4.0780e+02	2.5699e+03	-1.5323e+03	8.4289e+02	1.5887e+03	-1.2022e+03	-3.3160e+02	-2.3854e+02	1.4536e+03	2.4170e+03	-1.8504e+02	-2.3774e+03	-3.9369e+03	8.4396e+02	1.9756e+03	3.6654e+03	-4.0718e+02	-1.4102e+03	-1.5089e+03	-1.9727e+03	-3.8071e+02	1.1063e+03	1.4698e+03	1.7178e+03	3.1308e+03	5.3214e+02	-3.8748e+02	-2.3540e+03	1.3952e+03	-1.2402e+03	1.2482e+03	7.8794e+02	-1.2532e+02	2.1533e+03	-3.5252e+01	-1.2704e+03	-7.8067e+02	-2.1134e+02	-8.8323e+02	-9.3304e+02	2.3192e+02	-1.2196e+03	-2.7117e+03	2.0209e+03	1.0200e+03	-2.4588e+03	5.8105e+02	1.6380e+02	-1.8950e+03	1.6910e+03	5.6840e+02	-3.8187e+03	-4.6342e+02	1.4155e+03	-1.4356e+03	-1.1711e+02	6.3557e+01	1.0536e+03	-3.1357e+02	-1.8420e+03	-9.7174e+02	-4.3122e+02	3.2273e+03	-5.7858e+02	1.1107e+02	-2.6769e+02	5.2027e+02	2.5387e+03	4.2470e+03	3.3098e+02	9.5951e+02	-3.1113e+03	-6.7970e+02	7.3056e+02	-3.3053e+03	3.0287e+03	1.2767e+03	4.5413e+02	1.3331e+02	1.2877e+03	3.0433e+03	-2.4367e+03	1.3579e+03	-1.9543e+03	-3.1842e+03	2.0551e+03	-6.7084e+02	-4.4008e+02	1.4303e+03	6.4010e+02	1.3790e+03	4.3650e+02	1.3922e+03	-2.0616e+02	1.9602e+03	-4.1096e+03	8.2408e+02	-4.0448e+02	2.1925e+03	-2.0475e+03	-5.0930e+02	-2.6385e+03	2.6563e+01	1.4212e+03	-1.3608e+03	-2.5332e+03	-3.0761e+03	1.0167e+03	-2.2866e+03	-9.1818e+02	9.9605e+02	-4.7004e+02	-2.0752e+03	-2.9945e+02	1.1062e+02	5.7204e+02	-9.1460e+02	5.1086e+02	2.2947e+03	7.5948e+02
1.8000e+05	-2.1731e+03	3.2235e+02	-1.6153e+03	9.3315e+02	4.5918e+02	-2.9263e+02	-1.0495e+03	1.2986e+02	-3.0044e+03	9.5318e+02	2.5087e+02	1.3033e+02	1.4442e+03	4.7386e+02	4.9611e+02	-2.5052e+02	1.0041e+03	-4.1435e+02	1.5345e+03	-9.2506e+02	3.3158e+02	-6.9178e+02	-4.6172e+02	9.4692e+01	6.5907e+02	-5.7232e+02	-7.0036e+02	-7.2329e+02	-1.0632e+03	-1.6315e+03	-3.6388e+01	-1.4778e+03	-1.4913e+03	5.2818e+02	-8.3740e+02	1.9094e+01	-1.6957e+03	1.9986e+01	6.6238e+02	-3.7260e+02	-3.8204e+02	-7.2189e+02	-3.5917e+02	6.3162e+00	6.1224e+02	-5.1017e+02	9.2939e+02	-7.0074e+02	-2.0189e+03	-1.5694e+02	-1.2333e+03	-1.4555e+02	5.3479e+02	-1.8283e+03	-4.2395e+02	-7.2927e+01	-9.6562e+02	-1.1630e+03	-2.0310e+02	-3.4658e+02	1.1167e+03	1.7803e+03	-1.9488e+03	-8.5974e+02	-1.2741e+03	-5.4200e+02	-1.0900e+03	-7.5330e+02	3.1126e+02	4.8180e+01	-9.1417e+01	1.5058e+03	6.6110e+02	-5.9999e+02	-8.8446e+02	-1.6575e+03	-2.3344e+02	9.9481e+02	-2.6081e+03	7.9355e+02	-1.1832e+02	-3.0746e+01	5.2821e+01	-1.7845e+03	-1.2267e+03	5.8422e+02	-4.8153e+02	3.4951e+02	1.1805e+01	4.2598e+02	1.2068e+03	-1.5425e+01	1.7823e+03	-3.6525e+02	6.2264e+02	-1.5608e+03	-3.1772e+02	-1.8018e+02	-5.1147e+02	-1.7129e+03	-2.2239e+03	-7.7078e+01	4.0854e+02	1.0692e+03	-1.8416e+03	-5.2410e+02	4.5661e+02	-1.6427e+02	-2.0320e+03	-1.5717e+03	-1.4489e+03	-7.6431e+02	-7.9081e+02	1.3622e+03	1.2202e+03	1.2434e+03	-2.2980e+03	-1.0638e+03	1.8543e+02	-4.5855e+02	-1.7905e+03	-8.4857e+02	-7.2290e+02	-9.5743e+01	-2.0660e+02	8.3870e+02	-2.0232e+03	-4.9122e+02	8.2972e+02	1.2545e+03	-2.6706e+02	-7.5055e+02	5.0633e+02	-4.1833e+01	1.3095e+03	-1.1670e+03	7.5525e+02	-1.0743e+03	-1.2883e+03	1.9149e+02	2.4506e+02	3.8207e+02	-1.2922e+03	-1.5443e+01	1.3510e+03	3.0087e+02	4.8660e+02	-5.6795e+02	7.9973e+02	-1.4805e+03	2.7460e+03	1.3205e+03	-7.6241e+02	-3.4111e+02	5.2190e+02	-3.8271e+02	1.0688e+03	5.1370e+01	-1.8128e+02	1.8524e+02	-2.1156e+03	-2.8809e+00	-1.3321e+03	-3.1071e+02	5.6383e+00	-2.4317e+03	-8.0657e+02	9.8898e+02	-1.8825e+03	1.8532e+02	9.4659e+02	-8.1430e+01	1.7955e+02	1.3310e+02	5.9169e+02	-1.5490e+03	-2.9229e+01	-1.0348e+03	-1.8439e+03	-2.9367e+02	-1.9079e+03	-1.3980e+03	-2.8286e+03	1.6502e+03	-7.8842e+02	-5.1468e+02	-4.3651e+02	1.9243e+02	2.1440e+02	-1.1292e+03	-6.0450e+02	1.2045e+01	4.1071e+02	-2.3823e+02	1.7616e+03	-1.9273e+02	-6.9913e+02	1.1122e+03	6.8645e-01	-5.2900e+02
1.8000e+05	3.0796e+02	-1.2592e+03	-2.0413e+03	-1.0423e+03	1.5157e+03	-2.4771e+03	-1.1758e+02	-1.3760e+03	-5.5779e+02	3.6702e+02	-2.1461e+03	1.2601e+03	9.5338e+02	6.2988e+02	1.4262e+03	6.3163e+02	1.3896e+02	9.1344e+02	2.4873e+02	6.9225e-01	-5.5277e+02	5.0895e+01	-1.3196e+03	1.4488e+03	2.0912e+03	1.5925e+03	-1.2339e+03	5.0688e+02	2.6878e+02	-1.3676e+03	-2.4310e+03	-1.1854e+03	9.7555e+02	1.5586e+03	-2.8441e+03	1.6936e+03	-2.3199e+03	-4.6942e+03	-2.1452e+03	1.9519e+02	-9.2437e+02	-6.0737e+02	5.0798e+02	-3.7500e+02	4.6585e+03	5.2340e+02	-1.5835e+03	-7.2943e+02	2.8356e+02	-2.0513e+03	8.7314e+02	-3.2512e+02	-3.4335e+03	-2.3885e+02	-3.5730e+02	-2.0162e+03	-8.1585e+02	-7.9940e+01	-1.8040e+03	-8.4837e+02	-1.9473e+02	5.5864e+03	-1.1768e+03	2.0080e+03	1.9324e+03	4.5277e+02	1.4501e+03	-6.8492e+02	-6.0469e+02	-1.5394e+03	3.2797e+03	3.2213e+03	-9.3982e+02	1.8272e+01	-2.9971e+02	1.7636e+03	2.5003e+03	9.7703e+02	9.5908e+02	-5.5426e+02	-2.3535e+02	2.2097e+03	-2.4027e+03	1.7355e+03	1.5614e+03	-2.1785e+02	-6.9599e+02	5.0136e+02	2.1860e+03	1.9365e+03	-7.9226e+02	-2.0303e+03	-3.5469e+03	3.9299e+02	1.8167e+03	5.1436e+03	-6.2627e+02	-1.2028e+03	-2.3567e+03	-1.5518e+03	-7.4015e+02	1.7988e+03	2.2607e+03	1.7560e+03	3.5433e+03	-3.9288e+02	2.6915e+02	-2.8989e+03	2.1744e+03	-1.7577e+03	1.3101e+03	1.4198e+03	7.3620e+01	2.2615e+03	-3.5241e+02	-2.1479e+03	-3.2328e+02	1.8759e+02	-1.0564e+03	-3.4469e+02	-1.9802e+02	-1.0463e+03	-2.2832e+03	2.8019e+03	6.4928e+02	-2.6049e+03	9.6408e+02	8.8567e+02	-2.3507e+03	1.2496e+03	9.9668e+02	-4.2654e+03	-3.8728e+02	1.0261e+03	-1.1717e+03	1.2937e+03	-3.5199e+02	1.7575e+03	-1.4850e+02	-2.3744e+03	-1.2316e+03	-9.1857e+02	3.7066e+03	-2.7869e+01	-2.8669e+02	-7.7862e+02	1.4427e+03	2.5512e+03	3.4643e+03	-2.8466e+02	1.6237e+03	-2.8732e+03	-1.3948e+03	8.4535e+02	-3.8323e+03	3.2132e+03	4.2557e+02	-8.7989e+02	7.0267e+02	1.7483e+03	3.2374e+03	-2.0285e+03	1.0767e+03	-1.3352e+03	-2.5355e+03	1.4826e+03	6.0958e+02	-1.3915e+03	1.0412e+03	1.6943e+03	1.7832e+03	9.5995e+02	1.6878e+03	2.6013e+02	2.3059e+03	-5.1022e+03	1.3209e+03	-8.7173e+02	2.8010e+03	-2.0510e+03	-1.8651e+02	-2.6042e+03	-6.6054e+02	9.4134e+02	-8.1832e+02	-2.4384e+03	-3.8362e+03	2.2707e+02	-1.8197e+03	-4.7759e+02	1.3235e+03	-4.4442e+02	-2.0239e+03	-4.2067e+02	9.7106e+02	-5.3469e+02	4.4583e+01	3.6950e+02	3.8737e+03	3.7037e+02
2.0000e+05	-2.2696e+03	3.4011e+02	-1.6520e+03	9.3275e+02	5.5418e+02	-3.0656e+02	-7.1046e+02	6.2875e+02	-2.9239e+03	8.1414e+02	3.2758e+02	-4.4263e+02	1.4991e+03	6.4058e+02	2.8265e+02	8.3417e+01	6.2511e+02	2.2819e+02	1.4518e+03	-8.0645e+02	3.3566e+02	-8.6683e+02	2.1397e+02	6.0329e+02	4.4599e+02	-3.7444e+02	-4.5780e+02	-2.8311e+02	-1.0669e+03	-1.6187e+03	-4.6280e+01	-1.3495e+03	-1.5297e+03	7.0727e+02	-7.9555e+02	-1.2564e+02	-1.5576e+03	3.0390e+02	8.0409e+02	-6.1829e+02	-1.0740e+02	-1.1560e+03	-4.9235e+02	7.4323e+02	9.0279e+02	-1.0229e+03	8.3546e+02	-3.1163e+02	-1.9783e+03	-4.7388e+02	-1.4865e+03	-3.2526e+02	7.7971e+02	-1.9943e+03	-2.8036e+02	-4.9733e+02	-9.5756e+02	-1.5159e+03	-1.0411e+02	-6.6626e+01	9.6292e+02	1.2518e+03	-2.0069e+03	-7.3336e+02	-7.0181e+02	3.2061e+02	-1.1121e+03	-1.8337e+02	7.6052e+02	-1.7186e+01	-2.0589e+01	1.3572e+03	8.5843e+02	-5.2595e+01	-8.1476e+02	-2.3705e+03	-7.1560e+02	1.6104e+03	-2.7428e+03	2.1397e+02	-2.0303e+02	4.3367e+02	3.4111e+01	-2.4491e+03	-1.5257e+03	7.8218e+02	-6.4914e+02	2.7641e+02	7.8624e+01	1.0027e+03	1.5010e+03	5.1538e+02	1.3504e+03	-5.9345e+02	3.7196e+02	-1.1678e+03	-4.5001e+02	-1.4159e+01	-6.5824e+02	-1.7171e+03	-1.9482e+03	-5.0422e+02	5.5082e+02	8.8360e+02	-2.0947e+03	-5.8199e+02	2.2814e+02	-1.1317e+02	-2.0687e+03	-1.9102e+03	-1.0580e+03	-1.3075e+03	-9.2752e+02	2.0204e+03	9.7455e+02	1.0851e+03	-2.2618e+03	-1.0688e+03	1.6478e+02	-8.7983e+02	-1.4661e+03	-1.7429e+02	-1.4092e+03	-2.5845e+02	2.6693e+01	1.3087e+03	-1.8313e+03	-6.7992e+02	1.0959e+03	1.5432e+03	9.9843e+01	-9.2655e+02	7.0184e+02	2.0307e+02	1.3595e+03	-7.2085e+02	6.9859e+02	-1.0572e+03	-1.4844e+03	3.1394e+02	3.2160e+02	9.6956e+01	-1.8509e+03	4.6692e+02	1.2147e+03	6.2345e+02	-7.1910e+01	-1.9691e+02	8.1191e+02	-1.5616e+03	3.0471e+03	1.2507e+03	-1.1460e+03	-4.2597e+02	7.3232e+02	-1.0264e+02	8.3924e+02	3.4953e+02	1.7248e+02	1.5091e+00	-2.0377e+03	1.0754e+02	-7.9350e+02	9.9794e+01	7.2571e+02	-2.6743e+03	-3.0617e+02	1.1715e+03	-1.2948e+03	5.0265e+02	1.2473e+03	1.2429e+02	3.9816e+02	8.4871e+02	3.4827e+02	-1.7420e+03	1.4727e+02	-9.1156e+02	-1.8803e+03	-5.1745e+01	-1.5680e+03	-1.8805e+03	-1.8695e+03	2.0739e+03	-3.7828e+02	-2.5163e+02	-1.1527e+02	1.6458e+02	4.1363e+02	-1.5994e+03	-7.8796e+02	-2.6749e+01	7.9994e+02	-8.6932e+01	1.4565e+03	-1.0738e+02	-1.0420e+03	1.4766e+03	1.6214e+02	-8.7221e+02
2.0000e+05	5.3265e+02	-6.2359e+02	-1.2549e+03	-9.4364e+02	2.1428e+03	-1.1668e+03	-6.8860e+02	-3.7531e+02	-3.8204e+02	-2.4714e+00	-2.1665e+03	1.1563e+03	8.4867e+02	1.7144e+03	1.4519e+03	1.7947e+03	1.3207e+03	1.2304e+03	-1.8443e+01	-4.7069e+02	-2.0695e+02	3.1151e+02	-1.9142e+03	1.5190e+03	2.4088e+03	1.7848e+03	-7.9549e+02	1.4776e+03	6.3062e+02	-2.2408e+03	-2.3928e+03	-1.0163e+03	6.4864e+02	2.3451e+03	-3.4249e+03	1.4115e+03	-3.3252e+03	-3.8742e+03	-2.0748e+03	2.3981e+02	-6.2797e+02	-3.2472e+02	-1.3009e+02	-1.6322e+03	4.0401e+03	4.1964e+02	-1.2487e+03	-1.0230e+03	-2.7036e+02	-8.9700e+02	3.7666e+02	-9.0805e+02	-4.1297e+03	-3.3234e+02	-8.6841e+02	-9.3742e+02	-6.3822e+02	-1.3558e+03	-2.0592e+03	-7.6515e+02	-5.9580e+02	5.8411e+03	-1.4438e+03	2.5240e+03	9.5102e+02	7.2371e+01	2.1660e+03	-1.4157e+03	3.7851e+02	-1.5663e+03	3.5081e+03	4.1892e+03	-2.0338e+03	1.1599e+02	8.5797e+01	8.3602e+02	1.8532e+03	1.7772e+03	1.4368e+03	-1.1264e+03	-3.9947e+01	2.0105e+03	-2.8456e+03	1.9156e+03	5.3590e+02	-6.2310e+02	-1.3137e+03	9.2138e+02	2.4017e+03	1.8720e+03	-1.3659e+03	-3.1793e+03	-2.6938e+03	1.2472e+03	2.7666e+03	6.6412e+03	-5.1059e+02	-8.5133e+02	-2.8691e+03	-1.5883e+03	-2.1385e+03	2.3988e+03	2.4020e+03	2.6372e+03	3.3026e+03	2.0350e+02	6.4182e+02	-3.7432e+03	2.8003e+03	-1.4004e+03	1.8355e+03	1.2729e+03	3.9213e+02	1.4322e+03	-2.9508e+02	-2.2275e+03	-7.1795e+02	1.7120e+02	-7.6725e+02	-2.4927e+02	1.3317e+03	-5.6647e+02	-6.5885e+02	2.7030e+03	1.3060e+03	-1.5824e+03	6.1940e+02	1.9326e+03	-2.1891e+03	1.2429e+03	1.7890e+03	-4.1117e+03	-1.1153e+03	1.6795e+03	-1.6462e+03	2.1080e+03	-6.9075e+02	2.6322e+03	7.6494e+02	-3.3127e+03	-1.0620e+03	-1.3091e+03	3.1077e+03	1.5075e+02	-6.1457e+02	-1.2371e+03	1.4232e+03	1.5989e+03	4.5867e+03	3.2255e+02	2.0639e+03	-2.8511e+03	-1.3305e+03	5.4401e+02	-3.4770e+03	3.2940e+03	8.3097e+02	-7.6612e+02	5.6220e+02	1.4737e+03	2.9193e+03	-2.0189e+03	3.3915e+01	-1.2130e+03	-2.4655e+03	1.9689e+03	2.0731e+02	-1.4622e+03	1.2004e+03	6.1164e+02	9.9279e+02	2.4637e+02	1.3739e+03	-6.2953e+02	2.6061e+03	-6.9125e+03	1.1774e+03	-1.3413e+03	3.5535e+03	-2.4316e+03	-1.1712e+03	-2.2935e+03	-5.4976e+02	3.7281e+02	4.9106e+02	-3.0037e+03	-2.9301e+03	9.4513e+02	-1.8546e+03	1.1809e+02	2.0382e+03	-8.2082e+01	-3.0047e+03	-2.0521e+03	1.1863e+03	-1.4986e+03	4.3519e+02	1.2297e+01	3.6801e+03	5.9044e+02
