2.0000e+04	1.4893e+02	-4.6127e+02	3.1689e+01	-4.3085e+02	2.8833e+02	2.6094e+02	1.1856e+02	-2.9465e+01	4.7602e+02	-4.0190e+01	1.3636e+02	-2.8432e+02	3.4114e+02	-2.5245e+02	-4.1791e+02	1.7112e+01	5.1620e+02	-6.1576e+02	3.3306e+02	4.9811e+00	4.7275e+02	6.4325e+01	4.8005e+02	1.0395e+02	1.1461e+02	2.4231e+02	3.6290e+02	-2.5706e+02	-4.3279e+02	-2.9117e+02	1.4957e+02	3.8928e+02	-2.0340e+02	-6.2964e+02	1.6156e+02	-4.4018e+02	-5.6877e+02	5.2060e+02	-4.7301e+01	1.5412e+02	-1.4608e+02	-1.7669e+02	5.2427e+01	-4.2020e+02	5.2173e+02	5.1222e+01	-1.4934e+02	-4.6902e+02	-2.9556e+02	-5.1908e+02	5.6357e+02	8.7618e+01	-2.4618e+01	4.3730e+01	-6.5930e+02	-5.3003e+02	-3.7581e+02	4.2576e+02	-2.7177e+02	6.4198e+01	-5.1512e+01	4.3464e+02	5.2846e+02	2.1062e+02	3.8934e+02	5.6533e+02	1.1205e+02	5.2871e+02	-7.8698e+01	-1.1852e+02	-3.4367e+02	-3.2837e+02	5.0030e+02	2.4470e+02	-2.0330e+02	-3.7818e+02	-4.6866e+00	-6.8652e+02	3.1403e+02	-2.7077e+02	2.0675e+02	5.3812e+02	4.8475e+01	2.4286e+01	-2.4790e+02	1.1161e+02	3.2325e+02	-4.5339e+01	-1.1211e+02	-3.3770e+02	-4.9326e+02	1.1051e+02	6.0410e+01	-8.2865e+01	-3.7806e+01	5.6720e+02	-2.5378e+02	1.7951e+02	-1.0860e+03	2.8315e+01	-1.1816e+02	3.6996e+02	-4.9977e+02	-5.7776e+02	-1.6974e+02	4.9523e+02	-3.4983e+02	2.0091e+02	-6.5619e+01	-3.8914e+02	-6.4088e+01	-1.0435e+02	4.1610e+02	2.6536e+01	-8.1209e+01	3.5450e+02	-2.7997e+02	5.2803e+01	-3.2779e+01	8.6259e+01	1.4358e+02	-8.1562e+02	-3.6882e+02	-2.5778e+02	3.5083e+02	-3.1031e+02	1.4912e+01	-1.2373e+02	-1.0738e+02	1.0511e+02	-2.3741e+02	-3.7327e+01	3.7339e+02	9.8311e+01	1.6218e+02	-3.7121e+01	3.6620e+02	4.6830e+02	-2.6360e+02	-3.1582e+02	-1.7021e+00	3.3818e+02	3.1709e+02	-3.6175e+02	5.4320e+02	7.1194e+00	8.0324e+00	-1.9701e+02	5.7394e+02	8.9233e+02	9.6313e+01	-2.5406e+02	4.9067e+02	1.5806e+02	-1.9062e+02	-4.6327e+02	4.7177e+02	3.4067e+01	2.0069e+02	7.9527e+01	2.3888e+02	3.0050e+02	2.7653e+02	-2.4935e+02	3.0738e+02	1.7383e+02	2.4639e+02	8.3413e+02	-1.3803e+02	3.4834e+02	-1.2857e+02	-3.2537e+02	3.7201e+02	-3.8330e+02	-4.7287e+01	2.2065e+01	-4.7548e+02	-4.7604e+02	2.3234e+02	3.1476e+02	3.4050e+02	1.2810e+02	2.2331e+02	-1.4093e+02	7.3020e+00	6.6087e+02	3.2179e+02	3.4788e+01	-1.1033e+01	-4.0838e+02	4.0059e+02	-3.4824e+02	-3.7046e+02	-3.7459e+02	-1.3395e+02	8.4146e+01	4.1602e+02	7.7064e+02	3.3667e+02	-3.9091e+02
2.0000e+04	-5.8586e+02	7.7001e+01	2.8438e+02	8.1497e+02	1.1801e+03	-2.4513e+02	-1.3543e+02	-6.2667e+02	9.4701e+02	-2.5441e+02	3.9226e+02	6.1323e+02	1.3785e+02	-6.4207e+01	1.0642e+03	-1.4776e+02	2.5389e+02	-2.7434e+02	-5.6316e+02	-2.3569e+02	-2.0856e+02	-2.2696e+02	4.5368e+02	1.0721e+03	4.8616e+02	4.3468e+02	2.2268e+02	5.4941e+02	6.5034e+02	-1.3532e+03	-5.8116e+02	3.7346e+01	1.4635e+02	4.4866e+02	-1.1496e+03	-3.1327e+01	7.4095e+02	-1.1731e+02	-6.7233e+02	4.6914e+02	-2.5175e+02	-8.7951e+01	-9.6614e+01	6.5110e+02	-4.5197e+02	1.3916e+02	-5.1797e+02	1.9853e+01	5.4673e+02	1.6772e+02	-5.0417e+02	2.4928e+02	9.3478e+02	1.8730e+02	-2.3276e+02	-1.3862e+02	3.5584e+02	9.7655e+02	-1.2820e+02	2.9078e+02	-1.1893e+01	2.2143e+02	9.3519e+02	-6.8522e+02	-9.4244e+02	8.0899e+01	-1.9626e+02	-1.1354e+03	2.6414e+02	5.5676e+02	1.7576e+02	1.2935e+02	7.7584e+02	9.0820e+02	4.7203e+02	-9.8861e+01	1.1298e+02	2.6692e+02	-1.1846e+03	-1.4376e+02	-2.7971e+02	-2.9516e+02	-2.0931e+02	6.6273e+02	1.4968e+02	-2.4723e+02	-4.7503e+02	1.0844e+03	1.4691e+03	-1.7880e+02	-3.9910e+02	-1.8253e+02	-3.6183e+02	3.0846e+02	-1.2800e+03	-3.2519e+02	6.4030e+02	-5.1350e+02	1.0304e+03	1.0850e+01	-6.6516e+02	-1.6652e+02	-4.7466e+02	-2.9151e+02	-9.1163e+01	-8.1913e+01	-8.1053e+00	-3.5045e+02	-1.0289e+03	2.2258e+01	1.5316e+03	1.1691e+03	8.9746e+02	-2.9653e+02	-1.7468e+02	4.5830e+02	-8.0795e+02	6.6623e+02	8.3089e+02	-1.6561e+03	2.4630e+02	-2.3292e+02	-9.1409e+02	-8.9495e+02	-4.3386e+02	-2.5026e+02	1.7424e+01	5.1727e+02	-2.3200e+02	-9.7662e+02	2.0282e+02	-3.1994e+02	1.1551e+02	6.2615e+02	-3.9387e+02	8.3687e+01	4.0829e+02	-2.0878e+02	-1.1127e+03	-9.4433e+02	-4.5243e+02	-2.2222e+02	2.2777e+02	-3.4381e+02	-6.1430e+02	4.9264e+01	1.4154e+02	1.6631e+02	-3.3379e+02	1.1052e+02	3.3526e+02	-4.7734e+02	6.6142e+01	1.2549e+03	6.6123e+01	-1.1097e+03	-4.2124e+01	1.4021e+02	1.6401e+02	-4.4480e+02	7.1162e+02	4.6624e+02	1.0551e+02	-4.6218e+02	-5.0414e+02	-5.1118e+02	-1.1602e+02	-4.1828e+02	3.3520e+02	7.9580e+02	4.5261e+02	-2.3690e+02	2.7276e+02	1.1528e+03	6.7170e+02	-5.3080e+02	4.1960e+02	8.6148e+02	6.1833e+02	6.8377e+02	1.2751e+02	2.8869e+02	8.2990e+02	-3.8283e+02	3.2832e+02	6.9388e+02	1.8401e+02	-1.4476e+03	-6.3876e+02	-1.1906e+03	-9.8368e+01	-9.2430e+02	-4.7173e+02	2.5252e+02	3.8146e+02	8.9476e+02	-5.5843e+02	8.1362e+02	-4.5353e+02	1.6554e+02
4.0000e+04	6.6505e+01	-8.4408e+02	-1.7685e+02	-6.8476e+02	5.2261e+02	-9.4820e+01	-1.0556e+02	-1.2581e+02	-4.2360e+01	-4.6153e+02	4.8193e+02	2.2717e+02	-1.2044e+01	-4.6904e+02	-8.9108e+01	1.7872e+00	5.1356e+02	-1.1607e+03	5.9533e+01	5.4211e+02	2.6331e+02	5.8708e+02	-1.8547e+02	-6.3167e+02	2.6570e+02	2.8166e+02	3.6337e+02	-3.5852e+02	-6.3607e+02	5.9722e+02	6.2078e+01	2.4652e+02	-8.2200e+02	-7.3543e+02	1.2637e+02	-2.6963e+02	-4.5971e+02	3.4709e+01	-1.0996e+02	-3.7926e+02	-6.9894e+02	-8.1701e+01	-4.5886e+02	-9.6425e+02	4.8884e+02	-6.1797e+02	-6.9097e+02	-5.1238e+02	2.0900e+02	-6.3758e+02	5.7148e+02	-3.3044e+02	5.2650e+02	-1.8674e+02	-9.3672e+02	-2.9153e+02	-8.8874e+02	1.0467e+02	-2.8008e+02	4.5940e+02	-5.0131e+02	-2.4642e+02	8.3178e+02	4.1852e+02	2.0938e+02	4.8854e+02	1.1043e+02	1.5331e+02	-1.5710e+02	4.8256e+00	-1.7112e+02	-3.1237e+02	4.6334e+02	4.3540e+02	-3.1626e+02	-3.9365e+02	-5.6448e+01	-5.1873e+02	-5.9985e+01	-3.6120e+02	-5.4329e+02	4.1498e+02	3.0425e+02	-4.1688e+02	-6.5895e+02	1.8439e+02	1.2439e+03	-2.3849e+02	-2.3596e+02	-6.2864e+02	-6.6502e+02	3.9133e+02	4.9839e-02	-2.3480e+02	-1.2671e+02	7.4350e+02	-7.4109e+02	7.9368e+02	-1.4214e+03	2.7461e+02	-3.6564e+00	2.0870e+02	-5.0286e+02	-5.9957e+02	-2.4210e+02	2.4687e+02	-1.6194e+02	-1.0787e+02	-1.8870e+02	-7.2990e+02	1.0046e+02	6.5222e+02	4.8294e+02	-4.9694e+01	6.8313e+01	3.8608e+02	-5.6831e+02	2.8476e+02	-8.8928e+02	-5.4890e+02	-6.2845e+02	-1.0321e+03	-6.7868e+02	2.7175e+01	1.9492e+02	2.4919e+01	-1.3503e+02	-3.4404e+02	3.9944e+02	-7.7725e+01	1.5497e+02	-4.0260e+01	-2.5399e+02	2.4358e+01	-1.5993e+02	-1.0078e+02	1.5428e+02	2.4627e+02	-3.5138e+02	-2.6044e+02	-1.6390e+02	7.5600e+02	-2.6256e+02	-3.1591e+02	1.0734e+03	5.1418e+02	-3.2537e+01	-1.4683e+02	7.8361e+02	1.2828e+03	-3.6510e+02	-6.1598e+02	7.0480e+02	2.1827e+02	4.8534e+02	-7.7283e+02	7.3872e+02	4.3904e+02	3.7964e+02	-2.7908e+02	1.0111e+02	3.2905e+02	5.9698e+02	1.4991e+02	1.6830e+02	5.3420e+02	5.8572e+02	5.7100e+02	-8.7460e+01	1.3407e+02	-3.7198e+02	-6.0092e+02	5.6076e+02	-6.6849e+02	6.6723e+01	1.3866e+02	-4.3075e+02	-4.6553e+02	1.0722e+03	5.1004e+02	2.4939e+02	6.2455e+02	-2.6497e+02	-4.7318e+02	-2.0344e+02	9.8913e+02	1.8893e+02	1.7239e+02	-4.5281e+02	-1.2178e+03	6.6907e+02	-7.1450e+02	4.0531e+01	-5.7644e+02	-3.1053e+02	2.4016e+02	8.8137e+02	1.1618e+03	6.5449e+02	-8.2563e+02
4.0000e+04	-5.2350e+02	-2.6112e+01	-1.2899e+02	1.0672e+03	1.0667e+03	4.1352e+02	7.1891e+01	-7.2438e+02	1.0360e+03	-8.1919e+02	1.5028e+03	1.3467e+03	9.7469e+01	7.0005e+02	7.9012e+02	3.2046e+02	1.8994e+02	3.5699e+02	-1.2417e+03	-1.7250e+02	-7.3041e+02	6.0870e+01	1.1642e+03	6.2285e+02	1.0989e+03	9.5241e+02	2.2505e+02	9.5120e+01	5.1254e+02	-6.8522e+02	2.8112e+02	-5.4988e+02	-8.2622e+01	-3.8389e+02	-7.0232e+02	2.9029e+02	9.9210e+02	-2.2470e+02	-9.2796e+02	-2.8802e+02	-8.6127e+02	3.8080e+02	9.9460e+02	-4.4017e+02	-1.5370e+03	3.4413e+02	-8.3856e+02	-7.3622e+02	1.7504e+03	3.2108e+02	-1.9572e+01	9.6562e+02	1.1613e+03	1.3004e+03	1.0099e+03	1.3620e+02	4.4855e+02	1.6663e+03	6.6598e+02	8.5526e+02	7.0024e+01	1.8679e+02	9.2554e+02	-5.9279e+02	-1.9283e+03	-2.6830e+02	-9.7428e+02	-9.4440e+02	7.7695e+02	8.6026e+02	6.9042e+02	2.4170e+02	8.2504e+02	4.4154e+02	2.9546e+02	-1.1253e+02	5.5856e+02	2.9844e+02	-4.0751e+02	-7.0492e+02	-4.6846e+02	3.8869e+02	-2.2200e+01	1.4813e+02	-3.1802e+01	-4.5777e+02	-2.0722e+02	6.8068e+02	8.8577e+02	4.8850e+00	-5.7001e+02	-8.8751e+02	-8.4537e+02	1.2892e+03	-8.3130e+02	7.2814e+01	-3.4301e+02	-9.8943e+02	1.7512e+03	-6.8341e+02	5.6333e+02	-1.5994e+03	-8.9097e+02	1.0656e+02	1.7900e+02	-3.4046e+02	1.5679e+02	2.2466e+02	-1.2728e+03	-1.1837e+03	9.5890e+02	1.0912e+03	1.8327e+03	-1.0439e+03	-1.0144e+03	4.5013e+01	-1.0688e+03	1.4182e+03	1.9782e+02	-1.8864e+03	-5.2196e+02	-8.4682e+02	-1.3075e+03	-1.6318e+03	-3.5666e+02	-6.5845e+02	2.7634e+02	6.8420e+02	-1.0833e+03	-1.4853e+02	-4.5336e+00	3.1746e+02	-4.7009e+02	1.0530e+03	-4.3824e+01	-8.1419e+02	8.8881e+00	-6.6033e+01	-4.8560e+02	-9.5544e+02	3.2753e+02	7.0769e+02	4.2706e+02	-3.0753e+02	-4.0777e+01	3.7169e+02	5.7072e+02	1.0500e+02	-3.0693e+02	2.2899e+02	-2.4434e+02	-4.1839e+02	1.6509e+02	1.3580e+03	-1.8357e+02	-1.3362e+03	-1.0839e+03	8.1705e+02	4.0158e+02	-1.7182e+03	1.2614e+03	1.5869e+03	1.0038e+03	7.9373e+01	4.8706e+02	-9.7820e+02	-3.9431e+02	-2.2600e+02	-6.4102e+02	9.0596e+02	-9.3805e+02	-1.1750e+02	9.5011e+02	6.1476e+02	1.2596e+03	2.0896e+02	4.1042e+02	1.1675e+03	2.4981e+02	1.1982e+03	8.9659e+02	6.7702e+02	4.0560e+02	1.0164e+03	1.5675e+03	1.0101e+03	4.7460e+02	-1.9652e+03	-1.2212e+03	-1.1277e+03	8.9185e+02	-7.3688e+02	-6.6625e+02	6.6926e+02	-1.0131e+02	2.8914e+02	-3.5885e+02	1.6549e+03	5.3333e+02	-7.7964e+02
6.0000e+04	-1.6047e+02	-8.2365e+02	1.7619e+02	-6.6868e+02	3.0905e+02	-1.5878e+02	2.7598e+02	-1.7851e+02	3.4051e+02	-3.6819e+02	6.1012e+02	-4.0873e+02	1.3271e+02	1.2713e+02	1.7735e+02	-2.3447e+02	8.0612e+02	-1.2162e+03	1.3528e+02	6.8501e+02	1.1049e+02	9.0533e+02	-9.0708e+02	-3.4575e+02	-5.0656e+02	6.2808e+02	1.8692e+01	-9.0196e+02	-2.6924e+02	1.1713e+03	-2.1571e+00	5.0572e+02	-4.9244e+02	-7.4048e+02	1.6958e+02	-5.3544e+02	-7.5726e+02	-3.6273e+02	3.6471e+02	-2.1742e+01	-7.0525e+02	1.4469e+02	-5.5183e+02	-1.5521e+03	3.3203e+02	-9.2452e+02	-9.1930e+02	-9.0120e+02	-1.9286e+02	-8.4054e+02	4.1632e+02	-6.6291e+02	5.0754e+02	4.0283e+02	-8.2035e+02	-7.2261e+02	-5.7156e+02	4.0631e+02	-2.4703e+02	7.7779e+02	-2.5467e+01	1.8767e+02	6.6339e+02	8.8697e+02	-3.3054e+02	2.2878e+01	1.9741e+02	3.4001e+02	4.5857e+02	3.5954e+01	1.8945e+02	-3.7781e+02	2.2635e+02	3.7579e+02	-6.4054e+02	-4.7044e+02	-7.2414e+01	-6.3719e+02	-3.2649e+02	-7.7158e+02	-5.6509e+02	-3.0448e+02	-2.5301e+02	-2.0123e+01	-6.7850e+02	-2.0072e+02	5.3381e+02	-5.3787e+02	-5.1828e+02	-6.1743e+02	-1.0224e+03	5.0820e+02	5.9133e+01	1.5147e+02	-7.2766e+02	6.2680e+02	-1.0441e+03	1.2795e+03	-1.6074e+03	4.8359e+02	-5.1304e+02	4.5054e+02	-5.3411e+02	1.1892e+02	-5.4055e+02	4.6193e+02	-7.7360e+02	3.5880e+02	-4.1562e+02	-8.8759e+02	5.8707e+02	7.0546e+02	2.2067e+02	5.5535e+02	1.3861e+02	-1.9682e+02	-3.9106e+02	2.3892e+02	-1.0263e+03	-2.4432e+02	-6.3770e+02	-1.0115e+03	-3.1752e+02	-1.4926e+02	5.9593e+02	4.7000e+01	1.4016e+02	-6.1071e+02	2.7448e+02	3.1379e+02	6.6428e+02	-7.4961e+01	-6.1854e+01	-4.9296e+02	3.9007e+02	-2.6619e+02	4.8737e+02	-2.3321e+02	-2.1450e+02	-6.0302e+01	-5.3616e+02	1.1256e+03	-1.3098e+02	-2.3368e+01	1.2450e+03	1.4250e+02	3.1457e+02	5.4689e+01	7.2148e+02	1.3590e+03	-1.7400e+02	-6.1677e+02	9.8946e+02	3.7447e+02	7.2048e+02	-1.1652e+03	6.9613e+02	6.3018e+02	-1.2878e+02	-4.2532e+02	-1.3040e+02	1.7388e+02	8.5089e+02	4.3852e+02	-1.4727e+01	7.9132e+01	1.3230e+03	9.0437e+02	3.4896e+02	2.9721e+02	-1.5555e+02	-7.6860e+02	3.1797e+02	-6.5158e+02	1.8681e+02	2.2115e+02	-2.6461e+02	-5.5350e+02	1.1444e+03	4.7560e+02	5.1865e+02	1.0537e+03	-3.7226e+02	-4.3992e+01	-1.3196e+02	1.2087e+03	3.8686e+01	-2.1578e+02	-1.2269e+02	-8.7178e+02	7.0379e+02	-7.6303e+02	9.4360e+01	-4.9189e+02	3.2426e+02	6.1551e+02	1.5990e+03	1.3877e+03	5.0108e+02	-9.4149e+02
6.0000e+04	-9.1267e+02	-4.5189e+02	1.5822e+02	1.0882e+03	1.5265e+03	-5.3336e+02	-6.1238e+02	-1.3599e+03	5.8539e+02	-1.5117e+03	2.0032e+03	1.8892e+03	4.5550e+01	6.1418e+02	-2.2612e+02	5.0308e+02	7.1607e+01	6.0467e+02	-1.0165e+02	4.2179e+00	-1.1957e+03	8.5329e+02	1.4662e+03	4.5427e+02	1.0913e+03	5.7718e+02	6.0267e+02	-5.3746e+02	-2.6676e+02	-8.4267e+02	-5.7966e+00	-1.1907e+03	-6.4894e+02	-1.3975e+02	-1.1144e+03	-4.3221e+02	9.0547e+02	-1.2147e+02	-2.2161e+02	5.8323e+02	-1.3150e+03	1.0088e+03	5.2860e+02	-1.4983e+03	-2.4981e+03	-3.4892e+02	-5.3472e+02	-4.0905e+02	2.0128e+03	-7.7362e+02	1.1810e+02	7.1372e+02	2.1503e+03	1.1335e+03	6.9544e+02	6.7822e+02	4.2802e+02	1.2318e+03	6.4969e+02	1.7720e+03	-9.2210e+02	1.2579e+02	2.6140e+02	-6.0815e+01	-1.9395e+03	-5.5963e+02	-2.0999e+01	-9.6522e+02	1.1620e+03	1.2746e+03	7.0988e+02	6.1891e+02	1.6570e+03	8.7435e+02	9.0047e+02	-9.9035e+02	7.1048e+02	1.0414e+03	5.5931e+01	-6.8407e+02	-4.0354e+02	1.4200e+02	1.1802e+02	-6.3163e+02	6.3028e+02	-7.7858e+01	-3.3671e+01	1.3108e+02	1.0426e+03	-1.4718e+02	-3.7788e+02	-6.7096e+02	-2.5683e+02	7.6520e+02	1.2676e+02	8.0487e+02	-2.2106e+02	-6.2078e+02	1.5576e+03	-5.2314e+02	8.2356e+01	-1.4954e+03	-1.1816e+01	-6.0047e+01	-1.2063e+03	8.6233e+00	7.8131e+02	8.0651e+02	-2.9219e+03	-8.3552e+02	4.1942e+02	1.3823e+03	2.0243e+03	-1.0846e+03	-1.1013e+03	-1.9932e+03	4.0667e+01	1.3498e+03	-1.9465e+03	-1.4599e+03	-1.1757e+03	-1.1166e+03	-1.8575e+03	-7.9587e+02	-1.9064e+03	-6.8001e+02	-2.3203e+02	-5.3499e+02	4.0406e+02	2.8737e+02	5.0372e+02	6.4736e+02	2.4381e+02	1.2419e+03	-2.9573e+02	-1.7769e+03	-8.3333e+02	-4.8863e+02	-7.9822e+02	-1.5910e+03	3.7901e+02	8.6907e+02	-2.3058e+01	-2.0216e+03	5.1680e+02	8.5360e+01	7.7491e+02	4.6575e+02	1.2722e+02	1.5101e+03	-1.4517e+02	-6.5062e+02	-3.9339e+02	7.5209e+02	9.0821e+02	-1.6918e+03	-1.4370e+03	8.5646e+02	6.2349e+02	-1.7951e+03	1.5273e+03	2.1195e+03	1.7882e+03	-6.1442e+01	7.5764e+02	-1.5427e+03	-3.0115e+02	-4.1123e+02	-4.4606e+02	-5.1191e+01	-1.6650e+03	6.1513e+02	1.6273e+03	6.3333e+02	1.4262e+03	-3.3183e+02	9.6912e+02	9.4938e+02	-7.1435e+02	1.2223e+03	3.3286e+02	8.3699e+02	-1.2423e+02	1.0580e+02	2.1541e+03	6.7862e+02	-1.0857e+02	-1.6625e+03	2.3979e+02	-1.7358e+03	1.3530e+02	-1.0953e+03	8.0429e+02	2.9323e+03	4.0909e+01	9.6781e+02	-4.6940e+02	1.4308e+03	9.1542e+02	-1.3608e+03
8.0000e+04	-1.7551e+02	-1.0975e+03	8.5497e+02	-5.1619e+02	7.6199e+02	-4.9709e+02	-1.1505e+02	-2.0734e+02	2.1370e+02	-6.7034e+02	5.2536e+02	-1.6149e+02	4.5512e+02	1.5023e+02	7.5054e+02	2.6056e+02	3.2386e+02	-1.0400e+03	1.4536e+02	7.5389e+02	6.0984e+02	2.6345e+02	-5.5187e+02	-4.6236e+02	-4.8781e+02	2.3883e+02	6.2811e+01	-9.1500e+02	1.9307e+02	1.4134e+03	2.4846e+02	6.3062e+02	-5.1300e+02	-8.2612e+02	-1.5395e+02	-1.0631e+02	-4.6418e+02	-3.0902e+02	7.9762e+02	1.9741e+02	9.1321e+01	6.7918e+02	-3.8271e+02	-1.9975e+03	3.6842e+02	-9.4795e+02	-7.5352e+02	-2.9921e+02	-1.3708e+02	-9.5882e+02	5.4257e+02	-9.8355e+02	1.2411e+03	9.5912e+01	-1.2134e+03	-3.9410e+02	-1.7180e+02	4.9203e+02	1.2622e+02	1.1437e+03	2.3604e+02	3.1704e+02	9.2399e+02	9.8168e+02	-4.8113e+02	1.2103e+02	2.4719e+02	3.8452e+02	4.3479e+02	-4.1369e+02	1.9802e+02	-5.2857e+02	-2.1032e+01	7.9169e+02	-7.1867e+02	-5.3498e+02	-4.4153e+02	-6.6540e+02	-1.5565e+02	-1.2462e+03	-3.8632e+02	7.5626e+01	-8.1818e+02	-1.6002e+02	-5.3630e+02	-6.3259e+02	6.4556e+02	-8.4247e+02	-6.9644e+02	-6.0321e+02	-9.0976e+02	6.2592e+02	3.7909e+02	5.6301e+01	-1.1925e+03	8.3271e+02	-1.0765e+03	1.2783e+03	-1.2196e+03	1.1248e+03	-4.0990e+02	5.9108e+02	-4.1970e+02	1.0364e+03	-1.0150e+03	9.3135e+02	-5.1059e+02	5.4099e+02	-1.2827e+03	-4.1725e+02	1.0698e+03	3.5106e+02	5.1644e+02	2.2694e+02	-1.3111e+02	-4.7995e+02	2.9199e+01	4.7410e+02	-1.1160e+03	3.3835e+02	-5.4738e+02	-1.0009e+03	2.2607e+01	1.3127e+02	6.6693e+02	-1.0106e+02	1.3234e+02	-3.6222e+02	1.9254e+02	1.3747e+02	5.5091e+02	1.6905e+02	3.2613e+02	-8.6759e+02	9.1981e+02	-1.9432e+02	5.4764e+02	-1.3491e+02	-3.4106e+02	-2.2353e+01	-9.2399e+02	8.9773e+02	-4.1802e+02	7.2101e+01	1.0830e+03	-1.5674e+02	-2.2951e+01	-1.5241e+02	1.2575e+03	1.5730e+03	-4.3318e-01	-6.3557e+02	2.8134e+02	1.0847e+03	8.2742e+02	-5.8264e+02	9.2232e+02	1.0074e+03	-5.7101e+02	4.7978e+01	-1.2114e+02	7.7232e+02	8.8180e+02	1.0093e+02	-2.2204e+02	-6.9171e+00	1.2668e+03	8.5005e+02	4.4789e+02	-4.1481e+01	-3.2062e+02	-6.3008e+02	8.6595e+02	-1.7482e+02	4.8052e+02	5.1135e+02	-3.9636e+01	-3.8971e+02	4.4999e+02	3.7709e+02	1.0765e+02	5.7283e+02	-1.2566e+02	-1.4079e+02	5.8191e+00	1.3058e+03	2.5813e+02	-7.1564e+02	-3.2715e+02	-6.8376e+02	4.9709e+02	-5.0900e+02	8.4668e+01	-5.6313e+01	3.4397e+02	8.0354e+02	1.5998e+03	1.2285e+03	1.5592e+02	-6.0008e+02
8.0000e+04	2.3426e+02	-1.1103e+03	3.9461e+02	1.5515e+03	9.0304e+02	-7.2198e+02	-7.1206e+01	-1.4099e+03	1.0687e+03	-1.3422e+03	1.7702e+03	2.2482e+03	-4.8620e+02	2.4684e+02	4.5157e+02	6.6935e+02	-7.5791e+01	8.3922e+02	-5.5033e+02	4.8258e+01	-9.0160e+02	1.9769e+03	1.5098e+03	5.9761e+02	-1.0664e+02	7.5451e+02	5.0901e+02	4.9100e+02	-3.6975e+01	-1.4228e+03	-6.1656e+02	-1.4385e+03	-1.6477e+03	-5.2026e+02	-5.3501e+02	-6.3841e+02	1.4638e+03	-3.4167e+02	-2.4693e+02	6.1164e+02	-1.7530e+03	1.3177e+03	1.2781e+02	-1.8835e+03	-2.5542e+03	4.4940e+02	-3.2029e+02	-1.5091e+03	1.6992e+03	-1.2178e+01	1.3731e+02	2.0126e+02	2.8744e+03	1.9413e+03	9.7591e+02	9.0681e+02	-5.4927e+02	1.6756e+03	1.3568e+02	1.9786e+03	-1.2628e+03	-8.3103e+01	-2.1075e+02	1.6671e+02	-1.9592e+03	4.4825e-01	-7.7798e+02	-9.4668e+02	1.5648e+03	1.0789e+03	3.2827e+02	2.8098e+02	2.1272e+03	1.0337e+03	1.1399e+03	-8.4924e+02	4.6241e+02	1.2245e+03	-4.2988e+02	-1.3298e+03	-3.7470e+02	1.2692e+02	-6.3231e+01	-3.7048e+02	2.7984e+02	2.9259e+02	-2.2213e+02	3.5609e+02	2.1054e+03	-3.7815e+01	-1.1127e+03	-3.9801e+02	5.5208e+02	1.1602e+02	4.9024e+02	-4.3520e+02	-6.5912e+00	-5.4397e+02	1.6588e+03	-2.4333e+02	2.8227e+02	-1.3235e+03	-1.4279e+02	2.4575e+02	-1.0635e+03	-1.0018e+03	1.1538e+03	1.0259e+03	-3.1819e+03	-1.1823e+03	4.8680e+02	1.4808e+03	2.5845e+03	2.8293e+02	-1.7901e+03	-1.0877e+03	2.1205e+02	1.8415e+03	-1.4215e+03	-9.9771e+02	-1.8297e+03	-1.7375e+03	-2.0459e+03	-1.2739e+03	-3.2097e+02	-3.5135e+02	-4.9042e+02	1.6301e+02	4.7008e+02	-4.0563e+02	-4.0213e+02	2.1748e+03	1.1635e+03	1.9689e+03	-7.0658e+02	-1.9415e+03	-3.1922e+02	5.1100e+02	-8.1267e+01	-1.9028e+03	4.4746e+01	1.6666e+03	3.1523e+02	-2.0481e+03	8.3171e+02	8.1701e+02	1.0178e+03	1.9757e+03	1.2818e+03	1.1801e+03	-1.8332e+02	-4.7784e+02	7.5187e+02	2.1162e+03	1.4695e+02	-1.4426e+03	-1.6288e+03	1.0785e+03	7.7345e+02	-2.3711e+03	1.1299e+03	9.5146e+02	1.6917e+03	2.6654e+02	1.5458e+03	-1.9783e+03	-2.4178e+02	-5.6157e+02	-1.6786e+03	8.7408e+01	-1.8680e+03	-1.3371e+02	5.9227e+02	1.8723e+03	1.7117e+03	6.4495e+02	2.6964e+02	6.4327e+02	-1.0402e+03	4.2314e+02	-2.8154e+02	2.8484e+03	-9.4718e+02	-2.7719e+02	2.0226e+03	5.6240e+02	8.1985e+02	-1.6370e+03	3.4679e+01	-1.4840e+03	5.9670e+02	-1.5330e+03	1.2411e+03	2.3978e+03	-9.9115e+02	9.6444e+02	2.8248e+02	1.6531e+03	1.2420e+03	-1.4091e+03
1.0000e+05	-8.2354e+02	-9.5168e+02	5.6648e+02	-6.6481e+02	7.4419e+01	-6.5510e+02	-1.1433e+02	1.5917e+02	-2.5349e+02	-8.3422e+02	-4.7236e+02	-6.3914e+01	5.2539e+02	1.0150e+03	7.8227e+01	2.1249e+02	6.6216e+02	-1.1826e+03	6.4443e+02	5.7216e+02	1.1389e+03	4.5125e+02	-9.0702e+02	-3.7438e+02	-5.8073e+02	-3.2354e+02	2.0394e+02	-6.7590e+02	-6.4100e+01	1.0996e+03	-9.1239e+01	5.3623e+02	-4.4432e+02	-5.1758e+02	-5.0855e+01	-6.4302e+02	-1.0966e+03	-6.4149e+02	1.4650e+03	-1.1947e+02	1.7179e+01	6.0495e+02	-6.7152e+02	-1.9087e+03	-2.6861e+02	-1.1682e+03	-6.1427e+02	-2.6722e+01	-6.0497e+02	-1.1152e+03	2.3545e+02	-5.4489e+02	1.2232e+03	-4.6689e+02	-1.3542e+03	-2.9320e+02	-1.8400e+01	5.0284e+02	1.9820e+02	8.3994e+02	3.0837e+02	4.0022e+02	4.0640e+02	5.7293e+02	-3.5707e+02	-1.0845e+02	1.2848e+02	4.4684e+02	6.5177e+02	-3.2726e+02	-5.6082e+02	-3.0281e+02	-1.1349e+02	6.4952e+02	-9.1718e+02	-7.6080e+02	1.9301e+02	-8.6007e+02	-3.6539e+02	-1.1950e+03	-7.6968e+02	-8.6126e+00	-6.9769e+02	-5.5730e+02	-1.2923e+03	-6.0544e+02	2.7863e+02	-6.8907e+02	-6.8494e+02	-6.9476e+02	-1.5979e+03	6.6483e+02	1.7415e+02	-3.3393e+02	-9.5853e+02	9.9346e+02	-2.1152e+03	1.0233e+03	-1.7535e+03	7.8100e+02	-3.7121e+02	3.4030e+02	-1.0561e+03	1.3948e+03	-2.1556e+02	1.0600e+03	-7.5985e+02	8.0405e+02	-1.4248e+03	-8.6653e+02	1.1814e+03	2.5725e+02	7.1432e+02	2.4737e+02	-2.6665e+02	-9.4321e+02	3.1674e+01	4.9289e+02	-1.1813e+03	2.5748e+02	-5.3891e+02	-1.6054e+03	-2.8294e+02	-2.5822e+02	7.2204e+02	-2.1360e+02	3.8224e+02	-7.5516e+02	7.3268e+02	5.1416e+02	3.9003e+02	-2.5968e+02	6.2176e+02	-6.9786e+02	4.2973e+02	-6.2289e+02	2.5569e+02	3.0602e+02	-3.2575e+02	-1.2819e+02	-1.4769e+03	7.9702e+02	-6.6535e+02	-1.5556e+02	9.5153e+02	-6.9451e+02	-1.9339e+02	4.4658e+01	5.0546e+02	1.3533e+03	-6.2558e+02	-1.3595e+03	3.5685e+02	8.5735e+02	1.4183e+03	-1.0630e+02	7.2124e+02	1.1157e+03	-4.1573e+02	-6.6699e+02	-6.4092e+02	7.3561e+02	1.3092e+03	-2.2065e+02	-2.9682e+02	-8.9376e+02	9.5747e+02	6.8391e+02	9.1853e+02	-2.8220e+02	-2.9910e+02	-7.7026e+02	3.2759e+02	-6.1376e+02	3.0858e+02	8.3484e+02	1.9307e+02	-6.5652e+02	4.8027e+02	1.4502e+02	-2.9281e+02	1.5702e+03	1.5663e+02	-4.3509e+02	-2.7734e+02	1.5129e+03	7.6257e+02	-8.4665e+02	-1.0754e+03	-3.8865e+02	-1.7462e+01	-1.0414e+03	1.0528e+02	-8.2570e+02	5.9658e+02	3.4811e+02	1.4636e+03	1.3930e+03	-4.3658e+01	1.2312e+02
1.0000e+05	1.4537e+02	-1.8294e+03	-5.5587e+02	9.9247e+02	4.0740e+02	-9.2771e+02	1.9203e+01	-2.8628e+03	1.0591e+03	-1.4341e+03	1.2996e+03	1.2406e+03	-2.0311e+02	4.4657e+02	1.4645e+03	8.5516e+02	1.6083e+02	2.2698e+02	-7.0741e+02	-2.8981e+02	-1.1370e+03	2.0993e+03	1.1261e+03	2.3679e+02	-9.5007e+02	1.9858e+03	7.6885e+02	6.9730e+01	7.1856e+02	-1.0872e+03	-1.0848e+03	-5.6652e+02	-2.4981e+03	2.1163e+02	-1.1440e+03	-8.1765e+02	1.6953e+03	-4.8165e+02	-3.9762e+02	-1.3060e+02	-1.2494e+03	1.4032e+03	9.1551e+02	-1.3913e+03	-2.0116e+03	8.3848e+02	-8.2066e+02	-2.4931e+03	1.5935e+03	9.1503e+02	-1.1060e+03	-4.3271e+02	3.2524e+03	1.3618e+03	1.0212e+03	1.1084e+03	-5.1326e+02	2.1965e+03	4.4721e+01	2.1056e+03	-1.2114e+03	-3.7846e+02	-1.4335e+03	-1.6876e+02	-3.0976e+03	-1.2002e+02	-6.2823e+02	-8.5404e+02	1.2774e+03	2.0094e+03	1.1480e+03	2.5052e+02	1.9839e+03	9.6977e+02	1.1994e+03	-9.7890e+02	1.1662e+03	2.3175e+02	-1.6755e+03	-1.5755e+03	-3.0433e+02	2.2044e+01	9.6996e+02	-1.1824e+03	-2.4702e+02	3.8549e+02	1.3526e+02	-1.0622e+03	2.0117e+03	-2.6341e+02	-2.2524e+03	5.3110e+02	9.7614e+02	8.0750e+02	-2.1643e+02	-7.2350e+02	-1.3334e+03	-5.7188e+01	1.0049e+03	-2.1711e+02	8.6066e+02	-1.3787e+03	-9.6607e+02	-2.1238e+02	-1.0253e+03	2.7394e+02	4.7679e+02	1.5516e+03	-2.7215e+03	-6.9935e+02	1.0853e+03	1.3572e+03	2.2993e+03	5.6326e+02	-1.8653e+03	-1.0751e+03	3.6054e+02	2.6069e+03	-2.3961e+03	-5.5884e+02	-2.5576e+03	-2.2224e+03	-1.4041e+03	-1.0067e+03	-5.5635e+02	-7.0908e+02	-4.6992e+01	-2.5204e+02	-4.3585e+02	-2.9451e+02	-1.3017e+03	2.4317e+03	6.0558e+02	8.2847e+02	-3.6437e+02	-1.9882e+03	-1.5072e+03	1.6284e+03	4.3447e+02	-2.6901e+03	-6.7800e+01	3.0101e+03	7.4533e+02	-3.1851e+03	9.4837e+02	1.5876e+03	1.3539e+03	8.2891e+02	2.1903e+03	2.0862e+03	-5.8243e+02	-9.6464e+02	2.2703e+03	1.9539e+03	7.6902e+02	-8.4321e+02	-2.8463e+03	5.1306e+02	1.6345e+03	-2.5547e+03	1.0553e+03	1.4407e+03	2.0698e+03	1.5863e+02	1.1021e+03	-2.6567e+03	-1.9369e+02	-5.3313e+02	-1.6898e+03	-7.7733e+01	-8.6895e+02	3.0429e+02	-4.7782e+02	1.8284e+03	1.7062e+03	1.3711e+03	7.4975e+02	-2.7972e+02	-2.1349e+02	1.3152e+03	3.2923e+01	2.7427e+03	-1.4824e+03	-8.5268e+02	1.0422e+03	8.5147e+02	7.4817e+02	-9.8805e+02	1.3044e+03	-2.3118e+03	1.3449e+03	-1.3057e+03	1.3379e+03	1.2007e+03	-8.1994e+02	8.8643e+02	-1.7886e+02	1.8063e+03	5.8651e+02	-1.3147e+03
1.2000e+05	-6.3589e+02	-9.0838e+02	6.3470e+02	-4.0631e+02	1.0740e+02	-5.3291e+02	3.2050e+02	4.0385e+02	1.5209e+01	-1.0168e+03	-6.0183e+02	-1.1686e+02	5.3172e+02	1.1073e+03	-1.6899e+02	4.6588e+02	1.1742e+03	-1.2495e+03	2.0359e+02	9.9205e+01	6.6196e+02	2.7345e+02	-1.2648e+03	-7.3247e+02	-6.4912e+02	-4.5222e+02	2.5059e+02	-1.3818e+03	3.1983e+02	1.1368e+03	-2.6138e+02	2.5839e+02	-2.0999e+02	-6.1680e+02	-2.4803e+02	-7.3040e+02	-1.5791e+03	-1.4899e+02	1.4939e+03	1.2639e+01	-4.0136e+02	5.9894e+02	-7.9253e+02	-1.9072e+03	-4.7465e+01	-8.8377e+02	-1.8070e+02	-3.5403e+02	-2.1809e+02	-8.7740e+02	2.8492e+02	-7.8711e+02	1.5009e+03	8.8560e+01	-1.5763e+03	-4.0721e+02	5.9882e+02	8.7206e+02	2.4150e+02	8.8842e+02	7.4408e+02	-1.2620e+02	5.5437e+02	7.4559e+02	-8.3112e+02	8.0001e+01	4.7922e+01	7.3734e+02	9.3354e+02	-2.1431e+02	-2.5811e+02	-9.5483e+02	8.0603e+01	4.9556e+02	-1.0826e+03	-1.0271e+03	4.8904e+01	-1.3978e+02	4.9290e+01	-1.0377e+03	-1.0164e+03	-3.8938e+02	-1.1664e+02	-4.8963e+02	-5.8703e+02	7.9270e+01	-5.1606e+01	-8.2035e+02	-9.9159e+02	-7.0695e+02	-1.5117e+03	1.6727e+02	1.6176e+02	-5.0498e+02	-4.9695e+02	7.8180e+02	-2.0458e+03	8.5615e+02	-1.7330e+03	4.3050e+02	-1.0343e+03	3.1788e+02	-9.9940e+02	8.8112e+02	-2.4031e+02	1.4435e+03	-7.9079e+02	5.5124e+02	-1.8550e+03	-2.3589e+02	2.0649e+03	3.6950e+02	1.5470e+02	3.3582e+02	-3.5807e+02	-1.2195e+03	-7.3798e+00	5.6712e+02	-8.0469e+02	-4.2474e+02	-6.4842e+02	-1.9811e+03	-4.5669e+02	1.1467e+02	1.2065e+03	1.9320e+02	4.5629e+02	-1.1985e+03	4.4341e+02	3.1078e+01	7.3069e+02	-6.9781e+02	3.8890e+02	-3.0293e+02	5.8128e+02	3.6355e+01	6.2187e+02	5.6721e+02	-3.5189e+02	-5.4464e+02	-1.1670e+03	1.4295e+03	-4.2210e+02	1.1508e+02	6.4011e+02	-7.4389e+02	1.3904e+02	-1.3215e+02	1.0925e+03	1.4873e+03	-8.2105e+02	-1.3131e+03	6.0400e+02	1.1466e+03	1.9197e+03	5.6543e+01	5.2728e+02	1.7082e+03	-2.9302e+02	-1.0273e+03	-1.1803e+03	6.4642e+01	6.9965e+02	-6.4543e+02	2.2043e+01	-1.0092e+03	8.8088e+02	7.2302e+02	1.0571e+03	4.6573e+01	-5.2640e+02	-5.0946e+02	8.3696e+02	-7.6683e+02	4.0468e+02	1.0579e+03	-1.3183e+02	-3.7292e+02	1.2425e+03	1.6071e+02	-5.1862e+02	1.3483e+03	-5.6779e+00	-7.0578e+01	1.5562e+02	1.5671e+03	5.8067e+02	-7.2035e+02	-8.2036e+02	-2.0442e+02	1.4434e+01	-1.4509e+03	-6.8739e+02	-3.7784e+02	5.4920e+02	-3.1471e+02	1.9133e+03	1.1161e+03	-3.8145e+02	2.9244e+02
1.2000e+05	-1.2565e+02	-1.8995e+03	-1.1695e+01	9.0103e+02	4.8269e+00	-1.3742e+03	-2.4077e+02	-2.3439e+03	1.6933e+03	-1.4454e+03	1.1398e+03	7.2485e+02	-9.1405e+02	8.8552e+02	1.5534e+03	5.6557e+02	2.2434e+02	8.3121e+02	-1.9963e+02	8.2581e+02	-1.4217e+03	3.5385e+03	1.3820e+03	-5.6090e+02	-5.7578e+02	2.5603e+03	2.8176e+02	4.1441e+02	1.5034e+03	-3.7288e+02	-3.6925e+02	5.6071e+02	-2.2186e+03	3.0919e+02	-4.8778e+02	-1.8972e+03	2.7285e+03	-1.1748e+03	-1.3715e+03	-9.6776e+02	-1.0373e+03	1.6565e+03	1.1777e+03	-1.0973e+03	-1.2534e+03	1.3202e+03	-9.6519e+02	-2.6111e+03	1.3825e+03	1.0245e+03	-1.4204e+03	-4.3613e+02	3.1777e+03	7.8752e+02	1.2428e+03	1.3898e+03	-3.7205e+02	2.0923e+03	-6.4796e+01	1.6623e+03	-1.1878e+03	-2.1365e+02	-2.6561e+03	2.2941e+02	-3.8954e+03	5.7162e+02	-3.5856e+02	-1.2595e+03	1.2132e+03	2.0001e+03	2.0945e+03	-6.9851e+02	1.8195e+03	1.3528e+03	1.2925e+03	-1.8580e+03	1.6678e+03	4.3429e+02	-2.2361e+03	-1.5467e+03	-7.8929e+02	6.5191e+00	1.8082e+03	-1.3210e+03	5.0019e+02	3.1282e+02	-1.9334e+02	-2.2403e+03	5.9814e+02	-1.4948e+03	-2.2386e+03	9.1609e+02	2.2365e+02	5.5339e+02	-1.1423e+03	-4.9835e+02	-1.0772e+03	1.3403e+01	2.3649e+03	1.0963e+02	1.2753e+03	-6.4626e+02	-3.3332e+02	-1.0375e+03	-1.3687e+03	5.1834e+02	4.8419e+02	1.4960e+03	-2.8196e+03	-1.5655e+03	6.9925e+01	3.4038e+02	2.7688e+03	-5.1824e+01	-2.6147e+03	-1.7317e+03	2.9928e+02	2.3924e+03	-2.0828e+03	-4.6002e+01	-2.2982e+03	-2.9453e+03	-1.7076e+03	-7.5633e+02	5.6349e+01	-1.2591e+02	-5.0871e+02	-4.1640e+02	-1.8166e+02	-7.4259e+02	-1.0882e+03	1.9799e+03	3.6136e+02	-7.3995e+01	-3.4709e+02	-2.1492e+03	-1.2162e+03	1.1777e+03	-2.7126e+00	-2.3933e+03	-9.2955e+01	4.0079e+03	6.0418e+02	-3.2510e+03	2.2672e+02	6.4273e+02	1.4757e+03	3.9911e+02	1.7574e+03	2.4811e+03	-6.8449e+02	-6.7797e+02	3.9611e+03	1.8810e+03	1.8378e+02	-8.3145e+02	-3.1739e+03	6.9602e+02	7.2331e+02	-1.6847e+03	1.4924e+03	1.4117e+03	2.9425e+02	-2.2486e+02	5.2496e+02	-3.0566e+03	-6.1779e+02	-1.1214e+03	-1.2104e+03	2.4921e+02	-1.5085e+03	-1.8055e+01	-7.2473e+02	6.9137e+02	1.7927e+03	1.6388e+03	6.7785e+02	6.1478e+02	5.2833e+02	2.1176e+03	4.7265e+02	2.9913e+03	-1.5262e+03	5.7485e+02	1.1804e+03	1.4304e+03	8.1733e+02	4.2040e+02	1.3350e+03	-2.4170e+03	1.9930e+03	-5.3413e+02	1.6217e+03	1.6311e+03	-9.4452e+02	1.2992e+03	6.2946e+01	2.4369e+03	9.0768e+02	-1.0509e+03
1.4000e+05	-9.8209e+02	-7.7662e+02	5.8703e+02	-5.7294e+02	5.3438e+02	-7.0933e+02	4.0004e+02	3.3472e+02	-1.0193e+02	-7.7254e+02	-3.3207e+02	-1.5009e+02	5.8921e+02	1.1841e+03	-4.0030e+01	9.8585e+02	1.0632e+03	-1.2969e+03	1.3141e+02	-4.3566e+02	4.6260e+02	1.8905e+02	-1.0092e+03	-5.6604e+02	-6.7953e+02	-2.7489e+02	3.0538e+02	-1.2206e+03	-3.2060e+02	1.2603e+03	-4.5116e+02	5.9722e+02	-6.1207e+02	-2.3264e+02	-7.0714e+02	-1.0519e+03	-7.4748e+02	7.0142e+01	1.8128e+03	-3.7138e+02	-8.3735e+02	9.2377e+02	-8.5311e+02	-1.6659e+03	3.0758e+02	-6.8011e+02	-4.4637e+02	-4.9990e+02	-9.9776e+02	-5.7559e+02	4.6493e+02	-1.2791e+03	1.6582e+03	-1.4212e+02	-1.9265e+03	1.6746e+02	7.5777e+00	8.3781e+02	2.2959e+02	8.8674e+02	1.0326e+03	-1.1010e+02	2.4662e+02	6.4924e+02	-7.6023e+02	-6.6259e+02	2.6820e+02	1.0152e+03	8.3223e+02	-7.7659e+02	-7.0278e+02	-8.5495e+02	-3.6270e+02	4.8118e+02	-1.1617e+03	-1.0827e+03	1.1528e+00	-6.2209e+02	-4.1477e+02	-8.5744e+02	-1.1852e+03	3.3312e+02	-4.7494e+02	-1.9876e+02	-4.8081e+02	1.6782e+02	2.8064e+02	-1.3136e+03	-1.1897e+03	-8.7476e+02	-8.2155e+02	2.5175e+02	1.0829e+02	-6.8275e+02	-3.5062e+02	9.3396e+02	-2.2042e+03	1.6011e+03	-1.5816e+03	4.3948e+02	-1.3797e+03	5.8339e+02	-7.3129e+02	9.9144e+02	-3.3642e+02	1.3356e+03	-4.5239e+02	-1.2376e+02	-1.5382e+03	3.7528e+01	1.6815e+03	6.1844e+02	9.3262e+02	2.8068e+02	-3.1110e+02	-1.5009e+03	-5.3474e+02	7.8589e+02	-6.7503e+02	2.6357e+02	-6.7358e+02	-1.9735e+03	-9.0267e+02	2.7249e+02	1.4811e+03	-1.8148e+02	-1.4254e+02	-1.1074e+03	1.7987e+02	2.2018e+02	7.7598e+02	-6.8922e+02	4.3456e+02	-3.6418e+02	4.7065e+02	-1.2469e+02	7.4892e+02	7.9540e+02	-3.5257e+02	-8.3073e+02	-1.6062e+03	1.5336e+03	-9.6588e+02	2.6227e+02	9.3397e+02	-2.3756e+02	5.1300e+02	2.2763e+02	1.1857e+03	1.3642e+03	-6.5089e+02	-9.4953e+02	8.3597e+02	4.6228e+02	2.3613e+03	-5.2801e+02	1.2898e+02	1.4684e+03	6.5323e+01	-1.0210e+03	-1.5092e+03	-2.7142e+02	3.2332e+02	-7.4741e+02	6.9619e+02	-9.8781e+02	7.6713e+02	3.4313e+02	1.1063e+03	1.9141e+02	-1.1179e+03	-6.0141e+02	3.6947e+02	-4.6354e+02	-2.1868e+01	4.0521e+01	1.3811e+02	-6.0871e+02	9.2705e+02	2.0721e+02	-3.7056e+02	1.6067e+03	-4.0324e+02	-1.9781e+02	2.2745e+02	1.5648e+03	1.9278e+02	-1.0823e+03	-1.2837e+03	1.3068e+02	-5.8521e+02	-1.5247e+03	-4.7467e+02	-6.6735e+01	5.8697e+02	-1.3706e+02	1.2770e+03	1.3504e+03	-6.8059e+02	4.0266e+02
1.4000e+05	-4.0245e+01	-3.1526e+03	1.6489e+02	9.3086e+02	9.2318e+02	-1.4968e+03	3.1433e+01	-3.0907e+03	1.6119e+03	5.6391e+01	1.3138e+03	8.4218e+02	-6.5324e+02	7.7962e+02	9.2200e+02	1.5281e+03	-5.3193e+01	9.2411e+02	-4.6667e+02	1.5987e+03	-1.2901e+03	3.7772e+03	1.6019e+03	-9.0302e+02	7.5046e+02	3.3393e+03	5.0003e+02	-1.2099e+02	1.3316e+03	-4.3554e+01	-2.3078e+02	9.2046e+02	-1.9206e+03	3.7116e+01	-1.4605e+03	-8.8215e+01	2.9883e+03	-1.6604e+03	-2.0851e+03	-1.5657e+03	-7.9806e+02	9.9807e+02	-1.1091e+02	-1.1173e+03	-7.9978e+02	6.1593e+02	-1.3056e+03	-2.4556e+03	1.1826e+03	1.2370e+03	-2.4290e+03	-3.9739e+02	4.3970e+03	1.4880e+03	4.0807e+02	9.0848e+02	-6.1767e+02	1.7567e+03	7.5920e+02	1.8332e+03	-1.4914e+03	5.5149e+02	-2.5091e+03	1.0696e+03	-3.7398e+03	4.9424e+02	-1.7354e+03	-1.3685e+03	1.2258e+03	2.6425e+03	3.3008e+03	1.0592e+03	1.7188e+03	5.1645e+02	4.6028e+01	-1.8432e+03	6.9241e+02	4.2373e+02	-2.3808e+03	-2.0289e+03	-9.5621e+02	2.1106e+02	2.2156e+03	-1.6291e+03	6.5173e+02	2.8166e+02	-3.1225e+02	-2.8198e+03	2.8562e+02	-1.5489e+03	-2.5662e+03	1.5446e+03	-4.5884e+02	5.8181e+02	-1.5315e+03	5.7740e+01	-6.8482e+02	-3.1617e+02	1.8569e+03	2.1072e+02	6.3984e+02	-9.2989e+02	6.7144e+02	-2.0580e+02	-1.6311e+03	1.3231e+03	9.6834e+02	1.1507e+03	-2.6216e+03	-2.2048e+03	4.5573e+02	1.1084e+03	3.4796e+03	-8.3527e+02	-2.1192e+03	-2.0132e+03	1.2541e+02	1.0485e+03	-1.8457e+03	-8.5501e+02	-2.3712e+03	-2.6779e+03	-1.8062e+03	-1.3650e+03	-2.7379e+02	-2.8682e+02	-9.0410e+02	-6.4308e+02	-9.8335e+02	-1.0905e+03	-1.5534e+03	1.8069e+03	-4.6959e+01	-3.8338e+02	-4.7855e+01	-2.0732e+03	-4.0959e+02	1.0268e+03	-1.7353e+02	-2.0734e+03	1.8028e+02	4.1558e+03	7.0502e+02	-2.7756e+03	1.2660e+03	9.8126e+02	1.2404e+03	-1.2562e+01	1.9008e+03	2.6204e+03	-1.3555e+03	-5.7251e+02	3.6367e+03	2.6475e+03	6.5717e+02	-1.6422e+03	-3.3243e+03	4.8586e+02	5.5679e+02	-2.1336e+03	7.7978e+02	2.3458e+03	5.1634e+02	1.5777e+02	4.7962e+02	-3.6571e+03	-5.9945e+02	-1.3354e+03	-1.1205e+03	4.5257e+02	-1.2766e+03	4.8886e+01	-8.4342e+02	3.2511e+02	9.4956e+02	2.3254e+03	7.7773e+02	-9.7937e+02	8.1380e+01	2.0951e+03	-7.2003e+02	1.5685e+03	-3.0738e+03	1.5264e+03	1.5358e+03	1.5835e+03	3.6198e+02	6.4400e+02	1.0186e+03	-3.1940e+03	2.8284e+03	-1.0122e+02	1.6903e+03	1.6352e+03	-2.1511e+03	2.3668e+03	1.2618e+03	1.7934e+03	1.0265e+03	2.2374e+01
1.6000e+05	-1.5522e+03	-9.3934e+02	3.7228e+02	-6.9365e+01	4.3401e+02	-1.1075e+03	3.5573e+02	1.4958e+02	-7.1399e+02	-1.3066e+03	-1.1436e+01	-2.8456e+02	3.8660e+02	9.0681e+02	-3.6699e+02	3.1643e+02	6.5905e+02	-8.4978e+02	-1.5420e+02	-5.5186e+02	-1.5229e+02	-4.0900e+02	-1.1340e+03	-5.6432e+02	-7.9107e+02	-9.6255e+02	7.3461e+02	-7.2184e+02	-2.5892e+02	1.4588e+03	-3.7270e+02	5.5498e+02	-1.0779e+03	1.1114e+02	-1.4797e+03	-1.5134e+03	-4.5642e+02	-4.7359e+02	2.5321e+03	-6.5990e+02	-9.2050e+02	1.1101e+03	-5.1020e+02	-2.1178e+03	-5.4105e+01	-6.0085e+02	-3.7781e+02	-7.3888e+02	-1.0397e+03	-8.0418e+02	4.4787e+02	-6.1405e+02	1.3627e+03	1.1603e+02	-2.2062e+03	-1.0661e+02	8.5427e+02	1.3215e+03	-3.4706e+02	5.3273e+02	8.4602e+02	-1.1315e+02	1.0209e+02	9.6441e+02	-1.4765e+03	-8.0833e+02	-2.0070e+01	9.1051e+02	1.4056e+03	-3.4733e+02	-1.0669e+03	-4.1238e+02	-1.0230e+01	-3.1545e+01	-1.2163e+03	-6.2661e+02	-2.8019e+02	-4.6161e+02	-6.7112e+02	-3.8283e+02	-1.0946e+03	2.6469e+02	-1.9023e+02	2.6158e+02	-3.8525e+02	2.2004e+02	-1.2721e+02	-1.3362e+03	-1.3244e+03	-1.0840e+03	-6.6801e+02	-9.8469e+01	2.6220e+02	-7.0115e+02	-3.5390e+02	1.2325e+03	-2.4593e+03	1.2854e+03	-1.1061e+03	4.1799e+02	-1.0154e+03	4.4539e+02	-9.9705e+02	1.2460e+03	-5.1014e+02	8.5553e+02	-3.7643e+02	4.7268e+01	-1.3918e+03	-5.1761e+01	1.8927e+03	5.7946e+02	9.7104e+02	3.6750e+02	-3.7680e+02	-1.5310e+03	-1.6187e+02	1.2475e+03	-8.5952e+02	9.6373e+01	-9.9183e+02	-1.6528e+03	-1.2810e+03	1.2867e+02	1.8808e+03	-4.0357e+02	-6.9774e+01	-1.1995e+03	2.4401e+02	-5.5084e+01	4.5715e+02	-7.3521e+02	6.3644e+02	-5.8377e+01	6.1175e+02	4.4184e+02	9.9483e+02	4.2874e+02	-3.0080e+02	-1.4267e+03	-2.1195e+03	6.4215e+02	-9.0712e+02	1.9068e+02	6.4771e+02	-4.3559e+02	2.9465e+02	6.0715e+02	8.6738e+02	1.5908e+03	-8.8060e+02	-1.2995e+03	1.3688e+03	4.6248e+02	1.9776e+03	-6.5280e+02	3.1560e+02	1.5179e+03	1.9528e+02	-1.5560e+03	-1.3583e+03	-1.5184e+02	1.9779e+02	-8.3120e+02	1.0331e+03	-9.1123e+02	6.4164e+02	8.5622e+02	1.6217e+03	4.7905e+02	-9.4672e+02	-5.5144e+02	1.0073e+02	-1.8210e+02	-7.1631e+02	-8.0710e+00	2.4060e+02	-6.5265e+02	1.1778e+03	-3.5770e+02	-5.9448e+02	1.4771e+03	-1.2508e+02	-3.7146e+02	-3.0292e+02	1.6806e+03	2.5695e+02	-1.3044e+03	-8.4663e+02	5.7864e+02	-1.1707e+02	-1.9414e+03	-3.4880e+02	-2.1058e+02	5.3499e+02	3.3956e+01	1.1507e+03	1.6063e+03	-1.4359e+03	1.1658e+03
1.6000e+05	-7.7927e+02	-2.6867e+03	-5.6377e+01	1.5618e+03	2.2385e+02	-1.3176e+03	4.7607e+02	-3.4247e+03	2.4161e+03	1.6617e+01	8.5876e+02	1.9005e+03	-5.4129e+02	8.8765e+02	1.4760e+03	2.9573e+02	-2.7138e+02	1.8383e+03	-1.0785e+03	1.5334e+03	-2.0977e+02	4.3428e+03	1.2532e+03	-9.3504e+02	9.5957e+02	3.2462e+03	1.6703e+02	-3.1348e+02	1.3963e+03	8.2047e+01	-3.3095e+02	2.2216e+03	-2.0208e+03	-2.7800e+02	-1.7907e+03	-1.0220e+02	2.5358e+03	-2.3655e+03	-2.3475e+03	-1.2330e+03	-6.2941e+02	1.6592e+03	-9.3531e+02	-6.3436e+02	-9.3241e+02	4.0177e+02	-1.1449e+03	-2.1289e+03	1.4956e+03	1.2340e+03	-2.8598e+03	5.2811e+01	5.5820e+03	2.8134e+03	6.5997e+02	9.9828e+02	-8.8549e+01	1.1743e+03	3.8706e+02	1.5530e+03	-3.0350e+03	1.0069e+03	-4.0799e+03	8.1038e+02	-3.7251e+03	7.3516e+02	-1.2929e+03	-3.1298e+02	1.4092e+03	2.0183e+03	2.8251e+03	1.1895e+03	1.5843e+03	9.1133e+02	-1.2539e+02	-2.7056e+03	1.1812e+03	6.0705e+02	-2.9696e+03	-1.7687e+03	-1.3639e+03	-2.9316e+02	1.7647e+03	-7.6985e+02	9.3715e+02	-1.7595e+02	1.9484e+02	-2.6349e+03	9.7032e+02	-6.6913e+02	-3.6086e+03	5.4218e+02	-1.0576e+03	1.5743e+03	-8.7191e+02	4.9514e+02	-5.0120e+02	-6.4900e+02	2.9848e+03	2.8525e+02	7.0456e+02	2.2303e+02	9.8584e+02	-7.9068e+02	-1.0459e+03	4.7435e+02	1.3740e+03	1.1647e+03	-2.1784e+03	-1.2254e+03	1.0454e+03	1.5335e+03	2.9523e+03	-1.4382e+03	-2.2698e+03	-1.4404e+03	4.3814e+02	1.7498e+03	-1.2535e+03	-9.8402e+02	-1.4204e+03	-2.9669e+03	-1.3909e+03	-7.3248e+02	5.3559e+02	5.5230e+02	-2.2373e+02	-4.4266e+02	-3.9239e+02	-1.6849e+03	-1.3001e+03	2.6042e+03	-1.1381e+03	-1.4167e+03	2.6595e+02	-2.1538e+03	-4.6211e+02	5.3581e+02	-7.1385e+02	-2.5820e+03	-7.3395e+02	4.5121e+03	1.4321e+03	-2.3627e+03	1.0738e+03	1.6855e+03	-2.0295e+02	-7.0182e+02	2.9869e+03	2.4470e+03	-1.3528e+03	-9.2053e+02	4.2829e+03	2.4451e+03	7.3701e+02	-7.4343e+02	-2.6361e+03	1.6820e+03	5.6228e+02	-2.3283e+03	1.2782e+03	1.8448e+03	6.3269e+02	-3.0505e+02	1.3927e+03	-3.4111e+03	-1.5646e+03	-3.1546e+02	-1.1376e+03	-7.3926e+02	2.7325e+02	2.9124e+02	3.6526e+02	-1.3240e+03	1.2931e+03	1.8072e+03	6.0432e+02	-1.8960e+03	-3.5483e+01	1.5285e+03	-9.5178e+02	1.9373e+03	-3.8670e+03	7.1477e+02	1.8054e+03	2.1067e+03	3.5805e+02	-6.5704e+01	1.4188e+03	-3.1741e+03	2.6569e+03	-1.0948e+03	1.3752e+03	1.3105e+03	-2.6586e+03	2.1801e+03	2.0568e+03	2.7252e+03	1.5861e+03	6.5219e+02
1.8000e+05	-1.5308e+03	-1.2044e+03	3.4238e+02	7.6799e+01	5.9549e+02	-9.7374e+02	-2.5537e+02	6.2543e+02	-7.6413e+02	-1.2968e+03	-3.3028e+02	-3.3781e+02	8.6557e+02	5.1282e+02	-3.5361e+02	-2.3582e+02	4.2100e+02	-1.3000e+03	-4.5153e+02	-8.3560e+02	-1.8390e+02	6.6764e+01	-1.0602e+03	-8.6905e+02	-6.9315e+02	-1.2655e+03	6.8457e+01	-6.5601e+02	-2.9413e+02	1.6904e+03	-5.9752e+02	8.0425e+02	-7.8452e+02	4.0565e+01	-9.4438e+02	-6.5999e+02	-4.3978e+02	-5.7459e+02	2.2591e+03	-1.9308e+02	-6.0658e+02	1.4266e+03	-4.6862e+02	-1.7260e+03	9.2419e+01	-5.7522e+02	-8.8193e+01	-9.4514e+02	-1.4225e+03	-9.8799e+02	8.6446e+02	-4.9674e+02	8.8375e+02	-2.7446e+02	-2.4709e+03	-2.3245e+02	8.6505e+02	1.4537e+03	-5.2127e+02	5.5914e+02	1.3884e+03	4.2410e+02	6.6608e+01	1.1392e+03	-1.4843e+03	-1.0297e+03	-4.2419e+02	8.6527e+02	1.4914e+03	2.7706e+02	-1.4990e+03	-8.8942e+01	-5.0699e+02	4.0169e+02	-1.0205e+03	-1.5767e+02	-4.8413e+01	-4.0489e+02	-3.6512e+02	-1.1180e+03	-8.3810e+02	2.7275e+02	-8.7854e+02	-4.1303e+02	3.8162e+02	7.8207e+01	4.0057e+02	-1.7149e+03	-9.6243e+02	-1.6279e+03	-7.4830e+02	-1.4432e+02	9.4705e+02	-1.1179e+03	-4.1035e+02	1.7051e+03	-2.7234e+03	1.0971e+03	-1.1140e+03	6.8324e+02	-1.3250e+03	1.4028e+02	-1.1465e+03	1.2092e+03	-7.0473e+02	5.4928e+02	-6.5104e+02	-1.2424e+02	-1.5437e+03	-1.1239e+02	1.9041e+03	6.8096e+02	1.0315e+03	2.7562e+02	-3.2999e+02	-9.6418e+02	1.1941e+02	1.1955e+03	-1.0364e+03	-5.2428e+02	-1.0956e+03	-2.0639e+03	-7.2281e+02	6.6857e+02	1.2219e+03	-2.9056e+02	4.6024e+02	-1.3972e+03	4.0378e+02	8.1382e+02	-2.8747e+02	-6.5520e+02	4.5645e+02	-3.1927e+02	4.8805e+02	5.6140e+02	1.1164e+03	2.7706e+02	-5.0979e+02	-1.5318e+03	-2.0992e+03	7.9596e+02	-1.0424e+03	3.2388e+02	8.1337e+02	-8.0853e+02	1.0385e+03	9.3551e+02	6.9751e+02	1.8157e+03	-7.1696e+02	-1.2241e+03	1.5165e+03	5.7618e+02	1.8967e+03	-3.2732e+02	4.2044e+02	1.9272e+03	1.4427e+02	-1.7619e+03	-1.5630e+03	-9.4178e+01	-1.1407e+01	-1.0113e+03	1.0235e+03	-1.7670e+03	5.4739e+01	1.1498e+03	1.1829e+03	7.6553e+02	-7.7543e+02	-2.6216e+02	4.5511e+02	3.5227e+02	-6.7390e+02	-3.3088e+02	-1.6749e+02	-9.1219e+02	7.1410e+02	-4.5475e+02	-5.3445e+02	8.9929e+02	-9.9717e+00	5.7426e+02	-4.3097e+02	1.3509e+03	2.3755e+02	-1.0487e+03	-1.0600e+03	-4.8985e+00	-4.0754e+02	-1.9352e+03	-5.3820e+02	-7.3427e+02	9.4015e+02	-7.9210e+02	1.0797e+03	1.1334e+03	-1.0180e+03	8.9539e+02
1.8000e+05	-1.4012e+03	-1.9465e+03	3.2976e+02	1.6923e+03	1.1776e+03	-5.3361e+02	3.5404e+02	-3.3725e+03	2.3344e+03	2.7705e+02	6.4632e+02	2.6422e+03	-2.5144e+02	-9.2478e+02	1.1384e+03	1.1485e+03	6.0311e+02	2.6845e+03	-6.4493e+02	2.1472e+03	-7.7924e+02	2.4564e+03	5.4840e+02	-1.0281e+03	1.1547e+03	4.0662e+03	-1.7130e+02	4.5269e+02	2.5956e+03	-5.4229e+02	-1.9556e+02	2.3021e+03	-2.1341e+03	-1.0615e+03	-5.9476e+02	-6.7973e+02	2.4558e+03	-2.6599e+03	-1.4335e+03	-1.4070e+03	1.7967e+02	1.7356e+03	-9.9819e+02	-6.2400e+02	-9.0961e+02	5.7474e+02	-1.6589e+03	-2.7799e+03	1.5157e+03	7.0000e+02	-2.4082e+03	-1.7633e+02	4.2701e+03	2.6594e+03	9.1246e+02	1.4172e+03	8.1241e+02	1.0026e+03	-2.4338e+02	1.5338e+03	-3.6403e+03	1.3730e+03	-3.8171e+03	1.0200e+03	-3.1876e+03	1.0231e+02	2.6692e+01	-2.5883e+02	3.6515e+02	2.0743e+03	2.8463e+03	5.6492e+02	1.1849e+03	7.1972e+02	4.1311e+02	-2.4171e+03	1.7773e+03	7.0812e+02	-2.8708e+03	-1.8931e+03	-9.8426e+02	-4.9404e+02	3.0503e+03	-6.5015e+02	3.8567e+01	5.6811e+02	7.9696e+02	-1.8796e+03	1.1107e+03	1.0648e+02	-4.0988e+03	1.0719e+03	-1.0749e+03	1.9526e+03	-3.2753e+02	9.2465e+02	-1.2965e+03	-1.0245e+03	2.6749e+03	-2.7250e+02	4.8135e+02	1.0263e+02	1.9024e+03	-1.2806e+03	-1.6971e+03	2.4036e+02	1.4985e+03	6.7379e+02	-2.8894e+03	-1.2107e+03	1.7907e+03	1.9015e+03	1.5531e+03	-2.5050e+03	-2.9531e+03	-1.9175e+03	6.8818e+01	2.1359e+03	-1.3926e+03	-4.5312e+02	-1.0967e+03	-3.3763e+03	-1.1829e+03	-8.9478e+02	1.1291e+03	4.1375e+02	6.1085e+02	-4.7358e+02	-3.4028e+02	-2.9284e+03	-1.2607e+03	1.2800e+03	9.1276e-01	-1.4975e+03	7.5070e+02	-2.0192e+03	-1.0435e+03	-5.0604e+02	-8.5245e+02	-1.3628e+03	-7.4598e+02	4.0079e+03	1.7396e+03	-3.0663e+03	2.2282e+03	2.0042e+03	2.4333e+02	-1.2453e+03	2.8765e+03	3.5566e+03	-3.6391e+02	-3.8707e+02	4.2692e+03	2.7205e+03	5.1493e+02	-1.3075e+03	-2.8047e+03	3.0346e+03	6.8757e+02	-3.1977e+03	1.7091e+03	8.1010e+02	7.5846e+02	-8.5113e+02	1.5772e+03	-2.8872e+03	-1.3825e+03	-3.8566e+02	-1.1077e+03	-9.7368e+02	4.3849e+01	-6.6117e+02	4.3065e+01	-2.1032e+03	8.4196e+02	2.8383e+03	2.2267e+02	-1.7345e+03	-7.9657e+02	7.4801e+02	-9.0852e+02	1.7806e+03	-4.2455e+03	6.4736e+02	1.9549e+03	1.8345e+03	-4.2600e+02	-2.6841e+02	1.2202e+03	-3.7169e+03	1.8564e+03	-5.1503e+02	1.2022e+03	1.8968e+03	-2.7082e+03	1.8452e+03	1.9252e+03	2.8784e+03	6.5225e+02	-4.8439e+02
2.0000e+05	-9.9844e+02	-1.0915e+03	-5.1633e+01	-1.3776e+01	8.5444e+01	-7.1212e+02	-1.2729e+02	8.6295e+02	-4.9826e+02	-8.7432e+02	-5.0047e+02	-3.2500e+02	9.9718e+02	2.7615e+02	-8.0365e+02	1.6659e+01	4.3323e+02	-2.0996e+03	-5.8897e+02	-1.3075e+03	-1.2043e+02	-8.6948e+02	-9.9454e+02	-8.7276e+02	-7.7562e+02	-1.0729e+03	1.0542e+02	-7.6265e+02	-4.6043e+02	1.4573e+03	-4.3201e+02	1.2159e+03	-1.1379e+03	5.2172e+01	-1.3824e+03	-3.9927e+02	-1.1784e+03	-1.3202e+03	2.9376e+03	-1.2378e+02	-3.7263e+02	1.6018e+03	-8.4116e+01	-2.2202e+03	-2.0118e+02	-2.0670e+02	8.6055e+01	-1.2380e+03	-1.2375e+03	-1.1522e+03	6.0488e+02	-4.3404e+02	4.2623e+02	-3.1229e+02	-1.9928e+03	-5.9588e+02	5.7009e+02	1.0811e+03	-2.2429e+02	6.7420e+02	1.6009e+03	9.4886e+01	3.5540e+02	9.9956e+02	-1.5855e+03	-1.1114e+03	-7.0298e+02	5.9284e+02	1.5370e+03	5.2170e+02	-1.2332e+03	-4.3278e+01	-1.6869e+02	2.3043e+01	-1.5543e+03	2.5595e+02	2.5725e+02	-6.1455e+02	-2.8618e+01	-1.7003e+03	-7.0726e+02	7.6970e+02	-7.2566e+02	-5.3654e+02	4.8806e+02	3.9328e+02	1.6081e+02	-1.7740e+03	-1.3026e+03	-1.7155e+03	-7.6392e+02	-1.7445e+01	1.1878e+03	-1.2712e+03	-5.3671e+02	1.7640e+03	-2.5114e+03	1.6984e+03	-7.3250e+02	1.1164e+03	-1.7866e+03	7.8984e+01	-1.5212e+03	1.2985e+03	-1.1705e+03	1.1979e+03	-5.9341e+02	2.4571e+02	-1.2992e+03	5.1330e+02	2.0928e+03	7.8228e+02	6.3292e+02	9.8085e+01	-1.5596e+02	-1.2728e+03	3.9551e+02	7.9227e+02	-5.8344e+02	-1.1951e+02	-6.7408e+02	-2.4076e+03	-6.0701e+02	7.2624e+02	8.8299e+02	-3.6991e+02	3.4704e+02	-1.8766e+03	3.4928e+02	7.2688e+02	-3.5799e+02	-1.1700e+03	9.4415e+02	-8.4068e+02	1.6325e+02	8.1873e+02	1.0515e+03	-1.5921e+02	-6.4839e+02	-1.9193e+03	-2.1067e+03	1.4816e+03	-3.7869e+02	-1.9593e+02	1.3009e+03	-9.3358e+02	1.2911e+03	7.9823e+02	3.2341e+02	1.3727e+03	-5.1435e+02	-1.1308e+03	1.3230e+03	1.9874e+03	2.1129e+03	-8.2269e+02	7.6280e+02	1.6710e+03	1.9297e+01	-1.4435e+03	-1.0912e+03	2.7134e+02	1.7396e+02	-3.2963e+02	1.1753e+03	-1.2705e+03	2.6167e+02	1.7722e+03	1.6909e+03	1.0031e+03	-1.0354e+03	3.1630e+01	6.2095e+02	4.1573e+02	-5.5286e+02	1.7015e+02	-1.5018e+02	-1.1927e+03	9.9503e+02	-7.5841e+02	-6.2367e+02	1.2729e+03	4.1880e+02	6.0673e+02	-1.0070e+03	1.2505e+03	5.9271e+02	-9.6619e+02	-1.1366e+03	-1.6334e+02	-6.1795e+02	-2.1154e+03	-1.1640e+03	-8.2089e+02	9.4338e+02	-7.6460e+02	1.4285e+03	6.8812e+02	-1.1840e+03	8.0073e+02
2.0000e+05	-8.1068e+02	-2.9831e+03	1.7540e+03	9.0245e+02	9.7824e+02	-6.0890e+02	-2.4232e+02	-4.1129e+03	2.4080e+03	-5.0926e+02	4.7386e+02	2.8992e+03	-3.6873e+02	-4.5034e+02	9.3636e+02	2.2961e+03	4.6243e+02	2.1392e+03	-1.5928e+03	1.5219e+03	-6.6125e+02	2.2691e+03	3.5316e+02	-2.5941e+02	1.1047e+03	4.3817e+03	-2.8903e+02	3.1983e+02	2.6260e+03	-7.1965e+02	-1.0295e+03	1.4745e+03	-1.5914e+03	-3.5508e+02	-1.3253e+03	3.5917e+02	2.2517e+03	-2.8731e+03	-1.6293e+03	-1.7451e+03	9.6393e+02	1.3572e+03	-1.6013e+03	-1.4072e+00	-1.2034e+03	1.0009e+03	-1.3695e+03	-2.9825e+03	5.0903e+02	4.9156e+02	-2.6440e+03	4.6496e+02	4.6158e+03	3.2849e+03	4.6044e+02	6.2727e+02	1.8254e+03	2.0564e+03	-6.1742e+02	1.6169e+03	-3.3420e+03	1.4981e+03	-4.1399e+03	2.1646e+02	-3.0141e+03	-4.0282e+01	3.4107e+02	-9.0329e+02	6.2229e+02	1.4095e+03	2.8477e+03	1.5877e+03	4.6394e+02	-3.6900e+02	9.2698e+02	-1.8898e+03	1.4264e+03	-3.3648e+01	-3.3696e+03	-1.8560e+03	-5.8986e+02	-3.7468e+02	3.4558e+03	-3.2546e+02	-3.3411e+02	1.6372e+02	1.0072e+03	-1.9300e+03	4.4804e+02	1.5812e+02	-3.9145e+03	2.5238e+03	-1.0881e+03	2.4946e+03	8.0771e+02	7.9110e+01	-8.9370e+02	-1.5014e+03	3.0480e+03	5.9468e+02	-4.8282e+02	3.6007e+02	1.2936e+03	-2.3795e+03	-1.9709e+03	1.4833e+02	1.7371e+03	1.6062e+02	-3.4689e+03	-1.1378e+03	1.6701e+03	2.2111e+03	9.1835e+02	-2.3999e+03	-2.1467e+03	-1.6102e+03	2.0113e+02	2.8761e+03	-1.7364e+03	-7.9482e+02	-4.1434e+02	-4.6456e+03	-6.4095e+02	-6.6087e+02	1.3085e+03	4.8726e+02	-5.7100e+02	-1.9188e+02	-3.2546e+02	-3.1797e+03	-1.3022e+03	1.0744e+03	-4.2974e+01	-2.1111e+03	1.1233e+02	-1.7647e+03	-1.3501e+03	-9.5479e+02	-1.5739e+03	-1.5345e+03	-4.3813e+02	3.3719e+03	1.5168e+03	-2.3775e+03	2.2539e+03	2.7238e+03	-6.0288e+02	-2.3031e+03	3.5319e+03	4.3114e+03	-7.2068e+02	1.4332e+02	4.6447e+03	3.0081e+03	8.8877e+01	-3.1167e+03	-2.2267e+03	3.2658e+03	-5.1464e+02	-2.4006e+03	1.3428e+03	5.6816e+02	1.4457e+03	-9.6392e+02	2.5854e+03	-3.2993e+03	-1.2749e+03	-9.9561e+02	-2.0775e+03	-3.6224e+02	-3.0471e+02	-1.9583e+03	-2.4342e+03	-1.5131e+03	1.0958e+03	2.8574e+03	1.0325e+03	-1.0615e+03	-1.6438e+03	3.8602e+02	-7.9741e+02	2.1152e+03	-4.3189e+03	2.7288e+02	4.8737e+02	8.6687e+02	-1.0813e+03	-2.4533e+02	1.5206e+03	-4.3264e+03	2.7366e+03	-5.6034e+02	2.1738e+03	1.8360e+03	-2.3622e+03	1.3745e+03	8.1265e+02	2.5436e+03	5.8706e+02	-1.2572e+03
