2.0000e+05	9.9005e+04
2.0000e+05	9.9412e+04
2.0000e+05	9.9129e+04
2.0000e+05	9.9133e+04
2.0000e+05	9.9288e+04
2.0000e+05	9.9056e+04
2.0000e+05	9.9647e+04
2.0000e+05	9.9505e+04
2.0000e+05	1.0012e+05
2.0000e+05	9.9811e+04
2.0000e+05	9.9974e+04
2.0000e+05	1.0025e+05
2.0000e+05	1.0008e+05
2.0000e+05	1.0043e+05
2.0000e+05	1.0014e+05
2.0000e+05	1.0043e+05
2.0000e+05	1.0088e+05
2.0000e+05	1.0085e+05
2.0000e+05	1.0088e+05
2.0000e+05	1.0137e+05
2.0000e+05	1.0123e+05
2.0000e+05	1.0080e+05
2.0000e+05	1.0018e+05
2.0000e+05	9.9372e+04
2.0000e+05	9.9624e+04
2.0000e+05	1.0082e+05
2.0000e+05	1.0116e+05
2.0000e+05	1.0052e+05
2.0000e+05	1.0030e+05
2.0000e+05	9.9813e+04
2.0000e+05	9.9987e+04
2.0000e+05	1.0018e+05
2.0000e+05	1.0051e+05
2.0000e+05	9.9774e+04
2.0000e+05	1.0079e+05
2.0000e+05	1.0056e+05
2.0000e+05	1.0058e+05
2.0000e+05	1.0061e+05
2.0000e+05	1.0042e+05
2.0000e+05	1.0016e+05
2.0000e+05	1.0102e+05
2.0000e+05	1.0074e+05
2.0000e+05	1.0084e+05
2.0000e+05	1.0075e+05
2.0000e+05	1.0100e+05
2.0000e+05	1.0067e+05
2.0000e+05	1.0114e+05
2.0000e+05	1.0063e+05
2.0000e+05	1.0107e+05
2.0000e+05	1.0113e+05
2.0000e+05	1.0158e+05
2.0000e+05	1.0091e+05
2.0000e+05	1.0082e+05
2.0000e+05	1.0071e+05
2.0000e+05	1.0172e+05
2.0000e+05	1.0117e+05
2.0000e+05	1.0129e+05
2.0000e+05	1.0168e+05
2.0000e+05	1.0147e+05
2.0000e+05	1.0080e+05
2.0000e+05	1.0103e+05
2.0000e+05	1.0144e+05
2.0000e+05	1.0087e+05
2.0000e+05	1.0136e+05
2.0000e+05	1.0132e+05
2.0000e+05	1.0116e+05
2.0000e+05	1.0145e+05
2.0000e+05	1.0109e+05
2.0000e+05	1.0064e+05
2.0000e+05	1.0131e+05
2.0000e+05	1.0126e+05
2.0000e+05	1.0125e+05
2.0000e+05	1.0094e+05
2.0000e+05	1.0098e+05
2.0000e+05	1.0100e+05
2.0000e+05	1.0115e+05
2.0000e+05	1.0109e+05
2.0000e+05	1.0102e+05
2.0000e+05	1.0100e+05
2.0000e+05	1.0082e+05
2.0000e+05	1.0055e+05
2.0000e+05	1.0074e+05
2.0000e+05	1.0123e+05
2.0000e+05	1.0102e+05
2.0000e+05	1.0066e+05
2.0000e+05	1.0027e+05
2.0000e+05	1.0117e+05
2.0000e+05	1.0069e+05
2.0000e+05	1.0041e+05
2.0000e+05	1.0046e+05
2.0000e+05	1.0065e+05
2.0000e+05	1.0087e+05
2.0000e+05	1.0040e+05
2.0000e+05	1.0098e+05
2.0000e+05	1.0064e+05
2.0000e+05	1.0025e+05
2.0000e+05	9.9759e+04
2.0000e+05	1.0073e+05
2.0000e+05	1.0058e+05
2.0000e+05	1.0000e+05
2.0000e+05	1.0058e+05
2.0000e+05	1.0042e+05
2.0000e+05	1.0027e+05
2.0000e+05	1.0046e+05
2.0000e+05	1.0063e+05
2.0000e+05	9.9428e+04
2.0000e+05	1.0030e+05
2.0000e+05	1.0073e+05
2.0000e+05	1.0022e+05
2.0000e+05	9.9924e+04
2.0000e+05	9.9951e+04
2.0000e+05	1.0010e+05
2.0000e+05	1.0024e+05
2.0000e+05	9.9504e+04
2.0000e+05	1.0041e+05
2.0000e+05	1.0026e+05
2.0000e+05	9.9601e+04
2.0000e+05	1.0014e+05
2.0000e+05	1.0015e+05
2.0000e+05	1.0022e+05
2.0000e+05	9.9907e+04
2.0000e+05	9.9645e+04
2.0000e+05	9.9355e+04
2.0000e+05	9.9316e+04
2.0000e+05	9.9715e+04
2.0000e+05	9.9747e+04
2.0000e+05	9.9417e+04
2.0000e+05	9.9660e+04
2.0000e+05	9.9583e+04
2.0000e+05	9.9678e+04
2.0000e+05	9.9412e+04
2.0000e+05	9.9276e+04
2.0000e+05	9.9142e+04
2.0000e+05	9.9602e+04
2.0000e+05	9.9669e+04
2.0000e+05	9.9570e+04
2.0000e+05	9.8931e+04
2.0000e+05	9.9524e+04
2.0000e+05	9.9855e+04
2.0000e+05	9.9349e+04
2.0000e+05	9.9212e+04
2.0000e+05	9.9533e+04
2.0000e+05	9.9699e+04
2.0000e+05	9.9207e+04
2.0000e+05	9.9536e+04
2.0000e+05	9.9039e+04
2.0000e+05	9.9010e+04
2.0000e+05	9.9520e+04
2.0000e+05	9.9215e+04
2.0000e+05	9.9566e+04
2.0000e+05	9.9154e+04
2.0000e+05	9.9226e+04
2.0000e+05	9.9232e+04
2.0000e+05	9.9156e+04
2.0000e+05	9.9253e+04
2.0000e+05	9.9710e+04
2.0000e+05	9.9266e+04
2.0000e+05	9.8919e+04
2.0000e+05	9.9276e+04
2.0000e+05	9.8830e+04
2.0000e+05	9.9162e+04
2.0000e+05	9.8860e+04
2.0000e+05	9.9025e+04
2.0000e+05	9.8880e+04
2.0000e+05	9.9003e+04
2.0000e+05	9.9420e+04
2.0000e+05	9.8805e+04
2.0000e+05	9.9039e+04
2.0000e+05	9.8921e+04
2.0000e+05	9.9198e+04
2.0000e+05	9.8861e+04
2.0000e+05	9.8331e+04
2.0000e+05	9.8796e+04
2.0000e+05	9.8525e+04
2.0000e+05	9.9174e+04
2.0000e+05	9.9374e+04
2.0000e+05	9.8792e+04
2.0000e+05	9.9208e+04
2.0000e+05	9.8952e+04
2.0000e+05	9.8586e+04
2.0000e+05	9.8565e+04
2.0000e+05	9.8644e+04
2.0000e+05	9.8862e+04
2.0000e+05	9.9252e+04
2.0000e+05	9.9134e+04
2.0000e+05	9.8926e+04
2.0000e+05	9.8900e+04
2.0000e+05	9.9199e+04
2.0000e+05	9.9421e+04
2.0000e+05	9.9154e+04
2.0000e+05	9.8828e+04
2.0000e+05	9.8506e+04
2.0000e+05	9.8990e+04
2.0000e+05	9.8848e+04
2.0000e+05	9.8813e+04
2.0000e+05	9.9265e+04
2.0000e+05	9.8916e+04
2.0000e+05	9.8873e+04
2.0000e+05	9.9078e+04
2.0000e+05	9.9326e+04
