2.0000e+04	-3.0753e+02	6.8974e+02	-3.0257e+01	9.0435e+01	1.0505e+01	-1.2280e+02	-2.5970e+02	-6.0464e+01	9.2062e+02	-1.0584e+02	-9.4754e+02	5.7216e+02	2.3529e+02	1.7328e+02	-2.1497e+02	-2.4495e+02	-5.2737e+02	-3.4371e+02	3.1840e+02	-5.0783e+00	-3.1543e+02	3.5144e+02	4.3438e+01	1.7913e+02	-1.6732e+02	1.7466e+02	7.3406e+02	-2.1204e+02	-2.5490e+01	-5.6095e+02	-2.2784e+02	-1.8879e+02	7.9646e+02	4.7844e+02	7.7665e+02	-5.6093e+02	-3.6725e+02	-5.1820e+02	3.6164e+02	-1.8640e+02	7.3280e+01	5.8038e+02	-4.9215e+02	6.3846e+01	-2.8677e+02	3.5918e+02	-3.2134e+02	-2.0675e+01	-9.7931e+01	3.1604e+02	3.9112e+02	-9.2947e+00	-5.7199e+00	-2.0979e+02	-1.7229e+01	-3.9241e+02	-1.9474e+02	3.6110e+02	3.2533e+02	1.8199e+02	-3.6159e+02	-6.0533e+01	5.3564e+02	-4.8720e+02	-4.2354e+02	-1.9629e+02	-4.0133e+02	-1.0706e+01	-3.5465e+02	1.7713e+02	-2.0165e+01	-7.2370e+01	-2.0784e+02	2.3878e+02	5.4987e+02	1.7252e+02	-1.0305e+02	6.9520e+01	-2.8645e+01	-8.0402e+01	-3.2967e+02	-1.3212e+02	-6.0977e+01	-2.4013e+02	-1.4497e+02	-4.1261e+02	7.3616e+01	-4.0997e+02	-2.5101e+02	2.0488e+02	1.6702e+02	-5.4127e+02	1.4999e+02	3.7289e+01	-3.5925e+02	2.7485e+02	-1.2559e+02	-1.8530e+02	-8.2655e+01	-6.4537e+02	8.3325e+02	-2.5999e+02	8.3334e+01	-4.0634e+02	6.7069e+02	4.6699e+02	1.1493e+02	2.6593e+01	3.2386e+02	-3.2496e+02	6.1071e+01	3.1726e+02	4.2874e+02	3.2331e+02	1.0379e+02	-6.1088e+02	1.0128e+02	-7.4425e+01	-3.1509e+02	-3.4012e+02	-3.7894e+02	-3.8558e+02	-2.4504e+02	-1.5723e+02	3.9136e+02	1.8776e+02	-2.1857e+02	4.8794e+02	2.2224e+02	6.6472e+02	-3.9334e+01	2.2754e+02	1.4448e+02	-2.1940e+02	-3.3207e+01	-2.1401e+02	2.0795e+02	5.2933e+02	5.9089e+02	-1.3846e+02	-4.3400e+02	-3.0713e+02	1.3939e+02	-4.9760e+02	-3.6631e+02	-4.0034e+02	1.6856e+02	1.6250e+02	2.7007e+02	1.6261e+02	2.6765e+02	-1.7924e+01	-1.2391e+02	-1.3883e+02	3.0341e+02	-6.7599e+02	-1.7318e+02	6.9884e+01	-1.6476e+02	-4.9116e+02	3.3409e+02	3.3372e+02	-5.3287e+02	6.8819e+02	7.3524e+01	1.0297e+01	2.6764e+01	6.8794e+01	-1.1711e+02	8.3610e+01	-1.9227e+02	-1.4828e+02	-4.4411e+02	2.1275e+02	-8.0613e+02	3.8819e+02	7.9589e+01	-6.2787e+02	-4.1641e+02	2.0582e+02	-6.8526e+02	4.6049e+02	-4.0289e+02	2.1166e+02	-1.7532e+02	1.9837e+01	1.5098e+02	-4.8415e+01	6.8546e+01	9.3683e+01	5.3500e+02	6.3125e+02	-6.9516e+01	9.3159e+01	6.2393e+02	-5.6207e+02	5.4219e+02	8.2062e+01	4.0631e+02	5.7398e+01
2.0000e+04	1.5739e+00	-1.1304e+03	-1.5852e+02	3.5949e+02	-2.7217e+01	4.2841e+02	7.7822e+01	2.7732e+02	2.6160e+02	7.9889e+02	-3.6108e+02	1.0561e+03	1.2115e+03	-3.8035e+02	1.8511e+01	-7.4856e+02	2.8247e+02	8.1521e+02	-5.2651e+02	-3.9671e+02	7.3573e+02	-1.5444e+02	-2.6194e+02	4.2621e+02	-5.4017e+02	1.3866e+02	-6.2547e+02	-2.6591e+02	1.1857e+03	-5.7386e+02	-1.3098e+02	-5.7713e+02	-4.2639e+02	7.7004e+02	-5.0680e+02	2.2040e+02	4.5942e+02	5.9763e+01	4.3481e+02	-1.1045e+03	-4.3160e+02	8.2012e+01	7.3567e+02	2.3490e+02	5.8855e+02	3.8596e+01	-8.1830e+01	1.0547e+02	3.7841e+02	-2.8096e+02	1.2333e+03	-4.5411e+02	1.0940e+03	7.5663e+01	4.0991e+02	-5.8988e+02	1.2580e+03	8.5375e+02	5.5693e+02	-2.2567e+02	-2.4603e+02	5.5235e+02	-1.3340e+03	2.8202e+02	-7.9287e+02	7.5406e+02	-3.3814e+02	7.8838e+02	3.3825e+02	4.5400e+02	-4.8015e+02	-6.9723e+01	1.5051e+02	1.4275e+03	-4.1821e+02	-1.9196e+02	1.0795e+02	3.6972e+02	-5.1001e+02	3.9903e+01	-1.3525e+02	-4.4475e+02	7.9132e+02	3.0202e+02	1.0166e+02	-1.5492e+03	8.2905e+02	-3.8030e+02	6.4730e+01	5.5336e+01	-8.9220e+02	-8.2176e+02	7.2167e+02	-6.4886e+01	1.1356e+02	9.8939e-01	1.4308e+02	-7.9020e+02	1.4143e+02	-3.9756e+02	7.1595e+01	-1.3304e+02	4.8437e+02	-7.0627e+02	-1.2959e+03	-4.1419e+02	1.0410e+02	-6.0904e+02	-6.9719e+02	1.4503e+02	-1.2145e+03	4.9144e+02	-1.8110e+01	3.2779e+02	1.5820e+03	6.7162e+01	7.8386e+02	8.4173e+02	9.4280e+01	1.1641e+03	-3.4900e+02	4.0574e+01	2.8755e+02	1.9034e+02	1.9295e+02	3.2151e+02	1.3929e+03	-1.2077e+03	-5.5991e+02	-1.0149e+03	6.3948e+02	-1.1510e+03	4.9555e+02	3.9193e+02	9.3611e+02	7.8040e+02	-5.6467e+02	3.5168e+01	9.1169e+02	3.8332e+02	-7.2568e+02	1.1788e+02	-5.9653e+02	-4.6380e+02	-3.8892e+02	-5.8671e+02	-1.4690e+03	-2.0771e+02	-1.0667e+03	-6.2031e+01	3.5828e+01	3.1761e+02	5.6885e+02	-7.1957e+01	3.1800e+02	5.3291e+01	3.6930e+02	3.2318e+02	9.8309e+02	-3.6100e+02	-9.5617e+01	-6.6622e+02	-1.3313e+03	1.2861e+02	8.1740e+02	-3.6724e+02	9.2497e+02	4.3631e+02	-7.0041e+02	-1.7850e+02	1.3522e+02	5.4975e+01	-7.1070e+02	-8.7645e+02	3.9422e+01	2.8213e+02	9.3828e+02	-5.3112e+02	1.0217e+02	-7.5845e+01	4.7512e+02	-1.1255e+03	-9.3302e+02	3.3526e+01	-5.1688e+02	-2.8611e+02	2.3853e+02	3.7087e+02	6.6612e+01	8.0379e+02	5.9010e+02	1.1796e+03	-1.6413e+02	1.7595e+02	-9.5899e+02	3.8720e+02	-1.6984e+03	9.2595e+02	-6.2028e+02	5.0706e+02
4.0000e+04	-7.3987e+01	2.8418e+02	-1.9876e+02	3.0796e+02	-1.2557e+02	-2.2943e+02	7.1901e+01	-2.4826e+02	7.0707e+02	-2.3477e+02	-8.3837e+02	1.5699e+02	4.0030e+02	3.5232e+02	1.4449e+02	-9.9674e+00	-1.7674e+02	-6.4823e+02	6.8160e+02	5.7190e+02	6.5579e+01	1.6532e+02	3.4613e+02	8.7153e+02	-3.3698e+00	2.7662e+02	7.2178e+02	-1.7115e+02	-3.4121e+01	-4.4028e+02	-3.9586e+02	-3.5340e+02	6.7617e+02	6.8704e+02	1.0471e+03	-3.1613e+02	-3.7635e+02	-7.5958e+02	5.9134e+02	-3.1931e+02	-3.3752e+02	2.8203e+02	-1.5516e+01	2.7073e+02	-5.0410e+02	1.6621e+02	-8.8199e+02	1.3550e+02	3.2896e+02	6.3978e+01	1.6556e+02	-4.8074e+02	5.4989e+02	-3.2820e+02	1.1665e+02	1.4147e+02	-5.9769e+02	8.2978e+02	7.1551e+01	4.8179e+01	-9.8657e+02	-9.0622e+01	4.2792e+02	-6.7958e+02	-5.3205e+02	1.5297e+02	-7.1658e+02	-2.1107e+02	9.6525e+01	5.2630e+02	-5.8476e+01	1.8238e+02	-9.7713e+01	5.0799e+02	6.7253e+02	2.2947e+01	-1.8389e+01	4.2621e+02	2.7400e+01	3.3012e+01	-2.4724e+02	-8.9609e+01	-6.5780e+02	-4.1465e+02	-1.7768e+02	-1.1849e+02	5.6637e+02	-2.0882e+02	-1.6486e+02	-2.4148e+01	9.0172e+02	-4.4577e+02	-4.3367e+01	-1.3857e+02	-1.1205e+01	3.2182e+02	-1.9688e+02	1.7836e+02	-6.8986e+02	-1.7137e+02	1.2156e+03	-4.0458e+01	2.2016e+02	-1.9671e+02	9.0326e+02	2.0163e+02	-1.1059e+02	2.3908e+02	2.9586e+01	1.0976e+02	-3.2640e+01	-2.6994e+02	4.3625e+02	6.9729e+02	-1.0144e+02	-1.5665e+02	-9.5098e+01	-2.1703e+02	-2.0713e+02	-4.3026e+02	-2.1129e+02	-3.0866e+02	3.5841e+02	-1.6290e+02	4.4424e+02	2.9316e+02	7.2912e+01	5.7065e+02	1.1757e+02	8.7362e+02	9.4516e+02	-3.1637e+02	-2.9471e+02	4.2856e+01	1.8029e+01	-2.3585e+02	-8.3679e+01	1.0900e+03	9.0445e+02	-3.3873e+02	-3.1210e+02	-2.7530e+02	3.2992e+02	-3.1813e+02	-8.9104e+01	-2.2002e+02	3.7580e+02	-1.1388e+02	6.0817e+02	4.6290e+02	3.2293e+02	-2.8297e+02	-1.7519e+02	-1.7646e+02	-1.7516e+02	-5.6000e+02	-1.3192e+02	-1.2097e+02	1.3444e+02	-3.2445e+02	1.3828e+02	5.6815e+02	-1.1358e+02	8.0045e+02	-2.2062e+01	-1.8873e+02	-5.6371e+02	9.1751e+02	1.8241e+02	-2.6732e+02	-1.6774e+02	-1.9164e+02	-4.5572e+02	3.1272e+02	-1.2868e+03	8.2152e+02	1.0256e+02	-1.2463e+03	-5.0641e+02	8.3165e+02	-5.5124e+02	6.3348e+02	-7.4188e+02	-1.4720e+02	-2.8177e+02	2.9372e+01	2.3466e+02	-2.8168e+02	-1.1631e+02	2.8358e+02	-6.5186e+01	8.8118e+02	-6.0267e+02	5.6029e+02	4.0537e+02	-6.3164e+02	7.6330e+02	-3.8728e+01	3.9905e+02	1.4662e+02
4.0000e+04	-2.4976e+01	-4.4645e+02	-5.6827e+02	-2.3672e+02	-3.4054e+02	1.5121e+03	9.8351e+02	-2.2649e+02	1.1769e+03	2.2708e+02	-1.0382e+03	9.7307e+02	7.0340e+02	-2.9255e+02	-1.1680e+02	-7.6455e+02	8.3320e+01	7.5860e+02	3.6454e+01	-1.4368e+03	6.2241e+02	7.5324e+02	-4.3580e+02	7.3051e+02	6.3447e+02	-1.1359e+03	8.5294e+02	-1.2987e+03	1.3159e+03	6.8568e+02	-1.0740e+03	-1.1551e+03	-1.4933e+03	4.6032e+02	3.5203e+02	-4.4627e+02	-6.2589e+01	-1.4221e+02	5.7809e+02	-1.2554e+03	-9.8622e+02	-4.1270e+02	3.9057e+02	-5.6652e+00	5.2531e+02	-2.9719e+02	-3.0144e+02	1.9201e+01	-2.8593e+01	-2.4147e+02	1.1395e+03	-1.1868e+01	1.8882e+03	2.0481e+02	9.5210e+02	-7.8894e+02	1.5942e+02	1.2413e+03	-2.7261e+02	5.9444e+02	-4.4508e+02	4.4207e+02	-7.0947e+02	3.3507e+02	-2.1706e+02	1.7079e+03	-5.0249e+02	6.2759e+02	-6.1626e+02	1.4019e+03	7.2728e+02	8.2159e+02	2.7970e+02	1.6902e+03	-1.1287e+03	-4.2899e+02	1.6663e+02	2.5106e+02	1.6817e+02	8.2123e+02	-5.9584e+02	-2.3459e+02	6.8931e+02	6.1548e+02	-8.6348e+02	-2.3833e+03	3.9974e+02	-2.2890e+02	5.2736e+02	-3.7983e+02	-1.3431e+03	-1.1377e+03	1.0066e+03	-6.4528e+02	9.3190e+02	-1.7241e+02	8.0994e+01	1.0474e+02	7.6413e+02	-2.4126e+02	-2.0254e+01	-2.8796e+02	-1.9626e+02	-9.4889e+02	-8.7037e+02	-5.5302e+02	-8.9203e+01	-2.6561e+02	-1.2454e+02	4.7994e+02	-1.3808e+03	-4.6241e+02	5.9729e+02	1.3353e+02	2.0862e+03	2.5960e+02	2.0138e+03	-2.6354e+02	-1.8288e+02	1.1244e+03	-5.3332e+01	8.8192e+01	1.6129e+03	1.7522e+02	-1.4191e+02	-1.1575e+03	6.7810e+02	-1.6845e+03	-9.4663e+02	-2.7381e+02	9.3291e+02	-1.3270e+03	6.1504e+02	1.9788e+02	1.0315e+03	1.3344e+02	-1.2470e+03	1.0468e+03	2.3213e+03	-1.6554e+02	-3.5581e+02	8.4868e+02	-4.2726e+02	-8.6927e+02	7.2362e+01	-1.3657e+03	-1.8581e+03	4.2538e+01	-5.3238e+02	1.4387e+02	-8.7186e+02	2.4901e+02	1.3630e+03	-1.5621e+02	-9.3942e+02	-8.1481e+02	-1.0617e+03	-2.7645e+02	-1.5185e+01	-4.7005e+02	6.7414e+02	-1.3108e+03	-2.5724e+03	1.1108e+02	-2.0239e+02	-4.8191e+02	8.3135e+02	8.9812e+01	-5.9130e+02	-5.7587e+02	-2.3526e+02	-2.2929e+02	-5.6906e+02	-1.0098e+03	5.9403e+02	1.1652e+03	1.3507e+03	-1.0813e+03	5.1269e+02	-1.5081e+02	6.9654e+02	-1.0936e+03	-1.0665e+03	-4.6093e+02	-9.9792e+02	9.1676e+02	1.0227e+03	1.0366e+02	6.9128e+01	8.4775e+02	5.6357e+02	4.5611e+02	-7.6954e+02	2.6922e+02	-7.0257e+02	3.9289e+02	-1.4077e+03	7.4254e+02	-1.7791e+03	1.5325e+03
6.0000e+04	1.0478e+02	2.9777e+02	-3.8140e+02	4.5054e+02	-4.5172e+02	-9.4111e+01	6.1472e+00	-6.5506e+02	7.7488e+02	-1.1139e+02	-1.1912e+03	-2.4500e+02	1.0305e+03	7.0205e+02	5.0462e+02	1.2509e+02	-2.3115e+02	-1.0035e+03	4.3196e+02	3.8193e+02	1.2192e+03	1.6803e+02	6.0939e+01	1.0699e+03	4.3256e+02	6.9407e+02	5.9426e+02	1.3591e+02	4.2094e+02	1.7078e+02	-9.0324e+02	-2.9892e+02	2.5007e+02	3.8396e+02	1.4034e+03	-3.6679e+02	-8.1973e+01	-5.5519e+02	4.9319e+02	-2.9316e+01	-5.0675e+02	4.5609e+02	-4.7500e+02	1.6950e+01	-1.0508e+02	1.3092e+02	-1.0996e+03	4.8201e+02	3.2013e+02	5.2482e+01	1.6330e+02	-7.5773e+02	7.2995e+02	-5.7750e+02	6.5476e+02	-4.5728e+02	-4.7705e+02	1.0165e+03	-2.3094e+01	8.4875e+01	-1.2915e+03	-2.8119e+01	1.3365e+02	-4.5997e+02	-5.6764e+02	-2.1864e+02	-1.0422e+03	7.1263e-01	1.8828e+02	9.0508e+02	3.7096e+02	1.3277e+01	-5.4856e+02	1.0312e+03	7.5424e+02	-1.7188e+02	-3.5612e+02	7.8322e+02	2.5927e+02	8.1664e+02	5.4364e+02	1.4982e+01	-9.4873e+02	-3.6162e+02	-1.7766e+02	-2.0745e+02	3.5031e+02	-8.0453e+02	-3.1433e+02	6.2077e+02	8.4239e+02	7.2338e+01	-1.0373e+02	-4.0518e+02	-3.0971e+02	9.9503e+02	-6.4816e+02	1.1972e+02	1.1233e-01	-7.0663e+01	1.3304e+03	-3.5530e+02	4.1890e+02	9.5486e+02	1.2706e+03	2.0075e+02	-1.8151e+02	3.6849e+02	2.1805e+02	4.1831e+02	-1.4026e+02	-3.6247e+02	5.8177e+02	7.7175e+02	4.0197e+02	-5.9191e+01	1.7053e+02	1.5131e+02	8.3123e+01	-2.9119e+02	-3.0619e+02	3.7161e+02	3.7036e+02	-2.4510e+02	1.6914e+02	2.7950e+02	6.6817e+02	3.8804e+02	5.1855e+02	7.6136e+02	4.3371e+02	-1.1324e+02	-9.7837e+01	1.5104e+02	-3.1278e+02	-5.4667e+01	-1.0058e+02	1.4013e+03	9.6520e+02	-9.0698e+02	-5.0191e+02	-3.7630e+01	1.8219e+02	-4.5151e+02	1.4472e+02	-4.6710e+02	4.9001e+02	-4.7941e+02	1.5083e+03	3.5362e+02	-1.2104e+02	1.0745e+02	-2.5733e+02	2.6862e+02	9.4454e+01	-3.6979e+02	-3.0848e+02	4.0200e+01	4.3788e+02	4.6573e+00	3.6973e+02	1.0520e+03	4.6201e+02	8.5035e+02	1.5062e+02	-9.6769e+02	-2.5174e+02	1.1361e+03	-1.8142e+02	-4.9938e+02	-4.4347e+02	5.5968e+02	-9.5109e+02	7.2994e+02	-1.3535e+03	5.1899e+02	4.0156e+01	-1.4060e+03	-9.0152e+01	1.4583e+03	-6.7192e+02	5.4862e+02	-9.9930e+02	2.3739e+01	2.9351e+02	-2.8411e+02	-3.4815e+02	-1.6996e+02	2.7803e+01	6.2955e+02	-2.7277e+02	1.3883e+03	-7.2722e+02	1.0933e+02	5.4794e+02	-9.2279e+02	7.6079e+02	-9.9551e+02	2.0456e+02	2.3959e+02
6.0000e+04	7.4849e+02	-5.0209e+02	-1.0676e+03	1.4110e+02	4.9438e+02	1.9286e+03	1.3619e+03	-1.0696e+03	1.1998e+03	-1.3499e+01	-2.0057e+03	5.5544e+02	1.3190e+03	-1.1203e+03	-6.8775e+01	-1.1788e+03	2.2196e+01	1.2064e+02	-1.0837e+03	-1.1779e+03	4.8576e+02	-4.9170e+01	-1.2111e+03	7.8434e+02	3.4709e+02	-1.9627e+03	9.6911e+02	-8.2170e+02	1.2474e+03	5.6347e+02	-1.0704e+03	-1.4303e+03	-1.1893e+03	3.4677e+02	-7.6021e+02	2.7872e+02	-2.7653e+02	7.3528e+02	1.5229e+02	-6.9991e+02	-8.8579e+02	-1.2501e+03	1.4175e+03	-1.0308e+03	8.4072e+02	4.1756e+02	-4.2237e+02	3.8148e+02	-1.9657e+02	-5.4015e+01	4.8450e+01	-2.1788e+02	1.7093e+03	9.7960e+02	1.3009e+03	-3.2696e+02	-3.2632e+02	1.1188e+03	8.0703e+02	7.0884e+02	4.1349e+02	-2.9133e+01	-1.9479e+02	-4.9200e+01	-9.2677e+02	1.9654e+03	-2.1457e+02	5.4569e+02	-1.1904e+03	1.9512e+03	2.1910e+03	1.7517e+03	7.1694e+02	1.6308e+03	-2.7664e+03	-7.5027e+02	9.4816e+01	-5.4801e+02	9.3214e+01	1.3643e+03	-5.2402e+02	1.4047e+02	-2.9146e+02	8.7821e+02	-1.3450e+03	-1.8177e+03	9.1094e+02	-4.4995e+02	1.9300e+03	-8.7986e+02	-2.1057e+02	-1.9304e+02	5.8249e+02	-1.4166e+03	2.0483e+03	-1.0274e+02	4.0710e+02	-5.4429e+02	1.2426e+03	-9.1277e+02	-5.3797e+02	-3.3992e+02	-4.7008e+02	-7.4571e+02	-1.7113e+03	-1.5776e+03	-2.1740e+02	-1.1979e+03	-1.8677e+02	1.2246e+03	-1.5547e+03	-3.5870e+02	-1.6089e+02	-9.1951e+01	2.8241e+03	4.1523e+02	2.7513e+03	-1.4061e+02	5.3530e+02	1.6372e+03	3.3612e+02	1.5869e+02	2.0716e+03	-1.3740e+01	-1.2762e+03	-8.7282e+02	1.1724e+03	-1.7144e+03	-1.2254e+03	-2.6527e+02	1.5562e+03	-1.1179e+03	1.4495e+03	-4.5534e+02	9.0236e+02	-2.3627e+02	-9.4757e+02	6.5188e+02	2.8300e+03	-8.6080e+02	-1.0318e+03	1.2474e+03	6.1750e+02	-1.1818e+03	-6.6589e+01	-8.6539e+02	-2.1990e+03	1.8688e+02	-1.5481e+02	2.3909e+02	-4.2560e+02	2.6041e+02	1.7536e+03	5.0456e+01	-1.0088e+03	-1.3587e+03	-9.3764e+02	-2.2107e+01	4.0713e+02	2.2923e+02	9.3252e+02	-1.8400e+03	-3.4114e+03	1.3844e+03	-2.5125e+02	5.5406e+02	-3.1480e+02	7.3883e+02	-9.7933e+02	-1.2112e+03	4.0353e+02	-7.2366e+02	-1.1202e+02	-1.0078e+03	4.8400e+02	1.5846e+02	1.0855e+03	-1.7551e+03	5.1254e+02	2.1685e+02	9.6945e+02	-2.4505e+03	-1.1502e+03	-9.1614e+02	-1.3172e+03	9.2070e+02	6.9568e+02	1.1678e+03	1.0696e+02	1.0399e+03	5.7470e+02	6.4849e+02	-1.2402e+03	7.2258e+02	-1.7845e+03	1.1575e+03	-6.0025e+02	1.2854e+03	-2.6507e+03	1.3195e+03
8.0000e+04	6.2065e+02	8.8398e+02	-3.3299e+02	6.2708e+02	-5.9423e+02	3.1336e+02	2.9103e+02	-1.2402e+03	1.2907e+03	-1.6104e+02	-9.0602e+02	-1.0482e+02	1.3515e+03	4.6617e+02	5.7335e+02	4.9745e+00	-4.0065e+02	-9.9499e+02	5.8990e+01	4.2570e+02	9.1621e+02	6.6871e+02	7.9532e+02	1.2312e+03	7.9160e+02	9.6814e+02	7.0076e+02	-4.3174e+02	8.3589e+02	-2.2635e+02	-1.4983e+03	-4.7762e+02	8.2358e+01	1.6358e+02	1.4881e+03	-2.7288e+02	-3.6814e+02	-3.6906e+02	-6.7704e+01	2.3142e+02	-1.0342e+03	4.6136e+02	-3.4164e+02	-1.0900e+02	-3.6129e+01	1.0164e+02	-1.1194e+03	5.4794e+02	-2.5826e+01	6.0605e+02	1.0550e+02	-8.9639e+02	7.6158e+02	-5.1868e+02	4.1099e+02	-4.6753e+02	-6.0853e+02	9.6516e+02	2.1957e+02	3.6799e+02	-1.7514e+03	2.6541e+02	3.5075e+02	-2.5244e+02	-1.2169e+02	3.5686e+02	-3.9090e+02	-3.1032e+02	5.7078e+02	1.3381e+03	4.0064e+02	6.8746e+01	-8.2977e+02	8.8192e+02	8.6688e+02	-2.7772e+02	3.0266e+02	1.4666e+03	4.4156e+02	1.0234e+03	6.9104e+02	4.5520e+02	-3.0508e+02	-4.3161e+02	-4.0006e+02	-2.5408e+02	2.9997e+02	-5.5907e+02	-4.8759e+02	9.1175e+02	6.2258e+02	3.4124e+02	2.0227e+02	-4.2175e+02	-4.7992e+02	1.0871e+03	-4.8032e+02	3.7070e+02	6.0647e+02	-5.2440e+02	8.5633e+02	-3.6490e+01	1.7909e+02	1.5096e+03	1.5988e+03	-1.9853e+02	-5.6423e+02	7.3586e+01	6.6425e+02	-2.0918e+02	-1.0047e+03	-9.6105e+01	5.6140e+02	1.0644e+03	2.0124e+02	-1.0940e+02	2.6113e+01	3.0633e+02	-4.6302e+02	-3.7560e+02	-1.3204e+02	6.5589e+02	1.0189e+03	-2.6952e+02	2.9044e+02	3.5726e+02	8.0125e+02	4.4117e+02	4.9762e+02	6.9882e+02	4.9986e+02	-5.7534e+01	2.4792e+01	-2.2115e+01	-6.7744e+02	-1.1734e+02	2.0809e+02	1.6198e+03	6.1465e+02	-1.0398e+03	-4.3993e+02	-4.1954e+02	3.2809e+02	-1.9528e+00	6.5528e+01	-4.5205e+02	1.8540e+02	-9.8422e+02	1.8529e+03	-2.0019e+02	-4.1652e+02	3.0460e+02	-4.8730e+02	2.8534e+01	4.1320e+02	-3.4869e+01	-4.5314e+02	6.0149e+01	9.6170e+02	-4.1506e+02	3.6466e+02	1.0649e+03	7.2481e+02	4.2139e+02	1.0140e+02	-4.6640e+02	-3.3637e+02	1.4841e+03	5.2596e+01	-1.7881e+02	-3.1185e+02	5.9433e+02	-6.8886e+02	2.5058e+02	-1.2242e+03	2.9334e+02	1.5324e+01	-1.1324e+03	-1.8864e+00	1.1032e+03	-9.8127e+02	3.9622e+02	-1.7102e+03	-2.1474e+02	-2.1844e+02	-2.6393e+02	-5.2869e+02	-2.3756e+02	2.2773e+02	3.5736e+02	-8.8970e+02	1.8008e+03	-6.9447e+02	-1.0404e+01	-1.8609e+02	-1.1887e+03	9.6574e+02	-6.0209e+02	1.0355e+03	8.4679e+01
8.0000e+04	6.6556e+02	-6.6652e+02	-1.3933e+03	-5.1005e+02	1.2319e+03	1.5766e+03	1.7890e+03	-4.5719e+02	7.8480e+02	7.1339e+01	-2.5215e+03	3.7163e+02	2.0330e+03	-9.1634e+02	7.0200e+02	-1.1774e+03	-1.4220e+02	-4.0991e+01	-1.6581e+03	-1.1738e+03	-5.6570e+02	5.3175e+02	-1.7143e+03	-3.6661e+02	6.8888e+02	-2.6388e+03	7.2135e+02	-5.5382e+02	1.8726e+03	9.0679e+02	-2.0640e+03	-1.6026e+03	-1.2484e+03	7.5019e+02	-1.3223e+03	3.9930e+02	-2.1149e+02	1.7211e+03	1.2847e+02	-1.4718e+03	-6.9961e+02	-1.8424e+03	-1.4848e+02	-1.7492e+03	7.9334e+02	1.6202e+03	-1.2797e+02	-7.0368e+02	-1.5137e+03	6.8139e+01	2.8576e+02	-2.6208e+00	1.3487e+03	8.5123e+02	8.4724e+02	4.0387e+02	-1.0733e+03	1.5575e+03	6.4150e+02	1.3468e+03	-4.5743e+02	1.3714e+03	-5.0768e+01	6.0705e+00	-6.7506e+02	1.8914e+03	9.2516e+02	5.1984e+02	-1.9875e+02	2.3679e+03	2.4617e+03	1.2921e+03	-2.6875e+02	7.9817e+02	-2.3614e+03	-6.5421e+02	8.2355e+02	-4.1621e+02	-1.5417e+02	7.6303e+02	5.5439e+02	-5.0827e+02	-9.2734e+02	-3.5021e+02	-1.6751e+03	-2.9133e+03	-1.8235e+02	-2.6406e+02	2.0447e+03	-2.6975e+02	5.4342e+02	1.0465e+02	1.8358e+02	-1.1090e+03	1.0579e+03	5.2166e+02	1.3024e+03	-2.8921e+01	2.1859e+03	-9.9090e+02	-8.0861e+02	-7.1428e+02	-1.6501e+03	-6.1719e+02	-1.8366e+03	-1.8014e+03	2.3763e+02	-5.3122e+02	-1.3802e+02	8.4099e+02	-1.6763e+03	-4.9934e+02	9.6624e+02	-2.1487e+02	2.4483e+03	4.4632e+02	3.6841e+03	8.4490e+02	1.1618e+03	1.7154e+03	8.1017e+02	1.3877e+03	2.5083e+03	-8.9973e+02	-1.4734e+03	-1.5498e+03	7.3803e+02	-1.8365e+03	-2.0571e+02	-6.0627e+02	1.8948e+03	-4.4805e+02	1.2373e+03	-6.2759e+01	-5.2362e+01	6.1621e+02	-1.1483e+03	6.0796e+02	3.1891e+03	-4.0486e+02	-8.6569e+02	1.4534e+03	7.7545e+02	5.8472e+02	3.7129e+02	-2.7851e+02	-1.1107e+03	1.9870e+02	2.0603e+02	-1.3993e+03	-1.7715e+02	-1.3390e+02	1.4800e+03	6.8819e+02	-1.4120e+03	-2.4139e+03	-1.2645e+03	-9.5132e+02	-1.6442e+03	2.3971e+02	6.4108e+02	-2.4043e+03	-2.1240e+03	2.4092e+03	2.3935e+02	7.5750e+02	-8.0722e+02	-8.0735e+01	-1.3385e+03	-1.1082e+03	1.4737e+02	-6.4457e+02	-2.6233e+02	-8.8978e+02	9.9945e+02	3.6938e+02	2.4917e+03	-1.7064e+03	3.5353e+02	5.6898e+02	9.2813e+02	-1.3286e+03	-2.1057e+03	-9.0187e+02	-3.5749e+02	-3.1070e+02	6.6833e+02	1.1077e+03	8.7003e+02	1.0673e+03	9.7045e+02	1.9942e+03	-1.1937e+03	1.2494e+03	-1.8025e+03	1.6432e+03	-9.2855e+02	1.8609e+03	-2.9527e+03	1.3442e+03
1.0000e+05	1.0246e+03	9.3443e+02	2.1234e+02	9.7823e+02	-3.2577e+02	5.6794e+02	-1.4201e+02	-1.4129e+03	1.7144e+03	-1.5560e+02	-6.3474e+02	1.0669e+02	1.1576e+03	3.7731e+02	7.8224e+02	-4.3813e+02	-9.5950e+02	-8.2810e+02	-3.4163e+02	8.5374e+02	1.3517e+03	1.2596e+03	7.2483e+02	9.3624e+02	9.9184e+02	1.3575e+03	8.3717e+02	-1.5994e+02	1.0277e+03	9.5607e+01	-1.5773e+03	-2.2033e+02	9.5429e+01	-1.9875e+02	1.4417e+03	-4.8873e+02	-1.8413e+02	-8.5118e+02	1.8181e+02	3.2373e+02	-7.8378e+02	-6.8730e+01	-7.4879e+02	-7.0041e+01	-1.4637e+02	1.1575e+02	-5.6022e+02	9.1704e+02	4.8125e+02	2.1252e+02	3.4158e+02	-1.0820e+03	1.0251e+02	7.6880e+01	4.6500e+02	-4.0136e+02	-7.4183e+01	7.5768e+02	4.3504e+02	5.2381e+02	-1.1899e+03	4.2304e+02	3.0302e+02	-4.2980e+02	7.8985e+01	6.2713e+02	-2.0587e+02	-5.9893e+02	1.5712e+02	1.0830e+03	3.2817e+02	7.0213e+02	-1.8473e+02	1.2601e+03	1.4267e+03	2.0706e+02	3.8060e+02	2.1137e+03	2.3818e+02	1.1505e+03	9.4280e+02	5.1563e+02	-5.4356e+01	-2.4477e+02	-9.3804e+02	-3.6137e+02	3.1627e+02	-3.9505e+02	1.4890e+02	9.4435e+02	9.8954e+02	6.6660e+02	2.8366e+02	-3.3652e+02	-8.0793e+02	1.0310e+03	-3.5830e+02	4.1662e+02	8.8163e+02	-5.0265e+02	7.8927e+02	3.8068e+02	2.4858e+02	1.1412e+03	2.2137e+03	-7.5066e+01	-3.0246e+02	-2.9533e+00	4.8143e+02	3.5838e+02	-6.0654e+02	3.3532e+02	3.7224e+02	1.0710e+03	1.0712e+02	-6.1466e+01	-3.4303e+02	-7.5404e+01	-6.5702e+02	-4.4796e+02	-2.8741e+02	8.2963e+02	8.7819e+02	-4.7501e+02	3.4394e+02	5.0485e+01	1.8949e+02	9.1858e+01	9.2267e+02	1.0945e+03	8.3785e+02	-7.6721e+01	1.4217e+02	-4.4579e+02	-5.9301e+02	-4.3554e+02	2.3465e+02	1.5755e+03	6.0176e+02	-1.2139e+03	-7.3795e+02	-2.4510e+02	2.2564e+02	3.1208e+01	-2.2229e+02	-6.5297e+02	5.0152e+01	-6.4504e+02	2.0730e+03	5.5971e+02	6.2837e+01	7.2751e+02	-3.8544e+02	3.3557e+02	4.9434e+02	-1.5618e+01	-4.8069e+02	2.3351e+02	1.8815e+03	-1.1879e+03	4.9850e+02	8.7545e+02	7.0895e+02	7.7742e+02	-4.4297e+01	-2.0961e+02	-3.5719e+02	1.6497e+03	-6.4573e+01	-1.1894e+02	1.6181e+02	8.6441e+02	-6.7746e+02	2.4654e+02	-1.2959e+03	7.5125e+02	1.0860e+02	-9.1201e+02	-3.9393e+02	1.5207e+03	-4.9039e+02	1.1416e+03	-1.5705e+03	-2.2725e+02	1.0440e+01	2.1295e+02	-2.4841e+02	-6.0203e+02	1.0173e+03	4.6280e+02	-7.0633e+02	1.8133e+03	-9.6251e+02	3.9474e+02	1.0136e+02	-1.1568e+03	1.0995e+03	-2.4284e+02	1.1696e+03	-7.2376e+00
1.0000e+05	5.0962e+02	-4.2560e+02	-2.4298e+03	1.0851e+02	6.5511e+02	1.3742e+03	1.5235e+03	-1.2638e+03	7.9921e+01	5.5196e+02	-1.6570e+03	-1.6826e+02	1.8407e+03	-3.8378e+02	3.0110e+01	-1.6971e+03	7.6369e+02	-2.1323e+02	-2.5369e+03	-8.6416e+02	-2.8029e+02	-3.3696e+02	-5.2458e+02	-9.5312e+02	7.3685e+02	-2.9066e+03	-2.6783e+02	-5.8490e+02	2.5707e+03	-2.1710e+02	-2.6533e+03	-2.0612e+03	-1.3861e+03	9.9623e+02	-4.9724e+02	2.0215e+02	2.7045e+02	1.7076e+03	-5.4153e+02	-8.0640e+02	-1.5555e+03	-2.2226e+03	-1.2630e+03	-3.9074e+03	1.7287e+02	1.1988e+03	5.8084e+01	2.0444e+02	-1.8103e+03	1.1245e+02	1.1083e+03	-7.2297e+02	7.4868e+02	6.6261e+02	3.9909e+02	5.1446e+02	-8.9720e+02	1.1654e+03	9.8723e+02	1.0206e+03	-1.9195e+02	8.9982e+02	-6.6973e+02	-2.5405e+02	-1.1546e+02	2.1360e+03	1.1754e+03	-5.8860e+02	-3.6002e+02	2.0697e+03	2.0986e+03	1.5863e+03	-2.6761e+02	8.1776e+02	-3.2339e+03	1.5121e+02	5.0251e+02	-1.0637e+03	-6.7520e+02	7.6845e+02	3.2266e+02	-5.3089e+02	-1.4499e+03	-3.4051e+02	-1.5832e+03	-4.4776e+03	-1.2337e+03	-1.3081e+03	2.8434e+03	-3.2132e+02	2.5803e+02	5.7774e+02	2.1499e+02	-7.5783e+02	1.5956e+03	4.8348e+02	9.6496e+02	2.3374e+02	2.2122e+03	-6.6968e+02	-2.3193e+02	-5.3240e+01	-2.0682e+03	-1.5780e+03	-1.7448e+03	-2.1752e+03	-1.6055e+01	-1.0049e+03	-1.5614e+03	8.1537e+02	-2.0615e+03	-2.7815e+02	8.1038e+02	8.3579e+01	1.8778e+03	1.1911e+03	3.1119e+03	5.4578e+02	1.3073e+03	7.5996e+02	-8.5751e+01	1.0690e+03	2.4221e+03	-1.3443e+03	-9.9248e+02	-1.4007e+03	-2.4071e+02	-2.3370e+03	-1.0403e+02	-6.6005e+02	1.9378e+03	-4.1882e+02	7.9275e+02	-1.2481e+03	8.0247e+01	1.8291e+03	-1.1073e+03	-3.7417e+02	3.7240e+03	-1.2284e+02	-4.3911e+02	1.1601e+03	1.2022e+03	1.2136e+03	8.7792e+02	4.8287e+02	-8.8720e+02	4.1415e+02	-8.2497e+02	-1.8647e+01	-1.2046e+02	-6.1346e+02	2.1304e+03	7.8405e+02	-1.1657e+03	-2.7045e+03	-2.8016e+03	-4.0855e+02	-2.0682e+03	-5.8240e+02	3.0219e+02	-2.4575e+03	-1.5293e+03	1.7637e+03	-9.1774e+02	1.1778e+03	-5.9903e+02	-8.5254e+02	-1.5625e+03	-9.1073e+02	-4.0536e+02	-5.3988e+02	-7.4207e+02	-1.4406e+03	5.8495e+02	-5.3146e+01	1.7146e+03	-1.2372e+03	-3.6943e+01	-9.1458e+01	7.9284e+01	-1.0085e+03	-2.2819e+03	-9.8894e+02	-1.3268e+03	-1.1224e+03	1.6980e+03	7.2278e+02	5.4020e+02	1.2125e+03	8.4418e+02	2.0280e+03	-4.9494e+02	-2.6657e+02	-1.5173e+03	1.5660e+03	-1.2754e+03	2.6924e+03	-2.9720e+03	1.6698e+03
1.2000e+05	2.0934e+02	1.0868e+03	5.4631e+02	1.5205e+03	-7.0090e+02	2.6897e+02	4.2810e+02	-1.2801e+03	1.5548e+03	-5.6508e+02	-9.5286e+02	1.0123e+02	1.8853e+03	-5.9190e+02	5.3329e+02	-8.0371e+02	-1.3054e+03	-8.7693e+02	5.8979e+01	6.5732e+02	1.1418e+03	1.0264e+03	5.9473e+02	1.2885e+03	6.3967e+02	9.9301e+02	1.1498e+03	-4.2888e+02	3.6062e+02	2.6835e+01	-1.4877e+03	-7.2827e+02	4.1536e+02	-2.0913e+02	1.2629e+03	-8.8514e+02	-3.4423e+02	-1.3996e+00	2.1597e+02	7.5711e+02	-4.3664e+02	-5.4978e+02	-7.2687e+02	-6.0829e+02	2.9754e+02	4.4673e+01	-2.2686e+02	1.8801e+02	5.1376e+02	9.1584e+02	9.4171e+02	-1.2472e+03	4.8574e+02	3.0001e+01	8.8043e+02	-5.2882e+02	2.9784e+02	1.1393e+03	6.6528e+01	8.8104e+02	-9.7852e+02	4.6071e+02	7.0993e+02	-6.4839e+02	8.6734e+02	2.4381e+02	-5.3727e+02	-2.5317e+02	2.4803e+02	1.2874e+03	2.5847e+02	4.0093e+02	-4.3846e+02	2.1402e+03	1.6407e+03	5.4433e+02	7.4329e+02	1.7101e+03	-7.1593e+02	9.5402e+02	7.3857e+02	-1.9366e+02	8.8986e+01	-9.6597e+02	-6.9845e+02	-5.4436e+02	-4.1605e+02	-7.2997e+02	9.4571e+01	5.8962e+02	1.0762e+03	4.4929e+02	3.4444e+02	-4.8467e+02	-4.3037e+02	1.1442e+03	3.1818e+02	1.3153e+02	1.4302e+03	-5.4672e+02	6.6458e+02	3.3579e+02	2.1707e+02	1.5199e+03	1.6832e+03	-4.0476e+02	-7.4523e+01	-3.0586e+01	1.8703e+02	7.3615e+02	-8.7082e+02	5.3098e+01	-3.0418e+01	1.0410e+03	5.7737e+02	-4.0879e+02	-2.9592e+02	3.4243e+01	-1.0350e+03	3.7449e+02	1.5948e+02	6.9347e+02	6.1846e+02	-8.9068e+02	1.9687e+02	3.1229e+02	1.4538e+02	2.9804e+02	7.4429e+02	1.2114e+03	5.5362e+02	3.2330e+02	-7.2122e+01	-1.9357e+02	-8.3550e+02	-2.9673e+02	3.0957e+02	1.2823e+03	5.7657e+02	-9.3738e+02	-5.7607e+02	-4.4781e+02	4.2644e+02	3.5196e+02	-3.3182e+02	-1.0399e+03	5.1008e+02	-1.2515e+03	2.5180e+03	1.0007e+03	1.6271e+02	6.7005e+02	-7.7986e+02	9.7557e+02	4.9325e+02	-2.1619e+02	-1.5326e+02	1.6158e+02	1.6001e+03	-1.6217e+03	6.9528e+02	1.5458e+02	5.9026e+02	9.8714e+02	3.1646e+02	-9.4020e+01	-8.8433e+00	1.9465e+03	-4.3605e+02	-5.6568e+02	6.1473e+02	1.1521e+03	-7.9438e+02	1.4539e+02	-1.2005e+03	6.2720e+02	2.4993e+02	-1.1275e+03	-9.6742e+02	1.9813e+03	-4.9935e+02	1.3330e+03	-1.6674e+03	-4.0644e+02	-2.6753e+02	1.0919e+02	-2.7503e+01	-1.0691e+02	1.2466e+03	7.8266e+02	-9.6530e+02	2.6410e+03	-8.9510e+01	3.8913e+02	1.5865e+01	-1.2273e+03	5.9373e+02	-5.1889e+02	1.2828e+03	-6.6986e+02
1.2000e+05	3.2568e+02	-6.7131e+02	-2.3881e+03	7.7600e+01	1.2999e+02	2.4858e+03	1.6104e+03	-1.3003e+03	4.4107e+02	9.6176e+02	-2.0890e+03	-1.2274e+03	1.0146e+03	-3.2398e+02	1.1164e+02	-2.1276e+03	1.1073e+03	-6.4728e+02	-2.3908e+03	-1.2222e+03	-3.2252e+02	-6.8077e+02	2.2178e+02	-1.1518e+03	5.5822e+02	-3.2499e+03	3.9647e+02	-2.0975e+03	1.9690e+03	8.4819e+02	-2.3244e+03	-1.8663e+03	-1.6778e+03	1.6473e+03	-1.4333e+01	-4.1596e+00	-1.6334e+02	2.1153e+03	-4.0121e+02	-8.3729e+02	-1.3427e+03	-2.8391e+03	-5.3583e+02	-3.3252e+03	9.5538e+02	1.4715e+03	-3.8927e+01	-4.5029e+02	-1.7782e+03	-6.7053e+02	1.2226e+03	-1.4399e+03	3.3983e+02	1.7935e+02	-6.5670e+02	3.8628e+02	-1.7620e+03	1.2828e+03	4.2197e+02	1.0060e+03	-7.3665e+02	2.2216e+03	-7.0895e+02	3.0687e+02	-4.5849e+02	1.7617e+03	1.5597e+03	-8.2052e+02	-3.2348e+02	1.9175e+03	2.1251e+03	2.2146e+03	-8.6335e+02	1.3496e+03	-3.1418e+03	8.5782e+01	4.7863e+02	-2.0526e+03	-3.4993e+02	1.7713e+03	-2.3331e+02	-7.0192e+02	-9.3993e+02	-3.4948e+01	-2.0347e+03	-4.2827e+03	-1.3624e+03	-9.4205e+02	3.3691e+03	-7.9739e+01	-9.1453e+02	-7.4546e+01	-6.4856e+02	-1.2421e+03	1.2122e+03	1.8592e+03	9.2660e+02	6.1191e+02	2.3159e+03	-2.2281e+03	-2.0521e+02	-2.3019e+02	-1.8800e+03	-1.8914e+03	-1.1906e+03	-2.7594e+03	-8.3297e+02	-1.2926e+02	-1.5509e+03	4.8730e+01	-2.3141e+03	-9.1587e+01	9.7006e+02	-3.8124e+02	2.9697e+03	-1.8876e+02	3.3665e+03	-4.0372e+02	1.5263e+03	1.6994e+03	5.9482e+02	1.1845e+03	2.8176e+03	-2.0196e+03	-1.0479e+03	-1.8882e+03	-5.4812e+02	-1.7291e+03	-1.7310e+02	-2.8065e+02	1.5672e+03	3.6956e+02	1.2763e+03	-2.0951e+03	-7.2493e+02	1.5866e+03	-1.7250e+03	-4.0991e+02	3.2518e+03	-2.8270e+02	-7.2116e+02	1.1078e+03	1.1014e+03	7.3008e+02	1.1492e+03	-2.5281e+02	-1.0326e+02	1.0493e+03	-1.7017e+03	2.2616e+01	-1.1655e+03	-4.6599e+02	2.9449e+03	2.5144e+02	-8.6768e+02	-3.0307e+03	-3.4052e+03	5.4140e+02	-1.9693e+03	-1.4120e+03	-3.5733e+02	-2.3429e+03	-2.1880e+03	1.5626e+03	-1.0765e+03	9.9572e+02	1.3850e+02	-1.8490e+03	-1.3031e+03	-4.6755e+02	-2.9364e+02	7.1251e+02	-1.0175e+03	-1.8268e+03	1.5327e+03	-8.3040e+02	2.3497e+03	7.4974e+02	6.5437e+01	1.2993e+03	-6.5322e+01	-4.6368e+02	-2.7351e+03	-5.5593e+02	-1.4703e+03	-1.1044e+03	2.7817e+03	4.9272e+02	1.1273e+03	8.2299e+02	-1.1893e+02	2.0977e+03	1.4308e+02	-1.5089e+01	-8.6632e+02	6.2681e+02	-1.3020e+03	2.8671e+03	-3.2925e+03	1.4086e+03
1.4000e+05	2.2070e+02	1.2181e+03	7.8554e+02	1.5061e+03	-1.8738e+02	5.3272e+02	6.4181e+02	-2.7336e+02	1.9319e+03	-1.0827e+03	-5.2559e+02	5.5488e+02	2.2242e+03	-3.5497e+02	1.3176e+02	-7.4105e+02	-6.9340e+02	-9.1011e+02	5.2003e+02	9.3490e+02	1.2868e+03	1.7130e+03	8.3247e+02	1.1878e+03	7.2596e+02	9.8101e+02	9.9339e+02	-1.0713e+02	4.1147e+02	4.1466e+02	-1.2080e+03	-7.7978e+02	9.3023e+02	-8.1696e+02	7.5471e+02	-1.2347e+03	-8.5911e+02	2.7433e+01	4.0157e+02	7.8731e+02	1.0066e+01	7.4096e+01	9.1369e+01	-2.2662e+02	4.6211e+02	-1.1882e+02	8.5121e+00	3.2759e+02	2.4331e+02	1.0340e+03	1.2623e+03	-1.0338e+03	6.4241e+02	2.3975e+02	1.1192e+03	-6.0399e+02	6.4973e+02	1.1528e+03	-5.2340e+02	1.2554e+03	-1.6476e+03	5.9488e+02	4.5405e+02	-7.1207e+02	1.1739e+03	-1.2046e+02	-2.4066e+02	-1.5581e+02	1.8491e+02	1.2293e+03	7.3533e+02	-6.1825e+01	-6.0554e+02	1.4883e+03	1.3298e+03	5.2250e+02	2.6071e+02	1.2342e+03	-7.2786e+02	1.5096e+03	5.4536e+02	2.4414e+02	3.5959e+02	-1.5693e+03	-5.4943e+02	-5.1000e+02	-9.9820e+02	-8.3264e+02	-1.7169e+02	1.7668e+02	1.2719e+03	6.5920e+02	2.0060e+02	-7.2823e+02	-1.1770e+02	1.3777e+03	3.3861e+02	-8.7645e+01	1.4440e+03	-3.3908e+02	6.4237e+02	-4.9767e+01	4.6171e+02	2.0081e+03	1.9628e+03	-2.9098e+02	-2.5383e+02	-3.9735e+02	1.0018e+03	1.1797e+02	-1.0848e+03	-3.9554e+02	2.9308e+02	1.5384e+03	4.6056e+02	-9.8775e+02	-4.9062e+02	3.8042e+02	-1.5578e+03	2.3801e+01	3.0167e+02	6.7397e+02	1.0491e+03	-5.1629e+02	-4.5377e+02	3.0426e+02	4.7432e+02	7.5459e+02	1.4740e+03	1.4481e+03	1.1593e+03	1.7538e+02	-9.6979e+01	1.5467e+02	-9.7201e+02	4.7727e+01	-3.5257e+02	1.1496e+03	3.9070e+02	-8.7118e+02	-8.0175e+02	-6.5087e+02	5.5805e+02	4.1975e+02	-2.8751e+02	-7.7296e+02	1.0060e+03	-1.0221e+03	2.6245e+03	9.8568e+02	1.0358e+03	1.3214e+03	-2.8908e+02	6.3026e+02	7.6609e+02	5.2156e+02	-6.2966e+02	4.1949e+02	1.8019e+03	-1.7525e+03	-4.6057e+01	3.9670e+02	-2.3781e+01	1.1047e+03	-3.4082e+02	1.2097e+02	5.4193e+02	2.5507e+03	-6.4449e+02	-1.0960e+03	1.0697e+03	8.4939e+02	-8.9586e+02	2.5169e+02	-1.1236e+03	4.7455e+02	4.9427e+02	-1.1953e+03	-6.3711e+02	2.1832e+03	-4.9771e+02	1.7435e+03	-1.5903e+03	-5.6250e+02	3.4827e+02	-8.2824e-01	1.2207e+02	5.3969e+02	1.4847e+03	9.9654e+02	-6.9047e+02	2.6569e+03	-3.8760e+02	-2.2983e+02	4.3281e+02	-1.1341e+03	4.5503e+02	-7.5129e+02	1.1357e+03	-1.2654e+03
1.4000e+05	3.1970e+01	-5.5841e+02	-1.6910e+03	-8.0211e+02	-2.2792e+02	1.7749e+03	1.2138e+03	-1.9404e+03	-3.9193e+02	8.1668e+02	-2.1853e+03	-1.5309e+03	1.9114e+03	-7.0683e+02	-3.3442e+02	-2.3292e+03	2.6663e+03	-4.1120e+02	-1.5076e+03	-2.2071e+03	-7.5472e+02	4.4471e+02	1.7703e+02	-1.8736e+03	-5.1545e+02	-3.0034e+03	8.4355e+02	-2.0216e+03	1.2253e+03	1.2405e+03	-3.2554e+03	-1.0018e+03	-2.3020e+03	2.0906e+03	-8.7787e+02	6.8922e+02	-4.5039e+02	2.5586e+03	-1.5266e+03	-6.5048e+02	-2.0625e+03	-1.6826e+03	-9.7166e+02	-3.6004e+03	2.6974e+02	1.8218e+03	1.9706e+02	4.7916e+02	-2.7956e+03	2.4909e+02	1.4205e+03	-1.7830e+03	4.8397e+02	9.1297e+02	3.6469e+02	9.4201e+01	-1.2267e+03	7.4595e+02	3.6647e+02	1.5193e+03	-1.2900e+03	2.1290e+03	-9.9597e+02	5.6779e+02	-5.9095e+02	1.4469e+03	2.1058e+03	-1.9072e+03	-1.5564e+03	1.5034e+03	1.5285e+03	2.2234e+03	-6.7082e+02	1.6297e+03	-4.4991e+03	3.6753e+02	-5.1447e+02	-8.7632e+02	-1.3758e+03	1.3598e+03	-1.1293e+03	-4.1619e+02	-8.6365e+02	1.8045e+02	-1.6947e+03	-5.1283e+03	-1.4468e+03	-1.1650e+03	3.0094e+03	9.5679e+01	-5.6525e+02	-6.5279e+02	-1.2487e+03	-1.7467e+03	7.2240e+02	1.0905e+03	6.1884e+02	1.0938e+03	1.2900e+03	-2.3311e+03	-9.1805e+01	2.3345e+02	-9.0321e+02	-2.7532e+03	-7.3289e+02	-2.3829e+03	-2.2918e+02	-9.2524e+02	-1.5891e+03	6.1096e+02	-3.4510e+03	-2.2354e+02	1.1529e+03	-4.0105e+02	4.0474e+03	-1.8688e+02	3.3967e+03	6.9143e+02	2.7261e+03	1.7699e+03	3.6061e+02	2.3512e+03	3.4307e+03	-1.9682e+03	-1.2287e+03	-2.8264e+03	-7.5267e+02	-1.8964e+03	6.6277e+02	7.2427e+01	2.0638e+03	9.7940e+02	5.0028e+02	-2.6230e+03	-9.3711e+02	7.9467e+02	-8.3202e+02	-6.9856e+02	3.1630e+03	-4.3018e+02	-2.0811e+03	2.1481e+03	1.4082e+03	4.5413e+02	1.1375e+03	-1.0019e+03	-5.4197e+02	1.6001e+03	-1.8430e+03	-3.2637e+02	-1.1482e+03	-5.9409e+02	2.4747e+03	6.1940e+02	-1.4468e+03	-3.0114e+03	-3.0021e+03	1.6146e+02	-2.8366e+03	-1.0647e+03	-5.0682e+02	-1.8038e+03	-2.0595e+03	1.3223e+03	-9.4947e+02	8.0820e+02	1.1829e+03	-1.4753e+03	-7.2262e+02	6.1453e+02	-9.9456e+01	1.0566e+02	-5.8813e+02	-2.1070e+03	2.5523e+02	1.9825e+02	2.5825e+03	7.1004e+02	6.1293e+02	1.0784e+03	1.7454e+02	-1.3841e+02	-3.4734e+03	-1.5029e+03	-1.1517e+03	-1.8028e+02	3.9025e+03	1.7012e+03	1.1182e+03	-6.8090e+01	-7.5920e+01	2.5126e+03	8.0846e+02	1.8889e+02	-8.1315e+02	1.3744e+02	-1.4839e+03	1.9459e+03	-3.6981e+03	6.3449e+02
1.6000e+05	-1.1755e+02	1.1685e+03	1.5173e+03	2.0810e+03	-5.4350e+01	5.7587e+02	3.5975e+02	-2.8592e+02	1.8818e+03	-6.3040e+02	-1.5502e+02	5.3114e+01	2.3915e+03	-3.4733e+02	-2.4163e+02	-6.5157e+02	-8.1314e+02	-9.7579e+02	6.8839e+02	1.5698e+03	1.1885e+03	1.2782e+03	1.6115e+03	7.6752e+02	1.0150e+03	1.5108e+03	7.6834e+02	-1.3005e+02	-1.0097e+02	-4.0398e+02	-1.4361e+03	-1.1210e+03	8.9926e+02	-1.0119e+03	2.8460e+02	-1.5216e+03	-6.8901e+02	1.3893e+02	2.1625e+02	-1.2133e+02	-3.8920e+02	-1.6358e+02	4.0420e+02	-1.6371e+02	8.4252e+02	-3.0377e+02	1.0351e+02	5.4423e+02	8.9754e+02	1.4764e+03	1.4319e+03	-5.3715e+02	7.0605e+02	2.0857e+02	1.0053e+03	-8.6875e+01	1.9856e+02	1.2847e+03	-1.3255e+03	1.3453e+03	-1.3126e+03	7.1994e+02	7.3078e+02	-5.8177e+02	1.0959e+03	2.3688e+02	-6.6065e+02	-3.5764e+02	9.9454e+01	1.8672e+03	9.2186e+02	-2.1066e+02	-5.7524e+02	1.4132e+03	6.2885e+02	3.6746e+02	4.9632e+02	1.8560e+03	-1.1796e+03	1.1908e+03	3.6285e+02	2.9441e+02	2.1072e+02	-1.9998e+03	-6.4527e+02	-7.0073e+02	-1.3667e+03	-7.4946e+02	-1.8243e+01	-1.4514e+02	1.2597e+03	4.3275e+02	1.5450e+02	-9.8564e+02	4.2681e+02	9.0471e+02	8.5933e+02	-8.5848e+01	1.3893e+03	2.1854e+01	5.2556e+02	7.7625e+01	8.4345e+02	2.3904e+03	2.1425e+03	-5.9302e+01	-9.7736e+02	-3.9585e+02	1.6217e+03	1.8628e+02	-8.9993e+02	-2.5248e+02	5.5348e+02	1.3678e+03	3.5472e+02	-7.5719e+02	-3.8490e+02	1.6828e+02	-1.3526e+03	-2.2394e+01	6.5917e+02	9.4283e+02	1.0519e+03	-9.9832e+02	1.0472e+02	1.7542e+02	-2.6694e+02	5.9742e+02	1.1902e+03	1.7032e+03	9.0826e+02	7.5946e+02	-9.9701e+01	-1.4158e+02	-3.0798e+02	-2.9797e+02	9.8604e+01	7.6332e+02	-4.8190e-01	-1.1407e+03	-1.2105e+03	-9.7676e+02	4.6524e+02	2.7976e+02	1.9111e+02	-2.1415e+02	1.0841e+03	-3.4578e+02	2.3814e+03	1.0672e+03	7.7262e+02	1.3282e+03	-6.6125e+02	9.2968e+02	9.7286e+02	6.4671e+02	-7.2052e+01	5.7783e+02	1.7034e+03	-1.6473e+03	1.5715e+02	1.3768e+02	-4.2951e+02	8.2145e+02	-2.7781e+02	-4.6422e+01	7.9049e+02	2.5585e+03	-1.0622e+02	-9.3476e+02	9.4823e+02	9.5894e+02	-1.0823e+03	2.1672e+02	-1.8524e+03	3.2409e+02	4.2120e+02	-7.7230e+02	-6.3852e+02	1.7496e+03	-6.3100e+02	1.5387e+03	-1.5478e+03	-7.2925e+02	7.1724e+01	2.3406e+02	2.6433e+02	3.0695e+02	1.1483e+03	9.5935e+02	-8.0140e+02	2.6452e+03	-3.2682e+02	-4.6753e+02	1.1861e+02	-2.0260e+03	1.5361e+02	-8.8963e+01	8.4293e+02	-6.5217e+02
1.6000e+05	-7.3006e+02	-4.6598e+02	-2.3487e+03	-5.5386e+01	-6.7631e+02	1.2054e+03	2.0178e+02	-2.2802e+03	-5.5605e+02	1.1388e+03	-2.3450e+03	-1.6328e+03	1.5243e+03	-2.4607e+02	-6.7361e+02	-1.2357e+03	2.9577e+03	-4.4451e+02	-1.3150e+03	-2.2049e+03	-1.0260e+03	1.1019e+02	-1.7055e+01	-1.7674e+03	-5.3834e+01	-3.7125e+03	-6.7638e+02	-1.1695e+03	1.3637e+03	1.4544e+03	-3.9794e+03	-1.1495e+03	-2.9169e+03	1.4020e+03	-1.2161e+03	-8.6424e+01	-4.7014e+02	2.3838e+03	-1.7920e+03	-6.6385e+02	-1.9203e+03	-2.3416e+03	-1.3893e+03	-3.0859e+03	7.8153e+02	2.4210e+03	9.8898e+02	8.5999e+02	-1.9864e+03	6.6181e+01	1.1033e+03	-3.9163e+02	8.8755e+01	1.3908e+03	2.6619e+02	1.2015e+03	-2.0817e+03	-2.8904e+02	2.6033e+02	9.9634e+02	-1.2505e+03	3.0901e+03	-1.0747e+03	-5.5856e+01	5.2243e+02	1.0375e+03	1.2780e+03	-1.5151e+03	-1.8819e+03	9.8346e+02	1.5130e+03	1.4208e+03	-7.8568e+02	9.5512e+02	-4.4458e+03	1.3378e+03	-6.6902e+00	-5.6667e+02	-1.5836e+03	1.5925e+03	-3.6258e+02	-3.0906e+02	-7.0889e+02	-1.5255e+02	-3.5967e+02	-5.8309e+03	-2.4634e+03	-9.0723e+02	3.2755e+03	7.7326e+02	-7.1495e+02	-1.7599e+03	-1.0041e+02	-1.1638e+03	-1.8616e+02	1.2847e+03	8.1437e+02	5.3536e+02	1.2218e+03	-2.2882e+03	-7.3957e+02	2.3760e+02	-1.2926e+03	-2.7803e+03	-1.2962e+03	-3.3604e+03	-7.6812e+02	-5.4593e+02	-1.3636e+03	1.3212e+03	-3.6813e+03	-2.8130e+02	7.4610e+02	-2.5371e+02	4.1919e+03	-3.7974e+02	2.4276e+03	7.5033e+02	2.5571e+03	1.9697e+03	7.2819e+02	1.5874e+03	4.0546e+03	-2.6730e+03	-2.7977e+03	-2.1201e+03	-9.8107e+02	-2.2307e+03	8.4026e+02	-1.3284e+02	1.3686e+03	6.4708e+02	1.0965e+03	-1.9788e+03	3.9683e+02	-3.7757e+01	-1.0935e+03	-9.3175e+01	3.8434e+03	-2.2909e+02	-1.7236e+03	3.8669e+03	2.6292e+03	8.6146e+02	1.6246e+03	-1.1636e+03	-1.2323e+03	1.6048e+03	-1.4502e+03	1.7622e+02	8.9905e+01	-1.5524e+03	2.4242e+03	6.3739e+02	-1.8645e+03	-2.8683e+03	-2.2747e+03	3.3702e+02	-3.2725e+03	-4.2184e+01	2.4788e+02	-2.5040e+03	-2.5085e+03	1.2194e+03	-1.5149e+03	5.0404e+01	1.9373e+03	-1.1317e+03	-1.0941e+03	3.6806e+02	9.8117e+01	5.7255e+02	-5.7646e+02	-1.8536e+03	3.5244e+02	5.2032e+02	3.1232e+03	2.2054e+03	7.2077e+02	7.6528e+02	4.5860e+02	1.4028e+02	-4.3682e+03	-2.2457e+03	-1.4068e+03	-1.0357e+03	3.1494e+03	6.9434e+02	1.2281e+03	4.1354e+02	1.4651e+02	1.3240e+03	2.4307e+03	1.0916e+03	-1.6657e+03	-7.4830e+02	-2.5095e+03	1.5864e+03	-2.8297e+03	9.1691e+01
1.8000e+05	1.7888e+02	1.0347e+03	1.9717e+03	2.0596e+03	4.4138e+02	9.3182e+02	7.1118e+02	-1.6713e+02	2.3748e+03	-9.1433e+02	-3.0778e+02	1.5543e+02	2.4540e+03	-9.0149e+02	-5.3201e+02	-6.6289e+02	-1.3000e+02	-5.6222e+02	7.3383e+02	1.9021e+03	1.2092e+03	1.2779e+03	1.4506e+03	6.6500e+02	4.4653e+02	2.1027e+03	1.1268e+03	-2.2559e+02	-1.7800e+02	-3.2318e+02	-7.8476e+02	-9.1632e+02	6.1475e+02	-6.4820e+02	5.2213e+02	-1.6788e+03	-5.3510e+02	2.3409e+02	4.1874e+01	-2.8829e+02	-7.9474e+02	-5.1056e+02	1.1361e+02	1.3107e+02	1.6703e+03	-1.4326e+02	4.5271e+02	5.6652e+02	1.0176e+03	1.3781e+03	1.1224e+03	-7.9391e+02	1.1398e+03	-9.1339e+00	5.8453e+02	-1.4133e+02	-3.7468e+01	1.8583e+03	-1.6731e+03	1.3275e+03	-1.2705e+03	7.9502e+02	7.6671e+02	-1.2647e+03	9.1407e+02	8.5767e+02	-3.5041e+02	-1.5707e+02	-5.8647e+01	1.6368e+03	5.9513e+02	4.9900e+02	-5.3326e+02	1.4457e+03	8.6870e+02	6.7492e+01	7.1835e+02	1.8302e+03	-1.0276e+03	8.2899e+02	-8.6356e+01	8.5012e+02	5.0887e+02	-1.5880e+03	-1.0562e+03	3.4319e+02	-1.1483e+03	-8.4689e+02	6.0949e+01	-4.8778e+02	1.0410e+03	1.3034e+02	1.1726e+03	-5.0798e+02	5.8777e+01	3.6269e+02	8.7556e+02	2.1340e+00	1.3230e+03	-2.6998e+02	6.6441e+02	2.6215e+02	1.1440e+03	1.6067e+03	2.1059e+03	1.7905e+02	-1.1723e+03	-4.2506e+02	1.7814e+03	-5.4967e+00	-7.7617e+02	-2.1046e+02	9.3246e+02	9.1740e+02	8.0352e+02	-9.8468e+02	-1.7613e+02	6.1959e+02	-1.7668e+03	-1.5320e+02	7.6440e+02	7.8843e+02	6.8769e+02	-8.9736e+02	7.9708e+02	5.5259e+02	2.4982e+02	-3.0920e+00	9.1239e+02	1.3390e+03	1.4210e+03	1.1260e+03	-3.0316e+02	-3.1310e+02	-1.0299e+03	-4.5561e+02	1.0295e+01	1.0879e+03	3.8766e+02	-1.2295e+03	-2.0120e+03	-9.5429e+02	1.1026e+02	-4.2383e+02	7.0995e+02	-9.5785e+02	1.2416e+03	-1.1238e+02	3.1139e+03	9.3799e+02	9.8134e+02	1.4993e+03	-9.7970e+02	9.5507e+02	1.0045e+03	3.6631e+02	-2.7344e+02	8.9659e+02	1.8033e+03	-2.0022e+03	3.2755e+02	-1.7795e+02	-3.9559e+02	8.3654e+02	-5.5579e+02	6.3725e+02	5.9543e+02	1.7399e+03	2.6756e+02	-1.4604e+03	1.1742e+03	7.5497e+02	-1.1815e+03	1.3361e+02	-2.2305e+03	3.6572e+01	-3.0567e+01	-9.4951e+02	-6.2360e+02	1.6570e+03	-9.5556e+02	1.5530e+03	-1.6047e+03	-8.8480e+01	-1.9834e+02	4.3877e+02	1.6706e+02	-1.3004e+01	1.5515e+03	3.2094e+02	-4.7851e+02	2.2175e+03	-3.0288e+02	-3.5107e+02	2.7782e+02	-2.2686e+03	3.7207e+02	4.7635e+02	9.0066e+02	-1.3432e+03
1.8000e+05	-1.5717e+03	-3.0445e+02	-1.9514e+03	3.0438e+02	-1.2392e+03	2.0296e+03	-6.6733e+02	-2.5250e+03	-9.6934e+02	1.6764e+03	-3.2136e+03	-2.5688e+03	2.6815e+03	7.8143e+01	-1.6233e+03	-1.2114e+02	4.2824e+03	4.5492e+00	-1.2849e+03	-2.4757e+03	-1.9213e+02	1.0256e+02	7.9943e+02	-1.9920e+03	3.8875e+02	-3.6984e+03	-7.2549e+02	-1.4003e+03	1.1481e+03	7.6884e+02	-4.3246e+03	-2.1422e+03	-3.3257e+03	1.3336e+03	-1.1331e+03	-9.1882e+02	5.6350e+02	2.9247e+03	-1.6680e+03	-3.3921e+02	-2.4515e+03	-2.5803e+03	-1.6222e+03	-2.6758e+03	8.0428e+02	3.1470e+03	1.4314e+03	5.2533e+02	-2.6473e+03	-3.4474e+02	1.1308e+03	-3.9002e+02	5.3494e+02	1.5443e+03	1.1924e+03	9.4105e+02	-2.5526e+03	1.1495e+02	8.7053e+02	4.3785e+02	-1.9688e+03	2.6078e+03	-1.9407e+03	6.8422e+02	1.9304e+02	1.8878e+03	1.0382e+03	-1.7847e+03	-3.2572e+03	2.9982e+02	7.7020e+02	7.7456e+02	-7.7164e+02	-7.9148e+01	-5.2346e+03	1.7313e+03	-3.9310e+02	-6.6727e+02	-2.0302e+03	6.5937e+02	-1.2437e+03	-1.2985e+03	-1.5243e+03	-3.1026e+01	-1.0169e+02	-5.4239e+03	-2.3090e+03	-6.3524e+02	2.9405e+03	1.1878e+03	-1.5938e+03	-1.3411e+03	-1.1200e+02	-6.0962e+02	-1.1741e+01	2.2404e+03	1.3184e+03	8.6078e+02	2.9498e+02	-1.4968e+03	-5.9230e+02	1.1325e+03	-9.6309e+02	-3.4752e+03	-2.6703e+02	-3.9328e+03	-1.1697e+03	-1.2913e+01	-1.8274e+03	9.4339e+02	-3.1033e+03	-6.3787e+02	1.2809e+02	1.7461e+02	5.8341e+03	-4.4059e+02	3.2035e+03	9.5098e+02	4.0233e+03	3.8685e+03	1.2303e+03	1.3124e+03	4.5102e+03	-2.5984e+03	-1.6635e+03	-2.3239e+03	5.7854e+01	-2.1830e+03	9.6734e+02	-3.0852e+02	8.3089e+01	5.3691e+02	1.0330e+03	-1.8027e+03	2.1145e+02	2.9113e+02	-6.4083e+02	-5.2896e+02	3.8386e+03	-3.2586e+02	-2.3832e+03	3.8561e+03	3.3031e+03	7.6664e+02	1.3739e+03	-4.9857e+02	-9.6111e+02	6.1895e+02	-7.5645e+02	2.2721e+02	5.9570e+02	-8.9996e+02	1.7468e+03	1.2791e+03	-2.2753e+03	-2.7314e+03	-2.2589e+03	6.1633e+02	-3.9667e+03	2.7498e+02	7.1918e+02	-2.7777e+03	-2.2045e+03	1.5749e+03	-2.6053e+03	4.1884e+02	1.2757e+03	-6.9221e+02	-3.1808e+00	4.0949e+02	8.4010e+02	-6.7672e+02	-1.3268e+03	-2.8582e+03	-1.8839e+02	2.8431e+02	3.0343e+03	2.4745e+03	9.4263e+02	-6.1198e+01	2.1750e+02	1.7377e+02	-3.7703e+03	-1.8040e+03	-6.0058e+02	-9.1118e+02	3.8268e+03	5.7385e+02	2.2466e+02	6.4217e+02	1.0405e+03	2.2370e+03	2.3050e+03	1.0877e+03	-2.7583e+03	-9.0008e+02	-3.3312e+03	1.5121e+03	-2.6725e+03	5.7764e+02
2.0000e+05	2.1748e+02	1.1966e+03	1.3736e+03	2.1339e+03	7.4779e+02	1.5376e+03	2.9122e+02	1.2963e+02	1.8225e+03	-8.7483e+02	-5.6289e+02	3.7257e+02	3.1609e+03	-6.1522e+02	-8.9091e+02	-6.7201e+02	6.9683e+00	-9.3661e+02	1.2523e+03	1.9274e+03	4.0125e+02	1.4273e+03	1.3362e+03	7.1180e+02	8.6659e+02	2.3387e+03	1.4029e+03	3.4435e+02	-8.9428e+01	-1.4772e+02	-8.8787e+02	-7.9361e+02	1.0951e+03	-9.3735e+02	6.8141e+02	-1.8297e+03	-3.1567e+02	9.0660e+02	3.1326e+02	-3.3064e+01	-9.1143e+02	-4.7697e+02	-1.8675e+02	-2.7086e+02	1.9327e+03	-3.1254e+02	2.9645e+02	2.7811e+02	8.6176e+02	1.9868e+03	1.2811e+03	-6.4257e+02	1.3079e+03	2.6347e+02	5.4285e+02	-4.2922e+02	-1.5607e+02	2.2034e+03	-1.6691e+03	1.6179e+03	-1.3804e+03	2.4920e+02	8.8409e+02	-1.2851e+03	8.3432e+02	1.1679e+03	-4.7005e+02	5.8111e+01	5.1317e+02	1.9114e+03	2.5232e+02	5.5032e+01	-5.1480e+02	8.1016e+02	5.2427e+02	5.0537e+02	8.9018e+02	1.5300e+03	-9.6710e+02	5.9630e+02	7.3053e+00	1.1786e+03	6.7248e+02	-1.9476e+03	-1.0585e+03	4.0099e+02	-1.5419e+03	-1.3538e+03	6.4921e+01	2.6428e+02	8.1335e+02	5.0618e+02	1.2063e+03	-5.0390e+02	4.4588e+02	-2.1680e+02	1.3285e+02	3.3417e+02	1.5677e+03	-1.2004e+02	6.6010e+02	7.9618e+01	1.3348e+03	1.6844e+03	2.9245e+03	-9.8723e+01	-1.0942e+03	-8.6834e+02	1.3953e+03	3.9852e+00	-7.6629e+02	-2.6306e+02	1.3636e+03	1.4016e+03	4.0772e+02	-1.1194e+03	-2.4737e+02	7.0646e+02	-2.1455e+03	-3.7942e+02	6.8676e+02	1.2436e+02	1.0821e+03	-6.2083e+02	7.0788e+02	2.9687e+02	1.8121e+02	-3.2293e+02	3.1600e+02	1.3955e+03	1.7573e+03	1.6398e+03	3.3484e+01	-8.7786e+02	-1.1032e+03	-6.8841e+02	4.7324e+02	1.5974e+03	-7.9672e+01	-1.1797e+03	-2.5357e+03	-1.5603e+03	1.7607e+02	4.3384e+01	7.9302e+02	-9.6137e+02	1.1898e+03	-2.9141e+02	2.9196e+03	8.0724e+02	1.1551e+03	7.0919e+02	-9.1943e+02	9.5823e+02	1.5830e+03	4.0029e+02	-6.0488e+02	1.2863e+03	1.8211e+03	-2.2722e+03	1.9303e+02	-2.5078e+02	-1.4412e+02	7.3216e+02	-6.9054e+02	9.2963e+02	4.7648e+02	1.9210e+03	-2.0844e+02	-1.6208e+03	8.6002e+02	9.3455e+02	-1.1600e+03	2.8577e+02	-2.3066e+03	-6.9033e+01	-3.7526e+02	-8.2247e+02	-8.9375e+02	1.8833e+03	-1.5948e+03	1.7341e+03	-1.0521e+03	-3.2428e+01	-2.9766e+02	3.3322e+02	3.8104e+01	8.5387e+01	2.0622e+03	2.8709e+02	4.4072e+02	2.9867e+03	1.2798e+02	-1.3097e+02	1.3861e+02	-1.8436e+03	-1.2274e+01	5.9645e+02	1.0392e+03	-1.4720e+03
2.0000e+05	-9.9259e+02	-1.7350e+03	-2.2237e+03	-7.5131e+02	-2.0302e+03	2.3331e+03	-5.3456e+02	-3.8070e+03	-2.0644e+02	2.2215e+03	-2.5585e+03	-3.1854e+03	3.4831e+03	9.9611e+02	-1.1304e+03	4.9102e+02	3.7356e+03	5.3205e+01	-2.6258e+03	-1.2692e+03	4.4106e+02	-2.0027e+02	7.4119e+02	-1.6744e+03	8.4085e+02	-3.8208e+03	4.1352e+02	-1.7726e+03	1.9221e+02	6.9055e+02	-3.9039e+03	-1.8672e+03	-3.0022e+03	1.0008e+03	-3.4785e+02	-2.3588e+02	1.2788e+03	3.0530e+03	-1.6282e+03	-4.0117e+02	-2.8498e+03	-3.2329e+03	-1.5622e+03	-2.9631e+03	5.5655e+02	3.7935e+03	2.2320e+03	8.7504e+02	-2.4404e+03	-4.2203e+02	1.4736e+03	-2.2872e+01	4.0320e+02	1.6615e+03	6.0286e+02	8.4541e+02	-3.8909e+03	1.5703e+03	1.0108e+03	1.8194e+03	-1.5515e+03	2.4234e+03	-2.0003e+03	9.9842e+02	1.2231e+01	2.2748e+03	1.4459e+03	-1.7446e+03	-3.0054e+03	-7.2321e+01	1.0002e+03	1.4092e+03	-1.3338e+02	-2.0493e+02	-5.3740e+03	1.6607e+03	-8.6117e+02	1.4568e+02	-1.1836e+03	4.7389e+01	-1.1521e+03	-6.0805e+02	-2.2577e+03	-4.7716e+02	8.1653e+02	-6.2643e+03	-1.9973e+03	-4.1752e+02	1.9872e+03	1.9195e+03	-2.4361e+03	-2.1904e+03	3.3708e+02	8.4768e+02	6.3255e+02	2.1254e+03	1.0992e+03	5.4285e+02	-8.9179e-01	-2.3635e+03	-8.7868e+02	1.1680e+03	-3.9294e+02	-3.8075e+03	4.2585e+02	-3.8792e+03	-1.7763e+03	-7.1672e+02	-1.2485e+03	1.8197e+03	-2.9678e+03	-1.1168e+03	1.8468e+03	-8.6770e+02	5.4386e+03	2.0598e+02	3.5032e+03	1.4480e+03	4.1486e+03	3.2648e+03	-1.8912e+02	6.4959e+02	4.1536e+03	-2.4182e+03	-2.3941e+03	-2.5701e+03	1.3881e+02	-3.3175e+03	1.2257e+03	3.2948e+02	9.3944e+01	7.6288e+02	6.5384e+02	-2.3995e+03	-4.0702e+02	5.4603e+02	-1.2132e+03	5.0062e+02	3.2701e+03	5.4469e+02	-2.4434e+03	4.2855e+03	2.5706e+03	8.4591e+02	1.3792e+03	-4.9662e+02	-8.0771e+02	6.1980e+02	-2.3137e+03	1.7992e+03	2.3103e+02	-4.8021e+02	1.8393e+03	1.1365e+03	-3.5877e+03	-2.8636e+03	-2.7506e+03	-6.4095e+02	-4.2519e+03	3.9930e+02	1.4870e+03	-3.6668e+03	-2.0084e+03	1.4017e+03	-3.3426e+03	5.7858e+02	1.5798e+03	-1.1881e+03	-4.5526e+02	-8.3581e+01	1.8309e+02	-8.8256e+02	-1.8251e+03	-2.9152e+03	-2.0304e+02	1.5617e+03	3.8683e+03	1.9168e+03	1.3354e+03	-1.8800e+02	2.9069e+01	7.2532e+02	-4.2333e+03	-2.2423e+03	-1.4960e+03	-2.4916e+02	4.3098e+03	9.5954e+02	1.2764e+03	1.1803e+03	1.4751e+03	2.2377e+03	2.8888e+03	1.3180e+03	-2.3166e+03	-1.0400e+03	-3.9937e+03	1.3771e+03	-2.9837e+03	-4.0806e+02
