2.0000e+05	9.9671e+04
2.0000e+05	9.9147e+04
2.0000e+05	9.9292e+04
2.0000e+05	9.9080e+04
2.0000e+05	9.9756e+04
2.0000e+05	9.9862e+04
2.0000e+05	9.9376e+04
2.0000e+05	9.9088e+04
2.0000e+05	9.9677e+04
2.0000e+05	9.9506e+04
2.0000e+05	9.9793e+04
2.0000e+05	9.9339e+04
2.0000e+05	9.9972e+04
2.0000e+05	1.0051e+05
2.0000e+05	1.0054e+05
2.0000e+05	1.0024e+05
2.0000e+05	1.0110e+05
2.0000e+05	1.0116e+05
2.0000e+05	1.0103e+05
2.0000e+05	1.0122e+05
2.0000e+05	1.0096e+05
2.0000e+05	1.0073e+05
2.0000e+05	9.9880e+04
2.0000e+05	9.9069e+04
2.0000e+05	9.9852e+04
2.0000e+05	1.0080e+05
2.0000e+05	1.0113e+05
2.0000e+05	1.0153e+05
2.0000e+05	1.0061e+05
2.0000e+05	9.9808e+04
2.0000e+05	9.9608e+04
2.0000e+05	9.9653e+04
2.0000e+05	1.0019e+05
2.0000e+05	1.0020e+05
2.0000e+05	1.0086e+05
2.0000e+05	1.0074e+05
2.0000e+05	1.0052e+05
2.0000e+05	1.0038e+05
2.0000e+05	9.9803e+04
2.0000e+05	1.0062e+05
2.0000e+05	1.0118e+05
2.0000e+05	1.0078e+05
2.0000e+05	1.0100e+05
2.0000e+05	1.0050e+05
2.0000e+05	1.0125e+05
2.0000e+05	1.0038e+05
2.0000e+05	1.0146e+05
2.0000e+05	1.0089e+05
2.0000e+05	1.0117e+05
2.0000e+05	1.0145e+05
2.0000e+05	1.0046e+05
2.0000e+05	1.0108e+05
2.0000e+05	1.0119e+05
2.0000e+05	1.0127e+05
2.0000e+05	1.0126e+05
2.0000e+05	1.0135e+05
2.0000e+05	1.0112e+05
2.0000e+05	1.0160e+05
2.0000e+05	1.0118e+05
2.0000e+05	1.0181e+05
2.0000e+05	1.0095e+05
2.0000e+05	1.0153e+05
2.0000e+05	1.0093e+05
2.0000e+05	1.0121e+05
2.0000e+05	1.0102e+05
2.0000e+05	1.0150e+05
2.0000e+05	1.0162e+05
2.0000e+05	1.0172e+05
2.0000e+05	1.0084e+05
2.0000e+05	1.0090e+05
2.0000e+05	1.0147e+05
2.0000e+05	1.0097e+05
2.0000e+05	1.0143e+05
2.0000e+05	1.0129e+05
2.0000e+05	1.0105e+05
2.0000e+05	1.0135e+05
2.0000e+05	1.0061e+05
2.0000e+05	1.0103e+05
2.0000e+05	1.0064e+05
2.0000e+05	1.0097e+05
2.0000e+05	1.0089e+05
2.0000e+05	1.0072e+05
2.0000e+05	1.0092e+05
2.0000e+05	1.0069e+05
2.0000e+05	1.0081e+05
2.0000e+05	1.0061e+05
2.0000e+05	1.0067e+05
2.0000e+05	1.0094e+05
2.0000e+05	1.0059e+05
2.0000e+05	1.0080e+05
2.0000e+05	1.0027e+05
2.0000e+05	1.0067e+05
2.0000e+05	1.0084e+05
2.0000e+05	1.0030e+05
2.0000e+05	1.0015e+05
2.0000e+05	1.0076e+05
2.0000e+05	1.0035e+05
2.0000e+05	1.0085e+05
2.0000e+05	1.0027e+05
2.0000e+05	1.0030e+05
2.0000e+05	1.0019e+05
2.0000e+05	1.0022e+05
2.0000e+05	1.0040e+05
2.0000e+05	1.0007e+05
2.0000e+05	9.9820e+04
2.0000e+05	1.0067e+05
2.0000e+05	9.9604e+04
2.0000e+05	1.0048e+05
2.0000e+05	1.0039e+05
2.0000e+05	9.9862e+04
2.0000e+05	9.9775e+04
2.0000e+05	9.9737e+04
2.0000e+05	1.0002e+05
2.0000e+05	9.9523e+04
2.0000e+05	9.9892e+04
2.0000e+05	1.0018e+05
2.0000e+05	9.9524e+04
2.0000e+05	9.9816e+04
2.0000e+05	1.0017e+05
2.0000e+05	9.9725e+04
2.0000e+05	1.0053e+05
2.0000e+05	9.9690e+04
2.0000e+05	9.9518e+04
2.0000e+05	9.9405e+04
2.0000e+05	9.9696e+04
2.0000e+05	9.9517e+04
2.0000e+05	9.9547e+04
2.0000e+05	9.9522e+04
2.0000e+05	9.9897e+04
2.0000e+05	9.9558e+04
2.0000e+05	9.9959e+04
2.0000e+05	9.8749e+04
2.0000e+05	9.9465e+04
2.0000e+05	9.9573e+04
2.0000e+05	9.9945e+04
2.0000e+05	9.9694e+04
2.0000e+05	9.9706e+04
2.0000e+05	1.0002e+05
2.0000e+05	9.9009e+04
2.0000e+05	9.9052e+04
2.0000e+05	9.8844e+04
2.0000e+05	9.9604e+04
2.0000e+05	9.9561e+04
2.0000e+05	9.9082e+04
2.0000e+05	9.9683e+04
2.0000e+05	9.9193e+04
2.0000e+05	9.8722e+04
2.0000e+05	9.9618e+04
2.0000e+05	9.9367e+04
2.0000e+05	9.9176e+04
2.0000e+05	9.9338e+04
2.0000e+05	9.9005e+04
2.0000e+05	9.9291e+04
2.0000e+05	9.9401e+04
2.0000e+05	9.9346e+04
2.0000e+05	9.9225e+04
2.0000e+05	9.9820e+04
2.0000e+05	9.9162e+04
2.0000e+05	9.9189e+04
2.0000e+05	9.8864e+04
2.0000e+05	9.9032e+04
2.0000e+05	9.9178e+04
2.0000e+05	9.9355e+04
2.0000e+05	9.9328e+04
2.0000e+05	9.8828e+04
2.0000e+05	9.8687e+04
2.0000e+05	9.8973e+04
2.0000e+05	9.8799e+04
2.0000e+05	9.8993e+04
2.0000e+05	9.8937e+04
2.0000e+05	9.9283e+04
2.0000e+05	9.8927e+04
2.0000e+05	9.9686e+04
2.0000e+05	9.8561e+04
2.0000e+05	9.8881e+04
2.0000e+05	9.8815e+04
2.0000e+05	9.8911e+04
2.0000e+05	9.8655e+04
2.0000e+05	9.9050e+04
2.0000e+05	9.8902e+04
2.0000e+05	9.9051e+04
2.0000e+05	9.9236e+04
2.0000e+05	9.9109e+04
2.0000e+05	9.9058e+04
2.0000e+05	9.8605e+04
2.0000e+05	9.8977e+04
2.0000e+05	9.9033e+04
2.0000e+05	9.9030e+04
2.0000e+05	9.9119e+04
2.0000e+05	9.8521e+04
2.0000e+05	9.8953e+04
2.0000e+05	9.8896e+04
2.0000e+05	9.9134e+04
2.0000e+05	9.8951e+04
2.0000e+05	9.8979e+04
2.0000e+05	9.8679e+04
2.0000e+05	9.9199e+04
2.0000e+05	9.8942e+04
2.0000e+05	9.8430e+04
2.0000e+05	9.8578e+04
