4000	0	0	1090
4000	0.1	0	1037
4000	0.2	0	1044
4000	0.3	0	1049
4000	0.4	0	1111
4000	0.5	0	1119
4000	0.6	0	1251
4000	0.7	0	1259
4000	0.8	0	1371
4000	0.9	0	1455
4000	1	0	1540
4000	1.1	0	1774
4000	1.2	0	1947
4000	1.3	0	2147
4000	1.4	0	2359
4000	1.5	0	2792
4000	1.6	0	3295
4000	1.7	0	3831
4000	1.8	0	4833
4000	1.9	0	5963
4000	2	0	7643
4000	2.1	0	10078
4000	2.2	0	13016
4000	2.3	0	16640
4000	2.4	0	19601
4000	2.5	0	20229
4000	2.6	0	20247
4000	2.7	0	20237
4000	2.8	0	20142
4000	2.9	0	20261
4000	3	0	19825
4000	3.1	0	19993
4000	3.2	0	20201
4000	3.3	0	20226
4000	3.4	0	20040
4000	3.5	0	20028
4000	3.6	0	20363
4000	3.7	0	20183
4000	3.8	0	20306
4000	3.9	0	19903
4000	4	0	20119
4000	4.1	0	20069
4000	4.2	0	20289
4000	4.3	0	20043
4000	4.4	0	20481
4000	4.5	0	20057
4000	4.6	0	20158
4000	4.7	0	20204
4000	4.8	0	19824
4000	4.9	0	20241
4000	5	0	19944
4000	5.1	0	19602
4000	5.2	0	18787
4000	5.3	0	17893
4000	5.4	0	16328
4000	5.5	0	15119
4000	5.6	0	13818
4000	5.7	0	12411
4000	5.8	0	11315
4000	5.9	0	10234
4000	6	0	9450
4000	6.1	0	8546
4000	6.2	0	7757
4000	6.3	0	7161
4000	6.4	0	6519
4000	6.5	0	5872
4000	6.6	0	5470
4000	6.7	0	5074
4000	6.8	0	4758
4000	6.9	0	4418
4000	7	0	4058
4000	7.1	0	3785
4000	7.2	0	3511
4000	7.3	0	3336
4000	7.4	0	3257
4000	7.5	0	3069
4000	7.6	0	2870
4000	7.7	0	2789
4000	7.8	0	2500
4000	7.9	0	2499
4000	8	0	2256
4000	8.1	0	2250
4000	8.2	0	2045
4000	8.3	0	2083
4000	8.4	0	1958
4000	8.5	0	1862
4000	8.6	0	1837
4000	8.7	0	1708
4000	8.8	0	1596
4000	8.9	0	1560
4000	9	0	1547
4000	9.1	0	1513
4000	9.2	0	1425
4000	9.3	0	1462
4000	9.4	0	1459
4000	9.5	0	1416
4000	9.6	0	1356
4000	9.7	0	1298
4000	9.8	0	1290
4000	9.9	0	1200
4000	10	0	1225
4000	10.1	0	1158
4000	10.2	0	1139
4000	10.3	0	1120
4000	10.4	0	1090
4000	10.5	0	1138
4000	10.6	0	1172
4000	10.7	0	1077
4000	10.8	0	1055
4000	10.9	0	1075
4000	11	0	1071
4000	11.1	0	1087
4000	11.2	0	1046
4000	11.3	0	1084
4000	11.4	0	1053
4000	11.5	0	1000
4000	11.6	0	957
4000	11.7	0	976
4000	11.8	0	987
4000	11.9	0	1005
4000	12	0	966
4000	12.1	0	1040
4000	12.2	0	1004
4000	12.3	0	1032
4000	12.4	0	1005
4000	12.5	0	1018
4000	12.6	0	991
4000	12.7	0	1018
4000	12.8	0	995
4000	12.9	0	954
4000	13	0	1043
4000	13.1	0	1029
4000	13.2	0	1025
4000	13.3	0	961
4000	13.4	0	943
4000	13.5	0	960
4000	13.6	0	965
4000	13.7	0	1011
4000	13.8	0	982
4000	13.9	0	969
4000	14	0	1072
4000	14.1	0	969
4000	14.2	0	938
4000	14.3	0	1000
4000	14.4	0	1018
4000	14.5	0	1017
4000	14.6	0	1005
4000	14.7	0	971
4000	14.8	0	1044
4000	14.9	0	1031
4000	15	0	1036
4000	15.1	0	1024
4000	15.2	0	1059
4000	15.3	0	1060
4000	15.4	0	991
4000	15.5	0	1040
4000	15.6	0	963
4000	15.7	0	1029
4000	15.8	0	983
4000	15.9	0	1010
4000	16	0	999
4000	16.1	0	979
4000	16.2	0	992
4000	16.3	0	1074
4000	16.4	0	1009
4000	16.5	0	1027
4000	16.6	0	1011
4000	16.7	0	1020
4000	16.8	0	1009
4000	16.9	0	1030
4000	17	0	968
4000	17.1	0	976
4000	17.2	0	978
4000	17.3	0	998
4000	17.4	0	989
4000	17.5	0	1030
4000	17.6	0	969
4000	17.7	0	966
4000	17.8	0	1055
4000	17.9	0	1004
4000	18	0	1016
4000	18.1	0	979
4000	18.2	0	961
4000	18.3	0	968
4000	18.4	0	983
4000	18.5	0	1049
4000	18.6	0	1079
4000	18.7	0	1010
4000	18.8	0	1017
4000	18.9	0	980
4000	19	0	1025
4000	19.1	0	971
4000	19.2	0	1049
4000	19.3	0	1006
4000	19.4	0	967
4000	19.5	0	1048
4000	19.6	0	994
4000	19.7	0	965
4000	19.8	0	939
4000	19.9	0	1040
8000	0	0	1026
8000	0.1	0	1013
8000	0.2	0	996
8000	0.3	0	1047
8000	0.4	0	1112
8000	0.5	0	1142
8000	0.6	0	1209
8000	0.7	0	1260
8000	0.8	0	1354
8000	0.9	0	1414
8000	1	0	1595
8000	1.1	0	1693
8000	1.2	0	1942
8000	1.3	0	2186
8000	1.4	0	2515
8000	1.5	0	2894
8000	1.6	0	3268
8000	1.7	0	3940
8000	1.8	0	4841
8000	1.9	0	6123
8000	2	0	7691
8000	2.1	0	10218
8000	2.2	0	13069
8000	2.3	0	16721
8000	2.4	0	19628
8000	2.5	0	20280
8000	2.6	0	20184
8000	2.7	0	20067
8000	2.8	0	20229
8000	2.9	0	20108
8000	3	0	19912
8000	3.1	0	20144
8000	3.2	0	19964
8000	3.3	0	19898
8000	3.4	0	20049
8000	3.5	0	20135
8000	3.6	0	20227
8000	3.7	0	20290
8000	3.8	0	20177
8000	3.9	0	20090
8000	4	0	20143
8000	4.1	0	19982
8000	4.2	0	20301
8000	4.3	0	20117
8000	4.4	0	20035
8000	4.5	0	20128
8000	4.6	0	20219
8000	4.7	0	20244
8000	4.8	0	20165
8000	4.9	0	20066
8000	5	0	19901
8000	5.1	0	19708
8000	5.2	0	18691
8000	5.3	0	17561
8000	5.4	0	16221
8000	5.5	0	15062
8000	5.6	0	13872
8000	5.7	0	12362
8000	5.8	0	11363
8000	5.9	0	10373
8000	6	0	9419
8000	6.1	0	8566
8000	6.2	0	7715
8000	6.3	0	7035
8000	6.4	0	6504
8000	6.5	0	5972
8000	6.6	0	5504
8000	6.7	0	5147
8000	6.8	0	4627
8000	6.9	0	4448
8000	7	0	4205
8000	7.1	0	3787
8000	7.2	0	3556
8000	7.3	0	3331
8000	7.4	0	3180
8000	7.5	0	2970
8000	7.6	0	2867
8000	7.7	0	2644
8000	7.8	0	2540
8000	7.9	0	2383
8000	8	0	2282
8000	8.1	0	2280
8000	8.2	0	2058
8000	8.3	0	2074
8000	8.4	0	1984
8000	8.5	0	1927
8000	8.6	0	1804
8000	8.7	0	1763
8000	8.8	0	1651
8000	8.9	0	1622
8000	9	0	1539
8000	9.1	0	1584
8000	9.2	0	1505
8000	9.3	0	1391
8000	9.4	0	1396
8000	9.5	0	1376
8000	9.6	0	1339
8000	9.7	0	1260
8000	9.8	0	1253
8000	9.9	0	1189
8000	10	0	1225
8000	10.1	0	1247
8000	10.2	0	1219
8000	10.3	0	1132
8000	10.4	0	1124
8000	10.5	0	1071
8000	10.6	0	1093
8000	10.7	0	1076
8000	10.8	0	1078
8000	10.9	0	1061
8000	11	0	1079
8000	11.1	0	983
8000	11.2	0	1018
8000	11.3	0	1116
8000	11.4	0	1013
8000	11.5	0	995
8000	11.6	0	1027
8000	11.7	0	1013
8000	11.8	0	973
8000	11.9	0	1028
8000	12	0	1004
8000	12.1	0	989
8000	12.2	0	1019
8000	12.3	0	980
8000	12.4	0	987
8000	12.5	0	1002
8000	12.6	0	978
8000	12.7	0	1087
8000	12.8	0	1005
8000	12.9	0	1037
8000	13	0	1034
8000	13.1	0	971
8000	13.2	0	998
8000	13.3	0	972
8000	13.4	0	1008
8000	13.5	0	1030
8000	13.6	0	977
8000	13.7	0	984
8000	13.8	0	1006
8000	13.9	0	1009
8000	14	0	980
8000	14.1	0	943
8000	14.2	0	1002
8000	14.3	0	1009
8000	14.4	0	1056
8000	14.5	0	1018
8000	14.6	0	992
8000	14.7	0	965
8000	14.8	0	1059
8000	14.9	0	1073
8000	15	0	990
8000	15.1	0	1034
8000	15.2	0	1013
8000	15.3	0	972
8000	15.4	0	1016
8000	15.5	0	1000
8000	15.6	0	1040
8000	15.7	0	1053
8000	15.8	0	1032
8000	15.9	0	1091
8000	16	0	950
8000	16.1	0	974
8000	16.2	0	1007
8000	16.3	0	982
8000	16.4	0	1042
8000	16.5	0	1007
8000	16.6	0	1054
8000	16.7	0	1006
8000	16.8	0	949
8000	16.9	0	956
8000	17	0	1035
8000	17.1	0	1022
8000	17.2	0	1032
8000	17.3	0	981
8000	17.4	0	996
8000	17.5	0	999
8000	17.6	0	1017
8000	17.7	0	976
8000	17.8	0	970
8000	17.9	0	1012
8000	18	0	1013
8000	18.1	0	959
8000	18.2	0	1055
8000	18.3	0	1044
8000	18.4	0	1012
8000	18.5	0	1015
8000	18.6	0	1023
8000	18.7	0	1026
8000	18.8	0	1004
8000	18.9	0	1031
8000	19	0	1020
8000	19.1	0	983
8000	19.2	0	959
8000	19.3	0	1025
8000	19.4	0	1012
8000	19.5	0	1018
8000	19.6	0	1005
8000	19.7	0	1013
8000	19.8	0	1018
8000	19.9	0	970
12000	0	0	972
12000	0.1	0	1009
12000	0.2	0	1006
12000	0.3	0	1075
12000	0.4	0	1044
12000	0.5	0	1165
12000	0.6	0	1213
12000	0.7	0	1327
12000	0.8	0	1348
12000	0.9	0	1395
12000	1	0	1657
12000	1.1	0	1758
12000	1.2	0	1874
12000	1.3	0	2162
12000	1.4	0	2459
12000	1.5	0	2784
12000	1.6	0	3178
12000	1.7	0	4025
12000	1.8	0	4742
12000	1.9	0	6153
12000	2	0	7821
12000	2.1	0	9918
12000	2.2	0	13392
12000	2.3	0	16760
12000	2.4	0	19307
12000	2.5	0	20296
12000	2.6	0	20234
12000	2.7	0	20353
12000	2.8	0	20222
12000	2.9	0	20188
12000	3	0	20022
12000	3.1	0	20205
12000	3.2	0	20102
12000	3.3	0	20237
12000	3.4	0	20022
12000	3.5	0	19964
12000	3.6	0	20199
12000	3.7	0	20345
12000	3.8	0	19993
12000	3.9	0	19872
12000	4	0	20011
12000	4.1	0	20089
12000	4.2	0	20096
12000	4.3	0	20279
12000	4.4	0	20152
12000	4.5	0	19876
12000	4.6	0	20058
12000	4.7	0	20343
12000	4.8	0	19984
12000	4.9	0	20079
12000	5	0	20002
12000	5.1	0	19595
12000	5.2	0	18732
12000	5.3	0	17625
12000	5.4	0	16267
12000	5.5	0	15281
12000	5.6	0	13768
12000	5.7	0	12337
12000	5.8	0	11498
12000	5.9	0	10395
12000	6	0	9402
12000	6.1	0	8645
12000	6.2	0	7749
12000	6.3	0	7175
12000	6.4	0	6544
12000	6.5	0	5852
12000	6.6	0	5371
12000	6.7	0	5005
12000	6.8	0	4867
12000	6.9	0	4325
12000	7	0	4057
12000	7.1	0	3845
12000	7.2	0	3556
12000	7.3	0	3288
12000	7.4	0	3213
12000	7.5	0	2958
12000	7.6	0	2780
12000	7.7	0	2700
12000	7.8	0	2505
12000	7.9	0	2427
12000	8	0	2308
12000	8.1	0	2312
12000	8.2	0	2069
12000	8.3	0	2045
12000	8.4	0	1898
12000	8.5	0	1885
12000	8.6	0	1887
12000	8.7	0	1797
12000	8.8	0	1683
12000	8.9	0	1787
12000	9	0	1597
12000	9.1	0	1510
12000	9.2	0	1524
12000	9.3	0	1440
12000	9.4	0	1416
12000	9.5	0	1452
12000	9.6	0	1366
12000	9.7	0	1347
12000	9.8	0	1285
12000	9.9	0	1259
12000	10	0	1233
12000	10.1	0	1154
12000	10.2	0	1149
12000	10.3	0	1127
12000	10.4	0	1209
12000	10.5	0	1132
12000	10.6	0	1082
12000	10.7	0	1086
12000	10.8	0	1090
12000	10.9	0	1058
12000	11	0	1033
12000	11.1	0	1081
12000	11.2	0	1069
12000	11.3	0	1030
12000	11.4	0	983
12000	11.5	0	1013
12000	11.6	0	1029
12000	11.7	0	984
12000	11.8	0	1035
12000	11.9	0	1050
12000	12	0	997
12000	12.1	0	960
12000	12.2	0	1006
12000	12.3	0	1023
12000	12.4	0	993
12000	12.5	0	996
12000	12.6	0	1018
12000	12.7	0	1056
12000	12.8	0	976
12000	12.9	0	998
12000	13	0	986
12000	13.1	0	1009
12000	13.2	0	978
12000	13.3	0	979
12000	13.4	0	1057
12000	13.5	0	1059
12000	13.6	0	1007
12000	13.7	0	996
12000	13.8	0	999
12000	13.9	0	981
12000	14	0	1002
12000	14.1	0	990
12000	14.2	0	1066
12000	14.3	0	1019
12000	14.4	0	1022
12000	14.5	0	972
12000	14.6	0	1018
12000	14.7	0	938
12000	14.8	0	985
12000	14.9	0	985
12000	15	0	943
12000	15.1	0	1041
12000	15.2	0	1008
12000	15.3	0	1051
12000	15.4	0	1071
12000	15.5	0	1024
12000	15.6	0	953
12000	15.7	0	986
12000	15.8	0	988
12000	15.9	0	959
12000	16	0	1053
12000	16.1	0	987
12000	16.2	0	982
12000	16.3	0	1023
12000	16.4	0	1006
12000	16.5	0	976
12000	16.6	0	1017
12000	16.7	0	1022
12000	16.8	0	1005
12000	16.9	0	981
12000	17	0	1000
12000	17.1	0	981
12000	17.2	0	936
12000	17.3	0	1005
12000	17.4	0	1040
12000	17.5	0	980
12000	17.6	0	958
12000	17.7	0	949
12000	17.8	0	1015
12000	17.9	0	992
12000	18	0	981
12000	18.1	0	943
12000	18.2	0	1030
12000	18.3	0	1088
12000	18.4	0	991
12000	18.5	0	957
12000	18.6	0	1001
12000	18.7	0	1007
12000	18.8	0	1026
12000	18.9	0	1012
12000	19	0	971
12000	19.1	0	1019
12000	19.2	0	991
12000	19.3	0	1014
12000	19.4	0	996
12000	19.5	0	951
12000	19.6	0	1033
12000	19.7	0	932
12000	19.8	0	1021
12000	19.9	0	1010
16000	0	0	978
16000	0.1	0	1038
16000	0.2	0	1054
16000	0.3	0	1081
16000	0.4	0	1093
16000	0.5	0	1100
16000	0.6	0	1213
16000	0.7	0	1297
16000	0.8	0	1350
16000	0.9	0	1450
16000	1	0	1523
16000	1.1	0	1755
16000	1.2	0	1906
16000	1.3	0	2194
16000	1.4	0	2444
16000	1.5	0	2857
16000	1.6	0	3218
16000	1.7	0	4032
16000	1.8	0	4901
16000	1.9	0	6064
16000	2	0	7621
16000	2.1	0	9857
16000	2.2	0	13072
16000	2.3	0	16750
16000	2.4	0	19614
16000	2.5	0	19938
16000	2.6	0	20311
16000	2.7	0	20198
16000	2.8	0	20133
16000	2.9	0	20133
16000	3	0	20225
16000	3.1	0	20022
16000	3.2	0	20017
16000	3.3	0	20233
16000	3.4	0	20287
16000	3.5	0	20178
16000	3.6	0	20253
16000	3.7	0	20238
16000	3.8	0	20181
16000	3.9	0	20311
16000	4	0	20422
16000	4.1	0	19909
16000	4.2	0	20486
16000	4.3	0	20307
16000	4.4	0	20195
16000	4.5	0	19981
16000	4.6	0	20333
16000	4.7	0	20152
16000	4.8	0	19996
16000	4.9	0	20035
16000	5	0	20201
16000	5.1	0	19553
16000	5.2	0	18632
16000	5.3	0	17537
16000	5.4	0	16544
16000	5.5	0	15155
16000	5.6	0	13706
16000	5.7	0	12320
16000	5.8	0	11116
16000	5.9	0	10377
16000	6	0	9212
16000	6.1	0	8407
16000	6.2	0	7704
16000	6.3	0	7076
16000	6.4	0	6451
16000	6.5	0	5907
16000	6.6	0	5478
16000	6.7	0	5105
16000	6.8	0	4686
16000	6.9	0	4368
16000	7	0	4076
16000	7.1	0	3778
16000	7.2	0	3488
16000	7.3	0	3329
16000	7.4	0	3171
16000	7.5	0	3085
16000	7.6	0	2866
16000	7.7	0	2677
16000	7.8	0	2562
16000	7.9	0	2369
16000	8	0	2258
16000	8.1	0	2263
16000	8.2	0	2157
16000	8.3	0	1991
16000	8.4	0	1940
16000	8.5	0	1820
16000	8.6	0	1844
16000	8.7	0	1820
16000	8.8	0	1642
16000	8.9	0	1567
16000	9	0	1581
16000	9.1	0	1538
16000	9.2	0	1516
16000	9.3	0	1435
16000	9.4	0	1352
16000	9.5	0	1430
16000	9.6	0	1323
16000	9.7	0	1317
16000	9.8	0	1318
16000	9.9	0	1304
16000	10	0	1180
16000	10.1	0	1220
16000	10.2	0	1172
16000	10.3	0	1101
16000	10.4	0	1135
16000	10.5	0	1153
16000	10.6	0	1053
16000	10.7	0	1071
16000	10.8	0	1056
16000	10.9	0	1043
16000	11	0	1087
16000	11.1	0	1034
16000	11.2	0	1044
16000	11.3	0	983
16000	11.4	0	1043
16000	11.5	0	1009
16000	11.6	0	1041
16000	11.7	0	994
16000	11.8	0	1009
16000	11.9	0	987
16000	12	0	1006
16000	12.1	0	1017
16000	12.2	0	976
16000	12.3	0	1000
16000	12.4	0	1084
16000	12.5	0	999
16000	12.6	0	1017
16000	12.7	0	961
16000	12.8	0	1022
16000	12.9	0	1033
16000	13	0	949
16000	13.1	0	970
16000	13.2	0	984
16000	13.3	0	978
16000	13.4	0	1040
16000	13.5	0	926
16000	13.6	0	1018
16000	13.7	0	1000
16000	13.8	0	1052
16000	13.9	0	987
16000	14	0	976
16000	14.1	0	1006
16000	14.2	0	1001
16000	14.3	0	998
16000	14.4	0	962
16000	14.5	0	1000
16000	14.6	0	1034
16000	14.7	0	988
16000	14.8	0	1017
16000	14.9	0	963
16000	15	0	988
16000	15.1	0	1013
16000	15.2	0	957
16000	15.3	0	1005
16000	15.4	0	953
16000	15.5	0	1014
16000	15.6	0	1038
16000	15.7	0	989
16000	15.8	0	989
16000	15.9	0	976
16000	16	0	985
16000	16.1	0	1003
16000	16.2	0	1018
16000	16.3	0	983
16000	16.4	0	1066
16000	16.5	0	1028
16000	16.6	0	1061
16000	16.7	0	983
16000	16.8	0	987
16000	16.9	0	1014
16000	17	0	985
16000	17.1	0	1007
16000	17.2	0	1026
16000	17.3	0	1061
16000	17.4	0	971
16000	17.5	0	1030
16000	17.6	0	1043
16000	17.7	0	992
16000	17.8	0	1009
16000	17.9	0	981
16000	18	0	1015
16000	18.1	0	1032
16000	18.2	0	977
16000	18.3	0	984
16000	18.4	0	959
16000	18.5	0	985
16000	18.6	0	1051
16000	18.7	0	1048
16000	18.8	0	1014
16000	18.9	0	1048
16000	19	0	982
16000	19.1	0	1023
16000	19.2	0	974
16000	19.3	0	988
16000	19.4	0	953
16000	19.5	0	1002
16000	19.6	0	1038
16000	19.7	0	1064
16000	19.8	0	1080
16000	19.9	0	961
20000	0	0	1012
20000	0.1	0	970
20000	0.2	0	1088
20000	0.3	0	1061
20000	0.4	0	1112
20000	0.5	0	1157
20000	0.6	0	1190
20000	0.7	0	1275
20000	0.8	0	1364
20000	0.9	0	1455
20000	1	0	1608
20000	1.1	0	1685
20000	1.2	0	1945
20000	1.3	0	2176
20000	1.4	0	2399
20000	1.5	0	2840
20000	1.6	0	3318
20000	1.7	0	4003
20000	1.8	0	4915
20000	1.9	0	6135
20000	2	0	7772
20000	2.1	0	9939
20000	2.2	0	13371
20000	2.3	0	16850
20000	2.4	0	19841
20000	2.5	0	20330
20000	2.6	0	20264
20000	2.7	0	20025
20000	2.8	0	20216
20000	2.9	0	19909
20000	3	0	19956
20000	3.1	0	20235
20000	3.2	0	20142
20000	3.3	0	20239
20000	3.4	0	19981
20000	3.5	0	19819
20000	3.6	0	19957
20000	3.7	0	20202
20000	3.8	0	19885
20000	3.9	0	20307
20000	4	0	20227
20000	4.1	0	19818
20000	4.2	0	20070
20000	4.3	0	19760
20000	4.4	0	19940
20000	4.5	0	20361
20000	4.6	0	20222
20000	4.7	0	20116
20000	4.8	0	20107
20000	4.9	0	19959
20000	5	0	20018
20000	5.1	0	19642
20000	5.2	0	18671
20000	5.3	0	17583
20000	5.4	0	16354
20000	5.5	0	14983
20000	5.6	0	13835
20000	5.7	0	12411
20000	5.8	0	11466
20000	5.9	0	10312
20000	6	0	9322
20000	6.1	0	8552
20000	6.2	0	7788
20000	6.3	0	7102
20000	6.4	0	6383
20000	6.5	0	5916
20000	6.6	0	5500
20000	6.7	0	5138
20000	6.8	0	4757
20000	6.9	0	4487
20000	7	0	4023
20000	7.1	0	3808
20000	7.2	0	3609
20000	7.3	0	3384
20000	7.4	0	3058
20000	7.5	0	3033
20000	7.6	0	2824
20000	7.7	0	2683
20000	7.8	0	2567
20000	7.9	0	2447
20000	8	0	2292
20000	8.1	0	2273
20000	8.2	0	2146
20000	8.3	0	1920
20000	8.4	0	1942
20000	8.5	0	1909
20000	8.6	0	1826
20000	8.7	0	1716
20000	8.8	0	1614
20000	8.9	0	1588
20000	9	0	1611
20000	9.1	0	1561
20000	9.2	0	1547
20000	9.3	0	1439
20000	9.4	0	1452
20000	9.5	0	1375
20000	9.6	0	1296
20000	9.7	0	1282
20000	9.8	0	1319
20000	9.9	0	1218
20000	10	0	1254
20000	10.1	0	1220
20000	10.2	0	1201
20000	10.3	0	1171
20000	10.4	0	1144
20000	10.5	0	1066
20000	10.6	0	1145
20000	10.7	0	1069
20000	10.8	0	1122
20000	10.9	0	1093
20000	11	0	1093
20000	11.1	0	1057
20000	11.2	0	1023
20000	11.3	0	1044
20000	11.4	0	1021
20000	11.5	0	1030
20000	11.6	0	1044
20000	11.7	0	1039
20000	11.8	0	988
20000	11.9	0	1021
20000	12	0	1030
20000	12.1	0	1024
20000	12.2	0	1038
20000	12.3	0	992
20000	12.4	0	1015
20000	12.5	0	1037
20000	12.6	0	1000
20000	12.7	0	1032
20000	12.8	0	1051
20000	12.9	0	1013
20000	13	0	979
20000	13.1	0	1013
20000	13.2	0	1068
20000	13.3	0	1006
20000	13.4	0	991
20000	13.5	0	1003
20000	13.6	0	990
20000	13.7	0	1061
20000	13.8	0	1049
20000	13.9	0	988
20000	14	0	1010
20000	14.1	0	1049
20000	14.2	0	993
20000	14.3	0	972
20000	14.4	0	1058
20000	14.5	0	988
20000	14.6	0	991
20000	14.7	0	1006
20000	14.8	0	1033
20000	14.9	0	996
20000	15	0	998
20000	15.1	0	1003
20000	15.2	0	967
20000	15.3	0	978
20000	15.4	0	1031
20000	15.5	0	1024
20000	15.6	0	1013
20000	15.7	0	1053
20000	15.8	0	975
20000	15.9	0	1036
20000	16	0	993
20000	16.1	0	993
20000	16.2	0	1021
20000	16.3	0	975
20000	16.4	0	1029
20000	16.5	0	1052
20000	16.6	0	960
20000	16.7	0	1006
20000	16.8	0	995
20000	16.9	0	995
20000	17	0	974
20000	17.1	0	1032
20000	17.2	0	1046
20000	17.3	0	1017
20000	17.4	0	982
20000	17.5	0	1018
20000	17.6	0	989
20000	17.7	0	990
20000	17.8	0	1015
20000	17.9	0	1042
20000	18	0	1080
20000	18.1	0	992
20000	18.2	0	987
20000	18.3	0	987
20000	18.4	0	1035
20000	18.5	0	997
20000	18.6	0	1006
20000	18.7	0	948
20000	18.8	0	962
20000	18.9	0	981
20000	19	0	1025
20000	19.1	0	954
20000	19.2	0	1007
20000	19.3	0	967
20000	19.4	0	981
20000	19.5	0	994
20000	19.6	0	1029
20000	19.7	0	1017
20000	19.8	0	1052
20000	19.9	0	966
