4000	0	0	1021
4000	0.1	0	1035
4000	0.2	0	1067
4000	0.3	0	1097
4000	0.4	0	1095
4000	0.5	0	1172
4000	0.6	0	1228
4000	0.7	0	1267
4000	0.8	0	1309
4000	0.9	0	1464
4000	1	0	1643
4000	1.1	0	1726
4000	1.2	0	1890
4000	1.3	0	2140
4000	1.4	0	2377
4000	1.5	0	2874
4000	1.6	0	3368
4000	1.7	0	3853
4000	1.8	0	4872
4000	1.9	0	5982
4000	2	0	7545
4000	2.1	0	10065
4000	2.2	0	13200
4000	2.3	0	16874
4000	2.4	0	19431
4000	2.5	0	20058
4000	2.6	0	19908
4000	2.7	0	20247
4000	2.8	0	20006
4000	2.9	0	19953
4000	3	0	20322
4000	3.1	0	20170
4000	3.2	0	20169
4000	3.3	0	20180
4000	3.4	0	20247
4000	3.5	0	20152
4000	3.6	0	20419
4000	3.7	0	19949
4000	3.8	0	20040
4000	3.9	0	20400
4000	4	0	20170
4000	4.1	0	20195
4000	4.2	0	20144
4000	4.3	0	20265
4000	4.4	0	20154
4000	4.5	0	20104
4000	4.6	0	20194
4000	4.7	0	20089
4000	4.8	0	20019
4000	4.9	0	20220
4000	5	0	20289
4000	5.1	0	19561
4000	5.2	0	18660
4000	5.3	0	17697
4000	5.4	0	16292
4000	5.5	0	15138
4000	5.6	0	13837
4000	5.7	0	12687
4000	5.8	0	11327
4000	5.9	0	10344
4000	6	0	9336
4000	6.1	0	8487
4000	6.2	0	7674
4000	6.3	0	7081
4000	6.4	0	6533
4000	6.5	0	5929
4000	6.6	0	5548
4000	6.7	0	4930
4000	6.8	0	4759
4000	6.9	0	4303
4000	7	0	4015
4000	7.1	0	3840
4000	7.2	0	3542
4000	7.3	0	3346
4000	7.4	0	3181
4000	7.5	0	3093
4000	7.6	0	2811
4000	7.7	0	2597
4000	7.8	0	2430
4000	7.9	0	2427
4000	8	0	2294
4000	8.1	0	2201
4000	8.2	0	2080
4000	8.3	0	2036
4000	8.4	0	1948
4000	8.5	0	1920
4000	8.6	0	1855
4000	8.7	0	1756
4000	8.8	0	1717
4000	8.9	0	1586
4000	9	0	1583
4000	9.1	0	1480
4000	9.2	0	1507
4000	9.3	0	1451
4000	9.4	0	1434
4000	9.5	0	1335
4000	9.6	0	1329
4000	9.7	0	1292
4000	9.8	0	1258
4000	9.9	0	1195
4000	10	0	1189
4000	10.1	0	1228
4000	10.2	0	1145
4000	10.3	0	1133
4000	10.4	0	1172
4000	10.5	0	1146
4000	10.6	0	1084
4000	10.7	0	1114
4000	10.8	0	1068
4000	10.9	0	1090
4000	11	0	1048
4000	11.1	0	1066
4000	11.2	0	1084
4000	11.3	0	1053
4000	11.4	0	1014
4000	11.5	0	978
4000	11.6	0	1018
4000	11.7	0	1015
4000	11.8	0	1035
4000	11.9	0	1049
4000	12	0	974
4000	12.1	0	968
4000	12.2	0	1052
4000	12.3	0	944
4000	12.4	0	997
4000	12.5	0	1001
4000	12.6	0	975
4000	12.7	0	985
4000	12.8	0	1008
4000	12.9	0	1044
4000	13	0	970
4000	13.1	0	973
4000	13.2	0	1035
4000	13.3	0	955
4000	13.4	0	1044
4000	13.5	0	1004
4000	13.6	0	1038
4000	13.7	0	961
4000	13.8	0	970
4000	13.9	0	974
4000	14	0	1000
4000	14.1	0	959
4000	14.2	0	1013
4000	14.3	0	1013
4000	14.4	0	1029
4000	14.5	0	999
4000	14.6	0	979
4000	14.7	0	989
4000	14.8	0	997
4000	14.9	0	1026
4000	15	0	1017
4000	15.1	0	1013
4000	15.2	0	995
4000	15.3	0	1040
4000	15.4	0	935
4000	15.5	0	981
4000	15.6	0	967
4000	15.7	0	965
4000	15.8	0	997
4000	15.9	0	981
4000	16	0	988
4000	16.1	0	1049
4000	16.2	0	997
4000	16.3	0	999
4000	16.4	0	950
4000	16.5	0	1037
4000	16.6	0	1019
4000	16.7	0	995
4000	16.8	0	1025
4000	16.9	0	988
4000	17	0	1021
4000	17.1	0	1046
4000	17.2	0	1002
4000	17.3	0	940
4000	17.4	0	1013
4000	17.5	0	1027
4000	17.6	0	1008
4000	17.7	0	1019
4000	17.8	0	998
4000	17.9	0	1039
4000	18	0	1069
4000	18.1	0	1002
4000	18.2	0	988
4000	18.3	0	1024
4000	18.4	0	974
4000	18.5	0	1011
4000	18.6	0	1028
4000	18.7	0	1019
4000	18.8	0	1001
4000	18.9	0	889
4000	19	0	980
4000	19.1	0	1011
4000	19.2	0	1037
4000	19.3	0	928
4000	19.4	0	1019
4000	19.5	0	1026
4000	19.6	0	1066
4000	19.7	0	951
4000	19.8	0	991
4000	19.9	0	1010
8000	0	0	1053
8000	0.1	0	975
8000	0.2	0	1048
8000	0.3	0	1080
8000	0.4	0	1097
8000	0.5	0	1093
8000	0.6	0	1209
8000	0.7	0	1300
8000	0.8	0	1401
8000	0.9	0	1514
8000	1	0	1564
8000	1.1	0	1692
8000	1.2	0	1919
8000	1.3	0	2192
8000	1.4	0	2380
8000	1.5	0	2796
8000	1.6	0	3453
8000	1.7	0	3970
8000	1.8	0	4946
8000	1.9	0	5996
8000	2	0	7824
8000	2.1	0	10138
8000	2.2	0	13006
8000	2.3	0	16881
8000	2.4	0	19652
8000	2.5	0	20097
8000	2.6	0	20287
8000	2.7	0	20093
8000	2.8	0	20003
8000	2.9	0	20222
8000	3	0	20236
8000	3.1	0	20388
8000	3.2	0	19846
8000	3.3	0	20226
8000	3.4	0	20122
8000	3.5	0	20008
8000	3.6	0	20250
8000	3.7	0	19758
8000	3.8	0	20255
8000	3.9	0	20323
8000	4	0	20077
8000	4.1	0	20105
8000	4.2	0	20056
8000	4.3	0	19981
8000	4.4	0	20107
8000	4.5	0	20162
8000	4.6	0	20189
8000	4.7	0	20009
8000	4.8	0	19852
8000	4.9	0	19856
8000	5	0	20068
8000	5.1	0	19559
8000	5.2	0	18557
8000	5.3	0	17737
8000	5.4	0	16518
8000	5.5	0	15176
8000	5.6	0	13856
8000	5.7	0	12630
8000	5.8	0	11528
8000	5.9	0	10242
8000	6	0	9395
8000	6.1	0	8449
8000	6.2	0	7706
8000	6.3	0	7069
8000	6.4	0	6488
8000	6.5	0	6007
8000	6.6	0	5337
8000	6.7	0	4977
8000	6.8	0	4764
8000	6.9	0	4380
8000	7	0	4184
8000	7.1	0	3778
8000	7.2	0	3577
8000	7.3	0	3379
8000	7.4	0	3184
8000	7.5	0	3034
8000	7.6	0	2792
8000	7.7	0	2741
8000	7.8	0	2461
8000	7.9	0	2449
8000	8	0	2317
8000	8.1	0	2229
8000	8.2	0	2154
8000	8.3	0	2094
8000	8.4	0	1908
8000	8.5	0	1963
8000	8.6	0	1817
8000	8.7	0	1736
8000	8.8	0	1653
8000	8.9	0	1636
8000	9	0	1500
8000	9.1	0	1559
8000	9.2	0	1555
8000	9.3	0	1475
8000	9.4	0	1416
8000	9.5	0	1335
8000	9.6	0	1278
8000	9.7	0	1304
8000	9.8	0	1222
8000	9.9	0	1245
8000	10	0	1246
8000	10.1	0	1260
8000	10.2	0	1164
8000	10.3	0	1173
8000	10.4	0	1194
8000	10.5	0	1118
8000	10.6	0	1127
8000	10.7	0	1070
8000	10.8	0	1123
8000	10.9	0	1024
8000	11	0	1080
8000	11.1	0	1025
8000	11.2	0	1011
8000	11.3	0	1080
8000	11.4	0	1010
8000	11.5	0	1033
8000	11.6	0	985
8000	11.7	0	972
8000	11.8	0	987
8000	11.9	0	1058
8000	12	0	1000
8000	12.1	0	990
8000	12.2	0	964
8000	12.3	0	1000
8000	12.4	0	971
8000	12.5	0	912
8000	12.6	0	1019
8000	12.7	0	999
8000	12.8	0	1003
8000	12.9	0	936
8000	13	0	960
8000	13.1	0	1003
8000	13.2	0	985
8000	13.3	0	942
8000	13.4	0	1033
8000	13.5	0	1040
8000	13.6	0	999
8000	13.7	0	1002
8000	13.8	0	1018
8000	13.9	0	990
8000	14	0	1086
8000	14.1	0	991
8000	14.2	0	960
8000	14.3	0	981
8000	14.4	0	977
8000	14.5	0	1067
8000	14.6	0	1007
8000	14.7	0	947
8000	14.8	0	1053
8000	14.9	0	1026
8000	15	0	1032
8000	15.1	0	949
8000	15.2	0	1031
8000	15.3	0	1020
8000	15.4	0	1047
8000	15.5	0	985
8000	15.6	0	1039
8000	15.7	0	975
8000	15.8	0	1017
8000	15.9	0	1083
8000	16	0	1044
8000	16.1	0	992
8000	16.2	0	1060
8000	16.3	0	986
8000	16.4	0	1043
8000	16.5	0	981
8000	16.6	0	1020
8000	16.7	0	985
8000	16.8	0	1009
8000	16.9	0	1010
8000	17	0	1003
8000	17.1	0	983
8000	17.2	0	994
8000	17.3	0	1017
8000	17.4	0	1023
8000	17.5	0	1004
8000	17.6	0	1033
8000	17.7	0	994
8000	17.8	0	998
8000	17.9	0	1039
8000	18	0	907
8000	18.1	0	1038
8000	18.2	0	991
8000	18.3	0	977
8000	18.4	0	1003
8000	18.5	0	919
8000	18.6	0	999
8000	18.7	0	997
8000	18.8	0	983
8000	18.9	0	1019
8000	19	0	989
8000	19.1	0	1011
8000	19.2	0	975
8000	19.3	0	1011
8000	19.4	0	971
8000	19.5	0	985
8000	19.6	0	980
8000	19.7	0	977
8000	19.8	0	1089
8000	19.9	0	1077
12000	0	0	1004
12000	0.1	0	1035
12000	0.2	0	1039
12000	0.3	0	1070
12000	0.4	0	1024
12000	0.5	0	1111
12000	0.6	0	1203
12000	0.7	0	1292
12000	0.8	0	1340
12000	0.9	0	1425
12000	1	0	1591
12000	1.1	0	1785
12000	1.2	0	1881
12000	1.3	0	2214
12000	1.4	0	2493
12000	1.5	0	2862
12000	1.6	0	3285
12000	1.7	0	3880
12000	1.8	0	4776
12000	1.9	0	5956
12000	2	0	7578
12000	2.1	0	9768
12000	2.2	0	13348
12000	2.3	0	16949
12000	2.4	0	19544
12000	2.5	0	20153
12000	2.6	0	20101
12000	2.7	0	20238
12000	2.8	0	20129
12000	2.9	0	20299
12000	3	0	19992
12000	3.1	0	20089
12000	3.2	0	19868
12000	3.3	0	20103
12000	3.4	0	20199
12000	3.5	0	20164
12000	3.6	0	20159
12000	3.7	0	20101
12000	3.8	0	20107
12000	3.9	0	20488
12000	4	0	20310
12000	4.1	0	20142
12000	4.2	0	20215
12000	4.3	0	20488
12000	4.4	0	19836
12000	4.5	0	20091
12000	4.6	0	20169
12000	4.7	0	20292
12000	4.8	0	20162
12000	4.9	0	19914
12000	5	0	20114
12000	5.1	0	19514
12000	5.2	0	18633
12000	5.3	0	17629
12000	5.4	0	16529
12000	5.5	0	14909
12000	5.6	0	13749
12000	5.7	0	12472
12000	5.8	0	11493
12000	5.9	0	10215
12000	6	0	9296
12000	6.1	0	8377
12000	6.2	0	7660
12000	6.3	0	6967
12000	6.4	0	6530
12000	6.5	0	5943
12000	6.6	0	5405
12000	6.7	0	5013
12000	6.8	0	4736
12000	6.9	0	4253
12000	7	0	4168
12000	7.1	0	3827
12000	7.2	0	3543
12000	7.3	0	3499
12000	7.4	0	3111
12000	7.5	0	2961
12000	7.6	0	2833
12000	7.7	0	2632
12000	7.8	0	2597
12000	7.9	0	2392
12000	8	0	2254
12000	8.1	0	2141
12000	8.2	0	2152
12000	8.3	0	2031
12000	8.4	0	2002
12000	8.5	0	1914
12000	8.6	0	1793
12000	8.7	0	1801
12000	8.8	0	1659
12000	8.9	0	1626
12000	9	0	1640
12000	9.1	0	1465
12000	9.2	0	1463
12000	9.3	0	1468
12000	9.4	0	1412
12000	9.5	0	1403
12000	9.6	0	1387
12000	9.7	0	1325
12000	9.8	0	1338
12000	9.9	0	1251
12000	10	0	1225
12000	10.1	0	1201
12000	10.2	0	1175
12000	10.3	0	1163
12000	10.4	0	1140
12000	10.5	0	1073
12000	10.6	0	1150
12000	10.7	0	1063
12000	10.8	0	1082
12000	10.9	0	1118
12000	11	0	1026
12000	11.1	0	1107
12000	11.2	0	1074
12000	11.3	0	1080
12000	11.4	0	1094
12000	11.5	0	1032
12000	11.6	0	1042
12000	11.7	0	1050
12000	11.8	0	1039
12000	11.9	0	967
12000	12	0	1017
12000	12.1	0	994
12000	12.2	0	1012
12000	12.3	0	971
12000	12.4	0	979
12000	12.5	0	958
12000	12.6	0	952
12000	12.7	0	1032
12000	12.8	0	976
12000	12.9	0	1060
12000	13	0	1045
12000	13.1	0	978
12000	13.2	0	976
12000	13.3	0	999
12000	13.4	0	957
12000	13.5	0	1022
12000	13.6	0	1014
12000	13.7	0	1017
12000	13.8	0	1011
12000	13.9	0	1026
12000	14	0	1012
12000	14.1	0	1037
12000	14.2	0	1032
12000	14.3	0	1024
12000	14.4	0	986
12000	14.5	0	1047
12000	14.6	0	990
12000	14.7	0	976
12000	14.8	0	1018
12000	14.9	0	1003
12000	15	0	1014
12000	15.1	0	969
12000	15.2	0	972
12000	15.3	0	1047
12000	15.4	0	961
12000	15.5	0	966
12000	15.6	0	972
12000	15.7	0	949
12000	15.8	0	1032
12000	15.9	0	1011
12000	16	0	968
12000	16.1	0	1001
12000	16.2	0	973
12000	16.3	0	1017
12000	16.4	0	986
12000	16.5	0	1059
12000	16.6	0	956
12000	16.7	0	1055
12000	16.8	0	1011
12000	16.9	0	1017
12000	17	0	976
12000	17.1	0	1011
12000	17.2	0	1051
12000	17.3	0	1022
12000	17.4	0	972
12000	17.5	0	972
12000	17.6	0	1017
12000	17.7	0	1007
12000	17.8	0	1053
12000	17.9	0	1067
12000	18	0	1012
12000	18.1	0	1016
12000	18.2	0	1015
12000	18.3	0	1066
12000	18.4	0	1019
12000	18.5	0	962
12000	18.6	0	989
12000	18.7	0	973
12000	18.8	0	999
12000	18.9	0	1054
12000	19	0	983
12000	19.1	0	1063
12000	19.2	0	982
12000	19.3	0	961
12000	19.4	0	996
12000	19.5	0	1001
12000	19.6	0	994
12000	19.7	0	1017
12000	19.8	0	1037
12000	19.9	0	968
16000	0	0	1006
16000	0.1	0	1067
16000	0.2	0	1010
16000	0.3	0	1085
16000	0.4	0	1099
16000	0.5	0	1137
16000	0.6	0	1184
16000	0.7	0	1240
16000	0.8	0	1376
16000	0.9	0	1412
16000	1	0	1529
16000	1.1	0	1723
16000	1.2	0	1898
16000	1.3	0	2152
16000	1.4	0	2409
16000	1.5	0	2804
16000	1.6	0	3292
16000	1.7	0	4040
16000	1.8	0	4719
16000	1.9	0	5949
16000	2	0	7573
16000	2.1	0	10192
16000	2.2	0	13043
16000	2.3	0	16644
16000	2.4	0	19575
16000	2.5	0	20072
16000	2.6	0	19987
16000	2.7	0	19928
16000	2.8	0	20058
16000	2.9	0	19976
16000	3	0	20037
16000	3.1	0	20117
16000	3.2	0	20013
16000	3.3	0	20509
16000	3.4	0	20298
16000	3.5	0	20134
16000	3.6	0	19959
16000	3.7	0	19883
16000	3.8	0	20064
16000	3.9	0	20183
16000	4	0	20238
16000	4.1	0	19923
16000	4.2	0	20139
16000	4.3	0	19924
16000	4.4	0	20236
16000	4.5	0	20092
16000	4.6	0	20307
16000	4.7	0	20050
16000	4.8	0	20005
16000	4.9	0	20387
16000	5	0	20307
16000	5.1	0	19681
16000	5.2	0	18774
16000	5.3	0	17877
16000	5.4	0	16366
16000	5.5	0	15188
16000	5.6	0	13803
16000	5.7	0	12673
16000	5.8	0	11426
16000	5.9	0	10164
16000	6	0	9395
16000	6.1	0	8451
16000	6.2	0	7718
16000	6.3	0	7029
16000	6.4	0	6544
16000	6.5	0	6063
16000	6.6	0	5383
16000	6.7	0	5038
16000	6.8	0	4802
16000	6.9	0	4416
16000	7	0	4104
16000	7.1	0	3859
16000	7.2	0	3588
16000	7.3	0	3331
16000	7.4	0	3281
16000	7.5	0	2985
16000	7.6	0	2901
16000	7.7	0	2596
16000	7.8	0	2458
16000	7.9	0	2471
16000	8	0	2307
16000	8.1	0	2252
16000	8.2	0	2121
16000	8.3	0	2080
16000	8.4	0	1834
16000	8.5	0	1898
16000	8.6	0	1872
16000	8.7	0	1787
16000	8.8	0	1606
16000	8.9	0	1619
16000	9	0	1620
16000	9.1	0	1508
16000	9.2	0	1462
16000	9.3	0	1426
16000	9.4	0	1421
16000	9.5	0	1409
16000	9.6	0	1386
16000	9.7	0	1317
16000	9.8	0	1202
16000	9.9	0	1365
16000	10	0	1248
16000	10.1	0	1194
16000	10.2	0	1228
16000	10.3	0	1158
16000	10.4	0	1118
16000	10.5	0	1116
16000	10.6	0	1133
16000	10.7	0	1063
16000	10.8	0	1111
16000	10.9	0	1040
16000	11	0	1042
16000	11.1	0	1068
16000	11.2	0	1050
16000	11.3	0	1079
16000	11.4	0	1008
16000	11.5	0	979
16000	11.6	0	1024
16000	11.7	0	976
16000	11.8	0	960
16000	11.9	0	1048
16000	12	0	1006
16000	12.1	0	978
16000	12.2	0	1033
16000	12.3	0	961
16000	12.4	0	975
16000	12.5	0	999
16000	12.6	0	1050
16000	12.7	0	1044
16000	12.8	0	982
16000	12.9	0	992
16000	13	0	984
16000	13.1	0	1015
16000	13.2	0	1045
16000	13.3	0	974
16000	13.4	0	982
16000	13.5	0	970
16000	13.6	0	1031
16000	13.7	0	1023
16000	13.8	0	1007
16000	13.9	0	969
16000	14	0	1039
16000	14.1	0	986
16000	14.2	0	987
16000	14.3	0	969
16000	14.4	0	983
16000	14.5	0	985
16000	14.6	0	1030
16000	14.7	0	1033
16000	14.8	0	1037
16000	14.9	0	1027
16000	15	0	1032
16000	15.1	0	1039
16000	15.2	0	1050
16000	15.3	0	1002
16000	15.4	0	1042
16000	15.5	0	1007
16000	15.6	0	1000
16000	15.7	0	940
16000	15.8	0	996
16000	15.9	0	1017
16000	16	0	999
16000	16.1	0	1082
16000	16.2	0	1019
16000	16.3	0	979
16000	16.4	0	955
16000	16.5	0	1023
16000	16.6	0	1055
16000	16.7	0	1031
16000	16.8	0	978
16000	16.9	0	1018
16000	17	0	1007
16000	17.1	0	970
16000	17.2	0	1040
16000	17.3	0	963
16000	17.4	0	1014
16000	17.5	0	972
16000	17.6	0	970
16000	17.7	0	1065
16000	17.8	0	1079
16000	17.9	0	976
16000	18	0	1009
16000	18.1	0	995
16000	18.2	0	993
16000	18.3	0	1026
16000	18.4	0	1004
16000	18.5	0	1023
16000	18.6	0	1036
16000	18.7	0	1054
16000	18.8	0	974
16000	18.9	0	978
16000	19	0	945
16000	19.1	0	1011
16000	19.2	0	1034
16000	19.3	0	1015
16000	19.4	0	994
16000	19.5	0	998
16000	19.6	0	970
16000	19.7	0	1003
16000	19.8	0	989
16000	19.9	0	1049
20000	0	0	1032
20000	0.1	0	1007
20000	0.2	0	1089
20000	0.3	0	1038
20000	0.4	0	1117
20000	0.5	0	1124
20000	0.6	0	1235
20000	0.7	0	1301
20000	0.8	0	1333
20000	0.9	0	1498
20000	1	0	1541
20000	1.1	0	1732
20000	1.2	0	1913
20000	1.3	0	2135
20000	1.4	0	2449
20000	1.5	0	2820
20000	1.6	0	3345
20000	1.7	0	4072
20000	1.8	0	4764
20000	1.9	0	6068
20000	2	0	7682
20000	2.1	0	9961
20000	2.2	0	13172
20000	2.3	0	16866
20000	2.4	0	19659
20000	2.5	0	20095
20000	2.6	0	20177
20000	2.7	0	20289
20000	2.8	0	20002
20000	2.9	0	20296
20000	3	0	20163
20000	3.1	0	20266
20000	3.2	0	20080
20000	3.3	0	19995
20000	3.4	0	20201
20000	3.5	0	20362
20000	3.6	0	20115
20000	3.7	0	20326
20000	3.8	0	20105
20000	3.9	0	20235
20000	4	0	20179
20000	4.1	0	20176
20000	4.2	0	20186
20000	4.3	0	20257
20000	4.4	0	20136
20000	4.5	0	19634
20000	4.6	0	19986
20000	4.7	0	20260
20000	4.8	0	20083
20000	4.9	0	20005
20000	5	0	19864
20000	5.1	0	19492
20000	5.2	0	18845
20000	5.3	0	17646
20000	5.4	0	16217
20000	5.5	0	14923
20000	5.6	0	13844
20000	5.7	0	12451
20000	5.8	0	11370
20000	5.9	0	10340
20000	6	0	9386
20000	6.1	0	8612
20000	6.2	0	7671
20000	6.3	0	6945
20000	6.4	0	6527
20000	6.5	0	5912
20000	6.6	0	5452
20000	6.7	0	5135
20000	6.8	0	4710
20000	6.9	0	4162
20000	7	0	4096
20000	7.1	0	3894
20000	7.2	0	3629
20000	7.3	0	3266
20000	7.4	0	3257
20000	7.5	0	2942
20000	7.6	0	2791
20000	7.7	0	2597
20000	7.8	0	2501
20000	7.9	0	2430
20000	8	0	2367
20000	8.1	0	2114
20000	8.2	0	2158
20000	8.3	0	2112
20000	8.4	0	1953
20000	8.5	0	1857
20000	8.6	0	1792
20000	8.7	0	1715
20000	8.8	0	1647
20000	8.9	0	1643
20000	9	0	1599
20000	9.1	0	1546
20000	9.2	0	1505
20000	9.3	0	1444
20000	9.4	0	1391
20000	9.5	0	1380
20000	9.6	0	1378
20000	9.7	0	1285
20000	9.8	0	1267
20000	9.9	0	1202
20000	10	0	1260
20000	10.1	0	1187
20000	10.2	0	1233
20000	10.3	0	1142
20000	10.4	0	1096
20000	10.5	0	1180
20000	10.6	0	1094
20000	10.7	0	1089
20000	10.8	0	1076
20000	10.9	0	1132
20000	11	0	1119
20000	11.1	0	1110
20000	11.2	0	972
20000	11.3	0	1067
20000	11.4	0	1024
20000	11.5	0	992
20000	11.6	0	1018
20000	11.7	0	1020
20000	11.8	0	1015
20000	11.9	0	984
20000	12	0	987
20000	12.1	0	996
20000	12.2	0	1036
20000	12.3	0	972
20000	12.4	0	1033
20000	12.5	0	983
20000	12.6	0	1049
20000	12.7	0	993
20000	12.8	0	939
20000	12.9	0	1057
20000	13	0	948
20000	13.1	0	1022
20000	13.2	0	975
20000	13.3	0	987
20000	13.4	0	1033
20000	13.5	0	1003
20000	13.6	0	955
20000	13.7	0	956
20000	13.8	0	990
20000	13.9	0	1004
20000	14	0	990
20000	14.1	0	1033
20000	14.2	0	990
20000	14.3	0	1041
20000	14.4	0	989
20000	14.5	0	1001
20000	14.6	0	1003
20000	14.7	0	1004
20000	14.8	0	1018
20000	14.9	0	1002
20000	15	0	1000
20000	15.1	0	987
20000	15.2	0	979
20000	15.3	0	997
20000	15.4	0	1075
20000	15.5	0	974
20000	15.6	0	981
20000	15.7	0	1046
20000	15.8	0	1066
20000	15.9	0	1010
20000	16	0	998
20000	16.1	0	1012
20000	16.2	0	1008
20000	16.3	0	1014
20000	16.4	0	981
20000	16.5	0	995
20000	16.6	0	1054
20000	16.7	0	1052
20000	16.8	0	1001
20000	16.9	0	1025
20000	17	0	1043
20000	17.1	0	1016
20000	17.2	0	1025
20000	17.3	0	949
20000	17.4	0	924
20000	17.5	0	1052
20000	17.6	0	1018
20000	17.7	0	976
20000	17.8	0	991
20000	17.9	0	1016
20000	18	0	1001
20000	18.1	0	936
20000	18.2	0	1040
20000	18.3	0	1002
20000	18.4	0	1100
20000	18.5	0	1000
20000	18.6	0	1003
20000	18.7	0	981
20000	18.8	0	987
20000	18.9	0	1055
20000	19	0	986
20000	19.1	0	1030
20000	19.2	0	1004
20000	19.3	0	989
20000	19.4	0	1047
20000	19.5	0	997
20000	19.6	0	982
20000	19.7	0	992
20000	19.8	0	992
20000	19.9	0	988
