4000	0	0	1004
4000	0.1	0	1030
4000	0.2	0	1026
4000	0.3	0	1095
4000	0.4	0	1092
4000	0.5	0	1140
4000	0.6	0	1213
4000	0.7	0	1236
4000	0.8	0	1364
4000	0.9	0	1422
4000	1	0	1531
4000	1.1	0	1744
4000	1.2	0	1902
4000	1.3	0	2110
4000	1.4	0	2382
4000	1.5	0	2883
4000	1.6	0	3268
4000	1.7	0	3853
4000	1.8	0	4741
4000	1.9	0	6073
4000	2	0	7646
4000	2.1	0	10139
4000	2.2	0	13189
4000	2.3	0	16793
4000	2.4	0	19814
4000	2.5	0	20200
4000	2.6	0	20061
4000	2.7	0	20067
4000	2.8	0	20010
4000	2.9	0	20060
4000	3	0	20266
4000	3.1	0	20318
4000	3.2	0	20114
4000	3.3	0	20185
4000	3.4	0	20010
4000	3.5	0	20108
4000	3.6	0	20248
4000	3.7	0	20192
4000	3.8	0	20237
4000	3.9	0	19959
4000	4	0	20270
4000	4.1	0	20171
4000	4.2	0	20010
4000	4.3	0	20130
4000	4.4	0	20215
4000	4.5	0	20254
4000	4.6	0	20063
4000	4.7	0	20291
4000	4.8	0	20027
4000	4.9	0	20158
4000	5	0	20058
4000	5.1	0	19427
4000	5.2	0	18720
4000	5.3	0	17691
4000	5.4	0	16325
4000	5.5	0	15013
4000	5.6	0	13733
4000	5.7	0	12505
4000	5.8	0	11405
4000	5.9	0	10287
4000	6	0	9307
4000	6.1	0	8572
4000	6.2	0	7893
4000	6.3	0	6959
4000	6.4	0	6473
4000	6.5	0	5981
4000	6.6	0	5485
4000	6.7	0	5072
4000	6.8	0	4763
4000	6.9	0	4525
4000	7	0	4101
4000	7.1	0	3747
4000	7.2	0	3487
4000	7.3	0	3370
4000	7.4	0	3211
4000	7.5	0	3028
4000	7.6	0	2878
4000	7.7	0	2659
4000	7.8	0	2520
4000	7.9	0	2455
4000	8	0	2265
4000	8.1	0	2238
4000	8.2	0	2122
4000	8.3	0	2016
4000	8.4	0	1878
4000	8.5	0	1778
4000	8.6	0	1816
4000	8.7	0	1761
4000	8.8	0	1685
4000	8.9	0	1670
4000	9	0	1560
4000	9.1	0	1579
4000	9.2	0	1422
4000	9.3	0	1451
4000	9.4	0	1419
4000	9.5	0	1326
4000	9.6	0	1318
4000	9.7	0	1294
4000	9.8	0	1248
4000	9.9	0	1258
4000	10	0	1181
4000	10.1	0	1207
4000	10.2	0	1159
4000	10.3	0	1187
4000	10.4	0	1084
4000	10.5	0	1134
4000	10.6	0	1073
4000	10.7	0	1073
4000	10.8	0	1063
4000	10.9	0	1083
4000	11	0	1040
4000	11.1	0	1118
4000	11.2	0	1074
4000	11.3	0	1004
4000	11.4	0	1048
4000	11.5	0	1062
4000	11.6	0	1016
4000	11.7	0	1029
4000	11.8	0	1041
4000	11.9	0	1010
4000	12	0	1011
4000	12.1	0	1020
4000	12.2	0	988
4000	12.3	0	949
4000	12.4	0	1016
4000	12.5	0	969
4000	12.6	0	959
4000	12.7	0	1025
4000	12.8	0	1034
4000	12.9	0	1007
4000	13	0	1008
4000	13.1	0	978
4000	13.2	0	1001
4000	13.3	0	1003
4000	13.4	0	999
4000	13.5	0	983
4000	13.6	0	996
4000	13.7	0	947
4000	13.8	0	1059
4000	13.9	0	1039
4000	14	0	1045
4000	14.1	0	998
4000	14.2	0	990
4000	14.3	0	992
4000	14.4	0	1051
4000	14.5	0	1013
4000	14.6	0	992
4000	14.7	0	1036
4000	14.8	0	966
4000	14.9	0	1012
4000	15	0	989
4000	15.1	0	1012
4000	15.2	0	1007
4000	15.3	0	996
4000	15.4	0	1024
4000	15.5	0	1064
4000	15.6	0	1015
4000	15.7	0	1010
4000	15.8	0	1035
4000	15.9	0	1022
4000	16	0	1019
4000	16.1	0	1008
4000	16.2	0	1019
4000	16.3	0	1045
4000	16.4	0	1006
4000	16.5	0	981
4000	16.6	0	1000
4000	16.7	0	972
4000	16.8	0	973
4000	16.9	0	996
4000	17	0	995
4000	17.1	0	979
4000	17.2	0	1004
4000	17.3	0	1042
4000	17.4	0	1017
4000	17.5	0	1017
4000	17.6	0	980
4000	17.7	0	1062
4000	17.8	0	1061
4000	17.9	0	972
4000	18	0	999
4000	18.1	0	1000
4000	18.2	0	931
4000	18.3	0	1042
4000	18.4	0	1028
4000	18.5	0	1072
4000	18.6	0	923
4000	18.7	0	973
4000	18.8	0	1004
4000	18.9	0	966
4000	19	0	998
4000	19.1	0	978
4000	19.2	0	1069
4000	19.3	0	944
4000	19.4	0	1005
4000	19.5	0	954
4000	19.6	0	1005
4000	19.7	0	994
4000	19.8	0	961
4000	19.9	0	992
8000	0	0	1006
8000	0.1	0	1050
8000	0.2	0	1014
8000	0.3	0	994
8000	0.4	0	1096
8000	0.5	0	1164
8000	0.6	0	1160
8000	0.7	0	1218
8000	0.8	0	1315
8000	0.9	0	1402
8000	1	0	1579
8000	1.1	0	1696
8000	1.2	0	1820
8000	1.3	0	2110
8000	1.4	0	2470
8000	1.5	0	2866
8000	1.6	0	3211
8000	1.7	0	3971
8000	1.8	0	4912
8000	1.9	0	5931
8000	2	0	7653
8000	2.1	0	10026
8000	2.2	0	13202
8000	2.3	0	16812
8000	2.4	0	19615
8000	2.5	0	20426
8000	2.6	0	20167
8000	2.7	0	20026
8000	2.8	0	20008
8000	2.9	0	20214
8000	3	0	20012
8000	3.1	0	19867
8000	3.2	0	20107
8000	3.3	0	20329
8000	3.4	0	20128
8000	3.5	0	19886
8000	3.6	0	20120
8000	3.7	0	19987
8000	3.8	0	20047
8000	3.9	0	20217
8000	4	0	20204
8000	4.1	0	20089
8000	4.2	0	20097
8000	4.3	0	20384
8000	4.4	0	20148
8000	4.5	0	20231
8000	4.6	0	20294
8000	4.7	0	20100
8000	4.8	0	20135
8000	4.9	0	20268
8000	5	0	20207
8000	5.1	0	19788
8000	5.2	0	18594
8000	5.3	0	17626
8000	5.4	0	16372
8000	5.5	0	14974
8000	5.6	0	14124
8000	5.7	0	12355
8000	5.8	0	11237
8000	5.9	0	10362
8000	6	0	9430
8000	6.1	0	8550
8000	6.2	0	7645
8000	6.3	0	7154
8000	6.4	0	6462
8000	6.5	0	6066
8000	6.6	0	5565
8000	6.7	0	4973
8000	6.8	0	4656
8000	6.9	0	4436
8000	7	0	4166
8000	7.1	0	3790
8000	7.2	0	3497
8000	7.3	0	3382
8000	7.4	0	3173
8000	7.5	0	2940
8000	7.6	0	2765
8000	7.7	0	2669
8000	7.8	0	2563
8000	7.9	0	2517
8000	8	0	2296
8000	8.1	0	2192
8000	8.2	0	2095
8000	8.3	0	2034
8000	8.4	0	1971
8000	8.5	0	1882
8000	8.6	0	1832
8000	8.7	0	1748
8000	8.8	0	1736
8000	8.9	0	1623
8000	9	0	1538
8000	9.1	0	1564
8000	9.2	0	1549
8000	9.3	0	1403
8000	9.4	0	1393
8000	9.5	0	1367
8000	9.6	0	1287
8000	9.7	0	1285
8000	9.8	0	1283
8000	9.9	0	1271
8000	10	0	1234
8000	10.1	0	1231
8000	10.2	0	1173
8000	10.3	0	1162
8000	10.4	0	1133
8000	10.5	0	1148
8000	10.6	0	1071
8000	10.7	0	1067
8000	10.8	0	1109
8000	10.9	0	1075
8000	11	0	1079
8000	11.1	0	1041
8000	11.2	0	1046
8000	11.3	0	991
8000	11.4	0	1040
8000	11.5	0	1015
8000	11.6	0	1034
8000	11.7	0	985
8000	11.8	0	1064
8000	11.9	0	1023
8000	12	0	982
8000	12.1	0	1014
8000	12.2	0	1002
8000	12.3	0	1024
8000	12.4	0	1021
8000	12.5	0	1029
8000	12.6	0	999
8000	12.7	0	956
8000	12.8	0	977
8000	12.9	0	983
8000	13	0	1014
8000	13.1	0	1000
8000	13.2	0	1010
8000	13.3	0	1010
8000	13.4	0	905
8000	13.5	0	1027
8000	13.6	0	1041
8000	13.7	0	995
8000	13.8	0	1066
8000	13.9	0	1033
8000	14	0	972
8000	14.1	0	1021
8000	14.2	0	1054
8000	14.3	0	977
8000	14.4	0	1015
8000	14.5	0	994
8000	14.6	0	1002
8000	14.7	0	973
8000	14.8	0	1025
8000	14.9	0	1019
8000	15	0	1011
8000	15.1	0	1045
8000	15.2	0	987
8000	15.3	0	940
8000	15.4	0	959
8000	15.5	0	1021
8000	15.6	0	1015
8000	15.7	0	1039
8000	15.8	0	952
8000	15.9	0	1038
8000	16	0	1024
8000	16.1	0	1041
8000	16.2	0	963
8000	16.3	0	1010
8000	16.4	0	1002
8000	16.5	0	975
8000	16.6	0	942
8000	16.7	0	1007
8000	16.8	0	992
8000	16.9	0	965
8000	17	0	999
8000	17.1	0	987
8000	17.2	0	1001
8000	17.3	0	1002
8000	17.4	0	1053
8000	17.5	0	997
8000	17.6	0	1004
8000	17.7	0	955
8000	17.8	0	1055
8000	17.9	0	977
8000	18	0	940
8000	18.1	0	1036
8000	18.2	0	1016
8000	18.3	0	1026
8000	18.4	0	986
8000	18.5	0	1023
8000	18.6	0	1005
8000	18.7	0	976
8000	18.8	0	1066
8000	18.9	0	1028
8000	19	0	1053
8000	19.1	0	1004
8000	19.2	0	1006
8000	19.3	0	934
8000	19.4	0	952
8000	19.5	0	1013
8000	19.6	0	955
8000	19.7	0	977
8000	19.8	0	1021
8000	19.9	0	993
12000	0	0	1034
12000	0.1	0	1000
12000	0.2	0	1063
12000	0.3	0	991
12000	0.4	0	1148
12000	0.5	0	1146
12000	0.6	0	1226
12000	0.7	0	1260
12000	0.8	0	1408
12000	0.9	0	1437
12000	1	0	1664
12000	1.1	0	1756
12000	1.2	0	2014
12000	1.3	0	2154
12000	1.4	0	2477
12000	1.5	0	2737
12000	1.6	0	3307
12000	1.7	0	3942
12000	1.8	0	4801
12000	1.9	0	6010
12000	2	0	7684
12000	2.1	0	10046
12000	2.2	0	13151
12000	2.3	0	16899
12000	2.4	0	19416
12000	2.5	0	20235
12000	2.6	0	20072
12000	2.7	0	20148
12000	2.8	0	20110
12000	2.9	0	20283
12000	3	0	20268
12000	3.1	0	19935
12000	3.2	0	20203
12000	3.3	0	20181
12000	3.4	0	20059
12000	3.5	0	20143
12000	3.6	0	20129
12000	3.7	0	20027
12000	3.8	0	20127
12000	3.9	0	20077
12000	4	0	20121
12000	4.1	0	20243
12000	4.2	0	20107
12000	4.3	0	19992
12000	4.4	0	20131
12000	4.5	0	20080
12000	4.6	0	20396
12000	4.7	0	20135
12000	4.8	0	20074
12000	4.9	0	20238
12000	5	0	20160
12000	5.1	0	19805
12000	5.2	0	18745
12000	5.3	0	17757
12000	5.4	0	16118
12000	5.5	0	15014
12000	5.6	0	13651
12000	5.7	0	12465
12000	5.8	0	11270
12000	5.9	0	10390
12000	6	0	9328
12000	6.1	0	8646
12000	6.2	0	7815
12000	6.3	0	7067
12000	6.4	0	6464
12000	6.5	0	5910
12000	6.6	0	5429
12000	6.7	0	5078
12000	6.8	0	4447
12000	6.9	0	4291
12000	7	0	4172
12000	7.1	0	3836
12000	7.2	0	3482
12000	7.3	0	3380
12000	7.4	0	3052
12000	7.5	0	2953
12000	7.6	0	2828
12000	7.7	0	2678
12000	7.8	0	2522
12000	7.9	0	2444
12000	8	0	2392
12000	8.1	0	2214
12000	8.2	0	2136
12000	8.3	0	2010
12000	8.4	0	1892
12000	8.5	0	1855
12000	8.6	0	1817
12000	8.7	0	1768
12000	8.8	0	1737
12000	8.9	0	1628
12000	9	0	1577
12000	9.1	0	1493
12000	9.2	0	1473
12000	9.3	0	1479
12000	9.4	0	1367
12000	9.5	0	1268
12000	9.6	0	1346
12000	9.7	0	1306
12000	9.8	0	1229
12000	9.9	0	1212
12000	10	0	1200
12000	10.1	0	1223
12000	10.2	0	1141
12000	10.3	0	1198
12000	10.4	0	1177
12000	10.5	0	1140
12000	10.6	0	1127
12000	10.7	0	1135
12000	10.8	0	1069
12000	10.9	0	1076
12000	11	0	1020
12000	11.1	0	1011
12000	11.2	0	1027
12000	11.3	0	962
12000	11.4	0	1000
12000	11.5	0	1041
12000	11.6	0	982
12000	11.7	0	997
12000	11.8	0	1019
12000	11.9	0	1005
12000	12	0	980
12000	12.1	0	1068
12000	12.2	0	984
12000	12.3	0	1035
12000	12.4	0	1044
12000	12.5	0	1075
12000	12.6	0	996
12000	12.7	0	1059
12000	12.8	0	1062
12000	12.9	0	959
12000	13	0	1011
12000	13.1	0	1053
12000	13.2	0	987
12000	13.3	0	998
12000	13.4	0	1044
12000	13.5	0	1020
12000	13.6	0	1011
12000	13.7	0	1009
12000	13.8	0	947
12000	13.9	0	1031
12000	14	0	960
12000	14.1	0	1039
12000	14.2	0	1047
12000	14.3	0	1016
12000	14.4	0	1006
12000	14.5	0	1009
12000	14.6	0	1017
12000	14.7	0	973
12000	14.8	0	1003
12000	14.9	0	1053
12000	15	0	1065
12000	15.1	0	970
12000	15.2	0	982
12000	15.3	0	1004
12000	15.4	0	989
12000	15.5	0	1037
12000	15.6	0	984
12000	15.7	0	1037
12000	15.8	0	1064
12000	15.9	0	981
12000	16	0	1013
12000	16.1	0	1024
12000	16.2	0	985
12000	16.3	0	995
12000	16.4	0	1055
12000	16.5	0	1010
12000	16.6	0	995
12000	16.7	0	1010
12000	16.8	0	977
12000	16.9	0	1015
12000	17	0	1040
12000	17.1	0	1014
12000	17.2	0	989
12000	17.3	0	917
12000	17.4	0	977
12000	17.5	0	1055
12000	17.6	0	1039
12000	17.7	0	1015
12000	17.8	0	1002
12000	17.9	0	1039
12000	18	0	1024
12000	18.1	0	1022
12000	18.2	0	1019
12000	18.3	0	1010
12000	18.4	0	1036
12000	18.5	0	1037
12000	18.6	0	1000
12000	18.7	0	972
12000	18.8	0	1005
12000	18.9	0	1001
12000	19	0	969
12000	19.1	0	1001
12000	19.2	0	958
12000	19.3	0	1020
12000	19.4	0	999
12000	19.5	0	1005
12000	19.6	0	952
12000	19.7	0	973
12000	19.8	0	994
12000	19.9	0	997
16000	0	0	935
16000	0.1	0	1002
16000	0.2	0	1015
16000	0.3	0	1079
16000	0.4	0	1065
16000	0.5	0	1175
16000	0.6	0	1203
16000	0.7	0	1249
16000	0.8	0	1287
16000	0.9	0	1382
16000	1	0	1551
16000	1.1	0	1831
16000	1.2	0	1904
16000	1.3	0	2151
16000	1.4	0	2486
16000	1.5	0	2763
16000	1.6	0	3276
16000	1.7	0	3977
16000	1.8	0	4843
16000	1.9	0	6089
16000	2	0	7744
16000	2.1	0	10132
16000	2.2	0	13135
16000	2.3	0	16723
16000	2.4	0	19481
16000	2.5	0	20111
16000	2.6	0	20023
16000	2.7	0	20331
16000	2.8	0	20331
16000	2.9	0	20224
16000	3	0	19928
16000	3.1	0	20226
16000	3.2	0	19960
16000	3.3	0	20030
16000	3.4	0	20151
16000	3.5	0	19817
16000	3.6	0	20293
16000	3.7	0	19959
16000	3.8	0	20152
16000	3.9	0	19969
16000	4	0	19957
16000	4.1	0	20196
16000	4.2	0	20224
16000	4.3	0	20240
16000	4.4	0	20100
16000	4.5	0	20272
16000	4.6	0	20263
16000	4.7	0	20199
16000	4.8	0	20326
16000	4.9	0	20260
16000	5	0	19999
16000	5.1	0	19301
16000	5.2	0	18892
16000	5.3	0	17692
16000	5.4	0	16527
16000	5.5	0	15223
16000	5.6	0	13648
16000	5.7	0	12386
16000	5.8	0	11366
16000	5.9	0	10143
16000	6	0	9125
16000	6.1	0	8438
16000	6.2	0	7706
16000	6.3	0	7188
16000	6.4	0	6531
16000	6.5	0	5916
16000	6.6	0	5528
16000	6.7	0	5250
16000	6.8	0	4666
16000	6.9	0	4403
16000	7	0	4180
16000	7.1	0	3796
16000	7.2	0	3687
16000	7.3	0	3347
16000	7.4	0	3139
16000	7.5	0	3092
16000	7.6	0	2810
16000	7.7	0	2646
16000	7.8	0	2505
16000	7.9	0	2412
16000	8	0	2267
16000	8.1	0	2246
16000	8.2	0	2161
16000	8.3	0	2009
16000	8.4	0	1891
16000	8.5	0	1912
16000	8.6	0	1795
16000	8.7	0	1636
16000	8.8	0	1735
16000	8.9	0	1635
16000	9	0	1591
16000	9.1	0	1593
16000	9.2	0	1486
16000	9.3	0	1486
16000	9.4	0	1373
16000	9.5	0	1401
16000	9.6	0	1377
16000	9.7	0	1332
16000	9.8	0	1251
16000	9.9	0	1220
16000	10	0	1160
16000	10.1	0	1252
16000	10.2	0	1224
16000	10.3	0	1176
16000	10.4	0	1175
16000	10.5	0	1100
16000	10.6	0	1120
16000	10.7	0	1064
16000	10.8	0	1089
16000	10.9	0	1100
16000	11	0	1049
16000	11.1	0	1003
16000	11.2	0	1010
16000	11.3	0	1037
16000	11.4	0	1015
16000	11.5	0	1004
16000	11.6	0	1012
16000	11.7	0	1033
16000	11.8	0	1018
16000	11.9	0	1044
16000	12	0	1020
16000	12.1	0	963
16000	12.2	0	1004
16000	12.3	0	947
16000	12.4	0	991
16000	12.5	0	985
16000	12.6	0	1025
16000	12.7	0	974
16000	12.8	0	1002
16000	12.9	0	1008
16000	13	0	1017
16000	13.1	0	1018
16000	13.2	0	1010
16000	13.3	0	1021
16000	13.4	0	970
16000	13.5	0	1044
16000	13.6	0	940
16000	13.7	0	1033
16000	13.8	0	1020
16000	13.9	0	1041
16000	14	0	1063
16000	14.1	0	1035
16000	14.2	0	985
16000	14.3	0	970
16000	14.4	0	1035
16000	14.5	0	1002
16000	14.6	0	1034
16000	14.7	0	992
16000	14.8	0	943
16000	14.9	0	977
16000	15	0	1003
16000	15.1	0	1015
16000	15.2	0	1015
16000	15.3	0	1027
16000	15.4	0	981
16000	15.5	0	991
16000	15.6	0	969
16000	15.7	0	1013
16000	15.8	0	1016
16000	15.9	0	1028
16000	16	0	978
16000	16.1	0	1038
16000	16.2	0	1025
16000	16.3	0	1007
16000	16.4	0	973
16000	16.5	0	991
16000	16.6	0	999
16000	16.7	0	933
16000	16.8	0	1056
16000	16.9	0	1051
16000	17	0	1000
16000	17.1	0	923
16000	17.2	0	981
16000	17.3	0	1051
16000	17.4	0	979
16000	17.5	0	987
16000	17.6	0	1011
16000	17.7	0	1045
16000	17.8	0	997
16000	17.9	0	1001
16000	18	0	1048
16000	18.1	0	1072
16000	18.2	0	975
16000	18.3	0	1028
16000	18.4	0	1006
16000	18.5	0	993
16000	18.6	0	1045
16000	18.7	0	989
16000	18.8	0	990
16000	18.9	0	1016
16000	19	0	1001
16000	19.1	0	987
16000	19.2	0	1003
16000	19.3	0	1012
16000	19.4	0	1004
16000	19.5	0	1004
16000	19.6	0	1003
16000	19.7	0	1011
16000	19.8	0	1023
16000	19.9	0	993
20000	0	0	965
20000	0.1	0	966
20000	0.2	0	1000
20000	0.3	0	1053
20000	0.4	0	1120
20000	0.5	0	1147
20000	0.6	0	1193
20000	0.7	0	1208
20000	0.8	0	1315
20000	0.9	0	1400
20000	1	0	1619
20000	1.1	0	1682
20000	1.2	0	1924
20000	1.3	0	2176
20000	1.4	0	2396
20000	1.5	0	2808
20000	1.6	0	3301
20000	1.7	0	3904
20000	1.8	0	4795
20000	1.9	0	6079
20000	2	0	7835
20000	2.1	0	10258
20000	2.2	0	13149
20000	2.3	0	16788
20000	2.4	0	19591
20000	2.5	0	20201
20000	2.6	0	20040
20000	2.7	0	19907
20000	2.8	0	20023
20000	2.9	0	19988
20000	3	0	19970
20000	3.1	0	20015
20000	3.2	0	20247
20000	3.3	0	19940
20000	3.4	0	20049
20000	3.5	0	20018
20000	3.6	0	20045
20000	3.7	0	20255
20000	3.8	0	20215
20000	3.9	0	20009
20000	4	0	20055
20000	4.1	0	20072
20000	4.2	0	20160
20000	4.3	0	20067
20000	4.4	0	20124
20000	4.5	0	20169
20000	4.6	0	19977
20000	4.7	0	20205
20000	4.8	0	20191
20000	4.9	0	20178
20000	5	0	20174
20000	5.1	0	19494
20000	5.2	0	18695
20000	5.3	0	17716
20000	5.4	0	16440
20000	5.5	0	15101
20000	5.6	0	13874
20000	5.7	0	12377
20000	5.8	0	11351
20000	5.9	0	10452
20000	6	0	9355
20000	6.1	0	8510
20000	6.2	0	7837
20000	6.3	0	7139
20000	6.4	0	6678
20000	6.5	0	5923
20000	6.6	0	5579
20000	6.7	0	5085
20000	6.8	0	4722
20000	6.9	0	4334
20000	7	0	4128
20000	7.1	0	3744
20000	7.2	0	3713
20000	7.3	0	3373
20000	7.4	0	3242
20000	7.5	0	3060
20000	7.6	0	2754
20000	7.7	0	2628
20000	7.8	0	2579
20000	7.9	0	2466
20000	8	0	2324
20000	8.1	0	2337
20000	8.2	0	2145
20000	8.3	0	1955
20000	8.4	0	1971
20000	8.5	0	1913
20000	8.6	0	1807
20000	8.7	0	1783
20000	8.8	0	1669
20000	8.9	0	1644
20000	9	0	1507
20000	9.1	0	1555
20000	9.2	0	1509
20000	9.3	0	1401
20000	9.4	0	1369
20000	9.5	0	1373
20000	9.6	0	1305
20000	9.7	0	1276
20000	9.8	0	1265
20000	9.9	0	1205
20000	10	0	1241
20000	10.1	0	1188
20000	10.2	0	1134
20000	10.3	0	1186
20000	10.4	0	1131
20000	10.5	0	1097
20000	10.6	0	1194
20000	10.7	0	1075
20000	10.8	0	1101
20000	10.9	0	1141
20000	11	0	1091
20000	11.1	0	1082
20000	11.2	0	1017
20000	11.3	0	1015
20000	11.4	0	1014
20000	11.5	0	991
20000	11.6	0	1009
20000	11.7	0	982
20000	11.8	0	1006
20000	11.9	0	992
20000	12	0	1053
20000	12.1	0	1023
20000	12.2	0	1012
20000	12.3	0	927
20000	12.4	0	1016
20000	12.5	0	998
20000	12.6	0	1019
20000	12.7	0	1053
20000	12.8	0	998
20000	12.9	0	1009
20000	13	0	1014
20000	13.1	0	1055
20000	13.2	0	978
20000	13.3	0	1058
20000	13.4	0	1039
20000	13.5	0	1015
20000	13.6	0	1031
20000	13.7	0	1012
20000	13.8	0	956
20000	13.9	0	1015
20000	14	0	1046
20000	14.1	0	1013
20000	14.2	0	981
20000	14.3	0	1052
20000	14.4	0	960
20000	14.5	0	1031
20000	14.6	0	1006
20000	14.7	0	1013
20000	14.8	0	1007
20000	14.9	0	975
20000	15	0	1085
20000	15.1	0	977
20000	15.2	0	1017
20000	15.3	0	1022
20000	15.4	0	983
20000	15.5	0	1069
20000	15.6	0	1014
20000	15.7	0	1018
20000	15.8	0	909
20000	15.9	0	1013
20000	16	0	1028
20000	16.1	0	1040
20000	16.2	0	966
20000	16.3	0	996
20000	16.4	0	1046
20000	16.5	0	1036
20000	16.6	0	1043
20000	16.7	0	989
20000	16.8	0	997
20000	16.9	0	1028
20000	17	0	1005
20000	17.1	0	1022
20000	17.2	0	1031
20000	17.3	0	1009
20000	17.4	0	1005
20000	17.5	0	1006
20000	17.6	0	981
20000	17.7	0	961
20000	17.8	0	1016
20000	17.9	0	963
20000	18	0	962
20000	18.1	0	1034
20000	18.2	0	1012
20000	18.3	0	1016
20000	18.4	0	1032
20000	18.5	0	1006
20000	18.6	0	1053
20000	18.7	0	971
20000	18.8	0	966
20000	18.9	0	1052
20000	19	0	1004
20000	19.1	0	978
20000	19.2	0	959
20000	19.3	0	1002
20000	19.4	0	1002
20000	19.5	0	1011
20000	19.6	0	984
20000	19.7	0	1003
20000	19.8	0	1003
20000	19.9	0	995
