100000.0000	53.5325
100000.0000	55.0427
100000.0000	53.332
100000.0000	49.4933
100000.0000	43.0946
100000.0000	35.1966
100000.0000	26.8661
100000.0000	18.4668
100000.0000	10.505
100000.0000	3.2932
100000.0000	-2.9709
100000.0000	-8.36719
100000.0000	-12.7424
100000.0000	-16.4312
100000.0000	-19.2611
100000.0000	-21.421
100000.0000	-22.8772
100000.0000	-23.8862
100000.0000	-24.6681
100000.0000	-24.9999
100000.0000	-22.7797
100000.0000	-18.8288
100000.0000	-15.4576
100000.0000	-12.5842
100000.0000	-10.1912
100000.0000	-7.98947
100000.0000	-6.05113
100000.0000	-4.28773
100000.0000	-2.58268
100000.0000	-0.878771
100000.0000	0.900396
100000.0000	2.79335
100000.0000	4.93313
100000.0000	7.37359
100000.0000	10.4739
100000.0000	14.2382
100000.0000	19.0703
100000.0000	25.5669
100000.0000	34.2176
100000.0000	45.0944
100000.0000	53.6356
100000.0000	54.6546
100000.0000	53.2951
100000.0000	49.341
100000.0000	42.8457
100000.0000	35.2915
100000.0000	26.8065
100000.0000	18.4477
100000.0000	10.4606
100000.0000	3.3026
100000.0000	-2.98109
100000.0000	-8.33502
100000.0000	-12.7178
100000.0000	-16.4251
100000.0000	-19.0716
100000.0000	-21.3637
100000.0000	-22.9471
100000.0000	-24.068
100000.0000	-24.682
100000.0000	-24.9604
100000.0000	-22.8416
100000.0000	-18.7701
100000.0000	-15.3685
100000.0000	-12.6536
100000.0000	-10.0437
100000.0000	-8.06252
100000.0000	-6.08917
100000.0000	-4.31486
100000.0000	-2.55897
100000.0000	-0.870927
100000.0000	0.891807
100000.0000	2.7732
100000.0000	4.9276
100000.0000	7.44346
100000.0000	10.4729
100000.0000	14.2569
100000.0000	19.2361
100000.0000	25.5516
100000.0000	34.1322
100000.0000	45.1524
100000.0000	53.4374
100000.0000	54.5418
100000.0000	53.6605
100000.0000	49.2759
100000.0000	42.8886
100000.0000	35.1436
100000.0000	26.7866
100000.0000	18.3871
100000.0000	10.4467
100000.0000	3.29092
100000.0000	-2.98028
100000.0000	-8.34068
100000.0000	-12.6837
100000.0000	-16.2783
100000.0000	-19.106
100000.0000	-21.3778
100000.0000	-22.9046
100000.0000	-23.9354
100000.0000	-24.7466
100000.0000	-24.9762
100000.0000	-22.6186
100000.0000	-18.6532
100000.0000	-15.4013
100000.0000	-12.5499
100000.0000	-10.0734
100000.0000	-8.01432
100000.0000	-6.07001
100000.0000	-4.30446
100000.0000	-2.57043
100000.0000	-0.86769
100000.0000	0.904233
100000.0000	2.79065
100000.0000	4.89814
100000.0000	7.40857
100000.0000	10.459
100000.0000	14.3019
100000.0000	19.2354
100000.0000	25.6641
100000.0000	34.4243
100000.0000	45.43
100000.0000	53.3575
100000.0000	54.9558
100000.0000	53.6693
100000.0000	49.4919
100000.0000	43.0758
100000.0000	35.1398
100000.0000	26.7322
100000.0000	18.4201
100000.0000	10.4987
100000.0000	3.2898
100000.0000	-2.97785
100000.0000	-8.30805
100000.0000	-12.7314
100000.0000	-16.3785
100000.0000	-19.1451
100000.0000	-21.4142
100000.0000	-23.0381
100000.0000	-23.8339
100000.0000	-24.5527
100000.0000	-24.8535
100000.0000	-22.9224
100000.0000	-18.6279
100000.0000	-15.3546
100000.0000	-12.5966
100000.0000	-10.1931
100000.0000	-8.01848
100000.0000	-6.09136
100000.0000	-4.29394
100000.0000	-2.58202
100000.0000	-0.869696
100000.0000	0.89104
100000.0000	2.79973
100000.0000	4.96731
100000.0000	7.49366
100000.0000	10.432
100000.0000	14.3137
100000.0000	19.3066
100000.0000	25.6633
100000.0000	34.0813
100000.0000	45.4644
100000.0000	53.8672
100000.0000	55.1958
100000.0000	53.9049
100000.0000	49.5829
100000.0000	43.2652
100000.0000	35.1939
100000.0000	26.9914
100000.0000	18.4249
100000.0000	10.5081
100000.0000	3.34372
100000.0000	-2.995
100000.0000	-8.37962
100000.0000	-12.7877
100000.0000	-16.358
100000.0000	-19.1957
100000.0000	-21.443
100000.0000	-22.8884
100000.0000	-24.2207
100000.0000	-24.6582
100000.0000	-25.0301
100000.0000	-22.7633
100000.0000	-18.8786
100000.0000	-15.421
100000.0000	-12.6481
100000.0000	-10.1129
100000.0000	-8.07094
100000.0000	-6.07193
100000.0000	-4.29057
100000.0000	-2.58049
100000.0000	-0.878219
100000.0000	0.894168
100000.0000	2.78864
100000.0000	4.93747
100000.0000	7.50009
100000.0000	10.4601
100000.0000	14.2565
100000.0000	19.2789
100000.0000	25.5645
100000.0000	34.3076
100000.0000	45.1664
100000.0000	0
100000.0000	0
100000.0000	0
100000.0000	0
100000.0000	0
100000.0000	0
100000.0000	0
100000.0000	0
100000.0000	0
100000.0000	0
100000.0000	0
100000.0000	0
100000.0000	0
100000.0000	0
100000.0000	0
100000.0000	0
100000.0000	0
100000.0000	0
100000.0000	0
100000.0000	0
100000.0000	0
100000.0000	0
100000.0000	0
100000.0000	0
100000.0000	0
100000.0000	0
100000.0000	0
100000.0000	0
100000.0000	0
100000.0000	0
100000.0000	0
100000.0000	0
100000.0000	0
100000.0000	0
100000.0000	0
100000.0000	0
100000.0000	0
100000.0000	0
100000.0000	0
100000.0000	0
100000.0000	0
100000.0000	0
100000.0000	0
100000.0000	0
100000.0000	0
100000.0000	0
100000.0000	0
100000.0000	0
100000.0000	0
100000.0000	0
100000.0000	0
100000.0000	0
100000.0000	0
100000.0000	0
100000.0000	0
100000.0000	0
100000.0000	0
100000.0000	0
100000.0000	0
100000.0000	0
100000.0000	0
100000.0000	0
100000.0000	0
100000.0000	0
100000.0000	0
100000.0000	0
100000.0000	0
100000.0000	0
100000.0000	0
100000.0000	0
100000.0000	0
100000.0000	0
100000.0000	0
100000.0000	0
100000.0000	0
100000.0000	0
100000.0000	0
100000.0000	0
100000.0000	0
100000.0000	0
100000.0000	0
100000.0000	0
100000.0000	0
100000.0000	0
100000.0000	0
100000.0000	0
100000.0000	0
100000.0000	0
100000.0000	0
100000.0000	0
100000.0000	0
100000.0000	0
100000.0000	0
100000.0000	0
100000.0000	0
100000.0000	0
100000.0000	0
100000.0000	0
100000.0000	0
100000.0000	0
100000.0000	0
100000.0000	0
100000.0000	0
100000.0000	0
100000.0000	0
100000.0000	0
100000.0000	0
100000.0000	0
100000.0000	0
100000.0000	0
100000.0000	0
100000.0000	0
100000.0000	0
100000.0000	0
100000.0000	0
100000.0000	0
100000.0000	0
100000.0000	0
100000.0000	0
100000.0000	0
100000.0000	0
100000.0000	0
100000.0000	0
100000.0000	0
100000.0000	0
100000.0000	0
100000.0000	0
100000.0000	0
100000.0000	0
100000.0000	0
100000.0000	0
100000.0000	0
100000.0000	0
100000.0000	0
100000.0000	0
100000.0000	0
100000.0000	0
100000.0000	0
100000.0000	0
100000.0000	0
100000.0000	0
100000.0000	0
100000.0000	0
100000.0000	0
100000.0000	0
100000.0000	0
100000.0000	0
100000.0000	0
100000.0000	0
100000.0000	0
100000.0000	0
100000.0000	0
100000.0000	0
100000.0000	0
100000.0000	0
100000.0000	0
100000.0000	0
100000.0000	0
100000.0000	0
100000.0000	0
100000.0000	0
100000.0000	0
100000.0000	0
100000.0000	0
100000.0000	0
100000.0000	0
100000.0000	0
100000.0000	0
100000.0000	0
100000.0000	0
100000.0000	0
100000.0000	0
100000.0000	0
100000.0000	0
100000.0000	0
100000.0000	0
100000.0000	0
100000.0000	0
100000.0000	0
100000.0000	0
100000.0000	0
100000.0000	0
100000.0000	0
100000.0000	0
100000.0000	0
100000.0000	0
100000.0000	0
100000.0000	0
100000.0000	0
100000.0000	0
100000.0000	0
100000.0000	0
100000.0000	0
100000.0000	0
100000.0000	0
100000.0000	0
100000.0000	0
100000.0000	0
100000.0000	0
100000.0000	0
