4000	0	0	1178
4000	0.1	0	1183
4000	0.2	0	1207
4000	0.3	0	1284
4000	0.4	0	1264
4000	0.5	0	1368
4000	0.6	0	1386
4000	0.7	0	1503
4000	0.8	0	1613
4000	0.9	0	1806
4000	1	0	1944
4000	1.1	0	2164
4000	1.2	0	2437
4000	1.3	0	2868
4000	1.4	0	3321
4000	1.5	0	3860
4000	1.6	0	4896
4000	1.7	0	5810
4000	1.8	0	7282
4000	1.9	0	9111
4000	2	0	11488
4000	2.1	0	14179
4000	2.2	0	17002
4000	2.3	0	18804
4000	2.4	0	18762
4000	2.5	0	17318
4000	2.6	0	17052
4000	2.7	0	17087
4000	2.8	0	17299
4000	2.9	0	17529
4000	3	0	17436
4000	3.1	0	17925
4000	3.2	0	17882
4000	3.3	0	17730
4000	3.4	0	17848
4000	3.5	0	17983
4000	3.6	0	17757
4000	3.7	0	17993
4000	3.8	0	17813
4000	3.9	0	17730
4000	4	0	17933
4000	4.1	0	17970
4000	4.2	0	17969
4000	4.3	0	17936
4000	4.4	0	17697
4000	4.5	0	17732
4000	4.6	0	17770
4000	4.7	0	17547
4000	4.8	0	17511
4000	4.9	0	17606
4000	5	0	17527
4000	5.1	0	17521
4000	5.2	0	17023
4000	5.3	0	16798
4000	5.4	0	16024
4000	5.5	0	15476
4000	5.6	0	14898
4000	5.7	0	13750
4000	5.8	0	13154
4000	5.9	0	12027
4000	6	0	11055
4000	6.1	0	10088
4000	6.2	0	9287
4000	6.3	0	8655
4000	6.4	0	7847
4000	6.5	0	7148
4000	6.6	0	6381
4000	6.7	0	6096
4000	6.8	0	5565
4000	6.9	0	5146
4000	7	0	4778
4000	7.1	0	4446
4000	7.2	0	4220
4000	7.3	0	3863
4000	7.4	0	3654
4000	7.5	0	3519
4000	7.6	0	3348
4000	7.7	0	3104
4000	7.8	0	2849
4000	7.9	0	2789
4000	8	0	2664
4000	8.1	0	2515
4000	8.2	0	2431
4000	8.3	0	2347
4000	8.4	0	2282
4000	8.5	0	2096
4000	8.6	0	1963
4000	8.7	0	1920
4000	8.8	0	1911
4000	8.9	0	1810
4000	9	0	1749
4000	9.1	0	1750
4000	9.2	0	1674
4000	9.3	0	1612
4000	9.4	0	1538
4000	9.5	0	1559
4000	9.6	0	1523
4000	9.7	0	1448
4000	9.8	0	1487
4000	9.9	0	1423
4000	10	0	1426
4000	10.1	0	1335
4000	10.2	0	1291
4000	10.3	0	1320
4000	10.4	0	1318
4000	10.5	0	1287
4000	10.6	0	1253
4000	10.7	0	1164
4000	10.8	0	1134
4000	10.9	0	1220
4000	11	0	1159
4000	11.1	0	1125
4000	11.2	0	1193
4000	11.3	0	1135
4000	11.4	0	1130
4000	11.5	0	1172
4000	11.6	0	1133
4000	11.7	0	1156
4000	11.8	0	1120
4000	11.9	0	1091
4000	12	0	1114
4000	12.1	0	1145
4000	12.2	0	1140
4000	12.3	0	1130
4000	12.4	0	1112
4000	12.5	0	1152
4000	12.6	0	1095
4000	12.7	0	1131
4000	12.8	0	1144
4000	12.9	0	1140
4000	13	0	1184
4000	13.1	0	1108
4000	13.2	0	1079
4000	13.3	0	1180
4000	13.4	0	1121
4000	13.5	0	1100
4000	13.6	0	1091
4000	13.7	0	1149
4000	13.8	0	1091
4000	13.9	0	1158
4000	14	0	1086
4000	14.1	0	1110
4000	14.2	0	1140
4000	14.3	0	1144
4000	14.4	0	1145
4000	14.5	0	1066
4000	14.6	0	1111
4000	14.7	0	1091
4000	14.8	0	1099
4000	14.9	0	1060
4000	15	0	1090
4000	15.1	0	1087
4000	15.2	0	1137
4000	15.3	0	1156
4000	15.4	0	1178
4000	15.5	0	1099
4000	15.6	0	1160
4000	15.7	0	1134
4000	15.8	0	1143
4000	15.9	0	1153
4000	16	0	1157
4000	16.1	0	1137
4000	16.2	0	1097
4000	16.3	0	1100
4000	16.4	0	1105
4000	16.5	0	1142
4000	16.6	0	1060
4000	16.7	0	1097
4000	16.8	0	1156
4000	16.9	0	1173
4000	17	0	1135
4000	17.1	0	1071
4000	17.2	0	1165
4000	17.3	0	1158
4000	17.4	0	1073
4000	17.5	0	1135
4000	17.6	0	1142
4000	17.7	0	1129
4000	17.8	0	1159
4000	17.9	0	1044
4000	18	0	1164
4000	18.1	0	1126
4000	18.2	0	1080
4000	18.3	0	1132
4000	18.4	0	1180
4000	18.5	0	1172
4000	18.6	0	1089
4000	18.7	0	1135
4000	18.8	0	1152
4000	18.9	0	1115
4000	19	0	1143
4000	19.1	0	1128
4000	19.2	0	1208
4000	19.3	0	1110
4000	19.4	0	1111
4000	19.5	0	1180
4000	19.6	0	1129
4000	19.7	0	1160
4000	19.8	0	1206
4000	19.9	0	1219
8000	0	0	1207
8000	0.1	0	1150
8000	0.2	0	1200
8000	0.3	0	1275
8000	0.4	0	1271
8000	0.5	0	1274
8000	0.6	0	1427
8000	0.7	0	1519
8000	0.8	0	1631
8000	0.9	0	1770
8000	1	0	1924
8000	1.1	0	2171
8000	1.2	0	2504
8000	1.3	0	2893
8000	1.4	0	3328
8000	1.5	0	3767
8000	1.6	0	4802
8000	1.7	0	5879
8000	1.8	0	7082
8000	1.9	0	9164
8000	2	0	11514
8000	2.1	0	14255
8000	2.2	0	16847
8000	2.3	0	18834
8000	2.4	0	18808
8000	2.5	0	17347
8000	2.6	0	16942
8000	2.7	0	16891
8000	2.8	0	17069
8000	2.9	0	17447
8000	3	0	17573
8000	3.1	0	17848
8000	3.2	0	17807
8000	3.3	0	17820
8000	3.4	0	18049
8000	3.5	0	17624
8000	3.6	0	17832
8000	3.7	0	17866
8000	3.8	0	17766
8000	3.9	0	17849
8000	4	0	17975
8000	4.1	0	17903
8000	4.2	0	17713
8000	4.3	0	17741
8000	4.4	0	17825
8000	4.5	0	17768
8000	4.6	0	17706
8000	4.7	0	17539
8000	4.8	0	17395
8000	4.9	0	17589
8000	5	0	17494
8000	5.1	0	17455
8000	5.2	0	17293
8000	5.3	0	16748
8000	5.4	0	16250
8000	5.5	0	15257
8000	5.6	0	14721
8000	5.7	0	14093
8000	5.8	0	13042
8000	5.9	0	12156
8000	6	0	11236
8000	6.1	0	10217
8000	6.2	0	9435
8000	6.3	0	8559
8000	6.4	0	7769
8000	6.5	0	7240
8000	6.6	0	6803
8000	6.7	0	6258
8000	6.8	0	5633
8000	6.9	0	5153
8000	7	0	4994
8000	7.1	0	4506
8000	7.2	0	4089
8000	7.3	0	3937
8000	7.4	0	3598
8000	7.5	0	3431
8000	7.6	0	3256
8000	7.7	0	3048
8000	7.8	0	2966
8000	7.9	0	2890
8000	8	0	2562
8000	8.1	0	2442
8000	8.2	0	2454
8000	8.3	0	2317
8000	8.4	0	2190
8000	8.5	0	2157
8000	8.6	0	2070
8000	8.7	0	1964
8000	8.8	0	1898
8000	8.9	0	1793
8000	9	0	1764
8000	9.1	0	1737
8000	9.2	0	1609
8000	9.3	0	1648
8000	9.4	0	1640
8000	9.5	0	1542
8000	9.6	0	1534
8000	9.7	0	1467
8000	9.8	0	1444
8000	9.9	0	1436
8000	10	0	1396
8000	10.1	0	1374
8000	10.2	0	1314
8000	10.3	0	1273
8000	10.4	0	1298
8000	10.5	0	1211
8000	10.6	0	1293
8000	10.7	0	1177
8000	10.8	0	1194
8000	10.9	0	1182
8000	11	0	1167
8000	11.1	0	1176
8000	11.2	0	1145
8000	11.3	0	1109
8000	11.4	0	1119
8000	11.5	0	1150
8000	11.6	0	1120
8000	11.7	0	1091
8000	11.8	0	1115
8000	11.9	0	1128
8000	12	0	1048
8000	12.1	0	1141
8000	12.2	0	1155
8000	12.3	0	1182
8000	12.4	0	1033
8000	12.5	0	1100
8000	12.6	0	1145
8000	12.7	0	1129
8000	12.8	0	1111
8000	12.9	0	1121
8000	13	0	1148
8000	13.1	0	1085
8000	13.2	0	1127
8000	13.3	0	1136
8000	13.4	0	1107
8000	13.5	0	1092
8000	13.6	0	1104
8000	13.7	0	1155
8000	13.8	0	1117
8000	13.9	0	1145
8000	14	0	1127
8000	14.1	0	1133
8000	14.2	0	1106
8000	14.3	0	1072
8000	14.4	0	1065
8000	14.5	0	1124
8000	14.6	0	1166
8000	14.7	0	1107
8000	14.8	0	1058
8000	14.9	0	1069
8000	15	0	1167
8000	15.1	0	1134
8000	15.2	0	1059
8000	15.3	0	1130
8000	15.4	0	1064
8000	15.5	0	1163
8000	15.6	0	1169
8000	15.7	0	1124
8000	15.8	0	1137
8000	15.9	0	1112
8000	16	0	1077
8000	16.1	0	1128
8000	16.2	0	1099
8000	16.3	0	1116
8000	16.4	0	1144
8000	16.5	0	1158
8000	16.6	0	1134
8000	16.7	0	1121
8000	16.8	0	1188
8000	16.9	0	1115
8000	17	0	1083
8000	17.1	0	1122
8000	17.2	0	1131
8000	17.3	0	1217
8000	17.4	0	1178
8000	17.5	0	1175
8000	17.6	0	1154
8000	17.7	0	1215
8000	17.8	0	1139
8000	17.9	0	1141
8000	18	0	1140
8000	18.1	0	1072
8000	18.2	0	1149
8000	18.3	0	1144
8000	18.4	0	1119
8000	18.5	0	1098
8000	18.6	0	1115
8000	18.7	0	1182
8000	18.8	0	1122
8000	18.9	0	1165
8000	19	0	1146
8000	19.1	0	1144
8000	19.2	0	1110
8000	19.3	0	1108
8000	19.4	0	1184
8000	19.5	0	1213
8000	19.6	0	1143
8000	19.7	0	1154
8000	19.8	0	1183
8000	19.9	0	1200
12000	0	0	1179
12000	0.1	0	1283
12000	0.2	0	1205
12000	0.3	0	1298
12000	0.4	0	1293
12000	0.5	0	1383
12000	0.6	0	1431
12000	0.7	0	1517
12000	0.8	0	1699
12000	0.9	0	1726
12000	1	0	2006
12000	1.1	0	2145
12000	1.2	0	2452
12000	1.3	0	2797
12000	1.4	0	3310
12000	1.5	0	3841
12000	1.6	0	4737
12000	1.7	0	5738
12000	1.8	0	7302
12000	1.9	0	9159
12000	2	0	11500
12000	2.1	0	14063
12000	2.2	0	17043
12000	2.3	0	18698
12000	2.4	0	18809
12000	2.5	0	17507
12000	2.6	0	16930
12000	2.7	0	17120
12000	2.8	0	17217
12000	2.9	0	17707
12000	3	0	17680
12000	3.1	0	17832
12000	3.2	0	17804
12000	3.3	0	17920
12000	3.4	0	17768
12000	3.5	0	17647
12000	3.6	0	17959
12000	3.7	0	18003
12000	3.8	0	17854
12000	3.9	0	17718
12000	4	0	17711
12000	4.1	0	17842
12000	4.2	0	17883
12000	4.3	0	17967
12000	4.4	0	17797
12000	4.5	0	17732
12000	4.6	0	17608
12000	4.7	0	17856
12000	4.8	0	17551
12000	4.9	0	17489
12000	5	0	17464
12000	5.1	0	17519
12000	5.2	0	17003
12000	5.3	0	16834
12000	5.4	0	16346
12000	5.5	0	15563
12000	5.6	0	14678
12000	5.7	0	13798
12000	5.8	0	13063
12000	5.9	0	12057
12000	6	0	10995
12000	6.1	0	10311
12000	6.2	0	9343
12000	6.3	0	8598
12000	6.4	0	7725
12000	6.5	0	7100
12000	6.6	0	6547
12000	6.7	0	6117
12000	6.8	0	5661
12000	6.9	0	5169
12000	7	0	4835
12000	7.1	0	4497
12000	7.2	0	4145
12000	7.3	0	3849
12000	7.4	0	3686
12000	7.5	0	3415
12000	7.6	0	3259
12000	7.7	0	3071
12000	7.8	0	2934
12000	7.9	0	2759
12000	8	0	2553
12000	8.1	0	2484
12000	8.2	0	2443
12000	8.3	0	2322
12000	8.4	0	2163
12000	8.5	0	2086
12000	8.6	0	2063
12000	8.7	0	1974
12000	8.8	0	1926
12000	8.9	0	1748
12000	9	0	1824
12000	9.1	0	1776
12000	9.2	0	1700
12000	9.3	0	1676
12000	9.4	0	1519
12000	9.5	0	1568
12000	9.6	0	1604
12000	9.7	0	1480
12000	9.8	0	1429
12000	9.9	0	1393
12000	10	0	1311
12000	10.1	0	1349
12000	10.2	0	1294
12000	10.3	0	1263
12000	10.4	0	1292
12000	10.5	0	1214
12000	10.6	0	1206
12000	10.7	0	1240
12000	10.8	0	1196
12000	10.9	0	1114
12000	11	0	1181
12000	11.1	0	1141
12000	11.2	0	1151
12000	11.3	0	1116
12000	11.4	0	1154
12000	11.5	0	1109
12000	11.6	0	1165
12000	11.7	0	1141
12000	11.8	0	1127
12000	11.9	0	1152
12000	12	0	1131
12000	12.1	0	1099
12000	12.2	0	1146
12000	12.3	0	1077
12000	12.4	0	1072
12000	12.5	0	1146
12000	12.6	0	1107
12000	12.7	0	1065
12000	12.8	0	1121
12000	12.9	0	1151
12000	13	0	1151
12000	13.1	0	1079
12000	13.2	0	1121
12000	13.3	0	1127
12000	13.4	0	1093
12000	13.5	0	1177
12000	13.6	0	1154
12000	13.7	0	1141
12000	13.8	0	1104
12000	13.9	0	1125
12000	14	0	1127
12000	14.1	0	1149
12000	14.2	0	1188
12000	14.3	0	1089
12000	14.4	0	1108
12000	14.5	0	1070
12000	14.6	0	1122
12000	14.7	0	1140
12000	14.8	0	1182
12000	14.9	0	1134
12000	15	0	1138
12000	15.1	0	1138
12000	15.2	0	1107
12000	15.3	0	1103
12000	15.4	0	1072
12000	15.5	0	1083
12000	15.6	0	1139
12000	15.7	0	1153
12000	15.8	0	1078
12000	15.9	0	1157
12000	16	0	1134
12000	16.1	0	1053
12000	16.2	0	1143
12000	16.3	0	1222
12000	16.4	0	1114
12000	16.5	0	1144
12000	16.6	0	1157
12000	16.7	0	1158
12000	16.8	0	1196
12000	16.9	0	1120
12000	17	0	1127
12000	17.1	0	1174
12000	17.2	0	1169
12000	17.3	0	1097
12000	17.4	0	1125
12000	17.5	0	1164
12000	17.6	0	1082
12000	17.7	0	1131
12000	17.8	0	1107
12000	17.9	0	1154
12000	18	0	1099
12000	18.1	0	1203
12000	18.2	0	1145
12000	18.3	0	1121
12000	18.4	0	1160
12000	18.5	0	1087
12000	18.6	0	1141
12000	18.7	0	1120
12000	18.8	0	1119
12000	18.9	0	1116
12000	19	0	1167
12000	19.1	0	1172
12000	19.2	0	1088
12000	19.3	0	1104
12000	19.4	0	1114
12000	19.5	0	1151
12000	19.6	0	1158
12000	19.7	0	1147
12000	19.8	0	1108
12000	19.9	0	1141
16000	0	0	1186
16000	0.1	0	1223
16000	0.2	0	1189
16000	0.3	0	1290
16000	0.4	0	1237
16000	0.5	0	1370
16000	0.6	0	1395
16000	0.7	0	1529
16000	0.8	0	1699
16000	0.9	0	1814
16000	1	0	1905
16000	1.1	0	2154
16000	1.2	0	2427
16000	1.3	0	2717
16000	1.4	0	3339
16000	1.5	0	3937
16000	1.6	0	4805
16000	1.7	0	5787
16000	1.8	0	7242
16000	1.9	0	9188
16000	2	0	11633
16000	2.1	0	14070
16000	2.2	0	16906
16000	2.3	0	18962
16000	2.4	0	18794
16000	2.5	0	17343
16000	2.6	0	17048
16000	2.7	0	17111
16000	2.8	0	17265
16000	2.9	0	17591
16000	3	0	17623
16000	3.1	0	17690
16000	3.2	0	17619
16000	3.3	0	17929
16000	3.4	0	17933
16000	3.5	0	17920
16000	3.6	0	17692
16000	3.7	0	17816
16000	3.8	0	18044
16000	3.9	0	17812
16000	4	0	17860
16000	4.1	0	17948
16000	4.2	0	17855
16000	4.3	0	17632
16000	4.4	0	17768
16000	4.5	0	17774
16000	4.6	0	17644
16000	4.7	0	17638
16000	4.8	0	17597
16000	4.9	0	17423
16000	5	0	17574
16000	5.1	0	17436
16000	5.2	0	17304
16000	5.3	0	16899
16000	5.4	0	16139
16000	5.5	0	15331
16000	5.6	0	14779
16000	5.7	0	13794
16000	5.8	0	12930
16000	5.9	0	11935
16000	6	0	11094
16000	6.1	0	10202
16000	6.2	0	9330
16000	6.3	0	8438
16000	6.4	0	7952
16000	6.5	0	7303
16000	6.6	0	6548
16000	6.7	0	6131
16000	6.8	0	5577
16000	6.9	0	5158
16000	7	0	4837
16000	7.1	0	4452
16000	7.2	0	4244
16000	7.3	0	3961
16000	7.4	0	3652
16000	7.5	0	3321
16000	7.6	0	3267
16000	7.7	0	3003
16000	7.8	0	3043
16000	7.9	0	2690
16000	8	0	2561
16000	8.1	0	2421
16000	8.2	0	2477
16000	8.3	0	2352
16000	8.4	0	2280
16000	8.5	0	2129
16000	8.6	0	2103
16000	8.7	0	1973
16000	8.8	0	1840
16000	8.9	0	1839
16000	9	0	1779
16000	9.1	0	1717
16000	9.2	0	1715
16000	9.3	0	1664
16000	9.4	0	1562
16000	9.5	0	1535
16000	9.6	0	1492
16000	9.7	0	1415
16000	9.8	0	1366
16000	9.9	0	1422
16000	10	0	1357
16000	10.1	0	1390
16000	10.2	0	1370
16000	10.3	0	1355
16000	10.4	0	1242
16000	10.5	0	1244
16000	10.6	0	1248
16000	10.7	0	1170
16000	10.8	0	1153
16000	10.9	0	1159
16000	11	0	1146
16000	11.1	0	1222
16000	11.2	0	1110
16000	11.3	0	1221
16000	11.4	0	1127
16000	11.5	0	1162
16000	11.6	0	1119
16000	11.7	0	1092
16000	11.8	0	1091
16000	11.9	0	1087
16000	12	0	1093
16000	12.1	0	1105
16000	12.2	0	1053
16000	12.3	0	1096
16000	12.4	0	1186
16000	12.5	0	1158
16000	12.6	0	1084
16000	12.7	0	1131
16000	12.8	0	1072
16000	12.9	0	1112
16000	13	0	1117
16000	13.1	0	1118
16000	13.2	0	1159
16000	13.3	0	1112
16000	13.4	0	1079
16000	13.5	0	1113
16000	13.6	0	1092
16000	13.7	0	1187
16000	13.8	0	1106
16000	13.9	0	1136
16000	14	0	1110
16000	14.1	0	1098
16000	14.2	0	1141
16000	14.3	0	1137
16000	14.4	0	1099
16000	14.5	0	1149
16000	14.6	0	1110
16000	14.7	0	1130
16000	14.8	0	1109
16000	14.9	0	1113
16000	15	0	1076
16000	15.1	0	1103
16000	15.2	0	1202
16000	15.3	0	1108
16000	15.4	0	1054
16000	15.5	0	1125
16000	15.6	0	1130
16000	15.7	0	1089
16000	15.8	0	1131
16000	15.9	0	1091
16000	16	0	1140
16000	16.1	0	1134
16000	16.2	0	1120
16000	16.3	0	1173
16000	16.4	0	1148
16000	16.5	0	1139
16000	16.6	0	1165
16000	16.7	0	1111
16000	16.8	0	1153
16000	16.9	0	1154
16000	17	0	1079
16000	17.1	0	1188
16000	17.2	0	1136
16000	17.3	0	1101
16000	17.4	0	1182
16000	17.5	0	1178
16000	17.6	0	1198
16000	17.7	0	1096
16000	17.8	0	1125
16000	17.9	0	1154
16000	18	0	1171
16000	18.1	0	1133
16000	18.2	0	1192
16000	18.3	0	1110
16000	18.4	0	1117
16000	18.5	0	1127
16000	18.6	0	1180
16000	18.7	0	1144
16000	18.8	0	1144
16000	18.9	0	1148
16000	19	0	1166
16000	19.1	0	1156
16000	19.2	0	1156
16000	19.3	0	1156
16000	19.4	0	1160
16000	19.5	0	1189
16000	19.6	0	1167
16000	19.7	0	1168
16000	19.8	0	1144
16000	19.9	0	1180
20000	0	0	1178
20000	0.1	0	1158
20000	0.2	0	1208
20000	0.3	0	1312
20000	0.4	0	1306
20000	0.5	0	1403
20000	0.6	0	1506
20000	0.7	0	1576
20000	0.8	0	1680
20000	0.9	0	1824
20000	1	0	1944
20000	1.1	0	2205
20000	1.2	0	2470
20000	1.3	0	2853
20000	1.4	0	3252
20000	1.5	0	3831
20000	1.6	0	4653
20000	1.7	0	5741
20000	1.8	0	7250
20000	1.9	0	9157
20000	2	0	11576
20000	2.1	0	14201
20000	2.2	0	16777
20000	2.3	0	18709
20000	2.4	0	18975
20000	2.5	0	17337
20000	2.6	0	16894
20000	2.7	0	16989
20000	2.8	0	17234
20000	2.9	0	17254
20000	3	0	17899
20000	3.1	0	17654
20000	3.2	0	17964
20000	3.3	0	17942
20000	3.4	0	17744
20000	3.5	0	17819
20000	3.6	0	17998
20000	3.7	0	17707
20000	3.8	0	17865
20000	3.9	0	17912
20000	4	0	17743
20000	4.1	0	17900
20000	4.2	0	17927
20000	4.3	0	17686
20000	4.4	0	17574
20000	4.5	0	17760
20000	4.6	0	17815
20000	4.7	0	17588
20000	4.8	0	17717
20000	4.9	0	17347
20000	5	0	17401
20000	5.1	0	17645
20000	5.2	0	17071
20000	5.3	0	16835
20000	5.4	0	16098
20000	5.5	0	15535
20000	5.6	0	14978
20000	5.7	0	13759
20000	5.8	0	13094
20000	5.9	0	11903
20000	6	0	11026
20000	6.1	0	10153
20000	6.2	0	9282
20000	6.3	0	8564
20000	6.4	0	7867
20000	6.5	0	7244
20000	6.6	0	6667
20000	6.7	0	6071
20000	6.8	0	5411
20000	6.9	0	5307
20000	7	0	4925
20000	7.1	0	4482
20000	7.2	0	4131
20000	7.3	0	3849
20000	7.4	0	3686
20000	7.5	0	3455
20000	7.6	0	3308
20000	7.7	0	3007
20000	7.8	0	2876
20000	7.9	0	2843
20000	8	0	2553
20000	8.1	0	2461
20000	8.2	0	2399
20000	8.3	0	2280
20000	8.4	0	2116
20000	8.5	0	2075
20000	8.6	0	2011
20000	8.7	0	1997
20000	8.8	0	1878
20000	8.9	0	1810
20000	9	0	1823
20000	9.1	0	1648
20000	9.2	0	1710
20000	9.3	0	1647
20000	9.4	0	1564
20000	9.5	0	1535
20000	9.6	0	1455
20000	9.7	0	1411
20000	9.8	0	1418
20000	9.9	0	1293
20000	10	0	1361
20000	10.1	0	1372
20000	10.2	0	1351
20000	10.3	0	1303
20000	10.4	0	1242
20000	10.5	0	1299
20000	10.6	0	1217
20000	10.7	0	1190
20000	10.8	0	1238
20000	10.9	0	1180
20000	11	0	1144
20000	11.1	0	1181
20000	11.2	0	1144
20000	11.3	0	1186
20000	11.4	0	1106
20000	11.5	0	1066
20000	11.6	0	1173
20000	11.7	0	1155
20000	11.8	0	1143
20000	11.9	0	1163
20000	12	0	1093
20000	12.1	0	1168
20000	12.2	0	1112
20000	12.3	0	1118
20000	12.4	0	1138
20000	12.5	0	1101
20000	12.6	0	1148
20000	12.7	0	1112
20000	12.8	0	1103
20000	12.9	0	1161
20000	13	0	1071
20000	13.1	0	1072
20000	13.2	0	1128
20000	13.3	0	1092
20000	13.4	0	1137
20000	13.5	0	1157
20000	13.6	0	1065
20000	13.7	0	1192
20000	13.8	0	1149
20000	13.9	0	1128
20000	14	0	1147
20000	14.1	0	1144
20000	14.2	0	1171
20000	14.3	0	1124
20000	14.4	0	1122
20000	14.5	0	1122
20000	14.6	0	1165
20000	14.7	0	1127
20000	14.8	0	1182
20000	14.9	0	1121
20000	15	0	1197
20000	15.1	0	1079
20000	15.2	0	1134
20000	15.3	0	1106
20000	15.4	0	1155
20000	15.5	0	1153
20000	15.6	0	1118
20000	15.7	0	1185
20000	15.8	0	1104
20000	15.9	0	1142
20000	16	0	1176
20000	16.1	0	1147
20000	16.2	0	1109
20000	16.3	0	1147
20000	16.4	0	1167
20000	16.5	0	1155
20000	16.6	0	1112
20000	16.7	0	1080
20000	16.8	0	1152
20000	16.9	0	1167
20000	17	0	1174
20000	17.1	0	1162
20000	17.2	0	1145
20000	17.3	0	1113
20000	17.4	0	1083
20000	17.5	0	1173
20000	17.6	0	1227
20000	17.7	0	1129
20000	17.8	0	1058
20000	17.9	0	1087
20000	18	0	1132
20000	18.1	0	1104
20000	18.2	0	1162
20000	18.3	0	1139
20000	18.4	0	1192
20000	18.5	0	1167
20000	18.6	0	1141
20000	18.7	0	1197
20000	18.8	0	1167
20000	18.9	0	1149
20000	19	0	1158
20000	19.1	0	1149
20000	19.2	0	1191
20000	19.3	0	1149
20000	19.4	0	1172
20000	19.5	0	1164
20000	19.6	0	1169
20000	19.7	0	1189
20000	19.8	0	1202
20000	19.9	0	1116
