4000	0	0	1175
4000	0.1	0	1244
4000	0.2	0	1179
4000	0.3	0	1201
4000	0.4	0	1307
4000	0.5	0	1372
4000	0.6	0	1399
4000	0.7	0	1493
4000	0.8	0	1524
4000	0.9	0	1755
4000	1	0	1864
4000	1.1	0	2169
4000	1.2	0	2331
4000	1.3	0	2536
4000	1.4	0	2929
4000	1.5	0	3563
4000	1.6	0	4132
4000	1.7	0	5116
4000	1.8	0	6184
4000	1.9	0	7719
4000	2	0	9909
4000	2.1	0	12560
4000	2.2	0	15935
4000	2.3	0	18621
4000	2.4	0	19743
4000	2.5	0	18587
4000	2.6	0	17746
4000	2.7	0	17699
4000	2.8	0	17933
4000	2.9	0	17816
4000	3	0	17947
4000	3.1	0	17885
4000	3.2	0	17945
4000	3.3	0	18254
4000	3.4	0	18148
4000	3.5	0	18011
4000	3.6	0	17963
4000	3.7	0	18160
4000	3.8	0	18173
4000	3.9	0	18290
4000	4	0	17872
4000	4.1	0	18090
4000	4.2	0	17883
4000	4.3	0	18398
4000	4.4	0	18196
4000	4.5	0	18043
4000	4.6	0	18113
4000	4.7	0	17964
4000	4.8	0	18007
4000	4.9	0	17964
4000	5	0	18090
4000	5.1	0	18040
4000	5.2	0	17628
4000	5.3	0	17390
4000	5.4	0	16539
4000	5.5	0	15661
4000	5.6	0	14728
4000	5.7	0	13659
4000	5.8	0	12370
4000	5.9	0	11744
4000	6	0	10670
4000	6.1	0	9815
4000	6.2	0	9047
4000	6.3	0	8162
4000	6.4	0	7537
4000	6.5	0	6966
4000	6.6	0	6341
4000	6.7	0	5939
4000	6.8	0	5464
4000	6.9	0	4994
4000	7	0	4797
4000	7.1	0	4358
4000	7.2	0	4086
4000	7.3	0	3871
4000	7.4	0	3610
4000	7.5	0	3323
4000	7.6	0	3257
4000	7.7	0	3047
4000	7.8	0	2852
4000	7.9	0	2661
4000	8	0	2641
4000	8.1	0	2463
4000	8.2	0	2379
4000	8.3	0	2263
4000	8.4	0	2209
4000	8.5	0	2110
4000	8.6	0	2088
4000	8.7	0	2006
4000	8.8	0	1851
4000	8.9	0	1833
4000	9	0	1834
4000	9.1	0	1788
4000	9.2	0	1693
4000	9.3	0	1619
4000	9.4	0	1583
4000	9.5	0	1595
4000	9.6	0	1532
4000	9.7	0	1490
4000	9.8	0	1470
4000	9.9	0	1400
4000	10	0	1403
4000	10.1	0	1336
4000	10.2	0	1329
4000	10.3	0	1278
4000	10.4	0	1249
4000	10.5	0	1278
4000	10.6	0	1218
4000	10.7	0	1250
4000	10.8	0	1225
4000	10.9	0	1130
4000	11	0	1206
4000	11.1	0	1165
4000	11.2	0	1199
4000	11.3	0	1095
4000	11.4	0	1160
4000	11.5	0	1071
4000	11.6	0	1149
4000	11.7	0	1129
4000	11.8	0	1178
4000	11.9	0	1112
4000	12	0	1198
4000	12.1	0	1102
4000	12.2	0	1168
4000	12.3	0	1121
4000	12.4	0	1133
4000	12.5	0	1163
4000	12.6	0	1142
4000	12.7	0	1076
4000	12.8	0	1170
4000	12.9	0	1131
4000	13	0	1091
4000	13.1	0	1100
4000	13.2	0	1163
4000	13.3	0	1134
4000	13.4	0	1137
4000	13.5	0	1131
4000	13.6	0	1096
4000	13.7	0	1135
4000	13.8	0	1126
4000	13.9	0	1156
4000	14	0	1127
4000	14.1	0	1070
4000	14.2	0	1050
4000	14.3	0	1137
4000	14.4	0	1115
4000	14.5	0	1083
4000	14.6	0	1141
4000	14.7	0	1139
4000	14.8	0	1136
4000	14.9	0	1116
4000	15	0	1133
4000	15.1	0	1207
4000	15.2	0	1118
4000	15.3	0	1179
4000	15.4	0	1174
4000	15.5	0	1134
4000	15.6	0	1108
4000	15.7	0	1190
4000	15.8	0	1128
4000	15.9	0	1174
4000	16	0	1193
4000	16.1	0	1149
4000	16.2	0	1152
4000	16.3	0	1103
4000	16.4	0	1175
4000	16.5	0	1157
4000	16.6	0	1166
4000	16.7	0	1125
4000	16.8	0	1084
4000	16.9	0	1133
4000	17	0	1139
4000	17.1	0	1150
4000	17.2	0	1147
4000	17.3	0	1168
4000	17.4	0	1109
4000	17.5	0	1134
4000	17.6	0	1137
4000	17.7	0	1103
4000	17.8	0	1136
4000	17.9	0	1135
4000	18	0	1177
4000	18.1	0	1109
4000	18.2	0	1194
4000	18.3	0	1174
4000	18.4	0	1140
4000	18.5	0	1114
4000	18.6	0	1139
4000	18.7	0	1165
4000	18.8	0	1126
4000	18.9	0	1115
4000	19	0	1137
4000	19.1	0	1237
4000	19.2	0	1178
4000	19.3	0	1166
4000	19.4	0	1160
4000	19.5	0	1094
4000	19.6	0	1201
4000	19.7	0	1205
4000	19.8	0	1178
4000	19.9	0	1164
8000	0	0	1182
8000	0.1	0	1145
8000	0.2	0	1233
8000	0.3	0	1230
8000	0.4	0	1249
8000	0.5	0	1319
8000	0.6	0	1342
8000	0.7	0	1520
8000	0.8	0	1591
8000	0.9	0	1738
8000	1	0	1827
8000	1.1	0	1988
8000	1.2	0	2367
8000	1.3	0	2629
8000	1.4	0	3038
8000	1.5	0	3583
8000	1.6	0	4200
8000	1.7	0	5091
8000	1.8	0	6186
8000	1.9	0	7570
8000	2	0	9905
8000	2.1	0	12823
8000	2.2	0	15854
8000	2.3	0	18709
8000	2.4	0	19671
8000	2.5	0	18565
8000	2.6	0	17918
8000	2.7	0	17625
8000	2.8	0	17750
8000	2.9	0	17772
8000	3	0	17906
8000	3.1	0	18298
8000	3.2	0	18070
8000	3.3	0	18085
8000	3.4	0	18231
8000	3.5	0	18212
8000	3.6	0	18083
8000	3.7	0	18183
8000	3.8	0	18108
8000	3.9	0	17873
8000	4	0	17943
8000	4.1	0	18091
8000	4.2	0	18133
8000	4.3	0	18137
8000	4.4	0	18021
8000	4.5	0	18191
8000	4.6	0	17892
8000	4.7	0	18126
8000	4.8	0	18229
8000	4.9	0	18031
8000	5	0	18121
8000	5.1	0	18162
8000	5.2	0	17666
8000	5.3	0	17384
8000	5.4	0	16250
8000	5.5	0	15565
8000	5.6	0	14692
8000	5.7	0	13764
8000	5.8	0	12739
8000	5.9	0	11499
8000	6	0	10739
8000	6.1	0	9783
8000	6.2	0	8803
8000	6.3	0	8175
8000	6.4	0	7602
8000	6.5	0	6905
8000	6.6	0	6152
8000	6.7	0	5917
8000	6.8	0	5556
8000	6.9	0	5073
8000	7	0	4687
8000	7.1	0	4324
8000	7.2	0	4114
8000	7.3	0	3777
8000	7.4	0	3627
8000	7.5	0	3460
8000	7.6	0	3242
8000	7.7	0	3117
8000	7.8	0	2928
8000	7.9	0	2784
8000	8	0	2522
8000	8.1	0	2552
8000	8.2	0	2422
8000	8.3	0	2342
8000	8.4	0	2141
8000	8.5	0	2095
8000	8.6	0	2079
8000	8.7	0	1997
8000	8.8	0	1905
8000	8.9	0	1842
8000	9	0	1775
8000	9.1	0	1649
8000	9.2	0	1661
8000	9.3	0	1634
8000	9.4	0	1633
8000	9.5	0	1555
8000	9.6	0	1482
8000	9.7	0	1480
8000	9.8	0	1396
8000	9.9	0	1391
8000	10	0	1351
8000	10.1	0	1329
8000	10.2	0	1335
8000	10.3	0	1312
8000	10.4	0	1319
8000	10.5	0	1246
8000	10.6	0	1248
8000	10.7	0	1235
8000	10.8	0	1160
8000	10.9	0	1197
8000	11	0	1152
8000	11.1	0	1177
8000	11.2	0	1156
8000	11.3	0	1174
8000	11.4	0	1107
8000	11.5	0	1108
8000	11.6	0	1144
8000	11.7	0	1135
8000	11.8	0	1100
8000	11.9	0	1109
8000	12	0	1147
8000	12.1	0	1156
8000	12.2	0	1134
8000	12.3	0	1138
8000	12.4	0	1098
8000	12.5	0	1118
8000	12.6	0	1164
8000	12.7	0	1169
8000	12.8	0	1154
8000	12.9	0	1118
8000	13	0	1154
8000	13.1	0	1162
8000	13.2	0	1145
8000	13.3	0	1116
8000	13.4	0	1187
8000	13.5	0	1141
8000	13.6	0	1079
8000	13.7	0	1175
8000	13.8	0	1171
8000	13.9	0	1157
8000	14	0	1142
8000	14.1	0	1070
8000	14.2	0	1159
8000	14.3	0	1123
8000	14.4	0	1126
8000	14.5	0	1127
8000	14.6	0	1198
8000	14.7	0	1080
8000	14.8	0	1112
8000	14.9	0	1142
8000	15	0	1203
8000	15.1	0	1115
8000	15.2	0	1156
8000	15.3	0	1076
8000	15.4	0	1171
8000	15.5	0	1193
8000	15.6	0	1157
8000	15.7	0	1130
8000	15.8	0	1154
8000	15.9	0	1132
8000	16	0	1119
8000	16.1	0	1099
8000	16.2	0	1176
8000	16.3	0	1123
8000	16.4	0	1158
8000	16.5	0	1143
8000	16.6	0	1105
8000	16.7	0	1153
8000	16.8	0	1168
8000	16.9	0	1145
8000	17	0	1111
8000	17.1	0	1118
8000	17.2	0	1111
8000	17.3	0	1173
8000	17.4	0	1118
8000	17.5	0	1124
8000	17.6	0	1174
8000	17.7	0	1171
8000	17.8	0	1030
8000	17.9	0	1138
8000	18	0	1156
8000	18.1	0	1175
8000	18.2	0	1191
8000	18.3	0	1140
8000	18.4	0	1181
8000	18.5	0	1192
8000	18.6	0	1088
8000	18.7	0	1135
8000	18.8	0	1122
8000	18.9	0	1121
8000	19	0	1147
8000	19.1	0	1204
8000	19.2	0	1141
8000	19.3	0	1139
8000	19.4	0	1101
8000	19.5	0	1216
8000	19.6	0	1127
8000	19.7	0	1135
8000	19.8	0	1120
8000	19.9	0	1146
12000	0	0	1155
12000	0.1	0	1167
12000	0.2	0	1207
12000	0.3	0	1187
12000	0.4	0	1257
12000	0.5	0	1338
12000	0.6	0	1383
12000	0.7	0	1478
12000	0.8	0	1592
12000	0.9	0	1728
12000	1	0	1930
12000	1.1	0	2016
12000	1.2	0	2363
12000	1.3	0	2641
12000	1.4	0	3005
12000	1.5	0	3476
12000	1.6	0	4113
12000	1.7	0	5008
12000	1.8	0	6233
12000	1.9	0	7707
12000	2	0	9949
12000	2.1	0	12693
12000	2.2	0	15872
12000	2.3	0	18641
12000	2.4	0	19690
12000	2.5	0	18544
12000	2.6	0	18168
12000	2.7	0	17384
12000	2.8	0	17912
12000	2.9	0	17896
12000	3	0	17958
12000	3.1	0	18031
12000	3.2	0	18292
12000	3.3	0	18210
12000	3.4	0	18093
12000	3.5	0	17793
12000	3.6	0	17989
12000	3.7	0	18331
12000	3.8	0	18064
12000	3.9	0	18298
12000	4	0	18089
12000	4.1	0	18014
12000	4.2	0	18166
12000	4.3	0	18083
12000	4.4	0	18083
12000	4.5	0	17955
12000	4.6	0	18196
12000	4.7	0	17949
12000	4.8	0	17929
12000	4.9	0	17981
12000	5	0	18259
12000	5.1	0	18054
12000	5.2	0	17615
12000	5.3	0	17172
12000	5.4	0	16474
12000	5.5	0	15665
12000	5.6	0	14745
12000	5.7	0	13729
12000	5.8	0	12680
12000	5.9	0	11698
12000	6	0	10606
12000	6.1	0	9771
12000	6.2	0	8948
12000	6.3	0	8217
12000	6.4	0	7495
12000	6.5	0	6905
12000	6.6	0	6409
12000	6.7	0	5832
12000	6.8	0	5429
12000	6.9	0	5009
12000	7	0	4700
12000	7.1	0	4379
12000	7.2	0	4089
12000	7.3	0	3732
12000	7.4	0	3631
12000	7.5	0	3373
12000	7.6	0	3157
12000	7.7	0	3101
12000	7.8	0	2998
12000	7.9	0	2693
12000	8	0	2649
12000	8.1	0	2536
12000	8.2	0	2391
12000	8.3	0	2262
12000	8.4	0	2293
12000	8.5	0	2023
12000	8.6	0	2054
12000	8.7	0	1929
12000	8.8	0	1986
12000	8.9	0	1891
12000	9	0	1847
12000	9.1	0	1673
12000	9.2	0	1706
12000	9.3	0	1634
12000	9.4	0	1623
12000	9.5	0	1532
12000	9.6	0	1503
12000	9.7	0	1472
12000	9.8	0	1479
12000	9.9	0	1374
12000	10	0	1340
12000	10.1	0	1356
12000	10.2	0	1345
12000	10.3	0	1331
12000	10.4	0	1273
12000	10.5	0	1230
12000	10.6	0	1327
12000	10.7	0	1263
12000	10.8	0	1253
12000	10.9	0	1222
12000	11	0	1240
12000	11.1	0	1219
12000	11.2	0	1168
12000	11.3	0	1080
12000	11.4	0	1172
12000	11.5	0	1158
12000	11.6	0	1152
12000	11.7	0	1118
12000	11.8	0	1163
12000	11.9	0	1108
12000	12	0	1157
12000	12.1	0	1139
12000	12.2	0	1067
12000	12.3	0	1070
12000	12.4	0	1162
12000	12.5	0	1110
12000	12.6	0	1134
12000	12.7	0	1129
12000	12.8	0	1125
12000	12.9	0	1157
12000	13	0	1108
12000	13.1	0	1110
12000	13.2	0	1055
12000	13.3	0	1170
12000	13.4	0	1163
12000	13.5	0	1124
12000	13.6	0	1138
12000	13.7	0	1122
12000	13.8	0	1150
12000	13.9	0	1147
12000	14	0	1052
12000	14.1	0	1122
12000	14.2	0	1128
12000	14.3	0	1120
12000	14.4	0	1171
12000	14.5	0	1144
12000	14.6	0	1138
12000	14.7	0	1169
12000	14.8	0	1168
12000	14.9	0	1144
12000	15	0	1166
12000	15.1	0	1092
12000	15.2	0	1110
12000	15.3	0	1143
12000	15.4	0	1105
12000	15.5	0	1122
12000	15.6	0	1130
12000	15.7	0	1175
12000	15.8	0	1058
12000	15.9	0	1138
12000	16	0	1074
12000	16.1	0	1181
12000	16.2	0	1168
12000	16.3	0	1144
12000	16.4	0	1162
12000	16.5	0	1189
12000	16.6	0	1173
12000	16.7	0	1115
12000	16.8	0	1167
12000	16.9	0	1122
12000	17	0	1146
12000	17.1	0	1116
12000	17.2	0	1126
12000	17.3	0	1146
12000	17.4	0	1159
12000	17.5	0	1114
12000	17.6	0	1134
12000	17.7	0	1146
12000	17.8	0	1133
12000	17.9	0	1209
12000	18	0	1184
12000	18.1	0	1127
12000	18.2	0	1150
12000	18.3	0	1085
12000	18.4	0	1135
12000	18.5	0	1193
12000	18.6	0	1144
12000	18.7	0	1162
12000	18.8	0	1138
12000	18.9	0	1125
12000	19	0	1128
12000	19.1	0	1134
12000	19.2	0	1153
12000	19.3	0	1169
12000	19.4	0	1104
12000	19.5	0	1154
12000	19.6	0	1056
12000	19.7	0	1139
12000	19.8	0	1114
12000	19.9	0	1173
16000	0	0	1186
16000	0.1	0	1161
16000	0.2	0	1166
16000	0.3	0	1204
16000	0.4	0	1275
16000	0.5	0	1370
16000	0.6	0	1347
16000	0.7	0	1511
16000	0.8	0	1580
16000	0.9	0	1654
16000	1	0	1818
16000	1.1	0	2058
16000	1.2	0	2383
16000	1.3	0	2688
16000	1.4	0	2919
16000	1.5	0	3541
16000	1.6	0	4037
16000	1.7	0	4937
16000	1.8	0	6315
16000	1.9	0	7700
16000	2	0	9977
16000	2.1	0	12695
16000	2.2	0	16045
16000	2.3	0	18804
16000	2.4	0	19633
16000	2.5	0	18582
16000	2.6	0	17717
16000	2.7	0	17647
16000	2.8	0	17728
16000	2.9	0	17879
16000	3	0	17822
16000	3.1	0	18002
16000	3.2	0	18256
16000	3.3	0	18258
16000	3.4	0	17910
16000	3.5	0	18407
16000	3.6	0	17955
16000	3.7	0	18126
16000	3.8	0	18073
16000	3.9	0	17944
16000	4	0	17964
16000	4.1	0	18350
16000	4.2	0	17932
16000	4.3	0	18005
16000	4.4	0	18130
16000	4.5	0	18058
16000	4.6	0	18077
16000	4.7	0	17988
16000	4.8	0	17946
16000	4.9	0	18031
16000	5	0	17966
16000	5.1	0	18218
16000	5.2	0	17826
16000	5.3	0	17094
16000	5.4	0	16446
16000	5.5	0	15805
16000	5.6	0	14572
16000	5.7	0	13667
16000	5.8	0	12609
16000	5.9	0	11764
16000	6	0	10718
16000	6.1	0	9686
16000	6.2	0	9123
16000	6.3	0	8182
16000	6.4	0	7384
16000	6.5	0	6818
16000	6.6	0	6334
16000	6.7	0	5904
16000	6.8	0	5407
16000	6.9	0	4902
16000	7	0	4766
16000	7.1	0	4438
16000	7.2	0	4067
16000	7.3	0	3951
16000	7.4	0	3662
16000	7.5	0	3426
16000	7.6	0	3041
16000	7.7	0	3044
16000	7.8	0	2839
16000	7.9	0	2743
16000	8	0	2714
16000	8.1	0	2522
16000	8.2	0	2463
16000	8.3	0	2275
16000	8.4	0	2247
16000	8.5	0	2166
16000	8.6	0	2098
16000	8.7	0	1983
16000	8.8	0	1768
16000	8.9	0	1863
16000	9	0	1774
16000	9.1	0	1738
16000	9.2	0	1613
16000	9.3	0	1602
16000	9.4	0	1606
16000	9.5	0	1514
16000	9.6	0	1481
16000	9.7	0	1534
16000	9.8	0	1439
16000	9.9	0	1344
16000	10	0	1399
16000	10.1	0	1435
16000	10.2	0	1329
16000	10.3	0	1296
16000	10.4	0	1309
16000	10.5	0	1242
16000	10.6	0	1345
16000	10.7	0	1252
16000	10.8	0	1228
16000	10.9	0	1230
16000	11	0	1215
16000	11.1	0	1204
16000	11.2	0	1216
16000	11.3	0	1164
16000	11.4	0	1138
16000	11.5	0	1177
16000	11.6	0	1178
16000	11.7	0	1085
16000	11.8	0	1142
16000	11.9	0	1103
16000	12	0	1231
16000	12.1	0	1150
16000	12.2	0	1118
16000	12.3	0	1138
16000	12.4	0	1159
16000	12.5	0	1184
16000	12.6	0	1172
16000	12.7	0	1141
16000	12.8	0	1116
16000	12.9	0	1085
16000	13	0	1094
16000	13.1	0	1175
16000	13.2	0	1150
16000	13.3	0	1173
16000	13.4	0	1134
16000	13.5	0	1116
16000	13.6	0	1129
16000	13.7	0	1202
16000	13.8	0	1169
16000	13.9	0	1162
16000	14	0	1124
16000	14.1	0	1125
16000	14.2	0	1121
16000	14.3	0	1164
16000	14.4	0	1151
16000	14.5	0	1157
16000	14.6	0	1166
16000	14.7	0	1099
16000	14.8	0	1108
16000	14.9	0	1173
16000	15	0	1134
16000	15.1	0	1104
16000	15.2	0	1148
16000	15.3	0	1116
16000	15.4	0	1144
16000	15.5	0	1131
16000	15.6	0	1106
16000	15.7	0	1146
16000	15.8	0	1181
16000	15.9	0	1059
16000	16	0	1182
16000	16.1	0	1136
16000	16.2	0	1052
16000	16.3	0	1185
16000	16.4	0	1091
16000	16.5	0	1146
16000	16.6	0	1119
16000	16.7	0	1144
16000	16.8	0	1169
16000	16.9	0	1168
16000	17	0	1151
16000	17.1	0	1108
16000	17.2	0	1123
16000	17.3	0	1140
16000	17.4	0	1156
16000	17.5	0	1189
16000	17.6	0	1108
16000	17.7	0	1125
16000	17.8	0	1150
16000	17.9	0	1108
16000	18	0	1157
16000	18.1	0	1173
16000	18.2	0	1136
16000	18.3	0	1139
16000	18.4	0	1143
16000	18.5	0	1131
16000	18.6	0	1177
16000	18.7	0	1100
16000	18.8	0	1127
16000	18.9	0	1193
16000	19	0	1165
16000	19.1	0	1106
16000	19.2	0	1091
16000	19.3	0	1180
16000	19.4	0	1156
16000	19.5	0	1191
16000	19.6	0	1121
16000	19.7	0	1176
16000	19.8	0	1198
16000	19.9	0	1111
20000	0	0	1194
20000	0.1	0	1117
20000	0.2	0	1157
20000	0.3	0	1264
20000	0.4	0	1308
20000	0.5	0	1365
20000	0.6	0	1444
20000	0.7	0	1423
20000	0.8	0	1590
20000	0.9	0	1755
20000	1	0	1881
20000	1.1	0	2011
20000	1.2	0	2222
20000	1.3	0	2727
20000	1.4	0	2886
20000	1.5	0	3509
20000	1.6	0	4166
20000	1.7	0	5107
20000	1.8	0	6182
20000	1.9	0	7721
20000	2	0	9862
20000	2.1	0	12550
20000	2.2	0	15903
20000	2.3	0	18469
20000	2.4	0	19691
20000	2.5	0	18576
20000	2.6	0	17954
20000	2.7	0	17498
20000	2.8	0	17877
20000	2.9	0	17653
20000	3	0	18251
20000	3.1	0	17953
20000	3.2	0	17980
20000	3.3	0	18071
20000	3.4	0	18131
20000	3.5	0	18142
20000	3.6	0	18194
20000	3.7	0	17952
20000	3.8	0	17968
20000	3.9	0	18179
20000	4	0	18153
20000	4.1	0	18062
20000	4.2	0	18146
20000	4.3	0	17953
20000	4.4	0	18169
20000	4.5	0	18179
20000	4.6	0	17956
20000	4.7	0	17763
20000	4.8	0	18165
20000	4.9	0	17931
20000	5	0	18336
20000	5.1	0	17831
20000	5.2	0	17714
20000	5.3	0	17229
20000	5.4	0	16565
20000	5.5	0	15730
20000	5.6	0	14464
20000	5.7	0	13774
20000	5.8	0	12730
20000	5.9	0	11746
20000	6	0	10644
20000	6.1	0	9886
20000	6.2	0	9068
20000	6.3	0	8042
20000	6.4	0	7558
20000	6.5	0	6871
20000	6.6	0	6184
20000	6.7	0	5966
20000	6.8	0	5461
20000	6.9	0	4968
20000	7	0	4673
20000	7.1	0	4545
20000	7.2	0	4065
20000	7.3	0	3834
20000	7.4	0	3534
20000	7.5	0	3442
20000	7.6	0	3329
20000	7.7	0	2961
20000	7.8	0	2865
20000	7.9	0	2816
20000	8	0	2693
20000	8.1	0	2424
20000	8.2	0	2470
20000	8.3	0	2370
20000	8.4	0	2182
20000	8.5	0	2162
20000	8.6	0	2039
20000	8.7	0	1953
20000	8.8	0	1909
20000	8.9	0	1794
20000	9	0	1737
20000	9.1	0	1673
20000	9.2	0	1739
20000	9.3	0	1644
20000	9.4	0	1595
20000	9.5	0	1562
20000	9.6	0	1556
20000	9.7	0	1507
20000	9.8	0	1431
20000	9.9	0	1413
20000	10	0	1372
20000	10.1	0	1352
20000	10.2	0	1267
20000	10.3	0	1296
20000	10.4	0	1325
20000	10.5	0	1261
20000	10.6	0	1253
20000	10.7	0	1288
20000	10.8	0	1175
20000	10.9	0	1193
20000	11	0	1228
20000	11.1	0	1225
20000	11.2	0	1233
20000	11.3	0	1168
20000	11.4	0	1190
20000	11.5	0	1097
20000	11.6	0	1120
20000	11.7	0	1125
20000	11.8	0	1123
20000	11.9	0	1173
20000	12	0	1116
20000	12.1	0	1102
20000	12.2	0	1131
20000	12.3	0	1138
20000	12.4	0	1160
20000	12.5	0	1114
20000	12.6	0	1187
20000	12.7	0	1110
20000	12.8	0	1080
20000	12.9	0	1158
20000	13	0	1074
20000	13.1	0	1144
20000	13.2	0	1113
20000	13.3	0	1151
20000	13.4	0	1135
20000	13.5	0	1164
20000	13.6	0	1142
20000	13.7	0	1192
20000	13.8	0	1135
20000	13.9	0	1169
20000	14	0	1110
20000	14.1	0	1190
20000	14.2	0	1061
20000	14.3	0	1112
20000	14.4	0	1167
20000	14.5	0	1140
20000	14.6	0	1058
20000	14.7	0	1168
20000	14.8	0	1113
20000	14.9	0	1124
20000	15	0	1141
20000	15.1	0	1190
20000	15.2	0	1146
20000	15.3	0	1110
20000	15.4	0	1141
20000	15.5	0	1154
20000	15.6	0	1099
20000	15.7	0	1194
20000	15.8	0	1143
20000	15.9	0	1154
20000	16	0	1137
20000	16.1	0	1142
20000	16.2	0	1161
20000	16.3	0	1184
20000	16.4	0	1135
20000	16.5	0	1115
20000	16.6	0	1101
20000	16.7	0	1138
20000	16.8	0	1159
20000	16.9	0	1120
20000	17	0	1184
20000	17.1	0	1094
20000	17.2	0	1117
20000	17.3	0	1127
20000	17.4	0	1192
20000	17.5	0	1147
20000	17.6	0	1134
20000	17.7	0	1206
20000	17.8	0	1132
20000	17.9	0	1200
20000	18	0	1127
20000	18.1	0	1132
20000	18.2	0	1155
20000	18.3	0	1120
20000	18.4	0	1111
20000	18.5	0	1131
20000	18.6	0	1156
20000	18.7	0	1161
20000	18.8	0	1233
20000	18.9	0	1154
20000	19	0	1140
20000	19.1	0	1142
20000	19.2	0	1176
20000	19.3	0	1181
20000	19.4	0	1220
20000	19.5	0	1166
20000	19.6	0	1114
20000	19.7	0	1149
20000	19.8	0	1190
20000	19.9	0	1179
