	84212.1
	85083.3
	84130.3
	89651.7
	84463.9
	84946.7
	85953.5
	87877.3
	84603.4
	87692.3
	88007.4
	87547.4
	86936.1
	87993.9
	87153.3
	86836.8
	87243.7
	87562
	85965.5
	87431.5
	87233
	87188.8
	86157
	86134.4
	85570.9
	87846.7
	88362.4
	87457.1
	85452.7
	85537.1
	86280.5
	85304.6
	87321.3
	85069.2
	85565.5
	85142.4
	87836.2
	84571.6
	85719.4
	84834
	84963.9
	84753.9
	84354.2
	83441.1
	84067.4
	83944.9
	83872
	83488.9
	82871.2
	84974.6
	83098.9
	82600.7
	81114.1
	81287.4
	80786.5
	82181.5
	81384.1
	80911.7
	81712.9
	80345.6
	79369.1
	80623.5
	80919.4
	76591.9
	79545.7
	78385.1
	76854.4
	77767.3
	77231.2
	75917.4
	76374.6
	74817.2
	74209.8
	74171.1
	73197.8
	73741.8
	72949.6
	71655.6
	70818.2
	71144.8
	69295.1
	68822.7
	68399.8
	67406.6
	66156
	65213.3
	64426.8
	63235.8
	62147.9
	61583.4
	59758.7
	58919.1
	58113.1
	57193.1
	56443.7
	56143
	55053.1
	55441
	55716.6
	56636.4
	57300
	58509
	59434
	60190
	61182
	61842
	62373
	63366
	64338
	64430
	65198
	65606
	66305
	67336
	67417
	67644
	68117
	68477
	69091
	68923
	69632
	70262
	70311
	70960
	70560
	70588
	71232
	71362
	71330
	72111
	72241
	72635
	72306
	72928
	73164
	73124
	73061
	73483
	73324
	73542
	73933
	73873
	73696
	74218
	73967
	74371
	75074
	74563
	75248
	74781
	75419
	75256
	75262
	75723
	75578
	74951
	75852
	76269
	75085
	75505
	75569
	76216
	75808
	75532
	75797
	76200
	76229
	75786
	76211
	76328
	75782
	76253
	76073
	76097
	76106
	76466
	76140
	76129
	76038
	75955
	76105
	75871
	76088
	75952
	75501
	76662
	76178
	75619
	75680
	74966
	75232
	74989
	75360
	74819
	74703
	74499
	74972
	74794
	74404
	73713
	73594.5
	73268.9
	72940.9
	72527.2
	72798.7
	72746.3
	72539.3
	72686.4
	72251.5
	72498.5
	72121.2
	72259.9
	72634.8
	72112.2
	72533.9
	72361.5
	72336.2
	71929.9
	72524.7
	72181.9
	72688.4
	72551.6
	72329.5
	72437.9
	72724.1
	72333.3
	72673.7
	72700.8
	72931.4
	72924
	73477.4
	73196.8
	73596.2
	73217.6
	74066.3
	73629.4
	73581.4
	73654.7
	73771.5
	74090.1
	73655.5
	74509
	73537.7
	73894.5
	74285.2
	74836.2
	74690.6
	74113.8
	74188.9
	74081.5
	74487.6
	74370.2
	75121.9
	75489.5
	75007.8
	73652.4
	75934
	74858.4
	75059
	75116.1
	74368.1
	74812.8
	75104.9
	74990.7
	75520.7
	75489.2
	74601.9
	75791.8
	76012.1
	75329.3
	75785.6
	75878
	75085.2
	75974.9
	76132.8
	75671.8
	75671.8
	75280.4
	75559.5
	75508.4
	75702
	76497.8
	75173.2
	76015.8
	75769
	76565.6
	75321.5
	75639.4
	75823.4
	76362.3
	76064.6
	75251.4
	75507.4
	75459.9
	75233.5
	74240.1
	77012.1
	76875
	74873.7
	76786.8
	75397.4
	76272.5
	75914.6
	76655.4
	76416.8
	75549.4
	76710.6
	77037
	75607.3
	76505.2
	77284.7
	74599.6
	75951.5
	75211
	76505.1
	76929.7
	75698.3
	76907.9
	76588.7
	76159
	75626.5
	76526.6
	76574.2
	76202.8
	77213.5
	76793.9
	75927
	75716.6
	76289.3
	76483.8
	76423.1
	75631
	77237.3
	77730.8
	76680.2
	75480.3
	77331.9
	76879.7
	78171.5
	75460.7
	76663.2
	77310.5
	76671.1
	76659.8
	77906.1
	76784
	77022.5
	78454.1
	77672.9
	77979.1
	77135.5
	77648.4
	78841
	78686.5
	77605.5
	77948.2
	77588.8
	76834.2
	78442.9
	78909.6
	78375.8
	78303.7
	78055.6
	79436.9
	77854
	78228.9
	76409.3
	76479.7
	77673.6
	77802
	77572.6
	78240.5
	79211.1
	75445.5
	78085.2
	78236.1
	79297.8
	78720.7
	75902.6
	77341.2
	78409.4
	76454.2
	79071.4
	77603.4
	78460.8
	78412.9
	78679.9
	79706
	76440.6
	80188.6
	76417.9
	79842
	79835.8
	78753.2
	78346.5
	79441.5
	77753.9
	79687
	79083.6
	80027.9
	80765.2
	76730.6
	79079.5
	80492
	77478.8
	79587.9
	78411
	78645.9
	77600.1
	80077.3
	78178.7
	79162.2
	80208.7
	79907.3
	78699.3
	82662.1
	77851.9
	80996.9
	79743.3
	79774.5
	79114.4
	77985.7
	78677.7
	79860.3
	79842.4
	79121.7
	80355.3
	77792.9
	78728.3
	78780.8
	76584.5
	81878.8
	80717.2
	79293.7
	78616
	78829.6
	80663.9
	80181.2
	79421.8
	79532.4
	79439.4
	78090.9
	78671.4
	80640.8
	79286.1
	82081.3
	80125.2
	79628.5
	80844.7
	79669.1
	80506.8
	80190.3
	78613
	79537
	79124.3
	81215.2
	77409.1
	79459.7
	81172.4
	78525.4
	80291.5
	78845.2
	80302.5
	78667
	82453.1
	80459
	80326.1
	78525
	79894.8
	78775.2
	77667.2
	79673.6
	78123.9
	79617.5
	83093
	80938.1
	79520.1
	80180
	79930.4
	80741.3
	78466
	79069.5
	77589.1
	80148.6
	78458.8
	79623.9
	79949.9
	78002.6
	77601.9
	78152.5
	77980.9
	77644.9
	79620.1
	79974.3
	79324.7
	80668.5
	82028.3
	78284.4
	79154.2
	77899.2
	79920
	81780
	77980
	78460
	78620
	78960
	79360
	79760
	80020
	81540
	80100
	78520
	76780
	78240
	78920
	76520
	80060
	79180
	80120
	78860
	79260
	79360
	78580
	77200
	78700
	79760
	79820
	79240
	78800
	79740
	78540
	80240
	79220
	78180
	77000
	79200
	79760
	78700
	78660
	81140
	78080
	78980
	79280
	79000
	77520
	77680
	78900
	80780
	79880
	78500
	77580
	80900
	80060
	79880
	80500
	78580
	79720
	79060
	79380
	78360
	81740
	77820
	80300
	79240
	80060
	78180
	80980
	81940
	80840
	79440
	80360
	81060
	80840
	80440
	80260
	80120
	79740
	80480
	81260
	79400
	80680
	82700
	82980
	79640
	79500
	83700
	82120
	82140
	83440
	83160
	83480
	83720
	82480
	82720
	83040
	84560
	85080
	81660
	81860
	83880
	77730.2
	78419.4
	77908.5
	80190.3
	75611.6
	77498.4
	75158.2
	77886.6
	75405.5
	77598.9
	79671
	79582.4
	77582.4
	81080.2
	75830.9
	74203.5
	82186.3
	75692.6
	73364.3
	79145.1
	76201.3
	77678.3
	76216.8
	74942.4
	76144.3
	75707.4
	78560.3
	77682
	75890.7
	72966.8
	78386.4
	77273.2
	77795.1
	78135.4
	78838
	78001
	77526
	76494.1
	75151.3
	78011.9
	79344.4
	75570.9
	77816.9
	76586
	75232.6
	77638.5
	77997.6
	76102.9
	76570.9
	79564
	75887.3
	77002.5
	75097.1
	75051.6
	76783.9
	77572.7
	76001.8
	75319.7
	78436.4
	77002.7
	75913.7
	79670.6
	78704.9
	74064.4
	77953.1
	77854.5
	76367.3
	78192.8
	78495
	79725.6
	76112.6
	76918.9
	74962.7
	77776.1
	75028.3
	77926
	77226.7
	76810.4
	78218.4
	76186.8
	77170.9
	79168.4
	75929.7
	77576.4
	77600
	76894.3
	76249.6
	76288.7
	77126.3
	77530.8
	76795.8
	77048.8
	74828.1
	78404.4
	76454.5
	77141.3
	76630.2
	74564.4
	76097.4
	77256.8
	76524.4
	77495.4
	77809.7
	77023.6
	77028.8
	76681.9
	76166.2
	77417.6
	76995.4
	76220.4
	76235.2
	77238.6
	77283.9
	76785.1
	77718.4
	76458.9
	77162.6
	76859.4
	76796.9
	76961.7
	76994.3
	76777.2
	76072.5
	77558.5
	76195.3
	75501.4
	76374.6
	76442
	75847.9
	76676
	76802
	76548.8
	76297.1
	77636.9
	77505.6
	76616.5
	76465.4
	76633.5
	76569
	75634.3
	76606.3
	76480.1
	76381.2
	77495.5
	75957.6
	76252.9
	76597.3
	76124.8
	77261.7
	76317.2
	77355.6
	76741.1
	77178.9
	77510.4
	76741.7
	75753.1
	76887.7
	77103.3
	75642
	76677
	76487.7
	77070.3
	77138.7
	77045.7
	77380.7
	77314.6
	77274.7
	76515.8
	77369.3
	77455
	76300
	76399.7
	77081.1
	77090.4
	77149.9
	77274.6
	77023.1
	76804.5
	76945
	77164.4
	76686.3
	77334.2
	77858.4
	76534.4
	76584.3
	78052.6
	76895.5
	75928.2
	77006.7
	76583.4
	77105.2
	76149.4
	77785.2
	77156
	76857
	76233.4
	76984.4
	77763
	77279.6
	76965.4
	76796.7
	77276
	76259.7
	76390.6
	77022.1
	76954.1
	77305.2
	78131.2
	77066.3
	77765.3
	77359.6
	76689.2
	77541.6
	77377
	76911.1
	77246.4
	76228.9
	76891.4
	77879.9
	76908.6
	77479.5
	77253.1
	76600.4
	77249.4
	77561.7
	76509.7
	75701.2
	77607.2
	77246.5
	76645.7
	78445.4
	76704.2
	76856.5
	77812.6
	78412.7
	78088.9
	76183.3
	76355.8
	77185.8
	77293.7
	77034.5
	78638
	77570.6
	76994.4
	77525.9
	79095.9
	77728.9
	77954.6
	77015.4
	75970.4
	76742.1
	77782.1
	77649.2
	78628.5
	78828.9
	76052.5
	77429.2
	76017.1
	76680.2
	78510.5
	76261.5
	77838.9
	78073.9
	77535.7
	77052.8
	78270.2
	77061
	77934.3
	77865.5
	77355.9
	77095.3
	77751.6
	77408.5
	76855.6
	76779.3
	78045.3
	76277
	80042.1
	77369.3
	77008.7
	75973.4
	76280
	77910.8
	78059.4
	77299.5
	77823.4
	74787.2
	76904.5
	76383.8
	76175.5
	77987.2
	74449.5
	76735.3
	76270
	77543.4
	77261.3
	77218.8
	78621.5
	77066
	77214.3
	75277.4
	76294.3
	75730.3
	77245.4
	78231.5
	77860.8
	77708
	77980.1
	76975.6
	77248.7
	77840.3
	75532.6
	77508.4
	74823.9
	79356.4
	76567.7
	75559.9
	78801.2
	77909.3
	76114
	74922
	75776.5
	78134.2
	75047.5
	75613.6
	74246.5
	77204.9
	76391.2
	78592.1
	76861.7
	77583.9
	74927.8
	77484.9
	77995.7
	77179.1
	73306.7
	76475.1
	76843.3
	77425.7
	77728.8
	76830.3
	74305.9
	76580.8
	75252.9
	79518.7
	75407.1
	78792
	80167.4
	77596.4
	75161
	76687.2
	79051.5
	79398.6
	79563.7
	75800.6
	76379.2
	76163.4
	75582.1
	80577.8
	78774
	79310.7
	79923.9
	77326.9
	79156.3
	76077.2
	78843.9
	75553.8
	74957.7
	79786
	77945.4
	76443.1
	78305.7
	77683.2
	73767.6
	77756.7
	75728.5
	76033.1
	76181
	73585.6
	74204.8
	77497.8
	73991.5
	78336.6
	76930.9
	76670
	74087
	76100.9
	77707.4
	74891.9
	78360.8
	74472.3
	77285.3
	81918.8
	77891.7
	74834.4
	79659
	77949.5
	75491
	77039.9
	76743
	77545
	73618.8
	76164.2
	79180.3
	77824.6
	77729.4
	74869.1
	78750.6
	75641.5
	77800.8
	76878.6
	77338.7
	77142.4
	77968.1
	78473.1
	80138.2
	77203.8
	78937.6
	73497.9
	74515.4
	77850.4
	74362.3
	80394.8
	75768.8
	75454
	77417.8
	77438.6
	76251.3
	78199.4
	76746.1
	72730.4
	79144.2
	78112.4
	79667.3
	75635.9
	79284.1
	75626.1
	78740.7
	78837.9
	77608.5
	74856.7
	76252.4
	77538.1
	78874.1
	77372
	81498.6
	79527.5
	74374.6
	80682.9
	76535.2
	80314.7
	76640.4
	75380.6
	75265.7
	78881.2
	78687
	74629
	76269.8
	78036.6
	77303.1
	79361.9
	75193.9
	78743.3
	77904.1
	82001
	77672.7
	79526.8
	77192.6
	76765.6
	74317.7
	73300.7
	75744.2
	79173.9
	77297.4
	85418.8
	77509.4
	79695.9
	79183.8
	77225
	76522.5
	74876
	77968
	71438.4
	79128.1
	72370.9
	77767.8
	76211.3
	74555.4
	75221.5
	74427.5
	74579
	76300.9
	76670.2
	78122.9
	80675
	79663.9
	81498.8
	76148.7
	77013
	74700.9
	79646
	79001.4
	77077.5
	77726.5
	77297.2
	77692.1
	77914.7
	77964.4
	79138.4
	81026.7
	78228.4
	75101.2
	74164.7
	75750.4
	77873
	74994.9
	79334.8
	77475.8
	78127.7
	76897.9
	79236.2
	77027.4
	77887.9
	75113.1
	75725.5
	79897.1
	75340.3
	76529.8
	75870.7
	77383.8
	80847.5
	78125.6
	76496.4
	76552
	74223.5
	76510
	78138.3
	76485.1
	76146.2
	79622.7
	77260.2
	76469.4
	76096.4
	76208.8
	76044.8
	77036.4
	78892.5
	79155.8
	76648.2
	73692
	73737.3
	80745.1
	76922.9
	76527.1
	76167.7
	74652.5
	76238
	77520.1
	76930.2
	74485.2
	79392.5
	79247.7
	76924.5
	78284
	78082.4
	76306.5
	77388.4
	79180.5
	76465.3
	75594
	76790.9
	76274.2
	77137.5
	78805.9
	77563.9
	78016
	77588.8
	80158.6
	76743.3
	75776.4
	79905.3
	80025.8
	80438.9
	73531.7
	73873.9
	78905.8
	79180.9
	78711
	78960.1
	77260.1
	79126.2
	78452.8
	73206.9
	74989.4
	76710
	77571.1
	77043.1
	75655.5
	74982.4
	77044.5
	-453.48
	1173.13
	-280.491
	798.691
	1663.13
	-1258.32
	-1804.2
	-744.814
	771.766
	-788.621
	-626.796
	-1359.42
	-1008.66
	199.523
	-1534.56
	97.0357
	-759.492
	832.584
	-1202.75
	-390.182
	2266.14
	99.4128
	1501.76
	-611.304
	660.476
	1801.1
	-2108.44
	1338.54
	918.695
	767.32
	-1290.98
	-728.017
	-529.624
	185.85
	-300
	-1659.44
	-568.69
	-1067.04
	-245.304
	-322.403
	-485.021
	-186.745
	404.98
	603.06
	-587.596
	-694.069
	15.05
	-216.984
	-541.983
	618.813
	592.218
	-118.347
	445.265
	1980.01
	517.561
	-1115.93
	64.508
	992.012
	1056.06
	-1239.76
	509.352
	-544.185
	640.188
	-1332.03
	-1242.95
	798.161
	231.016
	776.794
	262.494
	-649.905
	1052.66
	308.278
	1257.53
	-311.968
	-850.22
	510.324
	-85.2541
	959.525
	1.64065
	315.45
	317.643
	-199.023
	853.863
	595.193
	909.668
	338.9
	-464.589
	-414.047
	353.387
	-792.32
	-141.86
	-327.355
	-52.9378
	-320.41
	-338.663
	511.092
	-427.809
	30.195
	333.414
	359.547
	395.333
	104.941
	-329.376
	-457.548
	193.814
	-377.466
	496.59
	192.832
	-386.126
	-76.1502
	9.1955
	-420.112
	-169.992
	490.028
	130.843
	-326.764
	196.213
	484.909
	367.029
	-132.278
	-34.2666
	-210.386
	65.0965
	-31.3488
	205.123
	105.59
	314.437
	374.184
	-532.975
	117.104
	388.396
	-204.14
	221.001
	55.162
	213.035
	-45.412
	260.178
	-182.829
	-340.759
	93.6375
	699.019
	180.535
	-100.478
	-11.9258
	-233.566
	-115.809
	242.153
	305.202
	-23.6597
	-414.029
	-195.16
	28.981
	-433.715
	-173.699
	-163.254
	13.2264
	-122.239
	231.844
	55.9451
	285.484
	127.11
	-198.155
	105.092
	-125.964
	-45.7567
	78.8814
	-14.9675
	-329.561
	-371.861
	-770.63
	120.184
	285.932
	-198.879
	235.583
	-445.296
	-25.3566
	-162.735
	144.669
	364.412
	266.542
	-90.1872
	-427.968
	-311.023
	235.987
	38.6103
	118.964
	114.26
	71.5916
	-276.61
	-6.25011
	-267.504
	356.219
	-366.302
	29.7072
	-58.3427
	-336.749
	168.504
	180.621
	-260.675
	572.522
	308.663
	222.607
	-240.455
	-38.4713
	206.257
	417.628
	422.499
	332.719
	412.459
	-727.042
	-372.039
	-48.9534
	177.597
	-663.666
	188.288
	49.6104
	-103.613
	-37.8858
	117.636
	-268.145
	-170.001
	-141.929
	-111.059
	404.1
	-269.637
	-27.998
	73.1089
	-490.705
	54.3592
	-332.66
	-178.094
	377.703
	-15.1478
	533.336
	-117.785
	-790.159
	-648.965
	77.5289
	-313.195
	-411.126
	442.154
	731.524
	975.715
	464.824
	139.941
	666.51
	-351.357
	-666.922
	287.162
	-64.8304
	-158.589
	-960.541
	858.042
	862.515
	-315.662
	634.345
	-356.16
	-282.786
	229.396
	-783.811
	-1064.29
	-227.053
	-108.78
	485.282
	-319.198
	529.403
	-433.241
	-14.8069
	-124.665
	33.842
	133.212
	89.2969
	545.195
	384.032
	0.962844
	-169.326
	459.528
	151.076
	931.489
	-4.10418
	3.76366
	-973.358
	-349.774
	952.336
	-971.09
	-134.811
	1065.58
	-282.708
	-163.388
	-253.2
	12.6873
	-1353.2
	-427.008
	130.911
	299.983
	659.869
	873.574
	-91.5799
	-1073.41
	1078.78
	259.67
	276.211
	-174.361
	660.414
	-636.12
	-1020.08
	567.134
	476.598
	-822.62
	-210.633
	-550.579
	186.626
	-94.8581
	-45.8615
	78.6026
	223.74
	492.139
	1514
	1079.84
	612.279
	-324.49
	-654.752
	412.836
	-1332.18
	-1993.85
	1117.08
	-496.21
	643.679
	399.815
	-627.956
	-602.022
	-819.968
	1232.72
	-1304.92
	103.4
	1756.76
	592.925
	207.175
	-107.025
	-441.444
	697.473
	407.992
	634.684
	329.88
	-1905.15
	-35.6876
	73.8576
	-163.557
	-154.026
	-327.819
	-479.717
	-647.567
	-934.615
	-646.485
	684.568
	187.426
	-567.389
	-214.949
	-375.526
	-1124.81
	779.48
	-2084.03
	783.281
	192.739
	935.894
	-757.056
	1985.6
	-1561.72
	-954.3
	290.341
	75.4227
	826.994
	438.151
	-117.868
	86.2868
	-396.504
	158.599
	34.6329
	-728.18
	-763.862
	1681.15
	735.555
	-999.9
	392.409
	383.074
	993.45
	510.092
	384.309
	-793.457
	-431.541
	163.996
	915.134
	-169.418
	406.541
	1423.04
	603.286
	-913.997
	-836.607
	271.465
	-303.302
	43.2787
	652.028
	1287.85
	543.141
	15.2586
	-717.807
	-266.757
	-19.1995
	-1103.7
	-212.479
	-719.207
	1989.1
	-1106.7
	-2077.6
	707.926
	505.345
	-217.279
	-897.842
	-1474.07
	-997.224
	-610.096
	-915.81
	-450.482
	-539.109
	644.056
	19.1508
	1524.04
	442.768
	-330.042
	-449.046
	1165.45
	244.629
	-174.74
	-422.156
	2617.28
	43.5071
	1053.76
	-1618.11
	1367.88
	1041.68
	1239.25
	-2147.57
	1734.6
	914.434
	1243.01
	73.8987
	480.568
	477.119
	-763.019
	878.549
	-976.899
	17.2017
	903.714
	-1031.83
	-425.092
	63.5806
	993.464
	1109.39
	-1297.17
	2365.56
	87.6844
	1092.76
	534.562
	1124.49
	1467.73
	2202.95
	1045.33
	-1167.39
	-336.841
	1396.18
	-650.725
	527.923
	284.263
	97.6807
	490.622
	3010.63
	655.68
	41.9631
	186.691
	-905.76
	-480.664
	490.267
	-221.116
	-624.431
	-910.787
	625.268
	-1049.73
	1051.33
	-1731.75
	1273.96
	-297.775
	628.353
	868.164
	671.035
	-470.372
	969.634
	-200.409
	1101.04
	308.452
	-495.194
	497.339
	-1473.85
	-1094.26
	-266.444
	46.8019
	3378.25
	-1869.39
	916.306
	185.351
	785.011
	-972.365
	-659.299
	-1385.91
	-173.555
	807.955
	-1157.42
	141.502
	1176.64
	85.2323
	143.993
	1036.01
	-2577.5
	355.733
	-754.274
	103.659
	-129.441
	-3.01499
	1193.67
	-550.122
	924.577
	684.287
	-1747.41
	374.189
	-137.81
	-237.406
	-1076
	-2237.67
	169.517
	-83.0402
	1966.1
	689.617
	-1796.96
	1239.96
	-626.989
	1568.07
	800.785
	924.723
	785.864
	-394.964
	-2560.18
	605.356
	-358.386
	1055.61
	-1851.82
	-437.576
	257.791
	1257.46
	949.067
	1365.9
	717.156
	-2268.25
	1260.51
	-1730.42
	-1402.07
	716.447
	-375.391
	2033.39
	-559.86
	-740.535
	-1722.97
	-511.831
	-799.993
	-398.827
	-1057.55
	-1566.3
	-790.405
	922.162
	-832.294
	1695.17
	770.147
	-2150.17
	-565.61
	-505.485
	430.987
	-1191.13
	38.8801
	-898.678
	-300.799
	458.434
	-440.282
	1369.83
	816.869
	-1010.45
	-51.7107
	-347.581
	-815.178
	-609.298
	-1008.75
	979.667
	-904.368
	80067.4
	79986.1
	77668.4
	84223.9
	81153.4
	80537.6
	81898.1
	84809.5
	80203.8
	80931
	82889.6
	84291.3
	79772.8
	85534.1
	83778.3
	83473.4
	80658.7
	80026.3
	81289.3
	82678.5
	84853.4
	84500.7
	80994.9
	81870
	81800.2
	84143.7
	82725.6
	80351.3
	79455.5
	81186.5
	79668.6
	81276.8
	86383.3
	80144.2
	82196.9
	81246.5
	79017
	80624.2
	82955.7
	82143.5
	83294.9
	80789.4
	82783.9
	80088.1
	82111.6
	80234.6
	80580.5
	80106.7
	80375.9
	80977.5
	82328.8
	82529.5
	80598.5
	79548.8
	78991
	81468.4
	79534
	79025
	81352
	78809.4
	78299.7
	79981.4
	80004.2
	76275.1
	78531.8
	78796.6
	78377
	78942.7
	78161.8
	79441.2
	78620.9
	77423.7
	75960.5
	75843.5
	75935.4
	78704.2
	74857.8
	74424.2
	75672.5
	74336.5
	74295.1
	75240.3
	73595.4
	74148.5
	70579.1
	70917.9
	70339.2
	70317.9
	70123.6
	70871.6
	69243.7
	67561.7
	67766.3
	66676
	66709.7
	66014.3
	65636.1
	65304.9
	65123.6
	66574.1
	65629.2
	66197.6
	65916.9
	66210
	66835.7
	66882.4
	66884.1
	67832.9
	67846
	67625.4
	68398.8
	68765
	69249
	69796
	69728.8
	70493.1
	70334.9
	70029.5
	70911.3
	71412.6
	71553.5
	72343.7
	70780.6
	72231.8
	71013.7
	72003
	72937.5
	71899.8
	72213.6
	72548.8
	73411.9
	73012.1
	73022.8
	73707.6
	73655.1
	73017.1
	73956.2
	73905
	73317.1
	74083.7
	74273.6
	74011.6
	74285.3
	74431.8
	74572.4
	74568.7
	75448.5
	74919.5
	75365.4
	75125.2
	75848.3
	74665.6
	75358.2
	75525.8
	75591
	75376.3
	76050.7
	76220.7
	75344.1
	75966.7
	76126.2
	76567
	76061.9
	76294.8
	75378.6
	76318.2
	76963.8
	76029.6
	76079
	76876.5
	76068.7
	77054.5
	75895.2
	76576.3
	76147.2
	76848.5
	76757.2
	76234.7
	76530.3
	75598.9
	76755.8
	76819.2
	75770.6
	76252.7
	75618.7
	76319
	76163.4
	75672.3
	76102.9
	75359.8
	75211.4
	75879.3
	75791.8
	74847.4
	74604.1
	75341.5
	75275.2
	76083.8
	75497.3
	74541.9
	74126.1
	73952.2
	74333.2
	73663.3
	75012.9
	74397.4
	74016.3
	74585.9
	73960.1
	74106.6
	74062.3
	73454.4
	74420.3
	73783.4
	74358.6
	73935.3
	73794.5
	72765.6
	74134.3
	74064.1
	74188.4
	74217.1
	74547
	74612.1
	74301.9
	73597.2
	74361
	74808.7
	74608.7
	74183.3
	75502.6
	74600.2
	75227.4
	74778.7
	76048.6
	75058.7
	75432.3
	75001.4
	76103.2
	74504.8
	74588.9
	76312.6
	74629.3
	74873.7
	76281.6
	75999.8
	75606.3
	75068
	74474
	75373.9
	75286.1
	75202.9
	76286.3
	75569.3
	76055.5
	74833.8
	76249.9
	74657.3
	76369
	76433.3
	74841
	75797.7
	76069.2
	74313.2
	77967.2
	76424.1
	75166.6
	78042.5
	78277.3
	76692.8
	76848.1
	76827.5
	73861.2
	76424.8
	77188.6
	76211.6
	76014.9
	74919.3
	75250.9
	74877.1
	74633.2
	75924
	74041.3
	76172.4
	73172
	78732
	77131.9
	76277.7
	76287.4
	76948.2
	77105
	78254
	77486.4
	73361.1
	75986.9
	75203.6
	77498.4
	76919.6
	74607
	75960.7
	74638.7
	74680.7
	75274.9
	76258
	76009.5
	75964.3
	76238.2
	77570.3
	75622.8
	75968.2
	78411
	76322.5
	75032.8
	74534.3
	75673.2
	75532.6
	75467.4
	75577.4
	77528.7
	77675.3
	77323.4
	76570.5
	74455.9
	76731.5
	77311.7
	77270.5
	77728
	77135.8
	78993.1
	76684.3
	75999.2
	75289
	77531.9
	78942.5
	75569.7
	78562.7
	76414.8
	75458.7
	77900
	75118.9
	76301.2
	75753.8
	76214.8
	77686.4
	79372.3
	78720.9
	76015.3
	77590.8
	79345.6
	77089.2
	77555.6
	77638.8
	77867.6
	76720.9
	79302.8
	77777.6
	77191.4
	73788.3
	77670.9
	77798.7
	76468.4
	76478.6
	75224.9
	78812.5
	79001.4
	79185.2
	75634.9
	75713.3
	76624.1
	78612.7
	77059.4
	79417.4
	76797.9
	72807.2
	78067.6
	79359.2
	79541.6
	79644.3
	74042.9
	78640
	76534.6
	75577.4
	78107.6
	74984.2
	79307.9
	73206.4
	76412.4
	80546.1
	75232.5
	78584.9
	74820.9
	81659.8
	79985.1
	75979.5
	77592.2
	79013.1
	76109.9
	76982.2
	80018.5
	76938.3
	81293.1
	74236.9
	76627.9
	79064.7
	75346.1
	77002.8
	78183.8
	78450.3
	70625.5
	79276.8
	81485.2
	78873.6
	77652.3
	77347.4
	76504.4
	79783
	73821.3
	79489.5
	78714.8
	78721.3
	78767.5
	79332.6
	75626.8
	77896
	78426.2
	79143.3
	80423.7
	76857.3
	79945.5
	76364
	77116.4
	78805
	80474.4
	78414.9
	78636.3
	77799.3
	77746.4
	79503.8
	78275.3
	79590.9
	78553.3
	77167.3
	77710.2
	81569.4
	79618.3
	83138.5
	77658.4
	77061
	79755.1
	78314.5
	79440.3
	77113.2
	78147.8
	76822.2
	78634.1
	79163.4
	77493.3
	79220.5
	77038
	79386.8
	78240.9
	81572.1
	76734.6
	77768.9
	79173.9
	80160.9
	81631.8
	75238.3
	78753
	82430.3
	78444.2
	79950.7
	74443
	76675.5
	79621.4
	78841.1
	78925.2
	79346
	76697.1
	80795.2
	72697.5
	78321.3
	77765.6
	80927.4
	78372.8
	75354.2
	80704.4
	78211.4
	75858.3
	78662.7
	76323
	77204.1
	80045
	81851.5
	81022.9
	82553.4
	82279.9
	79580.8
	77668.8
	73850.6
	76812.9
	78899.4
	77595.8
	76589.4
	75876.6
	78320.8
	79746.3
	82134.3
	77569.7
	82128.3
	79088.6
	78523.2
	75136.5
	82611.5
	76978.8
	75779.8
	78479.4
	78088.7
	81629.9
	81979.8
	81321.5
	75749.6
	77561.6
	78108.5
	78000.6
	79611.3
	80402.4
	78979.5
	76353.6
	77636.3
	76449.1
	77904.8
	79373.6
	78236.8
	75327.6
	78232.5
	81281.8
	78675.4
	80294.9
	83184.7
	77753.7
	78846.4
	76214.3
	76505.2
	79154.7
	77926.2
	78655.7
	82060.5
	82694.9
	78545.6
	78172.9
	79317.4
	78113.8
	77649.9
	78486.3
	76478.1
	79856.4
	78866.2
	76504
	79439.8
	79641.4
	77717.3
	82404.5
	80168.6
	82239.2
	75023.6
	79864.7
	78589.7
	80881.4
	75670.8
	76885.8
	77155.7
	82205.3
	77754.4
	79466.6
	81626.6
	77312.9
	79917.1
	78658.3
	79991.5
	82104.8
	83879.9
	85504
	77488.8
	79504.3
	83545.9
	80286.6
	80306.4
	81745.3
	82149.5
	79827.6
	81828.3
	75888
	73705.6
	82465.3
	80002.2
	83760.3
	77402.5
	75872.7
	79427.6
	0
	0
	0
	0
	0
	0
	0
	0
	0
	0
	0
	0
	0
	0
	0
	0
	0
	0
	0
	0
	0
	0
	0
	0
	0
	0
	0
	0
	0
	0
	0
	0
	0
	0
	0
	0
	0
	0
	0
	0
	0
	0
	0
	0
	0
	0
	0
	0
	0
	0
	0
	0
	0
	0
	0
	0
	0
	0
	0
	0
	0
	0
	0
	0
	0
	0
	0
	0
	0
	0
	0
	0
	0
	0
	0
	0
	0
	0
	0
	0
	0
	0
	0
	0
	0
	0
	0
	0
	0
	0
	0
	0
	0
	0
	0
	0
	0
	0
	0
	0
	0
	0
	0
	0
	0
	0
	0
	0
	0
	0
	0
	0
	0
	0
	0
	0
	0
	0
	0
	0
	0
	0
	0
	0
	0
	0
	0
	0
	0
	0
	0
	0
	0
	0
	0
	0
	0
	0
	0
	0
	0
	0
	0
	0
	0
	0
	0
	0
	0
	0
	0
	0
	0
	0
	0
	0
	0
	0
	0
	0
	0
	0
	0
	0
	0
	0
	0
	0
	0
	0
	0
	0
	0
	0
	0
	0
	0
	0
	0
	0
	0
	0
	0
	0
	0
	0
	0
	0
	0
	0
	0
	0
	0
	0
	0
	0
	0
	0
	0
	0
	0
	0
	0
	0
	0
	0
	0
	0
	0
	0
	0
	0
	0
	0
	0
	0
	0
	0
	0
	0
	0
	0
	0
	0
	0
	0
	0
	0
	0
	0
	0
	0
	0
	0
	0
	0
	0
	0
	0
	0
	0
	0
	0
	0
	0
	0
	0
	0
	0
	0
	0
	0
	0
	0
	0
	0
	0
	0
	0
	0
	0
	0
	0
	0
	0
	0
	0
	0
	0
	0
	0
	0
	0
	0
	0
	0
	0
	0
	0
	0
	0
	0
	0
	0
	0
	0
	0
	0
	0
	0
	0
	0
	0
	0
	0
	0
	0
	0
	0
	0
	0
	0
	0
	0
	0
	0
	0
	0
	0
	0
	0
	0
	0
	0
	0
	0
	0
	0
	0
	0
	0
	0
	0
	0
	0
	0
	0
	0
	0
	0
	0
	0
	0
	0
	0
	0
	0
	0
	0
	0
	0
	0
	0
	0
	0
	0
	0
	0
	0
	0
	0
	0
	0
	0
	0
	0
	0
	0
	0
	0
	0
	0
	0
	0
	0
	0
	0
	0
	0
	0
	0
	0
	0
	0
	0
	0
	0
	0
	0
	0
	0
	0
	0
	0
	0
	0
	0
	0
	0
	0
	0
	0
	0
	0
	0
	0
	0
	0
	0
	0
	0
	0
	0
	0
	0
	0
	0
	0
	0
	0
	0
	0
	0
	0
	0
	0
	0
	0
	0
	0
	0
	0
	0
	0
	0
	0
	0
	0
	0
	0
	0
	0
	0
	0
	0
	0
	0
	0
	0
	0
	0
	0
	0
	0
	0
	0
	0
	0
	0
	0
	0
	0
	0
	0
	0
	0
	0
	0
	0
	0
	0
	0
	0
	0
	0
	0
	0
	0
	0
	0
	0
	0
	0
	0
	0
	0
	0
	0
	0
	0
	0
	0
	0
	0
	0
	0
	0
	0
	0
	0
	0
	0
	0
	0
	0
	0
	0
	0
	0
	0
	0
	0
	0
	0
	0
	0
	0
	0
	0
	0
	0
	0
	0
	0
	0
	0
	0
	0
	0
	0
	0
	0
	0
	0
	0
	0
	0
	0
	0
	0
	0
	0
	0
	0
	0
	0
	0
	0
	0
	0
	0
	0
	0
	0
	0
	0
	0
	0
	0
	0
	0
	0
	0
	0
	0
	0
	0
	0
	0
	0
	0
	0
	0
	0
	0
	0
	0
	0
	0
	0
	0
	0
	0
	0
	0
	0
	0
	0
	0
	0
	0
	0
	0
	0
	0
	0
	0
	0
	0
	0
	0
	0
	0
	0
	0
	0
	0
	0
	0
	0
	0
	0
	0
	0
	0
	0
	0
	0
	0
	0
	0
	0
	0
	0
	0
	0
	0
	0
	0
	0
	0
	0
	0
	0
	0
	0
	0
	0
	0
	0
	0
	0
	0
	0
	0
	0
	0
	0
	0
	0
	0
	0
	0
	0
	0
	0
	0
	0
	0
	0
	0
	0
	0
	0
	0
	0
	0
	0
	0
	0
	0
	0
	0
	0
	0
	0
	0
	0
	0
	0
	0
	0
	0
	0
	0
	0
	0
	0
	0
	0
	0
	0
	0
	0
	0
	0
	0
	0
	0
	0
	0
	0
	0
	0
	0
	0
	0
	0
	0
	0
	0
	0
	0
	0
	0
	0
	0
	0
	0
	0
	0
	0
	0
	0
	0
	0
	0
	0
	0
	0
	0
	0
	0
	0
	0
	0
	0
	0
	0
	0
	0
	0
	0
	0
	0
	0
	0
	0
	0
	0
	0
	0
	0
	0
	0
	0
	0
	0
	0
	0
	0
	0
	0
	0
	0
	0
	0
	0
	0
	0
	0
	0
	0
	0
	0
	0
	0
	0
	0
	0
	0
	0
	0
	0
	0
	0
	0
	0
	0
	0
	0
	0
	0
	0
	0
	0
	0
	0
	0
	0
	0
	0
	0
	0
	0
	0
	0
	0
	0
	0
	0
	0
	0
	0
	0
	0
	0
	0
	0
	0
	0
	0
	0
	0
	0
	0
	0
	0
	0
	0
	0
	0
	0
	0
	0
	0
	0
	0
	0
	0
	0
	0
	0
	0
	0
	0
	0
	0
	0
	0
	0
	0
	0
	0
	0
	0
	0
	0
	0
	0
	0
	0
	0
	0
	0
	0
	0
	0
	0
	0
	0
	0
	0
	0
	0
	0
	0
	0
	0
	0
	0
	0
	0
	0
	0
	0
	0
	0
	0
	0
	0
	0
	0
	0
	0
	0
	0
	0
	0
	0
	0
	0
	0
	0
	0
	0
	0
	0
	0
	0
	0
	0
	0
	0
	0
	0
	0
	0
	0
	0
	0
	0
	0
	0
	0
	0
	0
	0
	0
	0
	0
	0
	0
	0
	0
	0
	0
	0
	0
	0
	0
	0
	0
	0
	0
	0
	0
	0
	0
	0
	0
	0
	0
	0
	0
	0
	0
	0
	0
	0
	0
	0
	0
	0
	0
	0
	0
	0
	0
	0
	0
	0
	0
	0
	0
	0
	0
	0
	0
	0
	0
	0
	0
	0
	0
	0
	0
	0
	0
	0
	0
	0
	0
	0
	0
	0
	0
	0
	0
	0
	0
	0
	0
	0
	0
	0
	0
	0
	0
	0
	0
	0
	0
	0
	0
	0
	0
	0
	0
	0
	0
	0
	0
	0
	0
	0
	0
	0
	0
	0
	0
	0
	0
	0
	0
	0
	0
	0
	0
	0
	0
	0
	0
	0
	0
	0
	0
	0
	0
	0
	0
	0
	0
	0
	0
	0
	0
	0
	0
	0
	0
	0
	0
	0
	0
	0
	0
	0
	0
	0
	0
	0
	0
	0
	0
	0
	0
	0
	0
	0
	0
	0
	0
	0
	0
	0
	0
	0
	0
	0
	0
	0
	0
	0
	0
	0
	0
	0
	0
	0
	0
	0
	0
	0
	0
	0
	0
	0
	0
	0
	0
	0
	0
	0
	0
	0
	0
	0
	0
	0
	0
	0
	0
	0
	0
	0
	0
	0
	0
	0
	0
	0
	0
	0
	0
	0
	0
	0
	0
	0
	0
	0
	0
	0
	0
	0
	0
	0
	0
	0
	0
	0
	0
	0
	0
	0
	0
	0
	0
	0
	0
	0
	0
	0
	0
	0
	0
	0
	0
	0
	0
	0
	0
	0
	0
	0
	0
	0
	0
	0
	0
	0
	0
	0
	0
	0
	0
	0
	0
	0
	0
	0
	0
	0
	0
	0
	0
	0
	0
	0
	0
	0
	0
	0
	0
	0
	0
	0
	0
	0
	0
	0
	0
	0
	0
	0
	0
	0
	0
	0
	0
	0
	0
	0
	0
	0
	0
	0
	0
	0
	0
	0
	0
	0
	0
	0
	0
	0
	0
	0
	0
	0
	0
	0
	0
	0
	0
	0
	0
	0
	0
	0
	0
	0
	0
	0
	0
	0
	0
	0
	0
	0
	0
	0
	0
	0
	0
	0
	0
	0
	0
	0
	0
	0
	0
	0
	0
	0
	0
	0
	0
	0
	0
	0
	0
	0
	0
	0
	0
	0
	0
	0
	0
	0
	0
	0
	0
	0
	0
	0
	0
	0
	0
	0
	0
	0
	0
	0
	0
	0
	0
	0
	0
	0
	0
	0
	0
	0
	0
	0
	0
	0
	0
	0
	0
	0
	0
	0
	0
	0
	0
	0
	0
	0
	0
	0
	0
	0
	0
	0
	0
	0
	0
	0
	0
	0
	0
	0
	0
	0
	0
	0
	0
	0
	0
	0
	0
	0
	0
	0
	0
	0
	0
	0
	0
	0
	0
	0
	0
	0
	0
	0
	0
	0
	0
	0
	0
	0
	0
	0
	0
	0
	0
	0
	0
	0
	0
	0
	0
	0
	0
	0
	0
	0
	0
	0
	0
	0
	0
	0
	0
	0
	0
	0
	0
	0
	0
	0
	0
	0
	0
	0
	0
	0
	0
	0
	0
	0
	0
	0
	0
	0
	0
	0
	0
	0
	0
	0
	0
	0
	0
	0
	0
	0
	0
	0
	0
	0
	0
	0
	0
	0
	0
	0
	0
	0
	0
	0
	0
	0
	0
	0
	0
	0
	0
	0
	0
	0
	0
	0
	0
	0
	0
	0
	0
	0
	0
	0
	0
	0
	0
	0
	0
	0
	0
	0
	0
	0
	0
	0
	0
	0
	0
	0
	0
	0
	0
	0
	0
	0
	0
	0
	0
	0
	0
	0
	0
	0
	0
	0
	0
	0
	0
	0
	0
	0
	0
	0
	0
	0
	0
	0
	0
	0
	0
	0
	0
	0
	0
	0
	0
	0
	0
	0
	0
	0
	0
	0
	0
	0
	0
	0
	0
	0
	0
	0
	0
	0
	0
	0
	0
	0
	0
	0
	0
	0
	0
	0
	0
	0
	0
	0
	0
	0
	0
	0
	0
	0
	0
	0
	0
	0
	0
	0
	0
	0
	0
	0
	0
	0
	0
	0
	0
	0
	0
	0
	0
	0
	0
	0
	0
	0
	0
	0
	0
	0
	0
	0
	0
	0
	0
	0
	0
	0
	0
	0
	0
	0
	0
	0
	0
	0
	0
	0
	0
	0
	0
	0
	0
	0
	0
	0
	0
	0
	0
	0
	0
	0
	0
	0
	0
	0
	0
	0
	0
	0
	0
	0
	0
	0
	0
	0
	0
	0
	0
	0
	0
	0
	0
	0
	0
	0
	0
	0
	0
	0
	0
	0
	0
	0
	0
	0
	0
	0
	0
	0
	0
	0
	0
	0
	0
	0
	0
	0
	0
	0
	0
	0
	0
	0
	0
	0
	0
	0
	0
	0
	0
	0
	0
	0
	0
	0
	0
	0
	0
	0
	0
	0
	0
	0
	0
	0
	0
	0
	0
	0
	0
	0
	0
	0
	0
	0
	0
	0
	0
	0
	0
	0
	0
	0
	0
	0
	0
	0
	0
	0
	0
	0
	0
	0
	0
	0
	0
	0
	0
	0
	0
	0
	0
	0
	0
	0
	0
	0
	0
	0
	0
	0
	0
	0
	0
	0
	0
	0
	0
	0
	0
	0
	0
	0
	0
	0
	0
	0
	0
	0
	0
	0
	0
	0
	0
	0
	0
	0
	0
	0
	0
	0
	0
	0
	0
	0
	0
	0
	0
	0
	0
	0
	0
	0
	0
	0
	0
	0
	0
	0
	0
	0
	0
	0
	0
	0
	0
	0
	0
	0
	0
	0
	0
	0
	0
	0
	0
	0
	0
	0
	0
	0
	0
	0
	0
	0
	0
	0
	0
	0
	0
	0
	0
	0
	0
	0
	0
	0
	0
	0
	0
	0
	0
	0
	0
	0
	0
	0
	0
	0
	0
	0
	0
	0
	0
	0
	0
	0
	0
	0
	0
	0
	0
	0
	0
	0
	0
	0
	0
	0
	0
	0
	0
	0
	0
	0
	0
	0
	0
	0
	0
	0
	0
	0
	0
	0
	0
	0
	0
	0
	0
	0
	0
	0
	0
	0
	0
	0
	0
	0
	0
	0
	0
	0
	0
	0
	0
	0
	0
	0
	0
	0
	0
	0
	0
	0
	0
	0
	0
	0
	0
	0
	0
	0
	0
	0
	0
	0
	0
	0
	0
	0
	0
	0
	0
	0
	0
	0
	0
	0
	0
	0
	0
	0
	0
	0
	0
	0
	0
	0
	0
	0
	0
	0
	0
	0
	0
	0
	0
	0
	0
	0
	0
	0
	0
	0
	0
	0
	0
	0
	0
	0
	0
	0
	0
	0
	0
	0
	0
	0
	0
	0
	0
	0
	0
	0
	0
	0
	0
	0
	0
	0
	0
	0
	0
	0
	0
	0
	0
	0
	0
	0
	0
	0
	0
	0
	0
	0
	0
	0
	0
	0
	0
	0
	0
	0
	0
	0
	0
	0
	0
	0
	0
	0
	0
	0
	0
	0
	0
	0
	0
	0
	0
	0
	0
	0
	0
	0
	0
	0
	0
	0
	0
	0
	0
	0
	0
	0
	0
	0
	0
	0
	0
	0
	0
	0
	0
	0
	0
	0
	0
	0
	0
	0
	0
	0
	0
	0
	0
	0
	0
	0
	0
	0
	0
	0
	0
	0
	0
	0
	0
	0
	0
	0
	0
	0
	0
	0
	0
	0
	0
	0
	0
	0
	0
	0
	0
	0
	0
	0
	0
	0
	0
	0
	0
	0
	0
	0
	0
	0
	0
	0
	0
	0
	0
	0
	0
	0
	0
	0
	0
	0
	0
	0
	0
	0
	0
	0
	0
	0
	0
	0
	0
	0
	0
	0
	0
	0
	0
	0
	0
	0
	0
	0
	0
	0
	0
	0
	0
	0
	0
	0
	0
	0
	0
	0
	0
	0
	0
	0
	0
	0
	0
	0
	0
	0
	0
	0
	0
	0
	0
	0
	0
	0
	0
	0
	0
	0
	0
	0
	0
	0
	0
	0
	0
	0
	0
	0
	0
	0
	0
	0
	0
	0
	0
	0
	0
	0
	0
	0
	0
	0
	0
	0
	0
	0
	0
	0
	0
	0
	0
	0
	0
	0
	0
	0
	0
	0
	0
	0
	0
	0
	0
	0
	0
	0
	0
	0
	0
	0
	0
	0
	0
	0
	0
	0
	0
	0
	0
	0
	0
	0
	0
	0
	0
	0
	0
	0
	0
	0
	0
	0
	0
	0
	0
	0
	0
	0
	0
	0
	0
	0
	0
	0
	0
	0
	0
	0
	0
	0
	0
	0
	0
	0
	0
	0
	0
	0
	0
	0
	0
	0
	0
	0
	0
	0
	0
	0
	0
	0
	0
	0
	0
	0
	0
	0
	0
	0
	0
	0
	0
	0
	0
	0
	0
	0
	0
	0
	0
	0
	0
	0
	0
	0
	0
	0
	0
	0
	0
	0
	0
	0
	0
	0
	0
	0
	0
	0
	0
	0
	0
	0
	0
	0
	0
	0
	0
	0
	0
	0
	0
	0
	0
	0
	0
	0
	0
	0
	0
	0
	0
	0
	0
	0
	0
	0
	0
	0
	0
	0
	0
	0
	0
	0
	0
	0
	0
	0
	0
	0
	0
	0
	0
	0
	0
	0
	0
	0
	0
	0
	0
	0
	0
	0
	0
	0
	0
	0
	0
	0
	0
	0
	0
	0
	0
	0
	0
	0
	0
	0
	0
	0
	0
	0
	0
	0
	0
	0
	0
	0
	0
	0
	0
	0
	0
	0
	0
	0
	0
	0
	0
	0
	0
	0
