4000	0	0	1108
4000	0.1	0	1151
4000	0.2	0	1219
4000	0.3	0	1272
4000	0.4	0	1222
4000	0.5	0	1358
4000	0.6	0	1384
4000	0.7	0	1444
4000	0.8	0	1589
4000	0.9	0	1707
4000	1	0	1928
4000	1.1	0	2078
4000	1.2	0	2314
4000	1.3	0	2640
4000	1.4	0	3046
4000	1.5	0	3491
4000	1.6	0	4174
4000	1.7	0	5025
4000	1.8	0	6487
4000	1.9	0	8107
4000	2	0	10237
4000	2.1	0	13313
4000	2.2	0	16137
4000	2.3	0	18548
4000	2.4	0	19101
4000	2.5	0	18404
4000	2.6	0	17873
4000	2.7	0	17455
4000	2.8	0	17739
4000	2.9	0	17910
4000	3	0	18199
4000	3.1	0	18298
4000	3.2	0	18246
4000	3.3	0	18429
4000	3.4	0	18156
4000	3.5	0	18445
4000	3.6	0	18437
4000	3.7	0	18405
4000	3.8	0	18390
4000	3.9	0	18533
4000	4	0	18554
4000	4.1	0	18381
4000	4.2	0	18289
4000	4.3	0	18408
4000	4.4	0	18312
4000	4.5	0	18313
4000	4.6	0	18308
4000	4.7	0	18194
4000	4.8	0	18070
4000	4.9	0	18031
4000	5	0	18251
4000	5.1	0	18164
4000	5.2	0	17623
4000	5.3	0	17040
4000	5.4	0	16316
4000	5.5	0	15405
4000	5.6	0	14698
4000	5.7	0	13721
4000	5.8	0	12847
4000	5.9	0	11672
4000	6	0	10734
4000	6.1	0	9665
4000	6.2	0	8898
4000	6.3	0	8096
4000	6.4	0	7362
4000	6.5	0	6991
4000	6.6	0	6162
4000	6.7	0	5791
4000	6.8	0	5289
4000	6.9	0	4998
4000	7	0	4617
4000	7.1	0	4303
4000	7.2	0	4008
4000	7.3	0	3781
4000	7.4	0	3600
4000	7.5	0	3393
4000	7.6	0	3064
4000	7.7	0	3081
4000	7.8	0	2855
4000	7.9	0	2716
4000	8	0	2524
4000	8.1	0	2431
4000	8.2	0	2354
4000	8.3	0	2315
4000	8.4	0	2059
4000	8.5	0	2145
4000	8.6	0	1990
4000	8.7	0	1900
4000	8.8	0	1882
4000	8.9	0	1749
4000	9	0	1717
4000	9.1	0	1750
4000	9.2	0	1654
4000	9.3	0	1638
4000	9.4	0	1596
4000	9.5	0	1538
4000	9.6	0	1458
4000	9.7	0	1428
4000	9.8	0	1427
4000	9.9	0	1385
4000	10	0	1396
4000	10.1	0	1337
4000	10.2	0	1302
4000	10.3	0	1300
4000	10.4	0	1294
4000	10.5	0	1199
4000	10.6	0	1204
4000	10.7	0	1187
4000	10.8	0	1148
4000	10.9	0	1140
4000	11	0	1145
4000	11.1	0	1118
4000	11.2	0	1124
4000	11.3	0	1131
4000	11.4	0	1094
4000	11.5	0	1144
4000	11.6	0	1047
4000	11.7	0	1111
4000	11.8	0	1127
4000	11.9	0	1042
4000	12	0	1101
4000	12.1	0	1078
4000	12.2	0	1163
4000	12.3	0	1062
4000	12.4	0	1104
4000	12.5	0	1083
4000	12.6	0	1144
4000	12.7	0	1131
4000	12.8	0	1122
4000	12.9	0	1143
4000	13	0	1083
4000	13.1	0	1112
4000	13.2	0	1082
4000	13.3	0	1100
4000	13.4	0	1099
4000	13.5	0	1073
4000	13.6	0	1068
4000	13.7	0	1097
4000	13.8	0	1117
4000	13.9	0	1034
4000	14	0	1093
4000	14.1	0	1062
4000	14.2	0	1055
4000	14.3	0	1085
4000	14.4	0	1113
4000	14.5	0	1068
4000	14.6	0	1090
4000	14.7	0	1071
4000	14.8	0	1062
4000	14.9	0	1129
4000	15	0	1131
4000	15.1	0	1083
4000	15.2	0	1082
4000	15.3	0	1095
4000	15.4	0	1075
4000	15.5	0	1068
4000	15.6	0	1064
4000	15.7	0	1153
4000	15.8	0	1053
4000	15.9	0	1107
4000	16	0	1160
4000	16.1	0	1096
4000	16.2	0	1127
4000	16.3	0	1100
4000	16.4	0	1094
4000	16.5	0	1089
4000	16.6	0	1154
4000	16.7	0	1147
4000	16.8	0	1171
4000	16.9	0	1052
4000	17	0	1033
4000	17.1	0	1093
4000	17.2	0	1110
4000	17.3	0	1080
4000	17.4	0	1089
4000	17.5	0	1099
4000	17.6	0	1124
4000	17.7	0	1096
4000	17.8	0	1103
4000	17.9	0	1132
4000	18	0	1084
4000	18.1	0	1137
4000	18.2	0	1174
4000	18.3	0	1175
4000	18.4	0	1132
4000	18.5	0	1148
4000	18.6	0	1147
4000	18.7	0	1188
4000	18.8	0	1076
4000	18.9	0	1111
4000	19	0	1097
4000	19.1	0	1113
4000	19.2	0	1108
4000	19.3	0	1128
4000	19.4	0	1154
4000	19.5	0	1087
4000	19.6	0	1138
4000	19.7	0	1063
4000	19.8	0	1194
4000	19.9	0	1132
8000	0	0	1156
8000	0.1	0	1146
8000	0.2	0	1092
8000	0.3	0	1197
8000	0.4	0	1274
8000	0.5	0	1397
8000	0.6	0	1418
8000	0.7	0	1525
8000	0.8	0	1560
8000	0.9	0	1633
8000	1	0	1923
8000	1.1	0	2048
8000	1.2	0	2293
8000	1.3	0	2542
8000	1.4	0	2972
8000	1.5	0	3580
8000	1.6	0	4224
8000	1.7	0	5150
8000	1.8	0	6324
8000	1.9	0	8154
8000	2	0	10310
8000	2.1	0	13110
8000	2.2	0	16160
8000	2.3	0	18425
8000	2.4	0	19396
8000	2.5	0	18290
8000	2.6	0	17748
8000	2.7	0	17629
8000	2.8	0	17844
8000	2.9	0	18208
8000	3	0	18001
8000	3.1	0	18232
8000	3.2	0	18219
8000	3.3	0	18486
8000	3.4	0	18256
8000	3.5	0	18485
8000	3.6	0	18412
8000	3.7	0	18546
8000	3.8	0	18305
8000	3.9	0	18310
8000	4	0	18462
8000	4.1	0	18673
8000	4.2	0	18285
8000	4.3	0	18246
8000	4.4	0	18339
8000	4.5	0	18126
8000	4.6	0	18283
8000	4.7	0	18270
8000	4.8	0	18241
8000	4.9	0	18139
8000	5	0	18055
8000	5.1	0	18281
8000	5.2	0	17457
8000	5.3	0	17115
8000	5.4	0	16342
8000	5.5	0	15550
8000	5.6	0	14748
8000	5.7	0	13825
8000	5.8	0	12656
8000	5.9	0	11612
8000	6	0	10725
8000	6.1	0	9645
8000	6.2	0	8790
8000	6.3	0	8120
8000	6.4	0	7564
8000	6.5	0	6809
8000	6.6	0	6250
8000	6.7	0	5787
8000	6.8	0	5297
8000	6.9	0	4993
8000	7	0	4636
8000	7.1	0	4393
8000	7.2	0	3973
8000	7.3	0	3810
8000	7.4	0	3533
8000	7.5	0	3392
8000	7.6	0	3179
8000	7.7	0	2950
8000	7.8	0	2864
8000	7.9	0	2678
8000	8	0	2584
8000	8.1	0	2463
8000	8.2	0	2364
8000	8.3	0	2182
8000	8.4	0	2193
8000	8.5	0	2048
8000	8.6	0	1952
8000	8.7	0	1897
8000	8.8	0	1843
8000	8.9	0	1848
8000	9	0	1700
8000	9.1	0	1777
8000	9.2	0	1600
8000	9.3	0	1570
8000	9.4	0	1571
8000	9.5	0	1554
8000	9.6	0	1531
8000	9.7	0	1381
8000	9.8	0	1449
8000	9.9	0	1383
8000	10	0	1297
8000	10.1	0	1272
8000	10.2	0	1300
8000	10.3	0	1348
8000	10.4	0	1209
8000	10.5	0	1272
8000	10.6	0	1187
8000	10.7	0	1228
8000	10.8	0	1242
8000	10.9	0	1163
8000	11	0	1137
8000	11.1	0	1125
8000	11.2	0	1031
8000	11.3	0	1099
8000	11.4	0	1123
8000	11.5	0	1082
8000	11.6	0	1136
8000	11.7	0	1104
8000	11.8	0	1069
8000	11.9	0	1085
8000	12	0	1073
8000	12.1	0	1179
8000	12.2	0	1071
8000	12.3	0	1062
8000	12.4	0	1165
8000	12.5	0	1129
8000	12.6	0	1135
8000	12.7	0	1084
8000	12.8	0	1075
8000	12.9	0	1059
8000	13	0	1093
8000	13.1	0	1096
8000	13.2	0	1056
8000	13.3	0	1046
8000	13.4	0	1077
8000	13.5	0	1030
8000	13.6	0	1126
8000	13.7	0	1120
8000	13.8	0	1113
8000	13.9	0	1110
8000	14	0	1092
8000	14.1	0	1159
8000	14.2	0	1077
8000	14.3	0	1087
8000	14.4	0	1172
8000	14.5	0	1098
8000	14.6	0	1112
8000	14.7	0	1116
8000	14.8	0	1127
8000	14.9	0	1098
8000	15	0	1083
8000	15.1	0	1153
8000	15.2	0	1082
8000	15.3	0	1091
8000	15.4	0	1111
8000	15.5	0	1116
8000	15.6	0	1195
8000	15.7	0	1099
8000	15.8	0	1088
8000	15.9	0	1147
8000	16	0	1065
8000	16.1	0	1094
8000	16.2	0	1091
8000	16.3	0	1143
8000	16.4	0	1085
8000	16.5	0	1131
8000	16.6	0	1165
8000	16.7	0	1142
8000	16.8	0	1067
8000	16.9	0	1146
8000	17	0	1097
8000	17.1	0	1027
8000	17.2	0	1141
8000	17.3	0	1121
8000	17.4	0	1161
8000	17.5	0	1115
8000	17.6	0	1055
8000	17.7	0	1147
8000	17.8	0	1137
8000	17.9	0	1130
8000	18	0	1086
8000	18.1	0	1150
8000	18.2	0	1100
8000	18.3	0	1057
8000	18.4	0	1106
8000	18.5	0	1096
8000	18.6	0	1108
8000	18.7	0	1075
8000	18.8	0	1130
8000	18.9	0	1055
8000	19	0	1132
8000	19.1	0	1096
8000	19.2	0	1077
8000	19.3	0	1114
8000	19.4	0	1150
8000	19.5	0	1109
8000	19.6	0	1068
8000	19.7	0	1124
8000	19.8	0	1111
8000	19.9	0	1122
12000	0	0	1203
12000	0.1	0	1124
12000	0.2	0	1154
12000	0.3	0	1225
12000	0.4	0	1213
12000	0.5	0	1256
12000	0.6	0	1407
12000	0.7	0	1458
12000	0.8	0	1638
12000	0.9	0	1689
12000	1	0	1812
12000	1.1	0	2071
12000	1.2	0	2303
12000	1.3	0	2705
12000	1.4	0	3053
12000	1.5	0	3556
12000	1.6	0	4333
12000	1.7	0	5130
12000	1.8	0	6482
12000	1.9	0	8149
12000	2	0	10268
12000	2.1	0	12902
12000	2.2	0	16078
12000	2.3	0	18556
12000	2.4	0	19368
12000	2.5	0	18266
12000	2.6	0	17918
12000	2.7	0	17567
12000	2.8	0	17505
12000	2.9	0	18015
12000	3	0	18153
12000	3.1	0	18331
12000	3.2	0	18330
12000	3.3	0	18287
12000	3.4	0	18328
12000	3.5	0	18421
12000	3.6	0	18338
12000	3.7	0	18319
12000	3.8	0	18411
12000	3.9	0	18346
12000	4	0	18383
12000	4.1	0	18615
12000	4.2	0	18527
12000	4.3	0	18396
12000	4.4	0	18277
12000	4.5	0	18258
12000	4.6	0	18299
12000	4.7	0	18153
12000	4.8	0	17968
12000	4.9	0	18275
12000	5	0	18125
12000	5.1	0	18139
12000	5.2	0	17664
12000	5.3	0	17036
12000	5.4	0	16289
12000	5.5	0	15569
12000	5.6	0	14630
12000	5.7	0	13555
12000	5.8	0	12582
12000	5.9	0	11638
12000	6	0	10532
12000	6.1	0	9793
12000	6.2	0	8823
12000	6.3	0	8337
12000	6.4	0	7315
12000	6.5	0	6962
12000	6.6	0	6272
12000	6.7	0	5791
12000	6.8	0	5410
12000	6.9	0	4912
12000	7	0	4627
12000	7.1	0	4274
12000	7.2	0	4062
12000	7.3	0	3778
12000	7.4	0	3613
12000	7.5	0	3360
12000	7.6	0	3156
12000	7.7	0	3013
12000	7.8	0	2850
12000	7.9	0	2782
12000	8	0	2545
12000	8.1	0	2490
12000	8.2	0	2337
12000	8.3	0	2278
12000	8.4	0	2203
12000	8.5	0	2151
12000	8.6	0	2015
12000	8.7	0	1928
12000	8.8	0	1822
12000	8.9	0	1837
12000	9	0	1738
12000	9.1	0	1691
12000	9.2	0	1709
12000	9.3	0	1527
12000	9.4	0	1538
12000	9.5	0	1491
12000	9.6	0	1491
12000	9.7	0	1475
12000	9.8	0	1439
12000	9.9	0	1425
12000	10	0	1356
12000	10.1	0	1302
12000	10.2	0	1318
12000	10.3	0	1233
12000	10.4	0	1179
12000	10.5	0	1238
12000	10.6	0	1182
12000	10.7	0	1209
12000	10.8	0	1270
12000	10.9	0	1201
12000	11	0	1195
12000	11.1	0	1144
12000	11.2	0	1131
12000	11.3	0	1130
12000	11.4	0	1080
12000	11.5	0	1091
12000	11.6	0	1084
12000	11.7	0	1076
12000	11.8	0	1163
12000	11.9	0	1101
12000	12	0	1049
12000	12.1	0	1070
12000	12.2	0	1123
12000	12.3	0	1085
12000	12.4	0	1123
12000	12.5	0	1120
12000	12.6	0	1139
12000	12.7	0	1100
12000	12.8	0	1095
12000	12.9	0	1106
12000	13	0	1125
12000	13.1	0	1111
12000	13.2	0	1108
12000	13.3	0	1108
12000	13.4	0	1074
12000	13.5	0	1083
12000	13.6	0	1067
12000	13.7	0	1057
12000	13.8	0	1057
12000	13.9	0	1112
12000	14	0	1117
12000	14.1	0	1150
12000	14.2	0	1036
12000	14.3	0	1086
12000	14.4	0	1116
12000	14.5	0	1014
12000	14.6	0	1113
12000	14.7	0	1078
12000	14.8	0	1095
12000	14.9	0	1130
12000	15	0	1176
12000	15.1	0	1152
12000	15.2	0	1133
12000	15.3	0	1117
12000	15.4	0	1110
12000	15.5	0	1094
12000	15.6	0	1104
12000	15.7	0	1052
12000	15.8	0	1128
12000	15.9	0	1123
12000	16	0	1098
12000	16.1	0	1146
12000	16.2	0	1102
12000	16.3	0	1113
12000	16.4	0	1125
12000	16.5	0	1138
12000	16.6	0	1152
12000	16.7	0	1074
12000	16.8	0	1074
12000	16.9	0	1058
12000	17	0	1059
12000	17.1	0	1068
12000	17.2	0	1117
12000	17.3	0	1047
12000	17.4	0	1106
12000	17.5	0	1176
12000	17.6	0	1057
12000	17.7	0	1130
12000	17.8	0	1035
12000	17.9	0	1127
12000	18	0	1189
12000	18.1	0	1166
12000	18.2	0	1139
12000	18.3	0	1125
12000	18.4	0	1143
12000	18.5	0	1080
12000	18.6	0	1099
12000	18.7	0	1117
12000	18.8	0	1116
12000	18.9	0	1050
12000	19	0	1068
12000	19.1	0	1106
12000	19.2	0	1110
12000	19.3	0	1067
12000	19.4	0	1139
12000	19.5	0	1168
12000	19.6	0	1146
12000	19.7	0	1187
12000	19.8	0	1114
12000	19.9	0	1112
16000	0	0	1104
16000	0.1	0	1139
16000	0.2	0	1155
16000	0.3	0	1228
16000	0.4	0	1306
16000	0.5	0	1294
16000	0.6	0	1311
16000	0.7	0	1429
16000	0.8	0	1567
16000	0.9	0	1729
16000	1	0	1945
16000	1.1	0	2058
16000	1.2	0	2363
16000	1.3	0	2560
16000	1.4	0	3038
16000	1.5	0	3584
16000	1.6	0	4247
16000	1.7	0	5276
16000	1.8	0	6654
16000	1.9	0	8097
16000	2	0	9980
16000	2.1	0	13179
16000	2.2	0	16098
16000	2.3	0	18512
16000	2.4	0	19398
16000	2.5	0	18224
16000	2.6	0	17696
16000	2.7	0	17689
16000	2.8	0	17523
16000	2.9	0	17974
16000	3	0	18000
16000	3.1	0	18443
16000	3.2	0	18306
16000	3.3	0	18275
16000	3.4	0	18339
16000	3.5	0	18313
16000	3.6	0	18240
16000	3.7	0	18497
16000	3.8	0	18552
16000	3.9	0	18249
16000	4	0	18416
16000	4.1	0	18408
16000	4.2	0	18570
16000	4.3	0	18342
16000	4.4	0	18302
16000	4.5	0	18415
16000	4.6	0	18194
16000	4.7	0	18017
16000	4.8	0	18030
16000	4.9	0	18475
16000	5	0	18096
16000	5.1	0	17981
16000	5.2	0	17502
16000	5.3	0	17229
16000	5.4	0	16245
16000	5.5	0	15517
16000	5.6	0	14827
16000	5.7	0	13784
16000	5.8	0	12604
16000	5.9	0	11793
16000	6	0	10633
16000	6.1	0	9853
16000	6.2	0	8927
16000	6.3	0	8190
16000	6.4	0	7359
16000	6.5	0	6916
16000	6.6	0	6342
16000	6.7	0	5862
16000	6.8	0	5319
16000	6.9	0	4977
16000	7	0	4636
16000	7.1	0	4332
16000	7.2	0	3972
16000	7.3	0	3784
16000	7.4	0	3601
16000	7.5	0	3282
16000	7.6	0	3118
16000	7.7	0	2950
16000	7.8	0	2864
16000	7.9	0	2806
16000	8	0	2611
16000	8.1	0	2460
16000	8.2	0	2304
16000	8.3	0	2194
16000	8.4	0	2064
16000	8.5	0	2127
16000	8.6	0	2000
16000	8.7	0	1869
16000	8.8	0	1780
16000	8.9	0	1738
16000	9	0	1720
16000	9.1	0	1732
16000	9.2	0	1628
16000	9.3	0	1501
16000	9.4	0	1563
16000	9.5	0	1566
16000	9.6	0	1481
16000	9.7	0	1430
16000	9.8	0	1366
16000	9.9	0	1290
16000	10	0	1348
16000	10.1	0	1289
16000	10.2	0	1312
16000	10.3	0	1247
16000	10.4	0	1232
16000	10.5	0	1277
16000	10.6	0	1202
16000	10.7	0	1117
16000	10.8	0	1250
16000	10.9	0	1117
16000	11	0	1130
16000	11.1	0	1186
16000	11.2	0	1131
16000	11.3	0	1110
16000	11.4	0	1107
16000	11.5	0	1093
16000	11.6	0	1105
16000	11.7	0	1162
16000	11.8	0	1123
16000	11.9	0	1129
16000	12	0	1141
16000	12.1	0	1102
16000	12.2	0	1093
16000	12.3	0	1106
16000	12.4	0	1060
16000	12.5	0	1104
16000	12.6	0	1101
16000	12.7	0	1068
16000	12.8	0	1066
16000	12.9	0	1109
16000	13	0	1105
16000	13.1	0	1110
16000	13.2	0	1070
16000	13.3	0	1067
16000	13.4	0	1103
16000	13.5	0	1092
16000	13.6	0	1151
16000	13.7	0	1077
16000	13.8	0	1070
16000	13.9	0	1113
16000	14	0	1176
16000	14.1	0	1168
16000	14.2	0	1117
16000	14.3	0	1089
16000	14.4	0	1158
16000	14.5	0	1088
16000	14.6	0	1081
16000	14.7	0	1033
16000	14.8	0	1133
16000	14.9	0	1109
16000	15	0	1123
16000	15.1	0	1169
16000	15.2	0	1134
16000	15.3	0	1108
16000	15.4	0	1167
16000	15.5	0	1092
16000	15.6	0	1132
16000	15.7	0	1100
16000	15.8	0	1116
16000	15.9	0	1093
16000	16	0	1086
16000	16.1	0	1096
16000	16.2	0	1069
16000	16.3	0	1112
16000	16.4	0	1086
16000	16.5	0	1055
16000	16.6	0	1152
16000	16.7	0	1112
16000	16.8	0	1061
16000	16.9	0	1020
16000	17	0	1085
16000	17.1	0	1139
16000	17.2	0	1126
16000	17.3	0	1105
16000	17.4	0	1142
16000	17.5	0	1159
16000	17.6	0	1158
16000	17.7	0	1120
16000	17.8	0	1072
16000	17.9	0	1180
16000	18	0	1177
16000	18.1	0	1116
16000	18.2	0	1088
16000	18.3	0	1091
16000	18.4	0	1121
16000	18.5	0	1182
16000	18.6	0	1110
16000	18.7	0	1112
16000	18.8	0	1093
16000	18.9	0	1135
16000	19	0	1105
16000	19.1	0	1088
16000	19.2	0	1166
16000	19.3	0	1113
16000	19.4	0	1134
16000	19.5	0	1126
16000	19.6	0	1108
16000	19.7	0	1096
16000	19.8	0	1124
16000	19.9	0	1154
20000	0	0	1166
20000	0.1	0	1124
20000	0.2	0	1076
20000	0.3	0	1204
20000	0.4	0	1218
20000	0.5	0	1307
20000	0.6	0	1353
20000	0.7	0	1484
20000	0.8	0	1598
20000	0.9	0	1692
20000	1	0	1886
20000	1.1	0	2003
20000	1.2	0	2303
20000	1.3	0	2635
20000	1.4	0	2957
20000	1.5	0	3529
20000	1.6	0	4228
20000	1.7	0	5209
20000	1.8	0	6517
20000	1.9	0	8248
20000	2	0	10251
20000	2.1	0	13060
20000	2.2	0	15972
20000	2.3	0	18436
20000	2.4	0	19282
20000	2.5	0	18383
20000	2.6	0	17642
20000	2.7	0	17607
20000	2.8	0	17614
20000	2.9	0	17873
20000	3	0	18106
20000	3.1	0	18441
20000	3.2	0	18327
20000	3.3	0	18505
20000	3.4	0	18307
20000	3.5	0	18385
20000	3.6	0	18496
20000	3.7	0	18501
20000	3.8	0	18356
20000	3.9	0	18418
20000	4	0	18347
20000	4.1	0	18601
20000	4.2	0	18445
20000	4.3	0	18385
20000	4.4	0	18295
20000	4.5	0	18246
20000	4.6	0	18437
20000	4.7	0	18229
20000	4.8	0	18072
20000	4.9	0	18017
20000	5	0	18287
20000	5.1	0	17919
20000	5.2	0	17762
20000	5.3	0	17015
20000	5.4	0	16540
20000	5.5	0	15475
20000	5.6	0	14795
20000	5.7	0	13610
20000	5.8	0	12547
20000	5.9	0	11651
20000	6	0	10541
20000	6.1	0	9667
20000	6.2	0	8731
20000	6.3	0	8249
20000	6.4	0	7430
20000	6.5	0	6911
20000	6.6	0	6351
20000	6.7	0	5728
20000	6.8	0	5467
20000	6.9	0	5050
20000	7	0	4584
20000	7.1	0	4253
20000	7.2	0	4024
20000	7.3	0	3740
20000	7.4	0	3518
20000	7.5	0	3254
20000	7.6	0	3160
20000	7.7	0	3083
20000	7.8	0	2865
20000	7.9	0	2647
20000	8	0	2603
20000	8.1	0	2525
20000	8.2	0	2367
20000	8.3	0	2199
20000	8.4	0	2154
20000	8.5	0	1983
20000	8.6	0	2091
20000	8.7	0	1969
20000	8.8	0	1860
20000	8.9	0	1746
20000	9	0	1765
20000	9.1	0	1697
20000	9.2	0	1596
20000	9.3	0	1639
20000	9.4	0	1600
20000	9.5	0	1478
20000	9.6	0	1445
20000	9.7	0	1470
20000	9.8	0	1332
20000	9.9	0	1388
20000	10	0	1344
20000	10.1	0	1268
20000	10.2	0	1274
20000	10.3	0	1244
20000	10.4	0	1219
20000	10.5	0	1224
20000	10.6	0	1212
20000	10.7	0	1229
20000	10.8	0	1137
20000	10.9	0	1137
20000	11	0	1130
20000	11.1	0	1238
20000	11.2	0	1129
20000	11.3	0	1135
20000	11.4	0	1053
20000	11.5	0	1164
20000	11.6	0	1109
20000	11.7	0	1169
20000	11.8	0	1079
20000	11.9	0	1137
20000	12	0	1133
20000	12.1	0	1092
20000	12.2	0	1082
20000	12.3	0	1127
20000	12.4	0	1162
20000	12.5	0	1102
20000	12.6	0	1020
20000	12.7	0	1094
20000	12.8	0	1158
20000	12.9	0	1059
20000	13	0	1096
20000	13.1	0	1053
20000	13.2	0	1128
20000	13.3	0	1057
20000	13.4	0	1035
20000	13.5	0	1103
20000	13.6	0	1068
20000	13.7	0	1154
20000	13.8	0	1109
20000	13.9	0	1112
20000	14	0	1103
20000	14.1	0	1098
20000	14.2	0	1132
20000	14.3	0	1078
20000	14.4	0	1165
20000	14.5	0	1125
20000	14.6	0	1089
20000	14.7	0	1148
20000	14.8	0	1093
20000	14.9	0	1063
20000	15	0	1092
20000	15.1	0	1094
20000	15.2	0	1044
20000	15.3	0	1117
20000	15.4	0	1121
20000	15.5	0	1098
20000	15.6	0	1075
20000	15.7	0	1105
20000	15.8	0	1132
20000	15.9	0	1100
20000	16	0	1074
20000	16.1	0	1077
20000	16.2	0	1096
20000	16.3	0	1093
20000	16.4	0	1099
20000	16.5	0	1097
20000	16.6	0	1135
20000	16.7	0	1142
20000	16.8	0	1104
20000	16.9	0	1064
20000	17	0	1123
20000	17.1	0	1184
20000	17.2	0	1171
20000	17.3	0	1076
20000	17.4	0	1133
20000	17.5	0	1155
20000	17.6	0	1104
20000	17.7	0	1140
20000	17.8	0	1129
20000	17.9	0	1057
20000	18	0	1139
20000	18.1	0	1140
20000	18.2	0	1051
20000	18.3	0	1127
20000	18.4	0	1088
20000	18.5	0	1148
20000	18.6	0	1152
20000	18.7	0	1103
20000	18.8	0	1103
20000	18.9	0	1108
20000	19	0	1091
20000	19.1	0	1154
20000	19.2	0	1095
20000	19.3	0	1163
20000	19.4	0	1181
20000	19.5	0	1152
20000	19.6	0	1150
20000	19.7	0	1147
20000	19.8	0	1099
20000	19.9	0	1175
