100000.0000	0
100000.0000	0
100000.0000	0
100000.0000	0
100000.0000	0
100000.0000	0
100000.0000	0
100000.0000	0
100000.0000	0
100000.0000	0
100000.0000	0
100000.0000	0
100000.0000	0
100000.0000	0
100000.0000	0
100000.0000	0
100000.0000	0
100000.0000	0
100000.0000	0
100000.0000	0
100000.0000	0
100000.0000	0
100000.0000	0
100000.0000	0
100000.0000	0
100000.0000	0
100000.0000	0
100000.0000	0
100000.0000	0
100000.0000	0
100000.0000	0
100000.0000	0
100000.0000	0
100000.0000	0
100000.0000	0
100000.0000	0
100000.0000	0
100000.0000	0
100000.0000	0
100000.0000	0
100000.0000	0
100000.0000	0
100000.0000	0
100000.0000	0
100000.0000	0
100000.0000	0
100000.0000	0
100000.0000	0
100000.0000	0
100000.0000	0
100000.0000	0
100000.0000	0
100000.0000	0
100000.0000	0
100000.0000	0
100000.0000	0
100000.0000	0
100000.0000	0
100000.0000	0
100000.0000	0
100000.0000	0
100000.0000	0
100000.0000	0
100000.0000	0
100000.0000	0
100000.0000	0
100000.0000	0
100000.0000	0
100000.0000	0
100000.0000	0
100000.0000	0
100000.0000	0
100000.0000	0
100000.0000	0
100000.0000	0
100000.0000	0
100000.0000	0
100000.0000	0
100000.0000	0
100000.0000	0
100000.0000	0
100000.0000	0
100000.0000	0
100000.0000	0
100000.0000	0
100000.0000	0
100000.0000	0
100000.0000	0
100000.0000	0
100000.0000	0
100000.0000	0
100000.0000	0
100000.0000	0
100000.0000	0
100000.0000	0
100000.0000	0
100000.0000	0
100000.0000	0
100000.0000	0
100000.0000	0
100000.0000	0
100000.0000	0
100000.0000	0
100000.0000	0
100000.0000	0
100000.0000	0
100000.0000	0
100000.0000	0
100000.0000	0
100000.0000	0
100000.0000	0
100000.0000	0
100000.0000	0
100000.0000	0
100000.0000	0
100000.0000	0
100000.0000	0
100000.0000	0
100000.0000	0
100000.0000	0
100000.0000	0
100000.0000	0
100000.0000	0
100000.0000	0
100000.0000	0
100000.0000	0
100000.0000	0
100000.0000	0
100000.0000	0
100000.0000	0
100000.0000	0
100000.0000	0
100000.0000	0
100000.0000	0
100000.0000	0
100000.0000	0
100000.0000	0
100000.0000	0
100000.0000	0
100000.0000	0
100000.0000	0
100000.0000	0
100000.0000	0
100000.0000	0
100000.0000	0
100000.0000	0
100000.0000	0
100000.0000	0
100000.0000	0
100000.0000	0
100000.0000	0
100000.0000	0
100000.0000	0
100000.0000	0
100000.0000	0
100000.0000	0
100000.0000	0
100000.0000	0
100000.0000	0
100000.0000	0
100000.0000	0
100000.0000	0
100000.0000	0
100000.0000	0
100000.0000	0
100000.0000	0
100000.0000	0
100000.0000	0
100000.0000	0
100000.0000	0
100000.0000	0
100000.0000	0
100000.0000	0
100000.0000	0
100000.0000	0
100000.0000	0
100000.0000	0
100000.0000	0
100000.0000	0
100000.0000	0
100000.0000	0
100000.0000	0
100000.0000	0
100000.0000	0
100000.0000	0
100000.0000	0
100000.0000	0
100000.0000	0
100000.0000	0
100000.0000	0
100000.0000	0
100000.0000	0
100000.0000	0
100000.0000	0
100000.0000	0
100000.0000	0
100000.0000	0
100000.0000	0
100000.0000	0
100000.0000	0
100000.0000	0
100000.0000	0
100000.0000	0
100000.0000	0
100000.0000	0
100000.0000	0
100000.0000	0
100000.0000	0
100000.0000	0
100000.0000	0
100000.0000	0
100000.0000	0
100000.0000	0
100000.0000	0
100000.0000	0
100000.0000	0
100000.0000	0
100000.0000	0
100000.0000	0
100000.0000	0
100000.0000	0
100000.0000	0
100000.0000	0
100000.0000	0
100000.0000	0
100000.0000	0
100000.0000	0
100000.0000	0
100000.0000	0
100000.0000	0
100000.0000	0
100000.0000	0
100000.0000	0
100000.0000	0
100000.0000	0
100000.0000	0
100000.0000	0
100000.0000	0
100000.0000	0
100000.0000	0
100000.0000	0
100000.0000	0
100000.0000	0
100000.0000	0
100000.0000	0
100000.0000	0
100000.0000	0
100000.0000	0
100000.0000	0
100000.0000	0
100000.0000	0
100000.0000	0
100000.0000	0
100000.0000	0
100000.0000	0
100000.0000	0
100000.0000	0
100000.0000	0
100000.0000	0
100000.0000	0
100000.0000	0
100000.0000	0
100000.0000	0
100000.0000	0
100000.0000	0
100000.0000	0
100000.0000	0
100000.0000	0
100000.0000	0
100000.0000	0
100000.0000	0
100000.0000	0
100000.0000	0
100000.0000	0
100000.0000	0
100000.0000	0
100000.0000	0
100000.0000	0
100000.0000	0
100000.0000	0
100000.0000	0
100000.0000	0
100000.0000	0
100000.0000	0
100000.0000	0
100000.0000	0
100000.0000	0
100000.0000	0
100000.0000	0
100000.0000	0
100000.0000	0
100000.0000	0
100000.0000	0
100000.0000	0
100000.0000	0
100000.0000	0
100000.0000	0
100000.0000	0
100000.0000	0
100000.0000	0
100000.0000	0
100000.0000	0
100000.0000	0
100000.0000	0
100000.0000	0
100000.0000	0
100000.0000	0
100000.0000	0
100000.0000	0
100000.0000	0
100000.0000	0
100000.0000	0
100000.0000	0
100000.0000	0
100000.0000	0
100000.0000	0
100000.0000	0
100000.0000	0
100000.0000	0
100000.0000	0
100000.0000	0
100000.0000	0
100000.0000	0
100000.0000	0
100000.0000	0
100000.0000	0
100000.0000	0
100000.0000	0
100000.0000	0
100000.0000	0
100000.0000	0
100000.0000	0
100000.0000	0
100000.0000	0
100000.0000	0
100000.0000	0
100000.0000	0
100000.0000	0
100000.0000	0
100000.0000	0
100000.0000	0
100000.0000	0
100000.0000	0
100000.0000	0
100000.0000	0
100000.0000	0
100000.0000	0
100000.0000	0
100000.0000	0
100000.0000	0
100000.0000	0
100000.0000	0
100000.0000	0
100000.0000	0
100000.0000	0
100000.0000	0
100000.0000	0
100000.0000	0
100000.0000	0
100000.0000	0
100000.0000	0
100000.0000	0
100000.0000	0
100000.0000	0
100000.0000	0
100000.0000	0
100000.0000	0
100000.0000	0
100000.0000	0
100000.0000	0
100000.0000	0
100000.0000	0
100000.0000	0
100000.0000	0
100000.0000	0
100000.0000	0
100000.0000	0
100000.0000	0
100000.0000	0
100000.0000	0
100000.0000	0
100000.0000	0
100000.0000	0
100000.0000	0
100000.0000	0
100000.0000	0
100000.0000	0
100000.0000	0
100000.0000	0
100000.0000	0
100000.0000	0
100000.0000	0
100000.0000	0
100000.0000	0
100000.0000	0
100000.0000	0
100000.0000	0
100000.0000	0
100000.0000	0
100000.0000	0
100000.0000	-130395
100000.0000	7284.53
100000.0000	33802.3
100000.0000	-41415
100000.0000	-48247.9
100000.0000	-4674.31
100000.0000	35867.9
100000.0000	-72000.1
100000.0000	113520
100000.0000	-40418.1
100000.0000	259054
100000.0000	50213.9
100000.0000	-10468.5
100000.0000	-51372.6
100000.0000	79299.6
100000.0000	46209
100000.0000	251678
100000.0000	31428.8
100000.0000	-59784.3
100000.0000	-97805.3
100000.0000	-1677.1
100000.0000	-33572.3
100000.0000	188171
100000.0000	-19421.3
100000.0000	-84720.9
100000.0000	100603
100000.0000	-33793.5
100000.0000	112205
100000.0000	-1631.33
100000.0000	-5560.69
100000.0000	-52797.3
100000.0000	52844.5
100000.0000	-100985
100000.0000	-45894.9
100000.0000	-61942.3
100000.0000	5921.7
100000.0000	-269978
100000.0000	185411
100000.0000	263250
100000.0000	-115399
100000.0000	68725.1
100000.0000	473259
100000.0000	99831.9
100000.0000	88661.9
100000.0000	82381.1
100000.0000	976836
100000.0000	379457
100000.0000	166546
100000.0000	-79809.3
100000.0000	-189377
100000.0000	-305029
100000.0000	-145864
100000.0000	-717336
100000.0000	112125
100000.0000	15564.5
100000.0000	-251696
100000.0000	-158317
100000.0000	-202813
100000.0000	39395
100000.0000	-239031
100000.0000	-212819
100000.0000	297022
100000.0000	-1002.23
100000.0000	124523
100000.0000	-504719
100000.0000	341177
100000.0000	298643
100000.0000	-82649.4
100000.0000	-44279.3
100000.0000	311232
100000.0000	87537.2
100000.0000	-124122
100000.0000	-33263.9
100000.0000	474547
100000.0000	-81299.3
100000.0000	70471.9
100000.0000	28819
100000.0000	151346
100000.0000	-282986
100000.0000	-500630
100000.0000	-63011.3
100000.0000	-206219
100000.0000	242513
100000.0000	-97401.8
100000.0000	-109990
100000.0000	-459637
100000.0000	-322948
100000.0000	18025.3
100000.0000	143407
100000.0000	-370822
100000.0000	-158649
100000.0000	-345773
100000.0000	171297
100000.0000	269739
100000.0000	-281259
100000.0000	-88205.6
100000.0000	-367558
100000.0000	-257963
100000.0000	-182769
100000.0000	-49191.3
100000.0000	40814.8
100000.0000	-423497
100000.0000	243761
100000.0000	158550
100000.0000	-131137
100000.0000	-148051
100000.0000	125652
100000.0000	-147189
100000.0000	451704
100000.0000	-100962
100000.0000	298119
100000.0000	56857.3
100000.0000	241900
100000.0000	143067
100000.0000	71745.1
100000.0000	68287.6
100000.0000	74661.7
100000.0000	268426
100000.0000	-349310
100000.0000	-62700.2
100000.0000	-247184
100000.0000	110452
100000.0000	-418755
100000.0000	91527.3
100000.0000	55236.7
100000.0000	-9276.31
100000.0000	-143491
100000.0000	91003.4
100000.0000	-23713.9
100000.0000	-102817
100000.0000	-102173
100000.0000	194741
100000.0000	249577
100000.0000	179679
100000.0000	197177
100000.0000	-173502
100000.0000	39648.7
100000.0000	132340
100000.0000	-93620.9
100000.0000	257576
100000.0000	-240670
100000.0000	-104644
100000.0000	135856
100000.0000	-126341
100000.0000	46014.1
100000.0000	199723
100000.0000	115777
100000.0000	-143421
100000.0000	198410
100000.0000	-78429.7
100000.0000	-129255
100000.0000	53303.9
100000.0000	24339.8
100000.0000	-43500.7
100000.0000	59215.8
100000.0000	98830.9
100000.0000	79533.3
100000.0000	-115915
100000.0000	-48097.6
100000.0000	166995
100000.0000	-60996.7
100000.0000	-57188.5
100000.0000	23684.6
100000.0000	51690.2
100000.0000	125585
100000.0000	-25093.3
100000.0000	54217.9
100000.0000	105279
100000.0000	101269
100000.0000	33493.1
100000.0000	-65997.8
100000.0000	195960
100000.0000	-55102.2
100000.0000	164129
100000.0000	41199.8
100000.0000	68853.2
100000.0000	64796.9
100000.0000	171404
100000.0000	-57036.1
100000.0000	-26640.6
100000.0000	11462.9
100000.0000	-113899
100000.0000	-102849
100000.0000	2048.62
100000.0000	251529
100000.0000	143814
100000.0000	60552.7
100000.0000	-79630.8
100000.0000	119824
100000.0000	-6860.13
100000.0000	-95323.2
100000.0000	66888.8
100000.0000	200166
100000.0000	-117768
100000.0000	89600.6
100000.0000	39251.1
100000.0000	-21103.3
100000.0000	-62993.9
100000.0000	98023.7
100000.0000	88779.7
100000.0000	-1051.96
100000.0000	-72012.6
100000.0000	-200834
100000.0000	-21518.6
100000.0000	62907.6
100000.0000	-164729
100000.0000	-13353.6
100000.0000	35529.9
100000.0000	132296
100000.0000	5186.89
100000.0000	-21555.9
100000.0000	-119028
100000.0000	-19759.6
100000.0000	19467.4
100000.0000	41768.7
100000.0000	-160591
100000.0000	-7864.61
100000.0000	42474.5
100000.0000	50856.3
100000.0000	-71421.8
100000.0000	15691.4
100000.0000	-55369
100000.0000	71115.1
100000.0000	-198439
100000.0000	123602
100000.0000	57630
100000.0000	-272199
100000.0000	-13889.4
100000.0000	-52718.2
100000.0000	11356.3
100000.0000	-173620
100000.0000	50327.1
100000.0000	15258
100000.0000	-98206.9
100000.0000	-63625.4
100000.0000	167628
100000.0000	97412.3
100000.0000	-224806
100000.0000	151874
100000.0000	-61986.3
100000.0000	28830.8
100000.0000	-95343.3
100000.0000	-152791
100000.0000	-76481.7
100000.0000	-2539.08
100000.0000	-310432
100000.0000	-92483.7
100000.0000	-287916
100000.0000	-179694
100000.0000	95153.5
100000.0000	196695
100000.0000	-97845
100000.0000	248081
100000.0000	174843
100000.0000	-71112
100000.0000	-89189.2
100000.0000	-148316
100000.0000	-271584
100000.0000	102791
100000.0000	425350
100000.0000	-85250.4
100000.0000	-146332
100000.0000	-258399
100000.0000	636876
100000.0000	-173474
100000.0000	-112621
100000.0000	221977
100000.0000	128989
100000.0000	86753
100000.0000	-335956
100000.0000	52803.4
100000.0000	-216346
100000.0000	-226856
100000.0000	-230710
100000.0000	-159350
100000.0000	-112950
100000.0000	-122693
100000.0000	-235602
100000.0000	-76670.1
100000.0000	-218699
100000.0000	85171.6
100000.0000	154248
100000.0000	-127638
100000.0000	195342
100000.0000	45192.1
100000.0000	-222514
100000.0000	-26341.4
100000.0000	88138.1
100000.0000	-469925
100000.0000	219929
100000.0000	43274.7
100000.0000	-270147
100000.0000	263531
100000.0000	-247082
100000.0000	-322683
100000.0000	-6137.9
100000.0000	-178148
100000.0000	-197276
100000.0000	-504722
100000.0000	-247559
100000.0000	72081.3
100000.0000	142362
100000.0000	-44434.6
100000.0000	74677.1
100000.0000	-337867
100000.0000	-349905
100000.0000	-38546.4
100000.0000	165652
100000.0000	173520
100000.0000	32602.6
100000.0000	-278749
100000.0000	-79819.7
100000.0000	-86594.5
100000.0000	-235740
100000.0000	361242
100000.0000	-120959
100000.0000	85492.5
100000.0000	-44035.8
100000.0000	-341001
100000.0000	86850.3
100000.0000	-158888
100000.0000	-30768.4
100000.0000	269811
100000.0000	19247.4
100000.0000	6715.5
100000.0000	103615
100000.0000	193243
100000.0000	316243
100000.0000	118488
100000.0000	-254648
100000.0000	96306.4
100000.0000	27553
100000.0000	261963
100000.0000	-37841.1
100000.0000	21647.5
100000.0000	-121933
100000.0000	-45645.3
100000.0000	192806
100000.0000	95732
100000.0000	226131
100000.0000	-309372
100000.0000	-206979
100000.0000	-183649
100000.0000	-90764.4
100000.0000	112393
100000.0000	55851.2
100000.0000	-38407.4
100000.0000	115476
100000.0000	-76665.2
100000.0000	-25170.3
100000.0000	-150214
100000.0000	-28012.2
100000.0000	-27871.5
100000.0000	-218955
100000.0000	-67746.9
100000.0000	-175937
100000.0000	163281
100000.0000	123593
100000.0000	-16189.5
100000.0000	3551.76
100000.0000	11268.3
100000.0000	84530.4
100000.0000	-41258.8
100000.0000	-49807.8
100000.0000	-17883.6
100000.0000	-57829.2
100000.0000	239125
100000.0000	68141
100000.0000	-116607
100000.0000	40098.4
100000.0000	92615
100000.0000	593.174
100000.0000	32353.8
100000.0000	91508.3
100000.0000	115934
100000.0000	91197.1
100000.0000	-107036
100000.0000	73845.9
100000.0000	-14130.4
100000.0000	34586.1
100000.0000	-34652.1
100000.0000	36773.5
100000.0000	114160
100000.0000	77444.2
100000.0000	-183918
100000.0000	33142.5
100000.0000	38969.5
100000.0000	1988.24
100000.0000	115409
100000.0000	7147
100000.0000	169764
100000.0000	14474.2
100000.0000	110728
100000.0000	40103.2
100000.0000	-88892.8
100000.0000	169188
100000.0000	-138785
100000.0000	-13237.8
100000.0000	-71791.7
100000.0000	-58536.1
