4000	0	0	1104
4000	0.1	0	1058
4000	0.2	0	1072
4000	0.3	0	1132
4000	0.4	0	1155
4000	0.5	0	1201
4000	0.6	0	1239
4000	0.7	0	1285
4000	0.8	0	1441
4000	0.9	0	1532
4000	1	0	1742
4000	1.1	0	1803
4000	1.2	0	2049
4000	1.3	0	2274
4000	1.4	0	2579
4000	1.5	0	2985
4000	1.6	0	3525
4000	1.7	0	4372
4000	1.8	0	5105
4000	1.9	0	6518
4000	2	0	8168
4000	2.1	0	10784
4000	2.2	0	13938
4000	2.3	0	17318
4000	2.4	0	19457
4000	2.5	0	19803
4000	2.6	0	19285
4000	2.7	0	19534
4000	2.8	0	19189
4000	2.9	0	19558
4000	3	0	19259
4000	3.1	0	19501
4000	3.2	0	19434
4000	3.3	0	19351
4000	3.4	0	19623
4000	3.5	0	19431
4000	3.6	0	19606
4000	3.7	0	19668
4000	3.8	0	19782
4000	3.9	0	19704
4000	4	0	19689
4000	4.1	0	19650
4000	4.2	0	19509
4000	4.3	0	19440
4000	4.4	0	19404
4000	4.5	0	19622
4000	4.6	0	19435
4000	4.7	0	19592
4000	4.8	0	19569
4000	4.9	0	19732
4000	5	0	19662
4000	5.1	0	18977
4000	5.2	0	18352
4000	5.3	0	17535
4000	5.4	0	16463
4000	5.5	0	15207
4000	5.6	0	13914
4000	5.7	0	12979
4000	5.8	0	11747
4000	5.9	0	10856
4000	6	0	9916
4000	6.1	0	8745
4000	6.2	0	8205
4000	6.3	0	7303
4000	6.4	0	6593
4000	6.5	0	6154
4000	6.6	0	5695
4000	6.7	0	5286
4000	6.8	0	4906
4000	6.9	0	4432
4000	7	0	4390
4000	7.1	0	3966
4000	7.2	0	3628
4000	7.3	0	3437
4000	7.4	0	3271
4000	7.5	0	3207
4000	7.6	0	2961
4000	7.7	0	2776
4000	7.8	0	2610
4000	7.9	0	2634
4000	8	0	2360
4000	8.1	0	2343
4000	8.2	0	2223
4000	8.3	0	2165
4000	8.4	0	2056
4000	8.5	0	1845
4000	8.6	0	1867
4000	8.7	0	1893
4000	8.8	0	1713
4000	8.9	0	1715
4000	9	0	1607
4000	9.1	0	1641
4000	9.2	0	1520
4000	9.3	0	1581
4000	9.4	0	1471
4000	9.5	0	1496
4000	9.6	0	1333
4000	9.7	0	1344
4000	9.8	0	1346
4000	9.9	0	1361
4000	10	0	1281
4000	10.1	0	1252
4000	10.2	0	1249
4000	10.3	0	1201
4000	10.4	0	1191
4000	10.5	0	1154
4000	10.6	0	1132
4000	10.7	0	1162
4000	10.8	0	1107
4000	10.9	0	1153
4000	11	0	1113
4000	11.1	0	1044
4000	11.2	0	1030
4000	11.3	0	1035
4000	11.4	0	1043
4000	11.5	0	1058
4000	11.6	0	1089
4000	11.7	0	1125
4000	11.8	0	1072
4000	11.9	0	1058
4000	12	0	1029
4000	12.1	0	1116
4000	12.2	0	1060
4000	12.3	0	1111
4000	12.4	0	1054
4000	12.5	0	1032
4000	12.6	0	1055
4000	12.7	0	1027
4000	12.8	0	1069
4000	12.9	0	1039
4000	13	0	1037
4000	13.1	0	1036
4000	13.2	0	1080
4000	13.3	0	1032
4000	13.4	0	1085
4000	13.5	0	1052
4000	13.6	0	1067
4000	13.7	0	1083
4000	13.8	0	1076
4000	13.9	0	1053
4000	14	0	1047
4000	14.1	0	986
4000	14.2	0	980
4000	14.3	0	1039
4000	14.4	0	1119
4000	14.5	0	1072
4000	14.6	0	1061
4000	14.7	0	1074
4000	14.8	0	1014
4000	14.9	0	1050
4000	15	0	1097
4000	15.1	0	1038
4000	15.2	0	1040
4000	15.3	0	1036
4000	15.4	0	1053
4000	15.5	0	1028
4000	15.6	0	1019
4000	15.7	0	1044
4000	15.8	0	1007
4000	15.9	0	1016
4000	16	0	1084
4000	16.1	0	1028
4000	16.2	0	1064
4000	16.3	0	1048
4000	16.4	0	1049
4000	16.5	0	1067
4000	16.6	0	1028
4000	16.7	0	1018
4000	16.8	0	1023
4000	16.9	0	1034
4000	17	0	1027
4000	17.1	0	996
4000	17.2	0	1056
4000	17.3	0	1020
4000	17.4	0	1027
4000	17.5	0	1062
4000	17.6	0	994
4000	17.7	0	1044
4000	17.8	0	1071
4000	17.9	0	1021
4000	18	0	995
4000	18.1	0	1018
4000	18.2	0	1055
4000	18.3	0	1019
4000	18.4	0	1023
4000	18.5	0	1079
4000	18.6	0	1049
4000	18.7	0	1033
4000	18.8	0	1062
4000	18.9	0	1033
4000	19	0	1046
4000	19.1	0	1072
4000	19.2	0	1057
4000	19.3	0	1039
4000	19.4	0	1046
4000	19.5	0	983
4000	19.6	0	1013
4000	19.7	0	1061
4000	19.8	0	1028
4000	19.9	0	1073
8000	0	0	1074
8000	0.1	0	1086
8000	0.2	0	1122
8000	0.3	0	1075
8000	0.4	0	1169
8000	0.5	0	1224
8000	0.6	0	1228
8000	0.7	0	1336
8000	0.8	0	1361
8000	0.9	0	1553
8000	1	0	1663
8000	1.1	0	1826
8000	1.2	0	2062
8000	1.3	0	2288
8000	1.4	0	2572
8000	1.5	0	2986
8000	1.6	0	3575
8000	1.7	0	4269
8000	1.8	0	5260
8000	1.9	0	6615
8000	2	0	8251
8000	2.1	0	11036
8000	2.2	0	13844
8000	2.3	0	17324
8000	2.4	0	19520
8000	2.5	0	19349
8000	2.6	0	19271
8000	2.7	0	19263
8000	2.8	0	19300
8000	2.9	0	19409
8000	3	0	19551
8000	3.1	0	19251
8000	3.2	0	19505
8000	3.3	0	19667
8000	3.4	0	19511
8000	3.5	0	19766
8000	3.6	0	19458
8000	3.7	0	19486
8000	3.8	0	19547
8000	3.9	0	19770
8000	4	0	19755
8000	4.1	0	19589
8000	4.2	0	19479
8000	4.3	0	19603
8000	4.4	0	19649
8000	4.5	0	19412
8000	4.6	0	19690
8000	4.7	0	19320
8000	4.8	0	19482
8000	4.9	0	19498
8000	5	0	19439
8000	5.1	0	18897
8000	5.2	0	18677
8000	5.3	0	17579
8000	5.4	0	16576
8000	5.5	0	15472
8000	5.6	0	14094
8000	5.7	0	13069
8000	5.8	0	11820
8000	5.9	0	10747
8000	6	0	9948
8000	6.1	0	8873
8000	6.2	0	8077
8000	6.3	0	7489
8000	6.4	0	6711
8000	6.5	0	6045
8000	6.6	0	5691
8000	6.7	0	5303
8000	6.8	0	4962
8000	6.9	0	4632
8000	7	0	4367
8000	7.1	0	3929
8000	7.2	0	3611
8000	7.3	0	3513
8000	7.4	0	3245
8000	7.5	0	3038
8000	7.6	0	3034
8000	7.7	0	2760
8000	7.8	0	2668
8000	7.9	0	2612
8000	8	0	2378
8000	8.1	0	2297
8000	8.2	0	2197
8000	8.3	0	2111
8000	8.4	0	1993
8000	8.5	0	1956
8000	8.6	0	1863
8000	8.7	0	1836
8000	8.8	0	1720
8000	8.9	0	1668
8000	9	0	1639
8000	9.1	0	1592
8000	9.2	0	1564
8000	9.3	0	1499
8000	9.4	0	1432
8000	9.5	0	1407
8000	9.6	0	1374
8000	9.7	0	1281
8000	9.8	0	1290
8000	9.9	0	1323
8000	10	0	1257
8000	10.1	0	1326
8000	10.2	0	1209
8000	10.3	0	1146
8000	10.4	0	1232
8000	10.5	0	1199
8000	10.6	0	1158
8000	10.7	0	1160
8000	10.8	0	1146
8000	10.9	0	1128
8000	11	0	1091
8000	11.1	0	1111
8000	11.2	0	1041
8000	11.3	0	1041
8000	11.4	0	1048
8000	11.5	0	1026
8000	11.6	0	1025
8000	11.7	0	1021
8000	11.8	0	1100
8000	11.9	0	1013
8000	12	0	1034
8000	12.1	0	1094
8000	12.2	0	1049
8000	12.3	0	1033
8000	12.4	0	995
8000	12.5	0	1018
8000	12.6	0	1092
8000	12.7	0	1024
8000	12.8	0	1034
8000	12.9	0	1043
8000	13	0	1009
8000	13.1	0	1035
8000	13.2	0	1057
8000	13.3	0	1035
8000	13.4	0	1013
8000	13.5	0	1020
8000	13.6	0	1015
8000	13.7	0	1020
8000	13.8	0	1055
8000	13.9	0	1054
8000	14	0	1068
8000	14.1	0	1033
8000	14.2	0	1012
8000	14.3	0	1043
8000	14.4	0	1097
8000	14.5	0	1047
8000	14.6	0	999
8000	14.7	0	991
8000	14.8	0	980
8000	14.9	0	1076
8000	15	0	1050
8000	15.1	0	1041
8000	15.2	0	1046
8000	15.3	0	1028
8000	15.4	0	1072
8000	15.5	0	1031
8000	15.6	0	1067
8000	15.7	0	1136
8000	15.8	0	1002
8000	15.9	0	1022
8000	16	0	1073
8000	16.1	0	1042
8000	16.2	0	1020
8000	16.3	0	1018
8000	16.4	0	1042
8000	16.5	0	1050
8000	16.6	0	1001
8000	16.7	0	1054
8000	16.8	0	1071
8000	16.9	0	1023
8000	17	0	1089
8000	17.1	0	1004
8000	17.2	0	1019
8000	17.3	0	1019
8000	17.4	0	1074
8000	17.5	0	1103
8000	17.6	0	1057
8000	17.7	0	1053
8000	17.8	0	1026
8000	17.9	0	1009
8000	18	0	1088
8000	18.1	0	1051
8000	18.2	0	1027
8000	18.3	0	1093
8000	18.4	0	1017
8000	18.5	0	1040
8000	18.6	0	1002
8000	18.7	0	1023
8000	18.8	0	1036
8000	18.9	0	1065
8000	19	0	1033
8000	19.1	0	1080
8000	19.2	0	1012
8000	19.3	0	1038
8000	19.4	0	1027
8000	19.5	0	1047
8000	19.6	0	1041
8000	19.7	0	1081
8000	19.8	0	1044
8000	19.9	0	1062
12000	0	0	1030
12000	0.1	0	1035
12000	0.2	0	1119
12000	0.3	0	1072
12000	0.4	0	1204
12000	0.5	0	1161
12000	0.6	0	1246
12000	0.7	0	1361
12000	0.8	0	1456
12000	0.9	0	1562
12000	1	0	1714
12000	1.1	0	1838
12000	1.2	0	2091
12000	1.3	0	2292
12000	1.4	0	2715
12000	1.5	0	3013
12000	1.6	0	3490
12000	1.7	0	4176
12000	1.8	0	5242
12000	1.9	0	6458
12000	2	0	8256
12000	2.1	0	10764
12000	2.2	0	14081
12000	2.3	0	17435
12000	2.4	0	19542
12000	2.5	0	19827
12000	2.6	0	19527
12000	2.7	0	19268
12000	2.8	0	19509
12000	2.9	0	19286
12000	3	0	19195
12000	3.1	0	19407
12000	3.2	0	19598
12000	3.3	0	19694
12000	3.4	0	19621
12000	3.5	0	19357
12000	3.6	0	19682
12000	3.7	0	19687
12000	3.8	0	19620
12000	3.9	0	19596
12000	4	0	19564
12000	4.1	0	19777
12000	4.2	0	19795
12000	4.3	0	19657
12000	4.4	0	19537
12000	4.5	0	19658
12000	4.6	0	19313
12000	4.7	0	19335
12000	4.8	0	19190
12000	4.9	0	19319
12000	5	0	19469
12000	5.1	0	19081
12000	5.2	0	18519
12000	5.3	0	17507
12000	5.4	0	16300
12000	5.5	0	15260
12000	5.6	0	14185
12000	5.7	0	12966
12000	5.8	0	11758
12000	5.9	0	10631
12000	6	0	9984
12000	6.1	0	8747
12000	6.2	0	8088
12000	6.3	0	7388
12000	6.4	0	6778
12000	6.5	0	6241
12000	6.6	0	5893
12000	6.7	0	5199
12000	6.8	0	4908
12000	6.9	0	4529
12000	7	0	4166
12000	7.1	0	4028
12000	7.2	0	3642
12000	7.3	0	3532
12000	7.4	0	3261
12000	7.5	0	3145
12000	7.6	0	2955
12000	7.7	0	2741
12000	7.8	0	2618
12000	7.9	0	2400
12000	8	0	2324
12000	8.1	0	2284
12000	8.2	0	2267
12000	8.3	0	2076
12000	8.4	0	2049
12000	8.5	0	1961
12000	8.6	0	1878
12000	8.7	0	1818
12000	8.8	0	1708
12000	8.9	0	1715
12000	9	0	1658
12000	9.1	0	1614
12000	9.2	0	1489
12000	9.3	0	1438
12000	9.4	0	1407
12000	9.5	0	1399
12000	9.6	0	1417
12000	9.7	0	1306
12000	9.8	0	1306
12000	9.9	0	1279
12000	10	0	1221
12000	10.1	0	1255
12000	10.2	0	1177
12000	10.3	0	1194
12000	10.4	0	1148
12000	10.5	0	1171
12000	10.6	0	1128
12000	10.7	0	1115
12000	10.8	0	1115
12000	10.9	0	1078
12000	11	0	1116
12000	11.1	0	1046
12000	11.2	0	1111
12000	11.3	0	1065
12000	11.4	0	1019
12000	11.5	0	1066
12000	11.6	0	1050
12000	11.7	0	1059
12000	11.8	0	1070
12000	11.9	0	984
12000	12	0	1054
12000	12.1	0	1130
12000	12.2	0	1069
12000	12.3	0	1009
12000	12.4	0	1078
12000	12.5	0	1043
12000	12.6	0	1045
12000	12.7	0	1020
12000	12.8	0	1100
12000	12.9	0	1008
12000	13	0	1060
12000	13.1	0	1047
12000	13.2	0	1064
12000	13.3	0	1073
12000	13.4	0	986
12000	13.5	0	1028
12000	13.6	0	1036
12000	13.7	0	1002
12000	13.8	0	1098
12000	13.9	0	1093
12000	14	0	1015
12000	14.1	0	1046
12000	14.2	0	1076
12000	14.3	0	1082
12000	14.4	0	1076
12000	14.5	0	1020
12000	14.6	0	1004
12000	14.7	0	1061
12000	14.8	0	1030
12000	14.9	0	1057
12000	15	0	1095
12000	15.1	0	1032
12000	15.2	0	1032
12000	15.3	0	1038
12000	15.4	0	1008
12000	15.5	0	1029
12000	15.6	0	1077
12000	15.7	0	985
12000	15.8	0	1050
12000	15.9	0	1033
12000	16	0	1013
12000	16.1	0	1064
12000	16.2	0	1006
12000	16.3	0	1050
12000	16.4	0	1014
12000	16.5	0	1006
12000	16.6	0	1089
12000	16.7	0	1027
12000	16.8	0	1025
12000	16.9	0	1074
12000	17	0	1046
12000	17.1	0	1048
12000	17.2	0	1054
12000	17.3	0	1024
12000	17.4	0	1027
12000	17.5	0	1032
12000	17.6	0	1060
12000	17.7	0	1105
12000	17.8	0	1089
12000	17.9	0	1029
12000	18	0	1111
12000	18.1	0	1101
12000	18.2	0	1049
12000	18.3	0	1114
12000	18.4	0	1060
12000	18.5	0	1069
12000	18.6	0	1092
12000	18.7	0	1072
12000	18.8	0	1071
12000	18.9	0	1054
12000	19	0	1073
12000	19.1	0	1087
12000	19.2	0	1052
12000	19.3	0	1042
12000	19.4	0	1084
12000	19.5	0	1050
12000	19.6	0	1082
12000	19.7	0	1029
12000	19.8	0	1024
12000	19.9	0	1041
16000	0	0	1059
16000	0.1	0	1077
16000	0.2	0	1064
16000	0.3	0	1152
16000	0.4	0	1102
16000	0.5	0	1276
16000	0.6	0	1242
16000	0.7	0	1341
16000	0.8	0	1416
16000	0.9	0	1589
16000	1	0	1693
16000	1.1	0	1852
16000	1.2	0	2068
16000	1.3	0	2282
16000	1.4	0	2622
16000	1.5	0	3090
16000	1.6	0	3641
16000	1.7	0	4262
16000	1.8	0	5275
16000	1.9	0	6347
16000	2	0	8418
16000	2.1	0	10767
16000	2.2	0	14019
16000	2.3	0	17193
16000	2.4	0	19635
16000	2.5	0	19786
16000	2.6	0	19510
16000	2.7	0	19359
16000	2.8	0	19148
16000	2.9	0	19275
16000	3	0	19374
16000	3.1	0	19508
16000	3.2	0	19497
16000	3.3	0	19542
16000	3.4	0	19476
16000	3.5	0	19392
16000	3.6	0	19699
16000	3.7	0	19562
16000	3.8	0	19516
16000	3.9	0	19586
16000	4	0	19535
16000	4.1	0	19538
16000	4.2	0	19708
16000	4.3	0	19547
16000	4.4	0	19448
16000	4.5	0	19581
16000	4.6	0	19227
16000	4.7	0	19392
16000	4.8	0	19359
16000	4.9	0	19653
16000	5	0	19370
16000	5.1	0	18934
16000	5.2	0	18622
16000	5.3	0	17653
16000	5.4	0	16360
16000	5.5	0	15233
16000	5.6	0	14356
16000	5.7	0	12952
16000	5.8	0	11649
16000	5.9	0	10745
16000	6	0	9777
16000	6.1	0	8637
16000	6.2	0	8186
16000	6.3	0	7372
16000	6.4	0	6771
16000	6.5	0	6320
16000	6.6	0	5702
16000	6.7	0	5303
16000	6.8	0	4991
16000	6.9	0	4625
16000	7	0	4245
16000	7.1	0	3948
16000	7.2	0	3710
16000	7.3	0	3453
16000	7.4	0	3264
16000	7.5	0	3101
16000	7.6	0	2961
16000	7.7	0	2743
16000	7.8	0	2650
16000	7.9	0	2578
16000	8	0	2446
16000	8.1	0	2319
16000	8.2	0	2185
16000	8.3	0	2152
16000	8.4	0	2114
16000	8.5	0	1947
16000	8.6	0	1922
16000	8.7	0	1789
16000	8.8	0	1740
16000	8.9	0	1734
16000	9	0	1559
16000	9.1	0	1611
16000	9.2	0	1529
16000	9.3	0	1503
16000	9.4	0	1390
16000	9.5	0	1430
16000	9.6	0	1364
16000	9.7	0	1339
16000	9.8	0	1342
16000	9.9	0	1314
16000	10	0	1260
16000	10.1	0	1288
16000	10.2	0	1180
16000	10.3	0	1244
16000	10.4	0	1149
16000	10.5	0	1155
16000	10.6	0	1154
16000	10.7	0	1205
16000	10.8	0	1111
16000	10.9	0	1086
16000	11	0	1093
16000	11.1	0	1087
16000	11.2	0	1099
16000	11.3	0	1054
16000	11.4	0	991
16000	11.5	0	1089
16000	11.6	0	1095
16000	11.7	0	1076
16000	11.8	0	978
16000	11.9	0	1068
16000	12	0	1038
16000	12.1	0	1027
16000	12.2	0	1098
16000	12.3	0	963
16000	12.4	0	1003
16000	12.5	0	1086
16000	12.6	0	1050
16000	12.7	0	1009
16000	12.8	0	1068
16000	12.9	0	1051
16000	13	0	1105
16000	13.1	0	1050
16000	13.2	0	1014
16000	13.3	0	1041
16000	13.4	0	1018
16000	13.5	0	1149
16000	13.6	0	1075
16000	13.7	0	1103
16000	13.8	0	1029
16000	13.9	0	1054
16000	14	0	1027
16000	14.1	0	1047
16000	14.2	0	996
16000	14.3	0	1025
16000	14.4	0	1043
16000	14.5	0	1058
16000	14.6	0	1100
16000	14.7	0	1018
16000	14.8	0	1087
16000	14.9	0	1062
16000	15	0	1009
16000	15.1	0	1021
16000	15.2	0	1061
16000	15.3	0	1041
16000	15.4	0	1001
16000	15.5	0	1062
16000	15.6	0	1056
16000	15.7	0	1004
16000	15.8	0	1053
16000	15.9	0	1050
16000	16	0	1095
16000	16.1	0	1064
16000	16.2	0	1069
16000	16.3	0	1038
16000	16.4	0	1095
16000	16.5	0	1015
16000	16.6	0	1012
16000	16.7	0	1036
16000	16.8	0	1008
16000	16.9	0	1117
16000	17	0	1052
16000	17.1	0	1064
16000	17.2	0	1031
16000	17.3	0	1064
16000	17.4	0	1046
16000	17.5	0	1088
16000	17.6	0	1033
16000	17.7	0	1010
16000	17.8	0	1070
16000	17.9	0	1009
16000	18	0	1038
16000	18.1	0	998
16000	18.2	0	1086
16000	18.3	0	1061
16000	18.4	0	1024
16000	18.5	0	1056
16000	18.6	0	1092
16000	18.7	0	1036
16000	18.8	0	1094
16000	18.9	0	1055
16000	19	0	1072
16000	19.1	0	1011
16000	19.2	0	1003
16000	19.3	0	1093
16000	19.4	0	1048
16000	19.5	0	1052
16000	19.6	0	1062
16000	19.7	0	1059
16000	19.8	0	1040
16000	19.9	0	1050
20000	0	0	1024
20000	0.1	0	1042
20000	0.2	0	1081
20000	0.3	0	1136
20000	0.4	0	1163
20000	0.5	0	1185
20000	0.6	0	1254
20000	0.7	0	1353
20000	0.8	0	1428
20000	0.9	0	1518
20000	1	0	1654
20000	1.1	0	1853
20000	1.2	0	2047
20000	1.3	0	2209
20000	1.4	0	2600
20000	1.5	0	3140
20000	1.6	0	3559
20000	1.7	0	4127
20000	1.8	0	5363
20000	1.9	0	6551
20000	2	0	8287
20000	2.1	0	10755
20000	2.2	0	14013
20000	2.3	0	17525
20000	2.4	0	19877
20000	2.5	0	19767
20000	2.6	0	19434
20000	2.7	0	19383
20000	2.8	0	19270
20000	2.9	0	19224
20000	3	0	19420
20000	3.1	0	19565
20000	3.2	0	19433
20000	3.3	0	19827
20000	3.4	0	19869
20000	3.5	0	19648
20000	3.6	0	19487
20000	3.7	0	19701
20000	3.8	0	19691
20000	3.9	0	19649
20000	4	0	19690
20000	4.1	0	19738
20000	4.2	0	19553
20000	4.3	0	19415
20000	4.4	0	19751
20000	4.5	0	19575
20000	4.6	0	19573
20000	4.7	0	19286
20000	4.8	0	19398
20000	4.9	0	18870
20000	5	0	19135
20000	5.1	0	18937
20000	5.2	0	18467
20000	5.3	0	17501
20000	5.4	0	16441
20000	5.5	0	15291
20000	5.6	0	14022
20000	5.7	0	12752
20000	5.8	0	11821
20000	5.9	0	10798
20000	6	0	9917
20000	6.1	0	8885
20000	6.2	0	8035
20000	6.3	0	7410
20000	6.4	0	6777
20000	6.5	0	6253
20000	6.6	0	5718
20000	6.7	0	5314
20000	6.8	0	4812
20000	6.9	0	4526
20000	7	0	4309
20000	7.1	0	4021
20000	7.2	0	3787
20000	7.3	0	3462
20000	7.4	0	3277
20000	7.5	0	3125
20000	7.6	0	2944
20000	7.7	0	2725
20000	7.8	0	2599
20000	7.9	0	2580
20000	8	0	2472
20000	8.1	0	2327
20000	8.2	0	2181
20000	8.3	0	2080
20000	8.4	0	2064
20000	8.5	0	1956
20000	8.6	0	1859
20000	8.7	0	1845
20000	8.8	0	1755
20000	8.9	0	1594
20000	9	0	1708
20000	9.1	0	1581
20000	9.2	0	1561
20000	9.3	0	1498
20000	9.4	0	1492
20000	9.5	0	1450
20000	9.6	0	1381
20000	9.7	0	1378
20000	9.8	0	1370
20000	9.9	0	1303
20000	10	0	1314
20000	10.1	0	1216
20000	10.2	0	1220
20000	10.3	0	1211
20000	10.4	0	1119
20000	10.5	0	1166
20000	10.6	0	1148
20000	10.7	0	1181
20000	10.8	0	1090
20000	10.9	0	1066
20000	11	0	1066
20000	11.1	0	1093
20000	11.2	0	1092
20000	11.3	0	1089
20000	11.4	0	1103
20000	11.5	0	1076
20000	11.6	0	1027
20000	11.7	0	987
20000	11.8	0	1026
20000	11.9	0	1079
20000	12	0	1037
20000	12.1	0	1065
20000	12.2	0	1055
20000	12.3	0	1048
20000	12.4	0	1060
20000	12.5	0	1020
20000	12.6	0	1028
20000	12.7	0	1001
20000	12.8	0	1051
20000	12.9	0	1009
20000	13	0	960
20000	13.1	0	1038
20000	13.2	0	1076
20000	13.3	0	1024
20000	13.4	0	1011
20000	13.5	0	1078
20000	13.6	0	1040
20000	13.7	0	1035
20000	13.8	0	1038
20000	13.9	0	1054
20000	14	0	1106
20000	14.1	0	935
20000	14.2	0	973
20000	14.3	0	1053
20000	14.4	0	1018
20000	14.5	0	1083
20000	14.6	0	1096
20000	14.7	0	1026
20000	14.8	0	1002
20000	14.9	0	1006
20000	15	0	1027
20000	15.1	0	992
20000	15.2	0	1052
20000	15.3	0	1024
20000	15.4	0	1020
20000	15.5	0	1038
20000	15.6	0	1057
20000	15.7	0	1106
20000	15.8	0	1013
20000	15.9	0	1034
20000	16	0	1036
20000	16.1	0	1098
20000	16.2	0	1070
20000	16.3	0	988
20000	16.4	0	1065
20000	16.5	0	972
20000	16.6	0	1019
20000	16.7	0	1012
20000	16.8	0	1044
20000	16.9	0	1033
20000	17	0	1039
20000	17.1	0	1060
20000	17.2	0	1075
20000	17.3	0	997
20000	17.4	0	1043
20000	17.5	0	1015
20000	17.6	0	1079
20000	17.7	0	1015
20000	17.8	0	1057
20000	17.9	0	998
20000	18	0	1005
20000	18.1	0	1065
20000	18.2	0	1033
20000	18.3	0	1068
20000	18.4	0	1073
20000	18.5	0	1010
20000	18.6	0	1060
20000	18.7	0	1096
20000	18.8	0	1062
20000	18.9	0	1035
20000	19	0	1105
20000	19.1	0	1068
20000	19.2	0	1041
20000	19.3	0	1012
20000	19.4	0	1029
20000	19.5	0	1045
20000	19.6	0	1062
20000	19.7	0	1052
20000	19.8	0	1109
20000	19.9	0	1040
