4000	0	0	1108
4000	0.1	0	1164
4000	0.2	0	1134
4000	0.3	0	1187
4000	0.4	0	1201
4000	0.5	0	1274
4000	0.6	0	1347
4000	0.7	0	1400
4000	0.8	0	1500
4000	0.9	0	1619
4000	1	0	1832
4000	1.1	0	1990
4000	1.2	0	2299
4000	1.3	0	2544
4000	1.4	0	2931
4000	1.5	0	3400
4000	1.6	0	4050
4000	1.7	0	4849
4000	1.8	0	5967
4000	1.9	0	7678
4000	2	0	9674
4000	2.1	0	12380
4000	2.2	0	15533
4000	2.3	0	18278
4000	2.4	0	19306
4000	2.5	0	18714
4000	2.6	0	18179
4000	2.7	0	18146
4000	2.8	0	17863
4000	2.9	0	18115
4000	3	0	18435
4000	3.1	0	18752
4000	3.2	0	18493
4000	3.3	0	18930
4000	3.4	0	18761
4000	3.5	0	18838
4000	3.6	0	18720
4000	3.7	0	18811
4000	3.8	0	18745
4000	3.9	0	18731
4000	4	0	18840
4000	4.1	0	18738
4000	4.2	0	18785
4000	4.3	0	18713
4000	4.4	0	18613
4000	4.5	0	18645
4000	4.6	0	18375
4000	4.7	0	18525
4000	4.8	0	18331
4000	4.9	0	18349
4000	5	0	18767
4000	5.1	0	18371
4000	5.2	0	18008
4000	5.3	0	17085
4000	5.4	0	16396
4000	5.5	0	15551
4000	5.6	0	14618
4000	5.7	0	13331
4000	5.8	0	12666
4000	5.9	0	11275
4000	6	0	10249
4000	6.1	0	9430
4000	6.2	0	8799
4000	6.3	0	7866
4000	6.4	0	7297
4000	6.5	0	6663
4000	6.6	0	6221
4000	6.7	0	5623
4000	6.8	0	5174
4000	6.9	0	4770
4000	7	0	4448
4000	7.1	0	4144
4000	7.2	0	3839
4000	7.3	0	3740
4000	7.4	0	3366
4000	7.5	0	3224
4000	7.6	0	3189
4000	7.7	0	2938
4000	7.8	0	2758
4000	7.9	0	2681
4000	8	0	2542
4000	8.1	0	2489
4000	8.2	0	2313
4000	8.3	0	2226
4000	8.4	0	2095
4000	8.5	0	2033
4000	8.6	0	1987
4000	8.7	0	1995
4000	8.8	0	1804
4000	8.9	0	1786
4000	9	0	1722
4000	9.1	0	1646
4000	9.2	0	1679
4000	9.3	0	1460
4000	9.4	0	1528
4000	9.5	0	1528
4000	9.6	0	1491
4000	9.7	0	1391
4000	9.8	0	1337
4000	9.9	0	1350
4000	10	0	1325
4000	10.1	0	1350
4000	10.2	0	1225
4000	10.3	0	1233
4000	10.4	0	1227
4000	10.5	0	1267
4000	10.6	0	1164
4000	10.7	0	1181
4000	10.8	0	1224
4000	10.9	0	1212
4000	11	0	1162
4000	11.1	0	1170
4000	11.2	0	1091
4000	11.3	0	1070
4000	11.4	0	1133
4000	11.5	0	1161
4000	11.6	0	1088
4000	11.7	0	1124
4000	11.8	0	1117
4000	11.9	0	1026
4000	12	0	1090
4000	12.1	0	1036
4000	12.2	0	1091
4000	12.3	0	1110
4000	12.4	0	1138
4000	12.5	0	1028
4000	12.6	0	1090
4000	12.7	0	1122
4000	12.8	0	1063
4000	12.9	0	1119
4000	13	0	1124
4000	13.1	0	1110
4000	13.2	0	1106
4000	13.3	0	1044
4000	13.4	0	1079
4000	13.5	0	1075
4000	13.6	0	1119
4000	13.7	0	1095
4000	13.8	0	1047
4000	13.9	0	1139
4000	14	0	1056
4000	14.1	0	1091
4000	14.2	0	1108
4000	14.3	0	1078
4000	14.4	0	1145
4000	14.5	0	1146
4000	14.6	0	1098
4000	14.7	0	1112
4000	14.8	0	1106
4000	14.9	0	1108
4000	15	0	1078
4000	15.1	0	1077
4000	15.2	0	1043
4000	15.3	0	1116
4000	15.4	0	1130
4000	15.5	0	1094
4000	15.6	0	1080
4000	15.7	0	1044
4000	15.8	0	1055
4000	15.9	0	1110
4000	16	0	1095
4000	16.1	0	1080
4000	16.2	0	1081
4000	16.3	0	1174
4000	16.4	0	1093
4000	16.5	0	1141
4000	16.6	0	1064
4000	16.7	0	1080
4000	16.8	0	1098
4000	16.9	0	1087
4000	17	0	1062
4000	17.1	0	1052
4000	17.2	0	1079
4000	17.3	0	1098
4000	17.4	0	1095
4000	17.5	0	1102
4000	17.6	0	1082
4000	17.7	0	1127
4000	17.8	0	1118
4000	17.9	0	1077
4000	18	0	1031
4000	18.1	0	1096
4000	18.2	0	1132
4000	18.3	0	1127
4000	18.4	0	1100
4000	18.5	0	1105
4000	18.6	0	1145
4000	18.7	0	1130
4000	18.8	0	1119
4000	18.9	0	1052
4000	19	0	1070
4000	19.1	0	1106
4000	19.2	0	1115
4000	19.3	0	1145
4000	19.4	0	1110
4000	19.5	0	1177
4000	19.6	0	1094
4000	19.7	0	1086
4000	19.8	0	1097
4000	19.9	0	1147
8000	0	0	1173
8000	0.1	0	1098
8000	0.2	0	1140
8000	0.3	0	1163
8000	0.4	0	1273
8000	0.5	0	1268
8000	0.6	0	1318
8000	0.7	0	1425
8000	0.8	0	1475
8000	0.9	0	1662
8000	1	0	1823
8000	1.1	0	1978
8000	1.2	0	2290
8000	1.3	0	2509
8000	1.4	0	2900
8000	1.5	0	3408
8000	1.6	0	4018
8000	1.7	0	4892
8000	1.8	0	5972
8000	1.9	0	7823
8000	2	0	9873
8000	2.1	0	12376
8000	2.2	0	15579
8000	2.3	0	18184
8000	2.4	0	19389
8000	2.5	0	18904
8000	2.6	0	17988
8000	2.7	0	18171
8000	2.8	0	18365
8000	2.9	0	18151
8000	3	0	18250
8000	3.1	0	18694
8000	3.2	0	18533
8000	3.3	0	18558
8000	3.4	0	18844
8000	3.5	0	18794
8000	3.6	0	18751
8000	3.7	0	18747
8000	3.8	0	18615
8000	3.9	0	18778
8000	4	0	18878
8000	4.1	0	18671
8000	4.2	0	18841
8000	4.3	0	18717
8000	4.4	0	18743
8000	4.5	0	18574
8000	4.6	0	18551
8000	4.7	0	18620
8000	4.8	0	18502
8000	4.9	0	18575
8000	5	0	18568
8000	5.1	0	18396
8000	5.2	0	17821
8000	5.3	0	17188
8000	5.4	0	16457
8000	5.5	0	15613
8000	5.6	0	14489
8000	5.7	0	13579
8000	5.8	0	12506
8000	5.9	0	11418
8000	6	0	10281
8000	6.1	0	9299
8000	6.2	0	8734
8000	6.3	0	7789
8000	6.4	0	7306
8000	6.5	0	6673
8000	6.6	0	6058
8000	6.7	0	5627
8000	6.8	0	5024
8000	6.9	0	4928
8000	7	0	4512
8000	7.1	0	4304
8000	7.2	0	3975
8000	7.3	0	3671
8000	7.4	0	3441
8000	7.5	0	3213
8000	7.6	0	3140
8000	7.7	0	2940
8000	7.8	0	2758
8000	7.9	0	2656
8000	8	0	2595
8000	8.1	0	2465
8000	8.2	0	2334
8000	8.3	0	2253
8000	8.4	0	2154
8000	8.5	0	2037
8000	8.6	0	1907
8000	8.7	0	1901
8000	8.8	0	1902
8000	8.9	0	1733
8000	9	0	1728
8000	9.1	0	1665
8000	9.2	0	1525
8000	9.3	0	1518
8000	9.4	0	1524
8000	9.5	0	1496
8000	9.6	0	1438
8000	9.7	0	1412
8000	9.8	0	1362
8000	9.9	0	1322
8000	10	0	1361
8000	10.1	0	1307
8000	10.2	0	1343
8000	10.3	0	1240
8000	10.4	0	1205
8000	10.5	0	1202
8000	10.6	0	1197
8000	10.7	0	1213
8000	10.8	0	1130
8000	10.9	0	1107
8000	11	0	1182
8000	11.1	0	1092
8000	11.2	0	1157
8000	11.3	0	1092
8000	11.4	0	1074
8000	11.5	0	1108
8000	11.6	0	1134
8000	11.7	0	1032
8000	11.8	0	1057
8000	11.9	0	1112
8000	12	0	1093
8000	12.1	0	1070
8000	12.2	0	1094
8000	12.3	0	1054
8000	12.4	0	1132
8000	12.5	0	1056
8000	12.6	0	1095
8000	12.7	0	1068
8000	12.8	0	1072
8000	12.9	0	1036
8000	13	0	1075
8000	13.1	0	1097
8000	13.2	0	1069
8000	13.3	0	1113
8000	13.4	0	1028
8000	13.5	0	1059
8000	13.6	0	1091
8000	13.7	0	1045
8000	13.8	0	1114
8000	13.9	0	1054
8000	14	0	1104
8000	14.1	0	1131
8000	14.2	0	1073
8000	14.3	0	1075
8000	14.4	0	1091
8000	14.5	0	1092
8000	14.6	0	1066
8000	14.7	0	1053
8000	14.8	0	1100
8000	14.9	0	1076
8000	15	0	1022
8000	15.1	0	1050
8000	15.2	0	1084
8000	15.3	0	1091
8000	15.4	0	1052
8000	15.5	0	1057
8000	15.6	0	1130
8000	15.7	0	1046
8000	15.8	0	1057
8000	15.9	0	1035
8000	16	0	1122
8000	16.1	0	1110
8000	16.2	0	1092
8000	16.3	0	1081
8000	16.4	0	1088
8000	16.5	0	1122
8000	16.6	0	1047
8000	16.7	0	1102
8000	16.8	0	1148
8000	16.9	0	1127
8000	17	0	1043
8000	17.1	0	1050
8000	17.2	0	1119
8000	17.3	0	1117
8000	17.4	0	1123
8000	17.5	0	1060
8000	17.6	0	1087
8000	17.7	0	1110
8000	17.8	0	1085
8000	17.9	0	1154
8000	18	0	1069
8000	18.1	0	1097
8000	18.2	0	1075
8000	18.3	0	1092
8000	18.4	0	1136
8000	18.5	0	1048
8000	18.6	0	1125
8000	18.7	0	1068
8000	18.8	0	1084
8000	18.9	0	1096
8000	19	0	1107
8000	19.1	0	1134
8000	19.2	0	1144
8000	19.3	0	1162
8000	19.4	0	1145
8000	19.5	0	1148
8000	19.6	0	1141
8000	19.7	0	1093
8000	19.8	0	1144
8000	19.9	0	1101
12000	0	0	1180
12000	0.1	0	1105
12000	0.2	0	1109
12000	0.3	0	1225
12000	0.4	0	1183
12000	0.5	0	1262
12000	0.6	0	1291
12000	0.7	0	1475
12000	0.8	0	1504
12000	0.9	0	1673
12000	1	0	1821
12000	1.1	0	1988
12000	1.2	0	2214
12000	1.3	0	2541
12000	1.4	0	2883
12000	1.5	0	3388
12000	1.6	0	3977
12000	1.7	0	4922
12000	1.8	0	5965
12000	1.9	0	7552
12000	2	0	9697
12000	2.1	0	12363
12000	2.2	0	15534
12000	2.3	0	18238
12000	2.4	0	19566
12000	2.5	0	18784
12000	2.6	0	18356
12000	2.7	0	18052
12000	2.8	0	18196
12000	2.9	0	18021
12000	3	0	18382
12000	3.1	0	18806
12000	3.2	0	18581
12000	3.3	0	18635
12000	3.4	0	18684
12000	3.5	0	18754
12000	3.6	0	18904
12000	3.7	0	18653
12000	3.8	0	18837
12000	3.9	0	18855
12000	4	0	18686
12000	4.1	0	18626
12000	4.2	0	18781
12000	4.3	0	18658
12000	4.4	0	18812
12000	4.5	0	18963
12000	4.6	0	18495
12000	4.7	0	18725
12000	4.8	0	18400
12000	4.9	0	18227
12000	5	0	18593
12000	5.1	0	18674
12000	5.2	0	17746
12000	5.3	0	17263
12000	5.4	0	16394
12000	5.5	0	15556
12000	5.6	0	14317
12000	5.7	0	13358
12000	5.8	0	12359
12000	5.9	0	11329
12000	6	0	10345
12000	6.1	0	9445
12000	6.2	0	8692
12000	6.3	0	7995
12000	6.4	0	7246
12000	6.5	0	6718
12000	6.6	0	5942
12000	6.7	0	5574
12000	6.8	0	5308
12000	6.9	0	4885
12000	7	0	4521
12000	7.1	0	4275
12000	7.2	0	3976
12000	7.3	0	3682
12000	7.4	0	3499
12000	7.5	0	3296
12000	7.6	0	3078
12000	7.7	0	3005
12000	7.8	0	2670
12000	7.9	0	2625
12000	8	0	2557
12000	8.1	0	2414
12000	8.2	0	2255
12000	8.3	0	2230
12000	8.4	0	2107
12000	8.5	0	2022
12000	8.6	0	1960
12000	8.7	0	1957
12000	8.8	0	1836
12000	8.9	0	1731
12000	9	0	1697
12000	9.1	0	1641
12000	9.2	0	1515
12000	9.3	0	1531
12000	9.4	0	1441
12000	9.5	0	1540
12000	9.6	0	1418
12000	9.7	0	1423
12000	9.8	0	1434
12000	9.9	0	1325
12000	10	0	1356
12000	10.1	0	1353
12000	10.2	0	1295
12000	10.3	0	1261
12000	10.4	0	1246
12000	10.5	0	1197
12000	10.6	0	1227
12000	10.7	0	1191
12000	10.8	0	1204
12000	10.9	0	1133
12000	11	0	1143
12000	11.1	0	1186
12000	11.2	0	1102
12000	11.3	0	1098
12000	11.4	0	1093
12000	11.5	0	1090
12000	11.6	0	1101
12000	11.7	0	1131
12000	11.8	0	1066
12000	11.9	0	1077
12000	12	0	1106
12000	12.1	0	1013
12000	12.2	0	1094
12000	12.3	0	1053
12000	12.4	0	1087
12000	12.5	0	1127
12000	12.6	0	1080
12000	12.7	0	1052
12000	12.8	0	1038
12000	12.9	0	1088
12000	13	0	1035
12000	13.1	0	1147
12000	13.2	0	1108
12000	13.3	0	1072
12000	13.4	0	1094
12000	13.5	0	1082
12000	13.6	0	1052
12000	13.7	0	1107
12000	13.8	0	1068
12000	13.9	0	1087
12000	14	0	1099
12000	14.1	0	1071
12000	14.2	0	1090
12000	14.3	0	1049
12000	14.4	0	1084
12000	14.5	0	1065
12000	14.6	0	1114
12000	14.7	0	1059
12000	14.8	0	1083
12000	14.9	0	1060
12000	15	0	1130
12000	15.1	0	1148
12000	15.2	0	1086
12000	15.3	0	1109
12000	15.4	0	1159
12000	15.5	0	1115
12000	15.6	0	1071
12000	15.7	0	1046
12000	15.8	0	1066
12000	15.9	0	1068
12000	16	0	1063
12000	16.1	0	1069
12000	16.2	0	1109
12000	16.3	0	1140
12000	16.4	0	1060
12000	16.5	0	1114
12000	16.6	0	1135
12000	16.7	0	1047
12000	16.8	0	1064
12000	16.9	0	1119
12000	17	0	1090
12000	17.1	0	1117
12000	17.2	0	1126
12000	17.3	0	1093
12000	17.4	0	1121
12000	17.5	0	1141
12000	17.6	0	1028
12000	17.7	0	1102
12000	17.8	0	1106
12000	17.9	0	1125
12000	18	0	1132
12000	18.1	0	1104
12000	18.2	0	1126
12000	18.3	0	1100
12000	18.4	0	1031
12000	18.5	0	1125
12000	18.6	0	1093
12000	18.7	0	1140
12000	18.8	0	1108
12000	18.9	0	1143
12000	19	0	1173
12000	19.1	0	1141
12000	19.2	0	1054
12000	19.3	0	1078
12000	19.4	0	1113
12000	19.5	0	1104
12000	19.6	0	1114
12000	19.7	0	1161
12000	19.8	0	1066
12000	19.9	0	1084
16000	0	0	1132
16000	0.1	0	1140
16000	0.2	0	1167
16000	0.3	0	1178
16000	0.4	0	1157
16000	0.5	0	1247
16000	0.6	0	1345
16000	0.7	0	1418
16000	0.8	0	1484
16000	0.9	0	1680
16000	1	0	1866
16000	1.1	0	1923
16000	1.2	0	2245
16000	1.3	0	2566
16000	1.4	0	2930
16000	1.5	0	3375
16000	1.6	0	4038
16000	1.7	0	4799
16000	1.8	0	5953
16000	1.9	0	7621
16000	2	0	9772
16000	2.1	0	12186
16000	2.2	0	15464
16000	2.3	0	18442
16000	2.4	0	19554
16000	2.5	0	18733
16000	2.6	0	18301
16000	2.7	0	18050
16000	2.8	0	17855
16000	2.9	0	18453
16000	3	0	18489
16000	3.1	0	18563
16000	3.2	0	18697
16000	3.3	0	18702
16000	3.4	0	18782
16000	3.5	0	18647
16000	3.6	0	18887
16000	3.7	0	18730
16000	3.8	0	18529
16000	3.9	0	18648
16000	4	0	18874
16000	4.1	0	18638
16000	4.2	0	18697
16000	4.3	0	18585
16000	4.4	0	18761
16000	4.5	0	18599
16000	4.6	0	18725
16000	4.7	0	18283
16000	4.8	0	18418
16000	4.9	0	18675
16000	5	0	18476
16000	5.1	0	18160
16000	5.2	0	17926
16000	5.3	0	17175
16000	5.4	0	16236
16000	5.5	0	15914
16000	5.6	0	14392
16000	5.7	0	13690
16000	5.8	0	12368
16000	5.9	0	11283
16000	6	0	10422
16000	6.1	0	9639
16000	6.2	0	8596
16000	6.3	0	8084
16000	6.4	0	7218
16000	6.5	0	6635
16000	6.6	0	6087
16000	6.7	0	5642
16000	6.8	0	5275
16000	6.9	0	4832
16000	7	0	4534
16000	7.1	0	4219
16000	7.2	0	3869
16000	7.3	0	3602
16000	7.4	0	3548
16000	7.5	0	3314
16000	7.6	0	3064
16000	7.7	0	2895
16000	7.8	0	2843
16000	7.9	0	2579
16000	8	0	2473
16000	8.1	0	2418
16000	8.2	0	2339
16000	8.3	0	2312
16000	8.4	0	2133
16000	8.5	0	2026
16000	8.6	0	2010
16000	8.7	0	1885
16000	8.8	0	1801
16000	8.9	0	1773
16000	9	0	1715
16000	9.1	0	1705
16000	9.2	0	1567
16000	9.3	0	1523
16000	9.4	0	1431
16000	9.5	0	1584
16000	9.6	0	1470
16000	9.7	0	1414
16000	9.8	0	1382
16000	9.9	0	1391
16000	10	0	1321
16000	10.1	0	1304
16000	10.2	0	1290
16000	10.3	0	1251
16000	10.4	0	1237
16000	10.5	0	1263
16000	10.6	0	1289
16000	10.7	0	1164
16000	10.8	0	1188
16000	10.9	0	1156
16000	11	0	1183
16000	11.1	0	1090
16000	11.2	0	1081
16000	11.3	0	1114
16000	11.4	0	1075
16000	11.5	0	1095
16000	11.6	0	1093
16000	11.7	0	1075
16000	11.8	0	1101
16000	11.9	0	1064
16000	12	0	1087
16000	12.1	0	1047
16000	12.2	0	1100
16000	12.3	0	1159
16000	12.4	0	1072
16000	12.5	0	1040
16000	12.6	0	1110
16000	12.7	0	1094
16000	12.8	0	1074
16000	12.9	0	1130
16000	13	0	1057
16000	13.1	0	1096
16000	13.2	0	1115
16000	13.3	0	1091
16000	13.4	0	1073
16000	13.5	0	1149
16000	13.6	0	1086
16000	13.7	0	1074
16000	13.8	0	1072
16000	13.9	0	1088
16000	14	0	1090
16000	14.1	0	1092
16000	14.2	0	1101
16000	14.3	0	1107
16000	14.4	0	1072
16000	14.5	0	1087
16000	14.6	0	1060
16000	14.7	0	1132
16000	14.8	0	1065
16000	14.9	0	1073
16000	15	0	1104
16000	15.1	0	1093
16000	15.2	0	1138
16000	15.3	0	1080
16000	15.4	0	1066
16000	15.5	0	1091
16000	15.6	0	1161
16000	15.7	0	1126
16000	15.8	0	1125
16000	15.9	0	1033
16000	16	0	1035
16000	16.1	0	1127
16000	16.2	0	1130
16000	16.3	0	1061
16000	16.4	0	1097
16000	16.5	0	1149
16000	16.6	0	1085
16000	16.7	0	1052
16000	16.8	0	1091
16000	16.9	0	1075
16000	17	0	1095
16000	17.1	0	1074
16000	17.2	0	1115
16000	17.3	0	1054
16000	17.4	0	1070
16000	17.5	0	1128
16000	17.6	0	1071
16000	17.7	0	1136
16000	17.8	0	1148
16000	17.9	0	1065
16000	18	0	1126
16000	18.1	0	1119
16000	18.2	0	1099
16000	18.3	0	1148
16000	18.4	0	1160
16000	18.5	0	1107
16000	18.6	0	1076
16000	18.7	0	1134
16000	18.8	0	1081
16000	18.9	0	1125
16000	19	0	1053
16000	19.1	0	1098
16000	19.2	0	1057
16000	19.3	0	1147
16000	19.4	0	1078
16000	19.5	0	1101
16000	19.6	0	1082
16000	19.7	0	1130
16000	19.8	0	1111
16000	19.9	0	1094
20000	0	0	1148
20000	0.1	0	1152
20000	0.2	0	1143
20000	0.3	0	1180
20000	0.4	0	1264
20000	0.5	0	1258
20000	0.6	0	1380
20000	0.7	0	1427
20000	0.8	0	1526
20000	0.9	0	1689
20000	1	0	1795
20000	1.1	0	1956
20000	1.2	0	2219
20000	1.3	0	2547
20000	1.4	0	2872
20000	1.5	0	3297
20000	1.6	0	4006
20000	1.7	0	4805
20000	1.8	0	5810
20000	1.9	0	7510
20000	2	0	9574
20000	2.1	0	12436
20000	2.2	0	15567
20000	2.3	0	18189
20000	2.4	0	19653
20000	2.5	0	18825
20000	2.6	0	18206
20000	2.7	0	18229
20000	2.8	0	18054
20000	2.9	0	18334
20000	3	0	18402
20000	3.1	0	18482
20000	3.2	0	18682
20000	3.3	0	18780
20000	3.4	0	18671
20000	3.5	0	18721
20000	3.6	0	18847
20000	3.7	0	18575
20000	3.8	0	18687
20000	3.9	0	18837
20000	4	0	18685
20000	4.1	0	18820
20000	4.2	0	19021
20000	4.3	0	18816
20000	4.4	0	18715
20000	4.5	0	18597
20000	4.6	0	18703
20000	4.7	0	18349
20000	4.8	0	18584
20000	4.9	0	18553
20000	5	0	18414
20000	5.1	0	18287
20000	5.2	0	17733
20000	5.3	0	17347
20000	5.4	0	16456
20000	5.5	0	15546
20000	5.6	0	14619
20000	5.7	0	13450
20000	5.8	0	12293
20000	5.9	0	11483
20000	6	0	10503
20000	6.1	0	9578
20000	6.2	0	8751
20000	6.3	0	7950
20000	6.4	0	7164
20000	6.5	0	6685
20000	6.6	0	6129
20000	6.7	0	5700
20000	6.8	0	5110
20000	6.9	0	4755
20000	7	0	4499
20000	7.1	0	4207
20000	7.2	0	4135
20000	7.3	0	3708
20000	7.4	0	3472
20000	7.5	0	3192
20000	7.6	0	3105
20000	7.7	0	2947
20000	7.8	0	2771
20000	7.9	0	2570
20000	8	0	2558
20000	8.1	0	2359
20000	8.2	0	2192
20000	8.3	0	2144
20000	8.4	0	2146
20000	8.5	0	1998
20000	8.6	0	1871
20000	8.7	0	1908
20000	8.8	0	1801
20000	8.9	0	1756
20000	9	0	1725
20000	9.1	0	1712
20000	9.2	0	1664
20000	9.3	0	1535
20000	9.4	0	1551
20000	9.5	0	1429
20000	9.6	0	1418
20000	9.7	0	1446
20000	9.8	0	1393
20000	9.9	0	1362
20000	10	0	1302
20000	10.1	0	1375
20000	10.2	0	1258
20000	10.3	0	1304
20000	10.4	0	1227
20000	10.5	0	1186
20000	10.6	0	1298
20000	10.7	0	1184
20000	10.8	0	1147
20000	10.9	0	1150
20000	11	0	1178
20000	11.1	0	1144
20000	11.2	0	1158
20000	11.3	0	1075
20000	11.4	0	1135
20000	11.5	0	1060
20000	11.6	0	1120
20000	11.7	0	1117
20000	11.8	0	1068
20000	11.9	0	1124
20000	12	0	1074
20000	12.1	0	1067
20000	12.2	0	1073
20000	12.3	0	1131
20000	12.4	0	1067
20000	12.5	0	1088
20000	12.6	0	1050
20000	12.7	0	1076
20000	12.8	0	1083
20000	12.9	0	1047
20000	13	0	1102
20000	13.1	0	1087
20000	13.2	0	1120
20000	13.3	0	1081
20000	13.4	0	1133
20000	13.5	0	1060
20000	13.6	0	1072
20000	13.7	0	1086
20000	13.8	0	1093
20000	13.9	0	1078
20000	14	0	1111
20000	14.1	0	1076
20000	14.2	0	1121
20000	14.3	0	1088
20000	14.4	0	1098
20000	14.5	0	1116
20000	14.6	0	1077
20000	14.7	0	1033
20000	14.8	0	1138
20000	14.9	0	1131
20000	15	0	1083
20000	15.1	0	1117
20000	15.2	0	1055
20000	15.3	0	1101
20000	15.4	0	1100
20000	15.5	0	1054
20000	15.6	0	1094
20000	15.7	0	1057
20000	15.8	0	1041
20000	15.9	0	1081
20000	16	0	1064
20000	16.1	0	1093
20000	16.2	0	1094
20000	16.3	0	1097
20000	16.4	0	1091
20000	16.5	0	1104
20000	16.6	0	1081
20000	16.7	0	1095
20000	16.8	0	1184
20000	16.9	0	1047
20000	17	0	1141
20000	17.1	0	1129
20000	17.2	0	1092
20000	17.3	0	1101
20000	17.4	0	1079
20000	17.5	0	1090
20000	17.6	0	1038
20000	17.7	0	1140
20000	17.8	0	1083
20000	17.9	0	1068
20000	18	0	1149
20000	18.1	0	1052
20000	18.2	0	1054
20000	18.3	0	1110
20000	18.4	0	1127
20000	18.5	0	1037
20000	18.6	0	1107
20000	18.7	0	1123
20000	18.8	0	1106
20000	18.9	0	1045
20000	19	0	1087
20000	19.1	0	1081
20000	19.2	0	1110
20000	19.3	0	1116
20000	19.4	0	1111
20000	19.5	0	1082
20000	19.6	0	1097
20000	19.7	0	1125
20000	19.8	0	1081
20000	19.9	0	1134
