4000	0	0	1273
4000	0.1	0	1210
4000	0.2	0	1200
4000	0.3	0	1259
4000	0.4	0	1433
4000	0.5	0	1397
4000	0.6	0	1458
4000	0.7	0	1649
4000	0.8	0	1689
4000	0.9	0	1903
4000	1	0	2111
4000	1.1	0	2349
4000	1.2	0	2757
4000	1.3	0	3206
4000	1.4	0	3656
4000	1.5	0	4518
4000	1.6	0	5639
4000	1.7	0	6880
4000	1.8	0	8618
4000	1.9	0	10516
4000	2	0	12731
4000	2.1	0	15106
4000	2.2	0	17357
4000	2.3	0	18274
4000	2.4	0	17946
4000	2.5	0	16556
4000	2.6	0	16261
4000	2.7	0	16569
4000	2.8	0	16665
4000	2.9	0	16995
4000	3	0	17093
4000	3.1	0	17444
4000	3.2	0	17087
4000	3.3	0	17147
4000	3.4	0	17266
4000	3.5	0	17187
4000	3.6	0	17292
4000	3.7	0	17281
4000	3.8	0	17236
4000	3.9	0	17188
4000	4	0	17357
4000	4.1	0	17198
4000	4.2	0	17053
4000	4.3	0	17355
4000	4.4	0	16934
4000	4.5	0	17065
4000	4.6	0	17037
4000	4.7	0	17135
4000	4.8	0	16995
4000	4.9	0	16874
4000	5	0	16808
4000	5.1	0	16964
4000	5.2	0	16616
4000	5.3	0	16252
4000	5.4	0	15919
4000	5.5	0	15428
4000	5.6	0	14615
4000	5.7	0	14006
4000	5.8	0	13282
4000	5.9	0	12389
4000	6	0	11540
4000	6.1	0	10659
4000	6.2	0	9674
4000	6.3	0	9289
4000	6.4	0	8549
4000	6.5	0	7560
4000	6.6	0	6975
4000	6.7	0	6448
4000	6.8	0	5856
4000	6.9	0	5485
4000	7	0	5121
4000	7.1	0	4679
4000	7.2	0	4322
4000	7.3	0	3936
4000	7.4	0	3840
4000	7.5	0	3479
4000	7.6	0	3427
4000	7.7	0	3173
4000	7.8	0	3066
4000	7.9	0	2870
4000	8	0	2726
4000	8.1	0	2580
4000	8.2	0	2371
4000	8.3	0	2331
4000	8.4	0	2250
4000	8.5	0	2186
4000	8.6	0	2043
4000	8.7	0	2112
4000	8.8	0	1947
4000	8.9	0	1937
4000	9	0	1756
4000	9.1	0	1756
4000	9.2	0	1785
4000	9.3	0	1626
4000	9.4	0	1625
4000	9.5	0	1595
4000	9.6	0	1594
4000	9.7	0	1451
4000	9.8	0	1495
4000	9.9	0	1422
4000	10	0	1345
4000	10.1	0	1288
4000	10.2	0	1357
4000	10.3	0	1282
4000	10.4	0	1312
4000	10.5	0	1300
4000	10.6	0	1260
4000	10.7	0	1247
4000	10.8	0	1282
4000	10.9	0	1163
4000	11	0	1222
4000	11.1	0	1143
4000	11.2	0	1157
4000	11.3	0	1157
4000	11.4	0	1196
4000	11.5	0	1158
4000	11.6	0	1112
4000	11.7	0	1186
4000	11.8	0	1108
4000	11.9	0	1174
4000	12	0	1125
4000	12.1	0	1134
4000	12.2	0	1068
4000	12.3	0	1129
4000	12.4	0	1156
4000	12.5	0	1132
4000	12.6	0	1128
4000	12.7	0	1114
4000	12.8	0	1159
4000	12.9	0	1091
4000	13	0	1186
4000	13.1	0	1163
4000	13.2	0	1147
4000	13.3	0	1135
4000	13.4	0	1209
4000	13.5	0	1126
4000	13.6	0	1136
4000	13.7	0	1170
4000	13.8	0	1170
4000	13.9	0	1160
4000	14	0	1168
4000	14.1	0	1154
4000	14.2	0	1157
4000	14.3	0	1171
4000	14.4	0	1161
4000	14.5	0	1166
4000	14.6	0	1157
4000	14.7	0	1174
4000	14.8	0	1113
4000	14.9	0	1094
4000	15	0	1131
4000	15.1	0	1164
4000	15.2	0	1190
4000	15.3	0	1161
4000	15.4	0	1100
4000	15.5	0	1205
4000	15.6	0	1174
4000	15.7	0	1161
4000	15.8	0	1142
4000	15.9	0	1244
4000	16	0	1133
4000	16.1	0	1145
4000	16.2	0	1185
4000	16.3	0	1079
4000	16.4	0	1186
4000	16.5	0	1195
4000	16.6	0	1151
4000	16.7	0	1197
4000	16.8	0	1099
4000	16.9	0	1132
4000	17	0	1161
4000	17.1	0	1161
4000	17.2	0	1200
4000	17.3	0	1137
4000	17.4	0	1143
4000	17.5	0	1185
4000	17.6	0	1131
4000	17.7	0	1119
4000	17.8	0	1134
4000	17.9	0	1150
4000	18	0	1153
4000	18.1	0	1172
4000	18.2	0	1176
4000	18.3	0	1153
4000	18.4	0	1136
4000	18.5	0	1119
4000	18.6	0	1179
4000	18.7	0	1181
4000	18.8	0	1161
4000	18.9	0	1183
4000	19	0	1119
4000	19.1	0	1131
4000	19.2	0	1183
4000	19.3	0	1147
4000	19.4	0	1190
4000	19.5	0	1165
4000	19.6	0	1186
4000	19.7	0	1255
4000	19.8	0	1127
4000	19.9	0	1167
8000	0	0	1239
8000	0.1	0	1187
8000	0.2	0	1224
8000	0.3	0	1304
8000	0.4	0	1339
8000	0.5	0	1355
8000	0.6	0	1554
8000	0.7	0	1587
8000	0.8	0	1747
8000	0.9	0	1925
8000	1	0	2120
8000	1.1	0	2361
8000	1.2	0	2755
8000	1.3	0	3132
8000	1.4	0	3765
8000	1.5	0	4447
8000	1.6	0	5525
8000	1.7	0	6737
8000	1.8	0	8587
8000	1.9	0	10312
8000	2	0	12778
8000	2.1	0	15189
8000	2.2	0	17206
8000	2.3	0	18316
8000	2.4	0	17727
8000	2.5	0	16675
8000	2.6	0	16353
8000	2.7	0	16342
8000	2.8	0	16885
8000	2.9	0	16965
8000	3	0	16977
8000	3.1	0	17266
8000	3.2	0	17217
8000	3.3	0	17296
8000	3.4	0	17058
8000	3.5	0	17239
8000	3.6	0	17265
8000	3.7	0	17146
8000	3.8	0	17019
8000	3.9	0	17298
8000	4	0	17344
8000	4.1	0	17122
8000	4.2	0	17197
8000	4.3	0	17311
8000	4.4	0	17178
8000	4.5	0	17101
8000	4.6	0	17040
8000	4.7	0	16935
8000	4.8	0	16997
8000	4.9	0	16937
8000	5	0	16923
8000	5.1	0	16811
8000	5.2	0	16742
8000	5.3	0	16290
8000	5.4	0	15813
8000	5.5	0	15215
8000	5.6	0	14824
8000	5.7	0	14005
8000	5.8	0	13274
8000	5.9	0	12469
8000	6	0	11479
8000	6.1	0	10743
8000	6.2	0	9897
8000	6.3	0	9058
8000	6.4	0	8373
8000	6.5	0	7524
8000	6.6	0	7028
8000	6.7	0	6532
8000	6.8	0	5953
8000	6.9	0	5622
8000	7	0	5186
8000	7.1	0	4623
8000	7.2	0	4326
8000	7.3	0	4038
8000	7.4	0	3824
8000	7.5	0	3522
8000	7.6	0	3320
8000	7.7	0	3145
8000	7.8	0	3047
8000	7.9	0	2843
8000	8	0	2678
8000	8.1	0	2552
8000	8.2	0	2521
8000	8.3	0	2319
8000	8.4	0	2237
8000	8.5	0	2172
8000	8.6	0	2136
8000	8.7	0	2062
8000	8.8	0	1962
8000	8.9	0	1866
8000	9	0	1798
8000	9.1	0	1808
8000	9.2	0	1753
8000	9.3	0	1660
8000	9.4	0	1597
8000	9.5	0	1533
8000	9.6	0	1611
8000	9.7	0	1491
8000	9.8	0	1449
8000	9.9	0	1453
8000	10	0	1416
8000	10.1	0	1392
8000	10.2	0	1300
8000	10.3	0	1307
8000	10.4	0	1273
8000	10.5	0	1224
8000	10.6	0	1255
8000	10.7	0	1211
8000	10.8	0	1178
8000	10.9	0	1189
8000	11	0	1189
8000	11.1	0	1169
8000	11.2	0	1161
8000	11.3	0	1193
8000	11.4	0	1190
8000	11.5	0	1249
8000	11.6	0	1138
8000	11.7	0	1128
8000	11.8	0	1179
8000	11.9	0	1136
8000	12	0	1169
8000	12.1	0	1152
8000	12.2	0	1105
8000	12.3	0	1134
8000	12.4	0	1177
8000	12.5	0	1127
8000	12.6	0	1125
8000	12.7	0	1099
8000	12.8	0	1145
8000	12.9	0	1133
8000	13	0	1074
8000	13.1	0	1190
8000	13.2	0	1183
8000	13.3	0	1185
8000	13.4	0	1117
8000	13.5	0	1152
8000	13.6	0	1207
8000	13.7	0	1126
8000	13.8	0	1146
8000	13.9	0	1141
8000	14	0	1150
8000	14.1	0	1125
8000	14.2	0	1147
8000	14.3	0	1080
8000	14.4	0	1161
8000	14.5	0	1184
8000	14.6	0	1167
8000	14.7	0	1137
8000	14.8	0	1155
8000	14.9	0	1120
8000	15	0	1129
8000	15.1	0	1122
8000	15.2	0	1047
8000	15.3	0	1155
8000	15.4	0	1088
8000	15.5	0	1225
8000	15.6	0	1194
8000	15.7	0	1174
8000	15.8	0	1167
8000	15.9	0	1186
8000	16	0	1212
8000	16.1	0	1103
8000	16.2	0	1171
8000	16.3	0	1191
8000	16.4	0	1172
8000	16.5	0	1149
8000	16.6	0	1156
8000	16.7	0	1132
8000	16.8	0	1093
8000	16.9	0	1130
8000	17	0	1164
8000	17.1	0	1091
8000	17.2	0	1177
8000	17.3	0	1145
8000	17.4	0	1196
8000	17.5	0	1199
8000	17.6	0	1196
8000	17.7	0	1187
8000	17.8	0	1178
8000	17.9	0	1139
8000	18	0	1174
8000	18.1	0	1184
8000	18.2	0	1190
8000	18.3	0	1154
8000	18.4	0	1202
8000	18.5	0	1177
8000	18.6	0	1150
8000	18.7	0	1174
8000	18.8	0	1202
8000	18.9	0	1220
8000	19	0	1208
8000	19.1	0	1117
8000	19.2	0	1178
8000	19.3	0	1198
8000	19.4	0	1209
8000	19.5	0	1185
8000	19.6	0	1182
8000	19.7	0	1233
8000	19.8	0	1241
8000	19.9	0	1276
12000	0	0	1221
12000	0.1	0	1202
12000	0.2	0	1249
12000	0.3	0	1333
12000	0.4	0	1415
12000	0.5	0	1331
12000	0.6	0	1481
12000	0.7	0	1618
12000	0.8	0	1656
12000	0.9	0	1941
12000	1	0	2119
12000	1.1	0	2403
12000	1.2	0	2652
12000	1.3	0	3079
12000	1.4	0	3711
12000	1.5	0	4484
12000	1.6	0	5501
12000	1.7	0	6857
12000	1.8	0	8483
12000	1.9	0	10567
12000	2	0	13000
12000	2.1	0	15221
12000	2.2	0	17059
12000	2.3	0	18254
12000	2.4	0	17843
12000	2.5	0	16494
12000	2.6	0	16392
12000	2.7	0	16497
12000	2.8	0	16668
12000	2.9	0	17013
12000	3	0	17070
12000	3.1	0	17307
12000	3.2	0	17143
12000	3.3	0	17238
12000	3.4	0	17212
12000	3.5	0	17081
12000	3.6	0	17319
12000	3.7	0	17144
12000	3.8	0	17152
12000	3.9	0	17354
12000	4	0	17324
12000	4.1	0	17357
12000	4.2	0	17045
12000	4.3	0	17270
12000	4.4	0	17128
12000	4.5	0	16923
12000	4.6	0	17004
12000	4.7	0	17275
12000	4.8	0	16795
12000	4.9	0	16852
12000	5	0	16992
12000	5.1	0	16741
12000	5.2	0	16721
12000	5.3	0	16250
12000	5.4	0	15664
12000	5.5	0	15393
12000	5.6	0	14903
12000	5.7	0	13957
12000	5.8	0	13237
12000	5.9	0	12419
12000	6	0	11545
12000	6.1	0	10838
12000	6.2	0	9893
12000	6.3	0	9177
12000	6.4	0	8433
12000	6.5	0	7591
12000	6.6	0	7012
12000	6.7	0	6513
12000	6.8	0	5927
12000	6.9	0	5499
12000	7	0	4997
12000	7.1	0	4802
12000	7.2	0	4389
12000	7.3	0	4025
12000	7.4	0	3909
12000	7.5	0	3478
12000	7.6	0	3359
12000	7.7	0	3061
12000	7.8	0	3090
12000	7.9	0	2855
12000	8	0	2790
12000	8.1	0	2633
12000	8.2	0	2423
12000	8.3	0	2371
12000	8.4	0	2256
12000	8.5	0	2191
12000	8.6	0	2058
12000	8.7	0	2087
12000	8.8	0	1974
12000	8.9	0	1933
12000	9	0	1836
12000	9.1	0	1726
12000	9.2	0	1728
12000	9.3	0	1680
12000	9.4	0	1579
12000	9.5	0	1543
12000	9.6	0	1449
12000	9.7	0	1427
12000	9.8	0	1427
12000	9.9	0	1470
12000	10	0	1413
12000	10.1	0	1381
12000	10.2	0	1332
12000	10.3	0	1330
12000	10.4	0	1236
12000	10.5	0	1314
12000	10.6	0	1212
12000	10.7	0	1191
12000	10.8	0	1160
12000	10.9	0	1258
12000	11	0	1188
12000	11.1	0	1213
12000	11.2	0	1211
12000	11.3	0	1134
12000	11.4	0	1233
12000	11.5	0	1141
12000	11.6	0	1167
12000	11.7	0	1098
12000	11.8	0	1123
12000	11.9	0	1113
12000	12	0	1133
12000	12.1	0	1157
12000	12.2	0	1139
12000	12.3	0	1135
12000	12.4	0	1140
12000	12.5	0	1140
12000	12.6	0	1175
12000	12.7	0	1144
12000	12.8	0	1184
12000	12.9	0	1139
12000	13	0	1161
12000	13.1	0	1107
12000	13.2	0	1126
12000	13.3	0	1199
12000	13.4	0	1166
12000	13.5	0	1162
12000	13.6	0	1118
12000	13.7	0	1173
12000	13.8	0	1122
12000	13.9	0	1127
12000	14	0	1077
12000	14.1	0	1072
12000	14.2	0	1162
12000	14.3	0	1156
12000	14.4	0	1148
12000	14.5	0	1089
12000	14.6	0	1182
12000	14.7	0	1192
12000	14.8	0	1152
12000	14.9	0	1178
12000	15	0	1162
12000	15.1	0	1120
12000	15.2	0	1069
12000	15.3	0	1129
12000	15.4	0	1143
12000	15.5	0	1099
12000	15.6	0	1168
12000	15.7	0	1161
12000	15.8	0	1149
12000	15.9	0	1196
12000	16	0	1149
12000	16.1	0	1197
12000	16.2	0	1109
12000	16.3	0	1155
12000	16.4	0	1184
12000	16.5	0	1141
12000	16.6	0	1114
12000	16.7	0	1155
12000	16.8	0	1130
12000	16.9	0	1153
12000	17	0	1137
12000	17.1	0	1157
12000	17.2	0	1199
12000	17.3	0	1170
12000	17.4	0	1096
12000	17.5	0	1198
12000	17.6	0	1183
12000	17.7	0	1193
12000	17.8	0	1136
12000	17.9	0	1155
12000	18	0	1164
12000	18.1	0	1153
12000	18.2	0	1157
12000	18.3	0	1153
12000	18.4	0	1130
12000	18.5	0	1185
12000	18.6	0	1140
12000	18.7	0	1163
12000	18.8	0	1127
12000	18.9	0	1182
12000	19	0	1158
12000	19.1	0	1239
12000	19.2	0	1187
12000	19.3	0	1214
12000	19.4	0	1197
12000	19.5	0	1134
12000	19.6	0	1229
12000	19.7	0	1248
12000	19.8	0	1239
12000	19.9	0	1303
16000	0	0	1201
16000	0.1	0	1287
16000	0.2	0	1268
16000	0.3	0	1215
16000	0.4	0	1429
16000	0.5	0	1374
16000	0.6	0	1447
16000	0.7	0	1621
16000	0.8	0	1759
16000	0.9	0	1830
16000	1	0	2184
16000	1.1	0	2398
16000	1.2	0	2778
16000	1.3	0	3138
16000	1.4	0	3822
16000	1.5	0	4469
16000	1.6	0	5345
16000	1.7	0	6820
16000	1.8	0	8578
16000	1.9	0	10518
16000	2	0	12811
16000	2.1	0	15153
16000	2.2	0	17329
16000	2.3	0	18225
16000	2.4	0	17746
16000	2.5	0	16956
16000	2.6	0	16269
16000	2.7	0	16445
16000	2.8	0	16553
16000	2.9	0	17065
16000	3	0	17135
16000	3.1	0	17304
16000	3.2	0	17289
16000	3.3	0	17142
16000	3.4	0	17160
16000	3.5	0	17180
16000	3.6	0	17061
16000	3.7	0	17322
16000	3.8	0	17254
16000	3.9	0	17171
16000	4	0	17256
16000	4.1	0	17125
16000	4.2	0	17380
16000	4.3	0	16949
16000	4.4	0	17238
16000	4.5	0	17254
16000	4.6	0	16995
16000	4.7	0	16757
16000	4.8	0	16857
16000	4.9	0	16823
16000	5	0	17002
16000	5.1	0	16560
16000	5.2	0	16659
16000	5.3	0	16275
16000	5.4	0	15789
16000	5.5	0	15197
16000	5.6	0	14546
16000	5.7	0	13866
16000	5.8	0	13290
16000	5.9	0	12487
16000	6	0	11351
16000	6.1	0	10775
16000	6.2	0	9809
16000	6.3	0	9290
16000	6.4	0	8384
16000	6.5	0	7692
16000	6.6	0	7111
16000	6.7	0	6529
16000	6.8	0	5944
16000	6.9	0	5524
16000	7	0	5101
16000	7.1	0	4710
16000	7.2	0	4374
16000	7.3	0	4079
16000	7.4	0	3893
16000	7.5	0	3587
16000	7.6	0	3367
16000	7.7	0	3194
16000	7.8	0	3058
16000	7.9	0	2872
16000	8	0	2726
16000	8.1	0	2602
16000	8.2	0	2463
16000	8.3	0	2324
16000	8.4	0	2226
16000	8.5	0	2104
16000	8.6	0	2128
16000	8.7	0	2043
16000	8.8	0	2039
16000	8.9	0	1855
16000	9	0	1806
16000	9.1	0	1732
16000	9.2	0	1771
16000	9.3	0	1610
16000	9.4	0	1652
16000	9.5	0	1632
16000	9.6	0	1487
16000	9.7	0	1483
16000	9.8	0	1551
16000	9.9	0	1506
16000	10	0	1399
16000	10.1	0	1415
16000	10.2	0	1364
16000	10.3	0	1319
16000	10.4	0	1288
16000	10.5	0	1268
16000	10.6	0	1168
16000	10.7	0	1269
16000	10.8	0	1278
16000	10.9	0	1250
16000	11	0	1255
16000	11.1	0	1235
16000	11.2	0	1146
16000	11.3	0	1196
16000	11.4	0	1163
16000	11.5	0	1167
16000	11.6	0	1180
16000	11.7	0	1189
16000	11.8	0	1169
16000	11.9	0	1178
16000	12	0	1083
16000	12.1	0	1149
16000	12.2	0	1181
16000	12.3	0	1155
16000	12.4	0	1134
16000	12.5	0	1113
16000	12.6	0	1154
16000	12.7	0	1180
16000	12.8	0	1156
16000	12.9	0	1134
16000	13	0	1113
16000	13.1	0	1155
16000	13.2	0	1139
16000	13.3	0	1207
16000	13.4	0	1102
16000	13.5	0	1193
16000	13.6	0	1089
16000	13.7	0	1138
16000	13.8	0	1141
16000	13.9	0	1136
16000	14	0	1129
16000	14.1	0	1123
16000	14.2	0	1169
16000	14.3	0	1162
16000	14.4	0	1188
16000	14.5	0	1117
16000	14.6	0	1204
16000	14.7	0	1149
16000	14.8	0	1097
16000	14.9	0	1095
16000	15	0	1125
16000	15.1	0	1114
16000	15.2	0	1101
16000	15.3	0	1209
16000	15.4	0	1114
16000	15.5	0	1179
16000	15.6	0	1086
16000	15.7	0	1166
16000	15.8	0	1126
16000	15.9	0	1143
16000	16	0	1123
16000	16.1	0	1127
16000	16.2	0	1184
16000	16.3	0	1178
16000	16.4	0	1154
16000	16.5	0	1178
16000	16.6	0	1114
16000	16.7	0	1184
16000	16.8	0	1121
16000	16.9	0	1179
16000	17	0	1141
16000	17.1	0	1106
16000	17.2	0	1145
16000	17.3	0	1182
16000	17.4	0	1144
16000	17.5	0	1139
16000	17.6	0	1242
16000	17.7	0	1247
16000	17.8	0	1118
16000	17.9	0	1169
16000	18	0	1140
16000	18.1	0	1163
16000	18.2	0	1149
16000	18.3	0	1133
16000	18.4	0	1089
16000	18.5	0	1174
16000	18.6	0	1161
16000	18.7	0	1225
16000	18.8	0	1182
16000	18.9	0	1193
16000	19	0	1189
16000	19.1	0	1154
16000	19.2	0	1168
16000	19.3	0	1218
16000	19.4	0	1219
16000	19.5	0	1194
16000	19.6	0	1154
16000	19.7	0	1175
16000	19.8	0	1220
16000	19.9	0	1241
20000	0	0	1154
20000	0.1	0	1232
20000	0.2	0	1282
20000	0.3	0	1306
20000	0.4	0	1290
20000	0.5	0	1400
20000	0.6	0	1506
20000	0.7	0	1641
20000	0.8	0	1693
20000	0.9	0	1890
20000	1	0	2116
20000	1.1	0	2421
20000	1.2	0	2651
20000	1.3	0	3185
20000	1.4	0	3726
20000	1.5	0	4521
20000	1.6	0	5490
20000	1.7	0	6763
20000	1.8	0	8459
20000	1.9	0	10551
20000	2	0	12752
20000	2.1	0	15185
20000	2.2	0	17359
20000	2.3	0	18312
20000	2.4	0	17884
20000	2.5	0	16590
20000	2.6	0	16346
20000	2.7	0	16335
20000	2.8	0	16906
20000	2.9	0	16923
20000	3	0	17233
20000	3.1	0	17018
20000	3.2	0	17279
20000	3.3	0	17182
20000	3.4	0	17076
20000	3.5	0	17263
20000	3.6	0	17168
20000	3.7	0	17278
20000	3.8	0	17406
20000	3.9	0	17259
20000	4	0	17186
20000	4.1	0	17260
20000	4.2	0	17293
20000	4.3	0	17063
20000	4.4	0	17035
20000	4.5	0	17335
20000	4.6	0	17038
20000	4.7	0	16903
20000	4.8	0	16941
20000	4.9	0	16909
20000	5	0	16953
20000	5.1	0	16775
20000	5.2	0	16467
20000	5.3	0	16532
20000	5.4	0	15719
20000	5.5	0	15468
20000	5.6	0	14469
20000	5.7	0	14172
20000	5.8	0	13205
20000	5.9	0	12412
20000	6	0	11706
20000	6.1	0	10518
20000	6.2	0	9893
20000	6.3	0	9261
20000	6.4	0	8412
20000	6.5	0	7598
20000	6.6	0	6882
20000	6.7	0	6375
20000	6.8	0	5999
20000	6.9	0	5524
20000	7	0	5084
20000	7.1	0	4751
20000	7.2	0	4401
20000	7.3	0	4121
20000	7.4	0	3813
20000	7.5	0	3604
20000	7.6	0	3510
20000	7.7	0	3244
20000	7.8	0	3002
20000	7.9	0	2896
20000	8	0	2758
20000	8.1	0	2509
20000	8.2	0	2490
20000	8.3	0	2388
20000	8.4	0	2247
20000	8.5	0	2190
20000	8.6	0	2177
20000	8.7	0	1996
20000	8.8	0	1931
20000	8.9	0	1951
20000	9	0	1876
20000	9.1	0	1716
20000	9.2	0	1667
20000	9.3	0	1691
20000	9.4	0	1649
20000	9.5	0	1544
20000	9.6	0	1538
20000	9.7	0	1511
20000	9.8	0	1448
20000	9.9	0	1409
20000	10	0	1394
20000	10.1	0	1352
20000	10.2	0	1316
20000	10.3	0	1310
20000	10.4	0	1308
20000	10.5	0	1251
20000	10.6	0	1264
20000	10.7	0	1264
20000	10.8	0	1219
20000	10.9	0	1213
20000	11	0	1187
20000	11.1	0	1128
20000	11.2	0	1179
20000	11.3	0	1173
20000	11.4	0	1121
20000	11.5	0	1126
20000	11.6	0	1153
20000	11.7	0	1132
20000	11.8	0	1141
20000	11.9	0	1103
20000	12	0	1178
20000	12.1	0	1134
20000	12.2	0	1100
20000	12.3	0	1154
20000	12.4	0	1078
20000	12.5	0	1141
20000	12.6	0	1138
20000	12.7	0	1140
20000	12.8	0	1170
20000	12.9	0	1129
20000	13	0	1110
20000	13.1	0	1169
20000	13.2	0	1150
20000	13.3	0	1115
20000	13.4	0	1076
20000	13.5	0	1097
20000	13.6	0	1124
20000	13.7	0	1121
20000	13.8	0	1169
20000	13.9	0	1133
20000	14	0	1097
20000	14.1	0	1167
20000	14.2	0	1130
20000	14.3	0	1138
20000	14.4	0	1116
20000	14.5	0	1185
20000	14.6	0	1178
20000	14.7	0	1119
20000	14.8	0	1146
20000	14.9	0	1154
20000	15	0	1112
20000	15.1	0	1157
20000	15.2	0	1125
20000	15.3	0	1141
20000	15.4	0	1106
20000	15.5	0	1157
20000	15.6	0	1111
20000	15.7	0	1177
20000	15.8	0	1148
20000	15.9	0	1146
20000	16	0	1197
20000	16.1	0	1172
20000	16.2	0	1166
20000	16.3	0	1063
20000	16.4	0	1146
20000	16.5	0	1128
20000	16.6	0	1127
20000	16.7	0	1204
20000	16.8	0	1156
20000	16.9	0	1173
20000	17	0	1166
20000	17.1	0	1166
20000	17.2	0	1097
20000	17.3	0	1158
20000	17.4	0	1103
20000	17.5	0	1232
20000	17.6	0	1126
20000	17.7	0	1154
20000	17.8	0	1210
20000	17.9	0	1174
20000	18	0	1139
20000	18.1	0	1167
20000	18.2	0	1173
20000	18.3	0	1172
20000	18.4	0	1192
20000	18.5	0	1176
20000	18.6	0	1153
20000	18.7	0	1227
20000	18.8	0	1147
20000	18.9	0	1180
20000	19	0	1149
20000	19.1	0	1196
20000	19.2	0	1156
20000	19.3	0	1137
20000	19.4	0	1193
20000	19.5	0	1211
20000	19.6	0	1171
20000	19.7	0	1273
20000	19.8	0	1211
20000	19.9	0	1243
