4000	0	0	980
4000	0.1	0	1013
4000	0.2	0	1072
4000	0.3	0	1130
4000	0.4	0	1136
4000	0.5	0	1093
4000	0.6	0	1223
4000	0.7	0	1280
4000	0.8	0	1378
4000	0.9	0	1457
4000	1	0	1566
4000	1.1	0	1725
4000	1.2	0	1920
4000	1.3	0	2144
4000	1.4	0	2390
4000	1.5	0	2807
4000	1.6	0	3354
4000	1.7	0	4004
4000	1.8	0	4797
4000	1.9	0	5910
4000	2	0	7784
4000	2.1	0	10125
4000	2.2	0	13195
4000	2.3	0	16765
4000	2.4	0	19852
4000	2.5	0	20133
4000	2.6	0	20176
4000	2.7	0	20177
4000	2.8	0	20187
4000	2.9	0	20069
4000	3	0	20072
4000	3.1	0	20133
4000	3.2	0	20081
4000	3.3	0	20020
4000	3.4	0	20138
4000	3.5	0	20073
4000	3.6	0	19933
4000	3.7	0	20236
4000	3.8	0	20090
4000	3.9	0	20297
4000	4	0	19979
4000	4.1	0	20031
4000	4.2	0	19931
4000	4.3	0	20316
4000	4.4	0	20017
4000	4.5	0	20145
4000	4.6	0	20031
4000	4.7	0	20164
4000	4.8	0	20086
4000	4.9	0	20034
4000	5	0	20184
4000	5.1	0	19619
4000	5.2	0	18650
4000	5.3	0	17516
4000	5.4	0	16713
4000	5.5	0	15021
4000	5.6	0	13758
4000	5.7	0	12528
4000	5.8	0	11286
4000	5.9	0	10372
4000	6	0	9402
4000	6.1	0	8535
4000	6.2	0	7715
4000	6.3	0	7041
4000	6.4	0	6466
4000	6.5	0	5902
4000	6.6	0	5448
4000	6.7	0	5183
4000	6.8	0	4737
4000	6.9	0	4393
4000	7	0	4048
4000	7.1	0	3709
4000	7.2	0	3581
4000	7.3	0	3432
4000	7.4	0	3168
4000	7.5	0	3062
4000	7.6	0	2854
4000	7.7	0	2674
4000	7.8	0	2554
4000	7.9	0	2471
4000	8	0	2319
4000	8.1	0	2212
4000	8.2	0	2115
4000	8.3	0	2027
4000	8.4	0	1896
4000	8.5	0	1933
4000	8.6	0	1844
4000	8.7	0	1726
4000	8.8	0	1677
4000	8.9	0	1627
4000	9	0	1523
4000	9.1	0	1509
4000	9.2	0	1426
4000	9.3	0	1429
4000	9.4	0	1371
4000	9.5	0	1334
4000	9.6	0	1344
4000	9.7	0	1307
4000	9.8	0	1265
4000	9.9	0	1243
4000	10	0	1259
4000	10.1	0	1254
4000	10.2	0	1220
4000	10.3	0	1113
4000	10.4	0	1062
4000	10.5	0	1121
4000	10.6	0	1084
4000	10.7	0	1132
4000	10.8	0	1055
4000	10.9	0	1052
4000	11	0	1111
4000	11.1	0	1040
4000	11.2	0	1001
4000	11.3	0	1013
4000	11.4	0	1008
4000	11.5	0	996
4000	11.6	0	1045
4000	11.7	0	1045
4000	11.8	0	1046
4000	11.9	0	992
4000	12	0	1038
4000	12.1	0	1029
4000	12.2	0	1120
4000	12.3	0	955
4000	12.4	0	1084
4000	12.5	0	1014
4000	12.6	0	988
4000	12.7	0	1077
4000	12.8	0	1048
4000	12.9	0	1001
4000	13	0	985
4000	13.1	0	991
4000	13.2	0	1015
4000	13.3	0	1038
4000	13.4	0	961
4000	13.5	0	1067
4000	13.6	0	995
4000	13.7	0	979
4000	13.8	0	998
4000	13.9	0	1084
4000	14	0	992
4000	14.1	0	985
4000	14.2	0	1021
4000	14.3	0	1028
4000	14.4	0	977
4000	14.5	0	995
4000	14.6	0	994
4000	14.7	0	939
4000	14.8	0	1062
4000	14.9	0	1029
4000	15	0	998
4000	15.1	0	1019
4000	15.2	0	1062
4000	15.3	0	1012
4000	15.4	0	924
4000	15.5	0	973
4000	15.6	0	1053
4000	15.7	0	970
4000	15.8	0	1040
4000	15.9	0	977
4000	16	0	1047
4000	16.1	0	1047
4000	16.2	0	976
4000	16.3	0	969
4000	16.4	0	998
4000	16.5	0	1015
4000	16.6	0	998
4000	16.7	0	995
4000	16.8	0	1013
4000	16.9	0	970
4000	17	0	1000
4000	17.1	0	991
4000	17.2	0	1041
4000	17.3	0	1045
4000	17.4	0	941
4000	17.5	0	1025
4000	17.6	0	1037
4000	17.7	0	1045
4000	17.8	0	1007
4000	17.9	0	1003
4000	18	0	902
4000	18.1	0	974
4000	18.2	0	981
4000	18.3	0	1046
4000	18.4	0	1058
4000	18.5	0	967
4000	18.6	0	1038
4000	18.7	0	993
4000	18.8	0	984
4000	18.9	0	1028
4000	19	0	972
4000	19.1	0	988
4000	19.2	0	986
4000	19.3	0	969
4000	19.4	0	1051
4000	19.5	0	1008
4000	19.6	0	966
4000	19.7	0	922
4000	19.8	0	1047
4000	19.9	0	993
8000	0	0	1031
8000	0.1	0	951
8000	0.2	0	1067
8000	0.3	0	1005
8000	0.4	0	1119
8000	0.5	0	1181
8000	0.6	0	1210
8000	0.7	0	1314
8000	0.8	0	1306
8000	0.9	0	1452
8000	1	0	1491
8000	1.1	0	1794
8000	1.2	0	1868
8000	1.3	0	2168
8000	1.4	0	2476
8000	1.5	0	2779
8000	1.6	0	3336
8000	1.7	0	3976
8000	1.8	0	4767
8000	1.9	0	6202
8000	2	0	7620
8000	2.1	0	9949
8000	2.2	0	13117
8000	2.3	0	17021
8000	2.4	0	19449
8000	2.5	0	20145
8000	2.6	0	20085
8000	2.7	0	20201
8000	2.8	0	20004
8000	2.9	0	19812
8000	3	0	20253
8000	3.1	0	20152
8000	3.2	0	20126
8000	3.3	0	20071
8000	3.4	0	20305
8000	3.5	0	20109
8000	3.6	0	20185
8000	3.7	0	19980
8000	3.8	0	20325
8000	3.9	0	20200
8000	4	0	20304
8000	4.1	0	19830
8000	4.2	0	20283
8000	4.3	0	20128
8000	4.4	0	20333
8000	4.5	0	20024
8000	4.6	0	20043
8000	4.7	0	19834
8000	4.8	0	20255
8000	4.9	0	20019
8000	5	0	19973
8000	5.1	0	19523
8000	5.2	0	18753
8000	5.3	0	17840
8000	5.4	0	16408
8000	5.5	0	15157
8000	5.6	0	13696
8000	5.7	0	12462
8000	5.8	0	11331
8000	5.9	0	10253
8000	6	0	9236
8000	6.1	0	8337
8000	6.2	0	7937
8000	6.3	0	7130
8000	6.4	0	6421
8000	6.5	0	5948
8000	6.6	0	5595
8000	6.7	0	5186
8000	6.8	0	4742
8000	6.9	0	4282
8000	7	0	4109
8000	7.1	0	3697
8000	7.2	0	3583
8000	7.3	0	3474
8000	7.4	0	3156
8000	7.5	0	3030
8000	7.6	0	2802
8000	7.7	0	2696
8000	7.8	0	2564
8000	7.9	0	2406
8000	8	0	2336
8000	8.1	0	2242
8000	8.2	0	2120
8000	8.3	0	1996
8000	8.4	0	1893
8000	8.5	0	1902
8000	8.6	0	1789
8000	8.7	0	1715
8000	8.8	0	1731
8000	8.9	0	1633
8000	9	0	1593
8000	9.1	0	1510
8000	9.2	0	1482
8000	9.3	0	1421
8000	9.4	0	1414
8000	9.5	0	1289
8000	9.6	0	1409
8000	9.7	0	1319
8000	9.8	0	1343
8000	9.9	0	1205
8000	10	0	1238
8000	10.1	0	1188
8000	10.2	0	1300
8000	10.3	0	1160
8000	10.4	0	1135
8000	10.5	0	1127
8000	10.6	0	1155
8000	10.7	0	1089
8000	10.8	0	1098
8000	10.9	0	1072
8000	11	0	1085
8000	11.1	0	1021
8000	11.2	0	1040
8000	11.3	0	1051
8000	11.4	0	1010
8000	11.5	0	977
8000	11.6	0	1014
8000	11.7	0	1068
8000	11.8	0	985
8000	11.9	0	1008
8000	12	0	1016
8000	12.1	0	1034
8000	12.2	0	975
8000	12.3	0	993
8000	12.4	0	1005
8000	12.5	0	991
8000	12.6	0	950
8000	12.7	0	999
8000	12.8	0	986
8000	12.9	0	1037
8000	13	0	985
8000	13.1	0	1013
8000	13.2	0	930
8000	13.3	0	1012
8000	13.4	0	967
8000	13.5	0	1031
8000	13.6	0	983
8000	13.7	0	1030
8000	13.8	0	1020
8000	13.9	0	994
8000	14	0	987
8000	14.1	0	957
8000	14.2	0	1033
8000	14.3	0	1050
8000	14.4	0	981
8000	14.5	0	1037
8000	14.6	0	1005
8000	14.7	0	1014
8000	14.8	0	992
8000	14.9	0	1042
8000	15	0	1034
8000	15.1	0	1014
8000	15.2	0	1037
8000	15.3	0	1007
8000	15.4	0	1033
8000	15.5	0	983
8000	15.6	0	967
8000	15.7	0	944
8000	15.8	0	1027
8000	15.9	0	973
8000	16	0	1087
8000	16.1	0	1049
8000	16.2	0	994
8000	16.3	0	1059
8000	16.4	0	1014
8000	16.5	0	1013
8000	16.6	0	995
8000	16.7	0	1027
8000	16.8	0	979
8000	16.9	0	982
8000	17	0	1052
8000	17.1	0	952
8000	17.2	0	981
8000	17.3	0	985
8000	17.4	0	1026
8000	17.5	0	1017
8000	17.6	0	998
8000	17.7	0	1065
8000	17.8	0	997
8000	17.9	0	951
8000	18	0	1021
8000	18.1	0	1013
8000	18.2	0	1015
8000	18.3	0	991
8000	18.4	0	968
8000	18.5	0	1024
8000	18.6	0	1038
8000	18.7	0	964
8000	18.8	0	1020
8000	18.9	0	1004
8000	19	0	1060
8000	19.1	0	927
8000	19.2	0	1024
8000	19.3	0	1012
8000	19.4	0	1014
8000	19.5	0	992
8000	19.6	0	982
8000	19.7	0	1016
8000	19.8	0	1063
8000	19.9	0	1016
12000	0	0	1088
12000	0.1	0	1039
12000	0.2	0	1056
12000	0.3	0	1055
12000	0.4	0	1107
12000	0.5	0	1117
12000	0.6	0	1160
12000	0.7	0	1224
12000	0.8	0	1336
12000	0.9	0	1437
12000	1	0	1537
12000	1.1	0	1646
12000	1.2	0	1964
12000	1.3	0	2103
12000	1.4	0	2433
12000	1.5	0	2797
12000	1.6	0	3263
12000	1.7	0	4027
12000	1.8	0	4766
12000	1.9	0	5863
12000	2	0	7825
12000	2.1	0	10038
12000	2.2	0	13059
12000	2.3	0	16816
12000	2.4	0	19540
12000	2.5	0	20210
12000	2.6	0	20090
12000	2.7	0	20150
12000	2.8	0	20098
12000	2.9	0	19957
12000	3	0	20065
12000	3.1	0	20230
12000	3.2	0	20234
12000	3.3	0	20215
12000	3.4	0	20019
12000	3.5	0	20182
12000	3.6	0	20310
12000	3.7	0	20184
12000	3.8	0	20106
12000	3.9	0	20213
12000	4	0	20249
12000	4.1	0	19794
12000	4.2	0	20323
12000	4.3	0	20110
12000	4.4	0	20194
12000	4.5	0	20281
12000	4.6	0	20263
12000	4.7	0	20254
12000	4.8	0	20332
12000	4.9	0	20266
12000	5	0	20112
12000	5.1	0	19578
12000	5.2	0	18669
12000	5.3	0	17543
12000	5.4	0	16211
12000	5.5	0	15138
12000	5.6	0	13650
12000	5.7	0	12423
12000	5.8	0	11484
12000	5.9	0	10217
12000	6	0	9236
12000	6.1	0	8623
12000	6.2	0	7839
12000	6.3	0	6940
12000	6.4	0	6550
12000	6.5	0	5839
12000	6.6	0	5445
12000	6.7	0	5056
12000	6.8	0	4796
12000	6.9	0	4347
12000	7	0	4062
12000	7.1	0	3884
12000	7.2	0	3508
12000	7.3	0	3404
12000	7.4	0	3154
12000	7.5	0	2930
12000	7.6	0	2773
12000	7.7	0	2670
12000	7.8	0	2578
12000	7.9	0	2480
12000	8	0	2291
12000	8.1	0	2202
12000	8.2	0	2056
12000	8.3	0	2073
12000	8.4	0	1927
12000	8.5	0	1921
12000	8.6	0	1848
12000	8.7	0	1728
12000	8.8	0	1712
12000	8.9	0	1710
12000	9	0	1613
12000	9.1	0	1572
12000	9.2	0	1522
12000	9.3	0	1436
12000	9.4	0	1392
12000	9.5	0	1433
12000	9.6	0	1360
12000	9.7	0	1299
12000	9.8	0	1224
12000	9.9	0	1228
12000	10	0	1165
12000	10.1	0	1201
12000	10.2	0	1179
12000	10.3	0	1137
12000	10.4	0	1191
12000	10.5	0	1086
12000	10.6	0	1096
12000	10.7	0	1128
12000	10.8	0	1069
12000	10.9	0	1057
12000	11	0	1109
12000	11.1	0	1055
12000	11.2	0	1015
12000	11.3	0	1007
12000	11.4	0	983
12000	11.5	0	1017
12000	11.6	0	1026
12000	11.7	0	1055
12000	11.8	0	1026
12000	11.9	0	996
12000	12	0	990
12000	12.1	0	1005
12000	12.2	0	993
12000	12.3	0	1025
12000	12.4	0	1046
12000	12.5	0	995
12000	12.6	0	983
12000	12.7	0	1059
12000	12.8	0	996
12000	12.9	0	1049
12000	13	0	984
12000	13.1	0	1018
12000	13.2	0	993
12000	13.3	0	1008
12000	13.4	0	1000
12000	13.5	0	991
12000	13.6	0	1015
12000	13.7	0	1002
12000	13.8	0	953
12000	13.9	0	992
12000	14	0	1035
12000	14.1	0	998
12000	14.2	0	1022
12000	14.3	0	994
12000	14.4	0	1021
12000	14.5	0	1029
12000	14.6	0	1021
12000	14.7	0	951
12000	14.8	0	1010
12000	14.9	0	994
12000	15	0	1013
12000	15.1	0	941
12000	15.2	0	1029
12000	15.3	0	968
12000	15.4	0	965
12000	15.5	0	1020
12000	15.6	0	990
12000	15.7	0	1020
12000	15.8	0	963
12000	15.9	0	963
12000	16	0	974
12000	16.1	0	1001
12000	16.2	0	1004
12000	16.3	0	989
12000	16.4	0	1033
12000	16.5	0	989
12000	16.6	0	1023
12000	16.7	0	1001
12000	16.8	0	979
12000	16.9	0	986
12000	17	0	1041
12000	17.1	0	1047
12000	17.2	0	980
12000	17.3	0	988
12000	17.4	0	1029
12000	17.5	0	1030
12000	17.6	0	984
12000	17.7	0	1054
12000	17.8	0	1028
12000	17.9	0	1050
12000	18	0	1022
12000	18.1	0	945
12000	18.2	0	993
12000	18.3	0	953
12000	18.4	0	951
12000	18.5	0	1022
12000	18.6	0	980
12000	18.7	0	979
12000	18.8	0	1037
12000	18.9	0	997
12000	19	0	1009
12000	19.1	0	998
12000	19.2	0	1015
12000	19.3	0	1022
12000	19.4	0	997
12000	19.5	0	1000
12000	19.6	0	986
12000	19.7	0	912
12000	19.8	0	1050
12000	19.9	0	969
16000	0	0	1005
16000	0.1	0	1053
16000	0.2	0	1035
16000	0.3	0	1085
16000	0.4	0	1086
16000	0.5	0	1148
16000	0.6	0	1218
16000	0.7	0	1275
16000	0.8	0	1391
16000	0.9	0	1400
16000	1	0	1584
16000	1.1	0	1773
16000	1.2	0	1918
16000	1.3	0	2209
16000	1.4	0	2384
16000	1.5	0	2819
16000	1.6	0	3331
16000	1.7	0	3880
16000	1.8	0	4869
16000	1.9	0	6042
16000	2	0	7808
16000	2.1	0	10004
16000	2.2	0	13122
16000	2.3	0	16999
16000	2.4	0	19894
16000	2.5	0	20156
16000	2.6	0	20004
16000	2.7	0	20209
16000	2.8	0	20235
16000	2.9	0	20019
16000	3	0	19941
16000	3.1	0	20245
16000	3.2	0	20177
16000	3.3	0	20266
16000	3.4	0	20126
16000	3.5	0	20151
16000	3.6	0	20337
16000	3.7	0	20282
16000	3.8	0	20138
16000	3.9	0	20268
16000	4	0	20118
16000	4.1	0	20279
16000	4.2	0	19962
16000	4.3	0	19839
16000	4.4	0	20060
16000	4.5	0	20342
16000	4.6	0	19951
16000	4.7	0	19998
16000	4.8	0	20034
16000	4.9	0	20430
16000	5	0	20179
16000	5.1	0	19521
16000	5.2	0	18643
16000	5.3	0	17597
16000	5.4	0	16408
16000	5.5	0	15094
16000	5.6	0	13670
16000	5.7	0	12602
16000	5.8	0	11172
16000	5.9	0	10265
16000	6	0	9403
16000	6.1	0	8428
16000	6.2	0	7957
16000	6.3	0	7069
16000	6.4	0	6438
16000	6.5	0	6062
16000	6.6	0	5510
16000	6.7	0	5058
16000	6.8	0	4767
16000	6.9	0	4355
16000	7	0	3972
16000	7.1	0	3850
16000	7.2	0	3549
16000	7.3	0	3347
16000	7.4	0	3065
16000	7.5	0	2950
16000	7.6	0	2815
16000	7.7	0	2658
16000	7.8	0	2508
16000	7.9	0	2438
16000	8	0	2357
16000	8.1	0	2250
16000	8.2	0	2087
16000	8.3	0	2042
16000	8.4	0	1958
16000	8.5	0	1838
16000	8.6	0	1852
16000	8.7	0	1738
16000	8.8	0	1693
16000	8.9	0	1569
16000	9	0	1557
16000	9.1	0	1535
16000	9.2	0	1459
16000	9.3	0	1390
16000	9.4	0	1388
16000	9.5	0	1379
16000	9.6	0	1356
16000	9.7	0	1376
16000	9.8	0	1252
16000	9.9	0	1281
16000	10	0	1172
16000	10.1	0	1169
16000	10.2	0	1163
16000	10.3	0	1184
16000	10.4	0	1146
16000	10.5	0	1135
16000	10.6	0	1143
16000	10.7	0	1078
16000	10.8	0	1063
16000	10.9	0	1095
16000	11	0	1112
16000	11.1	0	1023
16000	11.2	0	1037
16000	11.3	0	975
16000	11.4	0	1037
16000	11.5	0	1010
16000	11.6	0	1013
16000	11.7	0	1045
16000	11.8	0	1002
16000	11.9	0	976
16000	12	0	986
16000	12.1	0	982
16000	12.2	0	1004
16000	12.3	0	1050
16000	12.4	0	1016
16000	12.5	0	981
16000	12.6	0	1015
16000	12.7	0	994
16000	12.8	0	1005
16000	12.9	0	1057
16000	13	0	1006
16000	13.1	0	938
16000	13.2	0	1024
16000	13.3	0	1001
16000	13.4	0	1005
16000	13.5	0	1066
16000	13.6	0	1009
16000	13.7	0	1002
16000	13.8	0	991
16000	13.9	0	995
16000	14	0	1028
16000	14.1	0	977
16000	14.2	0	973
16000	14.3	0	985
16000	14.4	0	1004
16000	14.5	0	923
16000	14.6	0	1054
16000	14.7	0	964
16000	14.8	0	1000
16000	14.9	0	951
16000	15	0	960
16000	15.1	0	951
16000	15.2	0	1022
16000	15.3	0	1005
16000	15.4	0	1006
16000	15.5	0	975
16000	15.6	0	995
16000	15.7	0	954
16000	15.8	0	942
16000	15.9	0	1011
16000	16	0	1004
16000	16.1	0	984
16000	16.2	0	1019
16000	16.3	0	1014
16000	16.4	0	1030
16000	16.5	0	1046
16000	16.6	0	998
16000	16.7	0	1023
16000	16.8	0	1036
16000	16.9	0	977
16000	17	0	1028
16000	17.1	0	990
16000	17.2	0	984
16000	17.3	0	1034
16000	17.4	0	994
16000	17.5	0	1069
16000	17.6	0	1040
16000	17.7	0	946
16000	17.8	0	981
16000	17.9	0	976
16000	18	0	962
16000	18.1	0	996
16000	18.2	0	1013
16000	18.3	0	1003
16000	18.4	0	984
16000	18.5	0	1017
16000	18.6	0	928
16000	18.7	0	1009
16000	18.8	0	1067
16000	18.9	0	1022
16000	19	0	952
16000	19.1	0	986
16000	19.2	0	967
16000	19.3	0	917
16000	19.4	0	986
16000	19.5	0	1012
16000	19.6	0	961
16000	19.7	0	1031
16000	19.8	0	1068
16000	19.9	0	955
20000	0	0	1031
20000	0.1	0	1061
20000	0.2	0	998
20000	0.3	0	1102
20000	0.4	0	1115
20000	0.5	0	1175
20000	0.6	0	1140
20000	0.7	0	1218
20000	0.8	0	1332
20000	0.9	0	1475
20000	1	0	1607
20000	1.1	0	1691
20000	1.2	0	1887
20000	1.3	0	2181
20000	1.4	0	2429
20000	1.5	0	2729
20000	1.6	0	3336
20000	1.7	0	3866
20000	1.8	0	4873
20000	1.9	0	5913
20000	2	0	7870
20000	2.1	0	10088
20000	2.2	0	13162
20000	2.3	0	16949
20000	2.4	0	19593
20000	2.5	0	20081
20000	2.6	0	20007
20000	2.7	0	20313
20000	2.8	0	20098
20000	2.9	0	20341
20000	3	0	20041
20000	3.1	0	20014
20000	3.2	0	20186
20000	3.3	0	20110
20000	3.4	0	20263
20000	3.5	0	20043
20000	3.6	0	20491
20000	3.7	0	20337
20000	3.8	0	20084
20000	3.9	0	20152
20000	4	0	20004
20000	4.1	0	20349
20000	4.2	0	20016
20000	4.3	0	20303
20000	4.4	0	20034
20000	4.5	0	20118
20000	4.6	0	20092
20000	4.7	0	19868
20000	4.8	0	20083
20000	4.9	0	20220
20000	5	0	19995
20000	5.1	0	19793
20000	5.2	0	18696
20000	5.3	0	17633
20000	5.4	0	16303
20000	5.5	0	15094
20000	5.6	0	13702
20000	5.7	0	12505
20000	5.8	0	11380
20000	5.9	0	10300
20000	6	0	9452
20000	6.1	0	8508
20000	6.2	0	7695
20000	6.3	0	7147
20000	6.4	0	6492
20000	6.5	0	5966
20000	6.6	0	5476
20000	6.7	0	5011
20000	6.8	0	4645
20000	6.9	0	4355
20000	7	0	4029
20000	7.1	0	3803
20000	7.2	0	3528
20000	7.3	0	3408
20000	7.4	0	3117
20000	7.5	0	2949
20000	7.6	0	2812
20000	7.7	0	2604
20000	7.8	0	2439
20000	7.9	0	2363
20000	8	0	2268
20000	8.1	0	2254
20000	8.2	0	2182
20000	8.3	0	1973
20000	8.4	0	1960
20000	8.5	0	1913
20000	8.6	0	1756
20000	8.7	0	1723
20000	8.8	0	1666
20000	8.9	0	1623
20000	9	0	1549
20000	9.1	0	1488
20000	9.2	0	1499
20000	9.3	0	1384
20000	9.4	0	1366
20000	9.5	0	1379
20000	9.6	0	1363
20000	9.7	0	1264
20000	9.8	0	1299
20000	9.9	0	1195
20000	10	0	1142
20000	10.1	0	1193
20000	10.2	0	1201
20000	10.3	0	1153
20000	10.4	0	1125
20000	10.5	0	1156
20000	10.6	0	1166
20000	10.7	0	1069
20000	10.8	0	1130
20000	10.9	0	1084
20000	11	0	1082
20000	11.1	0	1034
20000	11.2	0	1067
20000	11.3	0	979
20000	11.4	0	982
20000	11.5	0	1039
20000	11.6	0	1080
20000	11.7	0	1037
20000	11.8	0	1029
20000	11.9	0	1000
20000	12	0	1020
20000	12.1	0	1013
20000	12.2	0	964
20000	12.3	0	971
20000	12.4	0	1019
20000	12.5	0	1032
20000	12.6	0	1057
20000	12.7	0	1137
20000	12.8	0	1003
20000	12.9	0	1015
20000	13	0	983
20000	13.1	0	984
20000	13.2	0	1009
20000	13.3	0	1045
20000	13.4	0	1031
20000	13.5	0	999
20000	13.6	0	954
20000	13.7	0	948
20000	13.8	0	995
20000	13.9	0	1041
20000	14	0	994
20000	14.1	0	1027
20000	14.2	0	1037
20000	14.3	0	1013
20000	14.4	0	1016
20000	14.5	0	921
20000	14.6	0	966
20000	14.7	0	991
20000	14.8	0	1038
20000	14.9	0	977
20000	15	0	962
20000	15.1	0	1049
20000	15.2	0	987
20000	15.3	0	1026
20000	15.4	0	941
20000	15.5	0	1043
20000	15.6	0	1007
20000	15.7	0	1012
20000	15.8	0	972
20000	15.9	0	992
20000	16	0	1002
20000	16.1	0	972
20000	16.2	0	1012
20000	16.3	0	979
20000	16.4	0	1007
20000	16.5	0	1031
20000	16.6	0	995
20000	16.7	0	1058
20000	16.8	0	935
20000	16.9	0	1019
20000	17	0	1059
20000	17.1	0	973
20000	17.2	0	1013
20000	17.3	0	1021
20000	17.4	0	972
20000	17.5	0	1042
20000	17.6	0	1027
20000	17.7	0	977
20000	17.8	0	993
20000	17.9	0	974
20000	18	0	1041
20000	18.1	0	1006
20000	18.2	0	978
20000	18.3	0	993
20000	18.4	0	1024
20000	18.5	0	1013
20000	18.6	0	1021
20000	18.7	0	992
20000	18.8	0	1046
20000	18.9	0	950
20000	19	0	1059
20000	19.1	0	1011
20000	19.2	0	997
20000	19.3	0	1019
20000	19.4	0	988
20000	19.5	0	1043
20000	19.6	0	1022
20000	19.7	0	959
20000	19.8	0	1051
20000	19.9	0	1014
