4000	0	0	1205
4000	0.1	0	1238
4000	0.2	0	1249
4000	0.3	0	1248
4000	0.4	0	1317
4000	0.5	0	1357
4000	0.6	0	1441
4000	0.7	0	1581
4000	0.8	0	1625
4000	0.9	0	1896
4000	1	0	2040
4000	1.1	0	2270
4000	1.2	0	2559
4000	1.3	0	2851
4000	1.4	0	3458
4000	1.5	0	4110
4000	1.6	0	4926
4000	1.7	0	6134
4000	1.8	0	7761
4000	1.9	0	9725
4000	2	0	12045
4000	2.1	0	14465
4000	2.2	0	16935
4000	2.3	0	18667
4000	2.4	0	18269
4000	2.5	0	17081
4000	2.6	0	16727
4000	2.7	0	16694
4000	2.8	0	17221
4000	2.9	0	17015
4000	3	0	17452
4000	3.1	0	17551
4000	3.2	0	17736
4000	3.3	0	17460
4000	3.4	0	17776
4000	3.5	0	17568
4000	3.6	0	17574
4000	3.7	0	17644
4000	3.8	0	17757
4000	3.9	0	17440
4000	4	0	17618
4000	4.1	0	17812
4000	4.2	0	17732
4000	4.3	0	17712
4000	4.4	0	17283
4000	4.5	0	17447
4000	4.6	0	17631
4000	4.7	0	17387
4000	4.8	0	17340
4000	4.9	0	17260
4000	5	0	17432
4000	5.1	0	17246
4000	5.2	0	17002
4000	5.3	0	16606
4000	5.4	0	16136
4000	5.5	0	15449
4000	5.6	0	14764
4000	5.7	0	13918
4000	5.8	0	13051
4000	5.9	0	12103
4000	6	0	11318
4000	6.1	0	10358
4000	6.2	0	9626
4000	6.3	0	8959
4000	6.4	0	7942
4000	6.5	0	7434
4000	6.6	0	6825
4000	6.7	0	6107
4000	6.8	0	5609
4000	6.9	0	5361
4000	7	0	5000
4000	7.1	0	4557
4000	7.2	0	4300
4000	7.3	0	3984
4000	7.4	0	3707
4000	7.5	0	3458
4000	7.6	0	3281
4000	7.7	0	3138
4000	7.8	0	2972
4000	7.9	0	2747
4000	8	0	2686
4000	8.1	0	2548
4000	8.2	0	2456
4000	8.3	0	2290
4000	8.4	0	2276
4000	8.5	0	2188
4000	8.6	0	2145
4000	8.7	0	2011
4000	8.8	0	1868
4000	8.9	0	1907
4000	9	0	1857
4000	9.1	0	1694
4000	9.2	0	1637
4000	9.3	0	1673
4000	9.4	0	1622
4000	9.5	0	1538
4000	9.6	0	1513
4000	9.7	0	1482
4000	9.8	0	1418
4000	9.9	0	1445
4000	10	0	1394
4000	10.1	0	1280
4000	10.2	0	1320
4000	10.3	0	1253
4000	10.4	0	1266
4000	10.5	0	1261
4000	10.6	0	1235
4000	10.7	0	1308
4000	10.8	0	1236
4000	10.9	0	1246
4000	11	0	1198
4000	11.1	0	1159
4000	11.2	0	1165
4000	11.3	0	1134
4000	11.4	0	1179
4000	11.5	0	1165
4000	11.6	0	1122
4000	11.7	0	1078
4000	11.8	0	1063
4000	11.9	0	1147
4000	12	0	1062
4000	12.1	0	1158
4000	12.2	0	1131
4000	12.3	0	1140
4000	12.4	0	1139
4000	12.5	0	1117
4000	12.6	0	1182
4000	12.7	0	1088
4000	12.8	0	1122
4000	12.9	0	1153
4000	13	0	1120
4000	13.1	0	1067
4000	13.2	0	1171
4000	13.3	0	1167
4000	13.4	0	1158
4000	13.5	0	1152
4000	13.6	0	1141
4000	13.7	0	1135
4000	13.8	0	1099
4000	13.9	0	1121
4000	14	0	1146
4000	14.1	0	1112
4000	14.2	0	1143
4000	14.3	0	1130
4000	14.4	0	1130
4000	14.5	0	1100
4000	14.6	0	1142
4000	14.7	0	1076
4000	14.8	0	1061
4000	14.9	0	1133
4000	15	0	1196
4000	15.1	0	1107
4000	15.2	0	1181
4000	15.3	0	1152
4000	15.4	0	1107
4000	15.5	0	1107
4000	15.6	0	1187
4000	15.7	0	1104
4000	15.8	0	1102
4000	15.9	0	1170
4000	16	0	1154
4000	16.1	0	1151
4000	16.2	0	1118
4000	16.3	0	1126
4000	16.4	0	1144
4000	16.5	0	1121
4000	16.6	0	1137
4000	16.7	0	1096
4000	16.8	0	1108
4000	16.9	0	1137
4000	17	0	1150
4000	17.1	0	1134
4000	17.2	0	1106
4000	17.3	0	1197
4000	17.4	0	1111
4000	17.5	0	1116
4000	17.6	0	1212
4000	17.7	0	1196
4000	17.8	0	1184
4000	17.9	0	1140
4000	18	0	1114
4000	18.1	0	1145
4000	18.2	0	1211
4000	18.3	0	1140
4000	18.4	0	1130
4000	18.5	0	1117
4000	18.6	0	1060
4000	18.7	0	1116
4000	18.8	0	1142
4000	18.9	0	1125
4000	19	0	1119
4000	19.1	0	1152
4000	19.2	0	1121
4000	19.3	0	1170
4000	19.4	0	1148
4000	19.5	0	1227
4000	19.6	0	1108
4000	19.7	0	1166
4000	19.8	0	1163
4000	19.9	0	1136
8000	0	0	1184
8000	0.1	0	1273
8000	0.2	0	1200
8000	0.3	0	1331
8000	0.4	0	1276
8000	0.5	0	1406
8000	0.6	0	1480
8000	0.7	0	1491
8000	0.8	0	1647
8000	0.9	0	1841
8000	1	0	1990
8000	1.1	0	2353
8000	1.2	0	2545
8000	1.3	0	3007
8000	1.4	0	3492
8000	1.5	0	4103
8000	1.6	0	5128
8000	1.7	0	6055
8000	1.8	0	7723
8000	1.9	0	9558
8000	2	0	11978
8000	2.1	0	14579
8000	2.2	0	17302
8000	2.3	0	18489
8000	2.4	0	18341
8000	2.5	0	17106
8000	2.6	0	16757
8000	2.7	0	16849
8000	2.8	0	17099
8000	2.9	0	17384
8000	3	0	17543
8000	3.1	0	17566
8000	3.2	0	17534
8000	3.3	0	17443
8000	3.4	0	17509
8000	3.5	0	17627
8000	3.6	0	17591
8000	3.7	0	17550
8000	3.8	0	17664
8000	3.9	0	17637
8000	4	0	17649
8000	4.1	0	17648
8000	4.2	0	17468
8000	4.3	0	17639
8000	4.4	0	17468
8000	4.5	0	17796
8000	4.6	0	17357
8000	4.7	0	17341
8000	4.8	0	17399
8000	4.9	0	17235
8000	5	0	17429
8000	5.1	0	17133
8000	5.2	0	16930
8000	5.3	0	16792
8000	5.4	0	15996
8000	5.5	0	15527
8000	5.6	0	14727
8000	5.7	0	13811
8000	5.8	0	13081
8000	5.9	0	12325
8000	6	0	11172
8000	6.1	0	10452
8000	6.2	0	9554
8000	6.3	0	8743
8000	6.4	0	7982
8000	6.5	0	7303
8000	6.6	0	6840
8000	6.7	0	6134
8000	6.8	0	5651
8000	6.9	0	5302
8000	7	0	4910
8000	7.1	0	4408
8000	7.2	0	4333
8000	7.3	0	3969
8000	7.4	0	3727
8000	7.5	0	3421
8000	7.6	0	3293
8000	7.7	0	3173
8000	7.8	0	2979
8000	7.9	0	2782
8000	8	0	2695
8000	8.1	0	2557
8000	8.2	0	2374
8000	8.3	0	2339
8000	8.4	0	2312
8000	8.5	0	2124
8000	8.6	0	2019
8000	8.7	0	1980
8000	8.8	0	1888
8000	8.9	0	1874
8000	9	0	1804
8000	9.1	0	1840
8000	9.2	0	1683
8000	9.3	0	1521
8000	9.4	0	1557
8000	9.5	0	1568
8000	9.6	0	1504
8000	9.7	0	1464
8000	9.8	0	1461
8000	9.9	0	1402
8000	10	0	1387
8000	10.1	0	1308
8000	10.2	0	1326
8000	10.3	0	1312
8000	10.4	0	1256
8000	10.5	0	1263
8000	10.6	0	1273
8000	10.7	0	1286
8000	10.8	0	1220
8000	10.9	0	1186
8000	11	0	1178
8000	11.1	0	1219
8000	11.2	0	1116
8000	11.3	0	1163
8000	11.4	0	1155
8000	11.5	0	1167
8000	11.6	0	1079
8000	11.7	0	1170
8000	11.8	0	1094
8000	11.9	0	1103
8000	12	0	1146
8000	12.1	0	1180
8000	12.2	0	1144
8000	12.3	0	1096
8000	12.4	0	1139
8000	12.5	0	1056
8000	12.6	0	1035
8000	12.7	0	1113
8000	12.8	0	1116
8000	12.9	0	1132
8000	13	0	1164
8000	13.1	0	1172
8000	13.2	0	1148
8000	13.3	0	1171
8000	13.4	0	1137
8000	13.5	0	1103
8000	13.6	0	1135
8000	13.7	0	1082
8000	13.8	0	1123
8000	13.9	0	1139
8000	14	0	1162
8000	14.1	0	1096
8000	14.2	0	1118
8000	14.3	0	1146
8000	14.4	0	1111
8000	14.5	0	1130
8000	14.6	0	1113
8000	14.7	0	1139
8000	14.8	0	1167
8000	14.9	0	1115
8000	15	0	1088
8000	15.1	0	1131
8000	15.2	0	1084
8000	15.3	0	1147
8000	15.4	0	1184
8000	15.5	0	1178
8000	15.6	0	1164
8000	15.7	0	1068
8000	15.8	0	1064
8000	15.9	0	1102
8000	16	0	1119
8000	16.1	0	1188
8000	16.2	0	1149
8000	16.3	0	1109
8000	16.4	0	1159
8000	16.5	0	1182
8000	16.6	0	1177
8000	16.7	0	1150
8000	16.8	0	1163
8000	16.9	0	1152
8000	17	0	1129
8000	17.1	0	1164
8000	17.2	0	1090
8000	17.3	0	1100
8000	17.4	0	1152
8000	17.5	0	1115
8000	17.6	0	1145
8000	17.7	0	1236
8000	17.8	0	1189
8000	17.9	0	1124
8000	18	0	1208
8000	18.1	0	1176
8000	18.2	0	1166
8000	18.3	0	1100
8000	18.4	0	1109
8000	18.5	0	1145
8000	18.6	0	1128
8000	18.7	0	1136
8000	18.8	0	1137
8000	18.9	0	1149
8000	19	0	1163
8000	19.1	0	1162
8000	19.2	0	1191
8000	19.3	0	1241
8000	19.4	0	1164
8000	19.5	0	1180
8000	19.6	0	1164
8000	19.7	0	1152
8000	19.8	0	1234
8000	19.9	0	1128
12000	0	0	1159
12000	0.1	0	1210
12000	0.2	0	1210
12000	0.3	0	1274
12000	0.4	0	1239
12000	0.5	0	1338
12000	0.6	0	1462
12000	0.7	0	1551
12000	0.8	0	1640
12000	0.9	0	1861
12000	1	0	1958
12000	1.1	0	2284
12000	1.2	0	2474
12000	1.3	0	2991
12000	1.4	0	3527
12000	1.5	0	4096
12000	1.6	0	4935
12000	1.7	0	6248
12000	1.8	0	7645
12000	1.9	0	9562
12000	2	0	11990
12000	2.1	0	14555
12000	2.2	0	16910
12000	2.3	0	18844
12000	2.4	0	18533
12000	2.5	0	17185
12000	2.6	0	16633
12000	2.7	0	16741
12000	2.8	0	17000
12000	2.9	0	17093
12000	3	0	17859
12000	3.1	0	17381
12000	3.2	0	17795
12000	3.3	0	17366
12000	3.4	0	17544
12000	3.5	0	17879
12000	3.6	0	17399
12000	3.7	0	17517
12000	3.8	0	17650
12000	3.9	0	17846
12000	4	0	17530
12000	4.1	0	17488
12000	4.2	0	17772
12000	4.3	0	17627
12000	4.4	0	17435
12000	4.5	0	17612
12000	4.6	0	17445
12000	4.7	0	17322
12000	4.8	0	17478
12000	4.9	0	17160
12000	5	0	17325
12000	5.1	0	17378
12000	5.2	0	16730
12000	5.3	0	16583
12000	5.4	0	16016
12000	5.5	0	15798
12000	5.6	0	14707
12000	5.7	0	13912
12000	5.8	0	12899
12000	5.9	0	12149
12000	6	0	11242
12000	6.1	0	10275
12000	6.2	0	9586
12000	6.3	0	8845
12000	6.4	0	8107
12000	6.5	0	7393
12000	6.6	0	6780
12000	6.7	0	6197
12000	6.8	0	5867
12000	6.9	0	5202
12000	7	0	4835
12000	7.1	0	4636
12000	7.2	0	4297
12000	7.3	0	3912
12000	7.4	0	3696
12000	7.5	0	3460
12000	7.6	0	3289
12000	7.7	0	2957
12000	7.8	0	2924
12000	7.9	0	2800
12000	8	0	2631
12000	8.1	0	2533
12000	8.2	0	2481
12000	8.3	0	2465
12000	8.4	0	2290
12000	8.5	0	2181
12000	8.6	0	2056
12000	8.7	0	2008
12000	8.8	0	1913
12000	8.9	0	1884
12000	9	0	1766
12000	9.1	0	1711
12000	9.2	0	1725
12000	9.3	0	1657
12000	9.4	0	1670
12000	9.5	0	1584
12000	9.6	0	1467
12000	9.7	0	1456
12000	9.8	0	1386
12000	9.9	0	1409
12000	10	0	1376
12000	10.1	0	1362
12000	10.2	0	1294
12000	10.3	0	1268
12000	10.4	0	1262
12000	10.5	0	1270
12000	10.6	0	1209
12000	10.7	0	1194
12000	10.8	0	1259
12000	10.9	0	1235
12000	11	0	1212
12000	11.1	0	1172
12000	11.2	0	1086
12000	11.3	0	1110
12000	11.4	0	1063
12000	11.5	0	1158
12000	11.6	0	1156
12000	11.7	0	1098
12000	11.8	0	1159
12000	11.9	0	1118
12000	12	0	1111
12000	12.1	0	1150
12000	12.2	0	1183
12000	12.3	0	1171
12000	12.4	0	1112
12000	12.5	0	1171
12000	12.6	0	1141
12000	12.7	0	1126
12000	12.8	0	1095
12000	12.9	0	1171
12000	13	0	1111
12000	13.1	0	1124
12000	13.2	0	1107
12000	13.3	0	1152
12000	13.4	0	1083
12000	13.5	0	1164
12000	13.6	0	1077
12000	13.7	0	1180
12000	13.8	0	1155
12000	13.9	0	1087
12000	14	0	1107
12000	14.1	0	1147
12000	14.2	0	1167
12000	14.3	0	1178
12000	14.4	0	1111
12000	14.5	0	1139
12000	14.6	0	1096
12000	14.7	0	1152
12000	14.8	0	1199
12000	14.9	0	1190
12000	15	0	1113
12000	15.1	0	1134
12000	15.2	0	1074
12000	15.3	0	1102
12000	15.4	0	1066
12000	15.5	0	1109
12000	15.6	0	1152
12000	15.7	0	1178
12000	15.8	0	1128
12000	15.9	0	1133
12000	16	0	1158
12000	16.1	0	1165
12000	16.2	0	1117
12000	16.3	0	1153
12000	16.4	0	1138
12000	16.5	0	1180
12000	16.6	0	1102
12000	16.7	0	1092
12000	16.8	0	1105
12000	16.9	0	1159
12000	17	0	1179
12000	17.1	0	1100
12000	17.2	0	1147
12000	17.3	0	1148
12000	17.4	0	1121
12000	17.5	0	1183
12000	17.6	0	1184
12000	17.7	0	1151
12000	17.8	0	1130
12000	17.9	0	1157
12000	18	0	1147
12000	18.1	0	1170
12000	18.2	0	1179
12000	18.3	0	1135
12000	18.4	0	1146
12000	18.5	0	1182
12000	18.6	0	1108
12000	18.7	0	1169
12000	18.8	0	1144
12000	18.9	0	1209
12000	19	0	1157
12000	19.1	0	1148
12000	19.2	0	1121
12000	19.3	0	1211
12000	19.4	0	1127
12000	19.5	0	1185
12000	19.6	0	1188
12000	19.7	0	1193
12000	19.8	0	1239
12000	19.9	0	1243
16000	0	0	1173
16000	0.1	0	1261
16000	0.2	0	1279
16000	0.3	0	1248
16000	0.4	0	1288
16000	0.5	0	1370
16000	0.6	0	1435
16000	0.7	0	1481
16000	0.8	0	1614
16000	0.9	0	1858
16000	1	0	1962
16000	1.1	0	2211
16000	1.2	0	2557
16000	1.3	0	2875
16000	1.4	0	3519
16000	1.5	0	4146
16000	1.6	0	4939
16000	1.7	0	6161
16000	1.8	0	7829
16000	1.9	0	9581
16000	2	0	11969
16000	2.1	0	14539
16000	2.2	0	17012
16000	2.3	0	18743
16000	2.4	0	18323
16000	2.5	0	17109
16000	2.6	0	16604
16000	2.7	0	16873
16000	2.8	0	16982
16000	2.9	0	17137
16000	3	0	17442
16000	3.1	0	17593
16000	3.2	0	17494
16000	3.3	0	17882
16000	3.4	0	17527
16000	3.5	0	17507
16000	3.6	0	17592
16000	3.7	0	17783
16000	3.8	0	17722
16000	3.9	0	17767
16000	4	0	17647
16000	4.1	0	17540
16000	4.2	0	17669
16000	4.3	0	17603
16000	4.4	0	17656
16000	4.5	0	17417
16000	4.6	0	17276
16000	4.7	0	17483
16000	4.8	0	17335
16000	4.9	0	17401
16000	5	0	17486
16000	5.1	0	17210
16000	5.2	0	17035
16000	5.3	0	16673
16000	5.4	0	16182
16000	5.5	0	15338
16000	5.6	0	14698
16000	5.7	0	13948
16000	5.8	0	13398
16000	5.9	0	12078
16000	6	0	11207
16000	6.1	0	10445
16000	6.2	0	9472
16000	6.3	0	8835
16000	6.4	0	7964
16000	6.5	0	7319
16000	6.6	0	6804
16000	6.7	0	6086
16000	6.8	0	5824
16000	6.9	0	5371
16000	7	0	4837
16000	7.1	0	4624
16000	7.2	0	4129
16000	7.3	0	3857
16000	7.4	0	3689
16000	7.5	0	3536
16000	7.6	0	3354
16000	7.7	0	3122
16000	7.8	0	2947
16000	7.9	0	2816
16000	8	0	2642
16000	8.1	0	2657
16000	8.2	0	2343
16000	8.3	0	2320
16000	8.4	0	2263
16000	8.5	0	2122
16000	8.6	0	2189
16000	8.7	0	2008
16000	8.8	0	1901
16000	8.9	0	1911
16000	9	0	1814
16000	9.1	0	1769
16000	9.2	0	1717
16000	9.3	0	1637
16000	9.4	0	1551
16000	9.5	0	1496
16000	9.6	0	1476
16000	9.7	0	1406
16000	9.8	0	1507
16000	9.9	0	1452
16000	10	0	1392
16000	10.1	0	1325
16000	10.2	0	1258
16000	10.3	0	1291
16000	10.4	0	1248
16000	10.5	0	1243
16000	10.6	0	1259
16000	10.7	0	1251
16000	10.8	0	1152
16000	10.9	0	1168
16000	11	0	1224
16000	11.1	0	1127
16000	11.2	0	1142
16000	11.3	0	1109
16000	11.4	0	1119
16000	11.5	0	1089
16000	11.6	0	1147
16000	11.7	0	1099
16000	11.8	0	1146
16000	11.9	0	1108
16000	12	0	1109
16000	12.1	0	1116
16000	12.2	0	1136
16000	12.3	0	1087
16000	12.4	0	1167
16000	12.5	0	1126
16000	12.6	0	1138
16000	12.7	0	1166
16000	12.8	0	1122
16000	12.9	0	1197
16000	13	0	1168
16000	13.1	0	1143
16000	13.2	0	1123
16000	13.3	0	1110
16000	13.4	0	1120
16000	13.5	0	1101
16000	13.6	0	1126
16000	13.7	0	1162
16000	13.8	0	1042
16000	13.9	0	1087
16000	14	0	1147
16000	14.1	0	1146
16000	14.2	0	1109
16000	14.3	0	1118
16000	14.4	0	1146
16000	14.5	0	1142
16000	14.6	0	1152
16000	14.7	0	1089
16000	14.8	0	1211
16000	14.9	0	1168
16000	15	0	1095
16000	15.1	0	1153
16000	15.2	0	1133
16000	15.3	0	1081
16000	15.4	0	1092
16000	15.5	0	1158
16000	15.6	0	1093
16000	15.7	0	1120
16000	15.8	0	1142
16000	15.9	0	1194
16000	16	0	1130
16000	16.1	0	1139
16000	16.2	0	1139
16000	16.3	0	1067
16000	16.4	0	1137
16000	16.5	0	1124
16000	16.6	0	1138
16000	16.7	0	1104
16000	16.8	0	1166
16000	16.9	0	1148
16000	17	0	1119
16000	17.1	0	1114
16000	17.2	0	1112
16000	17.3	0	1086
16000	17.4	0	1200
16000	17.5	0	1173
16000	17.6	0	1212
16000	17.7	0	1134
16000	17.8	0	1104
16000	17.9	0	1106
16000	18	0	1153
16000	18.1	0	1158
16000	18.2	0	1194
16000	18.3	0	1171
16000	18.4	0	1130
16000	18.5	0	1161
16000	18.6	0	1198
16000	18.7	0	1216
16000	18.8	0	1131
16000	18.9	0	1168
16000	19	0	1190
16000	19.1	0	1110
16000	19.2	0	1191
16000	19.3	0	1226
16000	19.4	0	1119
16000	19.5	0	1115
16000	19.6	0	1188
16000	19.7	0	1126
16000	19.8	0	1209
16000	19.9	0	1183
20000	0	0	1148
20000	0.1	0	1171
20000	0.2	0	1224
20000	0.3	0	1248
20000	0.4	0	1363
20000	0.5	0	1391
20000	0.6	0	1385
20000	0.7	0	1524
20000	0.8	0	1662
20000	0.9	0	1859
20000	1	0	2006
20000	1.1	0	2219
20000	1.2	0	2504
20000	1.3	0	2975
20000	1.4	0	3439
20000	1.5	0	4118
20000	1.6	0	5074
20000	1.7	0	6098
20000	1.8	0	7696
20000	1.9	0	9801
20000	2	0	11904
20000	2.1	0	14642
20000	2.2	0	17017
20000	2.3	0	18659
20000	2.4	0	18741
20000	2.5	0	17234
20000	2.6	0	16634
20000	2.7	0	16623
20000	2.8	0	16977
20000	2.9	0	17376
20000	3	0	17437
20000	3.1	0	17561
20000	3.2	0	17459
20000	3.3	0	17833
20000	3.4	0	17594
20000	3.5	0	17487
20000	3.6	0	17767
20000	3.7	0	17496
20000	3.8	0	17569
20000	3.9	0	17783
20000	4	0	17524
20000	4.1	0	17784
20000	4.2	0	17512
20000	4.3	0	17503
20000	4.4	0	17526
20000	4.5	0	17676
20000	4.6	0	17312
20000	4.7	0	17299
20000	4.8	0	17281
20000	4.9	0	17379
20000	5	0	17387
20000	5.1	0	17240
20000	5.2	0	16911
20000	5.3	0	16458
20000	5.4	0	16094
20000	5.5	0	15475
20000	5.6	0	14795
20000	5.7	0	13722
20000	5.8	0	13064
20000	5.9	0	12244
20000	6	0	11321
20000	6.1	0	10422
20000	6.2	0	9530
20000	6.3	0	8660
20000	6.4	0	8032
20000	6.5	0	7445
20000	6.6	0	6728
20000	6.7	0	6259
20000	6.8	0	5823
20000	6.9	0	5230
20000	7	0	4787
20000	7.1	0	4426
20000	7.2	0	4148
20000	7.3	0	3971
20000	7.4	0	3727
20000	7.5	0	3467
20000	7.6	0	3323
20000	7.7	0	3127
20000	7.8	0	2994
20000	7.9	0	2844
20000	8	0	2629
20000	8.1	0	2502
20000	8.2	0	2456
20000	8.3	0	2350
20000	8.4	0	2296
20000	8.5	0	2132
20000	8.6	0	2053
20000	8.7	0	1981
20000	8.8	0	1869
20000	8.9	0	1828
20000	9	0	1841
20000	9.1	0	1807
20000	9.2	0	1718
20000	9.3	0	1649
20000	9.4	0	1553
20000	9.5	0	1504
20000	9.6	0	1445
20000	9.7	0	1469
20000	9.8	0	1434
20000	9.9	0	1421
20000	10	0	1342
20000	10.1	0	1389
20000	10.2	0	1322
20000	10.3	0	1347
20000	10.4	0	1283
20000	10.5	0	1328
20000	10.6	0	1214
20000	10.7	0	1177
20000	10.8	0	1212
20000	10.9	0	1220
20000	11	0	1207
20000	11.1	0	1213
20000	11.2	0	1149
20000	11.3	0	1117
20000	11.4	0	1148
20000	11.5	0	1072
20000	11.6	0	1119
20000	11.7	0	1173
20000	11.8	0	1103
20000	11.9	0	1147
20000	12	0	1086
20000	12.1	0	1148
20000	12.2	0	1095
20000	12.3	0	1172
20000	12.4	0	1156
20000	12.5	0	1149
20000	12.6	0	1122
20000	12.7	0	1163
20000	12.8	0	1097
20000	12.9	0	1062
20000	13	0	1159
20000	13.1	0	1129
20000	13.2	0	1097
20000	13.3	0	1096
20000	13.4	0	1107
20000	13.5	0	1162
20000	13.6	0	1143
20000	13.7	0	1119
20000	13.8	0	1121
20000	13.9	0	1166
20000	14	0	1157
20000	14.1	0	1065
20000	14.2	0	1156
20000	14.3	0	1143
20000	14.4	0	1103
20000	14.5	0	1156
20000	14.6	0	1121
20000	14.7	0	1114
20000	14.8	0	1136
20000	14.9	0	1199
20000	15	0	1153
20000	15.1	0	1201
20000	15.2	0	1148
20000	15.3	0	1162
20000	15.4	0	1113
20000	15.5	0	1132
20000	15.6	0	1132
20000	15.7	0	1164
20000	15.8	0	1173
20000	15.9	0	1113
20000	16	0	1144
20000	16.1	0	1098
20000	16.2	0	1110
20000	16.3	0	1101
20000	16.4	0	1176
20000	16.5	0	1152
20000	16.6	0	1155
20000	16.7	0	1129
20000	16.8	0	1127
20000	16.9	0	1159
20000	17	0	1158
20000	17.1	0	1150
20000	17.2	0	1134
20000	17.3	0	1171
20000	17.4	0	1170
20000	17.5	0	1187
20000	17.6	0	1148
20000	17.7	0	1127
20000	17.8	0	1129
20000	17.9	0	1195
20000	18	0	1140
20000	18.1	0	1130
20000	18.2	0	1138
20000	18.3	0	1151
20000	18.4	0	1111
20000	18.5	0	1216
20000	18.6	0	1170
20000	18.7	0	1154
20000	18.8	0	1112
20000	18.9	0	1169
20000	19	0	1179
20000	19.1	0	1210
20000	19.2	0	1195
20000	19.3	0	1169
20000	19.4	0	1166
20000	19.5	0	1147
20000	19.6	0	1186
20000	19.7	0	1175
20000	19.8	0	1222
20000	19.9	0	1183
