4000	0	0	1164
4000	0.1	0	1201
4000	0.2	0	1192
4000	0.3	0	1230
4000	0.4	0	1252
4000	0.5	0	1273
4000	0.6	0	1421
4000	0.7	0	1537
4000	0.8	0	1627
4000	0.9	0	1749
4000	1	0	2051
4000	1.1	0	2232
4000	1.2	0	2483
4000	1.3	0	2857
4000	1.4	0	3188
4000	1.5	0	3938
4000	1.6	0	4780
4000	1.7	0	5814
4000	1.8	0	7174
4000	1.9	0	9013
4000	2	0	11537
4000	2.1	0	14168
4000	2.2	0	16911
4000	2.3	0	18842
4000	2.4	0	18561
4000	2.5	0	17579
4000	2.6	0	17058
4000	2.7	0	17020
4000	2.8	0	17212
4000	2.9	0	17372
4000	3	0	17548
4000	3.1	0	17893
4000	3.2	0	18030
4000	3.3	0	17614
4000	3.4	0	18020
4000	3.5	0	17644
4000	3.6	0	17736
4000	3.7	0	17729
4000	3.8	0	17742
4000	3.9	0	18075
4000	4	0	17848
4000	4.1	0	17737
4000	4.2	0	17780
4000	4.3	0	17903
4000	4.4	0	17714
4000	4.5	0	17682
4000	4.6	0	17653
4000	4.7	0	17775
4000	4.8	0	17522
4000	4.9	0	17527
4000	5	0	17382
4000	5.1	0	17431
4000	5.2	0	17254
4000	5.3	0	16693
4000	5.4	0	16269
4000	5.5	0	15562
4000	5.6	0	14813
4000	5.7	0	13887
4000	5.8	0	13047
4000	5.9	0	12065
4000	6	0	11017
4000	6.1	0	10217
4000	6.2	0	9300
4000	6.3	0	8629
4000	6.4	0	7914
4000	6.5	0	7253
4000	6.6	0	6660
4000	6.7	0	6139
4000	6.8	0	5680
4000	6.9	0	5224
4000	7	0	4876
4000	7.1	0	4396
4000	7.2	0	4264
4000	7.3	0	3974
4000	7.4	0	3576
4000	7.5	0	3487
4000	7.6	0	3200
4000	7.7	0	3113
4000	7.8	0	2914
4000	7.9	0	2751
4000	8	0	2675
4000	8.1	0	2487
4000	8.2	0	2400
4000	8.3	0	2329
4000	8.4	0	2223
4000	8.5	0	2130
4000	8.6	0	2078
4000	8.7	0	1961
4000	8.8	0	1875
4000	8.9	0	1838
4000	9	0	1781
4000	9.1	0	1686
4000	9.2	0	1700
4000	9.3	0	1570
4000	9.4	0	1584
4000	9.5	0	1539
4000	9.6	0	1490
4000	9.7	0	1462
4000	9.8	0	1447
4000	9.9	0	1374
4000	10	0	1363
4000	10.1	0	1313
4000	10.2	0	1379
4000	10.3	0	1300
4000	10.4	0	1262
4000	10.5	0	1284
4000	10.6	0	1220
4000	10.7	0	1245
4000	10.8	0	1211
4000	10.9	0	1187
4000	11	0	1234
4000	11.1	0	1210
4000	11.2	0	1162
4000	11.3	0	1142
4000	11.4	0	1120
4000	11.5	0	1110
4000	11.6	0	1103
4000	11.7	0	1153
4000	11.8	0	1108
4000	11.9	0	1126
4000	12	0	1114
4000	12.1	0	1147
4000	12.2	0	1158
4000	12.3	0	1109
4000	12.4	0	1128
4000	12.5	0	1143
4000	12.6	0	1130
4000	12.7	0	1103
4000	12.8	0	1156
4000	12.9	0	1083
4000	13	0	1150
4000	13.1	0	1148
4000	13.2	0	1132
4000	13.3	0	1149
4000	13.4	0	1114
4000	13.5	0	1088
4000	13.6	0	1124
4000	13.7	0	1136
4000	13.8	0	1134
4000	13.9	0	1096
4000	14	0	1118
4000	14.1	0	1150
4000	14.2	0	1080
4000	14.3	0	1137
4000	14.4	0	1107
4000	14.5	0	1128
4000	14.6	0	1060
4000	14.7	0	1105
4000	14.8	0	1180
4000	14.9	0	1109
4000	15	0	1170
4000	15.1	0	1088
4000	15.2	0	1072
4000	15.3	0	1097
4000	15.4	0	1113
4000	15.5	0	1115
4000	15.6	0	1068
4000	15.7	0	1139
4000	15.8	0	1184
4000	15.9	0	1086
4000	16	0	1094
4000	16.1	0	1125
4000	16.2	0	1130
4000	16.3	0	1133
4000	16.4	0	1114
4000	16.5	0	1150
4000	16.6	0	1164
4000	16.7	0	1133
4000	16.8	0	1049
4000	16.9	0	1117
4000	17	0	1113
4000	17.1	0	1139
4000	17.2	0	1113
4000	17.3	0	1126
4000	17.4	0	1213
4000	17.5	0	1143
4000	17.6	0	1121
4000	17.7	0	1142
4000	17.8	0	1134
4000	17.9	0	1207
4000	18	0	1198
4000	18.1	0	1086
4000	18.2	0	1140
4000	18.3	0	1181
4000	18.4	0	1189
4000	18.5	0	1115
4000	18.6	0	1157
4000	18.7	0	1170
4000	18.8	0	1149
4000	18.9	0	1097
4000	19	0	1201
4000	19.1	0	1173
4000	19.2	0	1099
4000	19.3	0	1142
4000	19.4	0	1165
4000	19.5	0	1141
4000	19.6	0	1211
4000	19.7	0	1162
4000	19.8	0	1119
4000	19.9	0	1141
8000	0	0	1143
8000	0.1	0	1245
8000	0.2	0	1264
8000	0.3	0	1314
8000	0.4	0	1275
8000	0.5	0	1366
8000	0.6	0	1372
8000	0.7	0	1580
8000	0.8	0	1625
8000	0.9	0	1687
8000	1	0	1864
8000	1.1	0	2232
8000	1.2	0	2450
8000	1.3	0	2917
8000	1.4	0	3288
8000	1.5	0	3847
8000	1.6	0	4610
8000	1.7	0	5711
8000	1.8	0	7137
8000	1.9	0	9331
8000	2	0	11308
8000	2.1	0	14083
8000	2.2	0	16954
8000	2.3	0	18671
8000	2.4	0	18818
8000	2.5	0	17560
8000	2.6	0	17007
8000	2.7	0	16822
8000	2.8	0	17319
8000	2.9	0	17553
8000	3	0	17740
8000	3.1	0	17828
8000	3.2	0	17782
8000	3.3	0	17798
8000	3.4	0	17757
8000	3.5	0	18041
8000	3.6	0	17693
8000	3.7	0	17846
8000	3.8	0	17998
8000	3.9	0	17907
8000	4	0	17831
8000	4.1	0	17989
8000	4.2	0	17524
8000	4.3	0	18059
8000	4.4	0	17800
8000	4.5	0	17777
8000	4.6	0	17726
8000	4.7	0	17676
8000	4.8	0	17580
8000	4.9	0	17567
8000	5	0	17338
8000	5.1	0	17391
8000	5.2	0	17349
8000	5.3	0	16773
8000	5.4	0	16269
8000	5.5	0	15445
8000	5.6	0	14579
8000	5.7	0	14032
8000	5.8	0	12894
8000	5.9	0	11999
8000	6	0	11023
8000	6.1	0	10123
8000	6.2	0	9382
8000	6.3	0	8655
8000	6.4	0	8061
8000	6.5	0	7308
8000	6.6	0	6590
8000	6.7	0	6035
8000	6.8	0	5461
8000	6.9	0	5110
8000	7	0	4813
8000	7.1	0	4592
8000	7.2	0	4228
8000	7.3	0	3963
8000	7.4	0	3654
8000	7.5	0	3509
8000	7.6	0	3329
8000	7.7	0	3075
8000	7.8	0	2905
8000	7.9	0	2707
8000	8	0	2630
8000	8.1	0	2517
8000	8.2	0	2409
8000	8.3	0	2253
8000	8.4	0	2169
8000	8.5	0	2146
8000	8.6	0	2065
8000	8.7	0	2035
8000	8.8	0	1879
8000	8.9	0	1861
8000	9	0	1761
8000	9.1	0	1715
8000	9.2	0	1690
8000	9.3	0	1652
8000	9.4	0	1621
8000	9.5	0	1569
8000	9.6	0	1490
8000	9.7	0	1436
8000	9.8	0	1362
8000	9.9	0	1436
8000	10	0	1377
8000	10.1	0	1359
8000	10.2	0	1257
8000	10.3	0	1265
8000	10.4	0	1292
8000	10.5	0	1255
8000	10.6	0	1279
8000	10.7	0	1213
8000	10.8	0	1204
8000	10.9	0	1138
8000	11	0	1217
8000	11.1	0	1156
8000	11.2	0	1195
8000	11.3	0	1096
8000	11.4	0	1149
8000	11.5	0	1122
8000	11.6	0	1123
8000	11.7	0	1105
8000	11.8	0	1180
8000	11.9	0	1100
8000	12	0	1153
8000	12.1	0	1127
8000	12.2	0	1117
8000	12.3	0	1074
8000	12.4	0	1120
8000	12.5	0	1108
8000	12.6	0	1170
8000	12.7	0	1128
8000	12.8	0	1172
8000	12.9	0	1088
8000	13	0	1092
8000	13.1	0	1109
8000	13.2	0	1105
8000	13.3	0	1150
8000	13.4	0	1100
8000	13.5	0	1098
8000	13.6	0	1137
8000	13.7	0	1086
8000	13.8	0	1115
8000	13.9	0	1077
8000	14	0	1118
8000	14.1	0	1124
8000	14.2	0	1164
8000	14.3	0	1099
8000	14.4	0	1133
8000	14.5	0	1126
8000	14.6	0	1122
8000	14.7	0	1139
8000	14.8	0	1150
8000	14.9	0	1083
8000	15	0	1167
8000	15.1	0	1159
8000	15.2	0	1177
8000	15.3	0	1145
8000	15.4	0	1127
8000	15.5	0	1128
8000	15.6	0	1113
8000	15.7	0	1087
8000	15.8	0	1095
8000	15.9	0	1130
8000	16	0	1109
8000	16.1	0	1148
8000	16.2	0	1075
8000	16.3	0	1130
8000	16.4	0	1138
8000	16.5	0	1147
8000	16.6	0	1086
8000	16.7	0	1102
8000	16.8	0	1121
8000	16.9	0	1104
8000	17	0	1187
8000	17.1	0	1136
8000	17.2	0	1150
8000	17.3	0	1148
8000	17.4	0	1179
8000	17.5	0	1113
8000	17.6	0	1109
8000	17.7	0	1218
8000	17.8	0	1146
8000	17.9	0	1146
8000	18	0	1101
8000	18.1	0	1101
8000	18.2	0	1101
8000	18.3	0	1118
8000	18.4	0	1142
8000	18.5	0	1114
8000	18.6	0	1179
8000	18.7	0	1139
8000	18.8	0	1137
8000	18.9	0	1131
8000	19	0	1145
8000	19.1	0	1180
8000	19.2	0	1176
8000	19.3	0	1078
8000	19.4	0	1151
8000	19.5	0	1181
8000	19.6	0	1129
8000	19.7	0	1092
8000	19.8	0	1219
8000	19.9	0	1140
12000	0	0	1228
12000	0.1	0	1238
12000	0.2	0	1239
12000	0.3	0	1277
12000	0.4	0	1340
12000	0.5	0	1325
12000	0.6	0	1497
12000	0.7	0	1491
12000	0.8	0	1586
12000	0.9	0	1772
12000	1	0	1930
12000	1.1	0	2187
12000	1.2	0	2497
12000	1.3	0	2933
12000	1.4	0	3308
12000	1.5	0	3844
12000	1.6	0	4746
12000	1.7	0	5887
12000	1.8	0	7259
12000	1.9	0	9135
12000	2	0	11494
12000	2.1	0	14294
12000	2.2	0	16897
12000	2.3	0	18858
12000	2.4	0	18536
12000	2.5	0	17394
12000	2.6	0	17122
12000	2.7	0	17001
12000	2.8	0	17232
12000	2.9	0	17412
12000	3	0	17813
12000	3.1	0	17762
12000	3.2	0	17628
12000	3.3	0	18069
12000	3.4	0	17708
12000	3.5	0	17905
12000	3.6	0	17582
12000	3.7	0	18019
12000	3.8	0	17993
12000	3.9	0	17712
12000	4	0	18002
12000	4.1	0	17934
12000	4.2	0	17780
12000	4.3	0	17670
12000	4.4	0	17957
12000	4.5	0	17498
12000	4.6	0	17687
12000	4.7	0	17555
12000	4.8	0	17541
12000	4.9	0	17504
12000	5	0	17579
12000	5.1	0	17614
12000	5.2	0	16954
12000	5.3	0	16839
12000	5.4	0	16082
12000	5.5	0	15574
12000	5.6	0	14693
12000	5.7	0	13807
12000	5.8	0	13123
12000	5.9	0	11802
12000	6	0	11115
12000	6.1	0	10186
12000	6.2	0	9498
12000	6.3	0	8641
12000	6.4	0	7859
12000	6.5	0	7255
12000	6.6	0	6528
12000	6.7	0	6101
12000	6.8	0	5487
12000	6.9	0	5234
12000	7	0	4707
12000	7.1	0	4544
12000	7.2	0	4148
12000	7.3	0	3805
12000	7.4	0	3712
12000	7.5	0	3367
12000	7.6	0	3270
12000	7.7	0	3054
12000	7.8	0	3038
12000	7.9	0	2776
12000	8	0	2686
12000	8.1	0	2490
12000	8.2	0	2367
12000	8.3	0	2367
12000	8.4	0	2173
12000	8.5	0	2112
12000	8.6	0	2060
12000	8.7	0	1971
12000	8.8	0	1919
12000	8.9	0	1921
12000	9	0	1774
12000	9.1	0	1746
12000	9.2	0	1664
12000	9.3	0	1649
12000	9.4	0	1553
12000	9.5	0	1596
12000	9.6	0	1536
12000	9.7	0	1406
12000	9.8	0	1435
12000	9.9	0	1421
12000	10	0	1335
12000	10.1	0	1348
12000	10.2	0	1292
12000	10.3	0	1226
12000	10.4	0	1276
12000	10.5	0	1214
12000	10.6	0	1315
12000	10.7	0	1136
12000	10.8	0	1192
12000	10.9	0	1244
12000	11	0	1115
12000	11.1	0	1172
12000	11.2	0	1133
12000	11.3	0	1108
12000	11.4	0	1113
12000	11.5	0	1141
12000	11.6	0	1100
12000	11.7	0	1081
12000	11.8	0	1070
12000	11.9	0	1168
12000	12	0	1135
12000	12.1	0	1128
12000	12.2	0	1116
12000	12.3	0	1088
12000	12.4	0	1092
12000	12.5	0	1218
12000	12.6	0	1098
12000	12.7	0	1144
12000	12.8	0	1112
12000	12.9	0	1113
12000	13	0	1188
12000	13.1	0	1081
12000	13.2	0	1073
12000	13.3	0	1142
12000	13.4	0	1178
12000	13.5	0	1124
12000	13.6	0	1002
12000	13.7	0	1136
12000	13.8	0	1117
12000	13.9	0	1164
12000	14	0	1099
12000	14.1	0	1122
12000	14.2	0	1098
12000	14.3	0	1119
12000	14.4	0	1116
12000	14.5	0	1187
12000	14.6	0	1128
12000	14.7	0	1173
12000	14.8	0	1153
12000	14.9	0	1103
12000	15	0	1125
12000	15.1	0	1098
12000	15.2	0	1071
12000	15.3	0	1098
12000	15.4	0	1140
12000	15.5	0	1109
12000	15.6	0	1142
12000	15.7	0	1115
12000	15.8	0	1125
12000	15.9	0	1071
12000	16	0	1133
12000	16.1	0	1135
12000	16.2	0	1100
12000	16.3	0	1127
12000	16.4	0	1096
12000	16.5	0	1126
12000	16.6	0	1119
12000	16.7	0	1173
12000	16.8	0	1118
12000	16.9	0	1099
12000	17	0	1138
12000	17.1	0	1100
12000	17.2	0	1111
12000	17.3	0	1181
12000	17.4	0	1185
12000	17.5	0	1102
12000	17.6	0	1209
12000	17.7	0	1146
12000	17.8	0	1185
12000	17.9	0	1130
12000	18	0	1123
12000	18.1	0	1136
12000	18.2	0	1121
12000	18.3	0	1174
12000	18.4	0	1165
12000	18.5	0	1176
12000	18.6	0	1143
12000	18.7	0	1153
12000	18.8	0	1163
12000	18.9	0	1146
12000	19	0	1192
12000	19.1	0	1149
12000	19.2	0	1157
12000	19.3	0	1140
12000	19.4	0	1169
12000	19.5	0	1198
12000	19.6	0	1156
12000	19.7	0	1153
12000	19.8	0	1177
12000	19.9	0	1160
16000	0	0	1180
16000	0.1	0	1195
16000	0.2	0	1258
16000	0.3	0	1204
16000	0.4	0	1253
16000	0.5	0	1388
16000	0.6	0	1362
16000	0.7	0	1590
16000	0.8	0	1615
16000	0.9	0	1751
16000	1	0	2034
16000	1.1	0	2148
16000	1.2	0	2400
16000	1.3	0	2808
16000	1.4	0	3246
16000	1.5	0	4058
16000	1.6	0	4716
16000	1.7	0	5935
16000	1.8	0	7388
16000	1.9	0	9265
16000	2	0	11679
16000	2.1	0	14311
16000	2.2	0	16675
16000	2.3	0	18672
16000	2.4	0	18739
16000	2.5	0	17467
16000	2.6	0	16956
16000	2.7	0	17145
16000	2.8	0	17284
16000	2.9	0	17442
16000	3	0	17574
16000	3.1	0	18032
16000	3.2	0	17616
16000	3.3	0	17905
16000	3.4	0	17776
16000	3.5	0	17860
16000	3.6	0	17885
16000	3.7	0	17819
16000	3.8	0	17841
16000	3.9	0	17767
16000	4	0	17922
16000	4.1	0	17963
16000	4.2	0	17865
16000	4.3	0	17818
16000	4.4	0	17621
16000	4.5	0	17731
16000	4.6	0	17670
16000	4.7	0	17689
16000	4.8	0	17553
16000	4.9	0	17583
16000	5	0	17746
16000	5.1	0	17451
16000	5.2	0	17142
16000	5.3	0	16720
16000	5.4	0	16056
16000	5.5	0	15587
16000	5.6	0	14629
16000	5.7	0	14019
16000	5.8	0	13005
16000	5.9	0	12013
16000	6	0	11008
16000	6.1	0	10190
16000	6.2	0	9354
16000	6.3	0	8525
16000	6.4	0	7714
16000	6.5	0	7265
16000	6.6	0	6590
16000	6.7	0	6011
16000	6.8	0	5546
16000	6.9	0	5245
16000	7	0	4887
16000	7.1	0	4608
16000	7.2	0	4102
16000	7.3	0	3868
16000	7.4	0	3606
16000	7.5	0	3461
16000	7.6	0	3235
16000	7.7	0	3066
16000	7.8	0	2922
16000	7.9	0	2627
16000	8	0	2710
16000	8.1	0	2578
16000	8.2	0	2392
16000	8.3	0	2327
16000	8.4	0	2232
16000	8.5	0	2157
16000	8.6	0	2077
16000	8.7	0	1955
16000	8.8	0	1898
16000	8.9	0	1855
16000	9	0	1747
16000	9.1	0	1731
16000	9.2	0	1649
16000	9.3	0	1599
16000	9.4	0	1558
16000	9.5	0	1496
16000	9.6	0	1573
16000	9.7	0	1463
16000	9.8	0	1417
16000	9.9	0	1465
16000	10	0	1373
16000	10.1	0	1342
16000	10.2	0	1277
16000	10.3	0	1279
16000	10.4	0	1305
16000	10.5	0	1241
16000	10.6	0	1154
16000	10.7	0	1192
16000	10.8	0	1237
16000	10.9	0	1218
16000	11	0	1217
16000	11.1	0	1175
16000	11.2	0	1186
16000	11.3	0	1081
16000	11.4	0	1120
16000	11.5	0	1142
16000	11.6	0	1151
16000	11.7	0	1108
16000	11.8	0	1131
16000	11.9	0	1115
16000	12	0	1160
16000	12.1	0	1192
16000	12.2	0	1138
16000	12.3	0	1080
16000	12.4	0	1139
16000	12.5	0	1067
16000	12.6	0	1139
16000	12.7	0	1106
16000	12.8	0	1063
16000	12.9	0	1150
16000	13	0	1081
16000	13.1	0	1138
16000	13.2	0	1051
16000	13.3	0	1164
16000	13.4	0	1086
16000	13.5	0	1132
16000	13.6	0	1059
16000	13.7	0	1142
16000	13.8	0	1167
16000	13.9	0	1150
16000	14	0	1072
16000	14.1	0	1122
16000	14.2	0	1124
16000	14.3	0	1138
16000	14.4	0	1083
16000	14.5	0	1140
16000	14.6	0	1166
16000	14.7	0	1071
16000	14.8	0	1105
16000	14.9	0	1164
16000	15	0	1194
16000	15.1	0	1074
16000	15.2	0	1092
16000	15.3	0	1080
16000	15.4	0	1122
16000	15.5	0	1124
16000	15.6	0	1153
16000	15.7	0	1169
16000	15.8	0	1208
16000	15.9	0	1168
16000	16	0	1123
16000	16.1	0	1090
16000	16.2	0	1113
16000	16.3	0	1124
16000	16.4	0	1133
16000	16.5	0	1093
16000	16.6	0	1104
16000	16.7	0	1086
16000	16.8	0	1114
16000	16.9	0	1105
16000	17	0	1180
16000	17.1	0	1150
16000	17.2	0	1194
16000	17.3	0	1125
16000	17.4	0	1136
16000	17.5	0	1098
16000	17.6	0	1096
16000	17.7	0	1075
16000	17.8	0	1105
16000	17.9	0	1116
16000	18	0	1153
16000	18.1	0	1145
16000	18.2	0	1147
16000	18.3	0	1141
16000	18.4	0	1136
16000	18.5	0	1176
16000	18.6	0	1117
16000	18.7	0	1117
16000	18.8	0	1134
16000	18.9	0	1151
16000	19	0	1123
16000	19.1	0	1114
16000	19.2	0	1181
16000	19.3	0	1160
16000	19.4	0	1158
16000	19.5	0	1132
16000	19.6	0	1173
16000	19.7	0	1188
16000	19.8	0	1100
16000	19.9	0	1146
20000	0	0	1197
20000	0.1	0	1141
20000	0.2	0	1181
20000	0.3	0	1201
20000	0.4	0	1360
20000	0.5	0	1355
20000	0.6	0	1545
20000	0.7	0	1488
20000	0.8	0	1645
20000	0.9	0	1817
20000	1	0	1899
20000	1.1	0	2151
20000	1.2	0	2463
20000	1.3	0	2907
20000	1.4	0	3284
20000	1.5	0	4020
20000	1.6	0	4869
20000	1.7	0	6056
20000	1.8	0	7269
20000	1.9	0	9123
20000	2	0	11574
20000	2.1	0	14246
20000	2.2	0	16966
20000	2.3	0	18910
20000	2.4	0	18675
20000	2.5	0	17455
20000	2.6	0	17231
20000	2.7	0	17134
20000	2.8	0	17305
20000	2.9	0	17182
20000	3	0	17789
20000	3.1	0	17713
20000	3.2	0	17853
20000	3.3	0	18132
20000	3.4	0	17692
20000	3.5	0	17828
20000	3.6	0	17826
20000	3.7	0	17847
20000	3.8	0	17941
20000	3.9	0	17863
20000	4	0	17804
20000	4.1	0	17711
20000	4.2	0	17903
20000	4.3	0	17762
20000	4.4	0	17908
20000	4.5	0	17785
20000	4.6	0	17600
20000	4.7	0	17510
20000	4.8	0	17529
20000	4.9	0	17532
20000	5	0	17471
20000	5.1	0	17489
20000	5.2	0	16969
20000	5.3	0	16699
20000	5.4	0	16115
20000	5.5	0	15480
20000	5.6	0	14680
20000	5.7	0	14028
20000	5.8	0	12923
20000	5.9	0	11923
20000	6	0	11007
20000	6.1	0	10076
20000	6.2	0	9338
20000	6.3	0	8537
20000	6.4	0	7863
20000	6.5	0	7129
20000	6.6	0	6677
20000	6.7	0	6007
20000	6.8	0	5586
20000	6.9	0	5104
20000	7	0	4825
20000	7.1	0	4424
20000	7.2	0	4166
20000	7.3	0	3870
20000	7.4	0	3498
20000	7.5	0	3306
20000	7.6	0	3242
20000	7.7	0	3060
20000	7.8	0	2995
20000	7.9	0	2761
20000	8	0	2585
20000	8.1	0	2453
20000	8.2	0	2415
20000	8.3	0	2281
20000	8.4	0	2276
20000	8.5	0	2232
20000	8.6	0	1993
20000	8.7	0	1905
20000	8.8	0	1906
20000	8.9	0	1853
20000	9	0	1758
20000	9.1	0	1700
20000	9.2	0	1653
20000	9.3	0	1635
20000	9.4	0	1584
20000	9.5	0	1594
20000	9.6	0	1445
20000	9.7	0	1474
20000	9.8	0	1468
20000	9.9	0	1333
20000	10	0	1394
20000	10.1	0	1367
20000	10.2	0	1345
20000	10.3	0	1313
20000	10.4	0	1296
20000	10.5	0	1255
20000	10.6	0	1305
20000	10.7	0	1254
20000	10.8	0	1196
20000	10.9	0	1163
20000	11	0	1183
20000	11.1	0	1200
20000	11.2	0	1243
20000	11.3	0	1150
20000	11.4	0	1197
20000	11.5	0	1140
20000	11.6	0	1152
20000	11.7	0	1138
20000	11.8	0	1126
20000	11.9	0	1072
20000	12	0	1159
20000	12.1	0	1137
20000	12.2	0	1165
20000	12.3	0	1117
20000	12.4	0	1121
20000	12.5	0	1117
20000	12.6	0	1075
20000	12.7	0	1181
20000	12.8	0	1145
20000	12.9	0	1210
20000	13	0	1067
20000	13.1	0	1126
20000	13.2	0	1138
20000	13.3	0	1138
20000	13.4	0	1083
20000	13.5	0	1085
20000	13.6	0	1096
20000	13.7	0	1077
20000	13.8	0	1117
20000	13.9	0	1045
20000	14	0	1141
20000	14.1	0	1061
20000	14.2	0	1138
20000	14.3	0	1136
20000	14.4	0	1161
20000	14.5	0	1148
20000	14.6	0	1121
20000	14.7	0	1108
20000	14.8	0	1094
20000	14.9	0	1137
20000	15	0	1161
20000	15.1	0	1015
20000	15.2	0	1200
20000	15.3	0	1145
20000	15.4	0	1124
20000	15.5	0	1053
20000	15.6	0	1073
20000	15.7	0	1135
20000	15.8	0	1095
20000	15.9	0	1103
20000	16	0	1130
20000	16.1	0	1153
20000	16.2	0	1180
20000	16.3	0	1152
20000	16.4	0	1097
20000	16.5	0	1172
20000	16.6	0	1157
20000	16.7	0	1146
20000	16.8	0	1060
20000	16.9	0	1116
20000	17	0	1140
20000	17.1	0	1131
20000	17.2	0	1110
20000	17.3	0	1111
20000	17.4	0	1111
20000	17.5	0	1138
20000	17.6	0	1037
20000	17.7	0	1117
20000	17.8	0	1092
20000	17.9	0	1145
20000	18	0	1159
20000	18.1	0	1147
20000	18.2	0	1143
20000	18.3	0	1141
20000	18.4	0	1205
20000	18.5	0	1224
20000	18.6	0	1157
20000	18.7	0	1184
20000	18.8	0	1143
20000	18.9	0	1122
20000	19	0	1171
20000	19.1	0	1199
20000	19.2	0	1134
20000	19.3	0	1208
20000	19.4	0	1099
20000	19.5	0	1183
20000	19.6	0	1141
20000	19.7	0	1175
20000	19.8	0	1217
20000	19.9	0	1148
