4000	0	0	1284
4000	0.1	0	1236
4000	0.2	0	1204
4000	0.3	0	1286
4000	0.4	0	1332
4000	0.5	0	1296
4000	0.6	0	1498
4000	0.7	0	1577
4000	0.8	0	1662
4000	0.9	0	1784
4000	1	0	1991
4000	1.1	0	2295
4000	1.2	0	2384
4000	1.3	0	2676
4000	1.4	0	3309
4000	1.5	0	3729
4000	1.6	0	4628
4000	1.7	0	5476
4000	1.8	0	6840
4000	1.9	0	8219
4000	2	0	10852
4000	2.1	0	13946
4000	2.2	0	17000
4000	2.3	0	19038
4000	2.4	0	19110
4000	2.5	0	17720
4000	2.6	0	17168
4000	2.7	0	17008
4000	2.8	0	17240
4000	2.9	0	17255
4000	3	0	17345
4000	3.1	0	17643
4000	3.2	0	17686
4000	3.3	0	17432
4000	3.4	0	17660
4000	3.5	0	17460
4000	3.6	0	17463
4000	3.7	0	17374
4000	3.8	0	17709
4000	3.9	0	17419
4000	4	0	17350
4000	4.1	0	17571
4000	4.2	0	17441
4000	4.3	0	17460
4000	4.4	0	17542
4000	4.5	0	17421
4000	4.6	0	17425
4000	4.7	0	17095
4000	4.8	0	17489
4000	4.9	0	17447
4000	5	0	17572
4000	5.1	0	17487
4000	5.2	0	17140
4000	5.3	0	16785
4000	5.4	0	16283
4000	5.5	0	15504
4000	5.6	0	14969
4000	5.7	0	13950
4000	5.8	0	13055
4000	5.9	0	12131
4000	6	0	11255
4000	6.1	0	10145
4000	6.2	0	9421
4000	6.3	0	8654
4000	6.4	0	7799
4000	6.5	0	7290
4000	6.6	0	6584
4000	6.7	0	6178
4000	6.8	0	5690
4000	6.9	0	5294
4000	7	0	4818
4000	7.1	0	4666
4000	7.2	0	4172
4000	7.3	0	4085
4000	7.4	0	3772
4000	7.5	0	3528
4000	7.6	0	3363
4000	7.7	0	3064
4000	7.8	0	2951
4000	7.9	0	2835
4000	8	0	2762
4000	8.1	0	2626
4000	8.2	0	2461
4000	8.3	0	2285
4000	8.4	0	2242
4000	8.5	0	2060
4000	8.6	0	2106
4000	8.7	0	2146
4000	8.8	0	2018
4000	8.9	0	1925
4000	9	0	1815
4000	9.1	0	1811
4000	9.2	0	1697
4000	9.3	0	1605
4000	9.4	0	1710
4000	9.5	0	1597
4000	9.6	0	1576
4000	9.7	0	1556
4000	9.8	0	1524
4000	9.9	0	1425
4000	10	0	1479
4000	10.1	0	1425
4000	10.2	0	1405
4000	10.3	0	1344
4000	10.4	0	1385
4000	10.5	0	1310
4000	10.6	0	1270
4000	10.7	0	1209
4000	10.8	0	1222
4000	10.9	0	1273
4000	11	0	1206
4000	11.1	0	1251
4000	11.2	0	1208
4000	11.3	0	1157
4000	11.4	0	1209
4000	11.5	0	1165
4000	11.6	0	1123
4000	11.7	0	1113
4000	11.8	0	1160
4000	11.9	0	1156
4000	12	0	1212
4000	12.1	0	1092
4000	12.2	0	1200
4000	12.3	0	1161
4000	12.4	0	1129
4000	12.5	0	1157
4000	12.6	0	1112
4000	12.7	0	1134
4000	12.8	0	1167
4000	12.9	0	1155
4000	13	0	1166
4000	13.1	0	1149
4000	13.2	0	1165
4000	13.3	0	1186
4000	13.4	0	1136
4000	13.5	0	1210
4000	13.6	0	1183
4000	13.7	0	1206
4000	13.8	0	1146
4000	13.9	0	1210
4000	14	0	1194
4000	14.1	0	1138
4000	14.2	0	1218
4000	14.3	0	1173
4000	14.4	0	1164
4000	14.5	0	1235
4000	14.6	0	1161
4000	14.7	0	1105
4000	14.8	0	1170
4000	14.9	0	1213
4000	15	0	1214
4000	15.1	0	1157
4000	15.2	0	1170
4000	15.3	0	1122
4000	15.4	0	1181
4000	15.5	0	1139
4000	15.6	0	1150
4000	15.7	0	1182
4000	15.8	0	1195
4000	15.9	0	1163
4000	16	0	1198
4000	16.1	0	1158
4000	16.2	0	1216
4000	16.3	0	1138
4000	16.4	0	1196
4000	16.5	0	1212
4000	16.6	0	1198
4000	16.7	0	1186
4000	16.8	0	1191
4000	16.9	0	1163
4000	17	0	1185
4000	17.1	0	1149
4000	17.2	0	1138
4000	17.3	0	1215
4000	17.4	0	1223
4000	17.5	0	1190
4000	17.6	0	1212
4000	17.7	0	1197
4000	17.8	0	1173
4000	17.9	0	1108
4000	18	0	1192
4000	18.1	0	1223
4000	18.2	0	1157
4000	18.3	0	1192
4000	18.4	0	1199
4000	18.5	0	1223
4000	18.6	0	1162
4000	18.7	0	1187
4000	18.8	0	1173
4000	18.9	0	1167
4000	19	0	1177
4000	19.1	0	1148
4000	19.2	0	1219
4000	19.3	0	1193
4000	19.4	0	1163
4000	19.5	0	1186
4000	19.6	0	1194
4000	19.7	0	1202
4000	19.8	0	1191
4000	19.9	0	1154
8000	0	0	1252
8000	0.1	0	1254
8000	0.2	0	1276
8000	0.3	0	1251
8000	0.4	0	1323
8000	0.5	0	1383
8000	0.6	0	1395
8000	0.7	0	1545
8000	0.8	0	1710
8000	0.9	0	1790
8000	1	0	1937
8000	1.1	0	2160
8000	1.2	0	2495
8000	1.3	0	2834
8000	1.4	0	3247
8000	1.5	0	3748
8000	1.6	0	4497
8000	1.7	0	5441
8000	1.8	0	6662
8000	1.9	0	8564
8000	2	0	10995
8000	2.1	0	13761
8000	2.2	0	16840
8000	2.3	0	19118
8000	2.4	0	19285
8000	2.5	0	17628
8000	2.6	0	16866
8000	2.7	0	17192
8000	2.8	0	17247
8000	2.9	0	17213
8000	3	0	17510
8000	3.1	0	17464
8000	3.2	0	17526
8000	3.3	0	17527
8000	3.4	0	17558
8000	3.5	0	17436
8000	3.6	0	17439
8000	3.7	0	17544
8000	3.8	0	17550
8000	3.9	0	17643
8000	4	0	17510
8000	4.1	0	17427
8000	4.2	0	17552
8000	4.3	0	17516
8000	4.4	0	17260
8000	4.5	0	17649
8000	4.6	0	17553
8000	4.7	0	17377
8000	4.8	0	17560
8000	4.9	0	17360
8000	5	0	17450
8000	5.1	0	17140
8000	5.2	0	17445
8000	5.3	0	16855
8000	5.4	0	16366
8000	5.5	0	15798
8000	5.6	0	15001
8000	5.7	0	13913
8000	5.8	0	13190
8000	5.9	0	11931
8000	6	0	10967
8000	6.1	0	10151
8000	6.2	0	9334
8000	6.3	0	8669
8000	6.4	0	7996
8000	6.5	0	7172
8000	6.6	0	6667
8000	6.7	0	6251
8000	6.8	0	5610
8000	6.9	0	5265
8000	7	0	4892
8000	7.1	0	4454
8000	7.2	0	4236
8000	7.3	0	4099
8000	7.4	0	3713
8000	7.5	0	3514
8000	7.6	0	3299
8000	7.7	0	3155
8000	7.8	0	2969
8000	7.9	0	2874
8000	8	0	2675
8000	8.1	0	2531
8000	8.2	0	2530
8000	8.3	0	2382
8000	8.4	0	2287
8000	8.5	0	2106
8000	8.6	0	2168
8000	8.7	0	2048
8000	8.8	0	1947
8000	8.9	0	1914
8000	9	0	1865
8000	9.1	0	1733
8000	9.2	0	1674
8000	9.3	0	1664
8000	9.4	0	1585
8000	9.5	0	1576
8000	9.6	0	1530
8000	9.7	0	1551
8000	9.8	0	1447
8000	9.9	0	1442
8000	10	0	1421
8000	10.1	0	1407
8000	10.2	0	1344
8000	10.3	0	1337
8000	10.4	0	1317
8000	10.5	0	1341
8000	10.6	0	1267
8000	10.7	0	1227
8000	10.8	0	1229
8000	10.9	0	1236
8000	11	0	1201
8000	11.1	0	1217
8000	11.2	0	1186
8000	11.3	0	1242
8000	11.4	0	1184
8000	11.5	0	1136
8000	11.6	0	1174
8000	11.7	0	1172
8000	11.8	0	1206
8000	11.9	0	1125
8000	12	0	1134
8000	12.1	0	1185
8000	12.2	0	1146
8000	12.3	0	1226
8000	12.4	0	1160
8000	12.5	0	1175
8000	12.6	0	1154
8000	12.7	0	1209
8000	12.8	0	1187
8000	12.9	0	1224
8000	13	0	1152
8000	13.1	0	1165
8000	13.2	0	1182
8000	13.3	0	1202
8000	13.4	0	1185
8000	13.5	0	1249
8000	13.6	0	1183
8000	13.7	0	1104
8000	13.8	0	1220
8000	13.9	0	1170
8000	14	0	1167
8000	14.1	0	1150
8000	14.2	0	1161
8000	14.3	0	1179
8000	14.4	0	1115
8000	14.5	0	1152
8000	14.6	0	1200
8000	14.7	0	1200
8000	14.8	0	1131
8000	14.9	0	1186
8000	15	0	1170
8000	15.1	0	1124
8000	15.2	0	1141
8000	15.3	0	1171
8000	15.4	0	1215
8000	15.5	0	1133
8000	15.6	0	1093
8000	15.7	0	1189
8000	15.8	0	1173
8000	15.9	0	1128
8000	16	0	1187
8000	16.1	0	1085
8000	16.2	0	1107
8000	16.3	0	1178
8000	16.4	0	1173
8000	16.5	0	1174
8000	16.6	0	1132
8000	16.7	0	1191
8000	16.8	0	1131
8000	16.9	0	1179
8000	17	0	1205
8000	17.1	0	1191
8000	17.2	0	1082
8000	17.3	0	1256
8000	17.4	0	1165
8000	17.5	0	1188
8000	17.6	0	1239
8000	17.7	0	1211
8000	17.8	0	1140
8000	17.9	0	1171
8000	18	0	1262
8000	18.1	0	1159
8000	18.2	0	1128
8000	18.3	0	1192
8000	18.4	0	1198
8000	18.5	0	1242
8000	18.6	0	1206
8000	18.7	0	1222
8000	18.8	0	1128
8000	18.9	0	1181
8000	19	0	1192
8000	19.1	0	1189
8000	19.2	0	1175
8000	19.3	0	1210
8000	19.4	0	1179
8000	19.5	0	1216
8000	19.6	0	1225
8000	19.7	0	1230
8000	19.8	0	1183
8000	19.9	0	1238
12000	0	0	1214
12000	0.1	0	1263
12000	0.2	0	1294
12000	0.3	0	1252
12000	0.4	0	1281
12000	0.5	0	1381
12000	0.6	0	1488
12000	0.7	0	1537
12000	0.8	0	1755
12000	0.9	0	1882
12000	1	0	1981
12000	1.1	0	2175
12000	1.2	0	2354
12000	1.3	0	2857
12000	1.4	0	3198
12000	1.5	0	3709
12000	1.6	0	4385
12000	1.7	0	5516
12000	1.8	0	6770
12000	1.9	0	8513
12000	2	0	10845
12000	2.1	0	13737
12000	2.2	0	16608
12000	2.3	0	19382
12000	2.4	0	19129
12000	2.5	0	17895
12000	2.6	0	16952
12000	2.7	0	16934
12000	2.8	0	17134
12000	2.9	0	17425
12000	3	0	17418
12000	3.1	0	17341
12000	3.2	0	17680
12000	3.3	0	17616
12000	3.4	0	17427
12000	3.5	0	17492
12000	3.6	0	17460
12000	3.7	0	17522
12000	3.8	0	17429
12000	3.9	0	17470
12000	4	0	17491
12000	4.1	0	17437
12000	4.2	0	17550
12000	4.3	0	17332
12000	4.4	0	17636
12000	4.5	0	17348
12000	4.6	0	17594
12000	4.7	0	17515
12000	4.8	0	17227
12000	4.9	0	17446
12000	5	0	17566
12000	5.1	0	17580
12000	5.2	0	17148
12000	5.3	0	16668
12000	5.4	0	16333
12000	5.5	0	15618
12000	5.6	0	15004
12000	5.7	0	14037
12000	5.8	0	12905
12000	5.9	0	12020
12000	6	0	10997
12000	6.1	0	10120
12000	6.2	0	9677
12000	6.3	0	8677
12000	6.4	0	7900
12000	6.5	0	7345
12000	6.6	0	6797
12000	6.7	0	6105
12000	6.8	0	5666
12000	6.9	0	5239
12000	7	0	4871
12000	7.1	0	4555
12000	7.2	0	4254
12000	7.3	0	4086
12000	7.4	0	3754
12000	7.5	0	3525
12000	7.6	0	3426
12000	7.7	0	3139
12000	7.8	0	2988
12000	7.9	0	2802
12000	8	0	2734
12000	8.1	0	2615
12000	8.2	0	2381
12000	8.3	0	2312
12000	8.4	0	2284
12000	8.5	0	2198
12000	8.6	0	2186
12000	8.7	0	2029
12000	8.8	0	1950
12000	8.9	0	1858
12000	9	0	1837
12000	9.1	0	1806
12000	9.2	0	1660
12000	9.3	0	1645
12000	9.4	0	1642
12000	9.5	0	1540
12000	9.6	0	1488
12000	9.7	0	1472
12000	9.8	0	1554
12000	9.9	0	1407
12000	10	0	1426
12000	10.1	0	1421
12000	10.2	0	1376
12000	10.3	0	1345
12000	10.4	0	1312
12000	10.5	0	1308
12000	10.6	0	1294
12000	10.7	0	1320
12000	10.8	0	1270
12000	10.9	0	1195
12000	11	0	1231
12000	11.1	0	1246
12000	11.2	0	1162
12000	11.3	0	1144
12000	11.4	0	1198
12000	11.5	0	1171
12000	11.6	0	1149
12000	11.7	0	1215
12000	11.8	0	1147
12000	11.9	0	1189
12000	12	0	1188
12000	12.1	0	1216
12000	12.2	0	1169
12000	12.3	0	1211
12000	12.4	0	1152
12000	12.5	0	1159
12000	12.6	0	1155
12000	12.7	0	1166
12000	12.8	0	1169
12000	12.9	0	1173
12000	13	0	1245
12000	13.1	0	1191
12000	13.2	0	1136
12000	13.3	0	1162
12000	13.4	0	1177
12000	13.5	0	1186
12000	13.6	0	1175
12000	13.7	0	1166
12000	13.8	0	1182
12000	13.9	0	1163
12000	14	0	1180
12000	14.1	0	1189
12000	14.2	0	1150
12000	14.3	0	1138
12000	14.4	0	1155
12000	14.5	0	1213
12000	14.6	0	1190
12000	14.7	0	1188
12000	14.8	0	1143
12000	14.9	0	1149
12000	15	0	1190
12000	15.1	0	1129
12000	15.2	0	1188
12000	15.3	0	1165
12000	15.4	0	1162
12000	15.5	0	1141
12000	15.6	0	1201
12000	15.7	0	1243
12000	15.8	0	1185
12000	15.9	0	1142
12000	16	0	1108
12000	16.1	0	1168
12000	16.2	0	1105
12000	16.3	0	1117
12000	16.4	0	1210
12000	16.5	0	1171
12000	16.6	0	1182
12000	16.7	0	1106
12000	16.8	0	1150
12000	16.9	0	1131
12000	17	0	1201
12000	17.1	0	1146
12000	17.2	0	1199
12000	17.3	0	1194
12000	17.4	0	1178
12000	17.5	0	1205
12000	17.6	0	1216
12000	17.7	0	1141
12000	17.8	0	1166
12000	17.9	0	1244
12000	18	0	1167
12000	18.1	0	1117
12000	18.2	0	1178
12000	18.3	0	1209
12000	18.4	0	1199
12000	18.5	0	1155
12000	18.6	0	1167
12000	18.7	0	1237
12000	18.8	0	1249
12000	18.9	0	1145
12000	19	0	1230
12000	19.1	0	1206
12000	19.2	0	1266
12000	19.3	0	1176
12000	19.4	0	1188
12000	19.5	0	1278
12000	19.6	0	1165
12000	19.7	0	1163
12000	19.8	0	1148
12000	19.9	0	1241
16000	0	0	1201
16000	0.1	0	1155
16000	0.2	0	1218
16000	0.3	0	1282
16000	0.4	0	1340
16000	0.5	0	1373
16000	0.6	0	1470
16000	0.7	0	1504
16000	0.8	0	1631
16000	0.9	0	1741
16000	1	0	1993
16000	1.1	0	2259
16000	1.2	0	2463
16000	1.3	0	2791
16000	1.4	0	3112
16000	1.5	0	3875
16000	1.6	0	4565
16000	1.7	0	5470
16000	1.8	0	6719
16000	1.9	0	8620
16000	2	0	10680
16000	2.1	0	13790
16000	2.2	0	16909
16000	2.3	0	19199
16000	2.4	0	19105
16000	2.5	0	17801
16000	2.6	0	17104
16000	2.7	0	16990
16000	2.8	0	17127
16000	2.9	0	17193
16000	3	0	17477
16000	3.1	0	17602
16000	3.2	0	17604
16000	3.3	0	17487
16000	3.4	0	17365
16000	3.5	0	17579
16000	3.6	0	17330
16000	3.7	0	17302
16000	3.8	0	17794
16000	3.9	0	17561
16000	4	0	17504
16000	4.1	0	17476
16000	4.2	0	17407
16000	4.3	0	17309
16000	4.4	0	17379
16000	4.5	0	17378
16000	4.6	0	17656
16000	4.7	0	17282
16000	4.8	0	17452
16000	4.9	0	17652
16000	5	0	17382
16000	5.1	0	17467
16000	5.2	0	17249
16000	5.3	0	16782
16000	5.4	0	16120
16000	5.5	0	15751
16000	5.6	0	14931
16000	5.7	0	13908
16000	5.8	0	13081
16000	5.9	0	12168
16000	6	0	11041
16000	6.1	0	10148
16000	6.2	0	9322
16000	6.3	0	8759
16000	6.4	0	7827
16000	6.5	0	7219
16000	6.6	0	6673
16000	6.7	0	6151
16000	6.8	0	5714
16000	6.9	0	5247
16000	7	0	4946
16000	7.1	0	4558
16000	7.2	0	4219
16000	7.3	0	4036
16000	7.4	0	3815
16000	7.5	0	3466
16000	7.6	0	3370
16000	7.7	0	3261
16000	7.8	0	2995
16000	7.9	0	2810
16000	8	0	2806
16000	8.1	0	2584
16000	8.2	0	2550
16000	8.3	0	2355
16000	8.4	0	2270
16000	8.5	0	2165
16000	8.6	0	2157
16000	8.7	0	2049
16000	8.8	0	1978
16000	8.9	0	1868
16000	9	0	1868
16000	9.1	0	1771
16000	9.2	0	1756
16000	9.3	0	1683
16000	9.4	0	1575
16000	9.5	0	1645
16000	9.6	0	1567
16000	9.7	0	1513
16000	9.8	0	1435
16000	9.9	0	1447
16000	10	0	1420
16000	10.1	0	1419
16000	10.2	0	1335
16000	10.3	0	1329
16000	10.4	0	1312
16000	10.5	0	1309
16000	10.6	0	1260
16000	10.7	0	1332
16000	10.8	0	1221
16000	10.9	0	1256
16000	11	0	1223
16000	11.1	0	1167
16000	11.2	0	1187
16000	11.3	0	1227
16000	11.4	0	1172
16000	11.5	0	1133
16000	11.6	0	1204
16000	11.7	0	1154
16000	11.8	0	1133
16000	11.9	0	1134
16000	12	0	1144
16000	12.1	0	1152
16000	12.2	0	1165
16000	12.3	0	1209
16000	12.4	0	1185
16000	12.5	0	1154
16000	12.6	0	1178
16000	12.7	0	1170
16000	12.8	0	1148
16000	12.9	0	1135
16000	13	0	1190
16000	13.1	0	1207
16000	13.2	0	1153
16000	13.3	0	1164
16000	13.4	0	1195
16000	13.5	0	1168
16000	13.6	0	1179
16000	13.7	0	1153
16000	13.8	0	1189
16000	13.9	0	1166
16000	14	0	1154
16000	14.1	0	1217
16000	14.2	0	1142
16000	14.3	0	1203
16000	14.4	0	1092
16000	14.5	0	1176
16000	14.6	0	1201
16000	14.7	0	1182
16000	14.8	0	1202
16000	14.9	0	1183
16000	15	0	1223
16000	15.1	0	1180
16000	15.2	0	1124
16000	15.3	0	1167
16000	15.4	0	1131
16000	15.5	0	1135
16000	15.6	0	1182
16000	15.7	0	1169
16000	15.8	0	1219
16000	15.9	0	1115
16000	16	0	1149
16000	16.1	0	1191
16000	16.2	0	1210
16000	16.3	0	1177
16000	16.4	0	1133
16000	16.5	0	1178
16000	16.6	0	1202
16000	16.7	0	1199
16000	16.8	0	1175
16000	16.9	0	1137
16000	17	0	1185
16000	17.1	0	1206
16000	17.2	0	1243
16000	17.3	0	1164
16000	17.4	0	1241
16000	17.5	0	1168
16000	17.6	0	1153
16000	17.7	0	1160
16000	17.8	0	1247
16000	17.9	0	1140
16000	18	0	1191
16000	18.1	0	1173
16000	18.2	0	1166
16000	18.3	0	1195
16000	18.4	0	1242
16000	18.5	0	1213
16000	18.6	0	1111
16000	18.7	0	1125
16000	18.8	0	1235
16000	18.9	0	1187
16000	19	0	1218
16000	19.1	0	1213
16000	19.2	0	1213
16000	19.3	0	1178
16000	19.4	0	1256
16000	19.5	0	1190
16000	19.6	0	1176
16000	19.7	0	1182
16000	19.8	0	1216
16000	19.9	0	1200
20000	0	0	1186
20000	0.1	0	1224
20000	0.2	0	1271
20000	0.3	0	1284
20000	0.4	0	1387
20000	0.5	0	1435
20000	0.6	0	1444
20000	0.7	0	1536
20000	0.8	0	1635
20000	0.9	0	1775
20000	1	0	1961
20000	1.1	0	2132
20000	1.2	0	2430
20000	1.3	0	2889
20000	1.4	0	3311
20000	1.5	0	3690
20000	1.6	0	4507
20000	1.7	0	5637
20000	1.8	0	6829
20000	1.9	0	8510
20000	2	0	10682
20000	2.1	0	13846
20000	2.2	0	16770
20000	2.3	0	19027
20000	2.4	0	19171
20000	2.5	0	17731
20000	2.6	0	16839
20000	2.7	0	17136
20000	2.8	0	16916
20000	2.9	0	17239
20000	3	0	17556
20000	3.1	0	17550
20000	3.2	0	17686
20000	3.3	0	17595
20000	3.4	0	17416
20000	3.5	0	17436
20000	3.6	0	17155
20000	3.7	0	17525
20000	3.8	0	17610
20000	3.9	0	17470
20000	4	0	17702
20000	4.1	0	17529
20000	4.2	0	17279
20000	4.3	0	17700
20000	4.4	0	17479
20000	4.5	0	17405
20000	4.6	0	17355
20000	4.7	0	17465
20000	4.8	0	17357
20000	4.9	0	17516
20000	5	0	17442
20000	5.1	0	17580
20000	5.2	0	17237
20000	5.3	0	16952
20000	5.4	0	16265
20000	5.5	0	15619
20000	5.6	0	14740
20000	5.7	0	14013
20000	5.8	0	13118
20000	5.9	0	12196
20000	6	0	11116
20000	6.1	0	10235
20000	6.2	0	9434
20000	6.3	0	8454
20000	6.4	0	7864
20000	6.5	0	7232
20000	6.6	0	6572
20000	6.7	0	6279
20000	6.8	0	5754
20000	6.9	0	5206
20000	7	0	4834
20000	7.1	0	4502
20000	7.2	0	4156
20000	7.3	0	4063
20000	7.4	0	3725
20000	7.5	0	3579
20000	7.6	0	3316
20000	7.7	0	3158
20000	7.8	0	2963
20000	7.9	0	2887
20000	8	0	2735
20000	8.1	0	2583
20000	8.2	0	2460
20000	8.3	0	2382
20000	8.4	0	2332
20000	8.5	0	2174
20000	8.6	0	2144
20000	8.7	0	2058
20000	8.8	0	1943
20000	8.9	0	1958
20000	9	0	1820
20000	9.1	0	1783
20000	9.2	0	1666
20000	9.3	0	1765
20000	9.4	0	1648
20000	9.5	0	1559
20000	9.6	0	1560
20000	9.7	0	1531
20000	9.8	0	1519
20000	9.9	0	1523
20000	10	0	1419
20000	10.1	0	1405
20000	10.2	0	1372
20000	10.3	0	1409
20000	10.4	0	1333
20000	10.5	0	1333
20000	10.6	0	1273
20000	10.7	0	1224
20000	10.8	0	1242
20000	10.9	0	1280
20000	11	0	1229
20000	11.1	0	1183
20000	11.2	0	1178
20000	11.3	0	1197
20000	11.4	0	1220
20000	11.5	0	1217
20000	11.6	0	1112
20000	11.7	0	1174
20000	11.8	0	1191
20000	11.9	0	1136
20000	12	0	1226
20000	12.1	0	1188
20000	12.2	0	1252
20000	12.3	0	1212
20000	12.4	0	1167
20000	12.5	0	1115
20000	12.6	0	1174
20000	12.7	0	1148
20000	12.8	0	1194
20000	12.9	0	1152
20000	13	0	1174
20000	13.1	0	1151
20000	13.2	0	1179
20000	13.3	0	1166
20000	13.4	0	1217
20000	13.5	0	1204
20000	13.6	0	1165
20000	13.7	0	1172
20000	13.8	0	1095
20000	13.9	0	1144
20000	14	0	1088
20000	14.1	0	1186
20000	14.2	0	1193
20000	14.3	0	1164
20000	14.4	0	1191
20000	14.5	0	1180
20000	14.6	0	1173
20000	14.7	0	1153
20000	14.8	0	1132
20000	14.9	0	1173
20000	15	0	1154
20000	15.1	0	1226
20000	15.2	0	1189
20000	15.3	0	1103
20000	15.4	0	1130
20000	15.5	0	1174
20000	15.6	0	1175
20000	15.7	0	1211
20000	15.8	0	1176
20000	15.9	0	1119
20000	16	0	1176
20000	16.1	0	1177
20000	16.2	0	1164
20000	16.3	0	1188
20000	16.4	0	1113
20000	16.5	0	1170
20000	16.6	0	1194
20000	16.7	0	1219
20000	16.8	0	1165
20000	16.9	0	1146
20000	17	0	1073
20000	17.1	0	1144
20000	17.2	0	1199
20000	17.3	0	1173
20000	17.4	0	1216
20000	17.5	0	1208
20000	17.6	0	1162
20000	17.7	0	1252
20000	17.8	0	1125
20000	17.9	0	1184
20000	18	0	1215
20000	18.1	0	1153
20000	18.2	0	1171
20000	18.3	0	1175
20000	18.4	0	1129
20000	18.5	0	1132
20000	18.6	0	1158
20000	18.7	0	1230
20000	18.8	0	1244
20000	18.9	0	1190
20000	19	0	1223
20000	19.1	0	1212
20000	19.2	0	1174
20000	19.3	0	1202
20000	19.4	0	1182
20000	19.5	0	1172
20000	19.6	0	1196
20000	19.7	0	1238
20000	19.8	0	1177
20000	19.9	0	1217
