4000	0	0	1203
4000	0.1	0	1126
4000	0.2	0	1253
4000	0.3	0	1245
4000	0.4	0	1256
4000	0.5	0	1338
4000	0.6	0	1482
4000	0.7	0	1481
4000	0.8	0	1701
4000	0.9	0	1771
4000	1	0	1925
4000	1.1	0	2069
4000	1.2	0	2413
4000	1.3	0	2699
4000	1.4	0	3112
4000	1.5	0	3777
4000	1.6	0	4455
4000	1.7	0	5493
4000	1.8	0	6896
4000	1.9	0	8706
4000	2	0	11023
4000	2.1	0	13369
4000	2.2	0	16546
4000	2.3	0	18635
4000	2.4	0	19013
4000	2.5	0	17972
4000	2.6	0	17415
4000	2.7	0	17262
4000	2.8	0	17324
4000	2.9	0	17417
4000	3	0	18196
4000	3.1	0	17856
4000	3.2	0	18118
4000	3.3	0	18145
4000	3.4	0	18116
4000	3.5	0	18055
4000	3.6	0	17959
4000	3.7	0	18087
4000	3.8	0	18218
4000	3.9	0	18169
4000	4	0	18055
4000	4.1	0	18161
4000	4.2	0	18334
4000	4.3	0	18037
4000	4.4	0	17963
4000	4.5	0	18099
4000	4.6	0	17970
4000	4.7	0	17848
4000	4.8	0	17753
4000	4.9	0	17842
4000	5	0	18037
4000	5.1	0	17633
4000	5.2	0	17347
4000	5.3	0	16938
4000	5.4	0	16243
4000	5.5	0	15519
4000	5.6	0	14618
4000	5.7	0	13946
4000	5.8	0	12847
4000	5.9	0	11837
4000	6	0	10860
4000	6.1	0	9904
4000	6.2	0	9058
4000	6.3	0	8414
4000	6.4	0	7542
4000	6.5	0	6969
4000	6.6	0	6510
4000	6.7	0	5863
4000	6.8	0	5517
4000	6.9	0	5083
4000	7	0	4587
4000	7.1	0	4432
4000	7.2	0	4050
4000	7.3	0	3970
4000	7.4	0	3696
4000	7.5	0	3505
4000	7.6	0	3243
4000	7.7	0	3092
4000	7.8	0	2756
4000	7.9	0	2746
4000	8	0	2613
4000	8.1	0	2456
4000	8.2	0	2363
4000	8.3	0	2300
4000	8.4	0	2156
4000	8.5	0	2044
4000	8.6	0	2039
4000	8.7	0	1908
4000	8.8	0	1861
4000	8.9	0	1816
4000	9	0	1710
4000	9.1	0	1744
4000	9.2	0	1673
4000	9.3	0	1672
4000	9.4	0	1510
4000	9.5	0	1497
4000	9.6	0	1524
4000	9.7	0	1507
4000	9.8	0	1381
4000	9.9	0	1351
4000	10	0	1336
4000	10.1	0	1368
4000	10.2	0	1316
4000	10.3	0	1317
4000	10.4	0	1277
4000	10.5	0	1262
4000	10.6	0	1298
4000	10.7	0	1127
4000	10.8	0	1175
4000	10.9	0	1169
4000	11	0	1164
4000	11.1	0	1133
4000	11.2	0	1155
4000	11.3	0	1141
4000	11.4	0	1131
4000	11.5	0	1098
4000	11.6	0	1109
4000	11.7	0	1136
4000	11.8	0	1103
4000	11.9	0	1136
4000	12	0	1071
4000	12.1	0	1148
4000	12.2	0	1070
4000	12.3	0	1101
4000	12.4	0	1134
4000	12.5	0	1162
4000	12.6	0	1129
4000	12.7	0	1171
4000	12.8	0	1112
4000	12.9	0	1098
4000	13	0	1074
4000	13.1	0	1097
4000	13.2	0	1147
4000	13.3	0	1158
4000	13.4	0	1021
4000	13.5	0	1103
4000	13.6	0	1103
4000	13.7	0	1086
4000	13.8	0	1127
4000	13.9	0	1111
4000	14	0	1113
4000	14.1	0	1116
4000	14.2	0	1124
4000	14.3	0	1145
4000	14.4	0	1114
4000	14.5	0	1126
4000	14.6	0	1105
4000	14.7	0	1172
4000	14.8	0	1023
4000	14.9	0	1105
4000	15	0	1105
4000	15.1	0	1085
4000	15.2	0	1077
4000	15.3	0	1140
4000	15.4	0	1121
4000	15.5	0	1089
4000	15.6	0	1126
4000	15.7	0	1119
4000	15.8	0	1105
4000	15.9	0	1129
4000	16	0	1066
4000	16.1	0	1125
4000	16.2	0	1079
4000	16.3	0	1086
4000	16.4	0	1158
4000	16.5	0	1114
4000	16.6	0	1137
4000	16.7	0	1095
4000	16.8	0	1120
4000	16.9	0	1105
4000	17	0	1104
4000	17.1	0	1147
4000	17.2	0	1140
4000	17.3	0	1135
4000	17.4	0	1149
4000	17.5	0	1115
4000	17.6	0	1105
4000	17.7	0	1173
4000	17.8	0	1166
4000	17.9	0	1127
4000	18	0	1135
4000	18.1	0	1154
4000	18.2	0	1101
4000	18.3	0	1154
4000	18.4	0	1109
4000	18.5	0	1134
4000	18.6	0	1102
4000	18.7	0	1155
4000	18.8	0	1136
4000	18.9	0	1202
4000	19	0	1143
4000	19.1	0	1095
4000	19.2	0	1127
4000	19.3	0	1152
4000	19.4	0	1181
4000	19.5	0	1146
4000	19.6	0	1125
4000	19.7	0	1170
4000	19.8	0	1135
4000	19.9	0	1240
8000	0	0	1192
8000	0.1	0	1191
8000	0.2	0	1246
8000	0.3	0	1249
8000	0.4	0	1226
8000	0.5	0	1390
8000	0.6	0	1411
8000	0.7	0	1508
8000	0.8	0	1542
8000	0.9	0	1758
8000	1	0	1874
8000	1.1	0	2070
8000	1.2	0	2312
8000	1.3	0	2671
8000	1.4	0	3158
8000	1.5	0	3900
8000	1.6	0	4543
8000	1.7	0	5480
8000	1.8	0	6705
8000	1.9	0	8687
8000	2	0	10975
8000	2.1	0	13711
8000	2.2	0	16535
8000	2.3	0	18715
8000	2.4	0	19147
8000	2.5	0	17926
8000	2.6	0	17393
8000	2.7	0	17002
8000	2.8	0	17417
8000	2.9	0	17869
8000	3	0	17900
8000	3.1	0	17925
8000	3.2	0	18039
8000	3.3	0	18164
8000	3.4	0	18209
8000	3.5	0	17857
8000	3.6	0	18205
8000	3.7	0	17932
8000	3.8	0	18244
8000	3.9	0	18152
8000	4	0	18249
8000	4.1	0	18206
8000	4.2	0	18125
8000	4.3	0	18074
8000	4.4	0	17964
8000	4.5	0	17920
8000	4.6	0	17974
8000	4.7	0	17913
8000	4.8	0	17942
8000	4.9	0	17780
8000	5	0	18015
8000	5.1	0	17628
8000	5.2	0	17294
8000	5.3	0	16963
8000	5.4	0	16189
8000	5.5	0	15448
8000	5.6	0	14573
8000	5.7	0	13832
8000	5.8	0	13170
8000	5.9	0	11912
8000	6	0	10894
8000	6.1	0	9964
8000	6.2	0	9168
8000	6.3	0	8372
8000	6.4	0	7859
8000	6.5	0	6842
8000	6.6	0	6442
8000	6.7	0	5858
8000	6.8	0	5426
8000	6.9	0	5015
8000	7	0	4682
8000	7.1	0	4495
8000	7.2	0	3986
8000	7.3	0	3834
8000	7.4	0	3725
8000	7.5	0	3340
8000	7.6	0	3230
8000	7.7	0	2956
8000	7.8	0	2975
8000	7.9	0	2785
8000	8	0	2605
8000	8.1	0	2474
8000	8.2	0	2415
8000	8.3	0	2359
8000	8.4	0	2121
8000	8.5	0	2111
8000	8.6	0	1969
8000	8.7	0	1898
8000	8.8	0	1830
8000	8.9	0	1803
8000	9	0	1733
8000	9.1	0	1778
8000	9.2	0	1592
8000	9.3	0	1556
8000	9.4	0	1667
8000	9.5	0	1499
8000	9.6	0	1538
8000	9.7	0	1481
8000	9.8	0	1445
8000	9.9	0	1459
8000	10	0	1380
8000	10.1	0	1260
8000	10.2	0	1277
8000	10.3	0	1281
8000	10.4	0	1269
8000	10.5	0	1250
8000	10.6	0	1216
8000	10.7	0	1253
8000	10.8	0	1229
8000	10.9	0	1156
8000	11	0	1221
8000	11.1	0	1151
8000	11.2	0	1089
8000	11.3	0	1122
8000	11.4	0	1118
8000	11.5	0	1104
8000	11.6	0	1077
8000	11.7	0	1083
8000	11.8	0	1111
8000	11.9	0	1113
8000	12	0	1109
8000	12.1	0	1082
8000	12.2	0	1085
8000	12.3	0	1090
8000	12.4	0	1097
8000	12.5	0	1067
8000	12.6	0	1069
8000	12.7	0	1172
8000	12.8	0	1077
8000	12.9	0	1075
8000	13	0	1118
8000	13.1	0	1095
8000	13.2	0	1108
8000	13.3	0	1072
8000	13.4	0	1108
8000	13.5	0	1127
8000	13.6	0	1083
8000	13.7	0	1082
8000	13.8	0	1057
8000	13.9	0	1046
8000	14	0	1060
8000	14.1	0	1083
8000	14.2	0	1098
8000	14.3	0	1144
8000	14.4	0	1145
8000	14.5	0	1150
8000	14.6	0	1124
8000	14.7	0	1148
8000	14.8	0	1120
8000	14.9	0	1126
8000	15	0	1080
8000	15.1	0	1104
8000	15.2	0	1096
8000	15.3	0	1113
8000	15.4	0	1107
8000	15.5	0	1019
8000	15.6	0	1160
8000	15.7	0	1095
8000	15.8	0	1184
8000	15.9	0	1097
8000	16	0	1165
8000	16.1	0	1116
8000	16.2	0	1106
8000	16.3	0	1106
8000	16.4	0	1173
8000	16.5	0	1108
8000	16.6	0	1139
8000	16.7	0	1112
8000	16.8	0	1106
8000	16.9	0	1192
8000	17	0	1090
8000	17.1	0	1128
8000	17.2	0	1127
8000	17.3	0	1117
8000	17.4	0	1116
8000	17.5	0	1133
8000	17.6	0	1121
8000	17.7	0	1165
8000	17.8	0	1091
8000	17.9	0	1156
8000	18	0	1141
8000	18.1	0	1081
8000	18.2	0	1199
8000	18.3	0	1145
8000	18.4	0	1076
8000	18.5	0	1132
8000	18.6	0	1113
8000	18.7	0	1187
8000	18.8	0	1114
8000	18.9	0	1103
8000	19	0	1183
8000	19.1	0	1099
8000	19.2	0	1189
8000	19.3	0	1125
8000	19.4	0	1206
8000	19.5	0	1063
8000	19.6	0	1132
8000	19.7	0	1190
8000	19.8	0	1186
8000	19.9	0	1155
12000	0	0	1146
12000	0.1	0	1170
12000	0.2	0	1230
12000	0.3	0	1188
12000	0.4	0	1296
12000	0.5	0	1279
12000	0.6	0	1428
12000	0.7	0	1477
12000	0.8	0	1607
12000	0.9	0	1690
12000	1	0	1965
12000	1.1	0	2196
12000	1.2	0	2378
12000	1.3	0	2663
12000	1.4	0	3259
12000	1.5	0	3673
12000	1.6	0	4448
12000	1.7	0	5541
12000	1.8	0	6986
12000	1.9	0	8689
12000	2	0	11031
12000	2.1	0	13740
12000	2.2	0	16439
12000	2.3	0	18628
12000	2.4	0	18861
12000	2.5	0	17948
12000	2.6	0	17411
12000	2.7	0	17449
12000	2.8	0	17322
12000	2.9	0	17715
12000	3	0	18083
12000	3.1	0	17774
12000	3.2	0	18055
12000	3.3	0	18352
12000	3.4	0	17876
12000	3.5	0	18100
12000	3.6	0	17964
12000	3.7	0	18264
12000	3.8	0	18195
12000	3.9	0	18008
12000	4	0	18098
12000	4.1	0	18153
12000	4.2	0	18148
12000	4.3	0	18009
12000	4.4	0	17997
12000	4.5	0	17900
12000	4.6	0	18132
12000	4.7	0	17846
12000	4.8	0	17844
12000	4.9	0	17814
12000	5	0	18065
12000	5.1	0	17559
12000	5.2	0	17374
12000	5.3	0	17125
12000	5.4	0	16151
12000	5.5	0	15492
12000	5.6	0	14631
12000	5.7	0	13697
12000	5.8	0	12751
12000	5.9	0	11839
12000	6	0	10807
12000	6.1	0	9836
12000	6.2	0	9284
12000	6.3	0	8300
12000	6.4	0	7719
12000	6.5	0	7040
12000	6.6	0	6346
12000	6.7	0	6083
12000	6.8	0	5461
12000	6.9	0	5006
12000	7	0	4870
12000	7.1	0	4411
12000	7.2	0	4053
12000	7.3	0	3899
12000	7.4	0	3608
12000	7.5	0	3488
12000	7.6	0	3205
12000	7.7	0	3014
12000	7.8	0	2845
12000	7.9	0	2725
12000	8	0	2569
12000	8.1	0	2543
12000	8.2	0	2350
12000	8.3	0	2340
12000	8.4	0	2086
12000	8.5	0	2111
12000	8.6	0	1986
12000	8.7	0	1955
12000	8.8	0	1904
12000	8.9	0	1763
12000	9	0	1708
12000	9.1	0	1672
12000	9.2	0	1699
12000	9.3	0	1630
12000	9.4	0	1547
12000	9.5	0	1526
12000	9.6	0	1437
12000	9.7	0	1447
12000	9.8	0	1474
12000	9.9	0	1425
12000	10	0	1377
12000	10.1	0	1350
12000	10.2	0	1354
12000	10.3	0	1267
12000	10.4	0	1291
12000	10.5	0	1266
12000	10.6	0	1260
12000	10.7	0	1205
12000	10.8	0	1173
12000	10.9	0	1170
12000	11	0	1204
12000	11.1	0	1148
12000	11.2	0	1138
12000	11.3	0	1175
12000	11.4	0	1116
12000	11.5	0	1131
12000	11.6	0	1152
12000	11.7	0	1133
12000	11.8	0	1150
12000	11.9	0	1088
12000	12	0	1075
12000	12.1	0	1087
12000	12.2	0	1098
12000	12.3	0	1126
12000	12.4	0	1036
12000	12.5	0	1073
12000	12.6	0	1089
12000	12.7	0	1099
12000	12.8	0	1121
12000	12.9	0	1180
12000	13	0	1112
12000	13.1	0	1153
12000	13.2	0	1118
12000	13.3	0	1115
12000	13.4	0	1099
12000	13.5	0	1099
12000	13.6	0	1082
12000	13.7	0	1119
12000	13.8	0	1171
12000	13.9	0	1185
12000	14	0	1054
12000	14.1	0	1031
12000	14.2	0	1122
12000	14.3	0	1147
12000	14.4	0	1193
12000	14.5	0	1121
12000	14.6	0	1119
12000	14.7	0	1075
12000	14.8	0	1128
12000	14.9	0	1104
12000	15	0	1089
12000	15.1	0	1153
12000	15.2	0	1079
12000	15.3	0	1022
12000	15.4	0	1161
12000	15.5	0	1144
12000	15.6	0	1079
12000	15.7	0	1090
12000	15.8	0	1124
12000	15.9	0	1132
12000	16	0	1133
12000	16.1	0	1168
12000	16.2	0	1127
12000	16.3	0	1061
12000	16.4	0	1139
12000	16.5	0	1129
12000	16.6	0	1147
12000	16.7	0	1044
12000	16.8	0	1011
12000	16.9	0	1132
12000	17	0	1097
12000	17.1	0	1090
12000	17.2	0	1138
12000	17.3	0	1152
12000	17.4	0	1120
12000	17.5	0	1151
12000	17.6	0	1122
12000	17.7	0	1124
12000	17.8	0	1174
12000	17.9	0	1113
12000	18	0	1098
12000	18.1	0	1162
12000	18.2	0	1150
12000	18.3	0	1139
12000	18.4	0	1048
12000	18.5	0	1137
12000	18.6	0	1104
12000	18.7	0	1109
12000	18.8	0	1124
12000	18.9	0	1173
12000	19	0	1126
12000	19.1	0	1150
12000	19.2	0	1203
12000	19.3	0	1194
12000	19.4	0	1075
12000	19.5	0	1131
12000	19.6	0	1168
12000	19.7	0	1178
12000	19.8	0	1169
12000	19.9	0	1117
16000	0	0	1152
16000	0.1	0	1178
16000	0.2	0	1150
16000	0.3	0	1263
16000	0.4	0	1264
16000	0.5	0	1336
16000	0.6	0	1372
16000	0.7	0	1470
16000	0.8	0	1682
16000	0.9	0	1758
16000	1	0	1907
16000	1.1	0	2067
16000	1.2	0	2405
16000	1.3	0	2710
16000	1.4	0	3086
16000	1.5	0	3714
16000	1.6	0	4466
16000	1.7	0	5426
16000	1.8	0	6592
16000	1.9	0	8571
16000	2	0	10788
16000	2.1	0	13714
16000	2.2	0	16618
16000	2.3	0	18726
16000	2.4	0	19176
16000	2.5	0	17865
16000	2.6	0	17306
16000	2.7	0	17309
16000	2.8	0	17482
16000	2.9	0	17551
16000	3	0	17971
16000	3.1	0	18036
16000	3.2	0	18063
16000	3.3	0	18228
16000	3.4	0	18006
16000	3.5	0	18193
16000	3.6	0	18243
16000	3.7	0	18273
16000	3.8	0	18192
16000	3.9	0	17977
16000	4	0	18043
16000	4.1	0	18225
16000	4.2	0	18322
16000	4.3	0	18029
16000	4.4	0	18302
16000	4.5	0	17900
16000	4.6	0	17828
16000	4.7	0	17803
16000	4.8	0	17957
16000	4.9	0	17993
16000	5	0	17752
16000	5.1	0	17705
16000	5.2	0	17365
16000	5.3	0	16846
16000	5.4	0	16304
16000	5.5	0	15520
16000	5.6	0	14707
16000	5.7	0	13650
16000	5.8	0	12912
16000	5.9	0	11767
16000	6	0	10991
16000	6.1	0	10063
16000	6.2	0	9113
16000	6.3	0	8390
16000	6.4	0	7769
16000	6.5	0	6964
16000	6.6	0	6430
16000	6.7	0	5906
16000	6.8	0	5540
16000	6.9	0	5133
16000	7	0	4683
16000	7.1	0	4309
16000	7.2	0	4131
16000	7.3	0	3742
16000	7.4	0	3521
16000	7.5	0	3369
16000	7.6	0	3139
16000	7.7	0	2998
16000	7.8	0	2880
16000	7.9	0	2837
16000	8	0	2577
16000	8.1	0	2482
16000	8.2	0	2438
16000	8.3	0	2188
16000	8.4	0	2119
16000	8.5	0	2061
16000	8.6	0	2009
16000	8.7	0	1965
16000	8.8	0	1918
16000	8.9	0	1772
16000	9	0	1744
16000	9.1	0	1723
16000	9.2	0	1645
16000	9.3	0	1558
16000	9.4	0	1604
16000	9.5	0	1518
16000	9.6	0	1481
16000	9.7	0	1463
16000	9.8	0	1430
16000	9.9	0	1365
16000	10	0	1354
16000	10.1	0	1330
16000	10.2	0	1327
16000	10.3	0	1263
16000	10.4	0	1277
16000	10.5	0	1213
16000	10.6	0	1249
16000	10.7	0	1196
16000	10.8	0	1191
16000	10.9	0	1185
16000	11	0	1190
16000	11.1	0	1163
16000	11.2	0	1142
16000	11.3	0	1134
16000	11.4	0	1176
16000	11.5	0	1141
16000	11.6	0	1117
16000	11.7	0	1065
16000	11.8	0	1089
16000	11.9	0	1149
16000	12	0	1061
16000	12.1	0	1070
16000	12.2	0	1150
16000	12.3	0	1128
16000	12.4	0	1087
16000	12.5	0	1140
16000	12.6	0	1146
16000	12.7	0	1114
16000	12.8	0	1152
16000	12.9	0	1147
16000	13	0	1102
16000	13.1	0	1080
16000	13.2	0	1149
16000	13.3	0	1168
16000	13.4	0	1085
16000	13.5	0	1080
16000	13.6	0	1088
16000	13.7	0	1034
16000	13.8	0	1086
16000	13.9	0	1047
16000	14	0	1119
16000	14.1	0	1091
16000	14.2	0	1090
16000	14.3	0	1152
16000	14.4	0	1127
16000	14.5	0	1131
16000	14.6	0	1098
16000	14.7	0	1158
16000	14.8	0	1157
16000	14.9	0	1144
16000	15	0	1148
16000	15.1	0	1153
16000	15.2	0	1148
16000	15.3	0	1106
16000	15.4	0	1107
16000	15.5	0	1149
16000	15.6	0	1102
16000	15.7	0	1122
16000	15.8	0	1100
16000	15.9	0	1116
16000	16	0	1108
16000	16.1	0	1093
16000	16.2	0	1110
16000	16.3	0	1098
16000	16.4	0	1138
16000	16.5	0	1175
16000	16.6	0	1096
16000	16.7	0	1108
16000	16.8	0	1126
16000	16.9	0	1131
16000	17	0	1091
16000	17.1	0	1106
16000	17.2	0	1084
16000	17.3	0	1134
16000	17.4	0	1192
16000	17.5	0	1032
16000	17.6	0	1120
16000	17.7	0	1096
16000	17.8	0	1142
16000	17.9	0	1141
16000	18	0	1165
16000	18.1	0	1172
16000	18.2	0	1096
16000	18.3	0	1158
16000	18.4	0	1162
16000	18.5	0	1142
16000	18.6	0	1149
16000	18.7	0	1172
16000	18.8	0	1169
16000	18.9	0	1158
16000	19	0	1096
16000	19.1	0	1160
16000	19.2	0	1091
16000	19.3	0	1140
16000	19.4	0	1173
16000	19.5	0	1105
16000	19.6	0	1136
16000	19.7	0	1129
16000	19.8	0	1172
16000	19.9	0	1167
20000	0	0	1252
20000	0.1	0	1149
20000	0.2	0	1154
20000	0.3	0	1212
20000	0.4	0	1216
20000	0.5	0	1300
20000	0.6	0	1419
20000	0.7	0	1497
20000	0.8	0	1636
20000	0.9	0	1721
20000	1	0	1909
20000	1.1	0	2098
20000	1.2	0	2426
20000	1.3	0	2681
20000	1.4	0	3191
20000	1.5	0	3852
20000	1.6	0	4461
20000	1.7	0	5570
20000	1.8	0	6899
20000	1.9	0	8663
20000	2	0	10943
20000	2.1	0	13618
20000	2.2	0	16364
20000	2.3	0	18848
20000	2.4	0	18925
20000	2.5	0	17730
20000	2.6	0	17410
20000	2.7	0	17380
20000	2.8	0	17267
20000	2.9	0	17763
20000	3	0	17855
20000	3.1	0	18290
20000	3.2	0	18035
20000	3.3	0	17826
20000	3.4	0	18118
20000	3.5	0	18166
20000	3.6	0	18006
20000	3.7	0	18150
20000	3.8	0	17894
20000	3.9	0	18040
20000	4	0	18271
20000	4.1	0	18124
20000	4.2	0	18179
20000	4.3	0	17922
20000	4.4	0	18111
20000	4.5	0	18124
20000	4.6	0	17863
20000	4.7	0	17719
20000	4.8	0	17869
20000	4.9	0	17839
20000	5	0	17795
20000	5.1	0	17842
20000	5.2	0	17268
20000	5.3	0	16939
20000	5.4	0	16449
20000	5.5	0	15520
20000	5.6	0	14575
20000	5.7	0	13729
20000	5.8	0	12958
20000	5.9	0	12012
20000	6	0	10830
20000	6.1	0	9930
20000	6.2	0	9142
20000	6.3	0	8236
20000	6.4	0	7653
20000	6.5	0	7012
20000	6.6	0	6685
20000	6.7	0	5929
20000	6.8	0	5510
20000	6.9	0	5049
20000	7	0	4587
20000	7.1	0	4432
20000	7.2	0	4086
20000	7.3	0	3921
20000	7.4	0	3552
20000	7.5	0	3351
20000	7.6	0	3286
20000	7.7	0	3051
20000	7.8	0	2933
20000	7.9	0	2732
20000	8	0	2558
20000	8.1	0	2478
20000	8.2	0	2421
20000	8.3	0	2297
20000	8.4	0	2202
20000	8.5	0	2092
20000	8.6	0	2047
20000	8.7	0	1983
20000	8.8	0	1808
20000	8.9	0	1811
20000	9	0	1690
20000	9.1	0	1674
20000	9.2	0	1604
20000	9.3	0	1662
20000	9.4	0	1579
20000	9.5	0	1514
20000	9.6	0	1488
20000	9.7	0	1498
20000	9.8	0	1429
20000	9.9	0	1422
20000	10	0	1321
20000	10.1	0	1365
20000	10.2	0	1300
20000	10.3	0	1254
20000	10.4	0	1340
20000	10.5	0	1242
20000	10.6	0	1172
20000	10.7	0	1189
20000	10.8	0	1200
20000	10.9	0	1198
20000	11	0	1187
20000	11.1	0	1183
20000	11.2	0	1182
20000	11.3	0	1111
20000	11.4	0	1155
20000	11.5	0	1111
20000	11.6	0	1119
20000	11.7	0	1129
20000	11.8	0	1092
20000	11.9	0	1118
20000	12	0	1127
20000	12.1	0	1176
20000	12.2	0	1088
20000	12.3	0	1089
20000	12.4	0	1091
20000	12.5	0	1162
20000	12.6	0	1074
20000	12.7	0	1103
20000	12.8	0	1116
20000	12.9	0	1059
20000	13	0	1110
20000	13.1	0	1127
20000	13.2	0	1082
20000	13.3	0	1087
20000	13.4	0	1170
20000	13.5	0	1069
20000	13.6	0	1069
20000	13.7	0	1098
20000	13.8	0	1136
20000	13.9	0	1184
20000	14	0	1130
20000	14.1	0	1122
20000	14.2	0	1102
20000	14.3	0	1123
20000	14.4	0	1087
20000	14.5	0	1142
20000	14.6	0	1121
20000	14.7	0	1132
20000	14.8	0	1106
20000	14.9	0	1176
20000	15	0	1079
20000	15.1	0	1141
20000	15.2	0	1105
20000	15.3	0	1162
20000	15.4	0	1089
20000	15.5	0	1084
20000	15.6	0	1122
20000	15.7	0	1105
20000	15.8	0	1093
20000	15.9	0	1110
20000	16	0	1091
20000	16.1	0	1098
20000	16.2	0	1064
20000	16.3	0	1111
20000	16.4	0	1130
20000	16.5	0	1112
20000	16.6	0	1123
20000	16.7	0	1143
20000	16.8	0	1155
20000	16.9	0	1134
20000	17	0	1106
20000	17.1	0	1106
20000	17.2	0	1150
20000	17.3	0	1195
20000	17.4	0	1169
20000	17.5	0	1117
20000	17.6	0	1119
20000	17.7	0	1163
20000	17.8	0	1143
20000	17.9	0	1120
20000	18	0	1139
20000	18.1	0	1112
20000	18.2	0	1155
20000	18.3	0	1075
20000	18.4	0	1205
20000	18.5	0	1098
20000	18.6	0	1104
20000	18.7	0	1136
20000	18.8	0	1151
20000	18.9	0	1144
20000	19	0	1172
20000	19.1	0	1218
20000	19.2	0	1110
20000	19.3	0	1113
20000	19.4	0	1103
20000	19.5	0	1102
20000	19.6	0	1138
20000	19.7	0	1177
20000	19.8	0	1105
20000	19.9	0	1172
