4000	0	0	1152
4000	0.1	0	1235
4000	0.2	0	1312
4000	0.3	0	1358
4000	0.4	0	1341
4000	0.5	0	1413
4000	0.6	0	1461
4000	0.7	0	1600
4000	0.8	0	1718
4000	0.9	0	1814
4000	1	0	2053
4000	1.1	0	2280
4000	1.2	0	2481
4000	1.3	0	2888
4000	1.4	0	3334
4000	1.5	0	3861
4000	1.6	0	4569
4000	1.7	0	5740
4000	1.8	0	7052
4000	1.9	0	8793
4000	2	0	11212
4000	2.1	0	14381
4000	2.2	0	17071
4000	2.3	0	19248
4000	2.4	0	18975
4000	2.5	0	17200
4000	2.6	0	16738
4000	2.7	0	16751
4000	2.8	0	16835
4000	2.9	0	17173
4000	3	0	17119
4000	3.1	0	17255
4000	3.2	0	17353
4000	3.3	0	17216
4000	3.4	0	17444
4000	3.5	0	17232
4000	3.6	0	17353
4000	3.7	0	17273
4000	3.8	0	17145
4000	3.9	0	17301
4000	4	0	17132
4000	4.1	0	17370
4000	4.2	0	17314
4000	4.3	0	17293
4000	4.4	0	17243
4000	4.5	0	17164
4000	4.6	0	17232
4000	4.7	0	17005
4000	4.8	0	17267
4000	4.9	0	17369
4000	5	0	17179
4000	5.1	0	17253
4000	5.2	0	16991
4000	5.3	0	16496
4000	5.4	0	16307
4000	5.5	0	15734
4000	5.6	0	14912
4000	5.7	0	14068
4000	5.8	0	13120
4000	5.9	0	12356
4000	6	0	11265
4000	6.1	0	10412
4000	6.2	0	9576
4000	6.3	0	8786
4000	6.4	0	8033
4000	6.5	0	7459
4000	6.6	0	6789
4000	6.7	0	6284
4000	6.8	0	5679
4000	6.9	0	5414
4000	7	0	4942
4000	7.1	0	4663
4000	7.2	0	4291
4000	7.3	0	4060
4000	7.4	0	3930
4000	7.5	0	3636
4000	7.6	0	3395
4000	7.7	0	3093
4000	7.8	0	3086
4000	7.9	0	2922
4000	8	0	2782
4000	8.1	0	2597
4000	8.2	0	2510
4000	8.3	0	2464
4000	8.4	0	2330
4000	8.5	0	2296
4000	8.6	0	2103
4000	8.7	0	2045
4000	8.8	0	2004
4000	8.9	0	1912
4000	9	0	1831
4000	9.1	0	1868
4000	9.2	0	1733
4000	9.3	0	1718
4000	9.4	0	1677
4000	9.5	0	1618
4000	9.6	0	1637
4000	9.7	0	1651
4000	9.8	0	1535
4000	9.9	0	1447
4000	10	0	1384
4000	10.1	0	1449
4000	10.2	0	1418
4000	10.3	0	1429
4000	10.4	0	1360
4000	10.5	0	1360
4000	10.6	0	1323
4000	10.7	0	1300
4000	10.8	0	1246
4000	10.9	0	1246
4000	11	0	1213
4000	11.1	0	1212
4000	11.2	0	1242
4000	11.3	0	1200
4000	11.4	0	1206
4000	11.5	0	1166
4000	11.6	0	1182
4000	11.7	0	1191
4000	11.8	0	1162
4000	11.9	0	1184
4000	12	0	1154
4000	12.1	0	1174
4000	12.2	0	1223
4000	12.3	0	1174
4000	12.4	0	1124
4000	12.5	0	1179
4000	12.6	0	1200
4000	12.7	0	1207
4000	12.8	0	1233
4000	12.9	0	1169
4000	13	0	1164
4000	13.1	0	1141
4000	13.2	0	1183
4000	13.3	0	1150
4000	13.4	0	1127
4000	13.5	0	1162
4000	13.6	0	1174
4000	13.7	0	1148
4000	13.8	0	1184
4000	13.9	0	1182
4000	14	0	1128
4000	14.1	0	1119
4000	14.2	0	1206
4000	14.3	0	1151
4000	14.4	0	1159
4000	14.5	0	1141
4000	14.6	0	1168
4000	14.7	0	1142
4000	14.8	0	1131
4000	14.9	0	1135
4000	15	0	1151
4000	15.1	0	1235
4000	15.2	0	1185
4000	15.3	0	1210
4000	15.4	0	1200
4000	15.5	0	1107
4000	15.6	0	1158
4000	15.7	0	1188
4000	15.8	0	1182
4000	15.9	0	1179
4000	16	0	1220
4000	16.1	0	1216
4000	16.2	0	1154
4000	16.3	0	1155
4000	16.4	0	1176
4000	16.5	0	1159
4000	16.6	0	1222
4000	16.7	0	1180
4000	16.8	0	1155
4000	16.9	0	1194
4000	17	0	1143
4000	17.1	0	1190
4000	17.2	0	1178
4000	17.3	0	1210
4000	17.4	0	1155
4000	17.5	0	1190
4000	17.6	0	1194
4000	17.7	0	1184
4000	17.8	0	1130
4000	17.9	0	1233
4000	18	0	1183
4000	18.1	0	1197
4000	18.2	0	1155
4000	18.3	0	1231
4000	18.4	0	1201
4000	18.5	0	1180
4000	18.6	0	1184
4000	18.7	0	1161
4000	18.8	0	1183
4000	18.9	0	1209
4000	19	0	1272
4000	19.1	0	1213
4000	19.2	0	1167
4000	19.3	0	1206
4000	19.4	0	1152
4000	19.5	0	1262
4000	19.6	0	1259
4000	19.7	0	1239
4000	19.8	0	1240
4000	19.9	0	1260
8000	0	0	1215
8000	0.1	0	1199
8000	0.2	0	1274
8000	0.3	0	1345
8000	0.4	0	1430
8000	0.5	0	1458
8000	0.6	0	1524
8000	0.7	0	1677
8000	0.8	0	1675
8000	0.9	0	1829
8000	1	0	2060
8000	1.1	0	2204
8000	1.2	0	2501
8000	1.3	0	2846
8000	1.4	0	3423
8000	1.5	0	3897
8000	1.6	0	4626
8000	1.7	0	5664
8000	1.8	0	7177
8000	1.9	0	8932
8000	2	0	11229
8000	2.1	0	14236
8000	2.2	0	17286
8000	2.3	0	19355
8000	2.4	0	18758
8000	2.5	0	17114
8000	2.6	0	16890
8000	2.7	0	16654
8000	2.8	0	16913
8000	2.9	0	17151
8000	3	0	17257
8000	3.1	0	17327
8000	3.2	0	17280
8000	3.3	0	17062
8000	3.4	0	17289
8000	3.5	0	17322
8000	3.6	0	17210
8000	3.7	0	17304
8000	3.8	0	17158
8000	3.9	0	17183
8000	4	0	17173
8000	4.1	0	17326
8000	4.2	0	17347
8000	4.3	0	17291
8000	4.4	0	17230
8000	4.5	0	17198
8000	4.6	0	17134
8000	4.7	0	17063
8000	4.8	0	17164
8000	4.9	0	17335
8000	5	0	17025
8000	5.1	0	17302
8000	5.2	0	17093
8000	5.3	0	16619
8000	5.4	0	16136
8000	5.5	0	15696
8000	5.6	0	14820
8000	5.7	0	14182
8000	5.8	0	13318
8000	5.9	0	12285
8000	6	0	11195
8000	6.1	0	10429
8000	6.2	0	9646
8000	6.3	0	8716
8000	6.4	0	8127
8000	6.5	0	7353
8000	6.6	0	6853
8000	6.7	0	6316
8000	6.8	0	5780
8000	6.9	0	5358
8000	7	0	4911
8000	7.1	0	4790
8000	7.2	0	4234
8000	7.3	0	3973
8000	7.4	0	3705
8000	7.5	0	3573
8000	7.6	0	3288
8000	7.7	0	3276
8000	7.8	0	3115
8000	7.9	0	2840
8000	8	0	2817
8000	8.1	0	2579
8000	8.2	0	2411
8000	8.3	0	2365
8000	8.4	0	2272
8000	8.5	0	2221
8000	8.6	0	2204
8000	8.7	0	2045
8000	8.8	0	1942
8000	8.9	0	1856
8000	9	0	1864
8000	9.1	0	1791
8000	9.2	0	1774
8000	9.3	0	1712
8000	9.4	0	1641
8000	9.5	0	1694
8000	9.6	0	1575
8000	9.7	0	1497
8000	9.8	0	1505
8000	9.9	0	1478
8000	10	0	1406
8000	10.1	0	1415
8000	10.2	0	1424
8000	10.3	0	1367
8000	10.4	0	1374
8000	10.5	0	1281
8000	10.6	0	1229
8000	10.7	0	1303
8000	10.8	0	1268
8000	10.9	0	1338
8000	11	0	1260
8000	11.1	0	1234
8000	11.2	0	1211
8000	11.3	0	1266
8000	11.4	0	1235
8000	11.5	0	1189
8000	11.6	0	1178
8000	11.7	0	1157
8000	11.8	0	1119
8000	11.9	0	1214
8000	12	0	1224
8000	12.1	0	1167
8000	12.2	0	1232
8000	12.3	0	1199
8000	12.4	0	1165
8000	12.5	0	1264
8000	12.6	0	1175
8000	12.7	0	1197
8000	12.8	0	1183
8000	12.9	0	1134
8000	13	0	1152
8000	13.1	0	1123
8000	13.2	0	1130
8000	13.3	0	1188
8000	13.4	0	1178
8000	13.5	0	1156
8000	13.6	0	1210
8000	13.7	0	1150
8000	13.8	0	1229
8000	13.9	0	1181
8000	14	0	1174
8000	14.1	0	1107
8000	14.2	0	1214
8000	14.3	0	1162
8000	14.4	0	1150
8000	14.5	0	1160
8000	14.6	0	1171
8000	14.7	0	1181
8000	14.8	0	1139
8000	14.9	0	1185
8000	15	0	1118
8000	15.1	0	1179
8000	15.2	0	1190
8000	15.3	0	1196
8000	15.4	0	1205
8000	15.5	0	1115
8000	15.6	0	1191
8000	15.7	0	1195
8000	15.8	0	1177
8000	15.9	0	1195
8000	16	0	1170
8000	16.1	0	1112
8000	16.2	0	1128
8000	16.3	0	1166
8000	16.4	0	1227
8000	16.5	0	1185
8000	16.6	0	1264
8000	16.7	0	1170
8000	16.8	0	1167
8000	16.9	0	1272
8000	17	0	1188
8000	17.1	0	1172
8000	17.2	0	1205
8000	17.3	0	1243
8000	17.4	0	1143
8000	17.5	0	1207
8000	17.6	0	1245
8000	17.7	0	1166
8000	17.8	0	1189
8000	17.9	0	1264
8000	18	0	1217
8000	18.1	0	1192
8000	18.2	0	1224
8000	18.3	0	1222
8000	18.4	0	1220
8000	18.5	0	1233
8000	18.6	0	1180
8000	18.7	0	1161
8000	18.8	0	1177
8000	18.9	0	1187
8000	19	0	1206
8000	19.1	0	1191
8000	19.2	0	1214
8000	19.3	0	1205
8000	19.4	0	1215
8000	19.5	0	1180
8000	19.6	0	1227
8000	19.7	0	1289
8000	19.8	0	1198
8000	19.9	0	1278
12000	0	0	1281
12000	0.1	0	1266
12000	0.2	0	1221
12000	0.3	0	1373
12000	0.4	0	1384
12000	0.5	0	1393
12000	0.6	0	1449
12000	0.7	0	1688
12000	0.8	0	1722
12000	0.9	0	1879
12000	1	0	2040
12000	1.1	0	2169
12000	1.2	0	2553
12000	1.3	0	2904
12000	1.4	0	3378
12000	1.5	0	3899
12000	1.6	0	4772
12000	1.7	0	5812
12000	1.8	0	7126
12000	1.9	0	8783
12000	2	0	11240
12000	2.1	0	14381
12000	2.2	0	17441
12000	2.3	0	19310
12000	2.4	0	18952
12000	2.5	0	17192
12000	2.6	0	16705
12000	2.7	0	16916
12000	2.8	0	17015
12000	2.9	0	17373
12000	3	0	17051
12000	3.1	0	17594
12000	3.2	0	17342
12000	3.3	0	17263
12000	3.4	0	17218
12000	3.5	0	17090
12000	3.6	0	17316
12000	3.7	0	17331
12000	3.8	0	17315
12000	3.9	0	17136
12000	4	0	17183
12000	4.1	0	17282
12000	4.2	0	17216
12000	4.3	0	17195
12000	4.4	0	17106
12000	4.5	0	17225
12000	4.6	0	17026
12000	4.7	0	17374
12000	4.8	0	16976
12000	4.9	0	17139
12000	5	0	17060
12000	5.1	0	17229
12000	5.2	0	16944
12000	5.3	0	16581
12000	5.4	0	16115
12000	5.5	0	15633
12000	5.6	0	14908
12000	5.7	0	14039
12000	5.8	0	13161
12000	5.9	0	12321
12000	6	0	11311
12000	6.1	0	10349
12000	6.2	0	9490
12000	6.3	0	8829
12000	6.4	0	8146
12000	6.5	0	7234
12000	6.6	0	6864
12000	6.7	0	6133
12000	6.8	0	5883
12000	6.9	0	5413
12000	7	0	4991
12000	7.1	0	4587
12000	7.2	0	4336
12000	7.3	0	4023
12000	7.4	0	3819
12000	7.5	0	3506
12000	7.6	0	3418
12000	7.7	0	3163
12000	7.8	0	3182
12000	7.9	0	2813
12000	8	0	2686
12000	8.1	0	2616
12000	8.2	0	2463
12000	8.3	0	2504
12000	8.4	0	2344
12000	8.5	0	2267
12000	8.6	0	2087
12000	8.7	0	2059
12000	8.8	0	1948
12000	8.9	0	1916
12000	9	0	1868
12000	9.1	0	1833
12000	9.2	0	1804
12000	9.3	0	1615
12000	9.4	0	1737
12000	9.5	0	1550
12000	9.6	0	1529
12000	9.7	0	1527
12000	9.8	0	1522
12000	9.9	0	1470
12000	10	0	1420
12000	10.1	0	1465
12000	10.2	0	1399
12000	10.3	0	1379
12000	10.4	0	1358
12000	10.5	0	1333
12000	10.6	0	1264
12000	10.7	0	1323
12000	10.8	0	1235
12000	10.9	0	1255
12000	11	0	1181
12000	11.1	0	1161
12000	11.2	0	1225
12000	11.3	0	1216
12000	11.4	0	1184
12000	11.5	0	1195
12000	11.6	0	1177
12000	11.7	0	1200
12000	11.8	0	1172
12000	11.9	0	1191
12000	12	0	1177
12000	12.1	0	1168
12000	12.2	0	1128
12000	12.3	0	1190
12000	12.4	0	1207
12000	12.5	0	1203
12000	12.6	0	1108
12000	12.7	0	1182
12000	12.8	0	1155
12000	12.9	0	1216
12000	13	0	1215
12000	13.1	0	1172
12000	13.2	0	1091
12000	13.3	0	1157
12000	13.4	0	1177
12000	13.5	0	1180
12000	13.6	0	1177
12000	13.7	0	1173
12000	13.8	0	1246
12000	13.9	0	1165
12000	14	0	1134
12000	14.1	0	1153
12000	14.2	0	1197
12000	14.3	0	1169
12000	14.4	0	1212
12000	14.5	0	1196
12000	14.6	0	1124
12000	14.7	0	1155
12000	14.8	0	1157
12000	14.9	0	1124
12000	15	0	1213
12000	15.1	0	1224
12000	15.2	0	1212
12000	15.3	0	1130
12000	15.4	0	1197
12000	15.5	0	1193
12000	15.6	0	1185
12000	15.7	0	1112
12000	15.8	0	1142
12000	15.9	0	1228
12000	16	0	1174
12000	16.1	0	1196
12000	16.2	0	1174
12000	16.3	0	1194
12000	16.4	0	1190
12000	16.5	0	1222
12000	16.6	0	1163
12000	16.7	0	1167
12000	16.8	0	1213
12000	16.9	0	1201
12000	17	0	1206
12000	17.1	0	1210
12000	17.2	0	1233
12000	17.3	0	1213
12000	17.4	0	1183
12000	17.5	0	1222
12000	17.6	0	1211
12000	17.7	0	1168
12000	17.8	0	1121
12000	17.9	0	1189
12000	18	0	1159
12000	18.1	0	1210
12000	18.2	0	1189
12000	18.3	0	1181
12000	18.4	0	1173
12000	18.5	0	1186
12000	18.6	0	1207
12000	18.7	0	1225
12000	18.8	0	1173
12000	18.9	0	1157
12000	19	0	1198
12000	19.1	0	1203
12000	19.2	0	1240
12000	19.3	0	1217
12000	19.4	0	1209
12000	19.5	0	1187
12000	19.6	0	1230
12000	19.7	0	1223
12000	19.8	0	1228
12000	19.9	0	1257
16000	0	0	1274
16000	0.1	0	1260
16000	0.2	0	1242
16000	0.3	0	1314
16000	0.4	0	1308
16000	0.5	0	1333
16000	0.6	0	1461
16000	0.7	0	1556
16000	0.8	0	1702
16000	0.9	0	1873
16000	1	0	2000
16000	1.1	0	2240
16000	1.2	0	2574
16000	1.3	0	2912
16000	1.4	0	3302
16000	1.5	0	3948
16000	1.6	0	4516
16000	1.7	0	5745
16000	1.8	0	7015
16000	1.9	0	9050
16000	2	0	11044
16000	2.1	0	14242
16000	2.2	0	17318
16000	2.3	0	19150
16000	2.4	0	18786
16000	2.5	0	17462
16000	2.6	0	16659
16000	2.7	0	16832
16000	2.8	0	16770
16000	2.9	0	17126
16000	3	0	17149
16000	3.1	0	17250
16000	3.2	0	17450
16000	3.3	0	17334
16000	3.4	0	17284
16000	3.5	0	17077
16000	3.6	0	17358
16000	3.7	0	17271
16000	3.8	0	17346
16000	3.9	0	17210
16000	4	0	17176
16000	4.1	0	17171
16000	4.2	0	17230
16000	4.3	0	17205
16000	4.4	0	17148
16000	4.5	0	17251
16000	4.6	0	17260
16000	4.7	0	17061
16000	4.8	0	17063
16000	4.9	0	17307
16000	5	0	17136
16000	5.1	0	17238
16000	5.2	0	16826
16000	5.3	0	16761
16000	5.4	0	16017
16000	5.5	0	15627
16000	5.6	0	14913
16000	5.7	0	14112
16000	5.8	0	13393
16000	5.9	0	12174
16000	6	0	11438
16000	6.1	0	10300
16000	6.2	0	9766
16000	6.3	0	8901
16000	6.4	0	8012
16000	6.5	0	7494
16000	6.6	0	6830
16000	6.7	0	6271
16000	6.8	0	5827
16000	6.9	0	5409
16000	7	0	4970
16000	7.1	0	4549
16000	7.2	0	4296
16000	7.3	0	4102
16000	7.4	0	3913
16000	7.5	0	3618
16000	7.6	0	3380
16000	7.7	0	3313
16000	7.8	0	3097
16000	7.9	0	2932
16000	8	0	2715
16000	8.1	0	2647
16000	8.2	0	2616
16000	8.3	0	2443
16000	8.4	0	2400
16000	8.5	0	2237
16000	8.6	0	2104
16000	8.7	0	2056
16000	8.8	0	1978
16000	8.9	0	1977
16000	9	0	1914
16000	9.1	0	1815
16000	9.2	0	1704
16000	9.3	0	1715
16000	9.4	0	1685
16000	9.5	0	1567
16000	9.6	0	1590
16000	9.7	0	1491
16000	9.8	0	1446
16000	9.9	0	1442
16000	10	0	1452
16000	10.1	0	1392
16000	10.2	0	1335
16000	10.3	0	1418
16000	10.4	0	1363
16000	10.5	0	1354
16000	10.6	0	1270
16000	10.7	0	1284
16000	10.8	0	1317
16000	10.9	0	1277
16000	11	0	1241
16000	11.1	0	1216
16000	11.2	0	1330
16000	11.3	0	1150
16000	11.4	0	1177
16000	11.5	0	1188
16000	11.6	0	1148
16000	11.7	0	1154
16000	11.8	0	1136
16000	11.9	0	1195
16000	12	0	1170
16000	12.1	0	1244
16000	12.2	0	1170
16000	12.3	0	1111
16000	12.4	0	1187
16000	12.5	0	1230
16000	12.6	0	1207
16000	12.7	0	1273
16000	12.8	0	1179
16000	12.9	0	1171
16000	13	0	1213
16000	13.1	0	1216
16000	13.2	0	1137
16000	13.3	0	1168
16000	13.4	0	1204
16000	13.5	0	1183
16000	13.6	0	1233
16000	13.7	0	1204
16000	13.8	0	1204
16000	13.9	0	1209
16000	14	0	1151
16000	14.1	0	1167
16000	14.2	0	1125
16000	14.3	0	1165
16000	14.4	0	1175
16000	14.5	0	1153
16000	14.6	0	1121
16000	14.7	0	1177
16000	14.8	0	1204
16000	14.9	0	1111
16000	15	0	1194
16000	15.1	0	1214
16000	15.2	0	1204
16000	15.3	0	1165
16000	15.4	0	1149
16000	15.5	0	1213
16000	15.6	0	1206
16000	15.7	0	1173
16000	15.8	0	1137
16000	15.9	0	1153
16000	16	0	1195
16000	16.1	0	1118
16000	16.2	0	1173
16000	16.3	0	1136
16000	16.4	0	1200
16000	16.5	0	1115
16000	16.6	0	1169
16000	16.7	0	1258
16000	16.8	0	1213
16000	16.9	0	1142
16000	17	0	1151
16000	17.1	0	1197
16000	17.2	0	1155
16000	17.3	0	1159
16000	17.4	0	1159
16000	17.5	0	1159
16000	17.6	0	1177
16000	17.7	0	1173
16000	17.8	0	1144
16000	17.9	0	1173
16000	18	0	1114
16000	18.1	0	1182
16000	18.2	0	1167
16000	18.3	0	1190
16000	18.4	0	1160
16000	18.5	0	1198
16000	18.6	0	1197
16000	18.7	0	1207
16000	18.8	0	1258
16000	18.9	0	1170
16000	19	0	1250
16000	19.1	0	1258
16000	19.2	0	1288
16000	19.3	0	1196
16000	19.4	0	1222
16000	19.5	0	1259
16000	19.6	0	1228
16000	19.7	0	1237
16000	19.8	0	1179
16000	19.9	0	1235
20000	0	0	1216
20000	0.1	0	1255
20000	0.2	0	1333
20000	0.3	0	1330
20000	0.4	0	1333
20000	0.5	0	1481
20000	0.6	0	1525
20000	0.7	0	1589
20000	0.8	0	1753
20000	0.9	0	1814
20000	1	0	2042
20000	1.1	0	2255
20000	1.2	0	2586
20000	1.3	0	2840
20000	1.4	0	3258
20000	1.5	0	3869
20000	1.6	0	4594
20000	1.7	0	5771
20000	1.8	0	7008
20000	1.9	0	9006
20000	2	0	11011
20000	2.1	0	14344
20000	2.2	0	17105
20000	2.3	0	19383
20000	2.4	0	18953
20000	2.5	0	17502
20000	2.6	0	16637
20000	2.7	0	16559
20000	2.8	0	16986
20000	2.9	0	17118
20000	3	0	17206
20000	3.1	0	17677
20000	3.2	0	17260
20000	3.3	0	17052
20000	3.4	0	17314
20000	3.5	0	17436
20000	3.6	0	17241
20000	3.7	0	17039
20000	3.8	0	17506
20000	3.9	0	17181
20000	4	0	17185
20000	4.1	0	17186
20000	4.2	0	17327
20000	4.3	0	17230
20000	4.4	0	17327
20000	4.5	0	17267
20000	4.6	0	17165
20000	4.7	0	17124
20000	4.8	0	17230
20000	4.9	0	16997
20000	5	0	17060
20000	5.1	0	17252
20000	5.2	0	16959
20000	5.3	0	16749
20000	5.4	0	16192
20000	5.5	0	15553
20000	5.6	0	14853
20000	5.7	0	14054
20000	5.8	0	13237
20000	5.9	0	12224
20000	6	0	11109
20000	6.1	0	10421
20000	6.2	0	9584
20000	6.3	0	8826
20000	6.4	0	8101
20000	6.5	0	7423
20000	6.6	0	6733
20000	6.7	0	6242
20000	6.8	0	5769
20000	6.9	0	5440
20000	7	0	4874
20000	7.1	0	4691
20000	7.2	0	4253
20000	7.3	0	4133
20000	7.4	0	3730
20000	7.5	0	3588
20000	7.6	0	3590
20000	7.7	0	3146
20000	7.8	0	2995
20000	7.9	0	2873
20000	8	0	2693
20000	8.1	0	2541
20000	8.2	0	2507
20000	8.3	0	2388
20000	8.4	0	2362
20000	8.5	0	2222
20000	8.6	0	2244
20000	8.7	0	2024
20000	8.8	0	1996
20000	8.9	0	1919
20000	9	0	1863
20000	9.1	0	1810
20000	9.2	0	1776
20000	9.3	0	1739
20000	9.4	0	1646
20000	9.5	0	1573
20000	9.6	0	1585
20000	9.7	0	1523
20000	9.8	0	1545
20000	9.9	0	1517
20000	10	0	1415
20000	10.1	0	1388
20000	10.2	0	1421
20000	10.3	0	1354
20000	10.4	0	1334
20000	10.5	0	1416
20000	10.6	0	1312
20000	10.7	0	1264
20000	10.8	0	1248
20000	10.9	0	1292
20000	11	0	1319
20000	11.1	0	1175
20000	11.2	0	1195
20000	11.3	0	1190
20000	11.4	0	1154
20000	11.5	0	1264
20000	11.6	0	1219
20000	11.7	0	1202
20000	11.8	0	1227
20000	11.9	0	1129
20000	12	0	1175
20000	12.1	0	1129
20000	12.2	0	1187
20000	12.3	0	1127
20000	12.4	0	1174
20000	12.5	0	1203
20000	12.6	0	1148
20000	12.7	0	1196
20000	12.8	0	1152
20000	12.9	0	1165
20000	13	0	1239
20000	13.1	0	1185
20000	13.2	0	1177
20000	13.3	0	1182
20000	13.4	0	1166
20000	13.5	0	1191
20000	13.6	0	1156
20000	13.7	0	1205
20000	13.8	0	1199
20000	13.9	0	1158
20000	14	0	1172
20000	14.1	0	1161
20000	14.2	0	1200
20000	14.3	0	1156
20000	14.4	0	1174
20000	14.5	0	1225
20000	14.6	0	1129
20000	14.7	0	1219
20000	14.8	0	1095
20000	14.9	0	1174
20000	15	0	1137
20000	15.1	0	1231
20000	15.2	0	1135
20000	15.3	0	1192
20000	15.4	0	1218
20000	15.5	0	1256
20000	15.6	0	1140
20000	15.7	0	1152
20000	15.8	0	1190
20000	15.9	0	1199
20000	16	0	1113
20000	16.1	0	1177
20000	16.2	0	1189
20000	16.3	0	1168
20000	16.4	0	1161
20000	16.5	0	1209
20000	16.6	0	1158
20000	16.7	0	1162
20000	16.8	0	1201
20000	16.9	0	1227
20000	17	0	1165
20000	17.1	0	1190
20000	17.2	0	1165
20000	17.3	0	1241
20000	17.4	0	1186
20000	17.5	0	1084
20000	17.6	0	1186
20000	17.7	0	1158
20000	17.8	0	1239
20000	17.9	0	1217
20000	18	0	1233
20000	18.1	0	1178
20000	18.2	0	1180
20000	18.3	0	1250
20000	18.4	0	1234
20000	18.5	0	1173
20000	18.6	0	1130
20000	18.7	0	1202
20000	18.8	0	1247
20000	18.9	0	1194
20000	19	0	1234
20000	19.1	0	1266
20000	19.2	0	1233
20000	19.3	0	1263
20000	19.4	0	1218
20000	19.5	0	1236
20000	19.6	0	1234
20000	19.7	0	1205
20000	19.8	0	1137
20000	19.9	0	1237
