4000	0	0	1079
4000	0.1	0	1151
4000	0.2	0	1113
4000	0.3	0	1118
4000	0.4	0	1180
4000	0.5	0	1288
4000	0.6	0	1327
4000	0.7	0	1423
4000	0.8	0	1503
4000	0.9	0	1559
4000	1	0	1692
4000	1.1	0	1849
4000	1.2	0	2174
4000	1.3	0	2375
4000	1.4	0	2826
4000	1.5	0	3217
4000	1.6	0	3870
4000	1.7	0	4656
4000	1.8	0	5688
4000	1.9	0	7077
4000	2	0	8889
4000	2.1	0	11663
4000	2.2	0	14767
4000	2.3	0	17979
4000	2.4	0	19589
4000	2.5	0	19094
4000	2.6	0	18754
4000	2.7	0	18663
4000	2.8	0	18617
4000	2.9	0	18730
4000	3	0	18834
4000	3.1	0	18946
4000	3.2	0	18902
4000	3.3	0	19074
4000	3.4	0	19096
4000	3.5	0	19044
4000	3.6	0	19071
4000	3.7	0	19265
4000	3.8	0	18905
4000	3.9	0	19195
4000	4	0	19178
4000	4.1	0	19145
4000	4.2	0	19194
4000	4.3	0	19186
4000	4.4	0	18948
4000	4.5	0	19043
4000	4.6	0	19189
4000	4.7	0	19029
4000	4.8	0	18883
4000	4.9	0	18948
4000	5	0	18854
4000	5.1	0	18810
4000	5.2	0	18346
4000	5.3	0	17255
4000	5.4	0	16212
4000	5.5	0	15387
4000	5.6	0	14287
4000	5.7	0	13160
4000	5.8	0	12328
4000	5.9	0	11211
4000	6	0	10276
4000	6.1	0	9115
4000	6.2	0	8436
4000	6.3	0	7653
4000	6.4	0	6964
4000	6.5	0	6463
4000	6.6	0	5968
4000	6.7	0	5633
4000	6.8	0	5129
4000	6.9	0	4764
4000	7	0	4404
4000	7.1	0	4067
4000	7.2	0	3865
4000	7.3	0	3629
4000	7.4	0	3444
4000	7.5	0	3197
4000	7.6	0	2967
4000	7.7	0	2816
4000	7.8	0	2712
4000	7.9	0	2593
4000	8	0	2429
4000	8.1	0	2390
4000	8.2	0	2268
4000	8.3	0	2084
4000	8.4	0	2032
4000	8.5	0	2088
4000	8.6	0	1929
4000	8.7	0	1812
4000	8.8	0	1747
4000	8.9	0	1713
4000	9	0	1676
4000	9.1	0	1666
4000	9.2	0	1539
4000	9.3	0	1551
4000	9.4	0	1501
4000	9.5	0	1408
4000	9.6	0	1446
4000	9.7	0	1389
4000	9.8	0	1304
4000	9.9	0	1354
4000	10	0	1325
4000	10.1	0	1269
4000	10.2	0	1367
4000	10.3	0	1234
4000	10.4	0	1249
4000	10.5	0	1176
4000	10.6	0	1143
4000	10.7	0	1187
4000	10.8	0	1122
4000	10.9	0	1147
4000	11	0	1072
4000	11.1	0	1114
4000	11.2	0	1080
4000	11.3	0	1074
4000	11.4	0	1097
4000	11.5	0	1093
4000	11.6	0	1031
4000	11.7	0	1114
4000	11.8	0	1047
4000	11.9	0	1023
4000	12	0	1045
4000	12.1	0	1083
4000	12.2	0	1089
4000	12.3	0	1023
4000	12.4	0	1074
4000	12.5	0	1122
4000	12.6	0	1083
4000	12.7	0	1063
4000	12.8	0	1034
4000	12.9	0	1057
4000	13	0	1131
4000	13.1	0	1072
4000	13.2	0	1053
4000	13.3	0	1109
4000	13.4	0	1076
4000	13.5	0	1007
4000	13.6	0	1083
4000	13.7	0	1026
4000	13.8	0	1089
4000	13.9	0	1013
4000	14	0	1087
4000	14.1	0	1057
4000	14.2	0	1072
4000	14.3	0	1067
4000	14.4	0	1098
4000	14.5	0	1059
4000	14.6	0	1099
4000	14.7	0	1062
4000	14.8	0	1048
4000	14.9	0	1037
4000	15	0	1055
4000	15.1	0	1139
4000	15.2	0	1047
4000	15.3	0	1033
4000	15.4	0	1082
4000	15.5	0	1082
4000	15.6	0	1034
4000	15.7	0	1072
4000	15.8	0	1054
4000	15.9	0	1052
4000	16	0	1070
4000	16.1	0	1060
4000	16.2	0	1059
4000	16.3	0	1049
4000	16.4	0	1049
4000	16.5	0	1087
4000	16.6	0	1060
4000	16.7	0	1075
4000	16.8	0	1073
4000	16.9	0	1116
4000	17	0	1087
4000	17.1	0	1052
4000	17.2	0	1058
4000	17.3	0	1127
4000	17.4	0	1067
4000	17.5	0	1100
4000	17.6	0	1065
4000	17.7	0	1042
4000	17.8	0	1075
4000	17.9	0	1104
4000	18	0	1036
4000	18.1	0	1045
4000	18.2	0	1115
4000	18.3	0	1091
4000	18.4	0	1062
4000	18.5	0	1088
4000	18.6	0	1109
4000	18.7	0	1108
4000	18.8	0	1058
4000	18.9	0	1058
4000	19	0	1086
4000	19.1	0	1105
4000	19.2	0	1108
4000	19.3	0	1096
4000	19.4	0	1102
4000	19.5	0	1034
4000	19.6	0	1066
4000	19.7	0	1077
4000	19.8	0	1084
4000	19.9	0	1109
8000	0	0	1028
8000	0.1	0	1124
8000	0.2	0	1075
8000	0.3	0	1130
8000	0.4	0	1174
8000	0.5	0	1178
8000	0.6	0	1300
8000	0.7	0	1353
8000	0.8	0	1517
8000	0.9	0	1572
8000	1	0	1773
8000	1.1	0	1971
8000	1.2	0	2131
8000	1.3	0	2395
8000	1.4	0	2678
8000	1.5	0	3231
8000	1.6	0	3847
8000	1.7	0	4704
8000	1.8	0	5507
8000	1.9	0	6993
8000	2	0	8935
8000	2.1	0	11577
8000	2.2	0	14994
8000	2.3	0	17947
8000	2.4	0	19521
8000	2.5	0	19142
8000	2.6	0	18873
8000	2.7	0	18655
8000	2.8	0	18396
8000	2.9	0	18853
8000	3	0	18899
8000	3.1	0	18927
8000	3.2	0	18982
8000	3.3	0	19082
8000	3.4	0	19120
8000	3.5	0	19285
8000	3.6	0	19234
8000	3.7	0	19503
8000	3.8	0	19137
8000	3.9	0	19060
8000	4	0	19182
8000	4.1	0	19425
8000	4.2	0	19016
8000	4.3	0	19023
8000	4.4	0	19028
8000	4.5	0	19001
8000	4.6	0	19139
8000	4.7	0	18829
8000	4.8	0	18988
8000	4.9	0	18731
8000	5	0	18837
8000	5.1	0	18820
8000	5.2	0	18221
8000	5.3	0	17423
8000	5.4	0	16523
8000	5.5	0	15423
8000	5.6	0	14270
8000	5.7	0	13347
8000	5.8	0	12054
8000	5.9	0	10966
8000	6	0	10306
8000	6.1	0	9248
8000	6.2	0	8477
8000	6.3	0	7595
8000	6.4	0	6960
8000	6.5	0	6364
8000	6.6	0	6005
8000	6.7	0	5568
8000	6.8	0	5088
8000	6.9	0	4740
8000	7	0	4348
8000	7.1	0	4104
8000	7.2	0	3823
8000	7.3	0	3545
8000	7.4	0	3466
8000	7.5	0	3185
8000	7.6	0	2984
8000	7.7	0	2836
8000	7.8	0	2812
8000	7.9	0	2692
8000	8	0	2473
8000	8.1	0	2413
8000	8.2	0	2280
8000	8.3	0	2222
8000	8.4	0	2024
8000	8.5	0	1987
8000	8.6	0	1893
8000	8.7	0	1876
8000	8.8	0	1838
8000	8.9	0	1706
8000	9	0	1699
8000	9.1	0	1579
8000	9.2	0	1595
8000	9.3	0	1556
8000	9.4	0	1438
8000	9.5	0	1451
8000	9.6	0	1340
8000	9.7	0	1335
8000	9.8	0	1409
8000	9.9	0	1340
8000	10	0	1293
8000	10.1	0	1277
8000	10.2	0	1292
8000	10.3	0	1219
8000	10.4	0	1212
8000	10.5	0	1204
8000	10.6	0	1193
8000	10.7	0	1145
8000	10.8	0	1145
8000	10.9	0	1104
8000	11	0	1109
8000	11.1	0	1104
8000	11.2	0	1084
8000	11.3	0	1078
8000	11.4	0	1104
8000	11.5	0	1081
8000	11.6	0	1047
8000	11.7	0	1034
8000	11.8	0	992
8000	11.9	0	1026
8000	12	0	1132
8000	12.1	0	993
8000	12.2	0	1089
8000	12.3	0	1047
8000	12.4	0	1074
8000	12.5	0	1066
8000	12.6	0	1073
8000	12.7	0	1097
8000	12.8	0	1108
8000	12.9	0	1027
8000	13	0	1120
8000	13.1	0	1031
8000	13.2	0	1034
8000	13.3	0	1072
8000	13.4	0	1055
8000	13.5	0	1067
8000	13.6	0	1056
8000	13.7	0	1015
8000	13.8	0	1093
8000	13.9	0	1082
8000	14	0	1081
8000	14.1	0	1028
8000	14.2	0	1111
8000	14.3	0	1100
8000	14.4	0	1056
8000	14.5	0	1030
8000	14.6	0	1015
8000	14.7	0	978
8000	14.8	0	1073
8000	14.9	0	996
8000	15	0	1066
8000	15.1	0	1054
8000	15.2	0	1075
8000	15.3	0	1038
8000	15.4	0	1033
8000	15.5	0	1073
8000	15.6	0	1028
8000	15.7	0	1070
8000	15.8	0	1088
8000	15.9	0	1089
8000	16	0	1046
8000	16.1	0	1127
8000	16.2	0	1072
8000	16.3	0	1061
8000	16.4	0	1024
8000	16.5	0	1049
8000	16.6	0	1096
8000	16.7	0	1113
8000	16.8	0	1055
8000	16.9	0	1108
8000	17	0	1098
8000	17.1	0	1053
8000	17.2	0	1131
8000	17.3	0	1029
8000	17.4	0	1104
8000	17.5	0	1074
8000	17.6	0	1097
8000	17.7	0	1079
8000	17.8	0	1055
8000	17.9	0	1076
8000	18	0	1023
8000	18.1	0	1066
8000	18.2	0	1120
8000	18.3	0	1048
8000	18.4	0	1024
8000	18.5	0	1080
8000	18.6	0	1020
8000	18.7	0	1024
8000	18.8	0	1109
8000	18.9	0	1097
8000	19	0	1065
8000	19.1	0	1117
8000	19.2	0	1142
8000	19.3	0	1106
8000	19.4	0	1090
8000	19.5	0	1127
8000	19.6	0	1070
8000	19.7	0	1136
8000	19.8	0	1060
8000	19.9	0	1124
12000	0	0	1056
12000	0.1	0	1092
12000	0.2	0	1098
12000	0.3	0	1167
12000	0.4	0	1266
12000	0.5	0	1275
12000	0.6	0	1266
12000	0.7	0	1326
12000	0.8	0	1519
12000	0.9	0	1649
12000	1	0	1659
12000	1.1	0	1873
12000	1.2	0	2126
12000	1.3	0	2387
12000	1.4	0	2706
12000	1.5	0	3223
12000	1.6	0	3733
12000	1.7	0	4541
12000	1.8	0	5469
12000	1.9	0	6961
12000	2	0	8914
12000	2.1	0	11655
12000	2.2	0	14919
12000	2.3	0	18096
12000	2.4	0	19486
12000	2.5	0	19114
12000	2.6	0	18882
12000	2.7	0	18550
12000	2.8	0	18479
12000	2.9	0	18970
12000	3	0	18657
12000	3.1	0	18929
12000	3.2	0	19224
12000	3.3	0	19112
12000	3.4	0	18987
12000	3.5	0	18839
12000	3.6	0	19286
12000	3.7	0	19330
12000	3.8	0	19446
12000	3.9	0	19283
12000	4	0	19157
12000	4.1	0	19280
12000	4.2	0	19263
12000	4.3	0	19278
12000	4.4	0	18819
12000	4.5	0	19014
12000	4.6	0	19027
12000	4.7	0	19082
12000	4.8	0	18998
12000	4.9	0	18685
12000	5	0	18990
12000	5.1	0	18715
12000	5.2	0	18472
12000	5.3	0	17459
12000	5.4	0	16367
12000	5.5	0	15323
12000	5.6	0	14159
12000	5.7	0	13148
12000	5.8	0	12045
12000	5.9	0	11108
12000	6	0	10230
12000	6.1	0	9035
12000	6.2	0	8387
12000	6.3	0	7780
12000	6.4	0	7100
12000	6.5	0	6403
12000	6.6	0	5848
12000	6.7	0	5426
12000	6.8	0	4988
12000	6.9	0	4701
12000	7	0	4427
12000	7.1	0	4055
12000	7.2	0	3872
12000	7.3	0	3652
12000	7.4	0	3385
12000	7.5	0	3246
12000	7.6	0	2921
12000	7.7	0	2893
12000	7.8	0	2759
12000	7.9	0	2702
12000	8	0	2469
12000	8.1	0	2436
12000	8.2	0	2333
12000	8.3	0	2161
12000	8.4	0	2081
12000	8.5	0	1990
12000	8.6	0	1921
12000	8.7	0	1834
12000	8.8	0	1798
12000	8.9	0	1721
12000	9	0	1690
12000	9.1	0	1637
12000	9.2	0	1579
12000	9.3	0	1605
12000	9.4	0	1461
12000	9.5	0	1508
12000	9.6	0	1447
12000	9.7	0	1387
12000	9.8	0	1376
12000	9.9	0	1387
12000	10	0	1293
12000	10.1	0	1267
12000	10.2	0	1261
12000	10.3	0	1270
12000	10.4	0	1193
12000	10.5	0	1251
12000	10.6	0	1134
12000	10.7	0	1146
12000	10.8	0	1199
12000	10.9	0	1114
12000	11	0	1134
12000	11.1	0	1149
12000	11.2	0	1073
12000	11.3	0	1099
12000	11.4	0	1076
12000	11.5	0	1103
12000	11.6	0	1083
12000	11.7	0	1110
12000	11.8	0	1074
12000	11.9	0	1056
12000	12	0	1073
12000	12.1	0	1042
12000	12.2	0	1084
12000	12.3	0	1015
12000	12.4	0	1049
12000	12.5	0	1029
12000	12.6	0	1029
12000	12.7	0	1077
12000	12.8	0	1083
12000	12.9	0	1055
12000	13	0	1032
12000	13.1	0	1063
12000	13.2	0	1020
12000	13.3	0	1033
12000	13.4	0	1068
12000	13.5	0	1065
12000	13.6	0	1038
12000	13.7	0	1056
12000	13.8	0	1061
12000	13.9	0	990
12000	14	0	1059
12000	14.1	0	1080
12000	14.2	0	1078
12000	14.3	0	1079
12000	14.4	0	1073
12000	14.5	0	1020
12000	14.6	0	1077
12000	14.7	0	1002
12000	14.8	0	1058
12000	14.9	0	1034
12000	15	0	1092
12000	15.1	0	1086
12000	15.2	0	1057
12000	15.3	0	1089
12000	15.4	0	1065
12000	15.5	0	1099
12000	15.6	0	1029
12000	15.7	0	1051
12000	15.8	0	1078
12000	15.9	0	1084
12000	16	0	1101
12000	16.1	0	1093
12000	16.2	0	1065
12000	16.3	0	1027
12000	16.4	0	1069
12000	16.5	0	1071
12000	16.6	0	1080
12000	16.7	0	1151
12000	16.8	0	1068
12000	16.9	0	1092
12000	17	0	1051
12000	17.1	0	1043
12000	17.2	0	1074
12000	17.3	0	1079
12000	17.4	0	1117
12000	17.5	0	1053
12000	17.6	0	1068
12000	17.7	0	1034
12000	17.8	0	1123
12000	17.9	0	1005
12000	18	0	1082
12000	18.1	0	1081
12000	18.2	0	1126
12000	18.3	0	1102
12000	18.4	0	1064
12000	18.5	0	1042
12000	18.6	0	1069
12000	18.7	0	1059
12000	18.8	0	1109
12000	18.9	0	1080
12000	19	0	1024
12000	19.1	0	1049
12000	19.2	0	1141
12000	19.3	0	1081
12000	19.4	0	1067
12000	19.5	0	1088
12000	19.6	0	1119
12000	19.7	0	1071
12000	19.8	0	1129
12000	19.9	0	1046
16000	0	0	1080
16000	0.1	0	1112
16000	0.2	0	1161
16000	0.3	0	1152
16000	0.4	0	1189
16000	0.5	0	1211
16000	0.6	0	1242
16000	0.7	0	1333
16000	0.8	0	1491
16000	0.9	0	1570
16000	1	0	1702
16000	1.1	0	1979
16000	1.2	0	2136
16000	1.3	0	2456
16000	1.4	0	2708
16000	1.5	0	3265
16000	1.6	0	3906
16000	1.7	0	4688
16000	1.8	0	5456
16000	1.9	0	7112
16000	2	0	8942
16000	2.1	0	11374
16000	2.2	0	14905
16000	2.3	0	18093
16000	2.4	0	19598
16000	2.5	0	19048
16000	2.6	0	18751
16000	2.7	0	18876
16000	2.8	0	18415
16000	2.9	0	18499
16000	3	0	19044
16000	3.1	0	19128
16000	3.2	0	18823
16000	3.3	0	19034
16000	3.4	0	19208
16000	3.5	0	19076
16000	3.6	0	19308
16000	3.7	0	19255
16000	3.8	0	19163
16000	3.9	0	19194
16000	4	0	19177
16000	4.1	0	19248
16000	4.2	0	19103
16000	4.3	0	19151
16000	4.4	0	18900
16000	4.5	0	19226
16000	4.6	0	18961
16000	4.7	0	19009
16000	4.8	0	18892
16000	4.9	0	18902
16000	5	0	18831
16000	5.1	0	18799
16000	5.2	0	18236
16000	5.3	0	17188
16000	5.4	0	16577
16000	5.5	0	15416
16000	5.6	0	14475
16000	5.7	0	13230
16000	5.8	0	11940
16000	5.9	0	11159
16000	6	0	10159
16000	6.1	0	9365
16000	6.2	0	8487
16000	6.3	0	7662
16000	6.4	0	6974
16000	6.5	0	6341
16000	6.6	0	6019
16000	6.7	0	5481
16000	6.8	0	5025
16000	6.9	0	4719
16000	7	0	4440
16000	7.1	0	4065
16000	7.2	0	3833
16000	7.3	0	3583
16000	7.4	0	3344
16000	7.5	0	3270
16000	7.6	0	2956
16000	7.7	0	2779
16000	7.8	0	2835
16000	7.9	0	2551
16000	8	0	2496
16000	8.1	0	2367
16000	8.2	0	2223
16000	8.3	0	2182
16000	8.4	0	2086
16000	8.5	0	2068
16000	8.6	0	1887
16000	8.7	0	1870
16000	8.8	0	1845
16000	8.9	0	1656
16000	9	0	1679
16000	9.1	0	1687
16000	9.2	0	1563
16000	9.3	0	1599
16000	9.4	0	1434
16000	9.5	0	1450
16000	9.6	0	1331
16000	9.7	0	1489
16000	9.8	0	1349
16000	9.9	0	1321
16000	10	0	1352
16000	10.1	0	1290
16000	10.2	0	1208
16000	10.3	0	1207
16000	10.4	0	1139
16000	10.5	0	1098
16000	10.6	0	1173
16000	10.7	0	1104
16000	10.8	0	1175
16000	10.9	0	1178
16000	11	0	1123
16000	11.1	0	1095
16000	11.2	0	1110
16000	11.3	0	1113
16000	11.4	0	1087
16000	11.5	0	1091
16000	11.6	0	1055
16000	11.7	0	1080
16000	11.8	0	987
16000	11.9	0	1058
16000	12	0	1049
16000	12.1	0	1044
16000	12.2	0	1014
16000	12.3	0	1094
16000	12.4	0	1031
16000	12.5	0	1041
16000	12.6	0	1065
16000	12.7	0	1097
16000	12.8	0	1052
16000	12.9	0	1057
16000	13	0	1040
16000	13.1	0	1058
16000	13.2	0	1045
16000	13.3	0	1049
16000	13.4	0	1087
16000	13.5	0	1063
16000	13.6	0	1084
16000	13.7	0	1036
16000	13.8	0	1092
16000	13.9	0	1064
16000	14	0	1038
16000	14.1	0	1136
16000	14.2	0	990
16000	14.3	0	1045
16000	14.4	0	1022
16000	14.5	0	1073
16000	14.6	0	1070
16000	14.7	0	1080
16000	14.8	0	1060
16000	14.9	0	1056
16000	15	0	1129
16000	15.1	0	1089
16000	15.2	0	1079
16000	15.3	0	1090
16000	15.4	0	1060
16000	15.5	0	1035
16000	15.6	0	1047
16000	15.7	0	1079
16000	15.8	0	1067
16000	15.9	0	1081
16000	16	0	1088
16000	16.1	0	1073
16000	16.2	0	1057
16000	16.3	0	1029
16000	16.4	0	1111
16000	16.5	0	1056
16000	16.6	0	1098
16000	16.7	0	1049
16000	16.8	0	1060
16000	16.9	0	1120
16000	17	0	1096
16000	17.1	0	1154
16000	17.2	0	1069
16000	17.3	0	1095
16000	17.4	0	1053
16000	17.5	0	1041
16000	17.6	0	1102
16000	17.7	0	1153
16000	17.8	0	1031
16000	17.9	0	1099
16000	18	0	1083
16000	18.1	0	1104
16000	18.2	0	1019
16000	18.3	0	1092
16000	18.4	0	1116
16000	18.5	0	1094
16000	18.6	0	1020
16000	18.7	0	1111
16000	18.8	0	1103
16000	18.9	0	1103
16000	19	0	1068
16000	19.1	0	1055
16000	19.2	0	1086
16000	19.3	0	1088
16000	19.4	0	994
16000	19.5	0	1095
16000	19.6	0	1102
16000	19.7	0	1086
16000	19.8	0	1112
16000	19.9	0	1051
20000	0	0	1151
20000	0.1	0	1101
20000	0.2	0	1144
20000	0.3	0	1214
20000	0.4	0	1182
20000	0.5	0	1288
20000	0.6	0	1315
20000	0.7	0	1439
20000	0.8	0	1420
20000	0.9	0	1664
20000	1	0	1741
20000	1.1	0	1855
20000	1.2	0	2089
20000	1.3	0	2397
20000	1.4	0	2754
20000	1.5	0	3130
20000	1.6	0	3753
20000	1.7	0	4687
20000	1.8	0	5729
20000	1.9	0	7037
20000	2	0	9018
20000	2.1	0	11838
20000	2.2	0	14717
20000	2.3	0	17986
20000	2.4	0	19389
20000	2.5	0	19405
20000	2.6	0	18958
20000	2.7	0	18660
20000	2.8	0	18476
20000	2.9	0	18626
20000	3	0	18870
20000	3.1	0	18905
20000	3.2	0	19197
20000	3.3	0	19028
20000	3.4	0	18848
20000	3.5	0	19270
20000	3.6	0	19294
20000	3.7	0	19033
20000	3.8	0	19118
20000	3.9	0	18893
20000	4	0	19276
20000	4.1	0	18979
20000	4.2	0	19125
20000	4.3	0	18969
20000	4.4	0	19231
20000	4.5	0	18949
20000	4.6	0	19010
20000	4.7	0	18887
20000	4.8	0	18937
20000	4.9	0	18867
20000	5	0	18953
20000	5.1	0	18781
20000	5.2	0	18239
20000	5.3	0	17528
20000	5.4	0	16521
20000	5.5	0	15444
20000	5.6	0	14247
20000	5.7	0	13311
20000	5.8	0	12113
20000	5.9	0	11161
20000	6	0	10128
20000	6.1	0	9250
20000	6.2	0	8347
20000	6.3	0	7630
20000	6.4	0	7109
20000	6.5	0	6495
20000	6.6	0	6011
20000	6.7	0	5406
20000	6.8	0	5144
20000	6.9	0	4741
20000	7	0	4329
20000	7.1	0	4031
20000	7.2	0	3863
20000	7.3	0	3517
20000	7.4	0	3428
20000	7.5	0	3210
20000	7.6	0	3019
20000	7.7	0	2940
20000	7.8	0	2694
20000	7.9	0	2501
20000	8	0	2513
20000	8.1	0	2377
20000	8.2	0	2309
20000	8.3	0	2158
20000	8.4	0	2072
20000	8.5	0	2005
20000	8.6	0	1864
20000	8.7	0	1925
20000	8.8	0	1806
20000	8.9	0	1696
20000	9	0	1626
20000	9.1	0	1651
20000	9.2	0	1573
20000	9.3	0	1565
20000	9.4	0	1444
20000	9.5	0	1439
20000	9.6	0	1454
20000	9.7	0	1400
20000	9.8	0	1370
20000	9.9	0	1302
20000	10	0	1214
20000	10.1	0	1314
20000	10.2	0	1232
20000	10.3	0	1216
20000	10.4	0	1217
20000	10.5	0	1218
20000	10.6	0	1165
20000	10.7	0	1129
20000	10.8	0	1097
20000	10.9	0	1136
20000	11	0	1170
20000	11.1	0	1040
20000	11.2	0	1094
20000	11.3	0	1089
20000	11.4	0	1071
20000	11.5	0	1086
20000	11.6	0	1034
20000	11.7	0	1087
20000	11.8	0	1047
20000	11.9	0	1071
20000	12	0	1100
20000	12.1	0	1066
20000	12.2	0	1020
20000	12.3	0	1063
20000	12.4	0	1041
20000	12.5	0	1047
20000	12.6	0	1101
20000	12.7	0	1051
20000	12.8	0	1070
20000	12.9	0	1084
20000	13	0	1124
20000	13.1	0	1072
20000	13.2	0	1012
20000	13.3	0	1054
20000	13.4	0	1028
20000	13.5	0	1083
20000	13.6	0	1033
20000	13.7	0	1096
20000	13.8	0	1087
20000	13.9	0	1006
20000	14	0	1060
20000	14.1	0	1022
20000	14.2	0	1024
20000	14.3	0	1087
20000	14.4	0	1063
20000	14.5	0	1107
20000	14.6	0	1041
20000	14.7	0	1054
20000	14.8	0	1076
20000	14.9	0	1067
20000	15	0	1081
20000	15.1	0	1074
20000	15.2	0	1042
20000	15.3	0	1000
20000	15.4	0	1059
20000	15.5	0	1055
20000	15.6	0	1079
20000	15.7	0	1051
20000	15.8	0	1155
20000	15.9	0	1082
20000	16	0	1077
20000	16.1	0	1037
20000	16.2	0	1104
20000	16.3	0	1041
20000	16.4	0	1106
20000	16.5	0	1072
20000	16.6	0	1082
20000	16.7	0	1081
20000	16.8	0	1090
20000	16.9	0	1113
20000	17	0	1061
20000	17.1	0	1082
20000	17.2	0	1072
20000	17.3	0	1152
20000	17.4	0	1071
20000	17.5	0	1045
20000	17.6	0	1109
20000	17.7	0	1113
20000	17.8	0	1044
20000	17.9	0	1074
20000	18	0	1107
20000	18.1	0	1099
20000	18.2	0	1069
20000	18.3	0	1117
20000	18.4	0	1074
20000	18.5	0	989
20000	18.6	0	1122
20000	18.7	0	1062
20000	18.8	0	1044
20000	18.9	0	1071
20000	19	0	1078
20000	19.1	0	1192
20000	19.2	0	1045
20000	19.3	0	1089
20000	19.4	0	1116
20000	19.5	0	1083
20000	19.6	0	1067
20000	19.7	0	1068
20000	19.8	0	1065
20000	19.9	0	1084
