2.0000e+05	7.9834e+04
2.0000e+05	7.9200e+04
2.0000e+05	8.0427e+04
2.0000e+05	8.0902e+04
2.0000e+05	8.2471e+04
2.0000e+05	8.3833e+04
2.0000e+05	8.5022e+04
2.0000e+05	8.6836e+04
2.0000e+05	8.8877e+04
2.0000e+05	9.1032e+04
2.0000e+05	9.3707e+04
2.0000e+05	9.5543e+04
2.0000e+05	9.8090e+04
2.0000e+05	1.0129e+05
2.0000e+05	1.0371e+05
2.0000e+05	1.0712e+05
2.0000e+05	1.0953e+05
2.0000e+05	1.1310e+05
2.0000e+05	1.1542e+05
2.0000e+05	1.1777e+05
2.0000e+05	1.2031e+05
2.0000e+05	1.2315e+05
2.0000e+05	1.2479e+05
2.0000e+05	1.2568e+05
2.0000e+05	1.2469e+05
2.0000e+05	1.2138e+05
2.0000e+05	1.2041e+05
2.0000e+05	1.2146e+05
2.0000e+05	1.2209e+05
2.0000e+05	1.2269e+05
2.0000e+05	1.2240e+05
2.0000e+05	1.2243e+05
2.0000e+05	1.2236e+05
2.0000e+05	1.2218e+05
2.0000e+05	1.2208e+05
2.0000e+05	1.2188e+05
2.0000e+05	1.2199e+05
2.0000e+05	1.2133e+05
2.0000e+05	1.2174e+05
2.0000e+05	1.2261e+05
2.0000e+05	1.2128e+05
2.0000e+05	1.2162e+05
2.0000e+05	1.2134e+05
2.0000e+05	1.2115e+05
2.0000e+05	1.2112e+05
2.0000e+05	1.2085e+05
2.0000e+05	1.2153e+05
2.0000e+05	1.2049e+05
2.0000e+05	1.2024e+05
2.0000e+05	1.1995e+05
2.0000e+05	1.2033e+05
2.0000e+05	1.2003e+05
2.0000e+05	1.1967e+05
2.0000e+05	1.1954e+05
2.0000e+05	1.1878e+05
2.0000e+05	1.1926e+05
2.0000e+05	1.1874e+05
2.0000e+05	1.1909e+05
2.0000e+05	1.1793e+05
2.0000e+05	1.1846e+05
2.0000e+05	1.1747e+05
2.0000e+05	1.1770e+05
2.0000e+05	1.1700e+05
2.0000e+05	1.1710e+05
2.0000e+05	1.1660e+05
2.0000e+05	1.1605e+05
2.0000e+05	1.1613e+05
2.0000e+05	1.1580e+05
2.0000e+05	1.1507e+05
2.0000e+05	1.1489e+05
2.0000e+05	1.1463e+05
2.0000e+05	1.1421e+05
2.0000e+05	1.1404e+05
2.0000e+05	1.1399e+05
2.0000e+05	1.1383e+05
2.0000e+05	1.1255e+05
2.0000e+05	1.1281e+05
2.0000e+05	1.1270e+05
2.0000e+05	1.1142e+05
2.0000e+05	1.1192e+05
2.0000e+05	1.1083e+05
2.0000e+05	1.1058e+05
2.0000e+05	1.0993e+05
2.0000e+05	1.1046e+05
2.0000e+05	1.0952e+05
2.0000e+05	1.0945e+05
2.0000e+05	1.0837e+05
2.0000e+05	1.0834e+05
2.0000e+05	1.0754e+05
2.0000e+05	1.0743e+05
2.0000e+05	1.0729e+05
2.0000e+05	1.0650e+05
2.0000e+05	1.0648e+05
2.0000e+05	1.0564e+05
2.0000e+05	1.0591e+05
2.0000e+05	1.0536e+05
2.0000e+05	1.0482e+05
2.0000e+05	1.0387e+05
2.0000e+05	1.0378e+05
2.0000e+05	1.0301e+05
2.0000e+05	1.0299e+05
2.0000e+05	1.0299e+05
2.0000e+05	1.0186e+05
2.0000e+05	1.0211e+05
2.0000e+05	1.0160e+05
2.0000e+05	1.0092e+05
2.0000e+05	1.0060e+05
2.0000e+05	1.0067e+05
2.0000e+05	1.0019e+05
2.0000e+05	9.9669e+04
2.0000e+05	9.9020e+04
2.0000e+05	9.8756e+04
2.0000e+05	9.8178e+04
2.0000e+05	9.7829e+04
2.0000e+05	9.7691e+04
2.0000e+05	9.7125e+04
2.0000e+05	9.6866e+04
2.0000e+05	9.6690e+04
2.0000e+05	9.6199e+04
2.0000e+05	9.5497e+04
2.0000e+05	9.5608e+04
2.0000e+05	9.4629e+04
2.0000e+05	9.4662e+04
2.0000e+05	9.4184e+04
2.0000e+05	9.3990e+04
2.0000e+05	9.4075e+04
2.0000e+05	9.3790e+04
2.0000e+05	9.3063e+04
2.0000e+05	9.2443e+04
2.0000e+05	9.2674e+04
2.0000e+05	9.2092e+04
2.0000e+05	9.2027e+04
2.0000e+05	9.1114e+04
2.0000e+05	9.1272e+04
2.0000e+05	9.0277e+04
2.0000e+05	9.0378e+04
2.0000e+05	8.9832e+04
2.0000e+05	8.9806e+04
2.0000e+05	8.9688e+04
2.0000e+05	8.9058e+04
2.0000e+05	8.8960e+04
2.0000e+05	8.8257e+04
2.0000e+05	8.8823e+04
2.0000e+05	8.7874e+04
2.0000e+05	8.7434e+04
2.0000e+05	8.7554e+04
2.0000e+05	8.7712e+04
2.0000e+05	8.7262e+04
2.0000e+05	8.6945e+04
2.0000e+05	8.5956e+04
2.0000e+05	8.6361e+04
2.0000e+05	8.5797e+04
2.0000e+05	8.5393e+04
2.0000e+05	8.5645e+04
2.0000e+05	8.5464e+04
2.0000e+05	8.5073e+04
2.0000e+05	8.4607e+04
2.0000e+05	8.4719e+04
2.0000e+05	8.4743e+04
2.0000e+05	8.4081e+04
2.0000e+05	8.3578e+04
2.0000e+05	8.4262e+04
2.0000e+05	8.3907e+04
2.0000e+05	8.3391e+04
2.0000e+05	8.3068e+04
2.0000e+05	8.3581e+04
2.0000e+05	8.2424e+04
2.0000e+05	8.2737e+04
2.0000e+05	8.2638e+04
2.0000e+05	8.2480e+04
2.0000e+05	8.2409e+04
2.0000e+05	8.2053e+04
2.0000e+05	8.1868e+04
2.0000e+05	8.2312e+04
2.0000e+05	8.2227e+04
2.0000e+05	8.1569e+04
2.0000e+05	8.1775e+04
2.0000e+05	8.0830e+04
2.0000e+05	8.1354e+04
2.0000e+05	8.1246e+04
2.0000e+05	8.1003e+04
2.0000e+05	8.0908e+04
2.0000e+05	8.1053e+04
2.0000e+05	8.0569e+04
2.0000e+05	8.0304e+04
2.0000e+05	8.0543e+04
2.0000e+05	8.0328e+04
2.0000e+05	8.0623e+04
2.0000e+05	8.0560e+04
2.0000e+05	8.0068e+04
2.0000e+05	7.9984e+04
2.0000e+05	8.0083e+04
2.0000e+05	7.9835e+04
2.0000e+05	8.0320e+04
2.0000e+05	8.0189e+04
2.0000e+05	7.9974e+04
2.0000e+05	8.0134e+04
2.0000e+05	7.9879e+04
2.0000e+05	7.9672e+04
2.0000e+05	7.9749e+04
