2.0000e+04	3.8687e+01	-3.9415e+02	-4.0678e+02	1.0326e+02	-1.9243e+02	2.7310e+02	-5.2750e+02	3.3229e+02	7.5439e+02	-8.3580e+02	-6.0461e+02	-9.8921e+01	6.5058e+02	1.0073e+01	2.1841e+02	-4.9477e+02	-2.6654e+02	3.8691e+02	-1.7712e+02	-4.6272e+02	1.3623e+02	-3.1007e+01	-2.4925e+02	9.4489e+01	2.2222e+01	-3.6033e+01	4.4534e+02	-4.2263e+02	-2.9864e+02	-1.2520e+02	2.0554e+02	2.2799e+02	4.1298e+02	4.5375e+01	2.0987e+02	2.9784e+02	3.1192e+02	-2.1970e+02	-1.1715e+02	3.8610e+02	-9.7781e+01	-1.3300e+00	-2.2225e+02	-1.7852e+02	1.5747e+02	3.8464e+02	-2.5103e+02	-1.0541e+02	-5.3133e+02	1.5186e+02	-7.3986e+00	8.0123e+02	-2.4447e+02	7.0764e+00	3.2625e+02	-6.1102e+02	-9.2268e+01	-3.0950e+02	7.0744e+01	-2.4465e+02	2.6860e+02	-1.8000e+02	3.5864e+02	5.9168e+01	-4.5683e+02	-5.9163e+02	6.6698e+02	3.7787e+02	-3.1301e+02	-6.9945e+02	-3.3430e+02	1.2178e+02	2.7176e+02	3.3353e+02	3.4447e+02	-8.6386e+02	-3.9052e+01	-5.0016e+02	-2.8473e+02	2.0484e+00	8.6095e+02	2.0632e+02	-1.1994e+02	3.9040e+01	-2.4801e+02	-1.3115e+03	-5.0192e+02	1.0057e+03	4.1181e+02	-9.5043e+01	-1.4439e+02	3.5180e+02	-8.1520e+01	-1.7062e+02	-2.2872e+02	8.7495e+00	6.2811e+02	-4.9423e+02	-1.3246e+02	-4.2090e+02	-7.4310e+01	-1.1872e+02	-8.8612e+02	-3.2388e+02	-1.7850e+02	-2.7591e+02	-7.5300e+01	-2.5984e+02	2.7329e+02	2.7853e+01	2.0585e+01	2.5107e+02	-1.2392e+02	2.5496e+02	4.7269e+02	-7.0531e+02	5.7237e+02	-3.5730e+02	1.9988e+02	-4.0453e+01	-3.0785e+02	-1.5512e+02	-5.7405e+02	-2.0724e+02	6.9488e+02	6.5522e+01	1.8831e+02	5.2291e+02	2.4870e+02	6.2037e+01	8.4464e+01	5.8948e+02	-5.9717e+02	-1.3365e+02	-1.4169e+02	4.8531e+02	2.5322e+02	-7.1392e+02	1.5049e+02	7.4096e+01	-2.7488e+02	1.2892e+02	7.5375e+02	1.9447e+02	4.5157e+02	-7.5638e+01	-1.1378e+02	7.7416e+02	-6.4222e+02	-3.4536e+01	-3.8725e+02	-1.6742e+02	-3.7645e+02	-7.4112e+02	5.8961e+02	2.9822e+01	-3.0804e+02	-2.6336e+02	-9.7106e+01	3.5907e+02	-4.4914e+02	6.6242e+01	-6.9456e+02	-1.6737e+02	-4.5897e+02	-6.6397e+02	5.5718e+02	5.0437e+02	8.1683e+02	-1.3563e+02	-7.0238e+01	-2.9427e+02	-1.2096e+02	6.0028e+02	3.8460e+02	3.2764e+02	-1.3515e+02	-2.9131e+02	-3.4127e+02	-6.3867e+02	2.9121e+02	8.1558e+01	-2.8653e+02	6.4183e+02	1.5612e+02	6.2571e+02	-1.6869e+02	5.9491e+01	6.3473e+02	-2.3387e+02	-7.2434e+01	-3.7589e+02	3.9572e+02	4.7554e+02	1.6877e+02	-4.9956e+02	5.4742e+02	3.1201e+01	4.6819e+02	2.7849e+02
2.0000e+04	1.9282e+02	1.9228e+02	2.5173e+01	9.4947e+02	-5.5316e+02	9.1094e+02	-3.0510e+02	-8.2356e+01	-5.3396e+00	2.1751e+02	-4.1602e+02	1.1045e+03	-4.1468e+01	-2.1453e+02	5.9212e+02	-8.7443e+02	-3.6727e+02	4.7539e+02	3.2902e+02	-8.0409e+01	-9.5426e+02	1.0769e+03	-5.9091e+02	6.8573e+02	4.3735e+02	-5.5809e+01	-4.0551e+02	1.0928e+02	-9.9916e+02	1.2832e+02	-8.1664e+01	-1.1190e+02	-2.1390e+02	-9.0775e+01	3.2894e+02	5.7351e+02	-1.0411e+03	-9.1986e+02	8.7811e+02	-4.2488e+02	-2.0962e+02	-1.2893e+02	2.7258e+02	-3.3590e+02	3.4963e+02	-5.3697e+02	6.7325e+02	2.6462e+02	-8.5351e+02	-4.2978e+02	-4.1179e+02	2.4582e+02	-2.8746e+02	-6.3584e+02	5.5981e+01	9.9372e+02	-5.8513e+01	4.2408e+02	-2.0444e+02	-1.3396e+03	-5.6676e+02	-2.6922e+02	1.0230e-01	-3.1005e+02	6.2800e+02	2.0102e+02	-8.0462e+02	-1.6236e+03	-1.8647e+01	1.0065e+03	7.0566e+02	6.0792e+02	-4.6736e+02	-5.1217e+02	7.5073e+02	2.1638e+01	-5.0983e+02	5.7316e+02	1.3452e+02	-7.2739e+02	-5.9780e+01	7.9560e+02	-8.5150e+02	-4.1973e+02	9.0862e+02	-6.1407e+02	-5.6826e+02	1.8171e+02	-4.5318e+02	-2.8425e+02	2.3373e+02	-1.4659e+02	-1.3482e+02	-1.3124e+02	1.0065e+02	-1.3477e+02	9.1619e+02	-5.7806e+02	5.3171e+02	5.8732e+02	-4.6942e+02	5.0465e+02	-9.6022e+02	1.1153e+02	-1.3343e+02	-8.6925e+02	4.7896e+02	8.9494e+02	4.8656e+02	8.3613e+02	-1.7065e+02	-4.2348e+02	-4.9201e+02	-5.3187e+02	-5.8915e+01	4.0209e+02	-2.6670e+02	3.8829e+02	-2.2088e+02	-4.2035e+02	-2.7484e+02	2.8226e+02	-1.5389e+00	-2.9256e+02	3.6006e+01	-3.1932e+02	-3.5312e+02	3.7715e+01	-5.1367e+00	1.0880e+02	4.6867e+02	4.1658e+02	6.9337e+02	1.0768e+03	3.0581e+02	-1.1653e+02	1.9913e+02	5.7593e+02	4.3939e+02	-2.5994e+02	-8.6983e+02	-2.2836e+02	4.4227e+02	3.7440e+02	-1.0959e+02	9.7232e+01	3.5056e+02	-5.8864e+02	-1.3653e+02	4.5538e+02	-5.3093e+01	7.4630e+02	3.1062e+02	-1.2278e+02	-1.5667e+03	1.2868e+03	-1.0133e+02	-4.7504e+02	4.9396e+02	1.2437e+03	-5.0927e+02	-1.1272e+02	-2.5985e+02	-6.4991e+02	9.0784e+02	-4.5038e+02	-9.0230e+02	3.4638e+02	-1.2120e+03	-2.2657e+01	-3.8800e+02	7.1170e+02	-3.3141e+02	-8.2924e+02	-4.8359e+02	-3.4630e+02	7.0933e+02	-5.7128e+02	1.6044e+02	-5.3641e+01	9.7772e+02	-2.1407e+02	-1.6357e+02	-2.0550e+02	9.3293e+02	-7.8866e+02	-2.5301e+02	-7.2351e+01	9.2653e+02	-1.0634e+02	-1.0202e+03	-5.9877e+02	3.9231e+02	-8.8718e+01	3.7717e+02	-1.1369e+03	4.7763e+02	1.8823e+02	5.6731e+02	6.9398e+02
4.0000e+04	-4.8632e+01	-7.6955e+02	-2.5525e+02	3.2274e+02	-7.8773e+01	4.2272e+02	-4.2395e+02	1.2468e+03	1.9601e+02	-5.0584e+02	-6.7475e+02	4.0385e+02	7.2587e+02	-3.9371e+02	1.1466e+02	-2.4884e+02	-4.7133e+02	1.0003e+03	-4.2436e+02	-1.3508e+02	-1.9737e+02	-3.6200e+02	-8.0143e+01	-4.7270e+00	-8.5463e+02	-9.6980e+01	7.3558e+02	-7.9212e+02	1.0420e+02	-2.6689e+02	4.0450e+02	-5.1142e+02	1.7117e+02	-4.8444e+02	5.8590e+02	4.0188e+02	-5.5461e+02	-6.6657e+02	-3.6758e+02	4.9148e+02	-3.4403e+02	-3.5410e+02	-7.4015e+02	-7.7475e+02	7.2709e+02	-5.5649e+01	-8.3940e+02	-4.0297e+02	-1.1505e+03	8.1907e+02	3.6794e+01	1.1504e+03	-7.2208e+02	-3.8129e+02	3.1125e+01	-9.8264e+02	-2.8188e+02	2.8326e+02	3.8081e+02	-5.3961e+02	1.5848e+02	-5.3938e+02	-1.3105e+02	8.0721e+00	-7.5914e+02	-9.8925e+02	3.7021e+02	-1.7105e+01	-6.3844e+01	-1.0348e+03	-5.1072e+02	6.5718e+02	9.2015e+02	1.0657e+03	-3.4580e+01	-9.1740e+02	5.1072e+02	-8.2395e+02	8.3497e+02	4.0288e+02	1.1741e+03	-8.2064e+02	5.4985e+02	-5.2332e+00	-2.7662e+02	-1.1179e+03	-8.8019e+02	7.7268e+02	5.2146e+02	-3.0122e+02	-9.3701e+02	7.7719e+02	-1.2842e+02	-7.6654e+02	-8.3626e+01	-4.2202e+02	4.8724e+02	-6.5637e+02	-3.2886e+01	-2.0705e+01	2.1309e+01	6.0261e+02	-1.0776e+03	7.9909e+00	-5.3125e+02	-1.0640e+03	3.9286e+02	-6.6382e+02	-1.8289e+02	-6.8976e+01	-5.0357e+02	1.7659e+02	-5.2403e+02	3.8260e+02	-4.2025e+02	-2.3403e+02	1.3559e+03	-3.4776e+02	2.4508e+02	-3.5629e+02	2.4550e+02	2.0831e+02	-7.6776e+02	-7.4680e+02	3.2916e+02	-8.8971e+01	7.3121e+01	4.7712e+02	4.2952e+02	6.4528e+02	-1.0722e+03	7.0973e+02	-9.9946e+02	-1.7108e+02	-1.8573e+02	1.2135e+03	2.1670e+02	-1.4345e+03	3.4098e+02	-4.8406e+02	-2.9310e+02	-7.6298e+01	1.2259e+02	5.9097e+02	2.6883e+02	-1.6238e+02	-1.6970e+02	3.1945e+02	-5.6933e+02	5.7486e+02	-2.7804e+02	-1.8180e+02	-4.6907e+02	-6.2928e+02	5.4132e+02	4.0023e+01	-6.9787e+02	-2.9382e+02	-3.4705e+02	1.8809e+01	-4.5647e+02	5.3345e+02	-7.3247e+02	1.0680e+02	-5.8092e+02	-6.7174e+02	6.1375e+02	1.1814e+03	2.0978e+02	-5.5385e+02	-3.3590e+02	-1.4069e+03	-1.0083e+02	1.3909e+01	1.6334e+02	2.9080e+02	-2.9244e+02	-7.0984e+02	-2.7603e+02	-3.2445e+02	4.4654e+02	-2.8186e+02	-2.0279e+02	1.2459e+03	7.9957e+01	8.7568e+02	-4.8222e+02	-6.6900e+02	5.3423e+02	2.6064e+02	6.2667e+02	-2.0184e+02	3.3856e+02	1.0154e+03	6.0007e+02	-4.0832e+02	7.3464e+02	-7.6128e+01	-4.7572e+01	4.6228e+02
4.0000e+04	-3.0459e+02	-5.4466e+02	-5.7042e+02	2.0089e+03	-2.0772e+02	9.4417e+02	2.5611e+02	3.5856e+02	-4.0931e+02	1.8355e+03	6.4922e+02	1.4366e+03	-1.1982e+03	6.7948e+02	3.9076e+02	-1.4756e+03	-1.1080e+03	7.9516e+02	4.9012e+02	4.7430e+02	-3.5908e+02	6.7910e+01	-1.0329e+03	7.9660e+02	1.1548e+03	4.9066e+02	-2.9775e+02	-3.4810e+02	-6.2032e+02	-4.5113e+02	-1.2982e+02	1.3493e+02	-7.0730e+02	-8.9992e+02	3.4741e+02	1.3981e+03	-1.1981e+03	-2.1423e+03	-8.9738e+01	-1.1774e+03	3.7841e+01	-1.1855e+03	4.6312e+02	-1.2072e+02	-5.8954e+02	-7.4770e+02	6.9331e+01	3.9419e+02	-1.0534e+03	-1.7730e+03	3.5948e+01	5.1261e+02	-9.4566e+02	-7.3169e+02	-3.3352e+02	2.1479e+03	-1.2463e+03	8.0250e+02	7.4290e+02	-5.6738e+02	-1.6333e+03	-9.0283e+02	-9.1853e+02	-3.2451e+02	1.9678e+03	1.3003e+03	-2.2624e+03	-1.9235e+03	-3.2514e+02	6.7794e+02	4.7195e+02	1.0975e+03	-1.3684e+03	3.8317e+02	1.3817e+03	-2.5610e+02	-9.8546e+02	3.3103e+02	-9.4505e+02	-6.3790e+02	-1.3624e+02	1.4776e+03	-5.6892e+02	-1.8312e+02	4.3890e+02	-3.2105e+02	-1.4939e+02	3.7551e+02	-1.2253e+02	-4.3929e+02	-4.2617e+02	-2.6386e+02	-1.1346e+02	1.9179e+03	-5.4512e+02	-5.1658e+02	4.8361e+02	-2.9142e+02	5.2439e+02	3.8909e+02	-2.0390e+03	2.7817e+02	-1.1250e+03	7.9365e+02	1.4312e+02	-4.6730e+02	5.4007e+02	7.4915e+02	-6.3923e+01	6.9940e+02	-1.2102e+03	-4.8307e+02	-9.3119e+02	-1.0690e+03	1.2991e+03	1.3743e+02	-1.1473e+03	4.2441e+02	1.2673e+02	-1.6246e+03	-5.5637e+02	6.3648e+01	-4.0735e+02	-3.3224e+02	1.5984e+02	-2.3488e+02	-1.3653e+02	-6.3869e+00	1.2394e+03	6.3587e+02	2.9896e+02	1.5950e+02	1.3083e+02	9.6637e+02	1.1130e+02	7.6490e+01	5.8689e+02	6.7361e+02	2.0717e+02	-1.2247e+03	-2.4807e+03	-3.5225e+02	-1.4271e+01	-6.2721e+02	-1.7499e+02	5.6944e+02	1.5762e+03	-1.0868e+03	-4.6406e+02	8.5458e+02	-1.4830e+03	6.5373e+02	7.4607e+02	-1.1371e+03	-1.5189e+03	1.5437e+03	-5.5005e+01	-1.3039e+03	6.8120e+02	1.5199e+03	-3.6262e+02	-5.3325e+02	-4.6038e+02	-1.2795e+03	4.6383e+02	-2.2471e+02	-1.0201e+03	-1.7595e+02	1.9348e+02	4.5249e+00	3.5445e+01	5.6878e+02	-9.5304e+02	-1.2313e+03	-2.6482e+02	-2.1218e+02	1.1618e+03	-1.6997e+03	5.0711e+02	1.0794e+02	1.8546e+03	7.2817e+02	-1.5593e+02	5.8676e+02	4.2587e+02	-1.3699e+03	-7.8604e+02	1.9297e+02	5.5689e+02	-3.1754e+02	-9.5446e+02	-9.6813e+02	8.8157e+02	-6.0844e+02	3.4928e+02	-2.2770e+03	1.1106e+02	-6.7641e+02	-3.2151e+02	9.7173e+02
6.0000e+04	8.7910e+00	-3.4710e+02	-6.7963e+02	5.4345e+02	-4.1048e+02	4.1098e+02	1.3031e+02	1.3636e+03	1.0442e+03	-7.7651e+02	-7.7121e+02	6.8386e+02	1.7062e+03	-2.6830e+02	-2.0085e+02	-7.4113e+02	-4.4441e+02	7.0398e+02	3.7136e+02	-1.0125e+03	-5.4742e+02	-5.3755e+02	5.9921e+02	7.2495e+02	-1.0987e+03	-6.3352e+02	4.4601e+02	-3.0124e+02	3.3717e+02	-5.5464e+02	5.1559e+02	-8.0426e+02	2.3151e+02	9.5773e+00	1.7720e+02	1.9929e+02	-5.3384e+02	-4.7517e+02	-7.6694e+02	7.7790e+02	4.2324e+02	-4.1981e+02	-7.1139e+02	-8.1663e+02	3.6033e+02	-2.8413e+01	-1.0220e+03	-8.1854e+01	-4.9702e+02	1.2118e+03	-2.4747e+02	5.8474e+02	-1.5098e+03	-6.5902e+01	-9.0528e+01	-6.4884e+02	-7.8353e+02	4.6098e+02	5.4324e+02	-6.4627e+01	-4.3278e+02	-1.1219e+03	5.6251e+02	-9.0399e+01	-8.8709e+02	-2.0078e+02	-9.7649e+01	-2.9471e+02	5.8094e+02	-8.4195e+02	1.8182e+02	1.0597e+03	1.3069e+03	4.3372e+02	3.7379e+02	-1.7164e+03	9.8883e+02	-1.4483e+03	9.7085e+02	4.3125e+02	1.4514e+03	-8.6993e+02	8.2937e+02	9.5715e+01	-5.1763e+02	-1.1927e+03	-5.9655e+02	8.0664e+02	6.1885e+02	-4.6953e+02	-8.5500e+02	1.3608e+03	5.0195e+02	-4.3150e+02	-2.8590e+02	7.1161e+01	3.4888e+02	-5.3791e+02	8.3980e+02	-1.7672e+01	1.7729e+02	4.5979e+02	-1.1161e+03	-1.9988e+02	-8.6790e+02	-1.4330e+03	6.8742e+01	1.5384e+01	-4.2838e+02	-9.3202e+02	-7.4796e+02	3.7250e+02	-6.8936e+02	4.4466e+02	-3.1742e+02	-2.6280e+02	1.4777e+03	-5.6157e+02	-2.0418e+02	-5.4569e+02	7.4149e+02	-2.9645e+00	-2.1226e+02	-6.8958e+02	6.1747e+02	1.8782e+01	2.8542e+01	4.9613e+02	3.4282e+02	9.6150e+02	-1.4267e+03	1.0963e+03	-9.6084e+02	1.6890e+02	-8.4279e+01	1.2581e+03	1.2147e+02	-1.0457e+03	7.4825e+02	-9.0873e+02	-4.5625e+02	5.7272e+01	2.5212e+02	4.3425e+02	4.2408e+02	8.0257e+01	-4.1946e+02	-2.4308e+02	-4.7428e+02	6.6654e+02	-3.2993e+02	-1.4759e+02	4.3375e+01	-4.0932e+02	4.6499e+02	-3.6925e+02	-8.2654e+02	8.2310e+01	-3.2620e+02	1.5667e+02	-2.6750e+02	6.1639e+02	-1.2124e+03	4.6081e+02	-4.1112e+02	-6.2032e+02	1.4132e+03	1.5067e+03	2.7344e+01	-4.2279e+02	3.7025e+02	-1.2307e+03	1.1019e+02	-1.0909e+02	1.0112e+03	9.3794e+02	-4.4043e+02	-5.3043e+02	-3.4097e+02	-4.7002e+02	7.9039e+02	-1.8328e+02	-5.7383e+02	1.3696e+03	5.2085e+02	8.1635e+02	-5.7241e+02	-7.8880e+02	7.5689e+02	-2.8754e+02	8.2829e+02	-5.4322e+02	9.4878e+02	1.3400e+03	6.5132e+02	-3.5448e+02	7.4300e+02	-1.0748e+02	-5.8335e+02	8.5888e+02
6.0000e+04	-1.1274e+03	-9.0777e+02	6.1801e+02	1.6941e+03	-2.4633e+02	4.7535e+02	1.0087e+03	8.8417e+02	8.5577e+02	1.4811e+03	9.3993e+02	1.7254e+03	-2.3626e+03	6.1909e+02	8.3350e+02	-1.8108e+03	-1.5443e+03	-2.3242e+02	1.7759e+02	4.6915e+02	-4.0419e+02	3.4326e+02	-8.1665e+02	2.7618e+02	2.3414e+03	7.1102e+02	-9.3124e+02	6.1912e+02	3.1195e+02	-4.3132e+02	-7.8685e+02	5.8662e+02	1.0948e+01	-1.3949e+03	-5.3920e+02	8.3373e+02	-1.6440e+03	-2.4341e+03	4.7252e+02	-1.6632e+03	2.0069e+01	1.2594e+02	4.5610e+02	-9.5678e+01	-3.6329e+02	-7.4713e+02	-7.6357e+02	1.5095e+02	-9.3618e+02	-1.0671e+03	-6.7909e+02	7.0866e+02	-3.7644e+02	-6.9135e+02	-6.0292e+02	2.8001e+03	-1.4461e+03	8.3906e+02	1.1763e+03	-1.2186e+03	-1.4189e+03	-9.5940e+02	-1.6909e+03	2.7176e+02	1.0553e+03	1.4272e+03	-1.5120e+03	-1.4355e+03	-7.4018e+02	-2.0649e+02	6.5217e+02	7.7544e+02	-1.9972e+03	2.7175e+02	1.2073e+03	4.0116e+02	-9.3079e+02	9.4722e+02	-5.0382e+02	-9.1597e+02	-1.3020e+02	1.9460e+03	-7.0567e+02	-9.0811e+02	-3.3048e+02	-5.6748e+02	4.5067e+02	5.8872e+02	-3.8894e+02	-7.4145e+01	2.6536e+02	5.9876e+02	-2.3912e+02	2.4083e+03	-3.5012e+02	3.7642e+02	9.4865e+02	-1.3845e+03	5.2239e+02	-4.2648e+01	-1.5882e+03	9.6510e+02	-2.1536e+03	1.2630e+03	1.2726e+03	-1.5944e+02	-1.3373e+02	1.1320e+03	2.0465e+01	1.7892e+02	-8.5501e+02	-2.1252e+02	-6.2993e+02	-2.3292e+03	7.1718e+02	4.1145e+02	-1.1513e+03	1.2908e+02	5.0228e+02	-1.6531e+03	-6.6571e+02	-5.3830e+02	1.6597e+02	1.4310e+02	-9.0448e+01	4.2100e+02	-4.0895e+02	8.2447e+02	1.2559e+03	1.3358e+03	-5.3359e+01	2.8637e+02	-7.5544e+02	7.4488e+02	9.8579e+02	9.1020e+00	5.8167e+02	9.3865e+02	8.0060e+02	-1.2076e+03	-1.5385e+03	-8.5040e+02	-1.9556e+02	-1.7668e+03	-5.3713e+02	9.9077e+02	1.4560e+03	-2.3927e+03	-1.0326e+03	5.8241e+02	-9.2849e+02	1.1341e+03	8.7696e+02	-1.7107e+03	-1.4253e+03	1.2863e+03	-8.6163e+02	-1.1493e+03	1.1223e+03	2.6199e+03	-1.2350e+03	-7.9425e+02	-3.8432e+02	-2.3828e+03	-3.7115e+02	-9.9229e+02	-1.2190e+03	-1.0013e+02	-2.6180e+01	5.8738e+02	5.3190e+02	1.5403e+03	3.3556e+01	-1.0013e+03	-1.7217e+03	4.0975e+02	1.1751e+03	-2.0822e+03	8.8243e+02	5.8553e+02	1.9128e+03	9.0295e+02	5.4043e+00	-7.9748e+02	9.9418e+02	-1.6110e+03	-1.7653e+02	3.0853e+02	1.3722e+03	-2.7534e+02	-9.9782e+02	-1.1577e+03	1.9450e+03	-1.1992e+03	7.9740e+02	-2.0350e+03	7.1007e+02	-9.3766e+02	-4.1549e+02	1.2887e+03
8.0000e+04	-6.5516e+01	2.4767e+01	-1.0142e+03	4.1513e+02	-5.1583e+02	8.5290e+02	1.7622e+02	1.2284e+03	1.0722e+03	-7.5756e+02	-7.6330e+02	9.0598e+01	1.9237e+03	2.6376e+02	-8.3120e+01	-8.4586e+02	-2.6615e+02	1.1106e+02	2.2191e+02	-8.9771e+02	1.8680e+02	-4.3753e+02	7.7326e+02	1.3527e+03	-7.3607e+02	-1.1704e+03	1.8390e+02	-7.4550e+02	6.8610e+02	-1.2282e+03	1.4987e+02	-1.3891e+03	1.5089e+02	-3.3560e+02	-1.7252e+02	4.8483e+02	-5.0907e+02	-4.3828e+02	-5.2216e+02	3.5812e+02	2.3851e+02	-1.2310e+03	-5.3645e+02	-5.6946e+02	1.0425e+02	-4.0311e+02	-8.5059e+02	2.0430e+01	-4.1286e+02	6.7172e+02	-2.8937e+02	4.7410e+02	-1.8839e+03	-1.9805e+02	8.0190e+02	-9.2959e+02	-3.5120e+02	5.4997e+02	9.3520e+02	-9.7222e+02	-3.4646e+02	-1.3935e+03	8.3301e+02	-1.9980e+02	-5.7465e+02	2.8840e+00	-5.1698e+02	-1.6814e+02	4.3646e+02	-1.0218e+03	1.7098e+02	1.0277e+03	8.7085e+02	-6.7079e+01	1.0806e+03	-1.6546e+03	7.9218e+02	-9.0134e+02	6.9782e+02	2.9766e+02	1.3878e+03	-1.2768e+03	9.1308e+02	7.7200e+02	-6.5665e+02	-4.4754e+02	-2.5991e+02	5.6210e+02	2.2972e+02	-7.1064e+02	-4.8554e+02	1.9273e+03	-2.0506e+02	-2.7987e+02	-8.0703e+02	3.2218e+02	1.5724e+01	-6.4592e+02	1.1151e+03	2.6002e+02	9.1798e+02	6.6394e+02	-1.9632e+03	-5.7650e+01	-9.5086e+02	-1.1585e+03	4.3415e+02	-9.7006e+01	-2.6135e+02	-1.5847e+03	-6.0374e+02	7.6618e+02	-5.4831e+02	5.6656e+01	-1.9881e+01	-1.9626e+02	1.6761e+03	-4.0406e+02	1.4523e+02	-5.1650e+02	6.3402e+02	-5.4780e+02	-4.4479e+02	-9.2370e+02	6.3609e+02	4.9500e+02	3.9861e+01	3.5363e+02	9.7833e+01	7.4191e+02	-1.9418e+03	1.2607e+03	-8.3821e+02	2.2075e+02	5.1610e+02	1.7121e+03	-6.7330e+01	-1.2117e+03	6.5758e+02	-1.0350e+03	-7.5190e+02	-3.2395e+01	-2.9702e+02	3.7720e+02	5.8708e+02	4.8132e+02	-3.9571e+02	-2.8125e-01	-4.7232e+02	1.9452e+03	1.3095e+02	-2.4028e+02	-1.6632e+02	-2.4531e+02	1.0865e+02	-4.8399e+02	-4.4375e+02	1.3383e+02	-3.5243e+02	4.9898e+01	-2.2390e+02	1.3160e+03	-1.9071e+03	5.6980e+01	-3.5027e+02	-3.5854e+02	1.4792e+03	1.9943e+03	1.3114e+02	-7.0846e+02	5.3401e+02	-9.4920e+02	2.5896e+02	-5.2047e+02	1.4181e+03	4.5634e+02	-8.4689e+01	-1.8262e+02	4.8206e+02	-4.6172e+02	8.8042e+02	-3.8326e+02	-3.7817e+02	1.6974e+03	2.4590e+02	1.2450e+03	-6.5265e+02	-1.5263e+03	1.3114e+03	1.6809e+02	4.7270e+02	-1.0565e+03	7.5558e+02	1.3804e+03	1.6808e+02	-5.3431e+02	3.9251e+02	-3.6550e+02	-2.2736e+02	1.4514e+03
8.0000e+04	-1.4230e+03	-4.0824e+02	1.1421e+03	2.2455e+03	-3.1228e+02	2.7213e+02	1.4265e+03	3.3273e+02	7.8546e+02	1.7406e+03	1.6468e+03	2.4431e+03	-1.7973e+03	7.7549e+02	1.4789e+03	-1.5660e+03	-1.9930e+03	-3.4183e+02	-8.5646e+02	9.3960e+02	-1.1617e+03	-1.0695e+02	9.3227e+01	1.0230e+03	2.4463e+03	8.3418e+02	-8.2513e+01	9.3887e+02	9.4239e+01	-2.9223e+02	-3.4171e+02	4.7252e+02	-1.8475e+02	-8.6815e+02	-4.1855e+02	1.2911e+03	-7.1193e+02	-1.8224e+03	2.2400e+02	-2.6746e+03	8.6412e+02	4.4538e+02	2.2973e+02	6.8784e+02	7.0786e+01	-1.1680e+03	-3.5258e+02	6.5715e+02	-1.2221e+03	-1.3451e+03	-1.1028e+03	3.4000e+01	-9.5636e+02	-1.3639e+03	-1.6628e+02	3.0722e+03	-1.7996e+03	2.2060e+02	1.5771e+03	-6.5860e+02	-9.6733e+02	-2.0370e+03	-1.1057e+03	-5.2668e+02	1.0634e+03	1.4725e+03	-1.5850e+03	-3.0303e+03	-9.0736e+02	3.6211e+02	4.8806e+02	9.7403e+02	-1.8727e+03	-3.1352e+01	1.0432e+03	7.9138e+02	-1.3827e+03	1.0862e+03	-9.5059e+02	-6.1505e+02	7.4023e+01	2.0636e+03	-1.7409e+03	-8.4639e+02	6.2027e+02	-1.5342e+03	3.8141e+02	1.0871e+03	-4.1536e+02	6.5695e+02	3.0739e+02	1.0084e+03	-1.3536e+02	1.0637e+03	-8.1238e+02	2.0171e+02	1.4028e+03	-2.2078e+03	7.4606e+02	1.0368e+02	-1.7389e+03	1.1813e+03	-1.5527e+03	9.9540e+02	8.5893e+02	-1.4920e+02	6.5851e+02	1.4217e+03	-4.2382e+02	2.5027e+02	-1.0766e+03	-1.3400e+01	-5.4720e+02	-3.4103e+03	3.1969e+02	-1.1465e+02	-1.6698e+03	-1.8995e+02	8.7093e+02	-2.5687e+03	-1.8969e+03	-5.7567e+02	2.3467e+02	5.0194e+02	-7.4091e+02	1.8788e+02	-6.2671e+02	1.1065e+03	7.9159e+02	4.8417e+02	3.6503e+02	-2.8466e+02	-1.5073e+03	2.1498e+02	7.8266e+02	8.9372e+02	-1.7495e+02	5.6298e+02	1.4700e+03	-7.0726e+02	-1.1633e+03	-1.2773e+03	-3.2349e+02	-2.1788e+03	-1.4460e+03	4.4802e+02	8.6494e+02	-2.0482e+03	-1.5576e+01	6.0269e+02	-1.3755e+03	1.2330e+03	3.1120e+02	-9.4515e+02	-1.6956e+03	2.8989e+03	-1.3455e+03	-1.0603e+03	1.1372e+03	2.8662e+03	-1.0823e+03	-3.5324e+02	-7.6716e+02	-1.8042e+03	3.3250e+02	-9.5460e+02	-1.7441e+03	5.4960e+02	-4.7967e+02	5.9790e+02	-9.5412e+01	1.6572e+03	1.4991e+01	-8.6859e+02	-1.2142e+03	5.0734e+02	5.0886e+02	-1.9533e+03	1.3794e+03	1.0111e+03	2.9427e+03	9.5566e+02	-6.9124e+02	-7.4246e+01	1.5242e+03	-1.2865e+03	-5.3719e+02	5.3717e+02	1.9854e+03	-6.1021e+02	-6.1241e+02	-9.7500e+02	1.7388e+03	-9.6582e+02	1.0252e+03	-2.1002e+03	8.3783e+02	-1.2117e+03	-1.1562e+03	9.0077e+02
1.0000e+05	-3.2035e+02	-9.3868e+01	-1.6596e+03	1.6780e+02	-9.3169e+02	8.9504e+02	2.2575e+02	1.8936e+03	1.0049e+03	-8.7895e+02	-1.9697e+02	8.3366e+01	1.2799e+03	-1.3731e+02	-2.0475e+02	-1.4500e+03	-6.9800e+02	-1.4542e+02	7.1281e+02	-8.2507e+02	5.5870e+02	-4.2004e+02	5.2010e+02	1.0882e+03	-1.3401e+03	-1.6891e+03	-2.7550e+02	-9.9319e+02	1.7659e+03	-1.2709e+03	1.4765e+01	-6.9052e+02	-3.5914e+02	-5.0229e+02	-3.5309e+02	4.7694e+02	-1.3078e+03	-4.6838e+02	-4.6185e+02	1.4807e+02	3.4422e+02	-5.1874e+02	-5.6936e+02	-1.3748e+02	-4.0744e+02	-2.5156e+02	-1.1450e+03	4.1441e+02	1.6303e+02	1.2849e+03	3.1594e+02	3.5956e+02	-1.5912e+03	-2.5333e+02	1.2100e+03	-6.6466e+02	-9.8880e+02	6.3841e+02	3.9258e+02	-1.1215e+03	1.4388e+02	-1.1809e+03	6.8095e+02	-3.8516e+02	-1.0079e+03	3.3031e+02	-4.3957e+02	-5.0210e+02	-9.2156e+01	-1.2959e+03	-2.1620e+02	8.5804e+02	3.1455e+02	-1.3482e+02	1.1142e+03	-1.3301e+03	6.7897e+02	-8.2899e+02	2.9054e+02	7.1031e+00	2.0213e+03	-1.4315e+03	9.8287e+02	1.2736e+03	-1.2798e+03	-6.8545e+02	-1.4029e+02	6.5514e+02	2.9771e+02	-9.1689e+02	-7.5998e+02	1.5585e+03	-6.3108e+02	7.7884e+01	-9.2911e+02	2.5027e+02	1.5010e+02	-2.1257e+01	8.1911e+02	-3.7707e+02	1.8649e+02	1.9021e+02	-1.9517e+03	8.1604e+01	-9.0150e+02	-1.7677e+03	8.3328e+01	3.3555e+02	-6.0184e+02	-1.9586e+03	-5.0790e+02	8.9225e+02	-4.0996e+02	4.1730e+02	4.4995e+02	-1.1445e+02	2.2551e+03	-5.8677e+02	-1.6392e+02	-6.0493e+02	1.4804e+03	-5.6153e+02	-7.1593e+02	-6.3513e+02	4.7556e+02	7.1433e+02	2.0848e+02	1.3496e+02	-3.1657e+02	4.1865e+02	-1.9005e+03	1.1982e+03	-6.2149e+02	3.2678e+02	5.5296e+02	1.7413e+03	1.2253e+02	-1.3088e+03	7.1466e+02	-9.7932e+02	-7.2893e+02	-4.8738e+02	-3.2225e+02	4.5433e+02	5.9763e+02	2.0798e+02	-4.6638e+02	-2.8852e+01	-3.3867e+02	1.4980e+03	-3.1552e+02	-2.2126e+02	-7.4729e+02	-1.1066e+03	2.1816e+02	-7.7500e+02	-2.6348e+02	9.3320e+01	-4.6199e+02	3.8389e+02	-6.0374e+02	1.7970e+03	-2.7391e+03	8.9191e+02	-2.5181e+02	2.5441e+02	1.8704e+03	1.3209e+03	-6.1303e+02	-9.0388e+02	8.6818e+02	-1.3940e+03	8.4591e+01	-6.2529e+02	9.2843e+02	2.8169e+02	-2.7570e+02	-1.3670e+03	1.1019e+03	-9.8062e+02	1.4455e+03	1.7663e+01	-5.0270e+02	1.6353e+03	2.8128e+02	1.2430e+03	-4.6737e+02	-1.4844e+03	1.3356e+03	-6.1648e+02	1.0593e+03	-1.7653e+03	6.1465e+01	1.2992e+03	-1.3028e+02	-4.2359e+02	3.3072e+02	-4.5954e+02	-2.4250e+01	1.4386e+03
1.0000e+05	-1.0912e+03	-9.2361e+02	1.0018e+03	1.5682e+03	-9.2520e+01	6.5704e+02	1.5075e+03	3.6233e+02	3.5248e+02	1.3178e+03	1.9975e+03	2.0078e+03	-1.6764e+03	1.4107e+02	1.2388e+03	-1.1875e+03	-1.9946e+03	-1.2464e+03	-4.5453e+02	7.5410e+02	-5.7702e+02	4.9599e+02	3.1111e+02	8.6371e+02	2.7103e+03	6.2432e+02	-6.5068e+02	7.8697e+02	5.3008e+02	-1.8041e+02	-1.4663e+03	-3.0644e+02	-7.7094e+02	-3.8126e+02	-2.2007e+02	1.9332e+03	-7.9652e+02	-1.3236e+03	3.1700e+02	-2.4995e+03	1.3139e+03	3.7844e+02	1.1966e+03	5.6881e+02	-6.0615e+02	-2.3462e+03	3.8399e+00	-4.3894e+02	-1.3926e+03	-2.3603e+03	-1.5169e+03	6.5670e+02	-9.9467e+02	-2.0219e+03	4.4110e+02	3.4618e+03	-1.9041e+03	-1.2185e+02	2.5868e+03	-1.5940e+03	-1.1094e+03	-2.3521e+03	-7.6299e+02	-8.5425e+01	4.0107e+02	1.5508e+03	-2.2647e+03	-2.6052e+03	-3.4784e+02	7.2012e+02	1.0410e+02	-3.0856e+02	-1.5075e+03	-5.5079e+02	1.6460e+01	-6.6686e+01	-1.9841e+03	1.4369e+03	-1.2341e+03	-6.4651e+02	1.7735e+02	2.3656e+03	-2.2893e+03	-1.3431e+03	-3.3302e+01	-1.4831e+03	7.7591e+01	4.2047e+02	-2.7062e+02	1.4678e+03	1.0616e+03	8.3907e+02	-3.5233e+02	1.0511e+03	-8.8483e+02	5.1306e+02	8.9509e+02	-2.6383e+03	8.1997e+02	-8.0054e+02	-1.4476e+03	1.0697e+03	-1.5950e+03	1.3575e+02	1.2806e+03	-1.1232e+02	5.1546e+02	8.6178e+02	-1.1127e+03	3.2822e+01	-1.0116e+03	7.2230e+02	-7.2622e+02	-3.4878e+03	7.6826e+02	5.1435e+02	-2.4111e+03	-2.8968e+01	6.5834e+02	-2.5022e+03	-2.5726e+03	-7.0929e+02	2.3949e+02	2.6065e+02	-1.2020e+03	6.3080e+02	-9.7441e+02	1.0584e+03	1.0302e+03	5.4425e+02	1.4760e+03	-1.2596e+03	-3.5408e+02	2.3430e+01	1.0259e+03	8.2540e+02	-1.2572e+02	7.5439e+02	1.8428e+03	1.3344e+02	-9.7586e+02	-1.6377e+03	-9.6134e+02	-2.2690e+03	-9.6178e+02	-6.8153e+01	8.8191e+02	-2.3408e+03	-8.5759e+01	7.2158e+02	-8.3569e+02	6.9912e+02	1.5697e+02	-4.1293e+02	-1.9148e+03	3.6058e+03	-6.9463e+02	-5.2640e+02	5.0315e+01	2.9008e+03	-6.5602e+02	-5.4313e+02	-1.1273e+02	-2.2387e+03	7.9532e+02	-1.2555e+03	-2.3838e+03	1.4850e+03	-6.7805e+02	2.9343e+02	4.9685e+01	1.6955e+03	-4.1158e+01	-1.5030e+03	-1.5568e+03	9.7067e+02	9.4855e+02	-2.8054e+03	1.4655e+03	1.8278e+03	3.9597e+03	1.5163e+03	-1.0110e+03	-1.0567e+03	1.6439e+03	-1.2735e+03	-8.9065e+02	-5.7394e+02	1.2637e+03	-1.0399e+03	-7.4424e+02	-1.1456e+03	1.5487e+03	-8.1167e+02	1.3526e+03	-2.4158e+03	8.6863e+02	-1.6926e+03	-6.9366e+02	9.1797e+02
1.2000e+05	-2.5974e+02	2.2708e+02	-1.0613e+03	5.5622e+02	-8.6022e+02	4.7782e+02	4.4593e+02	2.2949e+03	1.6227e+03	-1.0718e+03	-8.9198e+02	-3.9479e+02	2.0816e+03	-2.1862e+02	-4.7566e+02	-1.1244e+03	-9.4512e+02	-1.0180e+02	5.5804e+02	-4.5978e+02	9.8654e+02	-3.5945e+02	4.6619e+02	1.4822e+03	-7.3568e+02	-1.8993e+03	-3.9282e+02	-8.4898e+02	1.2585e+03	-1.0795e+03	-6.8230e+02	-5.8112e+02	-3.7938e+02	-5.3727e+02	-7.3217e+02	4.5749e+02	-8.0669e+02	-6.2318e+02	-3.1425e+02	-4.0648e+02	-1.5047e+02	-1.5168e+02	-7.7258e+02	-2.6719e+02	-1.0613e+03	-9.9432e+02	-9.4796e+02	8.0397e+02	7.7730e+02	-2.0451e+02	1.3290e+02	2.4185e+02	-1.0308e+03	-3.2993e+02	6.5379e+02	-1.0897e+02	-6.3985e+02	1.7313e+02	4.2920e+02	-9.4435e+02	-4.5362e+02	-1.3453e+03	7.8801e+02	-6.8530e+02	-1.2525e+03	4.0315e+02	-6.1369e+02	-3.6991e+02	-4.2424e+02	-1.1729e+03	1.6421e+01	7.5354e+02	2.6333e+02	-1.0146e+02	1.3592e+03	-1.2077e+03	1.4702e+03	-2.0484e+02	1.9687e+02	-5.2231e+02	1.9191e+03	-1.3744e+03	1.4167e+03	1.7307e+03	-9.5233e+02	-3.9157e+02	-1.9056e+02	7.9268e+02	1.7673e+02	-1.3822e+03	-4.8272e+02	1.5474e+03	-1.5912e+02	2.8568e+02	-4.5156e+02	3.4674e+02	2.0462e+02	2.4163e+02	8.6980e+02	-2.4352e+02	-2.4969e+02	1.1657e+03	-2.2638e+03	-3.2791e+02	-2.8070e+02	-1.9806e+03	1.2348e+03	1.0449e+01	-4.4363e+01	-2.7295e+03	-2.4548e+02	1.0869e+03	-4.6867e+02	2.7182e+02	1.2083e+03	6.5658e+02	2.5052e+03	-4.2839e+02	-3.3901e+02	-5.5662e+02	1.5401e+03	2.5295e+01	-9.9665e+02	-1.0678e+03	7.5945e+02	1.0531e+03	-1.0851e+02	4.6266e+02	-1.5297e+02	2.6107e+02	-1.8712e+03	1.0771e+03	-8.9679e+02	8.0239e+02	6.8156e+02	1.8541e+03	7.0803e+02	-1.7140e+03	6.1019e+02	-1.2314e+03	-8.5679e+02	-3.9861e+02	1.6974e+02	5.1099e+02	1.5352e+02	-1.7055e+02	-7.0822e+02	-4.0545e+02	-5.0505e+02	1.4690e+03	-6.8128e+02	2.2503e+02	-3.6183e+02	-1.1147e+03	5.3590e+02	-9.5091e+02	-1.3867e+02	-6.3336e+01	-5.1194e+02	5.0858e+02	-7.2569e+02	1.4040e+03	-2.4526e+03	6.7257e+02	-1.2533e+02	3.0141e+01	1.5467e+03	2.4685e+03	-1.6427e+02	-9.8316e+02	5.7943e+02	-7.6947e+02	2.2478e+02	-5.0046e+02	7.0522e+02	3.4085e+02	-1.9864e+02	-1.0742e+03	1.0318e+03	-3.9367e+02	1.4045e+03	-2.9054e+02	-5.8266e+02	1.3898e+03	5.2329e+02	1.4966e+03	-7.0456e+02	-1.8634e+03	1.2484e+03	-7.2301e+02	1.3304e+03	-1.8613e+03	4.1754e+02	1.1731e+03	-2.3033e+02	-8.5710e+02	6.8618e+00	-2.9600e+02	5.8977e+02	2.1840e+03
1.2000e+05	-1.7257e+03	-1.3568e+03	1.3006e+03	1.5503e+03	-2.9864e+02	4.1107e+02	1.5012e+03	7.4333e+02	1.6333e+02	1.7534e+03	2.9186e+03	2.8098e+03	-1.2245e+03	4.8173e+02	6.5523e+02	-2.7209e+03	-1.6659e+03	-1.3619e+03	-2.5362e+02	1.2576e+03	-4.7432e+02	-7.8781e+02	1.0137e+02	6.6369e+02	2.7605e+03	5.7184e+00	-4.7749e+02	9.9671e+02	-4.5460e+02	-9.4050e+01	-1.6762e+03	-1.1656e+03	-5.1792e+02	-1.1703e+03	-1.0330e+03	2.6661e+03	-7.1885e+02	-1.2986e+03	4.0165e+02	-2.7036e+03	1.5338e+03	-3.8051e+02	1.9662e+03	9.5088e+02	-1.6128e+03	-2.7635e+03	2.9404e+02	-8.7360e+02	-1.5551e+03	-1.8489e+03	-1.6636e+03	-2.5655e+02	-8.2706e+02	-1.9008e+03	1.3471e+02	3.3503e+03	-2.5648e+03	3.2483e+02	2.7784e+03	-2.3048e+03	-2.5627e+03	-1.7329e+03	-1.0952e+03	-3.3260e+02	5.0589e+02	1.7025e+03	-2.1264e+03	-2.5313e+03	3.5667e+02	6.3390e+02	-3.8270e+02	-1.2018e+02	-1.4666e+03	-3.0463e+02	2.4449e+02	-5.6804e+02	-2.1228e+03	1.0714e+03	-2.2957e+03	-1.3371e+03	2.1252e+02	1.8757e+03	-2.3906e+03	-2.0161e+03	8.9786e+01	-2.4728e+03	-1.4224e+01	-4.0644e+02	-3.2078e+02	7.1593e+02	8.3674e+02	-3.8892e+02	3.5415e+02	6.6814e+02	-3.4253e+02	1.0915e+03	5.7109e+02	-2.4662e+03	2.4847e+02	-2.6686e+02	-1.7899e+03	6.7909e+02	-1.5548e+03	8.1961e+02	2.2799e+02	4.0653e+02	9.8324e+02	1.6695e+03	-1.1888e+03	-9.6517e+02	-1.5610e+03	2.1371e+02	-7.4060e+02	-3.9326e+03	7.4701e+02	5.8450e+02	-2.0974e+03	9.5605e+01	-9.9673e+01	-2.1548e+03	-2.4368e+03	-7.4624e+02	3.2716e+02	-3.4077e+01	-1.2599e+03	1.0219e+03	-2.3506e+02	1.5188e+03	1.0594e+03	6.6527e+02	2.3656e+03	-5.2483e+02	-6.7203e+02	-9.4557e+02	1.3508e+03	-7.6502e+02	-4.5205e+01	3.2678e+02	2.0651e+03	4.3771e+02	-8.9571e+01	-1.8376e+03	-9.3316e+02	-3.2340e+03	-1.2784e+03	1.2974e+02	7.8553e+02	-1.3717e+03	4.9977e+02	2.6393e+02	-9.0570e+02	4.3279e+01	-8.5487e+02	-5.3360e+02	-2.0494e+03	3.9507e+03	-7.3460e+02	-1.5610e+01	2.2314e+02	2.5397e+03	-1.8400e+03	-4.5071e+02	-6.6650e+02	-2.8778e+03	1.6181e+02	-9.8399e+02	-1.4073e+03	1.9210e+03	-8.6897e+02	9.8905e+02	-9.3908e+02	1.5832e+03	-1.4582e+02	-1.7546e+03	-1.5648e+03	1.0646e+03	1.0552e+03	-3.4068e+03	1.0637e+03	1.7075e+03	3.5362e+03	9.3047e+02	-1.9059e+03	-1.4265e+03	1.4147e+03	-1.9539e+03	-1.6856e+03	-1.1574e+03	2.6878e+03	-1.5798e+02	-9.1018e+02	-3.1919e+02	2.4760e+03	-1.0971e+03	2.1677e+03	-1.6740e+03	8.6605e+02	-1.8614e+03	-9.3245e+02	8.5418e+02
1.4000e+05	3.0101e+02	4.6246e+02	-1.6739e+03	6.8255e+02	-9.6358e+02	6.3280e+02	2.0815e+02	1.8945e+03	1.2284e+03	-6.5460e+02	-6.0702e+02	-6.4547e+02	2.8632e+03	-4.1651e+02	-4.5760e+02	-1.5112e+03	-1.6049e+03	3.9688e+02	6.8501e+02	-5.5707e+02	8.7636e+02	-4.8419e+02	5.8609e+02	1.1725e+03	-8.9626e+02	-1.4082e+03	1.4406e+02	-1.3712e+03	1.3177e+03	-1.1628e+03	-9.4058e+02	-4.9580e+02	-6.0996e+02	-5.2587e+02	-5.5547e+02	4.0638e+02	-3.6125e+02	-4.6113e+02	-1.0059e+02	-6.5242e+02	-4.7546e+02	-3.5529e+02	-1.1334e+03	-4.1879e+00	-8.5754e+02	-1.0571e+03	-1.1600e+03	1.0402e+03	4.6209e+02	-2.5949e+02	-1.5813e+02	7.3202e+02	-1.1110e+03	-5.1809e+02	4.6577e+02	5.9939e+01	-7.7414e+02	-2.0710e+01	5.8480e+01	-1.7340e+02	-3.1261e+00	-1.0510e+03	5.7725e+02	-9.7649e+02	-6.7187e+02	3.4890e+02	-3.3782e+02	7.5648e+01	3.8194e+01	-1.6982e+03	-6.4307e+02	6.0247e+02	6.3657e+02	-2.4909e+02	1.6793e+03	-1.2238e+03	1.3975e+03	-9.0849e+02	-5.8937e+02	1.2544e+02	2.3096e+03	-1.6162e+03	8.2197e+02	1.7064e+03	-7.5385e+02	1.5731e+02	-1.5981e+02	5.6050e+02	2.0924e+02	-9.1276e+02	-2.8270e+02	1.6239e+03	-4.8265e+02	-1.5534e+02	-3.1644e+02	6.2956e+02	6.5877e+01	1.9688e+02	7.2930e+02	-6.0286e+02	-2.3605e+02	1.5392e+03	-2.7674e+03	-6.7358e+02	-1.5297e+02	-2.5500e+03	1.0213e+03	-3.1181e+02	-1.6868e+02	-2.7294e+03	-9.9626e+01	9.1779e+02	-8.0098e+02	5.2840e+02	1.8690e+03	4.0712e+02	2.6206e+03	-7.6575e+02	-1.4568e+02	-6.0361e+02	1.6123e+03	3.1748e+02	-1.5009e+03	-9.0525e+02	5.6178e+02	1.0644e+03	6.7249e+01	3.6841e+01	-4.5923e+02	-2.1347e+02	-1.6298e+03	1.4023e+03	-8.5748e+02	8.5026e+02	-4.6663e+01	1.8860e+03	6.1962e+02	-3.0596e+03	3.7499e+02	-1.2465e+03	-1.3347e+03	3.9325e+00	-9.0655e+01	9.4352e+02	2.5495e+02	4.5019e+02	-8.6131e+02	-8.5140e+02	-1.5012e+01	2.0658e+03	-6.7128e+02	9.6417e+02	-1.2539e+02	-1.3654e+03	6.2195e+02	-4.1264e+02	-4.5231e+01	-5.7367e+01	-3.0911e+02	7.5796e+02	-1.0051e+03	5.5867e+02	-2.4397e+03	1.4897e+02	-4.8277e+02	-5.8660e+02	9.7711e+02	2.3684e+03	1.4318e+02	-1.4407e+03	5.7915e+02	-5.7754e+02	1.6021e+02	-1.0749e+03	5.8549e+02	4.6978e+02	1.1002e+02	-6.2680e+02	8.3748e+02	-2.0461e+02	1.2262e+03	-4.4756e+02	3.5153e+02	2.1059e+03	6.5717e+02	1.2492e+03	-5.8841e+02	-1.9046e+03	7.7864e+02	-6.0519e+02	1.1235e+03	-1.8287e+03	1.1640e+02	9.0220e+02	-1.0798e+03	-3.1946e+02	-1.5806e+02	3.3912e+02	2.0947e+02	1.8008e+03
1.4000e+05	-6.4820e+02	-2.0610e+02	1.4439e+03	1.5542e+03	3.8380e+02	1.0278e+02	1.0129e+03	4.9012e+02	6.3152e+02	1.4392e+03	3.4161e+03	3.1312e+03	-1.5650e+03	8.0226e+02	7.2539e+02	-2.7551e+03	-1.9534e+03	-6.8993e+02	1.1366e+02	1.1529e+03	-2.8957e+02	-1.0234e+03	1.3295e+03	7.1286e+02	1.8358e+03	1.2607e+01	6.2265e+02	9.0233e+02	-7.6034e+02	-4.4389e+02	-1.1054e+03	-6.8129e+02	-2.1682e+03	-1.0191e+03	-1.9474e+03	2.9878e+03	-9.6333e+02	-1.4626e+03	-3.3660e+02	-1.8837e+03	2.3095e+03	-3.9059e+02	1.0194e+03	9.5500e+02	-1.2655e+03	-3.3062e+03	5.7629e+02	-1.3149e+02	-1.5752e+03	-2.1265e+03	-8.5840e+02	-4.9308e+02	-1.6596e+03	-1.2844e+03	-3.7208e+02	2.7534e+03	-2.7599e+03	-6.9121e+01	3.1572e+03	-2.8988e+03	-2.5006e+03	-1.3658e+03	-1.4599e+03	7.2643e+02	4.9088e+02	1.1938e+03	-2.7623e+03	-1.8603e+03	7.5292e+02	1.0022e+02	-1.6860e+03	6.1346e+02	-1.6568e+03	-1.1453e+03	-3.9969e+02	2.5496e+02	-1.3712e+03	1.3362e+03	-1.5143e+03	-1.4356e+03	-1.9018e+02	2.4740e+03	-2.3007e+03	-2.2852e+03	1.7919e+02	-3.3871e+03	-6.9906e+02	-8.0827e+02	2.4872e+02	9.7771e+02	-1.2057e+02	4.8460e+02	4.3271e+02	-1.7120e+02	-4.9501e+01	8.1930e+02	1.1091e+03	-2.2874e+03	1.1243e+02	-2.4344e+02	-1.1765e+03	-1.9727e+02	-1.7392e+03	9.1227e+02	4.0362e+02	-1.5196e+02	1.3101e+03	1.7761e+03	-7.3357e+02	-2.7167e+02	-2.0595e+03	7.1677e+02	-1.8945e+03	-4.7630e+03	9.6607e+02	9.0974e+02	-2.2507e+03	5.3209e+02	-8.6431e+02	-2.0692e+03	-2.6528e+03	-7.0886e+02	6.0587e+02	-3.0172e+02	-1.7998e+03	1.1132e+03	-9.2183e+02	1.4116e+03	3.9233e+02	1.2733e+02	3.5740e+03	-8.2781e+02	-3.9980e+00	-1.1440e+03	5.5064e+02	-8.7361e+02	-6.0113e+02	1.7730e+02	1.5373e+03	8.0567e+02	3.5241e+02	-7.0372e+02	-9.4905e+02	-2.8566e+03	-1.8368e+03	-4.7863e+02	1.2083e+03	-1.4255e+03	8.6596e+02	2.2228e+02	-9.9894e+02	4.2032e+02	-2.6203e+02	-5.6553e+01	-2.6465e+03	3.5931e+03	-1.4568e+03	7.1774e+01	-4.8997e+02	3.3077e+03	-2.6824e+03	-1.1465e+03	-1.5266e+03	-3.4504e+03	-6.6085e+02	-1.2483e+03	-4.5315e+02	2.2284e+03	-1.7540e+03	1.9939e+03	-2.1913e+03	1.6325e+03	2.4164e+02	-1.9510e+03	-2.1417e+03	7.8727e+02	7.2450e+02	-3.6748e+03	-1.2102e+02	1.8304e+03	3.6269e+03	3.7717e+02	-3.4874e+03	-1.5949e+03	2.6516e+02	-2.0195e+03	-2.0255e+03	-1.6163e+03	3.3050e+03	4.2821e+02	-8.2732e+02	-9.8411e+01	2.9189e+03	-1.8958e+03	1.9717e+03	-1.2812e+03	1.1197e+03	-1.8788e+03	-9.7239e+02	1.4078e+03
1.6000e+05	2.4101e+02	6.9583e+02	-1.1383e+03	6.3128e+02	-2.8512e+02	8.7379e+02	6.3842e+02	1.3281e+03	1.1884e+03	-9.7207e+02	-8.6655e+02	-5.9060e+02	3.6041e+03	-2.6874e+02	-1.7468e+02	-2.1307e+03	-1.7114e+03	3.4879e+02	7.4262e+02	-1.1606e+03	8.7243e+02	-4.3526e+02	6.2642e+02	3.2717e+02	-6.0938e+02	-1.2916e+03	-5.8262e+02	-1.1934e+03	1.1837e+03	-1.4056e+03	-1.0706e+03	-1.9369e+02	-2.6716e+01	-4.5299e+01	-1.1431e+02	8.6831e+02	-2.6511e+02	7.0168e-01	-3.0552e+02	-1.4081e+03	-5.2585e+02	-7.3056e+02	-1.6994e+03	-3.0378e+02	-1.0383e+03	-8.4095e+02	-1.0850e+03	1.0315e+03	1.0976e+02	-6.2704e+01	3.4761e+02	7.9944e+02	-1.0563e+03	-2.5684e+02	1.3039e+02	1.5975e+02	-8.0608e+02	4.2483e+01	5.6256e+02	-8.3485e+02	8.1633e+02	-1.4056e+03	9.5141e+02	-8.3670e+02	-6.3896e+02	5.0198e+01	9.0265e+01	-6.3562e+02	8.1089e+01	-1.3650e+03	-7.1605e+02	5.2154e+02	6.2344e+02	-6.0619e+02	1.6085e+03	-1.1763e+03	1.1780e+03	-1.4248e+03	-6.7757e+02	3.4262e+02	2.7801e+03	-1.6396e+03	7.7412e+02	1.8609e+03	-7.8872e+02	4.2606e+02	-1.0199e+02	1.7971e+01	-2.1443e+02	-1.1742e+03	-6.8598e+01	2.0188e+03	-1.2102e+03	7.6984e+01	-3.3389e+02	4.8210e+02	4.2979e+02	-2.8470e+02	-4.2387e+01	-3.1669e+02	-3.1630e+02	1.2177e+03	-2.8694e+03	-7.4558e+02	2.1485e+02	-2.0902e+03	8.1112e+02	-6.8781e+02	-8.0178e+02	-2.6084e+03	-5.5961e+02	8.3580e+02	-1.1420e+03	1.0552e+03	2.3538e+03	1.1771e+03	2.0878e+03	-1.1664e+03	3.1268e+02	-5.3457e+02	1.8665e+03	6.1029e+02	-1.2412e+03	-6.7026e+02	2.5737e+02	6.8083e+02	2.5303e+02	-2.9998e+02	-3.0716e+02	-9.0592e+01	-2.0097e+03	6.9446e+02	-6.9192e+02	4.0622e+02	2.6154e+02	1.4363e+03	1.1308e+03	-2.7959e+03	3.6317e+02	-1.0869e+03	-1.2514e+03	-2.4606e+02	6.1058e+02	8.2641e+02	7.7081e+01	8.0391e+02	-6.6596e+02	-1.3938e+03	3.2785e+02	1.6422e+03	-8.0839e+02	9.4207e+02	4.2098e+02	-1.5635e+03	5.7978e+02	4.0492e+01	-1.9906e+02	-1.1836e+02	2.1994e+01	6.3140e+02	-1.2163e+03	5.9918e+02	-2.1023e+03	-3.7678e+02	-2.0584e+02	-7.3455e+02	6.5173e+02	2.7040e+03	-4.9744e+02	-1.5243e+03	4.8690e+02	-1.0211e+03	1.8315e+02	-1.0230e+03	-2.8869e+02	5.3887e+02	1.6406e+02	-4.2870e+02	3.1199e+02	-3.9237e+02	1.2831e+03	-1.2817e+03	-6.2781e+01	2.1022e+03	2.2065e+02	1.5484e+03	-6.4846e+02	-1.5153e+03	1.4167e+03	-2.2999e+02	1.4687e+03	-2.2614e+03	2.6904e+02	5.6677e+02	-9.7363e+02	-7.1365e+02	-4.8677e+02	-5.5094e+01	1.1573e+01	1.8650e+03
1.6000e+05	-6.8917e+02	5.1363e+02	1.1707e+03	1.2626e+03	4.8240e+02	-1.1327e+01	4.1334e+02	9.5567e+01	1.0853e+03	1.4031e+03	4.4335e+03	3.0606e+03	-8.8679e+02	5.4836e+02	1.7534e+03	-2.6896e+03	-1.2241e+03	-1.3572e+03	6.6638e+02	-1.0976e+00	-1.4198e+03	-7.3075e+02	2.9744e+03	1.9132e+03	1.8319e+03	-2.6143e+02	1.3925e+03	8.1377e+01	-1.3006e+03	-5.1646e+02	-3.8996e+01	-1.7998e+03	-2.1245e+03	-1.4472e+03	-1.3398e+03	3.4001e+03	-1.6815e+03	-1.9140e+03	4.7718e+02	-1.5692e+03	2.4645e+03	-1.2250e+03	1.0923e+03	1.2668e+03	-6.6607e+02	-3.3528e+03	2.6223e+02	-4.1114e+02	-1.1252e+03	-9.5414e+02	-7.1579e+02	-1.1970e+03	-2.3002e+03	-1.9500e+03	-4.9355e+02	3.2256e+03	-3.0167e+03	1.4175e+02	4.0466e+03	-3.8165e+03	-2.1879e+03	-1.1474e+03	-1.9828e+03	6.6341e+02	7.3246e+02	1.7219e+03	-2.7181e+03	-8.3770e+02	1.9431e+02	-7.6138e+01	-1.4754e+03	8.4945e+02	-9.1531e+02	-2.3483e+02	3.8331e+02	4.5147e+02	-7.3902e+02	7.3359e+02	-2.1579e+03	-1.6836e+03	-7.8761e+02	1.8820e+03	-2.3863e+03	-2.6290e+03	3.0770e+01	-2.6686e+03	-1.4703e+03	-1.3412e+03	6.7411e+02	1.0716e+03	5.0593e+02	-3.2192e+02	1.2012e+02	-8.0073e+01	-6.0685e+02	6.9320e+02	1.5248e+03	-2.5542e+03	-6.9021e+02	-7.5709e+02	-4.1808e+02	-1.0522e+02	-1.3197e+03	1.3255e+03	4.7489e+02	2.1357e+02	7.8385e-01	1.2108e+03	5.0532e+02	6.6045e+01	-2.3771e+03	1.3519e+02	-1.8475e+03	-4.4351e+03	1.5246e+03	5.5310e+02	-2.0645e+03	-3.0415e+02	-8.2805e+02	-1.5087e+03	-2.2595e+03	-1.6556e+03	3.7995e+02	-5.6372e+02	-1.8050e+03	1.8688e+03	-1.4971e+03	2.4949e+03	-2.9197e+02	9.0633e+02	3.6251e+03	-7.1686e+02	9.1385e+02	-1.9749e+03	4.3410e+02	-2.0588e+03	-4.3651e+01	3.2441e+02	2.6160e+03	8.4434e+02	8.1222e+02	2.4259e+01	-1.1630e+03	-3.0440e+03	-1.6615e+03	-8.1771e+02	1.3730e+03	-6.2188e+02	1.4638e+03	-8.8921e+02	-8.7397e+02	-5.7588e+02	-5.0896e+02	6.0842e+00	-1.5953e+03	3.8071e+03	-1.1051e+03	4.5373e+02	-1.7150e+02	3.4883e+03	-3.4055e+03	-1.2311e+02	-1.7762e+03	-3.1058e+03	-1.1831e+03	-9.9481e+02	3.9271e+02	2.4501e+03	-1.8492e+03	2.0344e+03	-2.5522e+03	1.7448e+03	1.7800e+01	-2.3265e+03	-2.6722e+03	7.7164e+02	3.3183e+02	-3.5433e+03	-1.0084e+02	1.8198e+03	3.3727e+03	2.2641e+02	-4.0547e+03	-8.0603e+02	3.0426e+02	-1.9809e+03	-2.9336e+03	-9.6711e+02	2.4468e+03	-3.5715e+01	-2.2500e+02	-3.4390e+02	3.8712e+03	-2.2194e+03	2.0620e+03	-8.5603e+02	5.3873e+02	-1.9257e+03	-4.4684e+02	1.8850e+03
1.8000e+05	4.6013e+01	9.6060e+02	-1.0064e+03	9.8749e+02	6.0530e+02	6.3447e+02	6.7373e+02	1.4455e+03	9.0522e+02	-6.6088e+02	-8.8544e+02	-1.6097e+02	3.7521e+03	-4.7330e+02	-6.8237e+02	-1.9448e+03	-1.8855e+03	8.0596e+02	9.5229e+02	-7.9685e+02	1.4661e+02	-9.8819e+02	-5.3431e+01	2.2715e+02	-1.1490e+03	-6.6335e+02	-6.1535e+02	-7.2545e+02	1.4003e+03	-2.2797e+03	-1.5726e+03	-4.6734e+02	-2.5069e+02	3.3256e+02	-7.5264e+02	1.1313e+03	-6.7497e+02	2.1035e+02	-1.0256e+02	-5.8268e+02	-7.7466e+02	-7.5937e+02	-1.6138e+03	4.0307e+02	-1.0822e+03	-9.5079e+02	-1.4543e+03	1.1495e+03	2.7957e+02	5.3512e+01	1.4583e+02	7.8051e+02	-1.2288e+03	-1.4244e+02	4.8726e+02	-1.2447e+02	-8.7122e+02	-2.8307e+02	2.8660e+02	-4.0422e+02	7.7705e+02	-1.0167e+03	4.5709e+01	-6.2058e+02	-1.2838e+03	4.8216e+01	-1.9766e+02	-3.1409e+02	9.0781e+01	-1.5276e+03	-7.2525e+02	6.0958e+02	7.2265e+02	-8.4778e+02	1.5691e+03	-9.0217e+02	1.7819e+03	-1.6867e+03	-6.4562e+02	9.6636e+02	3.1697e+03	-1.1820e+03	9.4569e+02	1.3833e+03	-2.0057e+02	1.1585e+03	-1.0538e+03	-2.1222e+02	3.2263e+02	-1.1847e+03	-3.7604e+02	2.0981e+03	-1.1021e+03	-4.7023e+01	-2.1471e+02	1.1322e+03	3.4955e+02	-1.9968e+02	-8.5323e+02	-9.0319e+02	-1.3543e+03	1.5024e+03	-2.7663e+03	-6.3847e+02	6.0388e+02	-1.4228e+03	8.6383e+02	-4.7433e+01	-1.0962e+03	-3.1808e+03	-3.9768e+02	7.1155e+02	-1.0971e+03	1.8842e+03	2.3117e+03	1.6115e+03	2.0621e+03	-1.8286e+03	-1.0647e+02	-2.8843e+02	1.6143e+03	1.6212e+02	-6.9977e+02	-6.3464e+02	6.8281e+02	8.7538e+02	5.1023e+02	-2.7141e+02	-8.9068e+02	4.0945e+01	-1.4603e+03	6.8953e+02	-5.2178e+02	2.2061e+02	3.6385e+02	1.6871e+03	1.2762e+03	-3.1930e+03	-2.3890e+02	-8.5247e+02	-1.3752e+03	3.6423e+02	1.8987e+02	5.0988e+02	-2.8625e+02	9.7448e+02	-9.3830e+02	-1.3000e+03	4.1225e+02	1.4621e+03	-1.2151e+03	9.6934e+02	1.3644e+03	-1.4412e+03	3.3883e+02	-1.4005e+02	-5.2282e+02	1.5356e+01	-4.3879e+02	3.6301e+02	-1.0325e+03	8.0476e+02	-2.4607e+03	-8.3344e+02	1.4894e+02	-6.3420e+02	4.2307e+02	2.3452e+03	7.3401e+01	-1.5207e+03	1.6769e+02	-5.0065e+02	-2.5994e+01	-9.6513e+02	-1.0052e+03	5.5577e+02	1.4613e+02	-5.4873e+02	6.0515e+02	-2.9651e+02	1.2632e+03	-4.9373e+02	-1.8986e+02	2.6971e+03	1.9853e+02	1.5159e+03	-9.3536e+02	-1.4749e+03	1.0132e+03	-4.5953e+02	1.4553e+03	-2.5468e+03	-6.6815e+02	9.1191e+02	-1.1508e+03	-7.8530e+02	-3.6935e+02	5.9859e+01	-1.1621e+02	1.8758e+03
1.8000e+05	-1.1261e+02	5.2096e+02	1.1938e+03	8.8860e+02	6.1643e+02	7.3923e+02	7.4042e+01	5.7096e+02	8.0970e+02	1.2010e+03	5.0773e+03	2.9948e+03	-1.0480e+03	-6.7166e+02	1.2282e+03	-2.8683e+03	-1.5440e+03	-8.1322e+02	1.5109e+03	-2.2996e+02	-1.5758e+03	-7.9659e+02	2.8919e+03	2.2667e+03	1.6538e+03	-3.4120e+02	1.0229e+03	-1.7147e+02	-1.5047e+03	-7.6330e+02	-3.3862e+02	-1.0274e+03	-1.9601e+03	-6.1523e+02	-1.2566e+03	3.1842e+03	-1.3293e+03	-2.1460e+03	-9.7111e+01	-1.2174e+03	1.5317e+03	-1.5439e+03	1.1472e+03	1.2659e+03	-3.4027e+02	-3.8798e+03	2.2971e+02	-9.9667e+02	-1.3234e+03	-1.8185e+03	-1.7901e+03	-1.4133e+03	-2.7423e+03	-3.0550e+03	-1.2551e+03	3.3880e+03	-3.0231e+03	3.1275e+02	3.3625e+03	-4.1841e+03	-2.3099e+03	-8.5000e+02	-1.2492e+03	1.3463e+03	8.3988e+01	1.5056e+03	-2.9286e+03	-1.4603e+02	7.4152e+02	2.6317e+02	-2.8452e+03	5.8501e+02	-6.6481e+02	-3.2877e+02	-4.3604e+02	1.7698e+02	-1.4448e+03	6.9825e+02	-1.7525e+03	-7.5269e+02	-1.2045e+03	1.7385e+03	-2.8685e+03	-3.3082e+03	-2.0296e+02	-2.9080e+03	-9.5361e+02	-9.6326e+02	7.5326e+02	1.9376e+03	2.6994e+02	-1.5016e+01	1.4383e+03	2.6035e+02	-1.1015e+02	1.9619e+02	2.8794e+03	-3.1014e+03	-1.2458e+03	-1.5470e+03	-3.7589e+02	4.3770e+02	-1.2652e+03	1.5034e+03	1.1266e+03	3.2671e+02	-1.3246e+02	8.5139e+02	-6.7535e+02	6.9810e+02	-2.9554e+03	9.0170e+02	-9.4918e+02	-4.7873e+03	2.7346e+03	5.3805e+02	-8.6177e+02	2.2622e+02	-6.9333e+02	-1.0305e+03	-2.9534e+03	-2.0864e+03	5.2627e+01	6.2915e+01	-1.8339e+03	1.7370e+03	-1.3723e+03	1.9862e+03	-8.5772e+02	1.5241e+02	3.3259e+03	-3.6242e+02	1.2713e+03	-1.7462e+03	-2.7813e+01	-1.8379e+03	9.7597e+02	5.9174e+02	2.2743e+03	7.0143e+02	6.1739e+02	-4.9663e+01	-1.2531e+03	-3.5974e+03	-1.7645e+03	-1.2279e+03	3.0609e+03	-5.9095e+02	6.5948e+02	-1.6040e+03	-2.2862e+02	1.7202e+02	-4.4640e+02	-5.7154e+02	-1.5276e+03	3.0001e+03	-1.0312e+03	6.0167e+02	4.9536e+01	4.6902e+03	-3.4204e+03	-6.4568e+02	-1.6799e+03	-2.7945e+03	-1.6231e+03	-9.6843e+02	1.9174e+02	2.5885e+03	-1.7923e+03	1.9493e+03	-2.1931e+03	7.9925e+02	4.7985e+02	-2.2448e+03	-2.8446e+03	1.2702e+03	1.0461e+03	-3.9035e+03	2.8482e+02	5.1786e+02	2.7575e+03	6.6063e+01	-4.3265e+03	8.8570e+02	3.2139e+01	-9.1885e+02	-3.5048e+03	4.3612e+02	3.6055e+03	-2.8157e+02	-7.5248e+02	-1.2099e+03	2.5222e+03	-2.8876e+03	1.3138e+03	-2.0427e+03	9.7982e+02	-2.1165e+03	-8.6581e+02	1.8665e+03
2.0000e+05	6.7676e+02	9.9846e+02	-1.4275e+03	9.5039e+02	1.5156e+02	2.1818e+02	5.7846e+02	1.3667e+03	9.9757e+02	-8.7149e+02	-7.3843e+02	-2.3337e+02	3.5394e+03	4.0455e+01	-1.0040e+03	-2.3415e+03	-1.7589e+03	5.2472e+02	8.4910e+02	-7.1396e+02	3.3550e+02	-7.6071e+02	-6.6191e+01	5.1941e+01	-1.1342e+03	-6.2809e+02	-1.4270e+03	-1.1447e+03	1.7501e+03	-2.0277e+03	-1.2842e+03	-1.0131e+02	-9.5656e+01	-2.4247e+02	-9.7152e+02	8.0944e+02	-7.1743e+02	7.0288e+02	2.2376e+01	-5.8757e+02	-9.4256e+02	-5.6841e+02	-1.9131e+03	-9.9150e+01	-4.0498e+02	-8.7871e+02	-1.5321e+03	1.2179e+03	7.4953e+02	2.7117e+02	1.4865e+02	1.9504e+02	-8.3172e+02	-9.1006e+01	6.5992e+02	-3.8812e+02	-1.1299e+03	-1.6485e+02	-2.7245e+02	-2.7669e+02	7.3199e+02	-1.2261e+03	1.6879e+02	-5.7884e+02	-9.9057e+02	3.9586e+02	-2.3328e+02	-1.3049e+03	8.2487e+01	-1.7672e+03	-7.9825e+02	1.0167e+03	9.7696e+02	-1.0705e+03	1.4286e+03	-8.7648e+02	2.2530e+03	-1.5905e+03	-2.1986e+02	1.0823e+03	3.8392e+03	-1.1274e+03	1.0445e+03	1.3459e+03	-1.6685e+02	1.2977e+03	-8.4958e+02	3.1331e+02	-7.9119e+01	-9.9178e+02	1.5917e+02	1.7043e+03	-1.1665e+03	-1.6381e+02	1.0795e+02	1.6030e+03	5.0011e+02	4.8085e+02	-7.5162e+02	-6.3749e+02	-1.5842e+03	9.4718e+02	-2.4593e+03	-1.3601e+03	9.5101e+02	-1.2502e+03	1.0973e+03	2.9268e+02	-1.1283e+03	-3.0161e+03	-5.1771e+02	6.2252e+02	-1.8796e+03	1.5604e+03	2.6741e+03	1.4282e+03	2.4863e+03	-2.0200e+03	1.9449e+02	-1.0786e+02	2.0047e+03	3.5498e+01	-7.5953e+02	-8.0254e+02	4.2096e+02	1.4796e+03	1.5070e+02	1.3187e+02	-1.4484e+03	9.1510e+01	-1.6949e+03	7.6979e+01	-1.3813e+03	1.1699e+03	5.9831e+02	1.4490e+03	1.1941e+03	-3.8198e+03	5.8908e+02	-9.5636e+02	-1.2087e+03	9.0056e+02	-2.7277e+02	3.9114e+02	-9.6646e+01	1.1226e+03	-7.3879e+02	-7.7306e+02	9.4746e+02	1.5447e+03	-1.0526e+03	9.0677e+02	1.5042e+03	-1.3003e+03	3.8046e+02	-4.9056e+02	-1.0510e+02	4.0942e+02	-6.6170e+02	3.4732e+02	-1.3486e+03	1.0792e+03	-2.3617e+03	-1.6832e+03	-7.1991e+01	-1.0470e+03	-2.5930e+01	2.4804e+03	-3.0904e+02	-1.4638e+03	-1.4644e+02	-1.1616e+03	-2.1108e+02	-7.5482e+02	-9.7981e+02	1.1279e+03	7.1560e+02	-8.2362e+02	3.3584e+02	2.6310e+02	1.2112e+03	-1.1159e+03	2.1284e+02	2.6137e+03	-2.6282e+02	1.6612e+03	-1.1949e+03	-1.7892e+03	7.9037e+02	-1.1092e+02	1.1243e+03	-2.4791e+03	-5.3464e+02	7.2319e+02	-1.5333e+03	-5.6181e+02	-3.9300e+02	-2.7609e+02	2.2323e+02	1.9403e+03
2.0000e+05	-1.3153e+02	4.0724e+02	8.4855e+02	4.6332e+02	7.2966e+02	-4.8068e+02	-6.0968e+01	1.8968e+03	8.8308e+02	2.4940e+03	4.8915e+03	2.6517e+03	-9.5441e+02	-1.9169e+03	1.1901e+03	-2.2138e+03	-2.4989e+03	-7.4445e+02	1.2837e+03	4.1391e+02	-1.5057e+03	-1.2204e+03	3.9892e+03	1.7761e+03	1.8393e+03	1.4026e+02	7.9648e+02	4.4325e+02	-2.0615e+02	-5.3538e+02	-1.2552e+03	-1.7702e+03	-1.9005e+03	-3.2018e+02	-7.1766e+02	3.8970e+03	-1.7636e+03	-2.6913e+03	-5.3213e+02	-2.2248e+03	9.4600e+02	-2.0998e+03	1.8025e+03	1.5024e+03	-9.2112e+02	-3.4713e+03	2.9874e+02	-1.4933e+02	-5.5035e+02	-2.5520e+03	-2.0192e+03	-1.7345e+03	-1.4216e+03	-2.6385e+03	-2.2747e+03	3.3064e+03	-2.7990e+03	9.5643e+02	2.7885e+03	-4.3119e+03	-2.7233e+03	-1.7929e+03	-1.1993e+03	9.1809e+02	1.0035e+03	1.8378e+03	-3.9348e+03	-1.9639e+02	1.3963e+03	1.3193e+03	-3.0377e+03	1.2305e+03	-4.8125e+02	6.4560e+01	-3.6066e+02	-7.3286e+02	-7.2232e+02	1.7972e+03	-1.0869e+03	-3.3957e+02	-2.8912e+03	1.6024e+03	-2.8621e+03	-3.7723e+03	5.2316e+02	-3.0778e+03	-1.9167e+03	-7.1136e+02	-2.0734e+02	8.7491e+02	5.9692e+02	-6.7220e+02	1.3423e+03	-5.8608e+02	-2.0609e+02	5.7585e+02	3.1704e+03	-3.4068e+03	-1.2190e+03	2.8014e+02	-3.7949e+02	6.2064e+02	-1.1175e+03	1.3692e+03	9.4289e+02	3.8054e+02	-2.8665e+02	3.7275e+02	-8.1900e+02	2.0851e+02	-2.2173e+03	1.6970e+02	-5.9580e+02	-4.6853e+03	2.2340e+03	8.7958e+02	-1.5634e+03	9.2071e+02	-1.2402e+03	-1.1552e+03	-3.5648e+03	-1.4303e+03	1.4682e+03	2.7175e+02	-2.0944e+03	1.3367e+03	-2.4582e+03	1.6295e+03	-1.1621e+03	-6.8629e+02	3.1503e+03	-1.3013e+03	-6.6467e+01	-2.9849e+02	1.0651e+02	-2.3948e+03	1.0517e+02	5.7975e+02	1.7178e+03	8.8698e+02	9.3050e+01	-4.1429e+01	-1.4280e+03	-3.0730e+03	-2.6657e+03	-4.8119e+02	3.1516e+03	-5.9581e+02	5.0131e+02	-1.5930e+03	-8.4802e+01	8.7899e+01	-1.1468e+03	-1.6980e+03	-2.3884e+03	2.2904e+03	-3.3994e+02	4.1060e+02	2.2735e+02	5.1793e+03	-3.4148e+03	-4.7728e+02	-1.6074e+03	-2.6061e+03	-2.0442e+03	-2.0855e+03	-3.9541e+02	2.3770e+03	-1.9832e+03	2.3985e+03	-1.9963e+03	8.0340e+02	-1.2559e+02	-2.3169e+03	-2.7518e+03	1.5803e+03	2.2426e+03	-4.3352e+03	1.1178e+03	4.7091e+02	3.2454e+03	-1.0349e+02	-4.4818e+03	6.5055e+02	4.6457e+02	-1.6608e+03	-3.4759e+03	3.5326e+02	3.5924e+03	4.4170e+02	-6.2627e+02	-6.0952e+02	2.6385e+03	-3.1519e+03	1.5597e+03	-2.4586e+03	4.6786e+02	-1.2703e+03	-1.5840e+03	1.8878e+03
