2.0000e+05	7.9622e+04
2.0000e+05	8.0038e+04
2.0000e+05	8.0401e+04
2.0000e+05	8.1144e+04
2.0000e+05	8.1987e+04
2.0000e+05	8.3193e+04
2.0000e+05	8.4841e+04
2.0000e+05	8.6563e+04
2.0000e+05	8.8713e+04
2.0000e+05	9.1000e+04
2.0000e+05	9.3321e+04
2.0000e+05	9.5757e+04
2.0000e+05	9.8417e+04
2.0000e+05	1.0076e+05
2.0000e+05	1.0384e+05
2.0000e+05	1.0715e+05
2.0000e+05	1.1012e+05
2.0000e+05	1.1281e+05
2.0000e+05	1.1544e+05
2.0000e+05	1.1815e+05
2.0000e+05	1.1986e+05
2.0000e+05	1.2249e+05
2.0000e+05	1.2448e+05
2.0000e+05	1.2662e+05
2.0000e+05	1.2493e+05
2.0000e+05	1.2158e+05
2.0000e+05	1.2067e+05
2.0000e+05	1.2118e+05
2.0000e+05	1.2168e+05
2.0000e+05	1.2269e+05
2.0000e+05	1.2321e+05
2.0000e+05	1.2342e+05
2.0000e+05	1.2229e+05
2.0000e+05	1.2175e+05
2.0000e+05	1.2164e+05
2.0000e+05	1.2153e+05
2.0000e+05	1.2191e+05
2.0000e+05	1.2185e+05
2.0000e+05	1.2160e+05
2.0000e+05	1.2259e+05
2.0000e+05	1.2151e+05
2.0000e+05	1.2182e+05
2.0000e+05	1.2111e+05
2.0000e+05	1.2124e+05
2.0000e+05	1.2172e+05
2.0000e+05	1.2046e+05
2.0000e+05	1.2102e+05
2.0000e+05	1.2030e+05
2.0000e+05	1.2051e+05
2.0000e+05	1.2065e+05
2.0000e+05	1.1984e+05
2.0000e+05	1.1971e+05
2.0000e+05	1.1984e+05
2.0000e+05	1.1963e+05
2.0000e+05	1.1971e+05
2.0000e+05	1.1874e+05
2.0000e+05	1.1868e+05
2.0000e+05	1.1886e+05
2.0000e+05	1.1828e+05
2.0000e+05	1.1781e+05
2.0000e+05	1.1750e+05
2.0000e+05	1.1775e+05
2.0000e+05	1.1746e+05
2.0000e+05	1.1766e+05
2.0000e+05	1.1622e+05
2.0000e+05	1.1629e+05
2.0000e+05	1.1586e+05
2.0000e+05	1.1578e+05
2.0000e+05	1.1527e+05
2.0000e+05	1.1501e+05
2.0000e+05	1.1463e+05
2.0000e+05	1.1419e+05
2.0000e+05	1.1378e+05
2.0000e+05	1.1381e+05
2.0000e+05	1.1286e+05
2.0000e+05	1.1336e+05
2.0000e+05	1.1238e+05
2.0000e+05	1.1185e+05
2.0000e+05	1.1200e+05
2.0000e+05	1.1183e+05
2.0000e+05	1.1153e+05
2.0000e+05	1.1072e+05
2.0000e+05	1.0969e+05
2.0000e+05	1.1002e+05
2.0000e+05	1.0959e+05
2.0000e+05	1.0899e+05
2.0000e+05	1.0851e+05
2.0000e+05	1.0872e+05
2.0000e+05	1.0735e+05
2.0000e+05	1.0745e+05
2.0000e+05	1.0720e+05
2.0000e+05	1.0638e+05
2.0000e+05	1.0623e+05
2.0000e+05	1.0621e+05
2.0000e+05	1.0638e+05
2.0000e+05	1.0484e+05
2.0000e+05	1.0446e+05
2.0000e+05	1.0441e+05
2.0000e+05	1.0414e+05
2.0000e+05	1.0347e+05
2.0000e+05	1.0325e+05
2.0000e+05	1.0212e+05
2.0000e+05	1.0249e+05
2.0000e+05	1.0165e+05
2.0000e+05	1.0191e+05
2.0000e+05	1.0116e+05
2.0000e+05	1.0096e+05
2.0000e+05	1.0028e+05
2.0000e+05	1.0039e+05
2.0000e+05	1.0045e+05
2.0000e+05	9.9222e+04
2.0000e+05	9.8894e+04
2.0000e+05	9.8398e+04
2.0000e+05	9.8316e+04
2.0000e+05	9.7473e+04
2.0000e+05	9.7322e+04
2.0000e+05	9.7195e+04
2.0000e+05	9.6356e+04
2.0000e+05	9.5608e+04
2.0000e+05	9.6363e+04
2.0000e+05	9.5340e+04
2.0000e+05	9.5145e+04
2.0000e+05	9.5032e+04
2.0000e+05	9.4772e+04
2.0000e+05	9.3512e+04
2.0000e+05	9.3938e+04
2.0000e+05	9.3730e+04
2.0000e+05	9.3197e+04
2.0000e+05	9.2358e+04
2.0000e+05	9.2164e+04
2.0000e+05	9.1767e+04
2.0000e+05	9.1927e+04
2.0000e+05	9.1396e+04
2.0000e+05	9.0654e+04
2.0000e+05	9.0599e+04
2.0000e+05	9.0470e+04
2.0000e+05	8.9999e+04
2.0000e+05	8.9687e+04
2.0000e+05	9.0129e+04
2.0000e+05	8.9388e+04
2.0000e+05	8.8556e+04
2.0000e+05	8.8479e+04
2.0000e+05	8.8020e+04
2.0000e+05	8.7998e+04
2.0000e+05	8.7805e+04
2.0000e+05	8.7940e+04
2.0000e+05	8.7712e+04
2.0000e+05	8.7289e+04
2.0000e+05	8.6598e+04
2.0000e+05	8.6103e+04
2.0000e+05	8.6035e+04
2.0000e+05	8.6172e+04
2.0000e+05	8.5334e+04
2.0000e+05	8.5785e+04
2.0000e+05	8.4836e+04
2.0000e+05	8.5105e+04
2.0000e+05	8.4832e+04
2.0000e+05	8.4488e+04
2.0000e+05	8.4278e+04
2.0000e+05	8.4299e+04
2.0000e+05	8.4118e+04
2.0000e+05	8.3387e+04
2.0000e+05	8.3577e+04
2.0000e+05	8.3378e+04
2.0000e+05	8.3111e+04
2.0000e+05	8.3130e+04
2.0000e+05	8.2134e+04
2.0000e+05	8.2378e+04
2.0000e+05	8.2500e+04
2.0000e+05	8.2773e+04
2.0000e+05	8.2417e+04
2.0000e+05	8.1931e+04
2.0000e+05	8.2185e+04
2.0000e+05	8.1824e+04
2.0000e+05	8.1793e+04
2.0000e+05	8.1601e+04
2.0000e+05	8.1388e+04
2.0000e+05	8.1429e+04
2.0000e+05	8.0790e+04
2.0000e+05	8.1505e+04
2.0000e+05	8.0961e+04
2.0000e+05	8.0844e+04
2.0000e+05	8.1282e+04
2.0000e+05	8.0695e+04
2.0000e+05	8.0847e+04
2.0000e+05	7.9892e+04
2.0000e+05	8.0539e+04
2.0000e+05	8.0097e+04
2.0000e+05	8.0239e+04
2.0000e+05	8.0296e+04
2.0000e+05	7.9836e+04
2.0000e+05	7.9812e+04
2.0000e+05	8.0419e+04
2.0000e+05	8.0044e+04
2.0000e+05	7.9779e+04
2.0000e+05	8.0121e+04
2.0000e+05	7.9994e+04
2.0000e+05	7.9747e+04
2.0000e+05	8.0353e+04
2.0000e+05	7.9713e+04
