2.0000e+04	4.7982e+02	-1.4904e+01	-3.3482e+02	1.7609e+02	2.5004e+02	-7.5991e+01	-3.0013e+02	8.1080e+02	-5.4371e+02	1.9968e+02	6.2380e+02	9.0340e+00	-2.6814e+02	-1.8721e+01	-6.2084e+01	7.7296e+01	1.4878e+02	2.6672e+02	-1.2926e+02	1.4749e+02	2.1003e+02	2.0019e+02	5.7270e+02	-6.0721e+01	-1.2497e+02	-4.3682e+02	1.3264e+02	-1.2113e+02	5.4371e+02	-2.4933e+02	1.0863e+02	-6.9494e+02	3.2829e+02	7.9073e+02	-2.0728e+01	-3.1399e+02	-6.0692e+02	8.6541e+02	-9.3390e+01	-1.4901e+02	3.4117e+02	6.0943e+01	-5.9379e+02	4.4066e+02	2.0663e+02	9.9794e+01	-1.8076e+02	-6.0814e+02	2.5230e+02	-3.5986e+01	-2.5981e+02	7.2110e+02	5.7630e+02	-1.8110e+02	6.6513e+01	2.7154e+02	-3.9673e+02	-2.6331e+01	4.9929e+02	3.7915e+02	-3.9922e+02	6.1683e+02	-4.5111e+02	-2.0647e+02	4.6909e+01	-1.9830e+02	1.4686e+02	-1.5806e+02	-1.6903e+02	-1.2913e+02	2.1565e+02	-8.6635e+02	4.8058e+02	-9.7253e+01	9.4371e+01	-1.1595e+01	3.1919e+02	-1.4733e+01	6.2124e+01	-2.7729e+02	-9.5227e+02	7.7834e+01	4.2275e+02	6.9248e+02	-5.2069e+01	-1.0911e+02	-1.8004e+02	-1.6108e+02	-4.2041e+02	1.2072e+02	-7.4046e+01	3.0951e+02	-7.5079e+00	5.9241e+02	-5.1032e+02	1.7399e+01	7.6978e+01	-1.0275e+01	-1.1832e+02	-4.1936e+02	3.3980e+01	-2.5196e+02	3.2227e+02	-4.1957e+02	2.4973e+02	3.3547e+02	1.6722e+01	2.9288e+02	-4.8143e+02	-7.3254e+02	3.4457e+02	-2.3635e+02	-1.0203e+02	-4.1880e+02	1.1458e+02	1.2844e+03	-6.0411e+01	8.4110e+01	-1.2754e+01	3.7746e+02	-1.4587e+02	8.8853e+01	-5.2175e+02	3.6030e+01	7.5821e+02	-5.2126e+02	-1.8681e+02	-1.3531e+02	5.3033e+01	8.4345e+02	-1.8863e+02	1.1123e+02	3.0488e+02	8.9534e+01	-1.2734e+02	5.3246e+02	-4.3273e+00	1.2969e+02	2.6317e+02	-4.6017e+01	-7.5278e+01	-6.7672e+02	-1.4703e+01	5.9599e+02	3.4468e+02	-2.5986e+02	-3.3310e+00	2.8777e+02	-1.8813e+01	-8.5558e+02	2.6069e+02	-4.1845e+02	8.9418e+00	1.4991e+02	-8.1547e+00	4.0054e+02	-6.6406e+01	-5.3539e+02	-4.3922e+02	3.0592e+02	-1.4974e+02	-3.2223e+02	-1.8398e+02	-2.9243e+02	3.4186e+02	-1.9958e+02	9.9784e+01	-3.3335e+02	-4.1260e+02	5.8605e+01	-1.5058e+02	-2.6700e+02	2.0237e+02	4.2115e+02	-1.9893e+02	-4.8506e+01	1.5058e+02	1.1016e+02	-2.8742e+02	2.8884e+01	2.7463e+02	5.8350e+02	-3.7248e+02	-6.8240e+02	-2.7884e+02	4.3352e+00	2.2656e+02	-3.6299e+02	-8.6469e+01	1.5881e+02	1.3508e+02	-4.0869e+02	-1.5598e+02	1.8617e+02	-5.1496e+02	-7.8236e+02	-6.4010e+02	1.9219e+01	-1.2995e+02	1.8256e+02
2.0000e+04	-1.0919e+01	2.0268e+02	4.3649e+02	-1.2652e+03	-6.9767e+02	-9.4673e+02	4.2876e+02	-1.2107e+03	-5.9616e+02	-7.1176e+02	-2.0239e+02	2.7394e+02	-1.4022e+02	-8.3047e+02	-6.4740e+01	4.5455e+02	2.8459e+02	-1.8607e+01	3.5053e+02	7.4633e+02	-7.6542e+02	5.5376e+02	-1.1973e+02	-1.4066e+02	4.8682e+01	-2.5004e+02	5.4692e+02	5.3557e+01	-1.0571e+03	7.1159e+02	6.1944e+02	5.6282e+02	3.4894e+02	2.4259e+02	-9.2391e+02	1.3737e+02	-4.5530e+02	7.9592e+02	-3.1908e+02	-5.4527e+01	6.2376e+01	6.2392e+02	-1.0187e+02	8.7708e+01	1.4608e+02	3.1842e+02	-5.0083e+01	4.8859e+02	-4.6552e+02	3.7928e+02	2.4383e+02	7.9669e+01	-8.0208e+02	-7.8575e+01	-2.4246e+02	5.4732e+02	5.7479e+02	-1.7050e+02	-9.8734e+02	-5.3072e+02	6.0553e+02	-3.7504e+01	1.6122e+03	-1.7748e+02	4.5201e+01	-1.9809e+02	1.1829e+02	1.2395e+03	4.4212e+02	-2.4578e+02	5.3862e+01	-1.1438e+03	-1.7022e+02	-1.4634e+01	-3.4910e+02	-1.1368e+03	3.2636e+02	-3.5994e+01	9.0891e+02	6.2874e+01	7.0181e+02	-4.0538e+01	-5.0216e+02	8.1798e+02	-1.1155e+02	-5.2557e+01	-2.0683e+02	-9.3709e+01	5.5738e+02	7.1300e+02	-2.9471e+01	-2.8690e+00	8.4317e+02	-1.7814e+03	-1.0240e+02	-4.5599e+02	5.0732e+01	2.0951e+02	-5.6692e+02	-3.5779e+02	4.5901e+02	3.7738e+01	7.5389e+02	-6.0161e+01	-1.3283e+02	-3.9400e+02	-9.0266e+02	-8.5333e+02	3.5144e+02	-8.0828e+02	-3.7198e+02	-6.6460e+02	-1.7835e+02	-5.0904e+02	-3.8291e+02	-2.9882e+02	-2.3812e+02	-9.2307e+02	-3.9726e+02	-6.7111e+01	-5.0756e+02	5.1000e+02	-1.0084e+02	4.6923e+02	1.0047e+03	6.1886e+01	-6.0230e+01	-1.0390e+03	-9.5335e+02	2.7405e+02	4.6467e+02	2.3488e+02	1.0232e+03	-8.0743e+02	1.4287e+03	5.1123e+01	9.0345e+02	-2.8050e+02	-1.0852e+03	2.8346e+02	4.3820e+02	3.3503e+02	-7.6320e+02	6.0116e+02	5.0187e+02	-5.6029e+02	6.0486e+00	1.1287e+03	3.4789e+02	-8.7433e+02	6.3553e+02	1.2039e+02	-1.1324e+02	-7.7136e+02	5.4314e+02	3.9537e+02	-7.1438e+02	1.9940e+02	-4.0663e+02	-5.9635e+02	-1.1322e+02	-3.3562e+02	-1.1275e+03	1.2274e+02	-1.0177e+03	-2.3162e+02	-6.8916e+02	1.0321e+03	7.7188e+02	6.7556e+02	1.0125e+03	1.8373e+02	-6.7575e+02	2.0399e+02	4.4037e+02	1.3841e+03	6.1218e+02	-1.5489e+02	-2.1871e+02	3.7537e+02	6.5348e+02	2.1650e+02	5.9924e+02	-3.7608e+02	-1.2326e+03	8.5942e+02	4.1456e-01	7.5698e+02	5.0880e+02	-6.6330e+02	-2.0472e+02	-3.2059e+02	-3.3577e+02	-5.2085e+02	-8.6069e+02	-1.8916e+02	7.1409e+01	-5.7836e+02	2.2528e+02	-9.7614e+01
4.0000e+04	-1.9684e+02	4.5285e+02	5.4937e+02	4.8712e+02	4.3587e+01	-5.1350e+02	-2.3654e+02	2.5249e+02	-7.0812e+02	-4.5310e+02	1.0517e+03	4.1441e+02	-5.7441e+02	1.2271e+01	3.1966e+01	-6.9839e+02	-5.9740e+02	3.1814e+02	-1.9550e+02	3.3369e+02	6.2816e+02	1.7557e+02	6.8076e+02	-3.3752e+02	1.4457e+02	-5.0069e+02	2.1651e+02	-4.0906e+02	6.7840e+02	-1.9382e+02	4.6483e+01	-3.6165e+02	-2.3149e+02	6.2333e+02	-1.5684e+02	-5.3104e+02	-6.9321e+02	3.8184e+02	-3.6597e+01	5.8878e+01	3.6768e+02	3.0910e+02	-6.6140e+02	3.1832e+02	2.8676e+02	-2.3547e+02	-2.2912e+01	-5.4603e+02	5.4415e+02	-6.5657e+02	9.7907e+00	1.8745e+02	-1.7093e+02	3.5664e+02	-1.5609e+02	1.3034e+02	-3.7250e+02	-1.7094e+02	9.9685e+02	-7.8081e+01	-1.2265e+03	1.2891e+03	5.3854e+02	-1.9683e+02	5.4761e+02	-4.8235e+02	9.5975e+01	-6.4580e+02	-4.7401e+02	2.0254e+02	-1.4243e+02	-8.5366e+02	8.3496e+02	-8.6327e+02	1.9079e+02	-6.3907e+02	2.8833e+02	2.8586e+02	2.1223e+02	-2.4317e+02	-6.3829e+02	7.4204e+02	5.7215e+02	9.5799e+02	4.3524e+01	-7.0929e+02	7.6554e+01	-2.0001e+02	-4.4359e+02	-8.0526e+01	-3.4388e+02	1.1602e+03	-2.7360e+02	8.0556e+02	-3.7010e+02	-2.6781e+02	6.3749e+01	2.6161e+02	-1.6844e+02	-4.2421e+02	1.0996e+03	-6.8216e+02	-5.1717e+02	-3.8462e+02	1.4981e+02	6.4861e+02	2.7642e+02	9.7411e+02	-1.7413e+02	8.5951e+00	1.9872e+01	-3.6785e+02	-2.1010e+02	-1.2927e+02	2.4638e+02	8.0583e+02	-3.0822e+02	-2.4093e+02	-2.8440e+02	8.7675e+02	4.5894e+02	1.4575e+01	-5.3413e+02	-2.6621e+02	1.2650e+03	-9.7137e+02	-3.3520e+02	-3.0751e+02	-1.7494e+02	6.9577e+02	-4.8398e+02	4.1170e+01	-2.1046e+02	6.5139e+01	-3.7691e+02	7.4194e+02	2.8364e+01	-6.7392e+01	-2.2106e+02	3.0345e+02	1.0047e+02	-5.6056e+02	-5.5739e+02	5.6715e+02	5.6802e+02	-2.5273e+01	2.2270e+01	9.4340e+02	3.9784e+02	-1.5930e+03	1.1858e+02	2.8393e+01	-3.6900e+02	4.4744e+02	-5.3646e+02	5.2882e+02	-2.4647e+02	-7.1843e+01	-5.2153e+02	9.5558e+02	6.1276e+00	-4.6977e+02	3.2456e+02	-2.2097e+02	2.8523e+02	-4.9838e+02	2.4781e+01	-1.3278e+03	-6.4401e+02	3.2566e+02	3.1078e+02	2.7399e+02	-6.4060e+02	-1.2617e+02	-6.7328e+02	-1.7027e+02	-7.5226e+02	5.7729e+02	2.5312e+02	1.0564e+02	8.7816e+00	4.7795e+02	4.7914e+02	-7.8276e+02	-6.1030e+02	-3.0231e+02	4.2406e+01	-7.6460e+02	-1.0560e+03	2.7835e+00	2.4084e+02	-9.5533e+02	-4.0255e+02	1.5120e+03	-2.0815e+02	-7.1793e+02	-2.5382e+02	-3.7026e+02	-3.2473e+02	-1.7548e+02
4.0000e+04	3.0898e+02	-3.6176e+01	8.0972e+02	-1.7856e+03	-2.7612e+02	-1.0330e+03	4.2191e+02	-1.0351e+03	-5.9045e+02	1.1878e+02	4.2504e+02	5.6010e+02	-1.1775e+03	-1.8323e+03	5.6658e+02	4.8415e+02	3.6369e+01	-1.0575e+02	-9.5750e+02	9.8933e+02	-1.0022e+03	4.7548e+02	1.7600e+02	-3.4419e+02	6.4289e+02	3.9189e+02	1.1454e+03	8.5091e+01	-9.7753e+02	2.8352e+02	-3.7237e+02	1.1347e+03	3.2445e+02	8.4226e+02	-8.4023e+02	8.7455e+01	-1.9463e+02	-1.6283e+02	-1.3024e+03	2.9764e+02	-3.5443e+02	1.1260e+03	-2.9708e+02	2.7007e+02	3.5591e+02	1.2447e+03	6.0811e+02	-2.1303e+02	1.2722e+02	-6.9067e+02	6.4554e+02	-5.4465e+02	-1.0849e+03	-7.2149e+02	-7.7562e+02	-3.2683e+02	-1.8168e+01	-1.4000e+03	-1.2048e+03	-8.7484e+02	-6.2851e+01	-9.5603e+01	2.6473e+03	-4.8870e+02	-1.8659e+02	7.9698e+01	1.2700e+03	1.1793e+03	8.0012e+02	-1.8683e+02	4.8292e+02	-9.4376e+02	-2.2481e+02	6.0280e+02	-6.4494e+02	-6.1267e+02	-3.2411e+02	7.2137e+02	2.2993e+03	-1.1061e+03	1.0307e+03	-4.0918e+02	-5.9258e+02	6.0971e+02	-8.7714e+02	5.0080e+02	-4.1249e+01	-2.1576e+02	1.1292e+03	1.1178e+03	-4.6101e+02	-8.0252e+01	1.1853e+03	-2.2537e+03	-4.8151e+02	-3.1683e+02	1.3465e+02	-4.9632e+01	-1.2194e+02	1.5731e+02	-3.3645e+02	3.9363e+02	9.5691e+02	7.5022e+02	-6.8005e+02	-6.7516e+02	-9.0704e+02	-9.7358e+02	-3.4440e+01	-7.4739e+02	-7.7447e+01	-9.9855e+02	6.8702e+02	-9.4208e+02	-4.4569e+02	-7.1460e+02	-1.6942e+02	-9.5600e+02	1.5685e+02	1.3765e+02	-3.4468e+02	5.1065e+02	-4.8391e+02	5.0052e+01	4.1591e+02	6.4497e+01	-1.6024e+02	-6.0054e+02	-6.9744e+02	-1.2357e+03	1.6681e+02	-2.7127e+01	1.7032e+03	-3.5199e+02	1.7325e+03	-4.0117e+02	7.7054e+02	1.0298e+02	-2.2118e+03	-4.9859e+02	5.0517e+02	1.6634e+03	-1.5241e+03	3.5760e+02	6.1547e+01	-2.7479e+02	1.0894e+03	2.0764e+03	8.1286e+02	-6.5151e+02	7.1321e+02	-8.5022e+01	-3.9776e+02	-6.3379e+02	4.5616e+02	1.2649e+01	-2.1881e+02	-2.9667e+02	-3.4162e+02	-8.0452e+02	-5.0887e+02	-4.2786e+02	-1.3809e+03	-2.2747e+02	-8.5510e+02	-5.4389e+02	-9.2854e+02	7.7623e+02	1.2798e+03	-5.2602e+02	9.9330e+02	-3.4708e+02	4.2608e+02	-5.4536e+02	1.1193e+02	8.0399e+02	2.9698e+02	8.8325e+02	1.6100e+02	4.9533e+02	1.5616e+03	4.4890e+02	7.4838e+02	-4.7578e+01	-3.1321e+02	1.1506e+03	2.7663e+02	-7.6275e+02	1.3900e+02	-1.4492e+03	8.1895e+01	2.8453e+02	-8.9294e+02	-1.0162e+03	4.3657e+02	-5.3902e+02	-4.3699e+02	-6.8103e+02	4.2387e+02	-1.7266e+02
6.0000e+04	-2.9302e+02	6.0195e+02	8.4769e+02	1.1831e+03	3.4000e+02	-5.2045e+02	-6.9730e+02	-7.7088e+01	-3.5804e+02	-6.0801e+02	1.4786e+03	3.2768e+02	-6.7019e+02	-1.5635e+02	2.7361e+02	-9.4618e+02	-1.7869e+02	-7.5655e+01	-5.8060e+02	5.4888e+02	1.4213e+03	1.0814e+02	9.9368e+02	-1.1790e+02	-6.8548e+01	-7.7005e+02	-5.8450e+02	-2.6606e+02	8.2467e+02	1.1272e+02	3.1062e+02	-9.2247e+02	-8.7387e+01	4.4317e+02	-6.8640e+02	-5.6600e+02	-6.0662e+02	5.2377e+02	1.8791e+02	-5.8942e+02	-1.6521e+02	5.8457e+02	-1.2572e+03	7.5981e+02	6.6518e+02	-4.6198e+02	-6.9108e+02	-3.6143e+01	4.6995e+02	-3.8896e+02	-1.1575e+02	5.7208e+02	-4.4444e+02	6.1324e+02	-4.1127e+02	2.1820e+02	-3.2268e+02	-1.7591e+02	9.7155e+02	-6.5239e+02	-1.5492e+03	4.5959e+02	3.3965e+02	-1.2721e+02	1.1507e+02	-6.7487e+02	6.4735e+02	-9.9363e+02	-4.5807e+02	5.5631e+02	-7.2766e+02	-1.7510e+03	-1.5709e+01	-8.3463e+02	3.2899e+02	-5.0060e+02	4.6640e+02	5.6603e+01	9.5826e+02	-1.5974e+02	-7.8294e+02	1.2883e+03	4.5670e+02	4.8059e+02	-3.0241e+02	-6.2755e+02	-6.5086e+02	3.0825e+01	-2.0781e+02	-2.0719e+02	-1.0423e+03	1.1207e+03	4.6607e+02	8.9676e+02	-3.1058e+02	8.7244e+01	1.9638e+02	1.5181e+02	-1.6808e+02	2.3452e+01	9.4612e+02	-9.5993e+02	-3.8031e+02	-7.6270e+02	-2.9863e+01	3.0219e+02	1.9828e+02	3.9120e+02	-3.4384e+01	-9.6999e+01	-6.7739e+01	-7.1069e+02	-5.3044e+02	9.7855e+01	1.9124e+02	8.6058e+02	-1.6769e+01	-5.1541e+02	2.9674e+01	3.4039e+02	-5.5404e+02	-7.1116e+01	1.3725e+02	-5.4871e+02	8.3104e+02	-5.1338e+02	-7.2050e+02	-5.8377e+02	-5.1702e+01	2.2235e+02	-4.7738e+02	4.3797e+01	-2.0759e+01	-3.6916e+02	-7.2831e+02	5.4647e+02	-8.6486e+02	-7.8941e+02	-3.4465e+02	-1.2602e+01	4.4095e+02	-5.9924e+02	-1.2561e+02	4.9414e+02	3.7981e+02	-5.1574e+02	4.3298e+02	1.1184e+03	1.0216e+03	-1.8119e+03	-2.7996e+02	-3.6171e+02	-3.8520e+02	8.2684e+02	-1.0153e+02	4.2448e+02	-3.5189e+01	1.0519e+00	-2.8087e+02	1.1610e+03	-6.7286e+01	-4.7765e+02	5.7761e+02	-4.4444e+02	-5.1859e+01	-4.2007e+02	3.0498e+02	-1.4560e+03	-4.1109e+02	4.7719e+02	-1.5669e+02	9.3587e+02	-8.3859e+02	-1.4091e+02	-9.6310e+02	1.4149e+02	-1.1610e+03	9.6035e+02	4.9898e+02	-1.7585e+02	4.6140e+02	4.2746e+02	7.8304e+02	-6.3050e+02	-2.4071e+02	-6.8237e+02	3.7227e+02	-1.0186e+03	-9.4435e+02	-3.6308e+02	-1.6475e+02	-6.6635e+02	8.8564e+01	1.3990e+03	8.6855e+01	-1.2173e+03	-2.1452e+01	-1.0512e+03	-8.6238e+02	-4.7200e+02
6.0000e+04	-1.2979e+02	-9.5880e+02	5.9649e+02	-2.1735e+03	-5.8181e+01	-2.1424e+03	1.1126e+03	-5.7614e+02	-1.5088e+03	-3.0019e+01	8.7136e+02	4.3992e+02	-1.3025e+03	-2.5266e+03	3.1911e+02	4.9766e+02	9.9903e+02	1.0440e+02	-5.5728e+02	1.5432e+03	-1.1067e+03	9.4878e+02	1.2865e+03	-9.6464e+02	7.0309e+02	5.8407e+02	5.9191e+02	-4.3597e+02	-9.9421e+01	-2.6942e+00	-8.0038e+02	1.6725e+03	4.2326e+02	8.6978e+02	-8.9841e+02	-8.4640e+02	7.8615e+02	-5.4175e+02	-6.6081e+02	8.5988e+02	-4.4190e+02	1.1890e+03	7.0204e+02	5.3337e+02	9.6834e+02	1.8080e+03	-6.5854e+01	-4.7934e+02	1.1803e+03	-8.5942e+02	4.8855e+02	-7.0343e+02	-2.4150e+03	-8.2315e+02	-4.7419e+02	-5.3573e+02	2.4608e-02	-2.3009e+03	-1.1595e+03	-3.3979e+02	-9.0894e+02	-6.0922e+02	2.7162e+03	7.3605e+02	-3.0831e+02	2.0070e+02	1.3658e+03	2.0188e+03	7.6416e+02	-2.8699e+02	5.7839e+02	-1.6870e+03	-5.5981e+02	1.6280e+03	-1.2888e+03	-1.3518e+03	-1.0907e+03	5.5608e+02	1.6171e+03	-1.1749e+03	1.0579e+03	1.3966e+02	-1.7437e+03	8.3259e+02	-1.2938e+03	1.8060e+03	9.9469e+02	-8.0477e+02	5.9249e+02	7.3400e+02	-5.3609e+02	-2.2447e+02	1.8639e+03	-2.7033e+03	-1.7505e+02	5.7148e+02	-8.6386e+02	7.2575e+02	2.7798e+02	-5.3274e+02	-1.2240e+03	-8.7431e+02	3.1995e+02	5.4223e+02	-7.6760e+02	-5.9779e+02	-9.7684e+02	-1.6344e+03	1.2400e+03	-4.2512e+01	7.9493e+02	-9.7345e+02	4.1035e+02	-6.6725e+02	3.8379e+01	-3.6003e+02	4.8173e+02	-6.1495e+02	1.1295e+03	-3.2251e+02	-3.6519e+02	1.0883e+03	-9.4845e+02	8.6393e+02	7.7089e+02	1.3889e+02	3.8930e+02	-5.0257e+02	-1.1089e+03	-2.3479e+03	-9.5670e+02	2.9053e+02	1.7991e+03	7.4135e+02	2.1009e+03	-5.7881e+02	4.3718e+02	9.5834e+02	-2.2757e+03	-5.9316e+02	-2.1783e+02	1.3113e+03	-1.8549e+03	-5.3886e+02	1.2952e+03	-3.4893e+02	4.0734e+02	2.4584e+03	9.0838e+02	-5.8657e+01	3.9625e+02	3.1936e+02	7.5050e+01	-7.3773e+02	9.0251e+02	-5.2151e+02	-1.7376e+02	-4.7479e+02	-5.7087e+02	-1.4616e+03	9.9055e+01	-3.5319e+02	-1.1707e+03	-1.4918e+03	-1.8649e+02	-1.4150e+03	-5.9219e+02	2.8017e+02	5.2364e+02	-4.8496e+01	-2.1975e+02	2.7409e+02	-7.7815e+02	-9.1171e+02	3.5420e+02	5.0139e+02	-1.4279e+02	3.0365e+02	-5.7883e+02	5.2666e+02	1.0808e+03	7.5367e+02	1.2345e+03	-5.0742e+02	4.8410e+02	1.6556e+03	-2.4487e+01	-7.0829e+02	-4.2129e+02	-1.3775e+03	1.0139e+03	7.3335e+02	-5.0012e+02	-1.1549e+01	6.1263e+02	3.4709e+01	-9.6281e+02	-9.8852e+02	1.2615e+03	2.7571e+02
8.0000e+04	-2.1976e+01	1.1493e+03	1.0706e+03	7.4970e+02	2.7560e+02	-9.9434e+02	-7.4646e+02	-5.2179e+00	-7.7218e+00	-9.8359e+02	8.3151e+02	3.6213e+02	-5.8818e+02	-6.3754e+00	8.1717e+02	-6.6995e+02	5.8923e+01	-6.3195e+02	-1.0126e+03	1.3163e+02	1.1650e+03	-3.4279e+02	1.1338e+03	-4.6494e+02	-8.3982e+01	-8.5575e+02	3.1542e+02	7.0759e+01	5.6657e+02	-2.9834e+02	2.9654e+02	-1.0501e+03	-8.6585e+02	2.8642e+02	-4.1174e+02	3.4174e+02	-1.4925e+02	8.2945e+02	-2.1966e+02	-6.0447e+02	3.6627e+01	4.6873e+02	-1.0357e+03	8.8946e+02	4.8684e+02	-4.7635e+02	-7.8773e+02	-9.2321e+01	9.7528e+02	2.0423e+02	-3.1416e+02	5.2358e+02	-5.5597e+02	1.3191e+02	2.1562e+02	-6.4770e+02	-6.5147e+02	-3.1547e+02	1.3128e+03	-3.5569e+02	-1.1225e+03	2.2137e+02	2.6618e+02	-3.2233e+02	4.7475e+02	-4.5186e+02	4.7864e+02	-1.0375e+03	-1.2531e+02	7.8464e+02	-4.0248e+02	-1.7820e+03	-2.8456e+02	-9.8570e+02	4.8921e+02	-4.6810e+02	1.7279e+02	1.4303e+01	1.4845e+03	-2.1654e+02	-9.4184e+02	1.2650e+03	1.8050e+02	6.2584e+02	-5.9158e+02	-3.6146e+02	-5.7775e+02	-4.9388e+02	-2.6615e+02	-6.9572e+02	-4.7425e+02	1.0892e+03	1.4582e+02	1.0907e+03	-9.7776e+02	4.0348e+02	5.8328e+02	-6.5114e+02	-1.0105e+03	5.5495e+02	1.1231e+03	-3.2271e+02	-4.7068e+02	-2.4956e+01	-5.0160e+02	4.7306e+02	5.6864e+02	1.0044e+03	-3.8337e+02	-3.0090e+02	-1.1673e+02	-1.5115e+03	1.5833e+02	-2.0657e+02	1.6132e+02	7.7551e+02	-3.1934e+02	-1.1816e+02	-2.7942e+02	-2.6277e+01	-9.2128e+02	4.4466e+01	4.0601e+02	-1.4015e+03	1.0365e+03	-6.9689e+02	-1.0682e+03	-3.6882e+02	9.9000e+01	-8.9691e+01	-5.4926e+02	2.1488e+02	-7.9368e+02	-1.3955e+02	-1.3175e+03	2.9558e+02	-4.1882e+02	-4.9748e+02	-4.8255e+02	-1.2094e+02	1.2370e+03	-4.7576e+02	-4.8113e+01	-1.8229e+02	4.2889e+02	-7.9719e+02	6.0557e+02	5.8499e+02	6.6620e+02	-2.1103e+03	-5.3984e+02	-3.8269e+02	-3.7524e+02	1.4555e+03	-4.8327e+02	3.1965e+02	1.5212e+02	4.8403e+02	9.9820e+01	1.3090e+03	-1.3196e+02	-1.3612e+02	9.4290e+02	-2.9068e+02	2.6266e+02	-5.4693e+02	3.8711e+02	-1.6796e+03	-9.0578e+02	2.2346e+02	-1.1298e+03	1.4984e+03	-4.6146e+01	3.5688e+02	-1.3268e+03	9.0428e+02	-1.4873e+03	1.1140e+03	3.5179e+02	4.2497e+02	9.9073e+01	4.3138e+02	2.0406e+02	-6.2832e+02	-5.9319e+02	-4.8050e+02	3.2359e+02	-9.8965e+02	-1.2197e+03	-1.4761e+02	-5.5997e+02	-5.9292e+02	-4.2983e+02	1.7557e+03	5.2839e+02	-9.6803e+02	2.0095e+00	-1.4978e+03	-8.0956e+02	-1.6854e+02
8.0000e+04	2.0903e+02	-1.1059e+03	5.8711e+02	-1.7471e+03	1.3709e+03	-2.4434e+03	-5.4770e+01	-6.6681e+02	-1.7141e+03	-1.6867e+02	2.9834e+02	4.4509e+02	-9.1486e+02	-2.3961e+03	6.4683e+02	4.1663e+02	5.6094e+02	-1.1973e+02	-8.2472e+01	2.0100e+03	-9.6672e+02	8.2646e+02	5.9233e+02	-9.1766e+02	1.4960e+03	5.5023e+02	8.6712e+02	-1.1230e+02	-6.4161e+02	5.2209e+02	-4.5427e+02	6.2045e+02	8.0031e+02	1.3975e+03	-5.7429e+02	-2.8931e+02	7.6630e+02	2.8456e+02	-7.5591e+02	7.6241e+02	-1.3523e+02	1.0743e+03	1.9412e+03	-3.9293e+02	3.8956e+02	1.6521e+03	-3.1958e+02	-1.7698e+03	1.2521e+03	4.9321e+01	2.4903e+02	2.9221e+02	-2.5000e+03	-7.3444e+02	-7.9953e+02	-2.7449e+02	4.7991e+02	-2.0889e+03	-9.8733e+02	-4.3799e+02	-9.3510e+02	-1.0087e+03	2.7787e+03	1.5033e+03	5.2110e+02	6.4822e+02	1.3780e+03	2.8945e+03	6.0760e+02	1.8909e+02	-7.2834e+02	-2.6127e+03	-1.7837e+02	1.3462e+03	-1.5037e+03	-2.7094e+03	-6.1169e+02	6.6270e+01	1.3757e+03	-4.0605e+02	1.2756e+03	5.8355e+02	-1.9586e+03	5.1151e+02	-1.4339e+03	1.8020e+03	1.3826e+03	-9.2806e+02	5.8766e+02	8.0200e+01	9.8963e+01	3.1553e+02	2.2536e+03	-2.9963e+03	1.2111e+03	1.3607e+03	-6.2174e+02	1.1422e+03	-1.3085e+02	1.1019e+02	-1.5514e+03	-8.5244e+01	2.5430e+02	6.5253e+02	-9.1475e+02	7.3396e+00	-5.0810e+02	-1.7280e+03	8.7034e+02	-3.2959e+02	5.8318e+02	-5.2483e+02	6.1353e+02	-9.8970e+02	-5.0533e+02	-6.9721e+02	9.7487e+02	-8.1044e+02	2.4129e+02	-2.7941e+02	-1.7333e+02	4.4981e+02	-8.8225e+02	1.7934e+02	6.8416e+02	1.2375e+02	5.7606e+01	2.2054e+02	-1.4984e+03	-1.8773e+03	-1.3619e+03	-5.9483e+01	2.7763e+03	1.0065e+03	1.3479e+03	-1.1916e+03	1.4516e+03	9.1803e+02	-1.3329e+03	5.3323e+00	-7.3853e+02	1.2291e+03	-1.6946e+03	-3.3003e+02	1.5553e+03	1.5788e+02	6.6381e+02	2.6205e+03	1.3834e+03	4.8244e+02	-1.3159e+02	4.1550e+01	7.2077e+02	-5.4412e+02	4.2051e+02	-4.3292e+02	1.2169e+03	-6.2850e+02	-7.2233e+02	-7.0492e+02	2.4020e+02	-9.4826e+02	-1.8432e+03	-1.7320e+03	-1.8299e+02	2.1414e+02	-8.1413e+02	3.8868e+02	3.5607e+02	5.0838e+02	-9.4181e+01	8.4439e+02	-1.6733e+03	-1.8094e+02	2.8334e+02	6.0085e+02	-1.6578e+03	1.0069e+03	5.2641e+00	-8.5425e+02	9.9653e+02	7.8582e+02	8.0736e+02	-4.9080e+02	1.2591e+03	2.0401e+03	-6.2185e+02	-1.3858e+03	-2.2874e+02	-1.7950e+03	1.0075e+03	1.0896e+03	-2.7836e+02	1.4914e+02	1.3194e+03	-9.7375e+01	-2.0789e+03	-1.1363e+03	1.2102e+03	4.6526e+02
1.0000e+05	-2.4180e+02	8.8089e+02	9.1505e+02	4.1779e+02	-8.1366e+01	-7.7496e+02	-1.2883e+03	-5.1294e+02	-7.9455e+01	-8.2674e+02	6.0593e+02	2.4925e+02	-3.3114e+02	3.4438e+02	1.0617e+03	-3.6579e+02	3.0283e+02	2.0911e+01	-1.4363e+03	2.5436e+01	1.1246e+03	-4.5119e+02	1.5897e+03	-9.2109e+02	-4.3527e+02	-1.3653e+03	5.5267e+02	-1.8829e+02	3.7417e+02	-6.1878e+01	4.3402e+02	-1.1968e+03	-5.7325e+02	3.1916e+02	6.9316e+01	6.3729e+02	5.1130e+02	7.1527e+02	-3.9500e+02	-1.7022e+02	3.7061e+01	3.2318e+02	-8.8324e+02	4.9883e+02	2.0730e+02	-2.5731e+02	-5.0313e+02	4.2199e+02	1.3272e+03	5.4582e+02	-1.2128e+02	7.9818e+02	-7.2512e+01	-5.1008e+01	1.7477e+02	-6.2296e+02	-5.9396e+02	-4.4457e+02	1.4312e+03	2.2289e+02	-1.6212e+03	2.5688e+02	4.9695e+01	-4.2270e+02	5.8174e+02	-2.8239e+02	2.5620e+02	-8.2999e+02	-4.2082e+02	1.9649e+02	1.3754e+02	-1.9896e+03	-1.5810e+02	-8.7091e+02	6.4462e+02	-6.6911e+02	-6.8621e+01	3.0767e+02	1.2169e+03	-3.2365e+02	-7.5660e+02	1.0763e+03	4.7612e+01	9.7282e+02	-5.9578e+02	-6.6432e+02	-5.7436e+02	-1.6183e+01	-4.5618e+02	-4.7284e+02	-8.9647e+02	1.3611e+03	3.8489e+02	8.5848e+02	-9.1961e+02	8.8079e+02	5.4950e+02	-9.7186e+02	-1.1378e+03	-5.2402e+02	1.0936e+03	-1.8794e+02	-3.7849e+02	-2.3116e+02	-7.3332e+02	8.2374e+02	2.8182e+02	1.1265e+03	-1.1396e+03	-1.1287e+03	1.3255e+02	-1.6654e+03	1.7774e+02	-1.9695e+02	7.1868e+02	4.6040e+02	-9.0701e+02	1.1462e+02	3.9570e+00	-3.2275e+02	-9.1851e+02	4.6378e+02	4.5299e+02	-1.2963e+03	1.0418e+03	-1.2825e+03	-1.6794e+03	-6.4283e+02	-7.8892e+02	-1.9241e+02	-1.6566e+02	6.2605e+02	-1.2027e+03	-7.6367e+02	-1.3367e+03	1.0556e+03	-9.7773e+01	-8.5088e+00	-6.4660e+02	-4.1755e+02	8.8103e+02	-6.1785e+02	-4.7143e+01	-7.3881e+02	1.0136e+02	-1.7599e+02	6.6273e+02	2.3763e+02	7.2667e+02	-1.5894e+03	1.4403e+02	-4.6572e+01	-7.6240e+02	1.4216e+03	-6.0839e+02	-1.5876e+02	3.3732e+02	3.9011e+02	2.1363e+02	1.4720e+03	4.0385e+02	-1.6322e+02	1.0156e+03	-2.7075e+02	1.5668e+01	-1.9866e+02	8.0584e+02	-1.3513e+03	-1.1352e+03	-2.1156e+02	-1.0803e+03	1.5179e+03	3.8681e+02	5.0119e+02	-1.2023e+03	1.6200e+03	-1.6539e+03	1.2088e+03	1.3584e+02	5.3134e+02	-2.5941e+02	5.2923e+02	2.6989e+02	-4.0474e+02	-3.0868e+02	-1.9489e+01	-1.1852e+02	-8.5669e+02	-1.2891e+03	-2.5037e+01	-5.8860e+02	2.2400e+02	-4.9357e+02	1.6904e+03	-1.1031e+02	-1.2760e+03	2.2656e+02	-1.6338e+03	-1.2692e+03	-1.0529e+02
1.0000e+05	9.2796e+02	-1.1868e+03	-3.3650e+02	-1.8839e+03	2.0782e+03	-1.5800e+03	-1.7554e+02	1.7331e+01	-1.5784e+03	7.0019e+02	2.8056e+02	1.1735e+02	-1.2076e+03	-2.1955e+03	1.4842e+03	3.1051e+02	-1.5872e+02	-2.9324e+02	1.6374e+02	2.1055e+03	2.9711e+02	1.5487e+03	6.3209e+02	-4.7671e+02	2.2732e+03	6.6025e+02	1.1862e+03	-8.7166e+02	-2.8535e+02	1.2383e+03	-3.6101e+02	2.2429e+02	3.4181e+02	1.9196e+03	-1.4707e+03	-3.0779e+02	1.8735e+03	1.3585e+02	-1.4922e+03	2.5767e+03	2.7961e+02	5.9746e+02	1.9652e+03	-6.0997e+02	-8.1362e+01	1.5263e+03	-2.1653e+02	-2.0005e+03	1.1582e+02	-7.2518e+02	-1.5870e+02	1.4181e+03	-2.2278e+03	-6.0410e+02	-1.1909e+03	-2.9962e+01	3.8905e+02	-1.9783e+03	-7.1776e+02	-8.0564e+02	-1.5126e+03	-1.5771e+03	2.6276e+03	1.0898e+03	1.2180e+03	2.4590e+02	1.6791e+03	2.4291e+03	2.2586e+02	-1.5011e+02	-9.2642e+02	-2.8651e+03	5.1655e+02	6.9847e+02	-1.7385e+03	-1.8219e+03	-9.0747e+02	1.0075e+03	7.6231e+02	-1.1877e+02	-1.1692e+02	4.5466e+02	-2.4686e+03	-5.5709e+02	-7.4821e+02	2.6228e+03	1.0437e+03	-8.8138e+02	2.9413e+02	5.1984e+02	7.5405e+02	7.4960e+01	3.1284e+03	-2.3403e+03	1.4643e+03	6.2708e+02	-2.3502e+02	1.0264e+03	1.2345e+02	1.0362e+03	-1.7767e+03	1.6082e+03	3.3950e+02	4.9535e+02	-1.5590e+01	8.3730e+02	-4.1142e+02	-1.4900e+03	3.1043e+03	-8.2383e+02	9.9300e+02	-7.4112e+02	5.0003e+02	-1.8583e+03	8.1721e+02	2.7583e+02	1.7055e+03	-7.6003e+02	7.3529e+02	6.2215e+02	-6.7534e+02	5.1119e+02	-3.2616e+02	7.8003e+02	1.1096e+03	-1.4965e+02	-1.1401e+03	1.5833e+03	-1.4149e+03	-6.5820e+02	-2.3403e+03	-5.0207e+02	3.1234e+03	1.6934e+03	2.1034e+03	-1.0784e+03	1.3183e+03	2.0571e+03	-7.1541e+02	-9.1608e+02	-1.0798e+03	2.2567e+03	-1.1243e+03	-6.6703e+02	1.8805e+03	-1.5436e+02	1.1314e+03	2.7290e+03	1.5097e+03	1.4808e+03	1.2864e+02	-1.1254e+03	1.6292e+02	-9.6908e+02	8.7679e+01	-6.7245e+02	1.5296e+03	-7.6294e+02	-7.9787e+02	-4.2156e+02	4.1406e+02	-4.0934e+02	-1.0733e+03	-1.9877e+03	5.0988e+02	4.9604e+02	-1.4669e+03	3.4029e+02	1.6823e+03	3.3384e+02	3.5386e+02	1.0018e+03	-1.5266e+03	-3.5496e+02	7.0629e+02	-2.1515e+02	-2.1647e+03	1.4298e+03	1.0512e+02	-1.0745e+03	8.6849e+02	-2.5170e+02	1.3368e+03	-7.3124e+02	1.5504e+03	2.2815e+03	-4.2476e+02	-1.2081e+03	-2.5828e+02	-1.6739e+03	1.1187e+03	1.6770e+03	-1.5621e+03	4.7812e+02	1.4038e+03	-1.5477e+02	-2.5000e+03	-1.3867e+03	5.0515e+02	-2.7483e+01
1.2000e+05	2.6910e+02	9.3173e+02	5.3760e+02	9.0298e+02	-4.5057e+01	-5.5735e+02	-9.9352e+02	-5.0505e+02	-6.8630e+02	-4.5331e+02	7.8741e+02	4.7492e+02	-9.7437e+02	8.4242e+02	1.1729e+02	7.7942e+02	5.9853e+02	-2.4039e+02	-1.6011e+03	-9.2035e+01	1.0040e+03	1.6292e+02	2.1467e+03	-2.0095e+02	-1.6192e+02	-1.1409e+03	5.3038e+02	1.6048e+02	1.0390e+02	-1.0127e+03	-1.3124e+01	-1.2908e+03	-3.7501e+02	7.6769e+02	-2.8202e+02	8.7492e+02	8.0093e+02	5.3673e+02	-5.4055e+02	2.6383e+02	7.3982e+02	5.6688e+01	-9.9723e+02	8.1313e+02	-5.9642e+01	-3.5499e+02	-2.4468e+02	4.1416e+02	1.3949e+03	3.8697e+02	1.9656e+02	1.1141e+03	2.2982e+02	-6.5692e+02	-2.5202e+02	-8.7619e+02	-1.1753e+03	-1.1055e+02	1.7282e+03	5.2966e+02	-1.1047e+03	3.4859e+01	7.2337e+01	-2.3253e+02	4.6303e+02	8.0354e+02	7.1984e+00	-1.3323e+03	-5.1811e+02	-1.7680e+02	-5.8476e+01	-1.9777e+03	5.9426e+02	-7.9023e+02	1.0921e+03	-1.2578e+03	1.3828e+02	3.1285e+02	1.1155e+03	1.4628e+00	-7.8156e+02	1.7782e+03	4.5402e+01	9.6877e+02	-5.5634e+02	-1.2661e+03	-2.8090e+02	2.6098e+02	-5.5462e+02	-8.1427e+02	-5.9997e+02	1.1656e+03	3.4707e+02	1.0129e+03	-1.1875e+03	1.2182e+03	9.5987e+01	-1.1643e+03	-8.1508e+02	-1.1823e+03	1.0088e+03	-2.6916e+02	3.3737e+01	-3.8422e+02	-4.5081e+02	4.1307e+02	-2.8194e+02	1.2541e+03	-1.2056e+03	-8.7499e+02	2.9200e+02	-1.5191e+03	5.1339e+02	4.5613e+02	2.2354e+02	2.5217e+02	-5.2404e+02	5.8872e+02	-4.2023e+02	5.1466e+02	-1.2597e+03	3.4362e+02	3.7472e+02	-1.5911e+03	1.3065e+03	-1.4213e+03	-1.3479e+03	-4.7317e+02	-1.0623e+03	-4.0536e+02	-1.5562e+02	2.7761e+02	-9.5614e+02	-4.5942e+02	-1.8587e+03	1.4479e+03	-2.1209e+02	7.5709e+01	-1.2210e+03	4.6144e+02	3.5177e+02	-7.9450e+02	-1.1776e+02	5.2769e+01	6.4667e+02	-2.1051e+02	3.0377e+02	-1.2858e+02	5.0329e+02	-1.1681e+03	2.3454e+02	6.7874e+01	4.3898e+01	1.8184e+03	-3.9621e+02	-2.8953e+02	4.4150e+02	-4.3050e+01	-1.1089e+02	1.8500e+03	1.7277e+01	-3.6831e+02	1.6185e+03	-9.5544e+01	3.6049e+02	7.7112e+01	1.0169e+03	-1.3949e+03	-1.0874e+03	1.5225e+02	-1.6750e+03	7.7163e+02	1.9517e+02	4.2607e+02	-1.1468e+03	1.6896e+03	-1.8104e+03	1.3090e+03	-2.9465e+02	6.9998e+02	-2.7091e+02	7.9871e+01	1.0360e+02	-2.9974e+02	2.8789e+02	6.9103e+02	2.9427e+01	-1.9012e+03	-2.3466e+03	6.9392e+01	-7.5037e+02	1.0603e+03	-2.2039e+02	1.4724e+03	2.2070e+02	-9.1734e+02	3.9358e+02	-1.6063e+03	-1.5160e+03	8.1196e+01
1.2000e+05	6.6015e+02	-2.4230e+03	-1.3562e+02	-2.8195e+03	2.0718e+03	-1.5790e+03	-6.3531e+02	-5.7668e+02	-1.1455e+03	8.9137e+02	3.2295e+02	2.3011e+02	-1.7644e+03	-2.4682e+03	1.3956e+03	-5.0632e+02	-8.0850e+02	1.6645e+01	-1.5351e+02	2.5139e+03	1.5956e+02	1.6370e+03	1.9315e+02	-1.4538e+02	1.0514e+03	6.3042e+02	8.5528e+02	-1.2480e+03	-8.1200e+02	1.0479e+03	-1.2652e+03	-4.4445e+02	-6.9461e+01	1.6915e+03	-1.4662e+03	3.9302e+02	2.9482e+03	6.4404e+02	-1.3199e+03	3.4544e+03	1.5337e+02	6.1345e+02	1.8329e+03	-4.5706e+02	2.4528e+02	1.6461e+03	2.2118e+02	-1.1407e+03	-4.4777e+01	-9.6617e+02	-1.6035e+02	7.2762e+02	-1.1730e+03	4.9913e+02	-1.7768e+03	4.2211e+02	5.5888e+02	-1.9095e+03	-3.0862e+02	-1.1111e+03	-2.4064e+03	-1.7116e+03	1.9976e+03	6.3222e+02	1.3371e+03	-2.3854e+02	2.3411e+03	1.8454e+03	1.0839e+03	-6.7997e+02	-7.8680e+02	-3.1778e+03	2.8201e+02	8.6187e+02	-1.2619e+03	-1.3403e+03	-1.0850e+03	3.7237e+01	-1.0861e+02	-3.1828e+02	1.4853e+02	1.5337e+03	-2.1907e+03	-5.8063e+01	-9.7779e+02	2.1099e+03	2.0029e+03	-1.1156e+03	-1.7297e+02	1.1252e+03	-3.9350e+02	1.5504e+02	3.5692e+03	-2.5330e+03	6.3114e+02	6.9580e+02	-3.2994e+02	1.7177e+03	-3.2073e+02	3.3293e+02	-1.6709e+03	1.0730e+03	7.1717e+02	1.0235e+03	6.5331e+02	1.3609e+03	-4.8629e+02	-1.6542e+03	3.0651e+03	-1.1626e+03	7.2286e+02	-2.2931e+02	2.3186e+01	-1.5575e+03	1.7863e+03	-3.1640e+02	1.7002e+03	-5.6875e+02	1.1661e+03	7.0782e+02	-9.8905e+02	4.3538e+02	-1.2306e+02	4.3468e+02	1.0996e+03	-4.0347e+02	3.4092e+02	2.2016e+03	-5.5542e+02	-6.2194e+02	-1.8569e+03	-1.9559e+02	2.1984e+03	1.9095e+03	1.9085e+03	-1.7888e+03	1.7116e+03	1.9761e+03	-2.3402e+02	-9.7058e+02	-2.0413e+03	3.4084e+03	-1.9378e+03	-6.8839e+02	2.0316e+03	-2.9283e+02	1.4382e+03	2.5767e+03	1.0930e+03	2.8357e+03	-1.8236e+02	-1.5690e+03	-6.2241e+02	-1.0323e+03	2.0415e+02	-1.1399e+03	1.6322e+03	-6.1822e+02	-1.2635e+03	-6.2878e+02	8.8200e+02	8.1764e+01	-8.7725e+02	-1.6886e+03	5.3234e+02	-2.1284e+02	-8.9134e+02	8.2647e+02	5.8657e+02	3.9870e+01	7.7701e+02	6.3202e+02	-1.5917e+03	-4.9008e+02	1.6378e+02	-4.1070e+02	-2.2333e+03	1.4799e+03	1.2350e+02	2.4375e+02	-3.0334e+02	-7.9923e+02	2.0031e+03	-1.6466e+03	2.1409e+03	2.8019e+03	2.4452e+02	-6.5086e+02	2.8722e+02	-1.0451e+03	1.6828e+03	2.1894e+03	-5.4106e+02	1.0920e+03	1.4517e+03	2.4762e+02	-2.3213e+03	-5.9748e+02	2.5665e+02	2.6723e+01
1.4000e+05	5.1525e+02	7.3712e+02	-1.5433e+02	6.5458e+02	-3.5485e+02	2.4714e+01	-8.8188e+02	-9.2305e+02	-8.9717e+02	-7.2580e+02	1.2590e+03	8.9079e+02	-1.5486e+03	1.7410e+03	-2.2867e+01	1.4640e+02	1.0608e+03	-9.0534e+02	-1.6217e+03	1.4584e+02	1.4320e+03	8.7572e+02	2.5412e+03	8.1655e+01	-4.6581e+02	-1.3191e+03	-5.7862e+02	3.4394e+02	3.2024e+02	-5.9282e+02	-4.2761e+01	-1.7908e+03	-5.7576e+02	4.5475e+02	4.6786e+01	4.6465e+02	9.5396e+02	1.6394e+02	-3.8966e+02	5.2980e+02	8.8638e+02	1.0897e+02	-8.2324e+02	3.9032e+02	-3.8174e+02	-6.7258e+02	-4.7864e+02	3.4816e+02	2.2203e+02	-4.8084e+02	5.5952e+02	5.7166e+02	6.2785e+02	-1.3858e+03	-6.3651e+02	-6.4410e+02	-1.2128e+03	4.3777e+02	1.5657e+03	8.3320e+02	-1.3197e+03	-4.0429e+02	2.7616e+02	-2.8385e+02	6.8818e+02	7.9259e+02	6.3849e+02	-1.7023e+03	-8.5806e+02	-1.5206e+02	-2.0252e+02	-1.5748e+03	5.8453e+02	-1.3080e+03	1.3129e+03	-1.5895e+03	1.3062e+02	6.5165e+02	1.1571e+03	3.5313e+02	-4.2821e+02	2.1725e+03	-8.0737e+01	7.6784e+02	-4.1313e+02	-1.5589e+03	-4.3259e+02	-1.5682e+02	-6.1324e+02	-4.7426e+01	-6.8616e+02	1.6179e+03	4.1323e+01	5.8262e+02	-1.5706e+03	1.0396e+03	3.1390e+02	-6.0096e+02	-1.4365e+03	-1.0078e+03	7.2181e+02	-4.8410e+02	-2.1031e+02	-8.1947e+02	-5.1285e+02	5.8182e+02	-5.3536e+01	1.2145e+03	-1.2027e+03	-1.1799e+03	2.8841e+02	-1.7108e+03	3.7331e+02	9.4313e+02	3.0342e+02	7.6667e+02	-5.6667e+02	7.1735e+02	-4.3975e+02	6.5721e+02	-1.4928e+03	9.8160e+01	-1.4534e+02	-2.5808e+03	1.1853e+03	-1.6415e+03	-6.8370e+02	-1.0601e+03	-8.4350e+02	-4.5791e+02	-3.4675e+02	6.3254e+01	-1.4644e+03	-5.2499e+02	-1.8441e+03	1.2232e+03	-8.1189e+02	-1.2868e+02	-9.7087e+02	5.5300e+02	6.5215e+02	-9.2235e+02	-1.4672e+02	-1.1538e+01	4.5710e+02	-4.5057e+02	9.5275e+01	-1.9068e+02	5.0398e+02	-1.0063e+03	6.0836e+02	4.4310e+02	-3.8669e+01	2.0436e+03	-7.2954e+02	-3.9816e+02	4.9006e+02	-2.5663e+02	-3.1104e+02	1.9841e+03	5.5413e+01	2.3023e+02	1.2659e+03	-4.6547e+02	-3.1928e+01	3.7504e+02	1.7178e+03	-1.3510e+03	-1.6864e+03	4.2383e+02	-1.6829e+03	6.6107e+02	1.4989e+02	-1.5329e+02	-1.0741e+03	1.3521e+03	-1.6445e+03	1.3119e+03	6.4863e+02	1.4006e+03	3.8363e+01	-2.0493e+02	3.9658e+02	-5.3041e+02	-3.5945e+02	7.9575e+02	-2.4972e+02	-1.2258e+03	-1.7672e+03	1.8127e+02	-8.0292e+02	1.0561e+03	-2.9974e+02	1.4769e+03	7.3503e+02	-1.2781e+03	1.1294e+03	-1.9077e+03	-1.8200e+03	4.2592e+02
1.4000e+05	-5.2004e+02	-3.7117e+03	-2.7211e+02	-2.8783e+03	1.6095e+03	-1.8840e+03	3.1268e+01	-1.5621e+00	-1.3336e+03	1.5388e+03	6.8701e+02	-1.9161e+02	-2.3494e+03	-2.7232e+03	3.3115e+03	-7.9222e+02	-1.4673e+03	-1.1401e+03	5.5921e+01	2.3118e+03	6.5346e+02	2.1311e+03	-6.5398e+02	-8.6515e+01	9.8513e+02	9.0138e+02	3.7171e+02	-1.7310e+03	-1.5330e+03	4.0490e+02	-1.5246e+03	-2.9485e+01	-2.6295e+02	1.1541e+03	-1.8605e+03	1.4365e+03	3.1239e+03	1.3488e+03	-1.0596e+03	2.7780e+03	3.4512e+02	1.1195e+03	9.7902e+02	-2.5206e+02	-2.5976e+02	1.4526e+03	-1.0149e+03	-1.5837e+03	2.1464e+02	-1.5952e+03	-1.1840e+02	9.4342e+02	-1.0936e+03	1.2485e+03	-2.2412e+03	8.0766e+02	1.0741e+03	-2.0307e+03	4.3137e+02	-3.8003e+02	-1.0547e+03	-2.2511e+03	1.0330e+03	5.8718e+02	1.8779e+03	2.0342e+02	2.7120e+03	7.2824e+02	1.3528e+03	-7.2743e+02	-1.7096e+03	-3.4254e+03	-1.4639e+02	-6.8329e+02	-1.1020e+03	-1.2380e+03	-7.5834e+02	4.1294e+02	3.1551e+01	-1.0437e+03	2.0134e+02	2.1350e+03	-1.9889e+03	3.7989e+02	-1.2408e+03	1.1415e+03	1.0274e+03	-9.6971e+02	-3.5510e+02	1.2462e+03	6.1038e+02	1.1912e+03	2.3358e+03	-1.5206e+03	-3.7495e+02	4.5850e+02	-2.6598e+02	1.9705e+03	-4.7278e+02	6.0254e+02	-1.0381e+03	9.4370e+02	8.1240e+00	2.7916e+03	2.7425e+02	1.1724e+03	8.8631e+01	-1.6084e+03	2.9241e+03	-1.0488e+03	1.1147e+03	-2.2133e+02	-3.9447e+02	-2.1818e+03	2.2128e+03	-1.0347e+03	9.7265e+02	-5.3159e+02	6.5789e+02	-1.7433e+02	-4.5791e+00	5.2747e+02	-3.9154e+02	4.4321e+02	1.1655e+03	-4.5135e+02	-5.4854e+02	3.5037e+03	3.8023e+02	-8.4708e+02	-1.2749e+03	2.2018e+02	2.3138e+03	1.8925e+03	1.8253e+03	-3.3230e+03	1.5676e+03	1.9183e+03	3.5701e+02	-1.0382e+02	-2.0019e+03	3.8210e+03	-2.0917e+03	-9.1897e+01	1.8788e+03	-2.7968e+02	5.2541e+02	2.3414e+03	1.9718e+03	2.5464e+03	4.2435e+02	-1.8865e+03	-1.2851e+03	-1.0290e+03	8.7472e+02	-9.4642e+02	1.4640e+03	-2.1892e+02	-8.3564e+02	-2.2178e+03	7.2463e+02	3.8454e+02	-9.6670e+02	-2.2235e+03	1.2723e+03	1.9618e+02	-8.8149e+02	6.7902e+02	1.2657e+02	-4.5578e+02	5.7971e+02	9.0726e+02	-2.0385e+03	-4.2162e+02	1.0398e+02	-1.0297e+03	-1.8237e+03	5.6076e+02	-2.4493e+01	2.0576e+02	-4.3149e+02	-1.0066e+03	2.2503e+03	-1.0990e+03	1.3348e+03	3.5488e+03	8.5588e+02	-6.1971e+02	-9.8767e+02	-1.1345e+03	3.5190e+03	1.9424e+03	5.0214e+02	1.1453e+03	1.7286e+03	1.2801e+03	-1.6769e+03	-6.7474e+02	9.6577e+02	3.7306e+02
1.6000e+05	-7.2895e+01	3.7378e+02	-7.0840e+02	-1.2064e+02	-6.1029e+02	-3.3806e+02	-9.2807e+02	-1.3168e+03	-4.7010e+02	-9.9891e+02	1.0224e+03	1.0010e+02	-1.2673e+03	1.9151e+03	-6.4088e+02	4.0623e+02	1.1249e+03	-1.1423e+03	-1.8118e+03	4.9006e+02	9.5719e+02	1.1567e+03	2.5615e+03	-3.3514e+02	-4.8787e+02	-1.1535e+03	-4.4995e+02	6.7667e+02	3.6419e+02	-2.7556e+02	-2.7075e+02	-1.5933e+03	-1.0991e+02	4.7390e+02	9.0708e+02	1.8048e+02	1.1375e+03	6.8883e+02	-2.7387e+02	6.3321e+02	1.4130e+03	-1.7008e+02	-6.7440e+02	3.7066e+02	1.9271e+02	4.3974e+01	-5.8176e+02	6.5919e+02	1.0665e+03	-7.4017e+02	5.8773e+02	-1.3604e+02	4.6543e+02	-1.2304e+03	-4.2666e+02	-2.5062e+00	-1.5794e+03	8.3395e+02	1.9519e+03	1.3582e+03	-1.0723e+03	-2.2989e+02	4.0986e+02	-5.4643e+02	5.7372e+02	8.1722e+02	6.6022e+02	-1.1281e+03	-8.2014e+02	-2.3232e+02	-4.5709e+02	-1.7810e+03	4.4740e+02	-1.0308e+03	8.8946e+02	-2.0203e+03	3.0766e+02	6.8415e+02	1.8502e+03	8.1726e+02	-4.8436e+02	1.8816e+03	6.4920e+02	5.7328e+02	-4.0745e+02	-1.5490e+03	-2.4975e+02	7.1004e+01	-4.8937e+02	-2.6116e+02	-8.3613e+02	1.4745e+03	8.5467e+01	3.6162e+02	-8.7161e+02	8.6285e+02	3.9697e+02	-2.5379e+02	-1.7565e+03	-4.2803e+02	2.9673e+02	-1.8867e+02	-1.0373e+02	-3.9649e+02	-6.7562e+02	4.7766e+02	3.3671e+02	4.2880e+02	-4.5126e+02	-8.9440e+02	1.1060e+03	-1.2737e+03	8.3207e+02	5.5428e+02	8.4264e+01	1.0243e+03	-1.6545e+02	7.2488e+02	-7.4837e+02	1.1825e+03	-1.4526e+03	4.9446e+01	-4.1727e+02	-3.1472e+03	1.4504e+03	-1.8925e+03	1.5443e+02	-1.0707e+03	-8.8343e+02	-3.7952e+02	-8.3440e+01	-2.5487e+02	-1.6120e+03	-1.4316e+02	-1.7570e+03	1.2836e+03	-1.1070e+03	-4.9354e+02	-8.3934e+02	1.3895e+02	7.2657e+02	-1.1035e+03	5.2804e+02	6.4598e+01	8.1324e+02	-3.3631e+02	6.5901e+02	4.4674e+01	3.5865e+02	-9.9356e+02	2.0348e+00	5.1518e+02	-4.6008e+02	2.0276e+03	-9.7103e+02	1.9626e+02	1.6347e+02	-2.3318e+02	1.4641e+02	2.1616e+03	-1.3387e+02	-1.8970e+02	1.3098e+03	-3.7391e+02	1.7387e+02	2.6060e+02	2.4196e+03	-1.1230e+03	-1.8490e+03	6.9639e+02	-1.5546e+03	5.3799e+02	1.4408e+02	-2.2987e+02	-1.1421e+03	8.3874e+02	-1.7109e+03	7.2854e+02	5.4322e+02	1.4323e+03	-3.2429e+02	2.7298e+02	2.1911e+02	-8.4791e+02	-5.7360e+01	6.7335e+02	8.3461e+02	-8.2770e+02	-1.8628e+03	-2.1367e+02	-6.3241e+02	1.0319e+03	-4.5335e+02	1.8655e+03	3.0875e+02	-9.9583e+02	1.2136e+03	-2.0058e+03	-1.6723e+03	4.2117e+02
1.6000e+05	-1.0139e+03	-3.8442e+03	7.5135e+01	-3.1731e+03	9.8614e+02	-1.9887e+03	-6.3374e+02	-1.3411e+02	-4.9513e+02	1.7867e+03	1.0411e+03	-4.4929e+02	-2.2631e+03	-3.9505e+03	2.6420e+03	-5.9903e+02	-1.6021e+03	-6.0348e+02	5.8736e+00	3.2622e+03	1.2441e+03	2.9821e+03	4.2984e+02	7.3540e+01	2.0701e+03	8.0794e+02	4.8834e+02	-1.5100e+03	-9.3595e+02	5.1050e+02	-2.1369e+03	-4.7156e+02	3.8305e+02	1.7197e+03	-1.0495e+03	8.4348e+02	3.0969e+03	9.2046e+02	-1.2172e+03	2.8666e+03	-1.9383e+02	1.4996e+03	2.2236e+03	7.7940e+02	9.5784e+00	1.7614e+03	-6.3378e+02	-9.7151e+02	-8.8102e+02	-1.1138e+03	6.1617e+02	3.7893e+02	-1.6393e+02	1.1156e+03	-2.1832e+03	1.2343e+03	1.5830e+03	-2.2391e+03	4.6283e+02	2.4977e+02	-1.6588e+03	-2.6765e+03	-3.4654e+02	-4.1200e+01	2.5166e+03	-1.4767e+02	2.2191e+03	9.4734e+02	1.3725e+03	-2.5541e+02	-1.5467e+03	-4.0387e+03	1.5590e+03	-4.6498e+02	-8.9145e+02	-2.0935e+03	-1.9310e+03	5.5750e+02	-5.9215e+02	-3.1199e+02	2.0284e+02	3.2954e+03	-2.9576e+03	3.7422e+02	-1.8590e+03	1.4554e+03	9.2301e+02	-1.6743e+03	1.3025e+02	1.8254e+03	-1.7951e+02	1.3186e+03	2.9211e+03	-1.3666e+03	-8.1153e+02	8.4508e+02	3.3034e+02	2.8121e+03	-3.2003e+00	5.4190e+02	-5.1341e+02	9.0731e+02	-1.1686e+02	3.1659e+03	1.7018e+02	1.1931e+03	-5.8502e+02	-1.7964e+03	2.7632e+03	-5.0400e+01	1.1073e+03	-1.2962e+03	-1.5213e+02	-2.8248e+03	1.6510e+03	-1.0978e+03	1.6033e+03	-3.6163e+02	2.8861e+02	-3.0818e+02	1.2184e+03	-6.9112e+02	1.0237e+02	-7.9962e+02	2.1426e+03	8.2951e+01	-1.9427e+02	3.2578e+03	5.6017e+02	-1.0558e+03	-1.5329e+03	-1.3748e+02	2.3892e+03	1.6232e+03	2.0784e+03	-4.0594e+03	1.7640e+03	2.2675e+03	-1.5941e+02	-6.1933e+02	-2.2955e+03	3.6235e+03	-3.0739e+03	-1.1125e+03	1.8623e+03	-1.0910e+02	-7.3075e+02	2.7414e+03	2.0164e+03	2.5105e+03	5.9339e+02	-2.4869e+03	-2.6436e+03	2.1280e+02	3.4134e+02	-6.6774e+02	1.6325e+03	7.5057e+01	-1.0867e+03	-2.3764e+03	6.9300e+01	-1.2610e+02	-9.9514e+02	-1.9797e+03	4.2103e+02	5.8407e+02	-1.6534e+03	7.0094e+02	8.1847e+02	-3.4605e+02	8.7075e+02	6.8544e+02	-2.3866e+03	-1.6495e+03	2.4495e+02	-1.2702e+03	-1.3284e+03	1.3954e+03	-7.2385e+02	-3.6199e+02	-6.0063e+02	-1.5545e+03	2.6493e+03	-7.5342e+02	2.4256e+03	4.5509e+03	7.7689e+02	-6.0958e+02	-1.2850e+03	-1.2859e+03	4.0728e+03	2.0291e+03	2.9794e+02	8.4599e+02	3.9434e+02	1.7031e+03	-1.7081e+03	3.4326e+02	8.2138e+02	1.4373e+03
1.8000e+05	-1.9473e+02	3.8367e+02	-7.3426e+02	-2.9727e+02	-8.1417e+02	-8.4907e+02	-9.6782e+02	-1.2179e+03	-7.2638e+02	-6.5304e+02	1.0456e+03	4.1935e+02	-2.1520e+03	1.8803e+03	-9.7576e+02	2.2911e+02	7.0300e+02	-8.6176e+02	-1.2911e+03	7.6820e+02	7.1735e+02	1.6252e+03	2.3476e+03	-3.7219e+02	-8.8065e+02	-1.3193e+03	-2.1812e+02	7.7156e+02	2.9549e+02	-3.0131e+02	-5.3192e+02	-2.0387e+03	-3.6862e+02	5.9884e+02	6.1236e+02	1.0148e+02	9.9161e+02	6.7412e+02	5.5510e+01	6.9687e+02	1.5370e+03	-9.4655e+02	-1.1673e+02	9.2977e+02	1.5224e+02	4.5221e+02	-2.9067e+02	4.9145e+02	8.8921e+02	-7.5952e+02	5.2738e+02	-1.4157e+02	-1.1362e+02	-1.3625e+03	-4.4914e+02	-7.5739e+01	-1.7493e+03	9.0439e+02	1.8431e+03	1.2869e+03	-1.0708e+03	-1.8603e+02	4.5192e+02	-1.0397e+03	1.3802e+03	1.2030e+03	2.8479e+01	-1.3623e+03	-4.6305e+02	-3.2199e+02	-3.9272e+01	-2.0584e+03	9.0413e+00	-8.2585e+02	7.8406e+02	-1.9885e+03	3.4234e+02	1.5168e+02	2.6403e+03	6.9909e+02	8.0886e+00	1.8453e+03	4.9011e+02	1.2550e+03	-2.4821e+02	-1.8265e+03	6.4005e+02	1.8504e+02	-8.1905e+02	-5.2460e+02	-1.2557e+03	1.0354e+03	2.5522e+02	7.4606e+01	-1.0871e+03	1.0894e+03	4.4302e+02	1.5973e+02	-2.3193e+03	-2.5652e+02	8.4127e+01	-2.6323e+02	3.7336e+02	-1.1967e+02	-9.4491e+02	9.2387e+01	6.4489e+02	3.0310e+02	2.1905e+02	-1.0994e+03	1.1212e+03	-1.3309e+03	9.7403e+02	6.7187e+02	4.9649e+01	1.0547e+03	4.0897e+02	1.1137e+03	-3.9371e+02	1.4065e+03	-1.9328e+03	-4.3111e+02	-6.1714e+02	-3.1305e+03	1.4973e+03	-2.2103e+03	4.9139e+01	-9.9542e+02	-9.8369e+02	-8.5715e+02	3.7991e+02	-2.3517e+02	-1.2995e+03	-1.2940e+02	-1.7920e+03	1.8539e+03	-1.6504e+03	-2.9923e+02	-7.1021e+02	-5.1411e-01	5.6698e+02	-1.3815e+03	4.0179e+02	-4.4943e+02	1.1085e+03	-8.9869e+02	5.8916e+02	-3.9704e+02	-1.6995e+01	-7.8980e+02	1.9011e+02	1.4552e+02	-9.0896e+02	1.3428e+03	-7.8587e+02	3.2326e+02	3.7304e+02	5.8746e+02	7.7914e+02	2.4482e+03	-4.8777e+01	-8.0349e+02	7.0842e+02	-5.2538e+02	3.9161e+02	3.4820e+02	2.2817e+03	-1.2195e+03	-1.1468e+03	9.8334e+02	-1.9836e+03	7.7856e+01	-7.5273e-01	-3.2388e+02	-1.2317e+03	1.2665e+03	-1.7055e+03	1.7311e+03	6.9335e+02	1.4542e+03	-2.5885e+02	-1.3079e+02	-6.6348e+02	-7.5443e+02	7.0898e+01	5.5892e+02	1.0299e+03	-8.0493e+02	-1.5060e+03	-3.8288e+02	-7.6186e+02	1.5068e+03	-9.1218e+01	1.7820e+03	2.3932e+02	-9.7802e+02	1.4818e+03	-2.4379e+03	-1.5101e+03	7.2591e+02
1.8000e+05	-1.1886e+03	-3.0433e+03	6.0754e+02	-2.7797e+03	4.8095e+02	-1.9456e+03	-2.7713e+02	-2.1100e+02	-5.8964e+02	2.0898e+03	8.2395e+02	-1.4868e+00	-2.2298e+03	-3.0874e+03	3.1501e+03	-4.3855e+02	-1.5949e+03	-5.4955e+02	5.7683e+02	4.3083e+03	1.7709e+02	1.6270e+03	1.0813e+03	-7.6270e+02	1.7571e+03	-3.1715e+02	7.2016e+02	-1.9987e+03	-1.9393e+03	1.2540e+03	-2.8432e+03	3.0190e+02	1.4400e+03	2.2140e+03	-1.0230e+03	1.0907e+03	2.3781e+03	1.0925e+03	-9.9610e+02	2.9892e+03	-5.9001e+02	1.6575e+03	2.1880e+03	5.8893e+02	9.4280e+02	1.9239e+03	-7.5614e+02	-1.1325e+03	-1.1227e+03	-1.4917e+03	8.7465e+02	4.1735e+02	-1.0491e+03	1.1105e+03	-2.1617e+03	1.4364e+03	1.7509e+03	-1.8522e+03	8.0434e+02	4.1910e+02	-2.1200e+03	-3.4939e+03	-1.0365e+01	2.1134e+02	2.3853e+03	-4.0921e+02	1.7838e+03	-1.5983e+02	1.5552e+03	6.6807e+02	-1.2305e+03	-3.6597e+03	1.6102e+03	5.3392e+02	-1.6234e+03	-3.1391e+03	-2.0623e+03	1.1791e+03	-3.4091e+02	-8.7022e+02	1.1191e+03	3.5166e+03	-3.0882e+03	1.2722e+03	-7.5291e+02	9.8357e+02	8.3600e+02	-1.1328e+03	5.8353e+01	2.6015e+03	-5.1735e+02	2.5271e+03	3.0808e+03	-9.2817e+02	-6.0506e+02	6.5400e+02	7.6401e+02	2.6443e+03	3.9881e+02	4.4238e+02	-1.7406e+03	-2.9248e+02	2.3531e+02	3.1925e+03	-9.0436e+00	8.3240e+02	-2.9783e+02	-1.5642e+03	2.6100e+03	1.4262e+02	1.3568e+03	-1.2047e+03	-9.2648e+01	-1.6960e+03	1.4040e+03	-1.7428e+03	1.9140e+03	-1.7350e+02	-2.6676e+00	4.1968e+02	1.7621e+03	-9.1418e+02	-5.4592e+00	-3.3262e+02	1.5356e+03	2.0741e+02	-4.8249e+02	4.1154e+03	8.5327e+01	-1.8762e+03	-1.7505e+03	3.8065e+01	3.6484e+03	1.9545e+02	1.7270e+03	-4.4310e+03	1.1315e+03	2.4233e+03	-5.6420e+02	-7.7660e+02	-1.4952e+03	4.0907e+03	-2.8774e+03	-1.5324e+03	2.1687e+03	2.7904e+02	-1.1641e+03	2.5346e+03	1.6188e+03	2.9542e+03	3.2854e+02	-2.6858e+03	-3.0458e+03	1.7322e+02	1.4115e+03	-3.8699e+02	2.7914e+03	-3.7560e+02	-1.8618e+03	-3.1137e+03	-1.2177e+02	-3.2288e+02	-1.0313e+03	-1.7707e+03	3.6719e+02	9.2233e+02	-1.5560e+03	1.1691e+03	2.4734e+02	-4.0002e+02	1.7827e+03	2.4410e+02	-2.5228e+03	-1.6820e+03	2.2428e+02	-1.2758e+03	-1.8970e+03	1.7706e+03	-1.2726e+03	-4.8623e+02	-3.6319e+01	-2.2677e+03	3.1874e+03	-1.3871e+03	1.8495e+03	5.9216e+03	8.2577e+02	4.9448e+02	-8.1236e+02	-1.2345e+03	3.1860e+03	1.5271e+03	1.0517e+03	1.0893e+03	1.2915e+02	1.7992e+03	-2.0080e+03	-9.1399e+01	5.4006e+02	2.0385e+03
2.0000e+05	-6.1364e+02	2.2493e+02	-4.0275e+02	-6.1077e+02	-1.2277e+03	-5.3321e+02	-8.5068e+02	-1.7354e+03	-8.0116e+02	-5.4760e+02	1.7059e+03	4.8006e+02	-1.7773e+03	2.2751e+03	-8.4913e+02	1.1872e+02	8.8160e+02	-3.4586e+02	-1.2376e+03	6.2213e+02	2.7827e+02	1.4268e+03	2.1771e+03	-2.8385e+02	-9.9290e+02	-1.1689e+03	-1.5459e+02	8.5528e+02	6.7393e+02	3.7629e+01	-2.2193e+02	-1.7998e+03	-2.0667e+02	4.4088e+00	-3.1404e+02	1.2815e+02	1.0902e+03	9.3029e+02	4.2362e+02	1.2653e+03	1.8812e+03	-1.0893e+03	-3.1029e+02	8.4867e+02	7.1482e+02	5.2920e+02	-5.3858e+01	1.0401e+03	8.2253e+02	-1.0501e+03	3.4833e+02	-4.2906e+02	-2.5638e+02	-1.3248e+03	-1.6107e+02	-1.3618e+02	-1.4022e+03	5.5754e+02	2.0386e+03	1.0703e+03	-1.2096e+03	-2.4612e+02	2.2022e+02	-1.1212e+03	2.0272e+03	1.1145e+03	-1.2532e+02	-1.7820e+03	-3.0826e+02	2.5806e+02	-4.4470e+02	-1.3878e+03	-2.4107e+02	-4.7519e+00	1.2028e+03	-1.6034e+03	6.3521e+02	5.7466e+02	2.4521e+03	-1.1967e+02	-7.0292e+01	1.9132e+03	5.5979e+02	1.3793e+03	-8.7195e+01	-2.1652e+03	6.8108e+02	7.1615e+02	-1.2112e+03	-4.3150e+02	-8.5126e+02	8.4621e+02	2.8742e+02	1.7250e+02	-6.8544e+02	1.5053e+03	6.3673e+02	6.5420e+02	-2.6509e+03	-2.9661e+02	5.6567e+02	-3.1155e+02	4.3880e+02	9.9171e+01	-1.1334e+03	-1.1475e+02	4.6450e+02	1.8420e+02	-6.6802e+02	-1.6381e+03	1.6453e+03	-9.8386e+02	1.3514e+03	8.1112e+02	2.7806e+02	1.4390e+03	2.9212e+02	1.2680e+03	-5.7364e+02	1.4493e+03	-2.5989e+03	-4.8104e+02	-4.1021e+02	-2.8314e+03	1.3515e+03	-2.5846e+03	3.6244e+02	-4.1238e+02	-1.4266e+01	-1.1255e+03	4.3641e+02	4.0277e+02	-1.5478e+03	2.8432e+02	-1.8831e+03	2.3357e+03	-1.4849e+03	-5.1377e+02	-5.6550e+02	7.2878e+01	3.1157e+02	-9.1785e+02	2.6411e+02	-1.3277e+03	6.8263e+02	-8.1184e+02	5.1496e+02	-2.5844e+02	-3.9863e+02	-8.7789e+02	3.5969e+01	1.0298e+02	-5.9530e+02	1.5561e+03	-1.1100e+03	-2.1067e+02	9.2579e+02	2.6885e+02	4.3537e+02	2.4905e+03	-2.6214e+02	-6.0614e+02	4.0086e+02	-7.2885e+02	-6.3688e+02	-8.0175e+00	2.4492e+03	-1.7799e+03	-7.1835e+02	1.2803e+03	-2.1609e+03	-1.5461e+02	3.7387e+02	-7.1560e+02	-1.0613e+03	1.3538e+03	-2.1523e+03	2.1973e+03	1.1742e+03	1.8167e+03	2.6245e+02	4.1022e+02	-8.4076e+02	-6.6230e+02	-4.1349e+01	7.6330e+02	4.6706e+02	-1.0443e+03	-1.8773e+03	-2.0509e+02	-9.4426e+02	2.3592e+03	-3.4004e+02	1.9459e+03	9.1533e+02	-9.5432e+02	1.4938e+03	-2.8108e+03	-1.4198e+03	8.9386e+02
2.0000e+05	-1.7747e+03	-3.3680e+03	6.0760e+02	-2.5573e+03	2.5751e+02	-2.3693e+03	-1.2783e+02	-1.0254e+02	8.3376e+01	2.4903e+03	6.9145e+02	-5.8848e+01	-2.8998e+03	-3.4293e+03	2.4520e+03	-8.3525e+02	-2.3137e+03	-6.8037e+01	9.3676e+02	4.1726e+03	6.8424e+00	2.3132e+03	7.2713e+02	-7.6154e+02	1.0940e+03	8.4376e+02	1.3710e+03	-2.9031e+03	-1.9065e+03	1.0916e+03	-2.6235e+03	8.2151e+02	1.2791e+03	1.2896e+03	-1.4626e+03	-3.5908e+01	2.9893e+03	1.1158e+03	-1.4894e+03	3.1825e+03	-1.3598e+03	9.5603e+02	1.1268e+03	5.5745e+02	1.6781e+03	1.7158e+03	-7.5510e+02	-1.2054e+03	-6.2151e+02	-2.1402e+03	9.6422e+02	1.8445e+02	-1.8597e+02	1.4183e+03	-2.1613e+03	1.9155e+03	1.7232e+03	-1.0212e+03	9.1247e+02	-1.9538e+03	-2.9510e+03	-2.6314e+03	1.8797e+02	4.1117e+02	1.7017e+03	-4.5947e+02	2.2346e+03	2.6298e+01	1.7395e+03	3.6294e+02	-8.7358e+02	-3.5452e+03	1.6670e+03	1.0312e+03	-1.4082e+03	-2.4597e+03	-1.9319e+03	1.5822e+03	-7.4340e+02	-5.6602e+02	1.5518e+02	3.0244e+03	-2.1929e+03	1.5426e+03	-1.6069e+03	-6.1227e+02	2.3446e+02	-9.5301e+02	8.2850e+02	1.5109e+03	-1.2271e+03	2.1135e+03	2.9287e+03	-1.3169e+03	1.1677e+02	5.8517e+02	1.0909e+03	3.1996e+03	4.1833e+02	7.0993e+01	-3.1325e+03	-2.0054e+02	-1.0957e+03	2.8911e+03	3.3796e+02	6.2643e+02	4.7503e+02	-1.3023e+03	2.3687e+03	4.1012e+02	1.4721e+03	-1.1003e+03	-5.4768e+02	-2.1136e+03	1.8285e+03	-2.3923e+03	3.0556e+03	4.1622e+02	-8.8467e+01	4.0188e+01	1.6381e+03	-1.7788e+03	-7.1402e+02	3.1965e+01	1.5841e+03	6.1451e+02	-1.7839e+02	3.6351e+03	2.2930e+02	-2.2840e+03	-2.4633e+03	4.1078e+02	3.6848e+03	-1.8557e+02	1.4179e+03	-3.7048e+03	2.7841e+03	2.4013e+03	-1.1775e+03	-6.7771e+02	-2.0647e+03	4.6097e+03	-1.7832e+03	-1.7100e+03	1.7318e+03	-6.9136e+01	-9.6870e+02	2.3793e+03	2.0694e+03	3.2784e+03	3.3068e+02	-1.1518e+03	-2.3551e+03	3.1592e+02	1.2795e+03	6.3169e+02	2.5967e+03	-1.2252e+02	-1.7541e+03	-4.7072e+03	-1.0580e+02	-6.6046e+02	-7.8793e+02	-1.9230e+03	5.3409e+02	1.2334e+03	-3.4198e+02	6.0288e+02	1.2339e+03	7.5776e+02	2.7988e+03	2.1186e+00	-3.3910e+03	-2.0715e+03	1.2516e+03	-9.9019e+02	-2.5793e+03	1.7936e+03	-9.3062e+02	-1.5320e+03	-8.0474e+02	-2.9793e+03	3.4858e+03	-2.1834e+03	1.8705e+03	4.9323e+03	4.3086e+02	1.0642e+03	-1.8491e+01	-1.8728e+03	3.0006e+03	1.9245e+03	9.1456e+02	2.0854e+03	4.5386e+02	2.6104e+03	-1.5920e+03	5.3481e+01	1.2604e+01	2.4929e+03
