2.0000e+05	8.0072e+04
2.0000e+05	8.0032e+04
2.0000e+05	8.0405e+04
2.0000e+05	8.1781e+04
2.0000e+05	8.1752e+04
2.0000e+05	8.3271e+04
2.0000e+05	8.5258e+04
2.0000e+05	8.7179e+04
2.0000e+05	8.8900e+04
2.0000e+05	9.0497e+04
2.0000e+05	9.3407e+04
2.0000e+05	9.6048e+04
2.0000e+05	9.8138e+04
2.0000e+05	1.0073e+05
2.0000e+05	1.0455e+05
2.0000e+05	1.0709e+05
2.0000e+05	1.0976e+05
2.0000e+05	1.1279e+05
2.0000e+05	1.1532e+05
2.0000e+05	1.1792e+05
2.0000e+05	1.1988e+05
2.0000e+05	1.2278e+05
2.0000e+05	1.2448e+05
2.0000e+05	1.2609e+05
2.0000e+05	1.2548e+05
2.0000e+05	1.2200e+05
2.0000e+05	1.2026e+05
2.0000e+05	1.2038e+05
2.0000e+05	1.2219e+05
2.0000e+05	1.2311e+05
2.0000e+05	1.2301e+05
2.0000e+05	1.2267e+05
2.0000e+05	1.2254e+05
2.0000e+05	1.2143e+05
2.0000e+05	1.2189e+05
2.0000e+05	1.2202e+05
2.0000e+05	1.2207e+05
2.0000e+05	1.2198e+05
2.0000e+05	1.2246e+05
2.0000e+05	1.2166e+05
2.0000e+05	1.2114e+05
2.0000e+05	1.2058e+05
2.0000e+05	1.2127e+05
2.0000e+05	1.2209e+05
2.0000e+05	1.2197e+05
2.0000e+05	1.2049e+05
2.0000e+05	1.2096e+05
2.0000e+05	1.2040e+05
2.0000e+05	1.2074e+05
2.0000e+05	1.1994e+05
2.0000e+05	1.2008e+05
2.0000e+05	1.2038e+05
2.0000e+05	1.1947e+05
2.0000e+05	1.2004e+05
2.0000e+05	1.1938e+05
2.0000e+05	1.1846e+05
2.0000e+05	1.1901e+05
2.0000e+05	1.1867e+05
2.0000e+05	1.1817e+05
2.0000e+05	1.1809e+05
2.0000e+05	1.1791e+05
2.0000e+05	1.1768e+05
2.0000e+05	1.1762e+05
2.0000e+05	1.1702e+05
2.0000e+05	1.1665e+05
2.0000e+05	1.1645e+05
2.0000e+05	1.1570e+05
2.0000e+05	1.1598e+05
2.0000e+05	1.1497e+05
2.0000e+05	1.1496e+05
2.0000e+05	1.1529e+05
2.0000e+05	1.1402e+05
2.0000e+05	1.1396e+05
2.0000e+05	1.1314e+05
2.0000e+05	1.1302e+05
2.0000e+05	1.1255e+05
2.0000e+05	1.1310e+05
2.0000e+05	1.1247e+05
2.0000e+05	1.1138e+05
2.0000e+05	1.1081e+05
2.0000e+05	1.1174e+05
2.0000e+05	1.1051e+05
2.0000e+05	1.1026e+05
2.0000e+05	1.0944e+05
2.0000e+05	1.0971e+05
2.0000e+05	1.0874e+05
2.0000e+05	1.0865e+05
2.0000e+05	1.0849e+05
2.0000e+05	1.0824e+05
2.0000e+05	1.0747e+05
2.0000e+05	1.0705e+05
2.0000e+05	1.0666e+05
2.0000e+05	1.0618e+05
2.0000e+05	1.0578e+05
2.0000e+05	1.0549e+05
2.0000e+05	1.0485e+05
2.0000e+05	1.0504e+05
2.0000e+05	1.0431e+05
2.0000e+05	1.0393e+05
2.0000e+05	1.0386e+05
2.0000e+05	1.0300e+05
2.0000e+05	1.0276e+05
2.0000e+05	1.0191e+05
2.0000e+05	1.0176e+05
2.0000e+05	1.0172e+05
2.0000e+05	1.0167e+05
2.0000e+05	1.0062e+05
2.0000e+05	1.0068e+05
2.0000e+05	9.9574e+04
2.0000e+05	1.0015e+05
2.0000e+05	9.8728e+04
2.0000e+05	9.9258e+04
2.0000e+05	9.7947e+04
2.0000e+05	9.8202e+04
2.0000e+05	9.7836e+04
2.0000e+05	9.7720e+04
2.0000e+05	9.6727e+04
2.0000e+05	9.6341e+04
2.0000e+05	9.5409e+04
2.0000e+05	9.5984e+04
2.0000e+05	9.5805e+04
2.0000e+05	9.4830e+04
2.0000e+05	9.5032e+04
2.0000e+05	9.4005e+04
2.0000e+05	9.4426e+04
2.0000e+05	9.3693e+04
2.0000e+05	9.3259e+04
2.0000e+05	9.3189e+04
2.0000e+05	9.2265e+04
2.0000e+05	9.2425e+04
2.0000e+05	9.1905e+04
2.0000e+05	9.1560e+04
2.0000e+05	9.0997e+04
2.0000e+05	9.1133e+04
2.0000e+05	9.0573e+04
2.0000e+05	9.0639e+04
2.0000e+05	9.0052e+04
2.0000e+05	8.9743e+04
2.0000e+05	8.9463e+04
2.0000e+05	8.9421e+04
2.0000e+05	8.9450e+04
2.0000e+05	8.8352e+04
2.0000e+05	8.8158e+04
2.0000e+05	8.7916e+04
2.0000e+05	8.8057e+04
2.0000e+05	8.7502e+04
2.0000e+05	8.7554e+04
2.0000e+05	8.7383e+04
2.0000e+05	8.6693e+04
2.0000e+05	8.6263e+04
2.0000e+05	8.6416e+04
2.0000e+05	8.6056e+04
2.0000e+05	8.5701e+04
2.0000e+05	8.5535e+04
2.0000e+05	8.4975e+04
2.0000e+05	8.4824e+04
2.0000e+05	8.4746e+04
2.0000e+05	8.4281e+04
2.0000e+05	8.4573e+04
2.0000e+05	8.4741e+04
2.0000e+05	8.4093e+04
2.0000e+05	8.3526e+04
2.0000e+05	8.4104e+04
2.0000e+05	8.3174e+04
2.0000e+05	8.3184e+04
2.0000e+05	8.2993e+04
2.0000e+05	8.3302e+04
2.0000e+05	8.2818e+04
2.0000e+05	8.2284e+04
2.0000e+05	8.2216e+04
2.0000e+05	8.2300e+04
2.0000e+05	8.1966e+04
2.0000e+05	8.1944e+04
2.0000e+05	8.1180e+04
2.0000e+05	8.1790e+04
2.0000e+05	8.2019e+04
2.0000e+05	8.1433e+04
2.0000e+05	8.0845e+04
2.0000e+05	8.0825e+04
2.0000e+05	8.1188e+04
2.0000e+05	8.0841e+04
2.0000e+05	8.0448e+04
2.0000e+05	8.0630e+04
2.0000e+05	8.0912e+04
2.0000e+05	8.1074e+04
2.0000e+05	8.0460e+04
2.0000e+05	8.1031e+04
2.0000e+05	8.0577e+04
2.0000e+05	8.0501e+04
2.0000e+05	8.0030e+04
2.0000e+05	8.0297e+04
2.0000e+05	8.0195e+04
2.0000e+05	8.0249e+04
2.0000e+05	8.0207e+04
2.0000e+05	7.9894e+04
2.0000e+05	7.9600e+04
2.0000e+05	8.0231e+04
2.0000e+05	7.9356e+04
2.0000e+05	8.0071e+04
2.0000e+05	7.8950e+04
