2.0000e+04	-2.5453e+02	-1.7645e+02	-5.3813e+02	-3.8195e+02	1.1751e+01	-3.0331e+02	5.8362e+02	-4.0497e+01	-2.0242e+02	-3.6574e+02	5.7298e+01	5.9584e+02	-2.3999e+02	-5.5192e+02	-1.5241e+02	8.7040e+01	-2.0073e+01	2.1261e+02	-6.1107e+02	6.2172e+02	8.3565e+01	1.6702e+01	5.4370e+01	-1.1659e+02	-5.5066e+01	6.0843e+00	4.2456e+02	-3.1631e+01	-2.1223e+02	-1.6074e+02	-4.5495e+02	-5.3240e+02	6.1022e+02	1.7998e+02	-9.3720e+01	-3.8468e+02	-1.7880e+02	1.0369e+02	2.9369e+02	-9.4907e+00	4.4649e+02	-1.8712e+02	-1.0946e+02	1.5172e+02	-3.8221e+02	1.0376e+02	1.0340e+02	-1.9336e+01	3.4728e+01	-2.9742e+02	6.9083e+02	4.2566e+02	2.3130e+02	-1.4432e+02	7.1663e+02	-1.8790e+02	-4.5394e+02	1.7264e+02	-5.4065e+00	-6.5070e+01	3.9477e+01	8.0646e+01	-5.8771e+02	3.7925e+02	-1.0926e+02	-5.0495e+01	9.9153e+01	-8.6707e+01	5.4289e+02	8.2347e+01	8.1101e+00	-1.2159e+02	5.4144e+02	-3.4844e+02	-2.4669e+01	-1.9349e+02	2.6110e+00	2.2943e+02	2.2646e+02	-7.1075e+02	-5.0229e+02	-6.8605e+02	-2.0343e+02	4.5575e+00	-4.9252e+02	1.8129e+02	1.2332e+01	-2.5698e+02	1.2385e+01	6.3458e+01	-3.5426e+02	-1.6163e+02	-1.7146e+01	-6.5481e+02	-2.5404e+02	-1.2090e+02	1.6261e+02	1.3582e+02	6.9708e+02	-7.6512e+02	3.3310e+02	-5.0379e+02	-3.9998e+02	-8.0936e+02	1.7656e+02	-6.1977e+01	2.6809e+02	-1.2287e+02	5.2162e+02	-3.2077e+02	1.4160e+01	-1.5747e+02	1.9375e+02	6.0723e+02	-5.0737e+02	6.0469e+01	-5.3738e+02	-2.6270e+02	-1.1251e+02	8.1751e+01	-6.3951e+01	9.4697e+01	-3.8939e+02	-3.9486e+01	-6.8292e+02	-4.8560e+02	2.7502e+02	2.6448e+02	-1.8090e+02	1.9938e+02	-2.3462e+02	1.5252e+02	1.5946e+02	4.7458e+02	-3.5787e+01	6.7008e+02	1.4744e+02	2.0759e+02	1.7672e+01	1.6442e+02	6.0772e+02	1.2506e+02	1.9061e+02	2.9785e+02	-3.6458e+02	-3.0994e+02	1.2540e+02	-7.4869e+02	-7.0409e+02	5.5275e+01	-1.3770e+02	-1.3833e+01	-1.9527e+02	2.2966e+02	1.7350e+02	3.1280e+02	-1.8107e+02	3.6553e+02	5.3823e+02	4.4796e+02	5.4504e+02	-6.9036e+01	8.4365e+01	1.1820e+01	1.0248e+02	-1.4143e+02	-8.8637e+02	3.7852e+01	-4.4234e+02	-9.5754e+01	2.9174e+02	1.4270e+02	2.8504e+02	1.9344e+02	-6.8136e+01	-9.4552e+01	-5.6280e+02	-5.7545e+02	2.6749e+02	9.9384e+01	-3.4143e+02	-1.7338e+02	-1.3558e+02	2.0193e+02	4.9912e+02	1.0844e+02	-1.7951e+01	-9.1659e+02	-2.8841e+02	-1.2318e+02	3.8224e+01	-1.9747e+02	8.1180e+00	3.2278e+01	2.2251e+02	7.9012e+02	9.6796e+02	-2.3667e+02	-2.5509e+02	-2.4756e+02
2.0000e+04	-5.0643e+02	-3.1141e+02	-3.8595e+02	4.7236e+02	1.2297e+03	-6.8741e+02	-4.1550e+02	-3.2631e+02	1.3612e+02	-9.0942e+01	-4.1014e+02	-3.8501e+02	-3.6540e+02	-5.2392e+01	1.2968e+03	-2.0495e+01	6.6005e+00	6.3484e+02	-1.2702e+02	3.0411e+02	-3.2832e+02	-1.2575e+03	9.3475e+02	-1.1855e+02	-9.7059e+01	-1.4235e+03	-1.9009e+02	7.0935e+02	1.7071e+02	6.6373e+01	6.5946e+01	-6.0708e+02	-4.5326e+02	-3.7364e+02	-7.3357e+02	3.7206e+02	1.7097e+02	5.6597e+02	1.1869e+03	6.3354e+02	3.8811e+02	-4.3280e+02	3.6408e+01	-4.6070e+02	-6.5661e+01	-2.1510e+02	1.8752e+02	8.8644e+02	-2.7371e+02	2.3250e+02	-2.0471e+02	3.0127e+02	2.4501e+02	1.7131e+02	-4.2339e+02	-3.3294e+02	5.4945e+02	4.1374e+02	2.5971e+02	2.5963e+02	4.3425e+02	-7.1891e+02	6.7748e+02	-7.3097e+01	-5.4021e+02	-9.1996e+02	-4.1625e+02	-7.0371e+02	-4.4448e+02	-1.1072e+03	-1.5415e+02	6.1524e+02	7.8799e+02	-1.2248e+02	-4.4158e+02	1.6820e+01	2.4887e+02	-9.3475e+01	1.0882e+03	-5.8125e+02	7.3567e+02	-1.4373e+02	-4.1024e+02	1.8727e+02	8.6164e+02	-1.4637e+02	-3.8625e+02	2.9447e+02	6.9904e+01	7.2659e+02	-7.7505e+02	3.9727e+01	5.6343e+02	3.5949e+02	1.1711e+03	-1.9106e+01	3.0734e+02	5.4070e+02	-3.6602e+02	-2.3527e+02	-5.1184e+02	-1.4595e+02	-5.5080e-01	5.7822e+02	-8.4117e+02	8.0002e+01	4.6106e+02	2.3984e+02	7.5690e+02	5.3481e+02	-8.3143e+02	2.6682e+02	-3.1468e+02	1.2349e+02	-4.6482e+02	2.5711e+02	-6.2443e+02	-5.5315e+02	5.0823e+02	-5.3918e+02	-3.4257e+00	-2.7692e+01	1.5687e+02	1.2742e+03	7.2906e+02	7.9989e+01	7.7620e+02	1.4406e+03	6.6753e+02	-4.5421e+02	1.8537e+02	1.4461e+02	-2.4342e+02	3.2256e+02	4.1083e+02	1.5794e+01	7.3376e+02	-8.2000e+02	4.2068e+02	-8.4970e+02	1.9756e+02	7.0401e+02	1.0894e+02	4.1286e+01	-3.6201e+02	-5.6670e+01	-1.7010e+02	1.0166e+03	5.1555e+01	-1.0165e+03	-1.1564e+03	3.1632e+02	3.3783e+02	6.5763e+02	-1.2518e+02	6.4379e+02	-2.0746e+02	-1.3643e+02	1.4799e+02	8.5316e+02	7.3705e+02	-1.8228e+01	2.6949e+02	-1.2735e+03	4.0798e+02	3.0101e+01	-5.7494e+02	-3.2058e+00	-5.3307e+02	2.3869e+01	2.1323e+02	4.8896e+02	4.3273e+02	-2.1750e+02	-5.1451e+02	-2.0942e+02	1.6663e+02	-2.3625e+02	-4.0748e+02	6.7752e+02	-1.5084e+02	-2.0953e+02	9.5366e+02	-5.1763e+02	-2.1612e+02	-3.5896e+02	6.7717e+02	1.2415e+01	-7.4436e+02	4.3664e+02	2.7562e+02	1.1178e+02	4.1279e+02	-1.3413e+03	-4.8153e+02	3.4983e+02	5.5441e+02	3.9154e+02	8.7104e+02	4.4637e+02
4.0000e+04	-6.8163e+02	-1.8615e+01	-3.5421e+01	-6.9784e+02	3.7099e+02	-4.5965e+02	7.1958e+02	-5.0240e+01	9.8677e+01	1.4259e+02	8.7573e+02	1.0254e+03	-3.0568e+02	-6.4720e+02	6.6146e+02	1.1785e+01	-8.4287e+01	2.6615e+02	-1.7341e+02	2.8587e+02	-1.3879e+02	3.1648e+02	1.3648e+02	-6.0549e+02	1.3467e+02	-9.4842e+00	3.8745e+02	-8.7660e+02	-1.4939e+02	3.8365e+02	-6.8963e+01	-1.5761e+02	6.0757e+02	-2.4009e+02	-2.1372e+02	-2.7153e+02	-6.7309e+02	-3.8519e+02	-1.4802e+02	-7.6674e+01	4.6636e+02	-8.6613e+01	-8.0131e+00	2.2467e+02	-5.8416e+02	1.7010e+02	-2.4860e+02	7.2864e+01	-3.9657e+02	-2.2707e+02	7.8303e+02	6.5748e+02	5.6655e+02	-3.7938e+02	2.7306e+02	2.2683e+02	-4.9424e+02	-1.8078e+02	-2.8602e+01	-1.6015e+02	2.9949e+02	4.7393e+02	-6.0788e+02	1.9965e+02	-6.8738e+01	5.7237e+02	8.2566e+02	-3.2464e+02	4.3535e+01	-6.5718e+01	3.6256e+02	-2.8828e+02	1.5185e+02	-1.3518e+02	-3.7980e+02	-1.4973e+01	-5.1168e+01	-2.5250e+02	6.7288e+02	-1.5904e+03	-8.7080e+02	-7.4062e+02	-1.9801e+02	-3.8431e+02	-5.6742e+02	-1.8966e+02	3.4332e+02	-2.5031e+02	5.6622e+02	2.1562e+02	-5.6295e+02	-2.1322e+02	-3.0667e+02	-4.2545e+02	-1.7290e+02	6.7241e+02	-1.7691e+02	-4.3934e+02	9.9154e+02	-5.4355e+02	1.2303e+02	-3.8202e+02	-4.9909e+02	-5.1030e+02	8.2232e+01	7.2538e+00	2.0587e+02	4.9496e+01	6.0456e+02	-4.7492e+00	4.2702e+02	-3.4587e+01	-8.2798e+02	4.6693e+02	-4.0225e+02	-2.2117e+02	-3.4680e+02	-5.5081e+02	3.3987e+01	1.8615e+02	3.2746e+02	8.5868e+01	-1.9030e+02	-2.4062e+02	-1.7002e+03	-2.2660e+02	9.9602e+01	-1.5474e+02	-2.5334e+02	6.0538e+02	-6.4012e+02	-6.1410e+01	1.6855e+02	4.6500e+02	3.8192e+02	1.0838e+03	7.7483e+02	5.9059e+02	4.2736e+02	-8.8153e+01	6.2874e+02	-6.9109e+01	2.0123e+02	3.2313e+02	-8.1832e+02	-6.3951e+02	1.6658e+02	-3.1980e+02	-3.5260e+01	-5.5064e+02	5.2991e+01	-9.7349e+02	-5.7468e+02	2.1206e+02	5.2990e+02	2.2097e+02	1.6567e+02	5.1291e+02	7.9756e+02	7.4968e+02	7.0956e+02	-3.9080e+02	-1.6824e+02	-3.6542e+01	-1.3175e+02	-1.0596e+02	-5.9690e+02	-3.8586e+02	2.1950e+02	-6.6348e+02	5.4804e+02	3.4260e+02	4.9967e+02	7.0080e+02	8.1621e+02	3.9855e+02	-4.5868e+02	-5.5745e+02	1.0687e+03	-2.5235e+02	-3.1910e+02	-9.1288e+01	4.0602e+01	-8.3710e+01	7.5343e+02	7.0431e+02	-3.3317e+02	-7.9401e+01	-3.9793e+02	3.6120e+02	-2.9408e+01	-1.8497e+02	-6.3871e+01	-5.2264e+01	2.5758e+02	4.6718e+02	9.3577e+02	4.2084e+02	-4.3715e+02	-7.1741e+02
4.0000e+04	-7.9809e+02	-8.1533e+01	-6.2306e+02	9.2190e+01	1.5351e+03	-8.0030e+02	-3.4975e+02	-1.8301e+02	-2.7699e+02	8.2246e+02	-8.4836e+02	-6.5193e+02	1.9392e+02	-7.0135e+01	2.0385e+03	-8.4620e+02	3.9981e+01	7.9919e+02	-6.1326e+02	7.3678e+02	-6.1891e+02	-1.3539e+03	5.5451e+02	5.5441e+02	-4.0933e+02	-1.3044e+03	-1.5916e+02	2.5225e+02	1.2304e+02	-1.3531e+02	-1.8337e+02	-1.2262e+03	-2.5527e+02	5.1637e+02	-1.1298e+03	1.1040e+03	-2.8988e+02	6.5425e+02	9.4225e+02	1.3050e+03	7.1393e+02	-1.0203e+02	-3.2319e+02	-3.8888e+02	4.4560e+02	1.9448e+02	4.2953e+02	5.3439e+02	9.0929e+01	1.9175e+02	-5.8009e+02	7.4445e+02	1.3975e+03	7.3017e+02	4.4134e+02	-5.7704e+02	1.3551e+03	4.9221e+02	9.9844e+02	-1.5633e+02	1.0882e+03	-1.0610e+03	1.3797e+03	-3.4217e+02	-1.0609e+03	-8.7135e+02	-3.8182e+02	-1.8590e+03	-6.1971e+02	-1.6348e+03	-9.6518e+01	1.1677e+03	1.3763e+02	2.9738e+02	-9.4751e+02	-2.3350e+02	1.1496e+03	-6.5958e+02	5.0114e+02	-9.1821e+02	4.1569e+02	3.4292e+01	-1.3672e+03	6.3234e+02	1.2369e+02	-5.8657e+02	-2.3158e+02	1.0566e+02	6.6485e+02	1.4600e+03	-1.0056e+02	3.1925e+02	2.8727e+02	4.8854e+02	1.6150e+03	4.6301e+02	3.8609e+02	8.1985e+02	-1.8736e+03	3.0698e+01	-1.1275e+03	6.0133e+02	4.5743e+02	7.2865e+02	-1.2924e+03	2.4821e+02	2.0298e+02	-4.5606e+01	1.3881e+03	1.2654e+03	-1.9935e+03	1.0668e+03	-4.5305e+02	6.0359e+02	-9.1896e+01	-5.4629e+02	-9.1855e+02	3.6414e+02	1.3479e+03	-7.7386e+02	2.6979e+02	2.0012e+02	-3.5242e+02	7.5160e+02	9.6767e+02	4.7718e+02	8.7897e+02	4.4958e+02	7.2678e+02	-4.6007e+02	2.3661e+02	1.9690e+03	5.3704e+01	-4.9320e+02	5.0080e+02	-6.6346e+02	-2.3386e+02	-9.2485e+02	-5.7797e+02	-3.4597e+02	6.9545e+01	6.3630e+02	4.7526e+02	-3.6656e+02	5.1632e+00	-2.6112e+01	-4.4460e+02	5.5831e+02	-6.8640e+02	1.6508e+02	-2.2505e+03	-6.6918e+01	5.3684e+01	8.0186e+02	7.9503e+02	-2.9128e+02	-3.7344e+01	-1.3367e+02	1.0504e+03	6.6620e+02	3.5646e+02	-9.1768e+02	1.7600e+02	-1.6944e+03	6.9788e+02	1.6266e+02	-4.5779e+02	-8.9807e+02	-6.7667e+02	-2.9472e+02	3.9077e+02	1.5231e+02	3.9598e+02	-2.7489e+02	-5.9626e+02	-1.7168e+01	-3.5766e+02	3.9562e+02	-9.6608e+02	1.1071e+03	2.2687e+01	-6.9281e+02	1.5671e+03	-1.0527e+03	-3.9022e+01	-3.0891e+02	1.2434e+03	1.1041e+03	-1.6180e+03	1.1150e+02	-6.0943e+02	-5.3126e+02	9.7660e+02	-1.1490e+03	-5.8417e+02	9.5474e+01	7.8493e+02	-8.5401e+02	1.5094e+03	8.7807e+02
6.0000e+04	-6.1983e+02	8.3100e+01	-2.8638e+02	-8.5005e+02	-1.9545e+02	-1.0582e+03	6.4128e+02	-3.2096e+02	-2.9978e+02	9.6620e+01	1.4808e+03	6.6491e+02	-6.9340e+02	-1.0338e+03	7.5114e+02	-2.0539e+01	-3.8637e+02	5.0489e+02	7.1731e+01	-1.2812e+02	2.2200e+02	2.0054e+02	-1.1260e+01	-1.4465e+02	-5.3072e+02	5.2356e+02	3.2829e+02	-7.4377e+02	3.3459e+02	6.5332e+02	3.2496e+02	2.8639e+02	7.6006e+02	-3.6644e+02	-1.1699e+03	-4.2843e+02	-5.1461e+02	-7.3663e+01	-2.3428e+02	6.3592e+01	1.1495e+02	-1.7509e+02	-2.7786e-01	2.4415e+02	-7.9902e+02	1.1770e+02	-5.2445e+02	9.6393e+01	-2.6485e+02	-2.8447e+02	1.1556e+03	1.6527e+02	6.0063e+02	-4.5021e+02	-4.5466e+02	2.1748e+02	-7.3031e+02	-1.1399e+02	-2.9616e+02	-7.7277e+01	4.5898e+02	5.3697e+02	-9.2989e+02	5.0299e+01	7.1186e+02	-2.3645e+02	1.0304e+03	-8.8823e+02	-1.5699e+02	-4.7528e+02	6.6188e+02	-5.6673e+02	5.4788e+01	4.3397e+01	-7.3529e+02	2.5170e+02	3.6777e+02	-9.5124e+02	4.8649e+02	-1.5970e+03	-8.8112e+02	-1.2900e+03	4.4464e+02	-1.2321e+02	-4.0616e+02	-3.9731e+02	4.6389e+02	-7.6191e+02	3.2320e+02	7.1519e+02	-5.7592e+02	-2.7990e+02	-3.8331e+02	-1.6083e+02	-7.8821e+02	3.5443e+02	-1.0581e+02	-6.6187e+02	1.2632e+03	-5.2704e+02	1.9291e+02	-4.5102e+01	-7.7146e+02	-4.0043e+02	4.9777e+02	9.2722e+02	3.7523e+01	-9.3357e+02	3.7525e+02	2.0993e+02	6.8141e+01	-4.0181e+01	-7.9524e+02	1.5799e+02	-5.1278e+02	-1.0029e+02	-1.7971e+02	-1.0890e+03	4.6738e+02	-6.3128e+02	-2.9391e+02	1.4963e+02	2.8057e+02	1.0358e+02	-1.4363e+03	-3.7394e+02	1.9729e+02	-4.4489e+02	-1.5947e+02	4.1618e+02	-1.4043e+03	-3.8988e+02	-7.7179e+01	3.7808e+02	2.9856e+02	1.5753e+03	5.5038e+02	7.7832e+02	1.2245e+02	7.0718e+02	6.3013e+02	-6.3340e+01	1.1267e+02	7.1265e+02	-1.1823e+03	-5.1108e+02	6.5452e+02	-3.0540e+02	7.3885e+00	-1.3596e+03	3.7030e+02	-3.8781e+02	-8.6707e+02	-4.8769e+02	5.8497e+02	6.9009e+02	6.4414e+02	1.2883e+03	1.4654e+03	1.0093e+03	8.6308e+02	-3.0511e+02	1.5858e+02	-1.4894e+02	-4.2118e+00	-9.2917e+02	-6.0463e+02	-4.1236e+02	4.0947e+02	-3.3654e+02	9.9878e+01	3.2869e+02	6.2579e+02	4.4488e+02	6.3268e+02	1.8403e+02	-7.1722e+02	-1.3945e+02	3.0642e+02	-6.7341e+02	-6.9376e+02	-1.7327e+02	-4.0717e+01	3.6829e+01	7.8134e+02	1.0345e+03	-5.0833e+02	-3.7174e+02	-7.1940e+02	1.8369e+02	-4.1392e+02	1.6247e+01	-6.5219e+02	-4.5707e+02	4.6140e+02	6.6517e+02	9.9363e+02	6.9258e+02	-8.6879e+02	-1.0219e+03
6.0000e+04	-5.3596e+02	9.6228e+02	4.5245e+02	2.4964e+02	1.7240e+03	-8.7051e+02	-1.6118e+02	-6.7498e+02	-5.6598e+02	1.8104e+03	-8.5487e+02	-9.9433e+02	-5.6307e+02	3.0785e+02	9.9262e+02	-1.2414e+03	1.6152e+03	1.2746e+03	-5.4984e+02	6.5375e+02	-6.5222e+02	-1.4893e+03	1.0536e+03	3.1188e+02	-1.3036e+03	-4.9822e+02	9.6182e+01	1.6600e+02	-5.0385e+02	2.0293e+02	4.6686e+02	-2.0588e+03	8.2369e+02	2.4391e+02	-1.0686e+03	2.2549e+03	-2.6657e+01	6.3881e+02	1.3986e+03	7.0670e+02	-3.5767e+02	-2.0537e+02	4.8504e+02	-1.8409e+03	8.2116e+02	1.4864e+01	5.6054e+02	4.9283e+02	-5.2067e+02	7.8898e+02	1.3733e+02	1.2175e+03	1.0603e+03	7.2634e+02	1.4511e+03	-5.7983e+02	2.0745e+03	7.6706e+02	1.8142e+03	9.0729e+02	1.5953e+03	-1.1481e+03	1.8783e+03	2.4531e+02	2.6081e+01	-8.0273e+02	-1.8003e+03	-1.8136e+03	-8.4207e+02	-2.3091e+03	-1.3778e+02	1.2280e+03	-2.2220e+02	3.3542e+02	-1.2642e+03	5.2928e+02	1.0471e+03	-6.9628e+02	8.0814e+02	-1.7473e+03	1.9695e+02	-1.3462e+03	-1.3530e+03	9.1894e+02	-3.9114e+02	-1.1314e+03	4.0957e+01	5.3008e+02	-5.1975e+02	4.5698e+02	-1.1457e+03	9.4050e+02	1.1646e+03	4.9911e+02	2.1673e+03	8.3026e+01	6.6302e+02	8.3671e+02	-1.9396e+03	4.3552e+02	-5.6910e+02	7.4628e+02	1.4000e+02	1.4363e+03	-4.7079e+02	5.4774e+01	6.4982e+02	-5.5379e+02	1.4589e+03	1.7855e+03	-1.4927e+03	5.6331e+02	9.5866e+00	-5.8800e+02	-2.6327e+02	-1.0847e+02	-1.2112e+02	2.2096e+00	1.5414e+03	-1.9592e+02	3.2805e+02	5.4414e+02	1.4129e+02	6.8116e+02	1.1647e+02	6.9021e+02	1.0317e+03	8.0000e+02	1.6136e+03	3.7784e+00	-1.1621e+02	1.5239e+03	2.5961e+02	-1.6359e+02	6.9926e+02	-3.1122e+02	1.5510e+02	-1.7305e+03	-1.0696e+03	5.0096e+02	-4.8024e+02	8.3375e+02	1.6670e+02	5.6489e+02	-2.9711e+02	5.1342e+02	-1.9070e+03	1.8287e+02	2.1307e+01	2.9102e+02	-2.2695e+03	9.6865e+02	5.2752e+02	1.0806e+03	8.7158e+02	-3.9007e+02	-1.1904e+03	-4.8051e+02	5.3867e+02	-1.7462e+01	3.0581e+02	-1.1947e+03	1.5403e+02	-1.0003e+02	1.1320e+03	-2.0759e+02	-8.8574e+02	-7.3425e+02	-9.2762e+02	-1.8151e+02	1.1156e+02	9.4738e+02	1.8229e+02	1.9607e+02	-2.3125e+02	-2.8858e+02	-5.2360e+02	1.6916e+03	-5.6704e+02	9.8557e+02	1.9915e+02	8.2583e+02	2.0764e+03	-1.4304e+03	4.4212e+02	2.5095e+02	1.0928e+03	-1.4252e+01	-2.7837e+03	-5.1054e+02	-4.3263e+02	2.0974e+02	1.2711e+03	-1.0398e+03	-7.5310e+02	-7.8956e+02	-1.2032e+00	-1.7085e+02	1.8212e+03	1.2577e+03
8.0000e+04	-8.9028e+02	-1.1569e+02	4.2498e+02	-1.1013e+03	2.8678e+02	-6.8039e+02	8.3892e+02	-1.9163e+02	-7.9350e+02	-1.7542e+02	1.8245e+03	5.5474e+02	-1.0865e+03	-1.1776e+03	1.1817e+03	2.0120e+02	1.7631e+02	6.8258e+02	-1.6033e+02	-5.8136e+02	8.2453e+02	4.0988e+02	-8.1028e+02	-4.1624e+01	-6.7946e+01	3.6084e+02	1.4923e+02	-8.3136e+02	9.5204e+01	1.4048e+03	7.4212e+02	-3.1060e+02	4.9956e+02	-5.7317e+02	-1.6099e+03	-3.7464e+02	-7.4393e+02	3.4511e+02	2.1814e+02	-4.4382e+02	-6.1470e+02	6.4872e+01	5.6720e+02	1.9910e+02	-1.4045e+02	7.3058e+02	-4.3494e+02	-4.9416e+02	-3.2164e+02	-3.1581e+02	9.5470e+02	1.8231e+02	5.4926e+02	-1.9344e+02	-8.6171e+02	6.4795e+02	-1.0618e+03	-2.9396e+02	-3.6357e+02	-2.3834e+02	5.0651e+02	5.7006e+02	-1.0382e+03	5.3468e+02	9.8181e+02	-1.3705e+02	3.5737e+02	-5.2017e+02	-2.8757e+02	-3.4554e+02	3.4070e+02	-3.3900e+02	8.0824e+02	4.2829e+02	-2.5310e+02	3.2725e+02	5.8697e+02	-9.8847e+02	1.6383e+03	-2.0865e+03	-8.7025e+02	-7.4906e+02	8.0228e+02	5.0770e+02	-3.1151e+02	-3.9450e+02	3.7226e+02	-8.2287e+02	1.2453e+02	-1.4152e+01	-1.2024e+03	-3.3724e+02	-7.9121e+02	1.2960e+02	-7.0112e+02	7.9734e+02	2.0899e+02	-6.7177e+02	1.8745e+03	-4.8958e+02	3.7091e+02	-9.7628e+01	-7.3649e+02	-3.9032e+02	2.3716e+02	7.9492e+02	-3.0215e+02	-1.2576e+03	7.8145e+02	4.4873e+02	-3.4258e+02	2.5534e+01	-8.8435e+02	-1.6127e+02	-5.3926e+02	-6.1826e+02	-7.5708e+02	-8.6997e+02	6.0103e+02	-3.2508e+02	-1.6302e+02	5.9581e+02	2.5495e+02	1.3795e+02	-1.4688e+03	-9.8893e+01	1.1894e+00	-2.2088e+02	-4.8617e+02	8.5187e+02	-1.2604e+03	-6.2760e+02	-2.2554e+02	3.1091e+02	5.7861e+02	1.5382e+03	4.0071e+02	1.1327e+03	3.1686e+02	1.8581e+03	8.1711e+02	-6.5232e+02	7.1420e+02	1.0550e+03	-1.0891e+03	-3.6381e+02	8.5228e+02	-1.5727e+02	2.6142e+02	-1.9340e+03	4.2324e+02	1.3237e+02	-7.2041e+02	1.1012e+02	3.5738e+02	1.0974e+03	9.7971e+02	1.5649e+03	1.5305e+03	1.0058e+03	5.5634e+02	3.9159e+01	-4.7621e+02	-3.5247e+02	4.6856e+02	3.8992e+01	-8.0347e+02	-2.1963e+02	6.6983e+02	-2.1197e+02	6.0874e+02	1.5143e+03	8.8805e+02	3.8274e+02	7.4525e+02	2.9169e+02	-1.9104e+02	-8.9013e+02	9.0070e+02	-8.9043e+02	-6.9571e+02	7.8953e+02	-5.2392e+02	8.6919e+01	1.1562e+03	1.2164e+03	-2.8073e+02	-6.3477e+02	-4.2493e+02	4.2767e+02	-7.0150e+02	-1.8960e+02	-1.1560e+03	-8.5610e+02	3.1247e+02	6.1589e+02	8.4321e+02	1.1771e+03	-7.7624e+02	-9.4259e+02
8.0000e+04	-6.9155e+02	1.0367e+03	3.8249e+02	2.2550e+02	2.5839e+03	-1.9454e+03	-3.3517e+02	1.8810e+02	4.5487e+02	1.7687e+03	-8.7665e+02	-9.6172e+02	-3.6750e+02	5.7860e+01	1.8750e+03	-1.4782e+03	2.0421e+03	2.0398e+03	-8.3199e+02	6.3947e+02	4.1270e+02	-1.3086e+03	7.7355e+02	4.4490e+02	2.5065e+02	-1.1764e+03	-2.1678e+02	-3.6110e+02	-8.1221e+02	-3.5203e+02	1.9272e+02	-1.8909e+03	1.9297e+03	-1.4990e+02	-2.7492e+02	2.6715e+03	1.3093e+02	1.5390e+03	7.7703e+02	2.7099e+02	-5.8042e+02	-7.8569e+02	1.2828e+03	-2.3356e+03	1.1074e+03	-1.3617e+03	8.1434e+02	-3.2654e+02	-3.4847e+02	1.7212e+03	2.2848e+02	1.6172e+03	1.8942e+03	9.8293e+02	9.7185e+02	-6.8321e+02	2.2738e+03	2.6038e+02	2.0887e+03	1.8642e+03	8.5136e+02	-1.5770e+03	8.8196e+02	1.6406e+03	-1.1220e+02	-5.4230e+02	-1.7610e+03	-2.1197e+03	1.3124e+02	-2.0182e+03	-6.6644e+01	9.6336e+02	-4.0829e+01	-6.2758e+02	-1.4627e+03	9.1414e+02	3.2282e+02	-2.8469e+02	1.1851e+03	-2.1955e+03	4.4343e+02	-1.5465e+03	-1.6000e+03	1.8804e+03	-6.9929e+02	-8.8056e+02	-2.8931e+02	1.4153e+03	-1.4406e+03	1.0911e+02	-1.9918e+03	1.3954e+03	1.2702e+03	1.0972e+03	1.1675e+03	-7.4309e+02	5.6917e+02	1.0276e+03	-9.3025e+02	7.3808e+02	-9.1759e+02	4.1760e+02	8.0173e+02	2.0620e+03	-2.6572e+02	3.1522e+02	8.2349e+02	-6.3287e+02	1.0957e+03	1.9311e+03	-2.1415e+03	2.2185e+02	6.0928e+02	-7.0021e+02	3.2007e+01	-6.7478e+02	-7.6356e+02	9.3875e+02	1.7545e+03	-2.5109e+02	1.3031e+03	4.5644e+02	-2.1287e+02	3.2269e+02	1.2498e+03	5.7163e+02	5.9876e+02	1.1002e+03	1.7928e+03	9.4132e+02	1.6309e+02	1.7539e+03	-7.5335e+02	-1.8975e+02	7.0323e+02	-6.1456e+02	4.2293e+02	-2.1958e+03	-2.0208e+03	2.7230e+02	-1.0118e+03	6.8488e+02	5.1531e+02	1.4988e+03	-4.5341e+02	8.0508e+02	-1.4216e+03	2.6886e+02	2.4740e+02	-4.8481e+02	-2.3282e+03	-5.5866e+02	1.5372e+03	1.7603e+03	8.7505e+02	9.7995e+01	-6.0936e+02	-5.2033e+02	4.4465e+02	1.1639e+03	3.2692e+02	-1.8094e+03	7.3931e+02	-9.3221e+02	5.8876e+02	-2.8159e+01	-8.8436e+02	-1.6657e+03	-7.8392e+02	8.2064e+00	-4.2073e+02	9.0803e+02	4.9777e+02	-7.7569e+01	-5.6583e+02	3.0682e+02	-6.2641e+02	1.6577e+03	-1.1574e+03	5.5712e+02	-4.4529e+02	-1.1420e+02	1.9213e+03	-2.4280e+03	1.3652e+02	1.5029e+02	1.2366e+03	3.5612e+02	-2.0453e+03	-4.0315e+02	-2.0615e+02	7.4670e+01	1.0717e+03	-4.9023e+02	-1.0543e+03	-9.2508e+02	-6.1705e+02	1.6651e+02	1.0353e+03	9.0184e+02
1.0000e+05	-6.3192e+02	-4.2198e+02	2.5307e+02	-5.6494e+02	4.1891e+02	-1.2271e+03	1.1929e+03	1.9283e+02	-9.9937e+02	-3.0205e+02	1.7708e+03	1.0302e+02	-1.3267e+03	-1.1577e+03	1.0103e+03	9.3877e+02	-2.0353e+02	2.9245e+02	-7.7703e+01	-9.2301e+02	4.6107e+02	-1.1081e+02	-1.0449e+03	5.3774e+02	3.9293e+02	1.9089e+02	4.6995e+02	-3.2876e+02	8.9078e+02	1.4395e+03	8.4701e+02	-9.5998e+02	4.6597e+02	-7.3561e+02	-1.5255e+03	-1.0778e+03	-1.0538e+03	-3.3615e+02	4.4112e+02	-9.8601e+02	-6.2926e+02	-5.1746e+02	3.7493e+02	1.4596e+02	-3.7481e+02	1.1996e+03	4.3904e+02	-1.1559e+03	-1.8963e+02	-8.4952e+02	1.3924e+03	7.4025e+02	8.9527e+02	-8.0763e+02	-1.0620e+03	9.3612e+02	-9.7716e+02	-4.0371e+02	-5.4825e+02	-5.5325e+02	7.9719e+02	4.8099e+02	-1.1111e+03	2.2882e+02	9.4402e+02	3.5829e+01	-1.2199e+02	-1.0400e+03	-8.3535e+01	-8.7993e+02	5.9742e+01	-6.2492e+02	6.4600e+02	-5.2070e+02	-3.5751e+02	3.4713e+02	7.0754e+02	-5.5490e+02	1.7381e+03	-1.8191e+03	-4.6429e+02	-1.3472e+03	-7.2816e+01	1.1409e+03	-7.8999e+02	-1.1010e+03	4.7148e+02	-4.4959e+02	4.8507e+02	5.8882e+02	-1.4919e+03	-8.5282e+02	-1.0505e+03	-3.9445e+02	-2.8465e+02	4.3169e+02	-1.5035e+02	-9.2033e+02	1.6067e+03	-4.7908e+02	1.3783e+02	-2.1299e+02	-5.7251e+02	-3.5407e+02	-3.2615e+00	9.3731e+02	-2.8675e+02	-1.3803e+03	1.2483e+03	1.3338e+02	-7.5311e+02	2.9223e+01	4.9729e+02	-3.7459e+02	-6.3201e+02	-3.4222e+02	-6.0742e+02	-1.6725e+03	1.0781e+03	-6.3525e+02	-4.8620e+01	3.7979e+02	-9.8878e+01	4.0583e+02	-1.5530e+03	-3.8295e+02	-3.5178e+02	-1.4079e+02	-1.6204e+02	4.6032e+02	-1.2662e+03	-1.0943e+03	-6.8901e+02	-2.0037e+01	1.1726e+03	1.3053e+03	-8.8471e+01	1.0434e+03	3.5533e+02	2.0478e+03	1.2361e+03	-6.4567e+02	9.3758e+02	1.3299e+03	-5.3962e+02	-3.9060e+02	1.3365e+03	6.5141e+02	3.2011e+02	-1.8280e+03	4.8406e+02	6.5354e+01	-1.3438e+03	-5.9047e+02	4.7094e+02	1.0179e+03	7.1279e+02	1.6395e+03	1.1142e+03	9.4663e+02	-1.0761e+02	-1.0712e+01	-7.3073e+02	-8.9120e+01	5.0744e+02	-3.7161e+02	-9.2312e+02	1.1082e+02	8.5129e+02	-5.8732e+02	9.5068e+02	1.6988e+03	3.4245e+02	4.7242e+02	8.4874e+02	-1.4374e+02	-4.7997e+01	-7.7993e+02	6.3213e+02	-4.5152e+02	-8.3148e+02	1.0884e+03	-8.4427e+02	6.9415e+01	1.4774e+03	1.3177e+03	-1.0660e+03	-4.3418e+02	-5.9647e+02	1.3205e+02	-1.1858e+03	2.4378e+02	-1.3180e+03	-1.2525e+03	1.3512e+02	2.1838e+02	2.0550e+02	1.3093e+03	-1.2523e+03	-9.3340e+02
1.0000e+05	-1.1322e+03	1.0983e+03	5.4729e+02	4.1001e+02	2.8526e+03	-1.9632e+03	-3.4409e+01	5.3216e+02	1.1567e+03	1.3469e+03	-1.1368e+03	-1.6437e+03	-1.1730e+03	-1.1081e+02	2.5723e+03	-1.9917e+03	2.5787e+03	1.6996e+03	-4.3071e+02	6.7315e+02	-1.9512e+02	-1.6060e+03	9.3518e+02	6.9034e+02	2.6301e+02	-8.4808e+02	-8.3403e+02	-4.0967e+02	-1.5227e+03	-3.0177e+02	6.5835e+02	-1.3074e+03	1.3051e+03	-1.2384e+03	1.7832e+02	2.4393e+03	8.7394e+02	1.9481e+03	1.1390e+03	1.9659e+02	-5.4865e+02	-2.3359e+01	1.7808e+03	-1.3576e+03	1.5650e+03	-1.9363e+03	9.7381e+02	-8.4771e+02	-2.3366e+02	1.8297e+03	1.2282e+03	1.2941e+03	1.2248e+03	7.0629e+02	1.5489e+03	1.1819e+01	1.7467e+03	-7.9409e+02	3.0156e+03	1.5909e+03	-2.4238e+00	-7.3685e+02	6.7778e+02	2.3316e+03	1.1100e+02	-7.3753e+02	-1.1393e+03	-2.5752e+03	-8.7829e+01	-1.7087e+03	2.0643e+01	9.2565e+02	1.0248e+02	-1.9289e+02	-2.0353e+03	1.2299e+03	7.8987e+02	-1.3555e+03	6.7590e+02	-2.4695e+03	-6.9197e+01	-1.3828e+03	-1.5188e+03	1.6065e+03	-9.2045e+02	-2.2509e+03	5.0470e+02	1.6961e+03	-7.1983e+02	-1.0952e+03	-1.8442e+03	1.3774e+03	1.2032e+03	6.3107e+02	1.7165e+03	-1.6027e+03	1.9850e+02	1.3758e+03	-2.0106e+03	-2.9969e+02	-6.2410e+02	5.4363e+02	4.9371e+02	2.5113e+03	-4.1417e+01	9.8715e+02	3.1387e+02	1.2134e+02	6.0303e+02	3.0270e+03	-3.0828e+03	-7.6334e+01	1.3298e+03	-5.2078e+02	8.0178e+02	-1.0824e+03	-1.2261e+03	1.4165e+03	1.7171e+03	5.7339e+01	2.5404e+03	6.4384e+02	5.3570e+02	1.4883e+03	7.6791e+02	1.0272e+03	1.8912e+02	4.7431e+02	1.9706e+03	1.5976e+03	2.0977e+01	8.7341e+02	-2.0448e+03	-1.3055e+02	1.0549e+03	-2.8065e+02	-1.1765e+02	-2.1532e+03	-1.5970e+03	1.2898e+03	-5.7552e+02	-5.8775e+01	4.2000e+02	1.3777e+03	-4.9600e+02	1.0893e+03	-2.3042e+03	-5.4927e+01	1.5240e+02	-9.5330e+02	-3.6280e+03	-5.8005e+02	1.2290e+03	9.2451e+02	1.4152e+03	-6.4963e+02	-7.3348e+02	-8.2609e+00	2.2760e+02	7.5840e+02	8.5279e+02	-2.5204e+03	6.3193e+02	-1.8002e+02	9.2248e+02	8.0979e+02	-1.6473e+03	-1.9774e+03	-1.7823e+03	6.2746e+02	1.5068e+02	2.5328e+02	7.4893e+00	-3.5225e+02	-2.4917e+02	7.1652e+01	4.2200e+02	1.1034e+03	-1.1589e+03	9.5445e+02	-6.3880e+02	-5.2033e+02	1.8305e+03	-2.1524e+03	9.6943e+01	-3.0178e+01	2.2396e+03	7.5400e+01	-1.6789e+03	-1.4047e+02	-9.0243e+02	6.0313e+02	2.0373e+03	-2.2850e+02	-7.8426e+02	-7.3364e+02	-1.0347e+02	-6.8558e+02	-4.3580e+02	2.0803e+03
1.2000e+05	-5.9596e+02	-1.0611e+02	3.0340e+02	-4.2724e+02	4.1253e+02	-1.4387e+03	1.3786e+03	7.6977e+02	-1.4386e+03	-7.8074e+02	2.1507e+03	-2.2448e+02	-8.6207e+02	-1.2053e+03	1.8183e+03	1.1690e+03	-8.6056e+02	3.0636e+02	-2.2338e+02	-8.8420e+02	8.3831e+02	5.4720e+01	-8.6065e+02	4.8275e+02	4.0585e+02	8.6985e+02	5.2817e+02	-8.4938e+02	4.4357e+02	1.4669e+03	2.4497e+02	-8.6032e+02	3.1065e+01	-7.4853e+02	-1.5735e+03	-1.2120e+03	-8.5541e+02	-7.5932e+02	-2.3882e+02	-9.4819e+02	-4.1223e+02	2.6089e+02	2.4818e+02	2.4077e+02	2.2273e+02	8.2121e+02	5.1949e+02	-1.1667e+03	-4.0704e+02	-3.5108e+02	1.7457e+03	6.7987e+02	1.2692e+03	-3.5088e+02	-6.2820e+02	8.1435e+02	-1.3592e+03	-2.1776e+02	-1.1083e+03	-1.3207e+03	3.9323e+02	8.3283e+02	-7.8946e+02	4.4894e+02	9.3830e+02	-9.9682e+02	-1.4807e+01	-7.6328e+02	3.0259e+01	-1.1385e+03	-3.3936e+02	-7.8856e+02	5.8052e+02	-7.6304e+01	-5.2679e+02	1.0322e+03	1.1188e+03	-5.7695e+02	1.3764e+03	-1.7286e+03	-8.3654e+02	-1.4501e+03	5.9467e+02	1.1254e+03	-9.3658e+02	-9.1876e+02	2.2535e+01	-4.1752e+02	6.3991e+02	6.5417e+02	-1.0740e+03	-4.4549e+02	-1.2497e+03	-1.8575e+02	-2.4776e+02	7.3252e+02	1.2384e+02	-2.7717e+02	1.7700e+03	-8.8098e+02	7.0478e+02	-7.8836e+02	-7.9266e+02	-2.1335e+02	-3.1024e+02	9.7678e+02	9.2809e+01	-1.1338e+03	8.9052e+02	8.5053e+02	-8.9003e+02	5.3594e+02	1.2127e+02	-1.4235e+03	-6.7628e+02	-2.7158e+02	-7.0108e+02	-1.2705e+03	8.0052e+02	-2.7884e+02	-5.6892e+02	5.0274e+02	-1.1444e+03	7.0561e+02	-1.0723e+03	3.5407e+01	-5.1812e+02	-2.7273e+02	-3.0291e+02	6.3091e+02	-6.2859e+02	-1.0708e+03	-7.1582e+02	7.3175e+01	1.1540e+03	1.0710e+03	-4.5785e+02	6.1461e+02	9.1132e+01	2.2801e+03	1.0141e+03	-7.0915e+02	7.5288e+02	1.1149e+03	-2.6835e+02	-2.9502e+02	1.4628e+03	9.1758e+02	-4.4080e+02	-1.6179e+03	1.9166e+00	-1.2024e+02	-1.3759e+03	-5.2656e+02	3.4705e+02	7.3817e+02	2.2423e+02	1.6961e+03	8.1663e+02	9.8462e+02	5.5215e+00	-1.8222e+02	-1.2081e+03	6.3699e+01	1.1481e+03	-8.1175e+02	-1.0637e+03	7.8044e+02	7.8726e+02	-7.6535e+02	1.5097e+03	2.3645e+03	-2.8165e+02	4.7682e+02	1.8759e+02	-1.8209e+02	-4.6688e+02	-1.5128e+03	7.1077e+02	1.5720e+01	-9.1361e+02	1.4648e+03	-7.8441e+02	-1.3201e+02	1.1988e+03	1.4800e+03	-1.0493e+03	-9.7275e+02	-3.8496e+02	-5.4752e+02	-1.2595e+03	3.1314e+02	-1.4697e+03	-1.2478e+03	-3.1083e+02	3.6026e+02	-3.8667e+00	1.1553e+03	-1.8171e+03	-3.7769e+02
1.2000e+05	-1.9245e+03	7.2451e+02	-5.9383e+02	-1.1863e+02	2.4478e+03	-1.7517e+03	1.1221e+03	9.6349e+02	1.2609e+02	2.0900e+03	-1.1609e+03	-2.0035e+03	-1.6898e+03	1.2908e+03	2.1004e+03	-1.2061e+03	2.6023e+03	2.2846e+03	-2.1806e+02	4.3520e+02	-7.6975e+02	-1.1564e+03	1.8618e+03	1.5540e+03	-3.8248e+02	-1.4620e+03	-1.3192e+03	-2.3641e+02	-2.0632e+03	-4.9531e+02	5.8412e+02	-2.2068e+03	1.1889e+03	-7.2125e+02	-6.0342e+02	2.6133e+03	1.0130e+03	2.4437e+03	3.8272e+02	2.9994e+02	-1.2748e+03	-4.2683e+02	2.6262e+03	-4.2787e+02	1.4908e+03	-2.2042e+03	1.2376e+03	-1.0062e+03	4.6231e+02	1.1426e+03	1.0564e+03	2.2593e+03	3.8156e+02	-2.8506e+02	1.6599e+03	6.1377e+02	1.4725e+03	-1.1097e+03	3.1523e+03	2.2457e+03	2.5554e+02	4.3318e+02	1.1096e+03	2.1909e+03	1.7807e+02	-1.6854e+03	-1.7439e+03	-2.3047e+03	-1.0697e+03	-1.5824e+03	-1.8058e+02	1.7158e+03	2.1234e+02	1.4565e+02	-8.3481e+02	5.5617e+02	1.0472e+03	-1.3548e+03	9.0472e+02	-2.4746e+03	1.9240e+02	-1.6500e+02	-1.7834e+03	1.2819e+03	-9.4441e+02	-2.7697e+03	1.2954e+03	1.5125e+03	-1.2602e+03	7.4534e+01	-2.4868e+03	2.9218e+03	1.4079e+03	2.4516e+02	1.3408e+03	-1.6128e+03	6.3877e+01	1.4994e+03	-2.5058e+03	-1.4099e+02	-2.5799e+02	1.1454e+03	1.0441e+03	2.5655e+03	-1.4313e+02	4.8486e+02	7.3366e+02	-4.8947e+02	-1.5083e+02	3.6701e+03	-3.3254e+03	-6.4695e+02	1.0022e+03	6.1840e+02	1.8828e+03	-8.8716e+02	-1.9250e+03	9.4959e+02	2.3691e+03	1.1925e+03	2.8663e+03	1.0690e+03	1.3142e+03	1.5979e+03	3.3556e+02	1.2297e+03	7.0167e+02	8.5761e+02	1.8863e+03	1.5012e+03	5.1249e+02	1.0798e+03	-2.0850e+03	2.1225e+01	9.7361e+02	-2.4958e+02	-8.3916e+02	-3.1632e+03	-2.2489e+03	2.0653e+03	-8.5402e+02	7.9581e+02	-2.7928e+02	1.7810e+03	4.1514e+02	1.4235e+03	-2.4348e+03	-3.7155e+02	4.4866e+02	-1.2944e+03	-4.0635e+03	-1.0485e+03	6.7155e+02	9.6719e+02	1.2384e+03	-3.8316e+02	-1.7077e+03	8.9767e+02	-1.1878e+02	1.0828e+03	5.1773e+02	-2.2690e+03	1.3961e+03	6.9508e+02	1.7521e+03	1.3097e+03	-1.3327e+03	-2.7008e+03	-2.4404e+03	2.4635e+02	-1.6550e+02	3.1773e+02	1.4361e+02	-9.9476e+02	-7.9827e+02	8.9571e+02	-1.8151e+02	1.1144e+03	-4.4654e+02	1.1151e+03	-1.5956e+03	-1.0050e+03	2.3757e+03	-2.8624e+03	3.8911e+02	-3.6302e+02	2.0287e+03	1.9348e+02	-1.8047e+03	2.5369e+02	-8.6713e+02	6.2724e+02	1.7512e+03	-4.2557e+02	-1.3762e+03	-7.2444e+02	9.5309e+01	-1.0610e+03	-1.1786e+02	2.1167e+03
1.4000e+05	-8.8460e+02	-2.8607e+02	2.7899e+02	1.0917e+02	6.2744e+02	-8.2972e+02	1.1520e+03	9.3198e+02	-1.7973e+03	-8.4146e+02	2.5290e+03	-2.6633e+02	-9.3074e+02	-8.9838e+02	2.0265e+03	1.2614e+03	-9.6549e+02	2.5462e+02	2.0452e+02	-1.0321e+03	6.6853e+02	-1.2264e+02	-7.7658e+02	5.9263e+02	-2.0115e+02	7.4641e+02	9.6639e+02	-1.0985e+03	9.2067e+02	2.2302e+03	2.6428e+02	-7.3224e+02	-1.0472e+02	-7.9461e+02	-2.3187e+03	-6.7284e+02	-1.3950e+02	-2.1883e+02	1.4240e+02	-1.0283e+03	-3.1630e+02	9.6593e+01	5.6892e+02	9.3027e+01	1.1891e+02	7.4609e+02	2.0524e+02	-1.4071e+03	-7.6230e+02	4.7753e+02	1.0265e+03	8.3007e+02	1.5323e+03	-5.6469e+02	-3.2169e+02	6.8881e+02	-1.6800e+03	-4.2699e+02	-1.7033e+03	-1.7650e+03	-1.2643e+02	1.0562e+03	-7.5594e+02	1.6973e+02	7.6704e+02	-2.6994e+02	-4.1604e+02	-7.6123e+02	-2.3588e+02	-1.2541e+03	-6.9588e+02	-1.0600e+03	1.2566e+03	-4.3071e+02	-3.3631e+02	8.7517e+02	8.3404e+02	-1.1595e+03	9.2368e+02	-2.0901e+03	-9.6624e+02	-1.2475e+03	2.7789e+01	8.4787e+02	-1.2619e+03	-1.0710e+03	2.6887e+02	-6.7186e+02	1.6995e+02	1.5205e+03	-4.9813e+02	-1.0634e+03	-1.4264e+03	1.0050e+02	-8.4274e+02	6.5679e+02	1.3774e+02	3.2313e+02	2.0287e+03	-1.2014e+03	1.1219e+03	-2.4546e+02	-3.9892e+02	-4.5665e+02	-3.4438e+02	5.1607e+02	6.9762e+02	-7.3516e+02	1.8907e+02	2.9490e+02	-1.0433e+03	5.8129e+02	-3.6965e+02	-1.3384e+03	-5.6927e+02	-2.9290e+02	-4.9941e+02	-1.3846e+03	6.0712e+02	-3.5288e+02	-1.3949e+03	7.0188e+02	-1.5149e+03	7.7676e+02	-1.0793e+03	4.8867e+02	-5.7631e+02	1.8236e+02	-5.0677e+02	7.4235e+02	-1.5293e+02	-1.0824e+03	-1.2590e+03	3.7201e+02	1.0911e+03	1.7348e+03	-6.5913e+02	5.3402e+02	6.9075e+02	1.7138e+03	9.8356e+02	-7.3998e+02	3.5502e+02	1.5422e+03	-1.1513e+01	-3.0118e+01	1.3872e+03	9.5823e+02	-4.1212e+02	-1.3235e+03	-4.2952e+02	-5.6266e+02	-7.8203e+02	-7.1695e+02	2.1218e+02	4.9678e+02	9.6818e+01	1.5503e+03	9.0834e+02	1.2432e+03	3.6240e+02	4.1798e+02	-9.5238e+02	6.8475e+02	7.3047e+02	-6.6494e+02	-8.7993e+02	1.2093e+03	7.3547e+02	-4.9140e+02	1.8304e+03	2.7498e+03	8.3402e+01	9.9112e+02	-5.0985e+01	2.3068e+02	-3.4025e+02	-1.7753e+03	5.0630e+02	3.8129e+02	-1.1175e+03	1.6643e+03	-1.1697e+03	-1.0162e+03	1.2188e+03	5.7868e+02	-7.7280e+02	-8.3881e+02	-5.9170e+02	-5.1857e+02	-1.6858e+03	2.8745e+01	-1.6490e+03	-1.7171e+03	-4.0399e+02	7.9845e+02	-6.6934e+02	1.3395e+03	-1.6054e+03	-6.7398e+02
1.4000e+05	-1.7697e+03	9.6042e+02	-6.3808e+02	3.7692e+02	3.0255e+03	-1.8007e+03	1.9051e+03	1.4243e+03	-1.0199e+01	8.8190e+02	-9.0562e+02	-1.2131e+03	-1.3208e+03	1.5625e+03	3.0036e+03	-1.7024e+03	3.3978e+03	3.3065e+03	4.4980e+02	1.9628e+02	-1.8372e+03	-3.9119e+02	2.1502e+03	1.5928e+03	1.5526e+02	-1.5229e+03	-5.1960e+02	-2.4358e+01	-1.8368e+03	-1.0753e+03	-1.7792e+02	-1.7846e+03	3.4416e+02	-1.5276e+03	-8.7989e+02	3.9177e+03	5.6724e+02	3.2796e+03	6.0103e+02	5.3040e+01	-7.8161e+02	2.3922e+02	2.4184e+03	-2.6290e+02	1.9865e+03	-1.7967e+03	9.6781e+02	-5.7834e+02	3.4950e+02	1.1937e+03	4.1457e+02	2.6800e+03	3.0920e+02	1.2326e+02	1.4689e+03	1.3050e+03	7.8119e+02	-3.8326e+02	2.9593e+03	2.5915e+03	4.0300e+02	6.8182e+02	9.0219e+02	1.6143e+03	3.1971e+01	-2.3060e+03	-1.6446e+03	-2.5164e+03	-1.6506e+03	-1.7430e+03	-5.2227e+02	1.9324e+03	9.0337e+02	-8.0993e+02	4.8178e+02	1.3056e+03	1.1932e+03	-1.6138e+03	1.2200e+03	-2.5239e+03	6.4277e+02	-3.3838e+02	-1.0258e+03	1.2925e+03	-5.0560e+02	-3.0851e+03	1.7970e+03	1.5180e+03	-2.4220e+03	8.7311e+02	-2.0417e+03	2.8214e+03	1.5722e+03	-5.0400e+02	7.3911e+02	-9.2922e+02	3.6220e+02	1.0323e+03	-2.5602e+03	4.6979e+02	-1.1198e+03	1.0618e+03	1.0862e+03	2.6138e+03	-4.1590e+02	-7.3363e+01	1.2746e+03	-4.3239e+02	-3.9269e+02	3.1739e+03	-3.6126e+03	8.0417e+01	1.5177e+03	9.9252e+02	2.7165e+03	-6.3044e+02	-1.8496e+03	9.2029e+02	2.3693e+03	1.8510e+03	2.2766e+03	6.1850e+02	1.8105e+03	8.1169e+02	4.4606e+02	1.7297e+03	1.2988e+03	1.3531e+03	1.0948e+03	1.1174e+03	1.8458e+02	9.7828e+02	-2.5168e+03	7.9551e+02	-2.0258e+02	1.3461e+02	-5.4753e+02	-2.6627e+03	-2.1683e+03	1.8499e+03	-1.9356e+02	5.5196e+02	-2.6782e+02	5.4952e+02	6.0666e+02	2.1154e+03	-2.6821e+03	-6.0191e+02	7.4007e+02	-1.2198e+03	-3.3877e+03	-8.6462e+02	4.0596e+01	9.9601e+02	1.8208e+03	-9.9138e+02	-6.0239e+02	1.3568e+03	-4.2085e+02	1.8592e+03	1.7971e+03	-1.5739e+03	1.4537e+03	2.3918e+03	1.0376e+03	3.6688e+02	-1.2294e+03	-3.3718e+03	-1.9670e+03	-6.0206e+02	-1.0053e+03	1.3743e+02	8.7621e+02	-1.1660e+03	-8.2901e+02	9.9135e+02	-3.7168e+02	1.3000e+03	-1.1793e+01	1.1216e+03	-1.2442e+03	-1.0173e+03	2.3156e+03	-3.1179e+03	5.8242e+01	-9.2655e+02	2.7732e+03	2.6452e+02	-1.8062e+03	2.8284e+02	-1.1111e+03	9.2148e+02	2.4729e+03	1.0051e+03	-7.3491e+02	-4.9343e+02	-4.0301e+02	-1.1143e+03	-1.2850e+03	2.0882e+03
1.6000e+05	-7.2439e+02	1.4572e+02	5.3426e+02	-1.1256e+02	3.0975e+02	-1.1245e+03	1.0927e+03	7.9045e+02	-1.3317e+03	-4.8269e+02	2.6000e+03	-2.0058e+01	-1.1911e+03	-1.0766e+03	2.0212e+03	1.4881e+03	-1.2211e+03	3.7700e+02	6.4625e+02	-5.9247e+02	5.3324e+02	2.9462e+02	-3.9214e+02	2.9735e+02	5.2267e+02	1.1255e+03	2.4410e+02	-1.1196e+03	1.2207e+03	2.2285e+03	-6.4303e+00	-5.1862e+02	-1.1031e+03	-8.1153e+02	-2.6610e+03	-2.1909e+02	-2.0771e+01	-1.5045e+02	2.9250e+02	-1.1743e+03	4.5446e+02	8.3576e+02	2.9382e+02	3.1406e+02	2.5646e+01	1.0101e+03	-4.4660e+02	-1.2132e+03	-2.3547e+02	4.5928e+02	5.7770e+02	8.1226e+02	1.2871e+03	-4.2733e+02	-6.3227e+02	4.5418e+02	-1.5864e+03	1.6110e+01	-1.5445e+03	-1.1576e+03	4.1479e+02	1.9208e+03	-5.6013e+02	2.6042e+02	7.1839e+02	-2.4095e+02	-4.2614e+02	-1.1112e+03	-9.4396e+01	-8.0073e+02	-8.9406e+02	-1.3113e+03	1.9460e+03	-7.1832e+02	-6.0474e+02	9.4559e+02	8.6546e+02	-1.3665e+03	1.0446e+03	-3.0619e+03	-4.8051e+02	-7.6518e+02	4.9694e+02	9.1086e+02	-1.0942e+03	-9.5311e+02	7.0907e+02	-7.4892e+01	7.3833e+00	1.6378e+03	-5.7034e+02	-1.3869e+03	-9.7434e+02	-7.6401e+01	-5.8843e+02	7.9867e+02	-9.7402e+01	2.7240e+02	2.5354e+03	-1.1417e+03	9.2350e+02	-1.0527e+03	-3.9395e+02	-2.9661e+02	-4.0132e+02	1.2679e+03	5.7709e+02	-9.6173e+02	5.8879e+02	-1.5005e+02	-1.3602e+03	-3.4195e+02	2.1212e+02	-1.0557e+03	-3.2351e+02	-2.1841e+02	-9.8172e+02	-1.6961e+03	8.0949e+02	3.9290e+02	-9.6453e+02	8.1841e+02	-1.1430e+03	1.1461e+03	-1.1526e+03	1.1534e+03	-4.4233e+02	2.3826e+02	-3.0200e+01	9.4638e+02	-7.5874e+01	-7.7850e+02	-8.5926e+02	6.7619e+02	1.0014e+03	1.6800e+03	-7.1079e+02	-2.1454e+02	1.0554e+03	1.7064e+03	1.1697e+03	-1.5418e+03	4.8135e+02	1.1455e+03	-2.2389e+01	2.6452e+02	1.4936e+03	1.0234e+03	-5.7133e+02	-1.6774e+03	-3.4326e+02	-2.4217e+02	-6.4253e+01	-9.6691e+02	4.4815e+02	5.2808e+02	-5.7787e+01	1.4340e+03	1.5865e+03	1.2101e+03	-3.8375e+02	5.9002e+02	-7.4833e+02	7.7379e+02	7.1297e+02	-3.9267e+02	-1.1586e+03	8.0094e+02	2.1367e+02	5.5799e+02	1.6890e+03	2.9625e+03	1.1102e+02	5.1256e+02	1.1122e+02	5.2978e+00	-9.0522e+02	-1.4915e+03	2.2334e+02	4.4689e+02	-1.2352e+03	1.2650e+03	-4.4688e+02	-9.0344e+02	1.4042e+03	6.9999e+02	-1.0916e+03	-5.9662e+02	-6.1343e+02	1.0057e+00	-1.6808e+03	3.1133e+02	-1.4032e+03	-1.7804e+03	5.4858e+01	4.0637e+02	-1.5546e+02	1.0078e+03	-1.8995e+03	-2.4481e+02
1.6000e+05	-1.6456e+03	1.7848e+03	3.3638e+01	-4.7213e+01	1.8709e+03	-2.6332e+03	1.8433e+03	1.3613e+03	2.4223e+01	1.1628e+03	3.5580e+01	-1.5874e+03	4.0402e+01	1.5637e+03	2.7402e+03	-1.5713e+03	4.6283e+03	3.7615e+03	2.6733e+02	1.4855e+03	-2.5858e+03	-8.1168e+02	3.0535e+03	8.3709e+02	-3.3394e+02	-8.5952e+02	-8.6650e+02	-4.6232e+02	-2.2352e+03	-2.6950e+03	-1.5574e+02	-1.5012e+03	1.3000e+03	-8.8969e+02	-1.3725e+03	4.6331e+03	1.2258e+02	3.1892e+03	9.2017e+02	-4.4579e+02	-6.0421e+02	1.3510e+02	2.1492e+03	-3.4548e+02	1.6142e+03	-1.9434e+03	1.4245e+03	-1.3344e+03	8.9866e+02	1.4292e+03	5.5977e+02	3.6054e+03	2.4485e+02	4.3597e+02	2.4722e+03	9.8642e+02	7.5056e+02	-8.5619e+02	2.8913e+03	2.9730e+03	3.8443e+02	4.0315e+02	2.3421e+03	1.9852e+03	2.9993e+02	-2.0114e+03	-1.7054e+02	-2.2784e+03	-2.4073e+03	-1.8986e+03	-1.4062e+01	2.5227e+03	-1.5093e+02	-7.2251e+02	7.9813e+02	9.1985e+02	1.1373e+03	-2.2496e+03	9.4536e+02	-2.8394e+03	1.8250e+03	3.6286e+02	-7.7569e+02	1.1352e+03	-1.4313e+03	-3.6672e+03	1.7558e+03	6.8016e+02	-1.0733e+03	2.0837e+03	-2.1892e+03	2.1888e+03	9.1468e+01	-6.1246e+02	-1.6450e+02	-5.4991e+02	3.0010e+02	8.3636e+02	-1.5057e+03	1.9746e+02	-1.0563e+03	1.1899e+03	9.9085e+02	2.5939e+03	-1.6220e+02	-4.3049e+01	1.5937e+03	-2.6563e+02	-5.4247e+02	3.0223e+03	-4.3204e+03	-3.7601e+02	2.4627e+03	1.6176e+03	2.8006e+03	1.9467e+02	-1.4152e+03	2.6000e+02	2.3390e+03	2.5054e+03	1.6554e+03	-3.1844e+02	1.0810e+03	6.6637e+02	3.2187e+02	1.8488e+03	1.4339e+03	8.5930e+02	1.6899e+03	1.1806e+03	1.3967e+03	4.8614e+02	-1.4415e+03	1.8520e+03	-6.2501e+01	8.2109e+01	-5.0790e+02	-2.8132e+03	-2.4923e+03	2.4096e+03	2.0073e+02	2.5042e+02	3.7258e+02	-4.8089e+01	1.4491e+03	1.3108e+03	-3.1037e+03	-4.9910e+02	5.0874e+02	-8.5260e+02	-4.0247e+03	-1.3465e+03	1.0789e+02	1.9855e+03	1.9178e+03	-1.3246e+02	-1.7115e+02	2.1356e+03	-1.3120e+02	1.9797e+03	1.7436e+03	-2.2789e+03	1.8690e+03	2.4698e+03	9.5117e+02	-2.5368e+02	-1.3627e+03	-3.3627e+03	-1.8575e+03	-9.9583e+02	-1.1038e+03	-6.4514e+02	1.7503e+03	-1.2340e+03	-3.5150e+02	6.4519e+02	-5.2044e+02	1.2030e+03	2.4549e+02	6.1715e+02	-7.3648e+02	-2.7932e+02	2.8369e+03	-2.5551e+03	4.8402e+02	4.4387e+02	2.1418e+03	5.2800e+02	-2.0725e+03	3.2193e+02	-8.6201e+02	1.1053e+03	2.8399e+03	1.2339e+03	-4.9131e+02	-6.9192e+02	-7.3227e+02	-4.9348e+02	-1.8044e+03	2.4152e+03
1.8000e+05	-5.7107e+02	3.3743e+02	5.1337e+02	-9.6551e+02	1.1727e+02	-1.1868e+03	1.2927e+03	7.2760e+02	-1.2430e+03	-4.9602e+02	2.7482e+03	-6.3053e+02	-1.1275e+03	-1.3877e+03	2.1894e+03	1.3213e+03	-8.6517e+02	8.7546e+01	1.1359e+03	-4.7430e+01	1.5570e+02	4.1591e+02	-1.9644e+02	4.6329e+02	3.7802e+01	1.4867e+03	2.6964e+02	-8.5165e+02	2.2284e+02	2.4888e+03	4.0849e+02	-7.6451e+02	-1.6403e+03	-6.9386e+02	-2.5076e+03	-7.2750e+02	4.8417e+02	-4.9230e+02	-2.2968e+02	-1.5072e+03	2.9110e+02	1.1889e+03	-4.7247e+02	-4.2449e+02	5.1546e+02	7.3349e+02	-4.9608e+02	-1.3881e+03	-1.3760e+02	8.3398e+02	7.7013e+02	5.8007e+02	1.5859e+02	-1.5412e+02	-2.2684e+02	8.8747e+02	-2.1391e+03	3.9942e+02	-1.3585e+03	-1.3807e+03	4.7487e+02	1.1340e+03	-7.2308e+02	-7.3391e+01	1.0376e+03	-8.9896e+00	-5.6320e+02	-1.1826e+02	2.3986e+02	-7.9354e+02	-9.3986e+02	-1.1581e+03	2.3755e+03	-1.0200e+03	-8.6431e+02	1.0575e+03	1.4182e+02	-1.1910e+03	1.0002e+03	-3.4120e+03	-7.6737e+02	-8.5144e+02	-8.1044e+02	6.7680e+02	-1.8068e+03	-1.0570e+03	7.9900e+02	1.8081e+02	4.1216e+02	1.0361e+03	-6.7080e+02	-7.1745e+02	-1.1609e+03	-2.4548e+02	-4.1118e+02	4.4515e+02	-7.8391e+02	1.2956e+02	2.3957e+03	-1.6691e+03	8.7160e+02	-1.0312e+03	-6.4198e+02	-2.3587e+01	-5.2447e+02	8.1458e+02	6.5727e+02	-9.2930e+02	1.9570e+02	-2.4315e+02	-1.2412e+03	-1.5324e+02	4.4402e+02	-1.4267e+03	-7.2182e+02	2.6324e+02	-1.4990e+03	-5.1082e+02	1.5107e+03	-3.9305e+02	-5.9589e+02	7.2530e+01	-1.9108e+03	1.3985e+03	-1.3153e+03	1.5756e+03	-6.5406e+02	1.9192e+02	-1.1201e+03	9.6870e+02	-7.6277e+02	-1.1016e+03	-9.6111e+02	2.4395e+02	7.0143e+02	1.5629e+03	-2.6952e+02	-2.5554e+02	5.4611e+02	1.7797e+03	1.1061e+03	-1.0052e+03	-1.8042e+02	1.4569e+03	1.5821e+02	1.6730e+01	1.6515e+03	1.1499e+03	-8.2080e+02	-1.3755e+03	-4.3875e+01	-6.0568e+02	2.3525e+02	-1.0385e+03	3.7463e+02	2.4190e+02	-6.4675e+02	7.7532e+02	1.2546e+03	1.3034e+03	-9.9359e+02	5.5286e+02	-9.1254e+02	4.0164e+02	1.4677e+02	1.5494e+02	-1.1347e+03	1.1479e+03	5.9086e+02	4.6110e+02	1.2132e+03	2.6970e+03	1.8365e+02	1.2619e+03	-7.5392e+02	-9.1319e+01	-1.6214e+03	-1.6324e+03	6.3974e+02	-8.4355e-01	-9.0398e+02	1.1311e+03	-9.5174e+02	-1.2731e+03	6.6001e+02	6.1095e+02	-9.9078e+02	3.7408e+01	-8.7762e+02	2.3026e+01	-1.3145e+03	4.5035e+02	-1.3184e+03	-1.9444e+03	-7.0564e+02	8.9088e+02	-4.9857e+02	6.9234e+02	-1.6165e+03	-4.3660e+02
1.8000e+05	-1.7431e+03	1.8029e+03	-8.4501e+02	9.1685e+01	1.2923e+03	-2.8533e+03	2.0331e+03	1.6745e+03	-6.4620e+02	1.3821e+03	-6.8128e+02	-6.7652e+02	1.0780e+03	1.1256e+03	2.7900e+03	-1.0074e+03	4.5732e+03	3.5492e+03	1.2107e+02	1.4853e+03	-1.9305e+03	-5.7200e+02	2.6803e+03	7.3838e+01	-1.2276e+02	-7.2669e+02	-1.4436e+03	-7.6771e+02	-2.1251e+03	-2.6957e+03	-8.3564e+02	-2.1340e+03	9.2488e+02	-2.4749e+02	-1.3163e+03	3.9951e+03	5.4907e+02	2.9373e+03	1.0375e+03	-6.4703e+02	-5.2053e+01	-1.1775e+02	2.1547e+03	1.6971e+02	1.6584e+03	-2.9472e+03	1.4946e+03	-1.1150e+03	5.4981e+02	1.7617e+03	8.5537e+01	3.5443e+03	6.6102e+02	3.6395e+02	3.1090e+03	6.3866e+02	3.4499e+02	-3.0468e+02	2.8224e+03	2.5052e+03	-4.3365e+02	-5.1144e+02	1.8720e+03	1.2549e+03	1.0585e+03	-1.6218e+03	-1.7397e+02	-2.2756e+03	-2.5218e+03	-1.5534e+03	-5.3153e+02	2.7555e+03	5.4693e+02	-1.8547e+03	9.5090e+02	4.2544e+02	8.8972e+02	-3.0891e+03	1.4222e+02	-3.6871e+03	2.0615e+03	1.1635e+03	-1.4712e+03	2.3123e+03	-1.3898e+03	-3.6290e+03	1.9015e+03	9.5823e+02	-8.8465e+02	1.5479e+03	-1.5022e+03	1.9327e+03	-2.7087e+02	-1.2276e+03	1.1136e+02	-2.2714e+02	2.2999e+02	1.2048e+03	-3.6030e+02	4.9724e-01	-1.5673e+02	1.9983e+03	1.4851e+03	3.6664e+03	-3.6980e+02	8.2005e+02	1.6300e+03	-8.8671e+02	-1.0050e+03	3.3376e+03	-4.9617e+03	-2.8191e+02	2.3925e+03	2.1417e+03	2.6572e+03	-5.5421e+02	-1.2776e+03	7.5860e+02	1.7338e+03	2.4542e+03	2.0477e+03	-1.3773e+03	1.7924e+03	2.5329e+02	1.3078e+02	9.1252e+02	1.7211e+03	6.7073e+02	2.0913e+03	4.7199e+02	1.5881e+03	-6.6426e+02	-4.4675e+02	1.4866e+03	-2.9767e+02	2.6809e+02	3.6065e+02	-2.3576e+03	-2.2490e+03	3.4769e+03	1.6582e+02	4.7373e+02	-2.5088e+02	1.6163e+02	1.4543e+03	2.3437e+02	-3.8327e+03	-3.2842e+02	-6.8558e+02	-3.0139e+02	-3.8148e+03	-6.7333e+02	-1.0500e+03	1.4202e+03	2.0974e+03	-5.3498e+02	2.8637e+02	2.7672e+03	-4.5971e+02	1.5586e+03	1.8252e+03	-1.8180e+03	2.5159e+03	2.2588e+03	1.6068e+03	-6.4229e+02	-8.8545e+02	-2.1217e+03	-8.7591e+02	-7.1358e+02	1.5031e+02	-5.0632e+02	6.5220e+02	1.6719e+02	-2.7663e+02	1.8936e+02	-2.6921e+02	8.7020e+02	-4.4908e+02	-7.6003e+02	-1.3585e+03	3.4457e+02	2.7603e+03	-1.9989e+03	3.8472e+02	2.3854e+02	2.7369e+03	5.0044e+02	-1.7730e+03	-2.9166e+02	1.6598e+02	1.3792e+03	2.7347e+03	6.4571e+02	-2.4089e+02	-1.6144e+03	-4.2590e+02	-8.2951e+02	-2.2270e+03	1.2244e+03
2.0000e+05	-3.3900e+02	-4.2551e+02	9.0166e+02	-9.4274e+02	-3.1317e+02	-1.0150e+03	1.4553e+03	5.8684e+02	-1.8810e+03	-2.8170e+02	2.7642e+03	-8.3824e+02	-1.2107e+03	-1.5966e+03	2.1356e+03	1.4881e+03	-1.0464e+03	5.0402e+02	1.1105e+03	1.3037e+02	-3.6229e+00	6.5990e+02	-7.9182e+02	8.7262e+02	1.2978e+02	1.6009e+03	-6.6865e+01	-1.1760e+03	1.9660e+02	2.8082e+03	5.4799e+02	-1.2652e+03	-1.8079e+03	-6.3380e+02	-2.3395e+03	-6.7346e+02	5.4470e+02	1.6756e+02	-6.0961e+02	-1.2010e+03	4.8744e+02	1.2187e+03	-4.1240e+02	-7.8686e+02	3.1356e+02	9.7973e+02	-1.0360e+02	-1.1457e+03	5.4577e+01	1.0687e+03	5.6543e+02	9.5932e+01	2.5490e+02	-1.9921e+02	-3.4689e+02	1.1439e+03	-1.7964e+03	6.8247e+02	-1.3234e+03	-1.3690e+03	7.3890e+02	1.3068e+03	-5.1386e+02	7.2349e+02	5.3136e+02	3.6482e+02	8.0140e+01	-1.0596e+03	-4.7518e+01	-1.4445e+03	-1.2369e+03	-1.1301e+03	2.1605e+03	-7.0730e+02	-7.9217e+02	7.2623e+02	7.5402e+02	-7.3099e+02	1.2743e+03	-3.9026e+03	-1.4351e+03	-9.3656e+02	-1.7429e+03	9.5253e+02	-1.8155e+03	-1.0959e+03	1.4546e+02	-8.6288e+01	-2.0978e+02	1.0634e+03	-1.0609e+03	-1.7106e+03	-1.5736e+03	-1.3961e+02	1.6608e+02	5.0551e+02	-4.2063e+02	-2.2078e+02	1.9556e+03	-1.1100e+03	6.2961e+02	-7.4528e+02	-9.2705e+00	4.6155e+01	-3.9243e+02	1.2866e+03	5.8094e+02	-1.2885e+03	2.1711e+02	-2.4108e+02	-1.2563e+03	8.6471e+01	3.3985e+02	-1.1497e+03	-4.0174e+02	8.1350e+02	-1.2199e+03	-3.1678e+02	1.5176e+03	-6.8229e+02	-1.2522e+03	5.4889e+02	-2.0301e+03	1.6692e+03	-8.9643e+02	1.4800e+03	-1.2742e+03	-3.5523e+02	-1.1409e+03	9.6477e+02	-9.6627e+02	-1.0981e+03	-1.3759e+03	-4.7855e+00	7.4832e+02	1.2645e+03	-4.4054e+02	-4.4108e+02	7.3349e+02	1.2362e+03	1.2647e+03	-6.5250e+02	-5.6437e+02	6.0769e+02	1.3647e+02	-1.6054e+02	1.4131e+03	1.0748e+03	-7.7800e+02	-1.9062e+03	3.1982e+02	-6.7023e+02	5.5486e+02	-8.9548e+02	2.7636e+02	-1.2881e+02	-1.0256e+03	8.2472e+02	1.0404e+03	1.4580e+03	-8.7938e+02	3.9042e+02	-8.4452e+02	2.6552e+02	1.2294e+02	4.7777e+02	-1.0208e+03	9.9794e+02	7.9521e+02	7.3737e+02	1.7848e+03	3.4719e+03	-6.3414e+00	1.4447e+03	-4.7633e+02	2.3417e+01	-2.1986e+03	-1.6859e+03	5.2910e+02	-4.2311e+02	-6.3508e+02	8.8977e+02	-2.9699e+02	-1.4979e+03	6.4488e+02	5.8007e+02	-1.0079e+03	-5.7419e+02	-7.4875e+02	6.5474e+02	-1.1986e+03	6.1158e+02	-4.5658e+02	-1.7740e+03	-6.5239e+02	9.8483e+02	-1.2954e+03	3.9214e+02	-1.5522e+03	-1.1572e+03
2.0000e+05	-1.2005e+03	1.5129e+03	-2.9209e+01	2.4520e+02	7.7975e+02	-2.1650e+03	1.5456e+03	1.8293e+03	1.9821e+02	6.4467e+02	-3.4109e+02	-5.8896e+02	1.8251e+03	6.6878e+02	3.0925e+03	-1.1150e+03	4.2171e+03	3.7115e+03	1.9762e+02	5.3724e+02	-1.8291e+03	-1.2089e+03	2.5406e+03	1.7803e+02	-3.3439e+01	-5.0735e+02	-1.1549e+03	2.7828e+02	-1.5320e+03	-2.4820e+03	2.8271e+02	-2.0138e+03	1.0040e+03	2.2873e+02	-2.5481e+02	4.1301e+03	9.6124e+02	2.8013e+03	7.3314e+02	-8.4225e+02	2.5888e+02	3.3259e+01	2.1746e+03	2.1363e+02	2.7253e+03	-2.0074e+03	1.1290e+03	-6.6922e+02	4.9909e+02	2.0363e+03	4.1004e+02	3.8011e+03	4.3944e+02	2.3960e+03	4.2520e+03	5.0982e+02	2.9635e+01	5.0925e+02	3.7838e+03	2.5318e+03	-8.9421e+02	-2.0725e+02	2.4889e+03	5.1436e+02	6.1681e+02	-2.5149e+03	1.6543e+01	-2.7347e+03	-1.8579e+03	-1.8285e+03	-6.7027e+02	2.3748e+03	6.7070e+01	-1.2178e+03	5.3814e+02	1.1722e+03	1.2960e+03	-3.5189e+03	-1.4090e+03	-2.9777e+03	1.3654e+03	4.5602e+02	-1.8912e+03	2.5133e+03	-1.2410e+03	-4.2079e+03	1.1959e+03	1.5565e+03	1.7655e+02	8.5128e+02	-1.4831e+03	3.8861e+03	-1.4398e+03	-1.3751e+03	1.1503e+03	1.2041e+02	3.9423e+02	1.5628e+03	-8.3120e+02	2.2910e+02	6.7597e+02	2.3546e+03	1.3916e+03	4.7077e+03	-4.4943e+02	1.0758e+03	1.2540e+03	-1.5919e+03	-1.1528e+03	3.2016e+03	-4.5764e+03	-4.6903e+02	2.2015e+03	2.5484e+03	3.1835e+03	-7.0997e+02	-1.1131e+03	1.1965e+03	1.5315e+03	3.5063e+03	2.5637e+03	-8.5604e+02	1.9392e+03	2.7029e+02	6.1778e+02	1.5516e+03	9.0299e+02	-6.0891e+02	2.0879e+03	1.3924e+02	1.8671e+03	1.1118e+02	-1.7804e+02	6.5244e+02	3.3206e+02	7.2122e+02	7.7115e+02	-1.4160e+03	-2.1811e+03	3.3240e+03	-4.5109e+02	1.1621e+03	-4.1525e+02	-2.0490e+02	1.2020e+03	-1.9332e+02	-3.5254e+03	-4.1128e+02	6.5143e+02	-1.6078e+03	-3.8853e+03	-1.2242e+03	-1.6898e+03	8.9191e+02	1.7350e+03	-4.1203e+02	5.2837e+02	3.0562e+03	-5.1406e+02	1.7020e+03	2.4184e+03	-9.2599e+02	2.1825e+03	2.0184e+03	1.6033e+03	-9.7254e+02	-3.3197e+02	-1.9514e+03	-1.7001e+03	-4.4350e+02	-5.8494e+02	-2.2601e+02	5.1155e+02	-6.7972e+01	-2.2669e+02	3.7832e+02	9.2317e+01	7.9543e+02	-1.0691e+03	-1.3111e+03	2.5553e+00	1.0513e+03	2.4504e+03	-1.2561e+03	-5.0778e+02	-2.5773e+02	2.6604e+03	-1.4058e+03	-2.1723e+03	7.0316e+02	-8.2710e+02	1.7824e+03	2.8074e+03	2.4857e+02	-1.2207e+03	-1.6278e+03	-7.2033e+02	-1.0198e+03	-1.9487e+03	1.5923e+03
