2.0000e+05	8.0290e+04
2.0000e+05	7.9331e+04
2.0000e+05	8.0437e+04
2.0000e+05	8.1154e+04
2.0000e+05	8.2341e+04
2.0000e+05	8.3668e+04
2.0000e+05	8.5434e+04
2.0000e+05	8.7142e+04
2.0000e+05	8.8826e+04
2.0000e+05	9.0967e+04
2.0000e+05	9.3055e+04
2.0000e+05	9.5739e+04
2.0000e+05	9.8081e+04
2.0000e+05	1.0057e+05
2.0000e+05	1.0415e+05
2.0000e+05	1.0735e+05
2.0000e+05	1.1032e+05
2.0000e+05	1.1297e+05
2.0000e+05	1.1484e+05
2.0000e+05	1.1757e+05
2.0000e+05	1.2017e+05
2.0000e+05	1.2250e+05
2.0000e+05	1.2454e+05
2.0000e+05	1.2589e+05
2.0000e+05	1.2465e+05
2.0000e+05	1.2231e+05
2.0000e+05	1.2064e+05
2.0000e+05	1.2065e+05
2.0000e+05	1.2185e+05
2.0000e+05	1.2232e+05
2.0000e+05	1.2361e+05
2.0000e+05	1.2309e+05
2.0000e+05	1.2218e+05
2.0000e+05	1.2152e+05
2.0000e+05	1.2203e+05
2.0000e+05	1.2169e+05
2.0000e+05	1.2206e+05
2.0000e+05	1.2167e+05
2.0000e+05	1.2200e+05
2.0000e+05	1.2222e+05
2.0000e+05	1.2151e+05
2.0000e+05	1.2146e+05
2.0000e+05	1.2100e+05
2.0000e+05	1.2122e+05
2.0000e+05	1.2179e+05
2.0000e+05	1.2069e+05
2.0000e+05	1.2114e+05
2.0000e+05	1.2072e+05
2.0000e+05	1.2001e+05
2.0000e+05	1.2013e+05
2.0000e+05	1.2070e+05
2.0000e+05	1.1958e+05
2.0000e+05	1.1973e+05
2.0000e+05	1.1983e+05
2.0000e+05	1.1960e+05
2.0000e+05	1.1871e+05
2.0000e+05	1.1928e+05
2.0000e+05	1.1885e+05
2.0000e+05	1.1829e+05
2.0000e+05	1.1809e+05
2.0000e+05	1.1725e+05
2.0000e+05	1.1754e+05
2.0000e+05	1.1744e+05
2.0000e+05	1.1713e+05
2.0000e+05	1.1604e+05
2.0000e+05	1.1673e+05
2.0000e+05	1.1613e+05
2.0000e+05	1.1626e+05
2.0000e+05	1.1476e+05
2.0000e+05	1.1484e+05
2.0000e+05	1.1431e+05
2.0000e+05	1.1446e+05
2.0000e+05	1.1404e+05
2.0000e+05	1.1352e+05
2.0000e+05	1.1372e+05
2.0000e+05	1.1319e+05
2.0000e+05	1.1280e+05
2.0000e+05	1.1252e+05
2.0000e+05	1.1068e+05
2.0000e+05	1.1127e+05
2.0000e+05	1.1128e+05
2.0000e+05	1.1033e+05
2.0000e+05	1.1057e+05
2.0000e+05	1.1002e+05
2.0000e+05	1.0993e+05
2.0000e+05	1.0900e+05
2.0000e+05	1.0883e+05
2.0000e+05	1.0798e+05
2.0000e+05	1.0795e+05
2.0000e+05	1.0768e+05
2.0000e+05	1.0687e+05
2.0000e+05	1.0644e+05
2.0000e+05	1.0666e+05
2.0000e+05	1.0587e+05
2.0000e+05	1.0581e+05
2.0000e+05	1.0475e+05
2.0000e+05	1.0504e+05
2.0000e+05	1.0390e+05
2.0000e+05	1.0396e+05
2.0000e+05	1.0378e+05
2.0000e+05	1.0285e+05
2.0000e+05	1.0292e+05
2.0000e+05	1.0218e+05
2.0000e+05	1.0193e+05
2.0000e+05	1.0113e+05
2.0000e+05	1.0157e+05
2.0000e+05	1.0097e+05
2.0000e+05	1.0044e+05
2.0000e+05	1.0007e+05
2.0000e+05	9.9057e+04
2.0000e+05	9.9230e+04
2.0000e+05	9.8770e+04
2.0000e+05	9.8576e+04
2.0000e+05	9.8219e+04
2.0000e+05	9.7680e+04
2.0000e+05	9.6572e+04
2.0000e+05	9.6800e+04
2.0000e+05	9.6679e+04
2.0000e+05	9.6311e+04
2.0000e+05	9.5867e+04
2.0000e+05	9.5636e+04
2.0000e+05	9.5158e+04
2.0000e+05	9.4824e+04
2.0000e+05	9.4551e+04
2.0000e+05	9.3675e+04
2.0000e+05	9.3592e+04
2.0000e+05	9.3340e+04
2.0000e+05	9.2997e+04
2.0000e+05	9.2273e+04
2.0000e+05	9.2050e+04
2.0000e+05	9.2048e+04
2.0000e+05	9.1781e+04
2.0000e+05	9.1257e+04
2.0000e+05	9.0871e+04
2.0000e+05	9.0940e+04
2.0000e+05	9.0034e+04
2.0000e+05	9.0110e+04
2.0000e+05	8.9916e+04
2.0000e+05	8.9617e+04
2.0000e+05	8.9354e+04
2.0000e+05	8.8629e+04
2.0000e+05	8.8763e+04
2.0000e+05	8.8085e+04
2.0000e+05	8.8236e+04
2.0000e+05	8.7570e+04
2.0000e+05	8.7609e+04
2.0000e+05	8.7305e+04
2.0000e+05	8.7198e+04
2.0000e+05	8.6465e+04
2.0000e+05	8.6577e+04
2.0000e+05	8.6575e+04
2.0000e+05	8.5775e+04
2.0000e+05	8.5825e+04
2.0000e+05	8.5124e+04
2.0000e+05	8.5158e+04
2.0000e+05	8.4897e+04
2.0000e+05	8.4963e+04
2.0000e+05	8.4786e+04
2.0000e+05	8.4497e+04
2.0000e+05	8.4582e+04
2.0000e+05	8.3731e+04
2.0000e+05	8.3716e+04
2.0000e+05	8.3909e+04
2.0000e+05	8.3542e+04
2.0000e+05	8.3123e+04
2.0000e+05	8.3589e+04
2.0000e+05	8.2350e+04
2.0000e+05	8.2676e+04
2.0000e+05	8.2583e+04
2.0000e+05	8.2274e+04
2.0000e+05	8.2313e+04
2.0000e+05	8.1986e+04
2.0000e+05	8.1873e+04
2.0000e+05	8.2051e+04
2.0000e+05	8.1740e+04
2.0000e+05	8.1813e+04
2.0000e+05	8.1606e+04
2.0000e+05	8.1422e+04
2.0000e+05	8.1497e+04
2.0000e+05	8.0883e+04
2.0000e+05	8.1464e+04
2.0000e+05	8.0633e+04
2.0000e+05	8.0931e+04
2.0000e+05	8.0485e+04
2.0000e+05	8.0551e+04
2.0000e+05	8.0310e+04
2.0000e+05	8.0286e+04
2.0000e+05	8.0293e+04
2.0000e+05	7.9822e+04
2.0000e+05	8.0255e+04
2.0000e+05	8.0178e+04
2.0000e+05	8.0061e+04
2.0000e+05	7.9742e+04
2.0000e+05	8.0188e+04
2.0000e+05	7.9970e+04
2.0000e+05	8.0304e+04
2.0000e+05	7.9865e+04
2.0000e+05	8.0273e+04
2.0000e+05	7.9716e+04
2.0000e+05	8.0124e+04
