4000	0	0	1083
4000	0.1	0	1187
4000	0.2	0	1177
4000	0.3	0	1147
4000	0.4	0	1249
4000	0.5	0	1306
4000	0.6	0	1383
4000	0.7	0	1439
4000	0.8	0	1510
4000	0.9	0	1625
4000	1	0	1836
4000	1.1	0	1982
4000	1.2	0	2234
4000	1.3	0	2614
4000	1.4	0	2916
4000	1.5	0	3346
4000	1.6	0	4001
4000	1.7	0	4864
4000	1.8	0	5966
4000	1.9	0	7638
4000	2	0	9622
4000	2.1	0	12392
4000	2.2	0	15553
4000	2.3	0	18261
4000	2.4	0	19505
4000	2.5	0	18681
4000	2.6	0	18437
4000	2.7	0	18113
4000	2.8	0	18241
4000	2.9	0	18410
4000	3	0	18235
4000	3.1	0	18671
4000	3.2	0	18639
4000	3.3	0	18651
4000	3.4	0	18862
4000	3.5	0	18779
4000	3.6	0	18716
4000	3.7	0	18734
4000	3.8	0	18471
4000	3.9	0	18885
4000	4	0	18514
4000	4.1	0	18926
4000	4.2	0	18759
4000	4.3	0	18714
4000	4.4	0	18574
4000	4.5	0	18444
4000	4.6	0	18486
4000	4.7	0	18638
4000	4.8	0	18366
4000	4.9	0	18572
4000	5	0	18505
4000	5.1	0	18289
4000	5.2	0	17902
4000	5.3	0	17348
4000	5.4	0	16641
4000	5.5	0	15549
4000	5.6	0	14292
4000	5.7	0	13615
4000	5.8	0	12445
4000	5.9	0	11264
4000	6	0	10334
4000	6.1	0	9470
4000	6.2	0	8683
4000	6.3	0	7852
4000	6.4	0	7399
4000	6.5	0	6611
4000	6.6	0	6189
4000	6.7	0	5815
4000	6.8	0	5185
4000	6.9	0	4734
4000	7	0	4478
4000	7.1	0	4257
4000	7.2	0	4031
4000	7.3	0	3765
4000	7.4	0	3430
4000	7.5	0	3377
4000	7.6	0	3167
4000	7.7	0	2965
4000	7.8	0	2807
4000	7.9	0	2734
4000	8	0	2546
4000	8.1	0	2374
4000	8.2	0	2290
4000	8.3	0	2159
4000	8.4	0	2106
4000	8.5	0	2072
4000	8.6	0	1904
4000	8.7	0	1851
4000	8.8	0	1819
4000	8.9	0	1813
4000	9	0	1685
4000	9.1	0	1613
4000	9.2	0	1606
4000	9.3	0	1490
4000	9.4	0	1498
4000	9.5	0	1491
4000	9.6	0	1377
4000	9.7	0	1369
4000	9.8	0	1397
4000	9.9	0	1359
4000	10	0	1301
4000	10.1	0	1233
4000	10.2	0	1234
4000	10.3	0	1195
4000	10.4	0	1287
4000	10.5	0	1203
4000	10.6	0	1205
4000	10.7	0	1172
4000	10.8	0	1164
4000	10.9	0	1113
4000	11	0	1154
4000	11.1	0	1187
4000	11.2	0	1138
4000	11.3	0	1126
4000	11.4	0	1061
4000	11.5	0	1109
4000	11.6	0	1082
4000	11.7	0	1121
4000	11.8	0	1082
4000	11.9	0	1076
4000	12	0	1096
4000	12.1	0	1105
4000	12.2	0	1080
4000	12.3	0	1087
4000	12.4	0	955
4000	12.5	0	1106
4000	12.6	0	1051
4000	12.7	0	1126
4000	12.8	0	1058
4000	12.9	0	1063
4000	13	0	1101
4000	13.1	0	1105
4000	13.2	0	1081
4000	13.3	0	1092
4000	13.4	0	1076
4000	13.5	0	1006
4000	13.6	0	1131
4000	13.7	0	1051
4000	13.8	0	1163
4000	13.9	0	1050
4000	14	0	1068
4000	14.1	0	1086
4000	14.2	0	1102
4000	14.3	0	1065
4000	14.4	0	1106
4000	14.5	0	1078
4000	14.6	0	1054
4000	14.7	0	1085
4000	14.8	0	1125
4000	14.9	0	1129
4000	15	0	1087
4000	15.1	0	1088
4000	15.2	0	1091
4000	15.3	0	1088
4000	15.4	0	1054
4000	15.5	0	1064
4000	15.6	0	1124
4000	15.7	0	1041
4000	15.8	0	1104
4000	15.9	0	1073
4000	16	0	1080
4000	16.1	0	1083
4000	16.2	0	1096
4000	16.3	0	1077
4000	16.4	0	1097
4000	16.5	0	1151
4000	16.6	0	1095
4000	16.7	0	1076
4000	16.8	0	1096
4000	16.9	0	1124
4000	17	0	1157
4000	17.1	0	1092
4000	17.2	0	1097
4000	17.3	0	1110
4000	17.4	0	1151
4000	17.5	0	1044
4000	17.6	0	1093
4000	17.7	0	1130
4000	17.8	0	1099
4000	17.9	0	1112
4000	18	0	1093
4000	18.1	0	1132
4000	18.2	0	1059
4000	18.3	0	1152
4000	18.4	0	1130
4000	18.5	0	1073
4000	18.6	0	1101
4000	18.7	0	1121
4000	18.8	0	1047
4000	18.9	0	1091
4000	19	0	1065
4000	19.1	0	1145
4000	19.2	0	1119
4000	19.3	0	1161
4000	19.4	0	1093
4000	19.5	0	1177
4000	19.6	0	1084
4000	19.7	0	1090
4000	19.8	0	1057
4000	19.9	0	1106
8000	0	0	1082
8000	0.1	0	1191
8000	0.2	0	1190
8000	0.3	0	1115
8000	0.4	0	1189
8000	0.5	0	1340
8000	0.6	0	1420
8000	0.7	0	1454
8000	0.8	0	1478
8000	0.9	0	1659
8000	1	0	1775
8000	1.1	0	2016
8000	1.2	0	2215
8000	1.3	0	2508
8000	1.4	0	2868
8000	1.5	0	3393
8000	1.6	0	4073
8000	1.7	0	4916
8000	1.8	0	6018
8000	1.9	0	7436
8000	2	0	9814
8000	2.1	0	12406
8000	2.2	0	15584
8000	2.3	0	18467
8000	2.4	0	19275
8000	2.5	0	18752
8000	2.6	0	18043
8000	2.7	0	18212
8000	2.8	0	17958
8000	2.9	0	18331
8000	3	0	18352
8000	3.1	0	18662
8000	3.2	0	18757
8000	3.3	0	18569
8000	3.4	0	18651
8000	3.5	0	18864
8000	3.6	0	18636
8000	3.7	0	18727
8000	3.8	0	18879
8000	3.9	0	18918
8000	4	0	18492
8000	4.1	0	18745
8000	4.2	0	18709
8000	4.3	0	18666
8000	4.4	0	18824
8000	4.5	0	18698
8000	4.6	0	18450
8000	4.7	0	18453
8000	4.8	0	18565
8000	4.9	0	18451
8000	5	0	18620
8000	5.1	0	18272
8000	5.2	0	17882
8000	5.3	0	17319
8000	5.4	0	16558
8000	5.5	0	15540
8000	5.6	0	14496
8000	5.7	0	13417
8000	5.8	0	12311
8000	5.9	0	11298
8000	6	0	10354
8000	6.1	0	9274
8000	6.2	0	8706
8000	6.3	0	7905
8000	6.4	0	7138
8000	6.5	0	6867
8000	6.6	0	6174
8000	6.7	0	5573
8000	6.8	0	5217
8000	6.9	0	4761
8000	7	0	4406
8000	7.1	0	4196
8000	7.2	0	3864
8000	7.3	0	3763
8000	7.4	0	3533
8000	7.5	0	3348
8000	7.6	0	2969
8000	7.7	0	2934
8000	7.8	0	2753
8000	7.9	0	2727
8000	8	0	2546
8000	8.1	0	2432
8000	8.2	0	2234
8000	8.3	0	2232
8000	8.4	0	2119
8000	8.5	0	2029
8000	8.6	0	1959
8000	8.7	0	1899
8000	8.8	0	1864
8000	8.9	0	1764
8000	9	0	1723
8000	9.1	0	1682
8000	9.2	0	1601
8000	9.3	0	1520
8000	9.4	0	1476
8000	9.5	0	1537
8000	9.6	0	1456
8000	9.7	0	1388
8000	9.8	0	1411
8000	9.9	0	1349
8000	10	0	1339
8000	10.1	0	1289
8000	10.2	0	1284
8000	10.3	0	1269
8000	10.4	0	1190
8000	10.5	0	1206
8000	10.6	0	1200
8000	10.7	0	1223
8000	10.8	0	1150
8000	10.9	0	1150
8000	11	0	1088
8000	11.1	0	1082
8000	11.2	0	1178
8000	11.3	0	1129
8000	11.4	0	1161
8000	11.5	0	1152
8000	11.6	0	1117
8000	11.7	0	1062
8000	11.8	0	1084
8000	11.9	0	1115
8000	12	0	1134
8000	12.1	0	1078
8000	12.2	0	1118
8000	12.3	0	1102
8000	12.4	0	1079
8000	12.5	0	1117
8000	12.6	0	1102
8000	12.7	0	1110
8000	12.8	0	1103
8000	12.9	0	1087
8000	13	0	1108
8000	13.1	0	1125
8000	13.2	0	1117
8000	13.3	0	1085
8000	13.4	0	1074
8000	13.5	0	1077
8000	13.6	0	1107
8000	13.7	0	1114
8000	13.8	0	1023
8000	13.9	0	1100
8000	14	0	1048
8000	14.1	0	1119
8000	14.2	0	1103
8000	14.3	0	1101
8000	14.4	0	1086
8000	14.5	0	1101
8000	14.6	0	1085
8000	14.7	0	1066
8000	14.8	0	1117
8000	14.9	0	1103
8000	15	0	1048
8000	15.1	0	1122
8000	15.2	0	1100
8000	15.3	0	1076
8000	15.4	0	1097
8000	15.5	0	1089
8000	15.6	0	1072
8000	15.7	0	1117
8000	15.8	0	1053
8000	15.9	0	1110
8000	16	0	1121
8000	16.1	0	1136
8000	16.2	0	1120
8000	16.3	0	1064
8000	16.4	0	1042
8000	16.5	0	1132
8000	16.6	0	1027
8000	16.7	0	1158
8000	16.8	0	1092
8000	16.9	0	1135
8000	17	0	1145
8000	17.1	0	1126
8000	17.2	0	1103
8000	17.3	0	1146
8000	17.4	0	1059
8000	17.5	0	1134
8000	17.6	0	1023
8000	17.7	0	1109
8000	17.8	0	1079
8000	17.9	0	1064
8000	18	0	1036
8000	18.1	0	1104
8000	18.2	0	1142
8000	18.3	0	1134
8000	18.4	0	1072
8000	18.5	0	1145
8000	18.6	0	1098
8000	18.7	0	1093
8000	18.8	0	1086
8000	18.9	0	1145
8000	19	0	1090
8000	19.1	0	1084
8000	19.2	0	1096
8000	19.3	0	1067
8000	19.4	0	1071
8000	19.5	0	1140
8000	19.6	0	1108
8000	19.7	0	1108
8000	19.8	0	1152
8000	19.9	0	1131
12000	0	0	1090
12000	0.1	0	1090
12000	0.2	0	1131
12000	0.3	0	1175
12000	0.4	0	1218
12000	0.5	0	1344
12000	0.6	0	1360
12000	0.7	0	1482
12000	0.8	0	1583
12000	0.9	0	1614
12000	1	0	1859
12000	1.1	0	2027
12000	1.2	0	2286
12000	1.3	0	2541
12000	1.4	0	2836
12000	1.5	0	3420
12000	1.6	0	4097
12000	1.7	0	4907
12000	1.8	0	5931
12000	1.9	0	7589
12000	2	0	9620
12000	2.1	0	12680
12000	2.2	0	15545
12000	2.3	0	18237
12000	2.4	0	19532
12000	2.5	0	18551
12000	2.6	0	18366
12000	2.7	0	18012
12000	2.8	0	18115
12000	2.9	0	18294
12000	3	0	18270
12000	3.1	0	18515
12000	3.2	0	18724
12000	3.3	0	18758
12000	3.4	0	18800
12000	3.5	0	18711
12000	3.6	0	18767
12000	3.7	0	18748
12000	3.8	0	18684
12000	3.9	0	18734
12000	4	0	18802
12000	4.1	0	18610
12000	4.2	0	18611
12000	4.3	0	18809
12000	4.4	0	18551
12000	4.5	0	18429
12000	4.6	0	18734
12000	4.7	0	18738
12000	4.8	0	18721
12000	4.9	0	18277
12000	5	0	18559
12000	5.1	0	18414
12000	5.2	0	17815
12000	5.3	0	17307
12000	5.4	0	16355
12000	5.5	0	15358
12000	5.6	0	14729
12000	5.7	0	13555
12000	5.8	0	12311
12000	5.9	0	11387
12000	6	0	10426
12000	6.1	0	9596
12000	6.2	0	8589
12000	6.3	0	7971
12000	6.4	0	7195
12000	6.5	0	6633
12000	6.6	0	6125
12000	6.7	0	5718
12000	6.8	0	5121
12000	6.9	0	4843
12000	7	0	4394
12000	7.1	0	4165
12000	7.2	0	4004
12000	7.3	0	3689
12000	7.4	0	3501
12000	7.5	0	3308
12000	7.6	0	3092
12000	7.7	0	2900
12000	7.8	0	2763
12000	7.9	0	2630
12000	8	0	2518
12000	8.1	0	2457
12000	8.2	0	2302
12000	8.3	0	2127
12000	8.4	0	2124
12000	8.5	0	1970
12000	8.6	0	1937
12000	8.7	0	1913
12000	8.8	0	1861
12000	8.9	0	1857
12000	9	0	1751
12000	9.1	0	1759
12000	9.2	0	1593
12000	9.3	0	1558
12000	9.4	0	1535
12000	9.5	0	1489
12000	9.6	0	1471
12000	9.7	0	1406
12000	9.8	0	1402
12000	9.9	0	1333
12000	10	0	1265
12000	10.1	0	1276
12000	10.2	0	1251
12000	10.3	0	1271
12000	10.4	0	1281
12000	10.5	0	1124
12000	10.6	0	1142
12000	10.7	0	1183
12000	10.8	0	1148
12000	10.9	0	1206
12000	11	0	1153
12000	11.1	0	1171
12000	11.2	0	1118
12000	11.3	0	1181
12000	11.4	0	1091
12000	11.5	0	1148
12000	11.6	0	1081
12000	11.7	0	1185
12000	11.8	0	1062
12000	11.9	0	1116
12000	12	0	1065
12000	12.1	0	1049
12000	12.2	0	1063
12000	12.3	0	1112
12000	12.4	0	1123
12000	12.5	0	1072
12000	12.6	0	1096
12000	12.7	0	1059
12000	12.8	0	1155
12000	12.9	0	1065
12000	13	0	1005
12000	13.1	0	1088
12000	13.2	0	1031
12000	13.3	0	1066
12000	13.4	0	1079
12000	13.5	0	1075
12000	13.6	0	1106
12000	13.7	0	1048
12000	13.8	0	1133
12000	13.9	0	1046
12000	14	0	1098
12000	14.1	0	1070
12000	14.2	0	1063
12000	14.3	0	1058
12000	14.4	0	1059
12000	14.5	0	1129
12000	14.6	0	1094
12000	14.7	0	1027
12000	14.8	0	1059
12000	14.9	0	1069
12000	15	0	1032
12000	15.1	0	1074
12000	15.2	0	1074
12000	15.3	0	1097
12000	15.4	0	1077
12000	15.5	0	1110
12000	15.6	0	1106
12000	15.7	0	1134
12000	15.8	0	1103
12000	15.9	0	1096
12000	16	0	1083
12000	16.1	0	1102
12000	16.2	0	1081
12000	16.3	0	1115
12000	16.4	0	1102
12000	16.5	0	1078
12000	16.6	0	1107
12000	16.7	0	1139
12000	16.8	0	1131
12000	16.9	0	1156
12000	17	0	1066
12000	17.1	0	1093
12000	17.2	0	1119
12000	17.3	0	1103
12000	17.4	0	1115
12000	17.5	0	1106
12000	17.6	0	1096
12000	17.7	0	1190
12000	17.8	0	1063
12000	17.9	0	1122
12000	18	0	1115
12000	18.1	0	1083
12000	18.2	0	1080
12000	18.3	0	1122
12000	18.4	0	1046
12000	18.5	0	1082
12000	18.6	0	1076
12000	18.7	0	1084
12000	18.8	0	1125
12000	18.9	0	1065
12000	19	0	1048
12000	19.1	0	1078
12000	19.2	0	1084
12000	19.3	0	1117
12000	19.4	0	1101
12000	19.5	0	1146
12000	19.6	0	1078
12000	19.7	0	1092
12000	19.8	0	1131
12000	19.9	0	1121
16000	0	0	1106
16000	0.1	0	1096
16000	0.2	0	1141
16000	0.3	0	1199
16000	0.4	0	1226
16000	0.5	0	1276
16000	0.6	0	1334
16000	0.7	0	1485
16000	0.8	0	1609
16000	0.9	0	1583
16000	1	0	1722
16000	1.1	0	1950
16000	1.2	0	2250
16000	1.3	0	2497
16000	1.4	0	2958
16000	1.5	0	3421
16000	1.6	0	4090
16000	1.7	0	4969
16000	1.8	0	6062
16000	1.9	0	7570
16000	2	0	9725
16000	2.1	0	12643
16000	2.2	0	15413
16000	2.3	0	18261
16000	2.4	0	19429
16000	2.5	0	18912
16000	2.6	0	18289
16000	2.7	0	17785
16000	2.8	0	18184
16000	2.9	0	18254
16000	3	0	18497
16000	3.1	0	18558
16000	3.2	0	18755
16000	3.3	0	18713
16000	3.4	0	18799
16000	3.5	0	18711
16000	3.6	0	18727
16000	3.7	0	18814
16000	3.8	0	18731
16000	3.9	0	18669
16000	4	0	18931
16000	4.1	0	18984
16000	4.2	0	18607
16000	4.3	0	18628
16000	4.4	0	18542
16000	4.5	0	18620
16000	4.6	0	18655
16000	4.7	0	18681
16000	4.8	0	18458
16000	4.9	0	18262
16000	5	0	18651
16000	5.1	0	18260
16000	5.2	0	17903
16000	5.3	0	17133
16000	5.4	0	16404
16000	5.5	0	15495
16000	5.6	0	14769
16000	5.7	0	13301
16000	5.8	0	12260
16000	5.9	0	11180
16000	6	0	10402
16000	6.1	0	9643
16000	6.2	0	8680
16000	6.3	0	8056
16000	6.4	0	7313
16000	6.5	0	6535
16000	6.6	0	6234
16000	6.7	0	5576
16000	6.8	0	5214
16000	6.9	0	4813
16000	7	0	4392
16000	7.1	0	4237
16000	7.2	0	3903
16000	7.3	0	3864
16000	7.4	0	3522
16000	7.5	0	3328
16000	7.6	0	3146
16000	7.7	0	2949
16000	7.8	0	2742
16000	7.9	0	2682
16000	8	0	2540
16000	8.1	0	2442
16000	8.2	0	2312
16000	8.3	0	2250
16000	8.4	0	2019
16000	8.5	0	2057
16000	8.6	0	1918
16000	8.7	0	1854
16000	8.8	0	1834
16000	8.9	0	1832
16000	9	0	1704
16000	9.1	0	1667
16000	9.2	0	1562
16000	9.3	0	1550
16000	9.4	0	1507
16000	9.5	0	1536
16000	9.6	0	1380
16000	9.7	0	1383
16000	9.8	0	1342
16000	9.9	0	1338
16000	10	0	1328
16000	10.1	0	1295
16000	10.2	0	1223
16000	10.3	0	1188
16000	10.4	0	1222
16000	10.5	0	1203
16000	10.6	0	1124
16000	10.7	0	1164
16000	10.8	0	1175
16000	10.9	0	1173
16000	11	0	1169
16000	11.1	0	1195
16000	11.2	0	1155
16000	11.3	0	1120
16000	11.4	0	1073
16000	11.5	0	1124
16000	11.6	0	1093
16000	11.7	0	1118
16000	11.8	0	1050
16000	11.9	0	1095
16000	12	0	1080
16000	12.1	0	1088
16000	12.2	0	1079
16000	12.3	0	1099
16000	12.4	0	1127
16000	12.5	0	1021
16000	12.6	0	1120
16000	12.7	0	1086
16000	12.8	0	1039
16000	12.9	0	1089
16000	13	0	1038
16000	13.1	0	1132
16000	13.2	0	1080
16000	13.3	0	1065
16000	13.4	0	1098
16000	13.5	0	1077
16000	13.6	0	1082
16000	13.7	0	1118
16000	13.8	0	1099
16000	13.9	0	1075
16000	14	0	1087
16000	14.1	0	1045
16000	14.2	0	1036
16000	14.3	0	1151
16000	14.4	0	1104
16000	14.5	0	1115
16000	14.6	0	1061
16000	14.7	0	1074
16000	14.8	0	1092
16000	14.9	0	1015
16000	15	0	1054
16000	15.1	0	1068
16000	15.2	0	1132
16000	15.3	0	1028
16000	15.4	0	1114
16000	15.5	0	1138
16000	15.6	0	1144
16000	15.7	0	1070
16000	15.8	0	1210
16000	15.9	0	1095
16000	16	0	1070
16000	16.1	0	1119
16000	16.2	0	1134
16000	16.3	0	1066
16000	16.4	0	1054
16000	16.5	0	1093
16000	16.6	0	1078
16000	16.7	0	1111
16000	16.8	0	1085
16000	16.9	0	1130
16000	17	0	1044
16000	17.1	0	1091
16000	17.2	0	1111
16000	17.3	0	1071
16000	17.4	0	1121
16000	17.5	0	1101
16000	17.6	0	1098
16000	17.7	0	1113
16000	17.8	0	1113
16000	17.9	0	1043
16000	18	0	1111
16000	18.1	0	1044
16000	18.2	0	1110
16000	18.3	0	1052
16000	18.4	0	1104
16000	18.5	0	1135
16000	18.6	0	1079
16000	18.7	0	1076
16000	18.8	0	1145
16000	18.9	0	1072
16000	19	0	1077
16000	19.1	0	1126
16000	19.2	0	1113
16000	19.3	0	1120
16000	19.4	0	1105
16000	19.5	0	1051
16000	19.6	0	1137
16000	19.7	0	1071
16000	19.8	0	1107
16000	19.9	0	1112
20000	0	0	1134
20000	0.1	0	1164
20000	0.2	0	1188
20000	0.3	0	1222
20000	0.4	0	1204
20000	0.5	0	1309
20000	0.6	0	1367
20000	0.7	0	1493
20000	0.8	0	1493
20000	0.9	0	1684
20000	1	0	1823
20000	1.1	0	2084
20000	1.2	0	2224
20000	1.3	0	2467
20000	1.4	0	2897
20000	1.5	0	3372
20000	1.6	0	3871
20000	1.7	0	4966
20000	1.8	0	6050
20000	1.9	0	7547
20000	2	0	9737
20000	2.1	0	12198
20000	2.2	0	15365
20000	2.3	0	18365
20000	2.4	0	19696
20000	2.5	0	18877
20000	2.6	0	18239
20000	2.7	0	17827
20000	2.8	0	18134
20000	2.9	0	18201
20000	3	0	18476
20000	3.1	0	18534
20000	3.2	0	18547
20000	3.3	0	18577
20000	3.4	0	18779
20000	3.5	0	18769
20000	3.6	0	18734
20000	3.7	0	18874
20000	3.8	0	18924
20000	3.9	0	18677
20000	4	0	18828
20000	4.1	0	18577
20000	4.2	0	18664
20000	4.3	0	18646
20000	4.4	0	18794
20000	4.5	0	18461
20000	4.6	0	18675
20000	4.7	0	18456
20000	4.8	0	18465
20000	4.9	0	18473
20000	5	0	18568
20000	5.1	0	18384
20000	5.2	0	17891
20000	5.3	0	17268
20000	5.4	0	16366
20000	5.5	0	15532
20000	5.6	0	14564
20000	5.7	0	13479
20000	5.8	0	12471
20000	5.9	0	11264
20000	6	0	10547
20000	6.1	0	9563
20000	6.2	0	8702
20000	6.3	0	7850
20000	6.4	0	7412
20000	6.5	0	6581
20000	6.6	0	6252
20000	6.7	0	5702
20000	6.8	0	5184
20000	6.9	0	4822
20000	7	0	4538
20000	7.1	0	4118
20000	7.2	0	3974
20000	7.3	0	3608
20000	7.4	0	3566
20000	7.5	0	3323
20000	7.6	0	3054
20000	7.7	0	2963
20000	7.8	0	2807
20000	7.9	0	2610
20000	8	0	2601
20000	8.1	0	2318
20000	8.2	0	2353
20000	8.3	0	2222
20000	8.4	0	2155
20000	8.5	0	2011
20000	8.6	0	1899
20000	8.7	0	1878
20000	8.8	0	1805
20000	8.9	0	1708
20000	9	0	1739
20000	9.1	0	1590
20000	9.2	0	1581
20000	9.3	0	1491
20000	9.4	0	1543
20000	9.5	0	1451
20000	9.6	0	1439
20000	9.7	0	1353
20000	9.8	0	1322
20000	9.9	0	1389
20000	10	0	1221
20000	10.1	0	1238
20000	10.2	0	1363
20000	10.3	0	1287
20000	10.4	0	1251
20000	10.5	0	1250
20000	10.6	0	1196
20000	10.7	0	1203
20000	10.8	0	1182
20000	10.9	0	1114
20000	11	0	1104
20000	11.1	0	1170
20000	11.2	0	1105
20000	11.3	0	1109
20000	11.4	0	1088
20000	11.5	0	1149
20000	11.6	0	1110
20000	11.7	0	1068
20000	11.8	0	1079
20000	11.9	0	1089
20000	12	0	1068
20000	12.1	0	1050
20000	12.2	0	1078
20000	12.3	0	1118
20000	12.4	0	1129
20000	12.5	0	1035
20000	12.6	0	1135
20000	12.7	0	1042
20000	12.8	0	1111
20000	12.9	0	1138
20000	13	0	1133
20000	13.1	0	1075
20000	13.2	0	1051
20000	13.3	0	1027
20000	13.4	0	1110
20000	13.5	0	1085
20000	13.6	0	1103
20000	13.7	0	1130
20000	13.8	0	1064
20000	13.9	0	1118
20000	14	0	1075
20000	14.1	0	1076
20000	14.2	0	1125
20000	14.3	0	1113
20000	14.4	0	1132
20000	14.5	0	1106
20000	14.6	0	1115
20000	14.7	0	1090
20000	14.8	0	1111
20000	14.9	0	1089
20000	15	0	1088
20000	15.1	0	1096
20000	15.2	0	1112
20000	15.3	0	1070
20000	15.4	0	1150
20000	15.5	0	1081
20000	15.6	0	1032
20000	15.7	0	1081
20000	15.8	0	1080
20000	15.9	0	1093
20000	16	0	1058
20000	16.1	0	1142
20000	16.2	0	1113
20000	16.3	0	1069
20000	16.4	0	1099
20000	16.5	0	1070
20000	16.6	0	1138
20000	16.7	0	1051
20000	16.8	0	1083
20000	16.9	0	1128
20000	17	0	1057
20000	17.1	0	1100
20000	17.2	0	1099
20000	17.3	0	1088
20000	17.4	0	1073
20000	17.5	0	1114
20000	17.6	0	1104
20000	17.7	0	1081
20000	17.8	0	1128
20000	17.9	0	1082
20000	18	0	1144
20000	18.1	0	1108
20000	18.2	0	1097
20000	18.3	0	1059
20000	18.4	0	1132
20000	18.5	0	1164
20000	18.6	0	1132
20000	18.7	0	1050
20000	18.8	0	1061
20000	18.9	0	1096
20000	19	0	1093
20000	19.1	0	1136
20000	19.2	0	1072
20000	19.3	0	1150
20000	19.4	0	1138
20000	19.5	0	1115
20000	19.6	0	1051
20000	19.7	0	1143
20000	19.8	0	1090
20000	19.9	0	1062
