4000	0	0	970
4000	0.1	0	1019
4000	0.2	0	1009
4000	0.3	0	1061
4000	0.4	0	1069
4000	0.5	0	1179
4000	0.6	0	1172
4000	0.7	0	1265
4000	0.8	0	1311
4000	0.9	0	1459
4000	1	0	1627
4000	1.1	0	1759
4000	1.2	0	1916
4000	1.3	0	2153
4000	1.4	0	2465
4000	1.5	0	2842
4000	1.6	0	3264
4000	1.7	0	4044
4000	1.8	0	4953
4000	1.9	0	6099
4000	2	0	7812
4000	2.1	0	9895
4000	2.2	0	13214
4000	2.3	0	16827
4000	2.4	0	19716
4000	2.5	0	20139
4000	2.6	0	20245
4000	2.7	0	20153
4000	2.8	0	20257
4000	2.9	0	20337
4000	3	0	20034
4000	3.1	0	19994
4000	3.2	0	20235
4000	3.3	0	20166
4000	3.4	0	20318
4000	3.5	0	20182
4000	3.6	0	20102
4000	3.7	0	20012
4000	3.8	0	20092
4000	3.9	0	20111
4000	4	0	20138
4000	4.1	0	19825
4000	4.2	0	20024
4000	4.3	0	20068
4000	4.4	0	20190
4000	4.5	0	20006
4000	4.6	0	20199
4000	4.7	0	19970
4000	4.8	0	20121
4000	4.9	0	20029
4000	5	0	19783
4000	5.1	0	19361
4000	5.2	0	18675
4000	5.3	0	17778
4000	5.4	0	16479
4000	5.5	0	15190
4000	5.6	0	13620
4000	5.7	0	12358
4000	5.8	0	11400
4000	5.9	0	10147
4000	6	0	9432
4000	6.1	0	8519
4000	6.2	0	7768
4000	6.3	0	7052
4000	6.4	0	6499
4000	6.5	0	5967
4000	6.6	0	5455
4000	6.7	0	5057
4000	6.8	0	4674
4000	6.9	0	4425
4000	7	0	3957
4000	7.1	0	3822
4000	7.2	0	3645
4000	7.3	0	3403
4000	7.4	0	3276
4000	7.5	0	3047
4000	7.6	0	2825
4000	7.7	0	2630
4000	7.8	0	2528
4000	7.9	0	2337
4000	8	0	2267
4000	8.1	0	2193
4000	8.2	0	2069
4000	8.3	0	2071
4000	8.4	0	1913
4000	8.5	0	1955
4000	8.6	0	1812
4000	8.7	0	1711
4000	8.8	0	1783
4000	8.9	0	1639
4000	9	0	1552
4000	9.1	0	1534
4000	9.2	0	1462
4000	9.3	0	1481
4000	9.4	0	1439
4000	9.5	0	1385
4000	9.6	0	1313
4000	9.7	0	1227
4000	9.8	0	1322
4000	9.9	0	1215
4000	10	0	1226
4000	10.1	0	1226
4000	10.2	0	1137
4000	10.3	0	1180
4000	10.4	0	1203
4000	10.5	0	1128
4000	10.6	0	1123
4000	10.7	0	1099
4000	10.8	0	1046
4000	10.9	0	1112
4000	11	0	1083
4000	11.1	0	999
4000	11.2	0	1067
4000	11.3	0	1072
4000	11.4	0	1032
4000	11.5	0	1051
4000	11.6	0	1024
4000	11.7	0	951
4000	11.8	0	1031
4000	11.9	0	981
4000	12	0	1018
4000	12.1	0	1040
4000	12.2	0	999
4000	12.3	0	1010
4000	12.4	0	1024
4000	12.5	0	988
4000	12.6	0	1012
4000	12.7	0	952
4000	12.8	0	1035
4000	12.9	0	985
4000	13	0	1036
4000	13.1	0	1018
4000	13.2	0	1011
4000	13.3	0	963
4000	13.4	0	971
4000	13.5	0	999
4000	13.6	0	964
4000	13.7	0	964
4000	13.8	0	963
4000	13.9	0	994
4000	14	0	965
4000	14.1	0	992
4000	14.2	0	1051
4000	14.3	0	1039
4000	14.4	0	1032
4000	14.5	0	986
4000	14.6	0	1007
4000	14.7	0	987
4000	14.8	0	1030
4000	14.9	0	981
4000	15	0	1054
4000	15.1	0	1016
4000	15.2	0	1008
4000	15.3	0	1060
4000	15.4	0	983
4000	15.5	0	925
4000	15.6	0	1034
4000	15.7	0	1052
4000	15.8	0	955
4000	15.9	0	983
4000	16	0	1005
4000	16.1	0	1052
4000	16.2	0	1037
4000	16.3	0	1026
4000	16.4	0	1022
4000	16.5	0	997
4000	16.6	0	954
4000	16.7	0	983
4000	16.8	0	1025
4000	16.9	0	986
4000	17	0	1027
4000	17.1	0	973
4000	17.2	0	1060
4000	17.3	0	971
4000	17.4	0	968
4000	17.5	0	1027
4000	17.6	0	1042
4000	17.7	0	1074
4000	17.8	0	1029
4000	17.9	0	1065
4000	18	0	1057
4000	18.1	0	1036
4000	18.2	0	1007
4000	18.3	0	1000
4000	18.4	0	1011
4000	18.5	0	1011
4000	18.6	0	1018
4000	18.7	0	981
4000	18.8	0	1025
4000	18.9	0	1060
4000	19	0	1003
4000	19.1	0	987
4000	19.2	0	1039
4000	19.3	0	999
4000	19.4	0	1038
4000	19.5	0	1004
4000	19.6	0	1019
4000	19.7	0	1007
4000	19.8	0	977
4000	19.9	0	1042
8000	0	0	1036
8000	0.1	0	989
8000	0.2	0	1003
8000	0.3	0	1082
8000	0.4	0	1113
8000	0.5	0	1134
8000	0.6	0	1204
8000	0.7	0	1296
8000	0.8	0	1407
8000	0.9	0	1479
8000	1	0	1545
8000	1.1	0	1778
8000	1.2	0	1991
8000	1.3	0	2161
8000	1.4	0	2412
8000	1.5	0	2767
8000	1.6	0	3371
8000	1.7	0	3806
8000	1.8	0	4779
8000	1.9	0	5997
8000	2	0	7564
8000	2.1	0	9949
8000	2.2	0	13000
8000	2.3	0	16496
8000	2.4	0	19414
8000	2.5	0	20112
8000	2.6	0	20086
8000	2.7	0	20186
8000	2.8	0	19857
8000	2.9	0	20124
8000	3	0	19979
8000	3.1	0	19962
8000	3.2	0	19891
8000	3.3	0	20400
8000	3.4	0	20079
8000	3.5	0	20139
8000	3.6	0	20278
8000	3.7	0	20132
8000	3.8	0	20131
8000	3.9	0	20288
8000	4	0	20047
8000	4.1	0	20089
8000	4.2	0	20054
8000	4.3	0	20492
8000	4.4	0	20171
8000	4.5	0	20204
8000	4.6	0	19897
8000	4.7	0	20260
8000	4.8	0	20083
8000	4.9	0	20097
8000	5	0	20002
8000	5.1	0	19945
8000	5.2	0	18744
8000	5.3	0	17687
8000	5.4	0	16394
8000	5.5	0	15115
8000	5.6	0	13864
8000	5.7	0	12620
8000	5.8	0	11393
8000	5.9	0	10226
8000	6	0	9401
8000	6.1	0	8492
8000	6.2	0	7814
8000	6.3	0	7101
8000	6.4	0	6538
8000	6.5	0	5908
8000	6.6	0	5597
8000	6.7	0	5100
8000	6.8	0	4708
8000	6.9	0	4484
8000	7	0	4143
8000	7.1	0	3762
8000	7.2	0	3644
8000	7.3	0	3418
8000	7.4	0	3248
8000	7.5	0	3015
8000	7.6	0	2871
8000	7.7	0	2681
8000	7.8	0	2490
8000	7.9	0	2482
8000	8	0	2354
8000	8.1	0	2200
8000	8.2	0	2134
8000	8.3	0	2021
8000	8.4	0	1884
8000	8.5	0	1840
8000	8.6	0	1868
8000	8.7	0	1763
8000	8.8	0	1714
8000	8.9	0	1672
8000	9	0	1587
8000	9.1	0	1525
8000	9.2	0	1465
8000	9.3	0	1410
8000	9.4	0	1445
8000	9.5	0	1435
8000	9.6	0	1334
8000	9.7	0	1265
8000	9.8	0	1223
8000	9.9	0	1218
8000	10	0	1263
8000	10.1	0	1277
8000	10.2	0	1129
8000	10.3	0	1190
8000	10.4	0	1219
8000	10.5	0	1075
8000	10.6	0	1185
8000	10.7	0	1110
8000	10.8	0	1078
8000	10.9	0	997
8000	11	0	1080
8000	11.1	0	1018
8000	11.2	0	1036
8000	11.3	0	996
8000	11.4	0	997
8000	11.5	0	1074
8000	11.6	0	1026
8000	11.7	0	991
8000	11.8	0	975
8000	11.9	0	1017
8000	12	0	1004
8000	12.1	0	967
8000	12.2	0	981
8000	12.3	0	988
8000	12.4	0	1050
8000	12.5	0	989
8000	12.6	0	999
8000	12.7	0	982
8000	12.8	0	938
8000	12.9	0	1007
8000	13	0	942
8000	13.1	0	1012
8000	13.2	0	986
8000	13.3	0	996
8000	13.4	0	1049
8000	13.5	0	1065
8000	13.6	0	1024
8000	13.7	0	965
8000	13.8	0	972
8000	13.9	0	1000
8000	14	0	993
8000	14.1	0	1015
8000	14.2	0	1020
8000	14.3	0	962
8000	14.4	0	1012
8000	14.5	0	989
8000	14.6	0	1014
8000	14.7	0	1051
8000	14.8	0	940
8000	14.9	0	947
8000	15	0	1042
8000	15.1	0	1057
8000	15.2	0	1038
8000	15.3	0	1030
8000	15.4	0	988
8000	15.5	0	1029
8000	15.6	0	1012
8000	15.7	0	945
8000	15.8	0	933
8000	15.9	0	993
8000	16	0	1022
8000	16.1	0	1025
8000	16.2	0	998
8000	16.3	0	1065
8000	16.4	0	942
8000	16.5	0	990
8000	16.6	0	994
8000	16.7	0	1035
8000	16.8	0	1030
8000	16.9	0	986
8000	17	0	968
8000	17.1	0	1000
8000	17.2	0	1055
8000	17.3	0	1046
8000	17.4	0	984
8000	17.5	0	994
8000	17.6	0	1011
8000	17.7	0	995
8000	17.8	0	1016
8000	17.9	0	1004
8000	18	0	1012
8000	18.1	0	1013
8000	18.2	0	1078
8000	18.3	0	979
8000	18.4	0	1022
8000	18.5	0	956
8000	18.6	0	949
8000	18.7	0	1032
8000	18.8	0	1006
8000	18.9	0	968
8000	19	0	997
8000	19.1	0	1056
8000	19.2	0	971
8000	19.3	0	1013
8000	19.4	0	1002
8000	19.5	0	1044
8000	19.6	0	981
8000	19.7	0	980
8000	19.8	0	1002
8000	19.9	0	1065
12000	0	0	998
12000	0.1	0	1054
12000	0.2	0	1063
12000	0.3	0	1120
12000	0.4	0	1085
12000	0.5	0	1112
12000	0.6	0	1226
12000	0.7	0	1233
12000	0.8	0	1261
12000	0.9	0	1431
12000	1	0	1574
12000	1.1	0	1781
12000	1.2	0	1928
12000	1.3	0	2217
12000	1.4	0	2449
12000	1.5	0	2777
12000	1.6	0	3208
12000	1.7	0	3977
12000	1.8	0	4718
12000	1.9	0	5862
12000	2	0	7708
12000	2.1	0	10079
12000	2.2	0	13310
12000	2.3	0	16855
12000	2.4	0	19742
12000	2.5	0	20055
12000	2.6	0	20170
12000	2.7	0	20198
12000	2.8	0	20278
12000	2.9	0	20119
12000	3	0	20283
12000	3.1	0	20261
12000	3.2	0	20101
12000	3.3	0	20053
12000	3.4	0	20043
12000	3.5	0	20223
12000	3.6	0	20031
12000	3.7	0	19898
12000	3.8	0	20120
12000	3.9	0	20038
12000	4	0	20060
12000	4.1	0	20158
12000	4.2	0	19983
12000	4.3	0	20104
12000	4.4	0	19916
12000	4.5	0	20445
12000	4.6	0	20004
12000	4.7	0	20358
12000	4.8	0	20246
12000	4.9	0	20106
12000	5	0	19827
12000	5.1	0	19600
12000	5.2	0	18961
12000	5.3	0	17545
12000	5.4	0	16345
12000	5.5	0	15172
12000	5.6	0	13713
12000	5.7	0	12542
12000	5.8	0	11398
12000	5.9	0	10435
12000	6	0	9281
12000	6.1	0	8486
12000	6.2	0	7647
12000	6.3	0	6864
12000	6.4	0	6481
12000	6.5	0	5823
12000	6.6	0	5573
12000	6.7	0	5108
12000	6.8	0	4617
12000	6.9	0	4501
12000	7	0	4056
12000	7.1	0	3968
12000	7.2	0	3628
12000	7.3	0	3330
12000	7.4	0	3143
12000	7.5	0	2967
12000	7.6	0	2824
12000	7.7	0	2677
12000	7.8	0	2573
12000	7.9	0	2442
12000	8	0	2291
12000	8.1	0	2243
12000	8.2	0	2062
12000	8.3	0	2002
12000	8.4	0	1903
12000	8.5	0	1876
12000	8.6	0	1856
12000	8.7	0	1813
12000	8.8	0	1657
12000	8.9	0	1660
12000	9	0	1578
12000	9.1	0	1528
12000	9.2	0	1411
12000	9.3	0	1455
12000	9.4	0	1402
12000	9.5	0	1381
12000	9.6	0	1335
12000	9.7	0	1306
12000	9.8	0	1244
12000	9.9	0	1255
12000	10	0	1236
12000	10.1	0	1201
12000	10.2	0	1281
12000	10.3	0	1247
12000	10.4	0	1169
12000	10.5	0	1167
12000	10.6	0	1075
12000	10.7	0	1117
12000	10.8	0	1061
12000	10.9	0	1060
12000	11	0	1075
12000	11.1	0	1038
12000	11.2	0	1044
12000	11.3	0	1093
12000	11.4	0	1061
12000	11.5	0	1070
12000	11.6	0	972
12000	11.7	0	989
12000	11.8	0	997
12000	11.9	0	985
12000	12	0	953
12000	12.1	0	1021
12000	12.2	0	986
12000	12.3	0	941
12000	12.4	0	917
12000	12.5	0	906
12000	12.6	0	960
12000	12.7	0	1018
12000	12.8	0	994
12000	12.9	0	1030
12000	13	0	980
12000	13.1	0	1025
12000	13.2	0	991
12000	13.3	0	980
12000	13.4	0	1018
12000	13.5	0	1029
12000	13.6	0	976
12000	13.7	0	994
12000	13.8	0	1102
12000	13.9	0	975
12000	14	0	975
12000	14.1	0	1031
12000	14.2	0	1014
12000	14.3	0	1054
12000	14.4	0	949
12000	14.5	0	1010
12000	14.6	0	995
12000	14.7	0	1022
12000	14.8	0	1057
12000	14.9	0	1027
12000	15	0	945
12000	15.1	0	1038
12000	15.2	0	1000
12000	15.3	0	1027
12000	15.4	0	1000
12000	15.5	0	1001
12000	15.6	0	1002
12000	15.7	0	988
12000	15.8	0	969
12000	15.9	0	1020
12000	16	0	990
12000	16.1	0	987
12000	16.2	0	980
12000	16.3	0	972
12000	16.4	0	1059
12000	16.5	0	1046
12000	16.6	0	980
12000	16.7	0	1010
12000	16.8	0	988
12000	16.9	0	999
12000	17	0	1018
12000	17.1	0	991
12000	17.2	0	1027
12000	17.3	0	1011
12000	17.4	0	979
12000	17.5	0	925
12000	17.6	0	1021
12000	17.7	0	1027
12000	17.8	0	985
12000	17.9	0	985
12000	18	0	1057
12000	18.1	0	996
12000	18.2	0	911
12000	18.3	0	1086
12000	18.4	0	1071
12000	18.5	0	1025
12000	18.6	0	1002
12000	18.7	0	1051
12000	18.8	0	1012
12000	18.9	0	987
12000	19	0	1076
12000	19.1	0	988
12000	19.2	0	1064
12000	19.3	0	1040
12000	19.4	0	991
12000	19.5	0	989
12000	19.6	0	974
12000	19.7	0	1028
12000	19.8	0	1009
12000	19.9	0	1001
16000	0	0	979
16000	0.1	0	1017
16000	0.2	0	1066
16000	0.3	0	1031
16000	0.4	0	1145
16000	0.5	0	1127
16000	0.6	0	1157
16000	0.7	0	1253
16000	0.8	0	1319
16000	0.9	0	1440
16000	1	0	1562
16000	1.1	0	1728
16000	1.2	0	1894
16000	1.3	0	2159
16000	1.4	0	2473
16000	1.5	0	2840
16000	1.6	0	3307
16000	1.7	0	3899
16000	1.8	0	4766
16000	1.9	0	6053
16000	2	0	7660
16000	2.1	0	10083
16000	2.2	0	13278
16000	2.3	0	16617
16000	2.4	0	19363
16000	2.5	0	19955
16000	2.6	0	20116
16000	2.7	0	19949
16000	2.8	0	20037
16000	2.9	0	20070
16000	3	0	20248
16000	3.1	0	20311
16000	3.2	0	20109
16000	3.3	0	19947
16000	3.4	0	20235
16000	3.5	0	20518
16000	3.6	0	20297
16000	3.7	0	20284
16000	3.8	0	20092
16000	3.9	0	20158
16000	4	0	19894
16000	4.1	0	20111
16000	4.2	0	20257
16000	4.3	0	20072
16000	4.4	0	20045
16000	4.5	0	19974
16000	4.6	0	20154
16000	4.7	0	20119
16000	4.8	0	19926
16000	4.9	0	20017
16000	5	0	20210
16000	5.1	0	19578
16000	5.2	0	18937
16000	5.3	0	17792
16000	5.4	0	16477
16000	5.5	0	15134
16000	5.6	0	13754
16000	5.7	0	12639
16000	5.8	0	11477
16000	5.9	0	10399
16000	6	0	9153
16000	6.1	0	8456
16000	6.2	0	7797
16000	6.3	0	7058
16000	6.4	0	6495
16000	6.5	0	5931
16000	6.6	0	5377
16000	6.7	0	5037
16000	6.8	0	4717
16000	6.9	0	4515
16000	7	0	4216
16000	7.1	0	3722
16000	7.2	0	3686
16000	7.3	0	3273
16000	7.4	0	3151
16000	7.5	0	3020
16000	7.6	0	2868
16000	7.7	0	2725
16000	7.8	0	2625
16000	7.9	0	2444
16000	8	0	2340
16000	8.1	0	2233
16000	8.2	0	2090
16000	8.3	0	2058
16000	8.4	0	2004
16000	8.5	0	1840
16000	8.6	0	1736
16000	8.7	0	1732
16000	8.8	0	1703
16000	8.9	0	1645
16000	9	0	1525
16000	9.1	0	1544
16000	9.2	0	1516
16000	9.3	0	1508
16000	9.4	0	1379
16000	9.5	0	1316
16000	9.6	0	1338
16000	9.7	0	1321
16000	9.8	0	1306
16000	9.9	0	1249
16000	10	0	1211
16000	10.1	0	1178
16000	10.2	0	1140
16000	10.3	0	1160
16000	10.4	0	1201
16000	10.5	0	1131
16000	10.6	0	1060
16000	10.7	0	1089
16000	10.8	0	1070
16000	10.9	0	1090
16000	11	0	1062
16000	11.1	0	1064
16000	11.2	0	1067
16000	11.3	0	1012
16000	11.4	0	997
16000	11.5	0	1025
16000	11.6	0	950
16000	11.7	0	1027
16000	11.8	0	953
16000	11.9	0	1021
16000	12	0	1013
16000	12.1	0	1039
16000	12.2	0	1028
16000	12.3	0	1032
16000	12.4	0	1015
16000	12.5	0	1056
16000	12.6	0	1080
16000	12.7	0	990
16000	12.8	0	1063
16000	12.9	0	1011
16000	13	0	965
16000	13.1	0	1029
16000	13.2	0	1002
16000	13.3	0	1033
16000	13.4	0	1043
16000	13.5	0	1014
16000	13.6	0	1002
16000	13.7	0	1030
16000	13.8	0	1066
16000	13.9	0	978
16000	14	0	1003
16000	14.1	0	961
16000	14.2	0	1005
16000	14.3	0	1019
16000	14.4	0	968
16000	14.5	0	940
16000	14.6	0	1028
16000	14.7	0	957
16000	14.8	0	993
16000	14.9	0	1042
16000	15	0	988
16000	15.1	0	1036
16000	15.2	0	990
16000	15.3	0	1026
16000	15.4	0	973
16000	15.5	0	979
16000	15.6	0	1045
16000	15.7	0	978
16000	15.8	0	960
16000	15.9	0	958
16000	16	0	985
16000	16.1	0	1002
16000	16.2	0	937
16000	16.3	0	930
16000	16.4	0	992
16000	16.5	0	989
16000	16.6	0	1044
16000	16.7	0	949
16000	16.8	0	945
16000	16.9	0	1003
16000	17	0	988
16000	17.1	0	1013
16000	17.2	0	1032
16000	17.3	0	977
16000	17.4	0	1014
16000	17.5	0	1008
16000	17.6	0	1006
16000	17.7	0	1021
16000	17.8	0	1002
16000	17.9	0	992
16000	18	0	1033
16000	18.1	0	1024
16000	18.2	0	1006
16000	18.3	0	1038
16000	18.4	0	1027
16000	18.5	0	972
16000	18.6	0	917
16000	18.7	0	1008
16000	18.8	0	1062
16000	18.9	0	1028
16000	19	0	1013
16000	19.1	0	991
16000	19.2	0	1032
16000	19.3	0	1006
16000	19.4	0	982
16000	19.5	0	982
16000	19.6	0	1063
16000	19.7	0	945
16000	19.8	0	1008
16000	19.9	0	1031
20000	0	0	1017
20000	0.1	0	1021
20000	0.2	0	989
20000	0.3	0	1102
20000	0.4	0	1126
20000	0.5	0	1167
20000	0.6	0	1223
20000	0.7	0	1298
20000	0.8	0	1401
20000	0.9	0	1477
20000	1	0	1546
20000	1.1	0	1680
20000	1.2	0	1915
20000	1.3	0	2182
20000	1.4	0	2436
20000	1.5	0	2801
20000	1.6	0	3288
20000	1.7	0	4086
20000	1.8	0	4886
20000	1.9	0	5874
20000	2	0	7951
20000	2.1	0	10066
20000	2.2	0	13193
20000	2.3	0	16618
20000	2.4	0	19741
20000	2.5	0	20140
20000	2.6	0	19955
20000	2.7	0	20104
20000	2.8	0	20047
20000	2.9	0	20059
20000	3	0	20130
20000	3.1	0	20301
20000	3.2	0	20433
20000	3.3	0	20120
20000	3.4	0	20153
20000	3.5	0	20124
20000	3.6	0	20188
20000	3.7	0	19947
20000	3.8	0	19903
20000	3.9	0	19946
20000	4	0	19953
20000	4.1	0	20240
20000	4.2	0	20093
20000	4.3	0	20052
20000	4.4	0	20115
20000	4.5	0	20114
20000	4.6	0	20028
20000	4.7	0	20087
20000	4.8	0	20167
20000	4.9	0	20083
20000	5	0	20394
20000	5.1	0	19540
20000	5.2	0	18691
20000	5.3	0	17526
20000	5.4	0	16362
20000	5.5	0	15182
20000	5.6	0	13788
20000	5.7	0	12420
20000	5.8	0	11437
20000	5.9	0	10352
20000	6	0	9350
20000	6.1	0	8376
20000	6.2	0	7755
20000	6.3	0	6998
20000	6.4	0	6313
20000	6.5	0	6091
20000	6.6	0	5534
20000	6.7	0	5130
20000	6.8	0	4672
20000	6.9	0	4335
20000	7	0	4158
20000	7.1	0	3944
20000	7.2	0	3614
20000	7.3	0	3443
20000	7.4	0	3128
20000	7.5	0	2973
20000	7.6	0	2809
20000	7.7	0	2674
20000	7.8	0	2564
20000	7.9	0	2451
20000	8	0	2314
20000	8.1	0	2296
20000	8.2	0	2070
20000	8.3	0	2017
20000	8.4	0	1969
20000	8.5	0	1873
20000	8.6	0	1768
20000	8.7	0	1744
20000	8.8	0	1668
20000	8.9	0	1605
20000	9	0	1618
20000	9.1	0	1603
20000	9.2	0	1435
20000	9.3	0	1436
20000	9.4	0	1457
20000	9.5	0	1383
20000	9.6	0	1354
20000	9.7	0	1313
20000	9.8	0	1259
20000	9.9	0	1234
20000	10	0	1298
20000	10.1	0	1182
20000	10.2	0	1132
20000	10.3	0	1106
20000	10.4	0	1182
20000	10.5	0	1177
20000	10.6	0	1124
20000	10.7	0	1094
20000	10.8	0	1055
20000	10.9	0	1076
20000	11	0	1071
20000	11.1	0	1070
20000	11.2	0	994
20000	11.3	0	1088
20000	11.4	0	960
20000	11.5	0	1026
20000	11.6	0	994
20000	11.7	0	1018
20000	11.8	0	1007
20000	11.9	0	985
20000	12	0	1041
20000	12.1	0	983
20000	12.2	0	1047
20000	12.3	0	1029
20000	12.4	0	998
20000	12.5	0	1017
20000	12.6	0	1058
20000	12.7	0	954
20000	12.8	0	982
20000	12.9	0	1018
20000	13	0	1023
20000	13.1	0	1011
20000	13.2	0	1049
20000	13.3	0	959
20000	13.4	0	994
20000	13.5	0	949
20000	13.6	0	986
20000	13.7	0	968
20000	13.8	0	1000
20000	13.9	0	1022
20000	14	0	1010
20000	14.1	0	1030
20000	14.2	0	995
20000	14.3	0	994
20000	14.4	0	979
20000	14.5	0	944
20000	14.6	0	1001
20000	14.7	0	976
20000	14.8	0	1019
20000	14.9	0	967
20000	15	0	986
20000	15.1	0	967
20000	15.2	0	1042
20000	15.3	0	976
20000	15.4	0	983
20000	15.5	0	1014
20000	15.6	0	927
20000	15.7	0	975
20000	15.8	0	959
20000	15.9	0	1007
20000	16	0	1054
20000	16.1	0	979
20000	16.2	0	976
20000	16.3	0	1000
20000	16.4	0	1007
20000	16.5	0	1014
20000	16.6	0	1071
20000	16.7	0	1000
20000	16.8	0	1006
20000	16.9	0	1029
20000	17	0	1005
20000	17.1	0	960
20000	17.2	0	1048
20000	17.3	0	985
20000	17.4	0	1001
20000	17.5	0	1013
20000	17.6	0	991
20000	17.7	0	1009
20000	17.8	0	1015
20000	17.9	0	1037
20000	18	0	959
20000	18.1	0	1058
20000	18.2	0	1043
20000	18.3	0	1039
20000	18.4	0	1057
20000	18.5	0	992
20000	18.6	0	943
20000	18.7	0	984
20000	18.8	0	1034
20000	18.9	0	1056
20000	19	0	1008
20000	19.1	0	1066
20000	19.2	0	1038
20000	19.3	0	986
20000	19.4	0	988
20000	19.5	0	1000
20000	19.6	0	1047
20000	19.7	0	1026
20000	19.8	0	1002
20000	19.9	0	1010
