4000	0	0	1205
4000	0.1	0	1186
4000	0.2	0	1245
4000	0.3	0	1260
4000	0.4	0	1319
4000	0.5	0	1401
4000	0.6	0	1439
4000	0.7	0	1586
4000	0.8	0	1698
4000	0.9	0	1847
4000	1	0	1995
4000	1.1	0	2292
4000	1.2	0	2686
4000	1.3	0	3042
4000	1.4	0	3568
4000	1.5	0	4285
4000	1.6	0	5316
4000	1.7	0	6579
4000	1.8	0	8116
4000	1.9	0	10125
4000	2	0	12220
4000	2.1	0	14987
4000	2.2	0	17263
4000	2.3	0	18392
4000	2.4	0	18215
4000	2.5	0	16613
4000	2.6	0	16440
4000	2.7	0	16643
4000	2.8	0	16719
4000	2.9	0	17061
4000	3	0	17250
4000	3.1	0	17546
4000	3.2	0	17361
4000	3.3	0	17501
4000	3.4	0	17334
4000	3.5	0	17374
4000	3.6	0	17221
4000	3.7	0	17459
4000	3.8	0	17557
4000	3.9	0	17415
4000	4	0	17142
4000	4.1	0	17531
4000	4.2	0	17528
4000	4.3	0	17398
4000	4.4	0	17422
4000	4.5	0	17104
4000	4.6	0	17211
4000	4.7	0	17254
4000	4.8	0	17026
4000	4.9	0	17070
4000	5	0	17109
4000	5.1	0	17044
4000	5.2	0	16832
4000	5.3	0	16607
4000	5.4	0	15864
4000	5.5	0	15477
4000	5.6	0	14570
4000	5.7	0	14035
4000	5.8	0	13102
4000	5.9	0	12650
4000	6	0	11303
4000	6.1	0	10388
4000	6.2	0	9771
4000	6.3	0	8919
4000	6.4	0	8206
4000	6.5	0	7551
4000	6.6	0	6885
4000	6.7	0	6317
4000	6.8	0	5877
4000	6.9	0	5487
4000	7	0	5039
4000	7.1	0	4669
4000	7.2	0	4420
4000	7.3	0	4030
4000	7.4	0	3723
4000	7.5	0	3668
4000	7.6	0	3336
4000	7.7	0	3176
4000	7.8	0	2919
4000	7.9	0	2802
4000	8	0	2696
4000	8.1	0	2618
4000	8.2	0	2381
4000	8.3	0	2379
4000	8.4	0	2296
4000	8.5	0	2136
4000	8.6	0	2009
4000	8.7	0	2034
4000	8.8	0	1878
4000	8.9	0	1906
4000	9	0	1803
4000	9.1	0	1752
4000	9.2	0	1689
4000	9.3	0	1602
4000	9.4	0	1640
4000	9.5	0	1550
4000	9.6	0	1502
4000	9.7	0	1461
4000	9.8	0	1412
4000	9.9	0	1409
4000	10	0	1408
4000	10.1	0	1451
4000	10.2	0	1276
4000	10.3	0	1332
4000	10.4	0	1308
4000	10.5	0	1239
4000	10.6	0	1224
4000	10.7	0	1243
4000	10.8	0	1236
4000	10.9	0	1158
4000	11	0	1156
4000	11.1	0	1176
4000	11.2	0	1160
4000	11.3	0	1153
4000	11.4	0	1163
4000	11.5	0	1120
4000	11.6	0	1098
4000	11.7	0	1107
4000	11.8	0	1130
4000	11.9	0	1205
4000	12	0	1076
4000	12.1	0	1130
4000	12.2	0	1174
4000	12.3	0	1156
4000	12.4	0	1178
4000	12.5	0	1175
4000	12.6	0	1120
4000	12.7	0	1102
4000	12.8	0	1178
4000	12.9	0	1223
4000	13	0	1165
4000	13.1	0	1130
4000	13.2	0	1111
4000	13.3	0	1161
4000	13.4	0	1167
4000	13.5	0	1145
4000	13.6	0	1210
4000	13.7	0	1146
4000	13.8	0	1098
4000	13.9	0	1124
4000	14	0	1115
4000	14.1	0	1038
4000	14.2	0	1146
4000	14.3	0	1129
4000	14.4	0	1141
4000	14.5	0	1146
4000	14.6	0	1125
4000	14.7	0	1138
4000	14.8	0	1158
4000	14.9	0	1166
4000	15	0	1156
4000	15.1	0	1203
4000	15.2	0	1078
4000	15.3	0	1149
4000	15.4	0	1172
4000	15.5	0	1189
4000	15.6	0	1182
4000	15.7	0	1180
4000	15.8	0	1155
4000	15.9	0	1112
4000	16	0	1160
4000	16.1	0	1216
4000	16.2	0	1136
4000	16.3	0	1167
4000	16.4	0	1132
4000	16.5	0	1193
4000	16.6	0	1154
4000	16.7	0	1102
4000	16.8	0	1158
4000	16.9	0	1176
4000	17	0	1167
4000	17.1	0	1140
4000	17.2	0	1133
4000	17.3	0	1159
4000	17.4	0	1137
4000	17.5	0	1213
4000	17.6	0	1137
4000	17.7	0	1140
4000	17.8	0	1154
4000	17.9	0	1179
4000	18	0	1151
4000	18.1	0	1172
4000	18.2	0	1188
4000	18.3	0	1162
4000	18.4	0	1188
4000	18.5	0	1116
4000	18.6	0	1172
4000	18.7	0	1169
4000	18.8	0	1116
4000	18.9	0	1184
4000	19	0	1209
4000	19.1	0	1094
4000	19.2	0	1118
4000	19.3	0	1137
4000	19.4	0	1152
4000	19.5	0	1173
4000	19.6	0	1218
4000	19.7	0	1167
4000	19.8	0	1200
4000	19.9	0	1195
8000	0	0	1197
8000	0.1	0	1234
8000	0.2	0	1260
8000	0.3	0	1260
8000	0.4	0	1280
8000	0.5	0	1452
8000	0.6	0	1425
8000	0.7	0	1613
8000	0.8	0	1612
8000	0.9	0	1917
8000	1	0	2035
8000	1.1	0	2244
8000	1.2	0	2633
8000	1.3	0	3000
8000	1.4	0	3664
8000	1.5	0	4213
8000	1.6	0	5380
8000	1.7	0	6518
8000	1.8	0	8072
8000	1.9	0	10111
8000	2	0	12412
8000	2.1	0	14818
8000	2.2	0	17254
8000	2.3	0	18351
8000	2.4	0	18219
8000	2.5	0	17029
8000	2.6	0	16528
8000	2.7	0	16495
8000	2.8	0	16901
8000	2.9	0	17196
8000	3	0	17449
8000	3.1	0	17273
8000	3.2	0	17244
8000	3.3	0	17350
8000	3.4	0	17681
8000	3.5	0	17242
8000	3.6	0	17381
8000	3.7	0	17357
8000	3.8	0	17540
8000	3.9	0	17363
8000	4	0	17491
8000	4.1	0	17378
8000	4.2	0	17408
8000	4.3	0	17550
8000	4.4	0	17191
8000	4.5	0	17353
8000	4.6	0	17118
8000	4.7	0	17217
8000	4.8	0	16925
8000	4.9	0	17300
8000	5	0	17097
8000	5.1	0	17055
8000	5.2	0	16781
8000	5.3	0	16354
8000	5.4	0	15904
8000	5.5	0	15357
8000	5.6	0	14908
8000	5.7	0	13818
8000	5.8	0	13126
8000	5.9	0	12162
8000	6	0	11331
8000	6.1	0	10515
8000	6.2	0	9900
8000	6.3	0	8853
8000	6.4	0	8191
8000	6.5	0	7621
8000	6.6	0	6893
8000	6.7	0	6273
8000	6.8	0	5857
8000	6.9	0	5225
8000	7	0	5084
8000	7.1	0	4679
8000	7.2	0	4137
8000	7.3	0	4111
8000	7.4	0	3842
8000	7.5	0	3620
8000	7.6	0	3387
8000	7.7	0	3193
8000	7.8	0	3070
8000	7.9	0	2915
8000	8	0	2670
8000	8.1	0	2626
8000	8.2	0	2347
8000	8.3	0	2416
8000	8.4	0	2264
8000	8.5	0	2242
8000	8.6	0	2138
8000	8.7	0	1975
8000	8.8	0	1905
8000	8.9	0	1828
8000	9	0	1778
8000	9.1	0	1768
8000	9.2	0	1699
8000	9.3	0	1663
8000	9.4	0	1657
8000	9.5	0	1573
8000	9.6	0	1583
8000	9.7	0	1494
8000	9.8	0	1476
8000	9.9	0	1419
8000	10	0	1371
8000	10.1	0	1287
8000	10.2	0	1366
8000	10.3	0	1273
8000	10.4	0	1212
8000	10.5	0	1319
8000	10.6	0	1266
8000	10.7	0	1241
8000	10.8	0	1196
8000	10.9	0	1148
8000	11	0	1143
8000	11.1	0	1221
8000	11.2	0	1265
8000	11.3	0	1206
8000	11.4	0	1172
8000	11.5	0	1177
8000	11.6	0	1109
8000	11.7	0	1082
8000	11.8	0	1176
8000	11.9	0	1126
8000	12	0	1115
8000	12.1	0	1119
8000	12.2	0	1128
8000	12.3	0	1122
8000	12.4	0	1124
8000	12.5	0	1134
8000	12.6	0	1133
8000	12.7	0	1089
8000	12.8	0	1140
8000	12.9	0	1121
8000	13	0	1140
8000	13.1	0	1156
8000	13.2	0	1170
8000	13.3	0	1106
8000	13.4	0	1149
8000	13.5	0	1150
8000	13.6	0	1149
8000	13.7	0	1140
8000	13.8	0	1169
8000	13.9	0	1174
8000	14	0	1112
8000	14.1	0	1163
8000	14.2	0	1191
8000	14.3	0	1131
8000	14.4	0	1061
8000	14.5	0	1155
8000	14.6	0	1188
8000	14.7	0	1124
8000	14.8	0	1179
8000	14.9	0	1149
8000	15	0	1097
8000	15.1	0	1122
8000	15.2	0	1101
8000	15.3	0	1143
8000	15.4	0	1101
8000	15.5	0	1144
8000	15.6	0	1109
8000	15.7	0	1205
8000	15.8	0	1085
8000	15.9	0	1108
8000	16	0	1176
8000	16.1	0	1090
8000	16.2	0	1113
8000	16.3	0	1151
8000	16.4	0	1090
8000	16.5	0	1118
8000	16.6	0	1170
8000	16.7	0	1121
8000	16.8	0	1180
8000	16.9	0	1180
8000	17	0	1111
8000	17.1	0	1197
8000	17.2	0	1122
8000	17.3	0	1177
8000	17.4	0	1146
8000	17.5	0	1195
8000	17.6	0	1136
8000	17.7	0	1138
8000	17.8	0	1135
8000	17.9	0	1145
8000	18	0	1134
8000	18.1	0	1183
8000	18.2	0	1135
8000	18.3	0	1204
8000	18.4	0	1168
8000	18.5	0	1188
8000	18.6	0	1154
8000	18.7	0	1197
8000	18.8	0	1179
8000	18.9	0	1165
8000	19	0	1166
8000	19.1	0	1191
8000	19.2	0	1166
8000	19.3	0	1159
8000	19.4	0	1240
8000	19.5	0	1238
8000	19.6	0	1140
8000	19.7	0	1157
8000	19.8	0	1125
8000	19.9	0	1154
12000	0	0	1189
12000	0.1	0	1300
12000	0.2	0	1267
12000	0.3	0	1304
12000	0.4	0	1327
12000	0.5	0	1352
12000	0.6	0	1547
12000	0.7	0	1599
12000	0.8	0	1701
12000	0.9	0	1826
12000	1	0	2035
12000	1.1	0	2379
12000	1.2	0	2646
12000	1.3	0	3069
12000	1.4	0	3647
12000	1.5	0	4301
12000	1.6	0	5134
12000	1.7	0	6453
12000	1.8	0	8177
12000	1.9	0	10249
12000	2	0	12468
12000	2.1	0	14810
12000	2.2	0	17226
12000	2.3	0	18438
12000	2.4	0	18169
12000	2.5	0	16660
12000	2.6	0	16751
12000	2.7	0	16530
12000	2.8	0	16867
12000	2.9	0	17071
12000	3	0	17475
12000	3.1	0	17412
12000	3.2	0	17375
12000	3.3	0	17377
12000	3.4	0	17361
12000	3.5	0	17381
12000	3.6	0	17276
12000	3.7	0	17573
12000	3.8	0	17510
12000	3.9	0	17402
12000	4	0	17530
12000	4.1	0	17288
12000	4.2	0	17352
12000	4.3	0	17242
12000	4.4	0	17416
12000	4.5	0	17535
12000	4.6	0	17166
12000	4.7	0	17274
12000	4.8	0	17172
12000	4.9	0	16845
12000	5	0	17213
12000	5.1	0	17025
12000	5.2	0	16769
12000	5.3	0	16595
12000	5.4	0	15888
12000	5.5	0	15285
12000	5.6	0	14813
12000	5.7	0	13928
12000	5.8	0	13113
12000	5.9	0	12414
12000	6	0	11490
12000	6.1	0	10573
12000	6.2	0	9742
12000	6.3	0	8853
12000	6.4	0	8105
12000	6.5	0	7337
12000	6.6	0	6899
12000	6.7	0	6451
12000	6.8	0	5740
12000	6.9	0	5432
12000	7	0	4975
12000	7.1	0	4700
12000	7.2	0	4334
12000	7.3	0	4042
12000	7.4	0	3787
12000	7.5	0	3489
12000	7.6	0	3289
12000	7.7	0	3217
12000	7.8	0	2910
12000	7.9	0	2840
12000	8	0	2740
12000	8.1	0	2560
12000	8.2	0	2468
12000	8.3	0	2269
12000	8.4	0	2259
12000	8.5	0	2105
12000	8.6	0	2064
12000	8.7	0	1992
12000	8.8	0	1910
12000	8.9	0	1852
12000	9	0	1838
12000	9.1	0	1853
12000	9.2	0	1711
12000	9.3	0	1656
12000	9.4	0	1646
12000	9.5	0	1541
12000	9.6	0	1480
12000	9.7	0	1516
12000	9.8	0	1495
12000	9.9	0	1422
12000	10	0	1345
12000	10.1	0	1370
12000	10.2	0	1342
12000	10.3	0	1346
12000	10.4	0	1372
12000	10.5	0	1216
12000	10.6	0	1202
12000	10.7	0	1251
12000	10.8	0	1181
12000	10.9	0	1219
12000	11	0	1194
12000	11.1	0	1196
12000	11.2	0	1169
12000	11.3	0	1210
12000	11.4	0	1169
12000	11.5	0	1085
12000	11.6	0	1115
12000	11.7	0	1139
12000	11.8	0	1151
12000	11.9	0	1119
12000	12	0	1108
12000	12.1	0	1155
12000	12.2	0	1101
12000	12.3	0	1081
12000	12.4	0	1107
12000	12.5	0	1090
12000	12.6	0	1133
12000	12.7	0	1178
12000	12.8	0	1112
12000	12.9	0	1095
12000	13	0	1197
12000	13.1	0	1095
12000	13.2	0	1190
12000	13.3	0	1171
12000	13.4	0	1184
12000	13.5	0	1082
12000	13.6	0	1163
12000	13.7	0	1106
12000	13.8	0	1040
12000	13.9	0	1131
12000	14	0	1121
12000	14.1	0	1114
12000	14.2	0	1140
12000	14.3	0	1157
12000	14.4	0	1146
12000	14.5	0	1193
12000	14.6	0	1115
12000	14.7	0	1198
12000	14.8	0	1124
12000	14.9	0	1096
12000	15	0	1128
12000	15.1	0	1134
12000	15.2	0	1097
12000	15.3	0	1134
12000	15.4	0	1129
12000	15.5	0	1123
12000	15.6	0	1151
12000	15.7	0	1120
12000	15.8	0	1140
12000	15.9	0	1136
12000	16	0	1127
12000	16.1	0	1108
12000	16.2	0	1147
12000	16.3	0	1136
12000	16.4	0	1098
12000	16.5	0	1092
12000	16.6	0	1137
12000	16.7	0	1175
12000	16.8	0	1159
12000	16.9	0	1177
12000	17	0	1185
12000	17.1	0	1103
12000	17.2	0	1183
12000	17.3	0	1204
12000	17.4	0	1134
12000	17.5	0	1139
12000	17.6	0	1194
12000	17.7	0	1126
12000	17.8	0	1188
12000	17.9	0	1177
12000	18	0	1175
12000	18.1	0	1142
12000	18.2	0	1172
12000	18.3	0	1141
12000	18.4	0	1186
12000	18.5	0	1155
12000	18.6	0	1162
12000	18.7	0	1166
12000	18.8	0	1131
12000	18.9	0	1195
12000	19	0	1143
12000	19.1	0	1132
12000	19.2	0	1157
12000	19.3	0	1209
12000	19.4	0	1187
12000	19.5	0	1167
12000	19.6	0	1201
12000	19.7	0	1166
12000	19.8	0	1208
12000	19.9	0	1131
16000	0	0	1188
16000	0.1	0	1205
16000	0.2	0	1264
16000	0.3	0	1272
16000	0.4	0	1317
16000	0.5	0	1399
16000	0.6	0	1437
16000	0.7	0	1619
16000	0.8	0	1741
16000	0.9	0	1870
16000	1	0	2060
16000	1.1	0	2356
16000	1.2	0	2592
16000	1.3	0	2973
16000	1.4	0	3627
16000	1.5	0	4234
16000	1.6	0	5288
16000	1.7	0	6423
16000	1.8	0	8104
16000	1.9	0	10147
16000	2	0	12387
16000	2.1	0	14831
16000	2.2	0	17111
16000	2.3	0	18521
16000	2.4	0	18225
16000	2.5	0	16820
16000	2.6	0	16700
16000	2.7	0	16548
16000	2.8	0	16908
16000	2.9	0	17125
16000	3	0	17208
16000	3.1	0	17365
16000	3.2	0	17662
16000	3.3	0	17181
16000	3.4	0	17690
16000	3.5	0	17377
16000	3.6	0	17409
16000	3.7	0	17362
16000	3.8	0	17506
16000	3.9	0	17511
16000	4	0	17438
16000	4.1	0	17535
16000	4.2	0	17479
16000	4.3	0	17335
16000	4.4	0	17091
16000	4.5	0	17379
16000	4.6	0	17416
16000	4.7	0	17203
16000	4.8	0	17182
16000	4.9	0	16937
16000	5	0	17003
16000	5.1	0	17145
16000	5.2	0	16765
16000	5.3	0	16259
16000	5.4	0	15945
16000	5.5	0	15337
16000	5.6	0	14640
16000	5.7	0	14192
16000	5.8	0	13169
16000	5.9	0	12333
16000	6	0	11348
16000	6.1	0	10692
16000	6.2	0	9637
16000	6.3	0	8942
16000	6.4	0	8188
16000	6.5	0	7374
16000	6.6	0	6871
16000	6.7	0	6356
16000	6.8	0	5846
16000	6.9	0	5359
16000	7	0	5109
16000	7.1	0	4647
16000	7.2	0	4290
16000	7.3	0	4056
16000	7.4	0	3667
16000	7.5	0	3604
16000	7.6	0	3323
16000	7.7	0	3171
16000	7.8	0	2997
16000	7.9	0	2824
16000	8	0	2692
16000	8.1	0	2526
16000	8.2	0	2450
16000	8.3	0	2292
16000	8.4	0	2251
16000	8.5	0	2222
16000	8.6	0	2029
16000	8.7	0	2001
16000	8.8	0	1872
16000	8.9	0	1845
16000	9	0	1827
16000	9.1	0	1762
16000	9.2	0	1711
16000	9.3	0	1709
16000	9.4	0	1549
16000	9.5	0	1513
16000	9.6	0	1547
16000	9.7	0	1507
16000	9.8	0	1411
16000	9.9	0	1445
16000	10	0	1329
16000	10.1	0	1450
16000	10.2	0	1327
16000	10.3	0	1312
16000	10.4	0	1298
16000	10.5	0	1313
16000	10.6	0	1243
16000	10.7	0	1252
16000	10.8	0	1220
16000	10.9	0	1152
16000	11	0	1226
16000	11.1	0	1189
16000	11.2	0	1143
16000	11.3	0	1234
16000	11.4	0	1157
16000	11.5	0	1199
16000	11.6	0	1135
16000	11.7	0	1119
16000	11.8	0	1125
16000	11.9	0	1140
16000	12	0	1097
16000	12.1	0	1171
16000	12.2	0	1143
16000	12.3	0	1122
16000	12.4	0	1078
16000	12.5	0	1126
16000	12.6	0	1141
16000	12.7	0	1109
16000	12.8	0	1161
16000	12.9	0	1081
16000	13	0	1149
16000	13.1	0	1089
16000	13.2	0	1094
16000	13.3	0	1126
16000	13.4	0	1169
16000	13.5	0	1158
16000	13.6	0	1103
16000	13.7	0	1138
16000	13.8	0	1117
16000	13.9	0	1071
16000	14	0	1154
16000	14.1	0	1157
16000	14.2	0	1174
16000	14.3	0	1148
16000	14.4	0	1159
16000	14.5	0	1102
16000	14.6	0	1125
16000	14.7	0	1175
16000	14.8	0	1167
16000	14.9	0	1124
16000	15	0	1168
16000	15.1	0	1081
16000	15.2	0	1100
16000	15.3	0	1095
16000	15.4	0	1164
16000	15.5	0	1158
16000	15.6	0	1171
16000	15.7	0	1149
16000	15.8	0	1149
16000	15.9	0	1133
16000	16	0	1154
16000	16.1	0	1167
16000	16.2	0	1159
16000	16.3	0	1134
16000	16.4	0	1107
16000	16.5	0	1105
16000	16.6	0	1173
16000	16.7	0	1147
16000	16.8	0	1157
16000	16.9	0	1090
16000	17	0	1154
16000	17.1	0	1081
16000	17.2	0	1172
16000	17.3	0	1133
16000	17.4	0	1182
16000	17.5	0	1164
16000	17.6	0	1188
16000	17.7	0	1147
16000	17.8	0	1088
16000	17.9	0	1138
16000	18	0	1188
16000	18.1	0	1117
16000	18.2	0	1122
16000	18.3	0	1192
16000	18.4	0	1098
16000	18.5	0	1196
16000	18.6	0	1200
16000	18.7	0	1145
16000	18.8	0	1197
16000	18.9	0	1166
16000	19	0	1212
16000	19.1	0	1082
16000	19.2	0	1234
16000	19.3	0	1181
16000	19.4	0	1185
16000	19.5	0	1210
16000	19.6	0	1178
16000	19.7	0	1242
16000	19.8	0	1152
16000	19.9	0	1196
20000	0	0	1160
20000	0.1	0	1213
20000	0.2	0	1191
20000	0.3	0	1344
20000	0.4	0	1308
20000	0.5	0	1364
20000	0.6	0	1445
20000	0.7	0	1576
20000	0.8	0	1639
20000	0.9	0	1883
20000	1	0	2052
20000	1.1	0	2338
20000	1.2	0	2689
20000	1.3	0	2985
20000	1.4	0	3655
20000	1.5	0	4294
20000	1.6	0	5256
20000	1.7	0	6532
20000	1.8	0	7801
20000	1.9	0	10185
20000	2	0	12575
20000	2.1	0	14807
20000	2.2	0	17251
20000	2.3	0	18723
20000	2.4	0	18262
20000	2.5	0	16836
20000	2.6	0	16390
20000	2.7	0	16646
20000	2.8	0	17081
20000	2.9	0	16970
20000	3	0	17382
20000	3.1	0	17357
20000	3.2	0	17651
20000	3.3	0	17270
20000	3.4	0	17392
20000	3.5	0	17461
20000	3.6	0	17444
20000	3.7	0	17459
20000	3.8	0	17519
20000	3.9	0	17468
20000	4	0	17508
20000	4.1	0	17398
20000	4.2	0	17330
20000	4.3	0	17463
20000	4.4	0	17318
20000	4.5	0	17351
20000	4.6	0	17296
20000	4.7	0	17133
20000	4.8	0	17203
20000	4.9	0	17038
20000	5	0	17040
20000	5.1	0	16930
20000	5.2	0	16872
20000	5.3	0	16364
20000	5.4	0	16036
20000	5.5	0	15296
20000	5.6	0	14549
20000	5.7	0	14138
20000	5.8	0	13157
20000	5.9	0	12239
20000	6	0	11493
20000	6.1	0	10637
20000	6.2	0	9702
20000	6.3	0	8845
20000	6.4	0	8234
20000	6.5	0	7519
20000	6.6	0	6970
20000	6.7	0	6259
20000	6.8	0	5916
20000	6.9	0	5348
20000	7	0	5012
20000	7.1	0	4650
20000	7.2	0	4230
20000	7.3	0	3970
20000	7.4	0	3720
20000	7.5	0	3384
20000	7.6	0	3267
20000	7.7	0	3197
20000	7.8	0	2953
20000	7.9	0	2855
20000	8	0	2762
20000	8.1	0	2503
20000	8.2	0	2449
20000	8.3	0	2358
20000	8.4	0	2204
20000	8.5	0	2203
20000	8.6	0	1998
20000	8.7	0	2087
20000	8.8	0	1935
20000	8.9	0	1899
20000	9	0	1885
20000	9.1	0	1747
20000	9.2	0	1654
20000	9.3	0	1610
20000	9.4	0	1676
20000	9.5	0	1569
20000	9.6	0	1545
20000	9.7	0	1505
20000	9.8	0	1506
20000	9.9	0	1358
20000	10	0	1344
20000	10.1	0	1350
20000	10.2	0	1375
20000	10.3	0	1307
20000	10.4	0	1259
20000	10.5	0	1234
20000	10.6	0	1309
20000	10.7	0	1199
20000	10.8	0	1195
20000	10.9	0	1202
20000	11	0	1220
20000	11.1	0	1190
20000	11.2	0	1187
20000	11.3	0	1227
20000	11.4	0	1178
20000	11.5	0	1177
20000	11.6	0	1148
20000	11.7	0	1076
20000	11.8	0	1177
20000	11.9	0	1112
20000	12	0	1095
20000	12.1	0	1168
20000	12.2	0	1203
20000	12.3	0	1186
20000	12.4	0	1160
20000	12.5	0	1158
20000	12.6	0	1116
20000	12.7	0	1117
20000	12.8	0	1149
20000	12.9	0	1158
20000	13	0	1170
20000	13.1	0	1137
20000	13.2	0	1096
20000	13.3	0	1113
20000	13.4	0	1163
20000	13.5	0	1068
20000	13.6	0	1110
20000	13.7	0	1161
20000	13.8	0	1150
20000	13.9	0	1118
20000	14	0	1104
20000	14.1	0	1078
20000	14.2	0	1125
20000	14.3	0	1116
20000	14.4	0	1118
20000	14.5	0	1143
20000	14.6	0	1119
20000	14.7	0	1151
20000	14.8	0	1151
20000	14.9	0	1167
20000	15	0	1098
20000	15.1	0	1139
20000	15.2	0	1154
20000	15.3	0	1119
20000	15.4	0	1101
20000	15.5	0	1185
20000	15.6	0	1144
20000	15.7	0	1165
20000	15.8	0	1126
20000	15.9	0	1101
20000	16	0	1082
20000	16.1	0	1133
20000	16.2	0	1109
20000	16.3	0	1166
20000	16.4	0	1145
20000	16.5	0	1147
20000	16.6	0	1161
20000	16.7	0	1167
20000	16.8	0	1191
20000	16.9	0	1193
20000	17	0	1134
20000	17.1	0	1104
20000	17.2	0	1095
20000	17.3	0	1135
20000	17.4	0	1196
20000	17.5	0	1094
20000	17.6	0	1188
20000	17.7	0	1141
20000	17.8	0	1155
20000	17.9	0	1159
20000	18	0	1173
20000	18.1	0	1171
20000	18.2	0	1102
20000	18.3	0	1100
20000	18.4	0	1206
20000	18.5	0	1166
20000	18.6	0	1178
20000	18.7	0	1099
20000	18.8	0	1145
20000	18.9	0	1136
20000	19	0	1126
20000	19.1	0	1160
20000	19.2	0	1141
20000	19.3	0	1194
20000	19.4	0	1161
20000	19.5	0	1194
20000	19.6	0	1242
20000	19.7	0	1075
20000	19.8	0	1162
20000	19.9	0	1181
