2.0000e+04	-3.0669e+02	2.3038e+02	-2.5499e+02	4.7201e+02	-2.8861e+02	-1.1191e+02	2.4180e+02	1.9144e+02	-1.4306e+02	3.9701e+02	-2.2140e+02	6.3030e+02	1.9056e+02	3.7659e+01	-4.5763e+02	3.4941e+02	2.5037e+02	-8.1467e+02	1.1608e+02	1.5029e+02	1.0491e+01	-4.2605e+02	-4.9677e+01	-5.4097e+01	-3.2762e+01	2.1871e+02	-7.7256e+01	9.6521e+01	-4.1956e+02	-1.0466e+02	2.5087e+02	-4.5653e+02	-2.9712e+02	4.5919e+02	3.4352e+02	-3.8491e+02	7.3194e+02	-7.8847e+01	2.8034e+02	-1.7252e+01	-8.2369e+02	-1.2645e+02	4.4419e+02	-6.8800e+00	-6.8471e+00	2.1562e+02	3.4764e+02	2.1569e+02	6.1199e+02	-3.0844e+02	-1.1620e+02	-3.8784e+02	1.8692e+02	-2.0079e+02	5.0460e+02	6.2552e+01	1.4516e+02	-2.4848e+02	4.1956e+01	1.0713e+02	3.6535e+02	6.3894e+02	2.0982e+01	2.0516e+02	4.0901e+01	1.2144e+02	5.7452e+02	-1.4968e+02	6.1530e+02	2.8901e+02	9.0182e+01	4.3043e+02	-1.4634e+02	3.7136e+02	5.0067e+02	4.1592e+02	4.4823e+02	-4.5700e+01	2.3704e+02	-7.1309e+01	2.7858e+02	-2.2338e+02	-2.2943e+02	-1.3124e+02	2.0841e+02	-2.6374e+02	2.6327e+02	-3.5080e+02	3.7823e+02	1.4821e+02	3.9238e+02	4.6106e+02	6.1711e+02	1.7118e+02	-7.7329e+02	-3.6496e+01	-7.4388e+01	-4.6090e+02	8.7994e+01	-1.7200e+02	1.5973e+02	4.3966e+02	-1.3968e+02	1.0280e+02	-5.4442e+01	-5.1809e+02	3.5620e+02	7.3442e+02	1.6206e+01	4.5721e+00	4.5399e+02	2.0697e+02	-1.4288e+02	-3.5981e+02	-4.7269e+02	-4.7415e+02	4.4264e+02	-1.6985e+02	2.9450e+02	-3.0938e+01	3.1643e+02	1.1545e+02	1.2454e+02	-9.9162e+01	6.2443e+01	-8.2051e+01	-2.4041e+02	5.6470e+02	-9.6810e+01	1.0439e+02	3.9635e+02	1.6946e+02	-2.1524e+02	5.6805e+02	-2.8170e+02	-5.1175e+02	-2.2949e+02	-2.1514e+02	5.5576e+02	-8.4645e+01	-4.0079e+02	-1.5526e+02	-2.4544e+02	-2.0462e+02	-3.9765e+01	-9.1944e+01	-3.8314e+02	-1.0805e+01	-5.2144e+02	2.5735e+02	4.7966e+02	-2.1885e+02	9.9943e+01	-1.1404e+02	2.1679e+02	2.8454e+02	-4.7106e+02	-4.1943e+02	7.2383e+01	4.2446e+01	-4.6005e+02	8.3216e+01	6.4941e+02	2.6009e+02	2.9264e+02	-1.9289e+02	3.5944e+02	3.3995e+02	-6.2923e+02	3.5953e+02	-1.4069e+02	-2.6205e+02	-5.1086e+02	5.9293e+02	3.9638e+02	-7.0716e+02	-5.8410e+02	-2.3094e+02	3.1023e+02	1.8756e+02	-2.4780e+02	-2.6783e+02	-4.4600e+02	-2.0226e+02	-1.7092e+02	-1.1757e+02	4.5270e+02	2.8455e+02	-3.8799e+02	-3.6005e+02	-2.3157e+02	-1.7360e+02	4.1851e+01	6.1059e+01	-2.7165e+02	-3.4373e+01	2.9040e+02	-2.0078e+02	-1.1902e+02	-8.9112e+01
2.0000e+04	-2.6083e+02	7.5932e+02	-2.0634e+02	4.5168e+02	-6.6304e+02	-4.7785e+02	-6.7926e+02	-3.9924e+02	-8.8290e+02	9.8447e+02	-4.7493e+02	-9.1638e+02	-1.5746e+02	-9.0489e+02	-1.5283e+03	4.9175e+02	8.8719e+02	4.6732e+02	-4.1966e+01	-1.4907e+02	-1.0366e+03	3.7582e+02	-2.7871e+02	5.1338e+02	-4.8400e+01	-4.4930e+02	1.3605e+02	7.8911e+02	-7.5838e+02	-4.9816e+02	8.6390e+02	5.2634e+02	4.3628e+02	3.8048e+02	-2.4672e+02	3.5227e+02	-7.1404e+02	-2.2899e+02	9.4861e+02	4.2575e+02	-5.7113e+02	-7.8104e+01	-3.3368e+01	-1.5685e+02	-6.6116e+02	3.5976e+02	-8.5564e+02	-1.8770e+02	4.8671e+02	-5.7893e+02	-3.9710e+02	-3.3792e+01	-1.7290e+02	-4.0310e+02	5.7369e+02	-1.1072e+02	-4.7779e+02	-4.9683e+02	-9.3414e+02	3.7293e+02	-5.1943e+02	2.0910e+02	-3.0497e+01	-7.1237e+02	-7.2314e+02	-2.2117e+01	8.6765e+02	6.1385e+02	2.6633e+02	-1.1912e+03	-9.6081e+02	-5.0808e+02	-2.4648e+02	6.9825e+02	4.9965e+02	2.0039e+02	-3.4044e+02	2.0625e+02	3.7592e+02	1.5011e+02	-2.9314e+02	3.0097e+02	2.4663e+02	-3.1727e+02	3.8914e+02	9.5988e+02	-7.3217e+02	1.2323e+01	-7.3984e+01	6.4785e+02	3.8565e+02	9.6847e+02	-8.2689e+02	6.4946e+02	-3.7696e+02	-1.0628e+03	7.7463e+02	-1.3865e+03	-9.0334e+02	5.8487e+02	-1.1872e+02	-6.7887e+02	-3.6376e+02	5.5577e+02	1.2076e+02	-8.6490e+01	-1.4734e+00	-8.0747e+01	-4.5630e+02	2.4775e+02	-6.5278e+02	6.9045e+02	4.1796e+02	-9.0639e+02	-2.8894e+02	-1.0029e+03	-4.8464e+02	-3.0473e+02	-2.1308e+02	-7.4861e+02	1.1120e+02	1.2426e+03	-6.6141e+02	-1.0824e+03	3.7074e+02	-1.5381e+02	-1.0147e+03	1.2088e+02	1.7596e+02	-4.3805e+02	4.0576e+02	2.8273e+01	-7.3726e+02	5.7381e+02	5.1865e+02	-6.9067e+01	2.0213e+02	-3.1021e+02	-1.5987e+02	-5.2893e+02	-8.8554e+02	8.7799e+02	-2.8928e+02	-4.8438e+01	1.2058e+03	4.9792e+02	3.5688e+02	-1.8654e+03	7.0683e+02	2.6990e+02	-3.5650e+02	6.1497e+02	-6.6334e+02	-6.0327e+02	-1.3019e+03	2.5110e+02	1.0031e+03	-6.7399e+02	-4.0983e+02	-3.7962e+02	-4.3737e+02	5.0643e+02	5.4061e+02	3.7150e+02	-8.2385e+02	7.5757e+01	-1.7728e+02	-5.0373e+02	1.4943e+03	-5.6714e+02	-3.7490e+02	9.8814e+01	2.0464e+02	-7.5976e+02	2.8205e+02	8.9022e+01	-7.1139e+02	-1.4615e+02	-9.1629e+02	-3.6601e+02	-7.0045e+02	-4.1490e+02	6.1873e+02	5.4647e+02	2.9775e+02	2.7241e+02	-4.8879e+01	4.9878e+02	-8.7888e+01	7.9502e+02	-1.3539e+02	-9.4744e+02	8.0133e+02	7.4835e+02	-5.9068e+02	-6.9693e+02	-1.1570e+03	-1.1184e+02	-7.1072e+02	1.0553e+03
4.0000e+04	-7.2211e+02	4.0227e+02	-5.2866e+02	5.0147e+02	-3.6819e+02	1.4665e+02	4.6246e+02	-4.8842e+01	-2.8792e+02	-1.7606e+01	-2.3629e+02	9.2175e+02	-4.3018e+02	-4.8348e+02	-4.8195e+02	4.6328e+02	1.7155e+02	-3.7900e+02	1.0329e+02	-1.1516e+02	-1.2591e+02	-5.4719e+02	-3.6581e+02	4.8450e+02	1.6892e+02	2.9342e+02	2.3470e+02	-7.2898e+01	-1.4776e+03	1.5981e+02	-2.2887e+02	-1.0957e+02	-6.7532e+02	1.1689e+02	9.6393e+02	-3.9302e+02	1.1154e+03	-7.0697e+02	3.4096e+01	3.3509e+02	-1.0862e+03	-1.8700e+02	-1.0370e+02	6.3911e-01	-6.1038e+02	-2.4545e+01	5.3971e+02	5.0399e+02	2.7307e+02	-1.3953e+02	-3.7290e+02	-3.9743e+02	3.1953e+02	4.9181e+01	5.6928e+02	4.0699e+02	5.5180e+02	-1.0580e+03	-5.4685e+02	2.7724e+02	2.4195e+01	6.6980e+02	4.6042e+02	-5.8875e+01	1.3133e+02	1.1858e+03	6.0004e+02	-2.0481e+02	9.6376e+02	3.1670e+02	4.1072e+02	7.9193e+02	-1.6861e+02	1.0381e+02	1.9944e+02	5.4920e+01	7.5768e+02	2.6334e+02	7.0042e+02	1.3633e+02	-4.7630e+02	-5.3319e+02	-5.8218e+02	-1.2240e+02	1.0385e+03	-1.9966e+02	6.9786e+02	-1.6461e+02	-1.1678e+02	-1.7647e+02	3.8393e+02	7.6875e+02	1.3269e+03	-3.6643e+01	-1.1041e+03	-2.7989e+02	-3.0188e+02	-7.9273e+02	2.2121e+02	2.9409e+02	6.1963e+02	3.7067e+02	-4.6984e+01	1.5160e+02	-6.8449e+01	-3.6322e+02	1.2661e+02	9.6430e+02	3.5642e+02	1.4046e+02	4.8860e+02	9.1672e+02	-7.6062e+02	2.4130e+01	-4.2629e+02	-4.3917e+02	4.2316e+01	-4.8658e+02	1.2151e+02	2.4100e+02	-8.1533e+01	5.5587e+02	3.9565e+02	-3.6788e+02	-9.6338e+01	8.5412e+01	-9.3215e+02	8.1997e+02	2.9486e+02	1.6615e+02	7.1336e+02	1.7138e+02	5.3200e+02	3.7294e+02	-4.9031e+02	-2.2314e+02	-2.9494e+02	-4.0550e+02	1.4953e+02	-2.3187e+01	-7.2238e+02	3.3711e+02	-3.3770e+01	1.2153e+01	7.5091e+01	2.3831e+02	2.3698e+01	-5.8979e+02	5.2800e+01	-1.5288e+02	3.7897e+02	-6.4143e+02	1.1536e+02	1.4576e+02	5.4382e+02	-1.4999e+02	-2.8120e+02	-3.7132e+02	-7.5677e+01	3.1289e+02	-3.6953e+02	-2.7491e+02	1.0016e+03	2.0280e+02	6.1495e+02	-4.8879e+02	1.0742e+03	3.4383e+02	-4.6053e+02	-2.4067e+02	5.8557e+01	-5.9795e+02	-1.0116e+03	1.1770e+03	1.4327e+02	-3.3778e+02	-1.3053e+03	2.1049e+02	5.7026e+02	3.7983e+02	-2.1723e+02	-1.4705e+02	-1.3481e+02	-7.1973e-01	1.0132e+02	4.3715e+02	9.0640e+01	1.4927e+02	1.2629e+02	-2.8910e+02	-5.1499e+02	-2.7107e+02	-9.1981e+02	3.9708e+02	-1.5953e+01	4.3932e+02	5.6378e+02	2.4861e+02	-8.3497e+02	5.3024e+02
4.0000e+04	1.2766e+03	3.0756e+02	-5.6740e+02	7.6163e+02	-3.2363e+02	2.0487e+02	-9.7749e+02	-1.0030e+03	-1.7207e+03	2.5946e+02	7.8369e+02	-8.7190e+02	-9.0239e+02	-7.4194e+02	-1.2135e+03	6.9709e+02	1.0134e+03	4.9441e+02	6.0180e+02	9.1257e+02	-1.1267e+03	7.7631e+02	2.3338e+02	6.6284e+02	8.0974e+02	1.5538e+02	-1.9626e+02	6.7045e+02	-6.3125e+02	-1.1887e+03	8.3271e+02	1.1478e+03	-3.8439e+02	1.2856e+03	8.0400e+02	3.1920e+01	-3.1499e+02	-2.6627e+02	7.9969e+02	1.3557e+03	3.9445e+02	9.5713e+02	-8.7771e+02	-4.8137e+02	-1.9914e+02	2.7610e+02	-2.6290e+02	-1.2926e+03	7.7754e+01	-1.4837e+03	-1.1555e+03	-1.0688e+03	-4.1157e+02	-1.1623e+02	9.5810e+02	-4.8771e+02	2.7074e+02	-1.1013e+03	-1.9684e+02	1.0961e+03	-7.7194e+02	4.5053e+00	3.9333e+02	-1.5477e+03	-1.3149e+03	-2.3718e+02	6.6922e+02	2.2010e+03	-1.8159e+02	-2.5277e+03	-1.5857e+03	-4.4827e+02	8.1746e+02	2.4427e+02	4.3343e+02	-3.8986e+02	-2.1859e+02	7.1667e+02	2.4568e+01	-1.4998e+03	2.0439e+02	7.4641e+02	5.0815e+02	-4.0550e+02	6.5392e+02	2.1552e+03	-1.7932e+03	-5.1526e+01	-1.9796e+02	-5.1535e+01	1.3493e+03	9.7132e+00	-1.3344e+03	7.0287e+02	-3.9651e+02	-2.4207e+03	1.0135e+03	-7.1583e+02	2.2368e+02	4.5336e+02	-8.1546e+02	-5.7468e+02	7.4316e+02	6.9744e+01	2.8597e+02	-1.0794e+02	-6.2768e+02	6.0016e+02	-5.5593e+02	-4.3749e+02	-1.1817e+03	8.7764e+02	1.3888e+03	-1.6394e+03	4.6739e+00	-1.0209e+03	-6.3346e+02	-1.0105e+03	-2.0639e+02	-3.0291e+02	2.1298e+02	1.3616e+03	-1.4674e+03	-3.1276e+02	-1.8826e+02	-3.3248e+02	1.8572e+02	4.1165e+02	4.8720e+02	-1.0360e+03	5.0444e+02	3.4657e+02	9.1573e-01	6.0352e+02	1.0690e+03	-1.2399e+02	-3.2524e+02	-9.0359e+02	-6.7162e+02	-1.5062e+03	-4.0082e+02	1.9422e+03	1.4806e+03	5.4306e+02	9.4998e+02	-2.2847e+02	7.4149e+02	-2.7285e+03	-1.4151e+02	-2.8382e+02	-9.3211e+01	1.0739e+03	-5.3022e+02	-5.3700e+02	-1.5448e+03	2.5502e+02	1.1731e+03	-5.0358e+01	-1.0295e+03	-9.3335e+02	-3.5848e+02	2.2256e+02	-2.2462e+02	4.7574e+01	-1.4748e+03	1.3626e+03	-1.7783e+02	-1.1275e+03	5.5207e+02	-5.5972e+02	-2.3352e+02	7.5325e+02	9.7539e+02	-2.7259e+02	-7.4135e+02	-9.1029e+02	-5.7348e+02	-5.6495e+02	-1.4407e+03	-6.7766e+02	-1.4254e+03	-1.6097e+03	4.5948e+02	2.1971e+02	-1.0974e+02	5.7892e+02	5.3122e+01	-8.8099e+01	-2.8932e+02	1.1058e+03	-2.6390e+02	-1.0820e+03	2.1140e+03	9.4990e+02	-1.6144e+03	-1.3632e+03	-1.3518e+03	5.2972e+02	9.1587e+01	1.0300e+03
6.0000e+04	-4.8353e+02	5.8934e+02	-9.3569e+02	5.7051e+02	-2.6093e+02	-3.0325e+02	4.0257e+02	-5.6656e+02	-1.5317e+02	-1.9758e+02	-5.8133e+02	1.1371e+03	-6.4423e+02	-8.5261e+01	-1.7291e+02	2.9031e+02	-5.2649e+01	-6.6930e+02	1.5222e+02	-4.2964e+02	-6.7479e+02	-9.3751e+02	-5.6370e+02	3.1621e+01	6.4847e+02	1.2736e+02	5.3246e+02	-6.7872e+02	-2.0208e+03	-5.7437e+01	-6.4684e+02	-6.0008e+01	-8.8002e+02	-2.7069e+02	6.8322e+02	-1.2558e+02	1.3929e+03	-1.3552e+03	3.5392e+02	6.4141e+02	-8.7543e+02	-9.1179e+01	1.5022e+02	-3.1732e+02	-3.5218e+02	-5.6415e+02	7.3868e+02	-8.8811e+01	1.7724e+02	2.1530e+01	1.4397e+02	-4.2297e+02	4.6600e+02	-2.6124e+02	5.5957e+02	-3.5665e+01	2.7423e+02	-1.3968e+03	-7.2777e+02	-5.2054e+01	-3.4617e+02	1.1233e+03	2.5573e+02	8.2542e+01	3.3649e+02	1.4050e+03	5.3709e+02	-3.5220e+02	1.0937e+03	-1.0044e+02	7.3030e+02	9.3541e+02	-5.7825e+02	-5.4979e+02	2.4532e+02	-3.5631e+02	5.3681e+02	6.7954e+02	6.0132e+02	4.1042e+02	-9.4904e+02	-5.5728e+02	-4.5010e+02	-4.8553e+02	1.6460e+03	-8.1362e+02	8.8914e+02	-6.5138e+02	3.8366e+02	-6.3688e+02	3.2449e+02	1.4209e+03	1.5520e+03	-2.1637e+02	-1.7557e+03	1.2285e+02	-1.7674e+02	-1.0079e+03	3.0183e+02	4.5480e+02	1.2015e+03	7.7521e+01	-1.3029e+02	3.6538e+02	-2.9579e+02	-1.2317e+03	2.6146e+02	1.4680e+03	-3.7012e+02	-4.2174e+02	1.0030e+02	1.0373e+03	-1.1572e+03	-1.7737e+02	-9.4869e+02	-5.7679e+02	-3.1305e+02	-1.7626e+02	2.5700e+02	2.1025e+02	-1.4092e+02	4.6236e+02	2.8522e+02	-1.0927e+03	-1.3236e+02	2.5476e+02	-7.9652e+02	4.2710e+02	5.3715e+02	3.9768e+02	6.1308e+02	4.4280e+02	9.6436e+02	4.2464e+02	-5.9448e+02	-3.3515e+02	-4.2967e+02	-6.6417e+02	-1.7798e+02	-1.3088e+01	-1.1444e+03	8.6000e+02	-1.1562e+02	-1.4636e+02	4.8632e+02	6.4995e+02	1.9290e+01	-8.0129e+02	1.2828e+02	6.3956e+02	1.7715e+02	-7.3969e+02	4.8740e+02	2.5363e+02	6.7994e+02	-7.3666e+01	1.4636e+02	-8.9125e+02	-7.9931e+01	-2.1399e+02	-1.2821e+02	-2.9905e+02	1.3847e+03	3.9266e+02	7.1964e+02	-5.7867e+02	8.7788e+02	6.4817e+02	-3.1270e+02	-1.9003e+02	1.3068e+02	-3.0067e+01	-1.0570e+03	1.8139e+03	-4.6974e+02	-7.3740e+01	-1.2320e+03	1.5396e+02	4.0318e+02	6.6356e+01	-4.4801e+02	-1.6205e+02	-3.8756e+02	-7.7491e+02	-1.0824e+02	-4.4631e+02	1.1612e+02	-3.1200e+02	-2.0696e+02	6.9260e+02	-3.3432e+02	-2.5898e+02	-8.0751e+02	1.6963e+02	-7.4344e+01	-2.9109e+01	6.9870e+02	-4.2833e+02	-8.8745e+02	5.2714e+02
6.0000e+04	1.3086e+03	-3.9331e+02	-4.7584e+02	6.0448e+02	-4.3160e+02	2.1322e+02	-1.2366e+03	-8.5752e+02	-6.7827e+02	9.2434e+01	2.3458e+03	-6.4875e+02	-1.7712e+02	-3.3498e+02	-9.7698e+02	9.4634e+02	8.2384e+02	1.7870e+03	6.5734e+02	1.5913e+03	-1.1541e+03	1.0426e+03	1.1351e+03	3.0019e+02	-1.9418e+02	1.1303e+03	6.3290e+02	8.5137e+02	9.0014e+02	-9.5899e+02	9.0100e+02	8.8433e+02	-1.2156e+03	3.0073e+02	-1.1187e+03	-2.9063e+02	2.4108e+01	-1.1001e+03	1.4291e+03	1.8770e+03	7.0802e+02	3.4565e+02	-1.2121e+03	-6.6536e+02	5.9868e+02	6.3346e+02	5.1136e+02	-2.5579e+02	2.2059e+01	-1.4570e+03	-3.5235e+02	-7.0767e+02	-8.6372e+02	1.3715e+02	1.1020e+03	-5.5188e+02	-3.8949e+02	-9.0655e+02	-1.4711e+02	6.5020e+02	-1.5675e+03	-2.6400e+02	-2.3646e+02	-8.5476e+02	-6.8348e+02	-9.2732e+01	4.0218e+02	2.8073e+03	9.8970e+01	-3.3037e+03	-1.4063e+03	-1.1322e+03	8.2236e+02	7.6223e+02	7.8082e+02	-1.3073e+03	6.7988e+02	1.5447e+02	-1.0429e+03	-1.0549e+03	1.2362e+03	3.7731e+02	3.6871e+01	-8.0131e+02	-1.3572e+02	1.5558e+03	-2.2886e+03	-2.1780e+02	-2.8512e+02	6.2586e+01	1.2033e+03	3.9359e+02	-1.6149e+03	-1.1300e+02	-7.8237e+02	-3.0392e+03	1.1348e+03	-7.0775e+02	1.9490e+02	7.6335e+02	-2.1111e+02	-6.7315e+02	1.7541e+02	-8.5164e+02	-1.1905e+03	3.2287e+02	-1.3949e+02	1.3059e+03	9.0794e+02	8.7470e+02	-1.4936e+03	1.3783e+03	2.1171e+03	-4.5306e+02	2.9629e+02	-1.9178e+03	-1.1363e+03	-1.0532e+03	1.9484e+02	1.5833e+03	-9.7934e+02	2.2633e+02	-2.4599e+03	-3.5739e+01	-1.0493e+03	-4.1715e+02	5.5201e+01	4.4521e+02	1.3207e+02	-9.8563e+02	1.9709e+02	-1.2572e+02	4.7242e+02	8.9071e+02	4.4460e+02	-7.8065e+02	1.2656e+02	-1.2293e+03	-5.3305e+02	-2.5835e+03	8.9955e+02	2.4981e+03	2.1541e+03	2.0360e+03	4.2360e+02	1.7843e+02	1.2247e+03	-2.6653e+03	-1.1447e+01	-1.3930e+03	5.8355e+02	1.0655e+03	-1.4568e+03	-2.0275e+02	-8.5967e+02	9.2924e+01	5.7776e+02	1.0976e+03	-1.3594e+03	-1.0655e+03	-8.2889e+02	-3.1345e+02	-1.1576e+03	7.1661e+02	9.0190e+01	5.8603e+02	-4.2803e+02	-2.4211e+03	3.7277e+02	-5.7259e+02	9.5622e+02	9.7171e+02	1.0694e+03	-5.7982e+02	-1.3220e+03	-1.1375e+03	-1.4093e+03	-1.6060e+03	-1.3430e+03	-1.3638e+03	-1.2497e+03	-2.3155e+03	1.0585e+01	7.4550e+02	-7.5542e+01	1.2136e+03	2.4483e+02	-9.8192e+01	2.5143e+02	1.1581e+03	-4.7424e+02	-2.4112e+02	1.9131e+03	-3.9541e+02	-2.3536e+03	-9.9235e+02	-5.2404e+02	-7.5359e+01	2.6659e+02	3.2882e+02
8.0000e+04	-1.8059e+02	1.5675e+02	-6.3264e+02	9.9050e+02	-4.9644e+02	-7.1188e+02	5.4274e+02	-1.0547e+03	-5.8058e+01	-4.7222e+02	-7.6085e+02	1.4095e+03	-8.2377e+02	2.0964e+02	5.8148e+01	3.2785e+02	7.3519e+01	-1.2045e+03	1.8620e+02	-2.1021e+02	-1.6310e+03	-7.8838e+02	-7.0360e+02	-3.0557e+02	9.1368e+02	3.0188e+02	1.1732e+03	-5.7714e+02	-1.6818e+03	-3.3180e+02	-8.3918e+02	-1.4012e+02	-1.2839e+03	6.3039e+01	1.0275e+03	-3.4676e+02	1.5275e+03	-1.6844e+03	5.0558e+02	2.9192e+02	-4.2556e+02	2.3049e+02	-7.8793e+02	-1.7618e+02	-1.7354e+02	-8.0259e+02	8.2358e+02	1.6739e+02	8.3501e+02	-4.5287e+02	1.0225e+03	-1.6535e+02	1.1031e+03	-6.3195e+02	6.9377e+02	9.4968e+02	-8.3486e+02	-1.2049e+03	-5.0313e+02	5.7462e+00	2.0500e+02	1.0482e+03	-3.7796e+02	1.1109e+02	9.3781e+02	1.5858e+03	3.2505e+02	-3.2406e+02	1.3493e+03	-4.0185e+02	1.2274e+03	1.2146e+03	-8.5748e+02	-8.8399e+02	1.0811e+02	-7.6959e+02	3.4099e+02	7.8761e+02	1.9482e+02	2.1003e+02	-1.2786e+03	-1.4695e+03	-1.3058e+03	-4.6198e+02	2.3081e+03	-1.0291e+03	3.7851e+02	-6.0281e+02	-1.3349e+01	5.0053e+01	2.4574e+02	1.0235e+03	1.8776e+03	-9.6448e+01	-2.0005e+03	4.8487e+00	-9.5216e+01	-9.3725e+02	7.5896e+02	2.7197e+02	1.4176e+03	-2.3967e+02	-5.9888e+02	1.8116e+02	-1.1479e+02	-1.4968e+03	5.9843e+01	1.2683e+03	-2.0280e+02	-3.6517e+02	3.8522e+02	1.0308e+03	-1.0656e+03	7.2589e+01	-7.6580e+02	1.8945e+01	7.4399e+01	-2.8402e+02	-4.4281e+02	5.8625e+02	-4.9631e+00	1.9089e+02	3.4173e+02	-1.7153e+03	-1.1265e+02	3.8027e+02	-4.3360e+02	-1.7713e+02	6.5950e+02	7.6989e+02	7.1746e+02	2.0266e+02	3.0634e+02	3.0431e+02	-4.1658e+02	-3.4262e+02	-1.0885e+03	-1.1708e+03	7.0051e+01	-1.5584e+02	-7.8919e+02	8.3408e+02	-1.6443e+02	-6.9980e+02	9.3576e+02	2.4817e+02	-6.0495e+01	-2.6981e+02	2.0903e+02	4.0441e+02	1.0137e+03	-1.0350e+03	1.4220e+02	2.2199e+02	7.0760e+02	-3.0482e+02	-2.1153e+02	-6.4617e+02	-5.7712e+02	-1.8803e+02	1.8129e+02	-5.8274e+02	8.1713e+02	3.9666e+02	7.7755e+02	-4.3009e+02	4.3377e+02	9.2533e+02	-9.3887e+01	-3.7374e+02	3.6093e+02	-3.3521e+02	-1.6269e+03	1.9749e+03	-1.1495e+03	9.5711e+01	-1.6427e+03	4.2797e+02	1.0425e+03	-4.8616e+02	-6.8926e+02	-7.7156e+02	-7.5911e+01	-7.2893e+02	-4.7206e+02	-6.5437e+02	5.9185e+02	-2.1991e+02	1.1855e+02	7.8392e+02	-2.1865e+02	7.4292e+01	-5.2431e+02	6.5073e+02	4.9246e+02	3.7002e+02	8.1209e+02	-2.7775e+02	-8.3184e+02	2.7124e+02
8.0000e+04	2.0060e+03	-1.0962e+03	-1.1056e+02	2.7764e+02	-3.8919e+02	4.3903e+01	-8.1036e+02	-7.7298e+01	-2.3285e+02	1.2055e+02	2.2306e+03	-7.5093e+02	-7.6438e+01	5.4014e+02	-1.6685e+03	5.3277e+02	1.2121e+03	2.2885e+03	2.7993e+03	1.8342e+03	-6.0384e+02	6.5086e+02	2.2782e+03	5.3462e+02	-8.0117e+02	7.0839e+02	6.7460e+02	7.9775e+02	1.3762e+03	-7.9571e+02	1.5406e+03	5.6226e+02	-1.7633e+03	8.3124e+02	-1.5405e+03	-2.7975e+01	1.6666e+02	-9.1248e+02	1.3522e+03	2.1823e+03	1.7352e+03	-1.4818e+03	-7.9235e+02	1.3282e+02	2.5411e+02	-1.0743e+03	1.8564e+02	-2.6599e+02	5.3252e+02	-2.0433e+03	-3.3067e+02	-1.3098e+03	-1.2307e+02	7.9729e+02	9.8283e+02	-4.2234e+02	-7.3118e+02	-1.7206e+03	8.4480e+02	2.2871e+02	-1.0680e+03	-1.6865e+02	-1.1438e+03	-8.0104e+02	-1.1042e+03	-5.4398e+02	2.7545e+02	1.8247e+03	5.9199e+02	-2.8486e+03	-8.8197e+02	-1.8950e+03	1.9654e+03	9.5973e+02	3.0766e+02	-7.0413e+02	2.7071e+02	3.9730e+02	-6.3500e+02	-1.2800e+03	1.4182e+03	-5.6561e+01	1.9054e+02	-9.1635e+02	-3.3420e+02	8.1970e+02	-2.4388e+03	-5.5154e+02	2.5455e+01	8.3454e+02	6.4907e+02	3.4918e+02	-1.4560e+03	3.9722e+02	2.0225e+01	-2.1412e+03	5.1165e+02	-9.1254e+02	4.5037e+01	5.1681e+02	-7.7822e+02	1.8623e+02	2.6281e+02	-1.0392e+03	-5.4826e+01	2.2416e+02	-1.1850e+02	1.8889e+03	1.0920e+03	8.7910e+02	-6.6988e+02	1.2997e+03	2.1717e+03	-1.2004e+03	-2.0627e+01	-1.4340e+03	-1.2883e+03	-1.0534e+02	1.5677e+03	2.2282e+03	-1.0986e+03	6.9773e+02	-1.6497e+03	1.3264e+03	-1.1686e+03	-4.2600e+02	4.2671e+02	6.1531e+02	1.1443e+02	-1.6272e+03	-7.0532e+02	-1.0723e+02	1.1089e+03	1.1919e+03	3.2970e+02	-1.7857e+03	5.3497e+02	-7.5732e+02	-9.8605e+01	-2.5135e+03	1.1529e+03	3.4330e+03	2.3553e+03	2.4127e+03	1.0730e+03	4.9589e+01	1.1236e+03	-1.5785e+03	-3.6606e+02	-1.8035e+03	1.0262e+03	1.3619e+03	-9.3514e+02	-1.0040e+03	-1.3332e+03	8.1585e+02	2.4795e+02	1.5645e+03	-1.7398e+03	-1.2952e+03	-6.6225e+02	-4.2191e+02	-1.4839e+03	5.0755e+02	-3.9496e+02	6.0511e+02	1.0501e+03	-2.5757e+03	-4.0568e+02	-1.1557e+02	2.4097e+02	1.3125e+03	1.9260e+03	-1.6613e+02	-1.3369e+03	-1.0495e+03	-2.1604e+03	-2.4905e+03	-3.6748e+02	-1.4074e+03	-1.0202e+03	-2.2450e+03	-4.2459e+02	7.8271e+02	1.0260e+03	1.6483e+03	1.2035e+03	-4.8205e+02	-1.3263e+01	2.0890e+03	5.4108e+00	1.7787e+01	2.2279e+03	1.1166e+03	-1.3401e+03	-2.3669e+03	-3.4948e+02	-3.3965e+02	-1.9691e+02	1.8133e+02
1.0000e+05	-2.0850e+02	2.1494e+02	-6.6937e+02	6.6589e+02	-3.5043e+02	-9.3054e+02	5.2246e+01	-1.3658e+03	-1.7677e+02	-7.5884e+02	-1.1686e+03	1.4543e+03	-8.5394e+02	-2.2565e+02	7.0465e+02	4.3485e+02	-6.7786e+01	-9.2115e+02	4.7913e+02	-1.7780e+02	-1.2729e+03	-1.0798e+03	-7.3612e+02	2.0621e+02	7.6367e+02	5.8108e+01	2.0812e+03	-7.3706e+02	-1.9729e+03	1.9439e+02	-3.5564e+02	6.4013e+01	-7.6375e+02	-2.8892e+02	1.3356e+03	1.3575e+01	1.6531e+03	-1.6429e+03	5.8552e+02	2.2876e+02	-8.1097e+02	8.0294e+02	-4.5037e+01	-3.8008e+02	-2.0341e+02	-3.1291e+02	6.1527e+02	2.2443e+02	8.6178e+02	-3.9317e+02	6.5034e+02	-8.6643e+02	1.3455e+03	-2.7302e+02	7.1554e+02	1.8502e+02	-9.5018e+02	-1.4016e+03	-6.6191e+02	-4.9882e+00	2.9031e+02	8.5952e+02	-4.1564e+02	3.7551e+01	3.9456e+02	1.9389e+03	-2.1271e+02	-2.1343e+02	9.7583e+02	-9.1726e+02	1.0376e+03	1.0741e+03	-5.9787e+02	-1.4188e+03	3.3552e+02	-9.0405e+02	1.3589e+02	1.8086e+03	4.9367e+02	5.4125e+00	-1.6929e+03	-1.2028e+03	-1.3338e+03	1.6123e+02	2.0928e+03	-1.0807e+03	5.8003e+02	-1.0292e+03	4.5307e+02	-5.5908e+01	5.8410e+02	1.7300e+03	2.2391e+03	3.8320e+01	-2.0739e+03	4.0969e+02	-1.2564e+02	-1.0677e+03	9.6457e+02	6.1852e+02	1.3435e+03	-8.5145e+02	-6.3904e+02	4.0722e+02	-2.5472e+02	-1.3521e+03	6.3763e+02	9.7393e+02	-2.5262e+02	1.4292e+01	3.8104e+02	7.6760e+02	-8.7493e+02	2.4367e+02	-1.2040e+03	-1.6099e+02	-1.0568e+02	-5.4911e+02	-4.3355e+02	9.8088e+02	-1.1479e+02	2.8136e+02	4.4373e+02	-2.1302e+03	2.6161e+02	3.2001e+02	1.6256e+02	2.2257e+02	6.1711e+02	1.5922e+03	5.8973e+02	4.5153e+02	4.9548e+02	-2.2516e+01	-3.4387e+02	-1.7699e+02	-8.6673e+02	-8.4280e+02	2.1948e+02	-3.1850e+02	-3.5427e+02	9.8462e+02	-2.2424e+02	-4.2308e+02	1.0348e+03	-4.1977e+01	-3.5106e+02	-6.5894e+02	3.3737e+00	2.2803e+02	9.0985e+02	-1.1193e+03	3.3757e+02	-5.0644e+02	7.0096e+02	2.5753e+01	-4.4155e+02	-6.5006e+02	-7.7580e+02	-1.1011e+02	-1.3042e+02	1.5072e+02	9.5204e+02	4.3226e+02	7.2400e+02	-5.8381e+02	-3.2493e+02	1.0742e+02	2.4720e+02	-3.8399e+02	4.0355e+01	8.1824e+00	-1.4128e+03	1.5286e+03	-9.6238e+02	4.8628e+01	-1.7560e+03	4.3995e+02	6.4503e+02	-4.4306e+02	7.3914e+00	-2.8318e+02	7.2630e+02	-4.7840e+02	3.1637e+01	-9.5349e+02	4.3108e+02	-4.3701e+01	-1.1612e+02	2.2999e+02	-3.3384e+02	4.2542e+02	-5.4190e+02	6.4223e+02	6.6941e+02	-5.6783e+01	8.2037e+02	1.2180e+02	-3.5331e+02	-4.9848e+00
1.0000e+05	3.4224e+03	-5.0646e+02	-1.8194e+02	-2.8835e+02	-1.0648e+03	-1.1866e+01	-3.1007e+02	-6.5557e+02	3.1184e+02	6.1433e+02	2.5172e+03	-4.2568e+01	2.3867e+02	8.4319e+02	-2.7291e+03	5.3280e+02	1.6003e+03	1.7767e+03	3.8874e+03	1.5151e+03	-2.5107e+02	-2.1811e+02	2.5832e+03	7.3186e+02	2.8936e+01	9.1291e+02	9.4002e+02	8.2704e+02	2.5688e+03	-3.4843e+02	1.0465e+03	-4.3392e+02	-2.1326e+03	7.4799e+02	-1.4710e+03	-1.4873e+02	-5.5857e+02	-5.3189e+02	1.4195e+03	1.8040e+03	1.0028e+03	-2.7077e+03	-1.0197e+03	1.1320e+03	2.7480e+02	-1.5934e+03	8.0966e+02	4.1435e+02	-1.3852e+02	-2.1411e+03	-7.7715e+02	-1.3052e+03	3.2828e+02	1.2246e+03	2.3212e+02	1.3876e+02	-1.5780e+02	-1.4128e+03	1.2927e+03	9.1507e+01	-1.2962e+03	-2.4370e+02	-7.3641e+02	-2.5459e+02	-2.1601e+03	4.6069e+02	1.0877e+03	2.5664e+03	2.1172e+02	-2.7578e+03	-1.0205e+03	-2.1848e+03	2.0133e+03	6.9419e+02	1.5341e+03	6.2369e+01	-8.1692e+02	-4.8082e+02	-6.4631e+01	-1.0398e+03	1.7865e+03	6.9718e+01	-2.8392e+02	-1.4219e+03	8.4669e+02	-2.0478e+02	-2.9361e+03	-5.2397e+02	1.4089e+02	1.5982e+03	1.0381e+03	3.7348e+01	-1.6398e+03	6.9027e+02	6.4783e+02	-2.3912e+03	6.7155e+02	3.5225e+02	1.0675e+03	1.3095e+03	-8.9484e+02	-7.3317e+02	-8.2952e+02	-1.0024e+03	-7.0373e+02	-5.0938e+01	8.0704e+02	2.8356e+03	1.1123e+03	7.7243e+02	-3.4901e+01	1.1044e+03	2.1462e+03	-1.4578e+03	5.5085e+02	-4.3150e+02	-1.5237e+03	-4.2170e+02	1.7396e+03	1.8494e+03	-5.4334e+02	1.1074e+03	-2.0667e+03	1.3108e+03	-1.5699e+03	-6.6121e+01	4.7580e+02	1.4567e+03	4.7935e+02	-1.3943e+03	-1.5157e+02	-2.0120e+02	1.3335e+03	4.4859e+02	1.1385e+03	-1.0137e+03	6.0119e+02	-3.0544e+02	-1.0190e+03	-3.8731e+03	1.8938e+03	4.0942e+03	1.5579e+03	2.6197e+03	1.5726e+03	-6.7956e+02	6.3787e+01	-2.4207e+03	4.8123e+02	-1.1895e+03	-5.7408e+01	1.6085e+03	-8.7971e+02	-8.1208e+02	-1.2486e+03	1.2232e+03	-4.6077e+02	9.7116e+02	-1.7778e+03	-1.3287e+03	-8.2179e+02	-7.8895e+02	-2.0681e+03	5.2513e+00	-2.5956e+02	5.5042e+02	1.2581e+03	-2.8541e+03	-2.9817e+02	4.8440e+02	-5.2240e+02	1.5758e+03	1.7255e+03	6.2732e+01	-2.0740e+03	-1.2920e+03	-1.1390e+03	-3.1821e+03	-1.0410e+03	-1.6889e+03	-1.3228e+03	-1.4927e+03	-6.2414e+02	2.1562e+02	1.5293e+03	5.7188e+02	7.7595e+02	-1.0365e+02	1.4860e+03	2.2888e+03	8.4672e+01	-2.8954e+02	2.3438e+03	-5.0157e+01	-1.2262e+03	-2.3743e+03	-8.9917e+02	6.2253e+02	-6.7816e+02	6.5144e+02
1.2000e+05	-8.9841e+01	-4.3927e+01	-3.1623e+02	3.5883e+02	-9.2446e+02	-1.4899e+03	-3.1148e+02	-1.7733e+03	-8.2434e+02	-9.2857e+02	-1.0130e+03	1.4418e+03	-6.0341e+02	-5.1640e+02	1.5053e+03	4.2720e+02	3.5802e+02	-4.9337e+02	1.2727e+03	-3.2845e+02	-1.6292e+03	-1.3731e+03	-4.4454e+02	3.8024e+02	2.8950e+02	1.0561e+02	2.1998e+03	-1.3228e+03	-2.4125e+03	-1.6265e+02	2.0769e+02	-2.1402e+02	-2.2961e+02	-7.7252e+02	1.7093e+03	1.0682e+03	1.7861e+03	-1.3059e+03	9.2601e+02	-1.5698e+02	-6.5857e+02	2.3706e+02	-2.1263e+02	-1.2280e+02	-3.2254e+02	-4.1135e+02	6.6692e+02	-3.8571e+02	5.0150e+02	-9.9340e+02	1.1603e+03	-1.3377e+03	1.7051e+03	-4.1476e+01	1.2328e+03	-8.1069e+01	-7.0305e+02	-1.1545e+03	-1.6297e+03	3.9335e+02	-8.0260e+01	1.7125e+03	-7.5241e+02	-5.3308e+02	6.6142e+02	1.4392e+03	-2.7720e+02	-2.1724e+02	6.3289e+02	-8.3094e+02	6.5008e+02	1.1800e+03	-5.6763e+02	-1.6028e+03	4.2133e+02	-2.3945e+02	4.6706e+02	1.1795e+03	5.2319e+02	1.5497e+02	-2.1202e+03	-5.7330e+02	-1.6140e+03	6.5602e+01	3.1917e+03	-9.3585e+02	1.1686e+02	-8.8565e+02	1.8211e+02	-3.0102e+02	4.6112e+02	1.7321e+03	2.4303e+03	1.3474e+02	-2.5649e+03	3.2219e+02	2.7488e+02	-5.4273e+02	8.8279e+02	4.5579e+02	1.8346e+03	-1.0789e+03	-1.5969e+02	3.1496e+02	-2.5168e+02	-8.6535e+02	9.4351e+02	1.3964e+03	-4.0103e+02	2.5543e+01	2.1093e+02	1.4380e+03	-9.7512e+02	-7.4662e+01	-1.4166e+03	-1.9793e+01	-4.4459e+02	-4.5805e+02	-8.0375e+02	8.3776e+02	-2.0467e+02	-9.7197e+01	6.0697e+01	-2.0284e+03	3.3771e+01	-1.2705e+02	-2.8862e+02	3.7362e+02	8.4919e+02	1.3141e+03	6.0569e+02	7.1794e+02	7.7344e+02	1.8063e+02	-9.9564e+01	-2.6672e+02	-1.0340e+03	-5.3311e+02	-6.3371e+01	1.5776e+02	-2.7977e+02	9.5989e+02	1.4370e+01	-2.2384e+02	1.3749e+03	1.2308e+02	-1.4049e+02	-9.7568e+02	-3.1138e+00	4.1869e+02	1.5982e+03	-1.1467e+03	-3.3461e+01	-8.2777e+02	1.8855e+02	-8.5349e+01	-2.7690e+02	-4.4516e+02	-3.2052e+02	-6.8879e+01	2.6101e+02	4.3009e+02	6.2900e+02	8.7999e+01	8.1980e+02	-3.1428e+02	-4.6892e+02	1.7501e+02	-1.2907e+02	-5.9175e+02	6.8426e+02	-9.7728e+01	-1.9900e+03	8.0707e+02	-4.4009e+02	1.0777e+02	-2.1971e+03	6.1669e+01	-9.7601e+01	-2.1709e+02	-4.3282e+02	1.1867e+02	6.9740e+02	-7.0972e+02	4.7208e+02	-1.2006e+03	6.9282e+02	-2.4677e+02	-2.0188e+02	1.1538e+02	-2.2467e+02	7.1171e+02	-7.2207e+02	8.4216e+02	8.1241e+02	3.0404e+02	7.5616e+02	6.8053e+02	-3.3553e+02	4.3403e+02
1.2000e+05	3.7127e+03	-6.9883e+02	6.6678e+02	-9.6340e+02	-7.2086e+01	8.4535e+02	-4.6117e+02	-1.2693e+03	-2.9544e+02	1.9270e+03	1.5042e+03	1.2369e+03	1.1229e+03	1.1942e+03	-3.0267e+03	-5.4884e+02	2.0569e+03	1.6704e+03	3.5064e+03	8.1276e+02	-2.5589e+02	1.9463e+02	2.3216e+03	8.0018e+02	3.1008e+02	7.3750e+02	5.0529e+02	8.8227e+02	3.0613e+03	8.2831e+02	8.8290e+02	-7.6482e+02	-1.2757e+03	1.3973e+03	-2.1876e+03	8.1016e+02	-3.6234e+02	-1.4878e+03	1.2551e+03	2.7273e+03	1.1935e+03	-2.6802e+03	-5.7834e+02	1.1863e+03	5.2703e+02	-1.6244e+03	1.0852e+03	8.3737e+01	-1.6330e+01	-2.5243e+03	-9.8627e+02	-1.9714e+03	9.6124e+01	9.4659e+02	5.0943e+02	8.9371e+01	-7.4277e+02	-6.4090e+02	1.1115e+03	-2.9589e+02	-8.8258e+02	4.9230e+02	-2.9623e+02	-7.8071e+02	-1.0671e+03	5.7924e+02	8.9734e+02	2.6338e+03	9.6868e+01	-3.8107e+03	-6.0427e+02	-2.0079e+03	2.0134e+03	7.0281e+02	2.5528e+03	1.1646e+02	-5.4829e+02	-1.0235e+03	3.7494e+02	-9.0715e+02	1.6275e+03	3.6540e+02	1.7759e+02	-7.7361e+02	7.4186e+02	-7.9769e+02	-3.6441e+03	-8.7355e+02	8.3114e+02	1.7553e+03	4.6700e+02	-4.6336e+02	-7.3996e+02	1.1820e+03	1.9269e+03	-2.0384e+03	1.1335e+03	1.7642e+02	2.0985e+03	6.2782e+02	-1.6373e+03	-1.7729e+03	-4.0264e+02	-4.7748e+02	-5.4053e+02	8.0269e+02	-6.6321e+01	4.2475e+03	9.5398e+02	5.7216e+02	-5.7171e+02	1.3750e+03	2.5843e+03	-1.5911e+03	1.8388e+02	-6.7703e+02	-9.9904e+02	-1.0291e+02	1.8576e+03	2.6537e+03	-6.0191e+02	1.2422e+03	-2.1809e+03	9.0849e+02	-1.1283e+03	-7.1581e+01	-6.9311e+01	1.4800e+03	-4.4038e+02	-1.2787e+03	3.5877e+02	-5.9794e+02	2.2297e+03	-6.5402e+02	1.3283e+02	-6.7350e+02	-7.2996e+02	2.6734e+02	-2.3541e+03	-4.8256e+03	1.1224e+03	4.6295e+03	1.5298e+03	2.3994e+03	2.0773e+03	-1.5662e+02	-1.3341e+02	-3.2806e+03	5.5388e+02	-2.4310e+03	3.9117e+02	9.7045e+02	-1.6689e+03	-6.3598e+02	-1.0382e+03	1.3854e+03	1.2416e+02	6.1023e+02	-4.0992e+02	-8.5517e+02	-3.7885e+02	-1.3229e+03	-2.6473e+03	-6.0269e+02	-1.3013e+03	-3.6309e+02	1.3568e+03	-2.7589e+03	-1.1215e+03	4.6025e+02	5.6500e+02	1.0568e+03	1.2678e+03	1.2822e+03	-2.5054e+03	-1.0903e+03	-1.1160e+03	-3.5239e+03	2.3509e+02	-1.8682e+03	-4.4511e+02	-1.7097e+03	-5.7698e+02	1.1474e+02	1.5863e+03	-2.4098e+02	1.3756e+03	-9.5163e+02	2.9145e+03	1.5999e+03	9.2409e+01	-2.1471e+02	3.7331e+03	-7.4937e+02	-2.4995e+03	-1.1947e+03	3.3704e+02	8.6061e+02	-2.0824e+02	1.4430e+03
1.4000e+05	-6.0674e+02	5.6534e+02	-6.6568e+02	3.0225e+02	-6.7459e+02	-1.7864e+03	-3.3577e+02	-1.4545e+03	-4.4285e+02	-1.2259e+03	-1.4227e+03	9.8940e+02	-7.1063e+02	-5.3613e+02	1.4430e+03	7.1166e+02	-1.4297e+02	-5.5895e+02	1.7737e+03	-3.1237e+02	-2.0283e+03	-1.4130e+03	-6.6683e+02	8.9124e+02	6.7684e+02	1.9567e+02	1.8125e+03	-1.1426e+03	-2.0562e+03	-1.7307e+02	5.8088e+02	4.1554e+01	-7.6928e+02	-8.9622e+02	1.7528e+03	1.6763e+03	1.9582e+03	-1.4098e+03	8.6149e+02	-1.1177e+02	-1.0785e+03	-5.8374e+01	-4.3908e+02	9.1405e+01	-3.5884e+02	-4.7569e+02	9.8940e+02	-7.7524e+02	6.7820e+02	-1.4076e+03	1.0961e+03	-1.3879e+03	1.7360e+03	-3.2808e+02	1.0264e+03	-3.5275e+02	-1.3856e+03	-1.6183e+03	-1.7743e+03	5.3154e+02	6.1715e+01	1.8453e+03	-5.1689e+02	-3.9862e+02	4.4354e+02	1.5103e+03	-5.8281e+02	-9.2207e+02	8.7919e+02	-1.0358e+03	8.8060e+02	1.1878e+03	-1.8014e+02	-1.5977e+03	-2.6676e+02	5.4644e+01	5.9610e+02	1.7384e+03	3.8233e+02	-2.6810e+01	-2.1255e+03	-6.7435e+02	-1.3967e+03	4.9958e+01	3.1050e+03	-4.2281e+02	6.8856e+02	-6.5865e+02	2.4063e+02	-7.8542e+02	-5.5996e+02	1.3286e+03	2.7093e+03	3.0276e+02	-2.4539e+03	7.8437e+02	7.3944e+01	-7.9118e+02	9.7199e+02	2.3533e+02	1.7399e+03	-7.9653e+02	-7.0561e+02	-1.7181e+02	-2.6692e+02	-4.7281e+02	8.3040e+02	1.7749e+03	-1.2303e+02	4.3453e+02	2.6402e+02	1.4024e+03	-1.1944e+03	-1.8796e+02	-1.4891e+03	-5.0317e+02	6.0973e+01	-6.1793e+02	-1.0297e+03	6.1224e+02	-1.2605e+02	2.1372e+02	1.6339e+02	-1.5740e+03	-1.8681e+02	-8.1609e+02	-9.6740e+01	2.9856e+02	9.0358e+02	1.6011e+03	1.1560e+03	3.7579e+01	7.6841e+02	2.8372e+02	-7.2527e+01	-1.4328e+02	-1.4541e+03	-1.5458e+01	-7.7546e+02	5.3101e+02	-3.6538e+02	1.1270e+03	-1.6688e+02	4.2279e+02	1.4554e+03	6.2070e+02	5.9559e+02	-3.5895e+02	3.4132e+02	-1.5155e+02	1.0453e+03	-7.9713e+02	-8.2407e+01	-8.2027e+02	-1.4733e+02	1.8256e+02	-7.3862e+02	-3.5833e+02	-1.7114e+02	-1.9075e+02	-7.8373e+01	5.0135e+02	1.1649e+03	2.7872e+02	7.2485e+02	-4.2364e+02	-3.8285e+02	1.6890e+02	-5.9405e+02	-3.0529e+02	7.0416e+02	1.5083e+02	-2.1341e+03	1.0355e+03	-2.3727e+02	-4.8631e+02	-2.3243e+03	-2.3516e+02	6.0548e+01	2.3171e+02	-4.1430e+02	-1.9122e+02	7.2404e+02	-8.7554e+02	6.2696e+02	-1.2318e+03	7.7324e+02	2.4347e+02	-6.7219e+02	-5.0276e+02	-2.6779e+02	4.9342e+02	-7.8907e+01	5.1147e+02	7.9021e+02	-1.3205e+02	1.0333e+03	6.7141e+02	-1.5703e+02	5.1339e+02
1.4000e+05	3.9669e+03	-1.2255e+03	1.0672e+03	-1.0854e+03	6.2895e+02	3.2877e+02	-4.6737e+02	-6.2087e+01	-1.2059e+03	1.4885e+03	1.2459e+03	1.5125e+03	2.1102e+03	9.1160e+02	-2.9883e+03	-8.2903e+02	1.3703e+03	1.2247e+03	4.0411e+03	9.2294e+02	-1.1684e+03	-3.7614e+01	2.2436e+03	8.5658e+02	3.0694e+02	3.2787e+02	-4.5212e+02	1.7736e+03	3.9872e+03	1.4822e+03	-5.6676e+01	1.5084e+02	-1.6294e+03	1.1004e+03	-2.4488e+03	1.3253e+03	3.6282e+01	-2.7310e+03	1.2786e+03	2.5346e+03	5.6445e+02	-3.8692e+03	2.5929e+02	1.0859e+03	2.9954e+02	-2.4766e+03	1.0782e+03	-6.2891e+02	2.6294e+02	-3.5261e+03	-1.7835e+03	-1.1504e+03	-4.8066e+02	6.3040e+02	-6.6580e+00	1.0185e+03	-2.8411e+02	-5.8498e+02	3.8559e+02	-9.0807e+02	-3.1427e+02	2.2914e+02	-2.8412e+02	-1.7810e+03	-9.7126e+02	2.7555e+02	7.0557e+02	2.9575e+03	-8.0910e+02	-3.0401e+03	-7.2642e+02	-2.7226e+03	4.8464e+02	1.4789e+03	3.2498e+03	-6.2396e+02	-7.7149e+02	-6.3631e+02	4.5816e+02	-4.3072e+02	1.6388e+03	1.5902e+03	2.2427e+03	-1.7733e+03	4.6791e+02	-9.0791e+02	-4.6920e+03	-3.3992e+02	1.3141e+03	1.2949e+03	-4.3175e+02	-6.2298e+02	-1.2612e+02	1.0565e+03	1.3606e+03	-1.9649e+03	1.5138e+03	1.1129e+02	1.7697e+03	9.5773e+02	-1.7759e+03	-2.1883e+03	9.6349e+02	-1.0879e+03	6.5637e+01	5.2633e+02	3.8119e+02	4.0018e+03	2.7274e+03	1.1392e+03	-1.0773e+03	1.2368e+03	2.8345e+03	-2.1398e+03	4.4282e+02	-6.5518e+02	-1.0192e+03	-5.1918e+02	1.7347e+03	3.6280e+03	-5.7309e+02	-3.6870e+01	-3.0426e+03	5.5766e+02	-9.0004e+02	-3.1931e+02	4.2831e+02	2.0167e+03	-2.7919e+02	-3.5225e+02	5.8488e+02	-3.8147e+02	3.1105e+03	-1.0874e+03	1.1825e+03	-2.2934e+02	-1.2390e+03	1.7457e+02	-1.4694e+03	-4.0672e+03	8.9680e+02	4.5414e+03	1.3035e+03	1.7487e+03	2.5972e+03	-3.6308e+02	-1.9824e+02	-3.6633e+03	1.3470e+03	-2.0412e+03	1.1410e+03	3.5608e+02	-2.1550e+03	-6.0221e+02	-1.3160e+03	2.3555e+03	6.7512e+02	1.0367e+03	-2.4448e+02	-1.1158e+03	-2.7558e+02	-1.5585e+03	-3.2789e+03	4.4897e+02	-1.9788e+03	-1.9494e+02	1.6142e+03	-2.8887e+03	-1.2029e+03	4.6194e+02	6.3462e+02	1.6118e+03	2.0705e+03	3.4831e+01	-1.7463e+03	-7.4806e+02	-1.4726e+03	-3.3187e+03	1.5452e+03	-2.7514e+03	-1.3453e+03	-1.5371e+03	-3.5771e+02	-4.0543e+01	8.8586e+02	-5.5027e+02	1.3824e+03	-4.0929e+02	3.0081e+03	1.1071e+03	-6.0741e+02	-3.4249e+02	3.0092e+03	-1.2475e+03	-2.1428e+03	-6.1265e+02	6.7407e+02	1.1238e+03	8.0073e+02	2.0691e+03
1.6000e+05	-7.3162e+02	6.3297e+02	-9.9251e+02	3.0612e+02	-6.4611e+02	-1.3448e+03	-3.9144e+02	-1.1527e+03	-1.4491e+02	-1.5210e+03	-1.4242e+03	1.2139e+03	-6.9559e+02	-1.8070e+01	1.6175e+03	5.1087e+02	6.9125e+00	-5.0543e+02	1.9723e+03	-6.6377e+02	-2.2767e+03	-1.2292e+03	-2.0347e+02	3.6395e+02	9.4940e+02	5.2152e+02	2.1796e+03	-7.0532e+02	-2.5381e+03	-7.1451e+01	4.5186e+02	4.8766e+02	-8.7783e+02	-3.5937e+02	1.6757e+03	1.3901e+03	2.0856e+03	-9.7620e+02	1.0911e+03	1.7405e+02	-1.0536e+03	2.2394e+02	-1.0009e+03	5.4718e+01	-2.9700e+02	5.6896e+01	1.4539e+03	-5.7516e+02	9.2829e+02	-9.8044e+02	1.3453e+03	-1.9203e+03	1.2910e+03	-4.2441e+02	6.6835e+02	-3.6632e+02	-1.2231e+03	-7.6172e+02	-2.2032e+03	1.9106e+02	2.7322e+02	1.2207e+03	-1.0518e+03	-3.4539e+02	6.0038e+02	1.1122e+03	-7.9023e+02	-1.0944e+03	1.2735e+03	-1.5406e+03	3.0830e+02	7.8477e+02	7.5203e+02	-2.2250e+03	-4.2095e+02	-2.6109e+02	6.6757e+02	1.9667e+03	1.1602e+03	-1.2960e+02	-1.8735e+03	-7.5791e+02	-1.1630e+03	1.8363e+02	2.4298e+03	-2.1553e+02	1.6395e+02	-8.4782e+02	2.9463e+02	-7.4749e+02	-5.6210e+02	1.5175e+03	2.4389e+03	3.4806e+02	-2.7146e+03	7.4491e+02	1.3586e+01	-9.9876e+02	6.4339e+02	-2.2775e+02	1.4128e+03	-8.6524e+02	-1.4599e+03	3.1085e+02	-3.7761e+02	-8.7036e+02	4.5656e+02	1.6446e+03	4.6361e+02	-3.9252e+02	9.0714e+01	1.3347e+03	-7.3084e+02	-2.0574e+02	-1.8204e+03	-1.4006e+03	-3.5995e+02	-6.1854e+02	-9.8887e+02	3.3782e+02	-5.1471e+02	4.9333e+02	2.4392e+02	-1.7918e+03	-3.0407e+02	-9.8677e+02	-8.1521e+01	5.8924e+02	3.7873e+02	1.5523e+03	1.4538e+03	-5.6239e+02	2.6610e+02	5.4099e+02	-9.3903e+01	-3.1862e+02	-1.9398e+03	2.2274e+02	-7.2620e+02	1.4137e+02	-1.7756e+02	1.2978e+03	-6.9012e+01	4.4801e+02	1.9550e+03	4.5356e+02	1.0850e+03	-1.0408e+02	6.4635e+02	-3.1267e+02	1.3024e+03	-8.8881e+02	3.6238e+02	-4.1577e+02	1.0716e+02	6.4934e+02	-7.9403e+02	-1.0510e+03	-8.8127e+02	-3.8691e+02	-7.3442e+02	9.7264e+02	1.1027e+03	1.1354e+03	6.2235e+02	-9.6176e+02	-4.9771e+02	4.4371e+02	-8.6422e+02	-2.3761e+02	6.5866e+02	1.4756e+02	-2.0094e+03	6.0262e+02	-1.0243e+01	-1.2818e+02	-2.3096e+03	1.6837e+02	5.7054e+02	3.8161e+02	1.5384e+02	4.0643e-01	6.4303e+02	-9.5735e+02	6.7907e+02	-1.3404e+03	8.0329e+02	4.2177e+02	-6.4755e+02	-4.8684e+02	-7.0026e+01	8.5817e+02	1.8132e+02	3.8102e+02	1.3702e+03	-7.4920e+02	1.5293e+03	1.1531e+03	2.0453e+02	5.3976e+02
1.6000e+05	3.5683e+03	2.0728e+02	8.8050e+02	-8.8697e+02	1.1554e+03	1.2182e+03	-4.2237e+02	-2.6697e+02	-1.3706e+03	1.2562e+03	3.6915e+02	2.3533e+03	2.7231e+03	7.0761e+02	-3.3327e+03	-1.0049e+03	2.1097e+03	9.5031e+01	4.4351e+03	5.0023e+02	-5.7799e+02	1.0865e+03	1.6110e+03	1.3870e+03	-7.2674e+01	1.6627e+01	-6.9581e+02	2.5330e+03	3.5808e+03	1.2046e+03	-8.4858e+02	1.7242e+02	-1.1961e+03	3.5449e+01	-1.8622e+03	1.1307e+03	-5.9376e+01	-1.9908e+03	1.9179e+03	2.9710e+03	-1.6870e+02	-3.3605e+03	3.3084e+02	6.9750e+02	4.7975e+02	-3.5754e+03	1.1990e+03	-8.9440e+02	4.6066e+02	-4.0010e+03	-1.4345e+03	-1.5072e+03	-8.9083e+02	-8.2118e+01	-2.5636e+02	9.1181e+02	-4.0975e+02	-1.2506e+02	1.1140e+03	-9.7949e+02	7.5243e+02	3.6196e+01	-4.2725e+02	-1.8101e+03	-1.1048e+03	-3.8482e+01	1.4482e+03	2.0966e+03	-8.0472e+02	-2.9772e+03	-1.1379e+03	-3.1522e+03	1.4421e+02	2.1402e+03	3.7156e+03	-1.0107e+03	-1.0219e+03	-3.7838e+02	2.5894e+02	1.1118e+02	1.4494e+03	1.5614e+03	2.4438e+03	-2.2000e+03	-3.1597e+02	-2.3556e+02	-5.2890e+03	-1.5162e+03	2.0550e+03	1.8743e+03	-5.0816e+02	-4.7805e+02	-6.7707e+02	9.6919e+02	2.1188e+03	-1.3506e+03	1.3378e+03	5.1833e+02	1.3989e+03	6.1906e+02	-1.3267e+03	-2.8679e+03	2.5160e+02	-1.2463e+02	4.1072e+02	8.8434e+02	3.5313e+02	3.9212e+03	3.3546e+03	2.7547e+02	-1.4560e+03	1.1668e+03	3.2050e+03	-9.2485e+02	1.7506e+03	6.6013e+01	-1.5408e+03	-1.1839e+03	1.3882e+03	2.6769e+03	1.3298e+03	-1.0845e+02	-2.6307e+03	1.0852e+03	-7.7602e+02	-9.7609e+00	6.0118e+02	1.6472e+03	3.1443e+02	-6.6917e+02	5.5143e+02	1.5641e+01	2.8660e+03	-1.1802e+03	1.0808e+03	-9.6301e+02	-4.1801e+02	5.2784e+00	-1.5951e+03	-4.4705e+03	1.3073e+03	5.0584e+03	1.3854e+03	1.7200e+03	2.2120e+03	4.6757e+02	2.5399e+02	-4.8771e+03	6.7270e+02	-1.4576e+03	1.4057e+03	1.9080e+03	-1.5234e+03	-1.1056e+03	-1.3789e+03	8.7946e+02	1.1395e+03	8.0779e+02	1.7044e+02	-1.2331e+03	-1.0115e+03	-1.0824e+03	-3.0878e+03	6.9321e+02	-2.6938e+03	7.5217e+02	2.2442e+03	-3.8593e+03	-1.2693e+03	6.3675e+02	4.5757e+02	1.6107e+03	1.6248e+03	4.6802e+02	-9.6689e+02	-9.9951e+02	-1.7053e+03	-2.7977e+03	1.4702e+03	-2.8820e+03	-1.8652e+02	-1.5827e+03	-2.9791e+02	-1.2355e+03	5.4975e+02	5.1131e+02	2.8304e+03	1.2233e+02	1.8163e+03	8.7933e+02	-5.6789e+02	-3.9740e+02	2.6599e+03	-2.1909e+03	-1.4572e+03	-1.6539e+03	7.9531e+02	1.2498e+03	8.2664e+02	1.9562e+03
1.8000e+05	-4.4825e+02	6.4664e+02	-1.2711e+03	-6.8929e+01	-4.1864e+02	-9.7454e+02	-5.0051e+02	-1.1350e+03	2.7810e+02	-1.8135e+03	-1.1301e+03	1.1935e+03	-1.0966e+03	-3.0899e+02	1.9955e+03	1.6470e+03	2.2863e+02	3.5380e+01	1.9242e+03	-1.1305e+03	-2.0746e+03	-9.5198e+02	-1.6368e+02	-3.4792e+02	9.4156e+02	1.7705e+02	2.6227e+03	-5.2935e+02	-2.8318e+03	-2.3116e+02	-3.4951e+02	4.3575e+02	-3.8004e+02	5.0939e-01	1.1767e+03	1.1996e+03	2.4419e+03	-9.7330e+02	6.4520e+02	-4.9792e+01	-1.2551e+03	2.2108e+02	-1.1181e+03	8.1103e+02	-1.0893e+03	-3.8536e+01	1.4208e+03	-8.9019e+02	3.2168e+02	-1.0924e+03	1.2179e+03	-2.2818e+03	1.0205e+03	-1.2474e+02	8.7257e+02	2.2809e+02	-9.5079e+02	-1.0248e+03	-2.1418e+03	4.3576e+02	3.9510e+02	1.5291e+03	-8.9273e+02	-4.8281e+02	1.1448e+03	1.0201e+03	-3.5209e+02	-1.1402e+03	6.4536e+02	-1.7010e+03	3.8489e+02	6.1252e+02	3.2112e+02	-2.0040e+03	-5.3352e+02	-2.2308e+01	7.9376e+02	2.0835e+03	1.6334e+03	4.3029e+02	-1.6261e+03	-6.6113e+02	-1.0957e+03	3.9848e+02	2.5295e+03	-6.7124e+02	5.5360e+02	-1.4422e+03	9.5576e+02	6.5244e+00	-1.6108e+02	1.0106e+03	2.8828e+03	9.0157e+02	-2.8618e+03	8.0428e+02	3.0738e+01	-9.8287e+02	8.5005e+02	-3.7821e+02	1.3416e+03	-9.6133e+02	-1.4331e+03	5.4815e+02	-6.2832e+02	-7.1896e+02	8.1665e+02	1.5390e+03	-6.1656e+01	-5.2389e+02	-3.4878e+02	1.1760e+03	-5.6659e+02	3.4386e+02	-1.6530e+03	-1.1295e+03	-6.5346e+02	-2.6249e+02	-1.3260e+03	9.1849e+02	-4.9331e+02	-3.5691e+01	6.3248e+02	-1.3513e+03	7.1226e+01	-1.4619e+03	9.3933e+01	4.3128e+02	8.4560e+01	1.8713e+03	1.7385e+03	-4.5387e+02	3.2464e+02	3.7829e+02	3.1727e+02	-1.8458e+02	-2.5125e+03	2.7820e+02	-4.4525e+02	-1.5948e+01	-6.6038e+01	7.1746e+02	-6.5912e+01	5.9984e+02	1.7421e+03	2.5431e+02	1.1218e+03	-4.2392e+02	8.5819e+02	1.7237e+01	1.1699e+03	-1.4559e+03	1.3239e+02	-1.4308e+02	1.5150e+02	9.6042e+02	1.0469e+02	-9.2371e+02	-1.0529e+03	-3.6303e+01	-9.2787e+02	1.1060e+03	1.1371e+03	1.1034e+03	4.0306e+02	-4.7025e+02	-8.3526e+02	1.4159e+02	-4.1364e+02	-7.1535e+02	5.9925e+02	-3.8594e+02	-2.0649e+03	7.3458e+02	5.9382e+02	5.3537e+02	-2.1385e+03	4.5278e+02	9.0691e+02	4.6879e+02	1.3842e+01	-2.2228e+02	9.5850e+01	-1.1426e+03	7.9320e+01	-1.5436e+03	7.6841e+02	5.9742e+02	-7.9817e+02	-9.4321e+02	-4.8263e+01	1.1203e+03	2.5145e+02	-1.0707e+02	1.2450e+03	-7.5841e+02	1.5061e+03	3.6657e+02	-1.1191e+02	7.3836e+02
1.8000e+05	3.5294e+03	1.1866e+03	-7.4558e+02	-1.1983e+03	2.0351e+03	1.2385e+03	5.2263e+02	-1.2004e+03	-1.1107e+03	3.4941e+02	1.6410e+03	1.6272e+03	3.2631e+03	2.9755e+02	-3.3366e+03	-1.1656e+03	7.8739e+02	5.0910e+02	4.0324e+03	9.5256e+02	-7.3663e+02	1.1439e+03	9.8179e+02	1.6000e+03	-1.3427e+03	-8.7738e+01	-8.9059e+02	2.6327e+03	3.7629e+03	1.3997e+03	-8.0630e+02	2.9400e+02	-4.4210e+02	1.4258e+02	-1.6695e+03	5.6852e+02	1.0470e+02	-1.8436e+03	2.3604e+03	2.7991e+03	6.5269e+02	-2.9768e+03	-9.5049e+02	5.4994e+02	1.8168e+02	-4.0287e+03	1.8105e+03	-1.0641e+02	1.3717e+03	-4.2879e+03	-1.6838e+03	-1.4969e+03	-6.9687e+02	-5.2081e+02	-5.5178e+02	1.0624e+03	-1.5783e+03	5.8757e+00	2.0820e+03	-5.5642e+02	4.9842e+02	1.0730e+02	-1.3710e+02	-1.2734e+03	-3.5286e+02	-5.0589e+02	1.8674e+03	2.0742e+03	-6.4683e+01	-2.8677e+03	3.6135e+02	-3.4844e+03	4.3186e+02	2.4754e+03	3.7575e+03	-3.3209e+02	-3.7332e+02	3.6484e+01	-3.4157e+02	2.5635e+01	1.6997e+03	1.3812e+03	3.1300e+03	-2.1631e+03	-3.7659e+02	-7.1367e+01	-4.7359e+03	-6.2786e+02	2.1942e+03	2.3227e+03	-7.1014e+01	-2.5303e+02	-1.3670e+03	1.3347e+03	2.1208e+03	-9.6838e+02	6.3441e+02	4.2701e+02	1.8384e+03	1.0582e+03	-4.2796e+02	-3.1747e+03	3.3110e+02	6.3074e+02	-9.9010e+01	1.5527e+03	-4.8796e+02	4.1171e+03	3.5623e+03	2.1436e+02	-1.0313e+03	2.0214e+03	2.4082e+03	-6.7434e+02	2.1288e+03	6.8767e+02	-1.1115e+03	-1.8205e+02	4.5490e+02	3.1073e+03	9.4160e+02	-4.2280e+02	-2.5637e+03	1.6139e+03	-1.1058e+03	5.2494e+02	1.8948e+02	1.4018e+03	1.2822e+03	2.5561e+02	4.1979e+02	-1.1926e+02	3.6861e+03	-1.2633e+03	2.7621e+02	-9.3467e+02	-1.0784e+03	-1.2252e+03	-1.3318e+03	-4.5608e+03	3.3461e+03	6.5391e+03	1.1213e+03	1.4858e+03	1.5238e+03	1.6459e+02	4.9051e+02	-4.4124e+03	7.2905e+02	-1.5090e+03	1.0377e+03	7.7613e+02	-2.2998e+03	-1.7473e+03	-8.8010e+02	6.2333e+02	1.5462e+03	4.1771e+02	9.2379e+02	-1.9294e+02	-1.3758e+03	-1.0442e+03	-3.8654e+03	7.8274e+02	-3.4077e+03	1.0100e+03	2.5455e+03	-4.6185e+03	-1.6282e+03	1.2622e+03	7.2828e+02	2.7286e+03	1.4140e+03	1.4973e+03	-1.3907e+03	-1.2759e+03	-1.6085e+03	-3.0314e+03	1.0457e+03	-3.0453e+03	-2.1488e+02	-2.2653e+03	8.1733e+02	-1.7675e+03	-7.1344e+01	2.2887e+02	2.4183e+03	8.5085e+02	1.7006e+03	-1.5537e+02	3.8007e+00	-1.1835e+03	2.1608e+03	-3.3030e+03	-1.6682e+03	-1.4207e+03	4.3816e+02	1.6336e+03	5.8781e+02	2.1475e+03
2.0000e+05	1.5211e+01	6.1705e+02	-1.4715e+03	9.0432e+01	-3.9151e+02	-9.4081e+02	-6.4688e+02	-1.9262e+03	1.3495e+03	-2.3986e+03	-1.1266e+03	1.2789e+03	-9.3382e+02	-9.7952e+02	1.5148e+03	1.1018e+03	2.3974e+02	-2.8294e+02	2.2402e+03	-4.6951e+02	-2.3041e+03	-3.6608e+02	3.6889e+02	-4.4014e+02	1.1984e+03	-6.0369e+02	2.7545e+03	-1.0382e+03	-2.5099e+03	-2.8554e+02	9.6756e+01	7.1833e+02	-7.0301e+02	7.9746e+01	1.3200e+03	4.4130e+02	2.4952e+03	-8.5173e+02	3.5506e+02	-5.4009e+02	-7.6474e+02	5.0013e+01	-1.4095e+03	5.8993e+02	-5.0259e+02	-1.3550e+01	1.0514e+03	-8.1343e+02	6.0761e+02	-1.5802e+03	8.9012e+02	-2.1265e+03	1.2849e+03	9.0243e+01	6.7362e+02	4.0307e+02	-8.6808e+02	-9.3214e+02	-2.7588e+03	-5.9939e+01	-5.1137e+02	1.1259e+03	-8.0914e+02	7.2689e+01	1.9422e+03	1.0498e+03	-7.7700e+02	-8.2987e+02	3.3541e+02	-1.6225e+03	3.1639e+02	7.6794e+02	1.0685e+03	-1.9456e+03	-8.2413e+02	-3.3260e+02	1.1025e+03	2.0166e+03	1.5415e+03	2.1357e+02	-1.2781e+03	-8.7718e+02	-1.2795e+03	-2.0095e+00	2.2103e+03	-1.3780e+02	2.9810e+02	-1.7661e+03	1.1676e+03	-4.5503e+01	-2.3984e+02	1.3036e+03	3.0365e+03	1.0863e+03	-2.3658e+03	7.5794e+02	-4.7640e+02	-6.8149e+02	7.9441e+02	-6.4766e+02	1.3114e+03	-5.0945e+02	-1.1477e+03	5.8919e+01	-7.6323e+02	-4.6719e+02	1.0462e+03	1.0243e+03	-4.6389e+02	-2.1897e+02	-9.4771e+02	1.4090e+03	-1.9478e+02	2.4371e+02	-1.4463e+03	-4.0700e+02	-2.5228e+02	-9.2207e+02	-1.8251e+03	3.4870e+02	-6.1439e+01	1.2680e+02	1.3546e+03	-1.7581e+03	1.2207e+02	-1.4419e+03	-3.8578e+02	7.0559e+02	-4.3217e+02	2.4191e+03	1.9603e+03	-7.2930e+02	6.5686e+02	1.1274e+02	3.1908e+02	-5.0439e+02	-2.3122e+03	3.1152e+02	-4.0674e+02	1.9264e+02	1.5590e+02	2.9635e+02	-1.2865e+02	2.2481e+02	2.1289e+03	3.0258e+02	4.2803e+02	-4.8054e+02	1.0272e+03	3.4199e+02	1.3167e+03	-2.0234e+03	2.0129e+02	-5.3373e+02	6.7096e+02	7.6021e+02	7.5547e+02	-1.0248e+03	-7.7506e+02	5.6063e+02	-1.5045e+03	1.2328e+03	1.0113e+03	1.1654e+03	1.1253e+02	5.9159e+01	-4.6082e+02	4.0980e+02	-1.5362e+03	-6.7594e+02	4.9881e+02	-6.7764e+02	-2.3916e+03	1.0310e+03	2.0065e+02	6.1457e+02	-1.9597e+03	5.5158e+01	1.4915e+03	4.4405e+02	-1.6548e+02	-1.3240e+02	5.5048e+02	-9.3731e+02	5.8231e+02	-1.7615e+03	1.1926e+03	9.2911e+02	-5.3830e+01	-1.5469e+03	-1.0448e+03	6.8986e+02	5.0012e+01	-2.0969e+02	7.7209e+02	-1.1698e+03	1.6925e+03	7.0262e+02	-2.8074e+02	5.9078e+02
2.0000e+05	3.4962e+03	8.1434e+02	-1.9518e+02	-2.4155e+03	2.7915e+03	1.4242e+03	3.0981e+02	-7.0852e+02	-3.8269e+02	-2.0126e+02	2.0842e+03	1.9820e+03	2.9206e+03	-1.2893e+02	-3.0665e+03	-1.4675e+03	1.0379e+03	4.4617e+02	3.6084e+03	1.2597e+03	-2.7961e+01	1.5766e+03	9.9577e+02	2.0393e+03	-1.1743e+03	9.7075e+01	-1.2294e+03	2.0899e+03	3.1916e+03	2.3255e+03	-2.0912e+02	9.0300e+02	-4.0356e+01	2.0941e+02	-1.3965e+03	7.0887e+02	1.0669e+03	-1.7753e+03	2.7943e+03	4.4011e+03	1.2875e+03	-3.6424e+03	-4.7013e+02	1.2768e+03	8.5013e+02	-4.1699e+03	2.7572e+03	-3.3662e+02	1.2377e+03	-3.6524e+03	-1.9302e+03	-7.6467e+02	-1.5662e+02	-4.5882e+02	-1.3534e+02	6.3095e+02	-1.9865e+02	1.1902e+03	2.6633e+03	-9.7486e+02	-6.6884e+02	5.6756e+02	8.7047e+02	-3.0946e+02	-9.2675e+01	2.1551e+02	3.2205e+03	1.6433e+03	1.1043e+03	-2.7106e+03	3.1698e+02	-3.7256e+03	5.1228e+02	2.9068e+03	4.7333e+03	-3.7888e+02	-4.8770e+02	7.6172e+02	-9.0178e+01	1.4897e+02	2.1985e+03	2.2705e+02	2.1876e+03	-2.0091e+03	-1.0951e+03	2.5811e+02	-5.3532e+03	-2.3428e+02	2.1174e+03	1.7990e+03	6.8645e+02	8.5312e+01	-2.3778e+03	2.0507e+03	2.1490e+03	-1.0311e+03	-1.2509e+02	-1.2284e+02	1.5698e+03	1.2690e+03	-7.8300e+01	-3.6479e+03	-8.0368e+02	1.1050e+03	-8.1653e+01	1.3892e+03	-4.0421e+02	3.7981e+03	3.9483e+03	-7.2447e+02	-7.9459e+02	3.2883e+03	2.3264e+03	3.2636e+02	2.3133e+03	1.4322e+03	-1.0582e+03	-2.8670e+02	1.4313e+03	4.0326e+03	2.1837e+02	1.9937e+02	-2.7596e+03	1.5620e+03	-2.7970e+02	9.7037e+02	-1.8828e+02	1.4007e+03	5.4392e+02	-7.9722e+02	-6.8579e+02	1.1477e+03	3.4515e+03	-1.4503e+03	3.1215e+02	-3.6553e+02	-5.7181e+02	-1.5846e+03	-1.3224e+03	-5.5854e+03	4.8698e+03	6.0913e+03	-9.3226e+00	1.6707e+03	2.0549e+03	5.3603e+02	1.1281e+03	-3.7233e+03	1.0373e+01	-9.4325e+02	1.2827e+03	-2.5808e+02	-2.1269e+03	-1.3843e+03	-1.5518e+03	7.6929e+02	1.4420e+03	8.8781e+02	1.0002e+03	-8.8928e+02	-2.3835e+03	-1.7344e+03	-3.6893e+03	2.6370e+02	-3.8052e+03	-2.2588e+02	1.8287e+03	-4.3209e+03	-2.2553e+03	1.4877e+03	4.7857e+02	3.0001e+03	1.2250e+03	1.3296e+03	-5.2586e+02	-1.1902e+03	-1.0622e+03	-3.2288e+03	1.0024e+03	-3.0392e+03	-3.5067e+02	-1.8761e+03	4.7871e+02	-8.9526e+02	9.1640e+01	1.9582e+01	2.7134e+03	8.1211e+02	1.2709e+03	4.8156e+02	-4.9076e+02	-7.2375e+02	1.5567e+03	-3.4751e+03	-1.7046e+03	-1.8043e+03	-7.7142e+02	2.1860e+03	-1.2457e+02	2.4098e+03
