2.0000e+04	-4.6934e+01	-1.2016e+02	-4.2891e+02	2.7527e+02	-1.4944e+02	-1.5022e+02	7.4568e+02	-1.9372e+02	1.6206e+02	7.5161e+01	-3.9913e+01	4.0505e+02	-3.0644e+02	-3.1646e+02	6.6968e+02	2.6390e+02	1.7776e+02	-1.6985e+02	-7.1212e+02	5.0259e+02	2.2231e+02	-6.1736e+02	2.8762e+00	3.4066e+02	3.9903e+02	5.8031e+02	-1.6243e+02	2.7352e+02	6.7486e+01	3.1371e+02	-4.3038e+02	-2.0214e+02	-4.3520e+02	-3.6934e+02	-1.7478e+02	2.1059e+02	-3.2202e+02	-1.7189e+02	4.5908e+02	5.3042e+01	1.3317e+02	-6.7489e+00	-1.3881e+02	7.1525e+02	2.0867e+02	-5.1786e+01	7.0215e+01	-5.0168e+01	4.5254e+01	1.9418e+02	1.3455e+02	1.5800e+02	6.0299e+01	4.5670e+02	1.1818e+02	-1.7807e+02	2.8032e+02	1.6364e+02	-5.2816e+01	1.3246e+02	-8.3065e+01	8.2652e+01	-5.0061e+02	-4.7856e+01	2.9622e+02	-9.9662e+01	-5.8596e+02	-4.4741e+02	-3.5898e+02	4.1870e+02	-1.9125e+02	-4.6878e+01	6.6813e+00	1.2697e+02	-2.2057e+02	-1.0738e+01	3.4157e+02	1.1880e+01	2.7994e+02	1.3578e+02	6.1355e+01	1.0741e+01	-2.3719e+02	-2.3820e+02	-5.2077e+02	4.0042e+02	1.1474e+01	-2.2079e+02	-2.0376e+02	5.2512e+02	1.3991e+02	8.2179e+01	1.6638e+02	-7.7981e+00	4.7781e+01	4.6152e+02	-5.1603e+02	5.2774e+01	-1.9547e+02	1.0703e+02	7.9232e+02	-5.4234e+02	4.0236e+02	1.6913e+02	-7.8157e+01	2.5690e+02	5.4640e+02	-4.6296e+02	-9.6719e+02	-2.5152e+02	6.1810e+02	-1.2678e+02	-2.0897e+02	8.3676e+00	5.2142e+01	5.4098e+01	-4.4249e+01	-4.7309e+02	1.3135e+01	-3.2989e+02	1.0633e+02	1.7453e+02	1.9567e+02	-7.6310e+02	1.9065e+02	6.9237e+01	4.7195e+01	3.7737e+02	3.1006e+01	-2.8750e+02	8.5154e-01	2.6203e+01	-8.3503e+01	-3.8973e+01	5.0150e+01	5.1418e+01	1.3683e+02	2.3117e+02	2.3469e+02	-2.7101e+02	1.3346e+02	1.6845e+02	6.4801e+01	-1.0366e+02	5.6504e+02	-3.5402e+02	-2.2056e+01	1.4352e+02	3.4215e+02	-5.4331e+01	1.9533e+02	4.2407e+02	6.8149e+01	1.5639e+02	3.7244e+02	7.7914e+02	-5.1005e+01	9.1928e+01	4.7173e+01	2.1871e+01	1.7827e+02	9.1781e+01	8.1480e+02	-4.9484e+01	1.4184e+02	-2.9429e+02	-2.9804e+02	-4.4661e+02	9.7728e+01	6.9459e+02	6.7283e+02	7.0545e+01	9.4572e+01	-3.0741e+02	-3.3138e+02	5.4054e+02	6.7535e+02	-2.3231e+02	-3.3908e+02	-4.9820e+02	-1.2900e+02	5.7373e+02	-1.8995e+02	-1.7994e+02	1.8147e+02	9.3318e+01	-5.2750e+02	5.5038e+02	4.4474e+02	-1.0108e+02	3.9812e+02	2.0362e+02	3.1671e+02	1.6043e+01	-1.4930e+02	-2.1064e+02	-5.7757e+01	-6.3425e+00	9.0395e+01	-2.0802e+02
2.0000e+04	1.8507e+02	-6.9097e+02	5.3986e+02	1.0931e+03	-6.8543e+02	2.9978e+02	8.2066e+02	-5.3800e+02	-7.0023e+02	1.6545e+02	7.1408e+02	-1.3502e+02	1.3669e+01	1.0345e+03	3.2197e+02	-1.1607e+02	5.7191e+02	1.1149e+03	-4.0463e+02	-4.6053e+02	9.4596e+02	-4.0831e+02	2.5619e+02	5.8636e+01	-3.1953e+02	1.7510e+02	-1.0998e+01	-2.0673e+01	4.7083e+01	-1.4222e+03	1.8436e+02	2.4344e+02	-1.8364e+02	2.8646e+02	1.7045e+02	-2.5419e+02	-3.8926e+02	3.9766e+02	-6.6278e+02	-1.6261e+02	3.1115e+02	-7.8725e+02	-1.8477e+02	6.4653e+02	6.6293e+02	-3.0057e+02	-3.1910e+02	1.4591e+03	7.1676e+01	1.0170e+03	1.9548e+02	-1.3369e+02	1.3976e+02	6.7205e+02	7.1475e+02	-6.8274e+02	7.6496e+01	4.8218e+02	2.4097e+02	4.2228e+02	-1.7063e+03	-5.8978e+02	5.7202e+02	-1.0441e+02	4.0423e+01	5.4660e+00	-4.0743e+02	7.1070e+01	1.0723e+03	-2.8934e+01	-1.9092e+02	-5.9605e+02	-2.2716e+01	5.3786e+02	-3.6452e+02	-3.7639e+02	6.6559e+02	-8.6307e+02	-3.9664e+02	-1.4580e+01	-8.6566e+01	6.4337e+02	-2.3318e+02	3.2977e+02	3.5955e+02	6.5580e+02	1.1825e+02	2.9520e+02	-4.9639e+02	-1.3188e+02	-9.5542e+01	-4.4090e+02	8.8398e+02	-8.4402e+02	-1.7665e+02	-1.0921e+02	2.6500e+02	7.1854e+02	-2.2198e+02	3.8850e+02	-6.5634e+02	4.1693e+02	-5.8009e+02	1.9340e+02	-4.8057e+02	4.8939e+02	3.1070e+02	-5.1119e+02	-6.9760e+01	4.1124e+02	-5.8244e+02	1.2685e+03	-3.6578e+01	2.9145e+02	-8.2946e+01	4.7785e+02	6.5647e+02	-1.4716e+03	3.9095e+02	-9.2228e+01	-1.6528e+02	-1.7099e+02	-9.2943e+02	-1.0738e+03	6.4483e+02	-1.9954e+03	-3.6176e+02	1.0825e+02	-2.9074e+02	5.0858e+02	3.5466e+02	-5.7757e+02	1.7820e+02	1.5629e+02	-4.9871e+02	3.6127e+02	-5.4502e+02	-1.7033e+01	9.6738e+02	-7.7250e+02	5.1273e+02	2.4620e+02	5.7986e+02	9.6001e+02	2.6009e+02	-1.2669e+02	-5.7766e+01	8.4895e+01	9.9153e+01	2.3024e+02	-1.2393e+03	9.9909e+02	8.3051e+02	-1.0292e+02	-3.4416e+01	-2.4344e+02	-9.2091e+02	-2.7175e+01	-3.7006e+02	-4.9288e+02	-2.9386e+00	6.9718e+02	-2.4338e+02	7.6235e+02	8.4605e+00	1.2585e+03	3.1540e+02	3.3060e+02	-6.0471e+02	-1.7784e+03	1.0052e+03	-7.7115e+02	-3.4592e+02	1.4560e+03	-4.0882e+02	-5.5946e+02	2.0722e+02	7.5389e+01	1.3048e+03	-7.3314e+02	-2.9837e+02	-3.7900e+02	-3.2551e+02	-2.9042e+02	-2.7873e+02	6.5556e+02	-2.7827e+02	4.9953e+02	7.8635e+02	4.3161e+02	-1.8149e+02	1.5682e+02	-5.5601e+02	8.4333e+01	-2.7456e+02	-1.2115e+03	-2.1166e+02	-1.0532e+03	7.6137e+01	7.0296e+01
4.0000e+04	-2.2802e+02	-2.9367e+02	-8.2316e+02	2.8257e+02	2.8357e+02	3.3417e+02	4.6894e+02	-3.0745e+02	3.5799e+02	2.6389e+02	-2.0567e+01	2.8842e+02	-2.1876e+02	-3.8825e+02	8.7698e+02	1.7375e+01	6.3716e-01	-1.0580e+02	-1.2156e+03	6.8087e+02	6.0874e+02	-4.7769e+02	5.0879e+01	4.1892e+02	8.8980e+02	-2.8031e+02	-8.1486e+02	-3.5233e+02	3.7484e+02	6.6203e+02	-1.8873e+02	-1.0289e+03	-2.9743e+02	-2.1781e+02	-4.5557e+02	3.2286e+02	2.4031e+02	-2.7800e+02	7.5753e+02	1.0875e+02	-8.4853e+01	1.3644e+02	-1.7491e+02	3.4072e+02	-1.7045e+02	-2.7967e+01	-3.3400e+01	2.4547e+02	-3.4314e+02	-9.2993e+01	-1.4053e+02	-9.3453e+02	1.3178e+02	4.2029e+02	6.3375e+01	9.1906e+02	3.4992e+02	-4.7816e+01	-3.7256e+02	4.2146e+02	7.9729e+01	7.8052e+00	-6.8689e+02	-1.0719e+01	5.3112e+02	-4.9731e+02	-4.9614e+02	-1.9806e+02	-6.3510e+02	3.8952e+02	-1.6253e+02	-1.1620e+02	3.3400e+02	-6.2485e+01	-3.2837e+02	3.1897e+01	-1.9026e+02	5.9816e+01	7.2793e+01	2.1857e+02	5.7948e+02	-3.4276e+02	1.5697e+02	-6.9517e+01	-6.5783e+02	4.3110e+02	4.3239e+02	1.0396e+02	8.4260e+01	4.0012e+02	-4.5689e+02	3.8179e+01	1.2118e+02	-3.8255e+02	1.3399e+02	8.5334e+02	-1.8710e+02	-9.3110e+00	-6.9271e+02	-2.7889e+02	1.0252e+03	1.1542e+02	-4.2046e+02	-3.9597e+02	4.3143e+02	2.5304e+02	5.3524e+02	-1.4770e+02	-1.1316e+03	-2.0239e+02	1.2178e+03	-2.1800e+02	3.5141e+02	-5.4693e+00	2.3897e+02	3.8782e+00	-7.5634e+01	2.0197e+02	2.5839e+02	-2.2577e+01	-1.8652e+02	1.2235e+02	-3.4670e+02	-3.7467e+02	7.2870e+02	-2.0969e+02	4.5479e+02	5.6128e+02	5.1730e+01	-1.1531e+02	1.2179e+02	-3.5526e+02	-5.8624e+02	-7.2733e+02	9.2636e+01	-4.8862e+02	1.1164e+02	4.0773e+02	-2.6365e+02	-7.2458e+02	-2.2590e+01	-3.2877e+02	3.1790e+02	2.7873e+02	6.0206e+02	-1.2457e+00	2.0907e+02	-3.2352e+01	-1.4454e+02	2.2346e+02	3.1486e+02	1.0384e+03	-4.3971e+01	-2.4349e+02	3.2924e+02	2.2098e+02	2.7544e+02	-1.1456e+02	2.9354e+02	-6.6039e+02	1.2009e+00	-3.6673e+02	4.4912e+02	1.2023e+01	4.8070e+02	-3.5555e+02	-1.7594e+02	-2.8040e+02	-3.8003e+01	9.8184e+02	7.4665e+02	2.6327e+02	2.4123e+02	-7.3102e+02	2.8252e+02	2.4543e+02	3.6540e+02	2.3235e+02	-4.3511e+02	3.6111e+01	-3.9249e+02	5.0141e+02	-2.2306e+02	-3.1296e+01	7.1690e+02	9.4397e+01	-7.9609e+02	5.5629e+01	9.6883e+02	-7.9144e+01	3.2634e+02	-2.9345e+02	-2.5705e+02	1.1866e+03	4.1489e+01	5.0744e+01	2.0973e+02	3.0674e+01	-6.6951e+02	7.8776e+01
4.0000e+04	7.6412e+02	-3.6746e+02	-2.4221e+02	1.0583e+03	-1.3412e+03	-4.8120e+02	5.3164e+02	-4.8958e+02	-2.2462e+02	-8.2032e+02	1.1762e+03	-7.7020e+02	-5.0601e+02	9.6018e+02	5.1370e+02	-1.4344e+02	3.5709e+02	2.0103e+03	-1.5678e+03	-1.2066e+03	8.1139e+01	-7.1172e+02	-4.7022e+02	-6.2549e+02	-6.4623e+02	6.0253e+02	8.2012e+02	3.0482e+02	8.8632e+02	-2.2733e+03	8.1664e+02	6.1246e+02	-1.5411e+01	-1.8569e+02	1.4231e+02	1.0225e+03	-1.0458e+03	9.2628e+02	-1.9281e+02	1.6296e+02	2.3994e+02	-1.1448e+03	-1.3179e+03	-2.1681e+01	-1.0212e+02	-4.6177e+01	-6.8437e+02	1.2996e+03	-4.5554e+02	2.3235e+03	-1.3987e+02	3.6361e+02	-5.8724e+02	6.7562e+02	2.6036e+02	-8.6410e+02	-4.6338e+02	7.2736e+02	8.6627e+02	1.8060e+03	-1.5653e+03	-6.6211e+02	8.2552e+01	-3.2400e+02	-6.8091e+02	4.0983e+02	-8.1425e+02	3.3789e+02	-3.5737e+02	-1.0631e+02	2.1492e+02	-1.2948e+03	2.2989e+02	3.1776e+02	-1.4893e+02	-4.6918e+02	6.4620e+02	-1.1243e+03	-4.3783e+02	-4.7959e+02	5.2307e+02	7.3982e+02	4.8688e+02	1.0409e+03	6.1523e+02	1.0073e+03	-6.6584e+02	2.4162e+02	-4.3621e+01	3.2738e+02	2.5387e+02	7.4325e+01	9.0620e+02	-4.4708e+02	-2.1542e+02	-8.0020e+02	7.7574e+02	1.2201e+03	-4.0960e+02	-1.1306e+02	-6.1297e+02	1.2624e+03	-6.3820e+02	3.4483e+01	3.7059e+02	5.0111e+02	2.7220e+02	-1.6313e+03	5.9419e+01	3.7540e+02	-5.9217e+02	1.1533e+03	2.8530e+02	1.2856e+03	-3.0506e+02	-1.7863e+02	2.8185e+01	-1.4300e+03	9.9831e+02	4.3943e+02	2.8397e+02	8.7068e+02	-6.1539e+01	-5.8450e+02	5.3246e+02	-1.7254e+03	-5.3744e+01	6.6690e+02	6.3762e+02	1.0275e+03	6.2689e+01	-6.2565e+02	2.2158e+02	1.0970e+03	-1.2923e+03	-3.3240e+02	-5.9486e+02	-5.5152e+02	1.5216e+03	4.4465e+01	8.8800e+02	-6.8336e+02	7.9563e+01	1.5903e+03	2.8294e+02	-1.0071e+02	7.5273e+02	8.8118e+02	4.2439e+01	1.1703e+03	-1.7150e+03	1.1712e+03	1.6031e+03	-1.4418e+03	-1.2921e+03	4.7817e+02	-1.1748e+03	-1.0964e+02	-8.7149e+02	-7.1112e+02	3.3727e+02	1.1438e+03	-2.7354e+02	7.4329e+02	2.9288e+02	1.0602e+03	1.2418e+03	-3.3334e+02	-9.3513e+02	-2.6997e+03	7.3082e+02	-1.5096e+01	-1.0975e+03	1.3287e+02	-7.1426e+02	-9.0881e+02	-6.6635e+02	4.0037e+01	2.1766e+03	-7.6099e+02	-1.2744e+02	-1.6149e+03	3.5186e+02	3.7606e+01	-5.2640e+02	-1.8498e+02	-5.3541e+02	4.2777e+02	3.8172e+02	8.3294e+02	-6.8146e+02	3.5686e+02	5.5405e+02	1.9219e+02	-1.7658e+02	-2.1108e+03	-1.9305e+02	-4.1730e+02	3.5170e+02	2.0716e+02
6.0000e+04	-1.0275e+02	-4.1062e+02	-6.5473e+02	7.0760e+02	5.0288e+02	3.7378e+02	2.5260e+02	-1.0383e+02	1.0989e+02	6.7716e+02	1.4170e+02	6.2555e+02	2.0665e+02	-6.6725e+02	1.2419e+03	3.3260e+02	-1.1088e+02	6.2048e+00	-1.0119e+03	7.4173e+02	5.1692e+02	-7.0623e+02	4.5847e+02	9.9237e+02	1.2925e+03	-4.9792e+02	-8.7573e+02	-3.2836e+02	3.3918e+02	3.1287e+02	-4.0576e+02	-2.4814e+02	-5.5345e+02	2.0307e+02	-4.7398e+02	3.8254e+02	7.2313e+02	-2.3073e+01	1.0841e+03	2.9283e+02	-2.9513e+01	4.9207e+02	-5.9116e+02	4.8181e+02	-1.4040e+02	-4.2654e+02	-3.1766e+02	5.4465e+02	-5.9334e+02	8.1940e+01	3.7007e+01	-1.0937e+03	2.5802e+02	9.9905e+02	5.1279e+02	1.3735e+03	6.3087e+02	-5.9456e+01	-1.0751e+02	1.1101e+03	-2.0608e+02	-3.8043e+02	-1.0157e+03	2.5267e+02	8.8291e+02	-4.9132e+02	-3.3185e+02	-3.6326e+02	-9.3355e+02	5.7007e+02	-3.7860e+02	-4.8072e+00	6.7085e+02	6.5166e+02	2.2860e+01	1.5862e+02	-4.1548e+01	5.8801e+01	2.4305e+02	3.7791e+02	1.1648e+03	-4.6485e+02	8.2753e+02	1.4878e+02	-1.0783e+03	2.4807e+01	1.0430e+03	-3.1210e+02	-7.2902e+02	-1.3136e+02	-6.7609e+02	-7.0530e+01	3.9234e+02	-7.0590e+02	9.2450e+01	1.0975e+03	5.4021e+00	2.2579e+02	-9.2891e+02	-7.2696e+02	1.6216e+03	-1.7846e+02	-1.7049e+00	-1.2223e+01	4.0819e+02	-3.6220e+02	9.6358e+02	-6.1198e+02	-9.4327e+02	-2.0269e+02	1.5319e+03	-5.7408e+02	-2.1674e+02	-4.7175e+02	2.4664e+02	-2.3992e+02	-4.6656e+02	-1.4720e+02	1.4569e+02	5.6324e+02	8.6676e+01	1.5191e+02	-1.4459e+02	-5.2132e+02	1.1289e+03	-8.7536e+01	4.6264e+02	1.0396e+03	-3.6183e+02	-1.5674e+02	3.2673e+02	-4.5201e+02	-7.7292e+02	-1.1344e+03	-1.8736e+02	-2.3712e+02	6.3300e+02	1.1492e+03	-1.2723e+02	-3.3709e+02	1.5310e+02	-4.3045e+02	5.8564e+02	3.9448e+02	9.1690e+02	-1.8487e+02	-3.7758e+01	-2.1790e+02	-3.6999e+02	7.0722e+01	1.2673e+02	1.0979e+03	-1.5938e+02	-2.1628e+02	-3.6226e+02	2.5638e+01	5.2710e+02	-9.2346e+01	5.0522e+02	-8.3051e+02	-7.3627e+01	-9.3311e+02	9.1414e+02	2.2420e+02	4.5438e+02	-4.0674e+02	-3.9845e+02	-4.4054e+02	1.4495e+02	1.2001e+03	5.7316e+02	5.4092e+02	3.5520e+01	-1.5005e+03	3.2025e+02	-2.9598e+02	2.2524e+02	2.1649e+02	-1.2957e+02	5.7413e+02	2.4252e+01	9.4108e+02	-7.8965e+02	1.3286e+01	1.3960e+03	1.2425e+02	-7.9766e+02	4.2502e+02	9.2160e+02	2.4563e+02	1.7191e+02	1.3063e+02	-7.0492e+02	9.1381e+02	-5.4113e+01	1.2857e+02	-1.1828e+02	-2.6170e+02	-5.6913e+02	1.4403e+02
6.0000e+04	-2.8893e+02	-1.3801e+03	-9.7920e+02	1.6067e+03	-2.1360e+03	-9.9426e+02	3.7458e+02	2.3485e+01	7.5039e+02	-1.2060e+03	9.5280e+02	-8.4127e+02	4.2503e+02	1.9897e+03	-2.4842e-01	1.5746e+02	-2.6485e+02	2.3712e+03	-2.4594e+03	-1.2438e+03	2.2794e+02	-1.5139e+03	-2.3084e+02	-6.1777e+02	-1.8304e+03	9.0234e+02	4.8786e+02	1.1902e+03	3.4270e+02	-2.6096e+03	1.4209e+03	5.0939e+02	4.7181e+02	2.8319e+02	3.4173e+01	9.6041e+02	-2.3920e+02	6.1290e+02	-4.8849e+02	3.9660e+02	3.5428e+01	-1.1685e+03	-1.8409e+03	2.3884e+02	1.5780e+02	-5.5500e+02	-4.8368e+02	1.0305e+03	-5.5771e+01	1.9715e+03	-1.2444e+02	9.2459e+02	-4.0468e+02	1.1262e+03	1.1432e+03	-1.6290e+01	3.2390e+02	2.5453e+02	-1.7816e+02	1.5517e+03	-1.3369e+03	-6.6062e+02	-3.5438e+02	-7.3126e+02	-1.9986e+02	1.9047e+01	-3.8718e+02	1.2010e+03	-1.3036e+03	-3.0380e+02	6.0883e+02	-6.7077e+02	7.3260e+01	4.8088e+02	-8.6161e+02	-1.8125e+02	9.4799e+02	-1.3237e+03	-9.4045e+02	7.4907e+02	1.0475e+03	-2.0610e+02	-2.7679e+02	9.2712e+02	1.0348e+02	1.6408e+02	-1.0569e+02	-1.2063e+02	1.1341e+03	7.4490e+02	-9.4931e+02	6.3283e+02	1.2725e+03	3.8498e+02	4.8373e+02	-1.6044e+03	1.9357e+01	1.6224e+03	-2.6860e+02	-8.4118e+02	6.7316e+02	1.2692e+03	-2.7388e+02	-1.5618e+02	1.6590e+02	1.6178e+03	-2.1254e+01	-1.7703e+03	4.6981e+02	-1.0492e+03	-3.8902e+02	1.5014e+03	1.0497e+03	7.6748e+02	-3.6007e+02	-1.3527e+02	4.5495e+02	-1.9835e+03	1.6975e+03	8.4654e+01	-9.6759e+01	3.4687e+02	-3.1729e+02	-9.7473e+02	1.2949e+01	-1.7623e+03	-2.7780e+02	-1.8396e+02	1.1736e+03	1.9438e+03	8.2035e+02	3.5082e+02	6.8026e+02	9.3581e+02	-7.0446e+02	-5.4101e+02	-4.3222e+02	-9.4760e+01	1.7993e+03	5.6418e+02	7.9809e+02	-4.8605e+02	1.0080e+03	1.6284e+03	-2.0346e+02	2.1439e+02	1.8044e+03	6.4873e+02	8.1759e+02	1.1883e+03	-2.0448e+03	3.1260e+02	1.8247e+03	-1.1758e+03	-1.1387e+03	1.3007e+03	-1.2369e+03	2.6071e+02	-1.2295e+03	-9.0102e+02	1.3889e+02	1.5205e+03	1.5190e+02	4.6935e+02	-5.3193e+02	7.6217e+02	9.7848e+02	-1.3243e+02	-1.8796e+03	-2.4709e+03	3.1709e+02	2.8242e+01	-8.6721e+02	1.4171e+03	-1.1143e+03	-1.0899e+03	-6.2297e+02	7.2450e+02	2.5134e+03	-1.0460e+03	4.9687e+02	-1.8201e+03	-5.2452e+02	-4.3881e+02	-5.5851e+02	3.5959e+02	-1.0428e+03	-3.4764e+02	9.9806e+02	8.4800e+02	-4.3051e+02	-4.0537e+02	2.8742e+01	-6.6941e+02	2.0907e+02	-3.1942e+03	-4.5133e+02	4.2679e+02	-6.6445e+02	-2.9894e+02
8.0000e+04	3.2855e+02	-7.9274e+02	-3.4002e+02	5.5597e+02	9.2709e+02	1.6096e+02	3.6226e+02	9.3146e+01	9.3457e+02	5.1956e+02	5.0343e+02	6.4691e+02	2.3012e+02	-6.7277e+02	1.0689e+03	7.0065e+02	-3.6024e+02	-3.8562e+02	-8.3364e+02	3.4026e+02	4.6480e+02	-5.2961e+02	8.8524e+02	1.9039e+03	1.3248e+03	-7.5779e+02	-8.2554e+02	-1.1281e+03	6.7943e+02	1.4719e+02	-2.5012e+02	-4.7099e+01	-7.2090e+02	-9.9990e+01	-5.6856e+02	-2.1153e+02	1.2680e+02	1.1812e+03	9.2004e+02	-1.7182e+01	2.8434e+02	3.5709e+02	-1.3146e+03	5.6508e+02	-2.3054e+02	-2.7646e+02	-4.0728e+02	8.8205e+02	-6.3206e+02	5.2808e+02	8.9379e+01	-1.0485e+03	3.3970e+02	5.7091e+02	1.9143e+02	1.8622e+03	4.1504e+02	2.4161e+02	-2.0434e+02	8.2705e+02	-3.1183e+02	-3.8420e+02	-1.4192e+03	6.9695e+01	4.3382e+02	-1.0469e+03	-3.4895e+02	-5.2671e+02	-9.0843e+02	4.9449e+02	-5.4447e+02	-1.6465e+02	8.4255e+02	1.1680e+02	-4.7766e+02	-2.0982e+01	-1.1961e+02	1.8086e+02	7.2717e+02	5.3833e+02	1.3896e+03	-2.9897e+02	7.8018e+02	6.9874e+01	-6.6200e+02	5.5255e+02	1.4512e+03	-6.8157e+02	-4.2699e+02	2.7322e+02	-1.0231e+03	-8.1766e+02	5.1286e+02	-5.7006e+02	6.2614e+00	1.9302e+03	5.3953e+02	1.9712e+02	-1.0382e+03	-7.9241e+02	1.3729e+03	-9.9492e+02	5.8788e+02	-2.5043e+02	2.0430e+02	-2.4882e+02	7.9930e+02	-7.2176e+02	-5.2783e+02	3.5187e+02	1.1635e+03	-8.6162e+02	1.1155e+02	-1.7975e+02	3.9908e+02	1.2180e+02	-7.5489e+02	-2.6857e+02	2.2091e+02	9.2372e+02	-4.3342e+01	5.0590e+01	-1.3834e+02	-5.4740e+02	1.0642e+03	-2.1538e+02	-4.2647e+01	3.4989e+02	6.0799e+02	2.7803e+02	8.2702e+02	-9.6188e+02	-5.3410e+02	-1.3178e+03	-5.9861e+02	-5.4751e+02	6.0099e+02	1.4293e+03	7.6058e+01	-1.5736e+02	2.8764e+02	-4.1834e+02	2.4985e+02	-3.6345e+02	1.0265e+03	1.5424e+02	2.8756e+02	1.3278e+02	-6.2044e+02	-2.2467e+02	8.2313e+02	9.4995e+02	-2.8963e+02	-6.2196e+02	-5.4873e+02	3.3186e+02	9.3233e+02	6.9144e+01	8.6571e+02	-1.1762e+03	-8.2696e+02	-7.3890e+02	9.6250e+02	2.2144e+02	5.3485e+02	-8.6029e+02	-1.3451e+02	-2.1678e-01	4.5693e+02	9.5796e+02	2.3127e+02	3.4631e+02	-3.3943e+02	-1.4076e+03	-3.7221e+02	-5.0291e+02	5.2293e+02	1.7551e+02	4.3238e+01	5.3615e+02	-1.0798e+03	1.0805e+03	-4.2058e+02	-1.9995e+02	1.5835e+03	1.2931e+02	-1.2889e+03	6.7131e+02	6.1520e+02	9.4941e+02	7.9119e+01	6.0661e+02	-5.4780e+02	1.0940e+03	-4.8278e+02	-3.1364e+02	-8.6967e+00	8.2195e+01	-2.8570e+02	-4.7853e+02
8.0000e+04	7.3177e+01	-1.2908e+03	-7.1854e+02	2.4415e+03	-2.6574e+03	-4.4123e+02	7.6016e+02	1.0763e+03	3.5246e+02	-1.2439e+03	2.2250e+03	-1.4839e+03	-3.3945e+02	2.1265e+03	6.3895e+01	-6.9169e+02	-2.9956e+02	2.5941e+03	-2.4557e+03	-1.5520e+03	-7.4722e+01	-1.3786e+03	-3.9263e+02	2.3667e+02	-7.5825e+02	5.8673e+02	-3.3409e+02	1.4424e+03	5.1676e+02	-2.3023e+03	9.6307e+02	9.1249e+01	2.1881e+02	-1.4237e+02	3.8011e+02	1.6649e+03	1.3499e+02	4.4725e+02	-4.3111e+02	6.8888e+02	-3.9563e+02	-1.6331e+03	-1.4652e+03	-5.8965e+02	1.2103e+02	-1.2212e+03	-5.5605e+02	2.0828e+03	-6.0481e+02	1.7346e+03	7.5510e+02	9.3963e+02	1.5794e+01	1.0145e+03	4.9591e+02	9.6449e+00	1.1715e+03	-1.9350e+02	7.4420e+02	1.5232e+03	-1.7821e+03	-2.1127e+02	-3.5651e+02	-1.1304e+03	-1.1320e+03	-9.2352e+02	1.9212e+01	4.5525e+02	-2.0474e+03	-1.5656e+02	2.6537e+02	-1.0959e+03	-3.5847e+01	9.4639e+02	-1.4907e+02	7.4128e+02	8.7389e+02	-1.1734e+03	-1.9560e+03	-1.0071e+02	4.8762e+02	-7.9290e+02	4.1957e+02	8.4569e+01	4.4610e+02	-1.2148e+03	-6.8427e+02	-1.1008e+02	1.2807e+03	9.8584e+02	-1.9309e+03	6.3674e+01	1.5016e+03	7.8374e+01	1.4678e+03	-1.8503e+03	-2.7731e+02	9.4027e+02	-1.0317e+03	-9.7732e+02	4.2804e+02	1.1911e+03	-3.9609e+02	2.9808e+02	-4.5251e+02	1.6783e+03	-3.6464e+02	-1.0343e+03	-4.3623e+02	-6.7775e+02	-8.0139e+02	1.2116e+03	2.8679e+02	3.9959e+02	1.7888e+02	-1.1128e+03	6.2876e+02	-2.6364e+03	1.4709e+03	-6.6543e+02	-8.6884e+02	5.1234e+02	1.6390e+02	-1.5399e+02	8.7241e+02	-1.5896e+03	7.5850e+02	-1.4872e+03	1.0096e+03	1.6455e+03	2.2921e+02	-7.3198e+02	4.3537e+02	1.3997e+03	-6.2098e+02	-8.4818e+02	1.4857e+02	4.6991e+02	1.7767e+03	9.5256e+02	3.7046e+02	-4.9915e+02	1.5687e+03	1.7472e+03	-4.0533e+02	3.6022e+02	1.7333e+03	-4.8148e+02	1.2122e+03	4.2436e+02	-2.2494e+03	1.3776e+03	1.6304e+03	2.5617e+02	-1.0526e+03	1.6816e+03	-1.0584e+03	5.0192e+02	-4.1973e+02	-6.3462e+02	5.4475e+02	1.6174e+03	1.7820e+01	-2.2316e+02	-7.7959e+02	6.8491e+02	1.2180e+03	-5.9447e+02	-1.6715e+03	-1.6745e+03	4.7793e+01	-1.1065e+03	3.5942e+02	1.4512e+03	-1.3165e+03	-1.7945e+03	4.1210e+02	4.9518e+02	3.0441e+03	-1.2958e+03	-2.3478e+02	-9.6677e+02	-6.2978e+02	8.6291e+02	-3.8535e+02	1.6390e+03	-5.1980e+02	-2.3844e+03	1.3648e+03	-8.3426e+01	7.1619e+02	-2.2197e+02	1.7113e+02	-6.2120e+02	7.0970e+02	-3.6571e+03	-9.6232e+01	5.7659e+02	-2.0344e+02	-1.5292e+02
1.0000e+05	2.2644e+02	-7.2070e+02	-7.7033e+02	4.2352e+02	8.0647e+02	1.8192e+01	3.1659e+02	1.4611e+01	7.9464e+02	4.5447e+02	7.4877e+02	4.7060e+02	1.6714e+02	-1.3392e+03	1.3617e+03	8.7489e+02	-3.1798e+02	-4.4539e+02	-8.1577e+02	-2.9888e+01	1.0037e+01	-5.0980e+02	7.1585e+02	2.5198e+03	1.7150e+03	-2.4391e+02	-9.0096e+02	-1.4288e+03	-1.6819e+02	-3.2258e+02	4.5902e+01	-3.6658e+01	-6.8535e+02	-7.8215e+01	-4.3788e+01	-9.6331e+01	4.5111e+02	1.0035e+03	6.8351e+02	5.1386e+02	1.5041e+02	4.8481e+02	-1.6769e+03	3.8554e+02	-2.4169e+02	-5.9803e+02	2.5593e+02	9.9579e+02	-8.1073e+02	1.8799e+02	-2.2006e+01	-1.5292e+03	5.1659e+02	9.0594e+02	5.0691e+02	1.9031e+03	2.1528e+02	5.3981e+02	1.3125e+02	1.3567e+02	-5.3032e+02	-4.6575e+02	-1.0499e+03	8.1580e+02	5.8103e+02	-1.9042e+03	-1.8564e+02	-5.4629e+02	-1.7302e+03	3.7503e+02	-1.0763e+03	-2.8277e+02	8.8397e+01	4.9264e+02	-4.9170e+02	2.0201e+02	4.4170e+01	-3.4943e+02	6.1126e+02	2.5188e+02	1.1207e+03	-3.5123e+02	7.8745e+02	-4.5287e+02	-2.1636e+02	3.2854e+02	1.4045e+03	-8.2704e+02	-6.2049e+02	2.6147e+02	-7.0346e+02	-4.9775e+01	2.5496e+02	-7.2791e+02	3.3564e+02	1.5823e+03	3.1412e+02	1.8027e+02	-1.0604e+03	-6.3648e+02	1.2909e+03	-1.1398e+03	1.3211e+03	1.8912e+02	2.9445e+02	2.4580e+02	1.3283e+03	-1.1127e+03	-2.5313e+02	2.8673e+02	8.9418e+02	-1.1575e+03	-3.8123e+02	-4.3215e+02	2.3572e+02	2.6351e+02	-7.9761e+02	1.0515e+02	1.4526e+02	9.9094e+02	-6.4254e+01	-1.5146e+02	-5.2694e+02	-4.4531e+02	3.8196e+02	-6.5666e+02	-4.5403e+01	1.7749e+02	2.7985e+02	2.2089e+02	1.6656e+03	-1.6852e+03	-5.8357e+02	-7.0336e+02	-5.9867e+02	-1.4647e+03	6.0614e+02	1.2622e+03	-6.4829e+01	3.4886e+02	6.3278e+02	-5.3185e+02	5.5039e+02	-9.1397e+02	1.9508e+03	2.0923e+02	4.3844e+02	-3.1068e+02	-5.7955e+02	-2.1429e+02	6.8531e+02	3.0733e+02	-6.0171e+02	-7.1775e+02	-8.4402e+02	3.7911e+02	7.2866e+02	3.0730e+01	9.1783e+02	-1.2293e+03	-6.4261e+02	-3.6019e+02	9.4701e+02	7.7847e+02	3.2849e+02	-1.2293e+03	-1.8369e+02	7.0210e+02	1.3175e+02	1.1426e+02	1.0071e+03	6.4506e+02	-9.3378e+01	-1.5736e+03	-1.0445e+02	-7.7081e+02	1.7010e+02	3.0784e+02	-3.7644e+02	5.1091e+02	-1.3575e+03	1.1048e+03	5.3971e+02	-7.8041e+02	1.7900e+03	-2.9886e+02	-1.3943e+03	3.7533e+02	2.9812e+02	8.1741e+02	4.2965e+02	5.8117e+02	-2.4530e+02	1.0264e+03	-3.5721e+02	-8.1245e+01	-4.3455e+02	-3.9921e+02	-2.1512e+02	-6.3168e+02
1.0000e+05	7.1090e+01	-4.4412e+02	-7.2015e+02	2.3589e+03	-3.2182e+03	-3.1127e+02	9.1865e+02	2.5060e+03	1.4711e+03	-1.4971e+03	2.9628e+03	-1.3151e+03	-1.4124e+03	2.3340e+03	1.0923e+03	-2.5057e+03	-3.0078e+02	1.9740e+03	-3.1644e+03	-1.8834e+03	-3.7458e+02	-2.6156e+03	-1.3562e+03	-9.2792e+01	5.2444e+02	6.3211e+02	-1.4596e+03	1.0991e+03	1.4774e+03	-3.6036e+03	4.9932e+02	1.0392e+03	1.4154e+02	-5.9396e+02	9.7148e+02	2.9263e+03	-3.2370e+01	2.5631e+02	2.3188e+02	5.2193e+02	-2.9916e+02	-4.4643e+02	-1.0005e+03	-5.8994e+02	4.6285e+02	-1.3132e+03	-1.3828e+03	2.9472e+03	-3.1019e+02	1.7820e+03	5.5169e+02	1.5115e+03	1.0279e+03	5.5036e+02	1.8484e+03	9.4405e+00	1.9279e+03	-1.0813e+03	7.7579e+02	2.1973e+03	-6.8405e+02	-6.7687e+02	-9.2214e+02	-1.4957e+03	-1.9225e+03	-1.9325e+03	7.9686e+02	1.6140e+03	-2.9661e+03	-3.9814e+02	1.2723e+03	-1.4523e+03	-5.3427e+02	7.7123e+02	-5.2893e+02	1.4695e+03	1.3374e+03	-2.1413e+03	-1.6235e+03	-5.5624e+02	1.9077e+02	-1.4796e+03	6.0186e+02	4.1044e+02	4.6670e+02	-1.4800e+03	-4.7385e+02	-4.8857e+02	1.2205e+03	5.2366e+02	-1.2817e+03	-1.1229e+03	9.9654e+02	3.9375e+02	1.5890e+03	-1.3348e+03	3.1399e+01	1.0759e+03	-2.2201e+03	-1.7582e+03	-1.6253e+02	1.2833e+03	-9.1430e+02	1.0223e+02	-4.3740e+02	2.1775e+03	-1.3059e+03	-5.1951e+02	2.1295e+02	-7.6139e+02	-1.0097e+03	5.7839e+02	-3.8328e+02	6.0355e+02	7.0554e+02	-4.1815e+02	6.9207e+01	-2.8067e+03	2.5765e+03	-4.7786e+02	-1.1377e+03	1.4231e+02	1.2480e+02	-1.0239e+03	1.3063e+03	-1.0968e+03	-1.4137e+01	-1.7565e+03	7.4942e+02	1.5172e+03	9.7761e+02	-1.5752e+03	3.7270e+02	2.0798e+03	-5.5645e+02	-9.4848e+02	-1.1735e+01	-3.7547e+02	6.0258e+02	9.4542e+02	2.3901e+02	7.0970e+01	2.5857e+03	2.0810e+03	4.1166e+02	1.1075e+03	2.1194e+03	-4.8180e+02	1.2721e+03	9.8185e+02	-3.4526e+03	1.9174e+03	2.1223e+03	1.9736e+01	-8.7412e+02	1.6285e+03	-1.6488e+03	4.1547e+02	-8.0420e+02	-3.0955e+02	1.1608e+02	8.5905e+02	5.9427e+02	2.7594e+02	-1.0144e+03	1.6002e+02	9.6127e+02	-3.7886e+02	-2.1230e+03	-4.4997e+02	6.1923e+02	-1.3476e+03	5.6125e+02	1.7858e+03	-1.2945e+03	-9.1115e+02	1.1298e+03	6.4399e+02	2.4423e+03	-1.4875e+03	-6.6637e+02	-1.9285e+02	-1.0159e+03	1.8575e+03	5.6050e+02	2.3865e+03	6.2743e+02	-3.0992e+03	2.0587e+03	-1.4706e+02	1.9596e+02	1.9495e+02	1.5261e+02	-1.4949e+02	1.0514e+03	-3.7858e+03	-6.2635e+02	-3.5794e+00	8.8056e+01	1.4037e+02
1.2000e+05	4.5482e+02	-7.7539e+02	-1.1596e+03	3.1033e+02	1.0147e+03	-3.0855e+02	2.3687e+02	3.8381e+02	1.5706e+03	3.8977e+02	1.1380e+03	5.3157e+02	3.0883e+02	-1.2563e+03	1.4188e+03	7.2532e+02	-2.3310e+02	-3.4908e+02	-7.9358e+02	1.1922e+02	-2.8085e+02	-7.0265e+02	5.0569e+02	2.6100e+03	1.8415e+03	-1.2849e+02	-2.2717e+02	-1.3041e+03	-3.2439e+01	-5.6206e+02	-6.0807e+01	-2.7544e+02	-5.4503e+02	1.3435e+02	-2.9191e+02	-9.5358e+01	6.1142e+02	6.7079e+02	7.6052e+02	3.5712e+02	-8.1857e+02	2.8040e+02	-1.5395e+03	2.5922e+02	-5.3062e+01	-6.3833e+02	7.5725e+02	8.7945e+02	-1.0190e+03	-1.0866e+02	2.6421e+02	-1.5415e+03	8.4453e+02	5.9329e+02	4.2172e+02	1.4294e+03	7.5918e+02	1.2768e+03	-2.8288e+02	4.0787e+02	-5.1898e+02	1.0919e+02	-1.2401e+03	9.4932e+02	1.2068e+02	-2.0350e+03	-1.0376e+02	-7.5463e+02	-2.1237e+03	9.1370e+02	-9.7172e+02	-6.4403e+02	-7.8641e+01	5.1244e+02	1.7204e+01	1.5465e+01	5.6935e+02	-3.9804e+02	9.6532e+01	-5.7016e+01	1.6481e+03	-9.8808e+02	1.3117e+03	-6.4448e+02	-9.6697e+02	3.1664e+02	1.2347e+03	-7.7773e+02	-3.5709e+02	1.4672e+02	-4.8474e+02	-2.1680e+02	3.9241e+02	-5.8959e+02	2.7986e+02	2.1120e+03	7.2742e+02	-3.0192e+02	-1.6604e+03	-7.2604e+02	8.4860e+02	-9.8014e+02	1.1121e+03	-5.7397e+01	1.2691e+02	3.0717e+02	1.3299e+03	-1.2296e+03	-1.2019e+02	-3.7986e+02	9.0413e+02	-1.0417e+03	-3.6506e+00	9.9615e+01	-5.5758e+01	4.0488e+02	-3.7017e+02	-2.6298e+02	6.2405e+02	1.0990e+03	4.3705e+02	-1.3229e+02	1.0503e+02	-8.8786e+02	3.4733e+02	-4.5194e+02	-5.3945e+02	-6.3935e+02	1.2004e+02	1.1393e+02	1.5199e+03	-1.1881e+03	-1.1809e+02	-5.2280e+02	-4.0243e+02	-1.0428e+03	8.9407e+02	1.4731e+03	-1.1318e+02	5.1160e+02	5.4784e+02	-5.3371e+02	3.8830e+00	-1.3613e+03	1.9798e+03	3.1645e+02	1.5215e+02	-6.7930e+02	-5.6588e+02	-2.6123e+02	1.1465e+03	7.3243e+02	-6.8213e+02	-9.1185e+02	-8.2782e+02	5.7776e+02	7.0402e+02	-5.8788e+02	1.1467e+03	-5.2561e+02	-9.5907e+02	1.7359e+02	1.0216e+03	8.3661e+02	2.6356e+02	-2.1919e+03	1.7478e+02	7.8711e+02	1.1768e+02	-1.6812e+02	1.4427e+03	1.1665e+03	-8.3332e+01	-1.8773e+03	-5.2318e+02	-6.9902e+02	-2.0120e+01	5.1624e+02	-4.6046e+02	3.5609e+02	-1.1571e+03	1.3569e+03	1.4393e+03	-5.6706e+02	1.6983e+03	-8.2269e+02	-1.1273e+03	2.6514e+02	8.1073e+02	8.9207e+02	2.8225e+02	1.4788e+03	-7.6770e+02	6.1597e+02	-3.2638e+02	-1.2548e+02	-9.0987e+02	-6.3262e+02	3.8702e+02	-1.0790e+03
1.2000e+05	-9.2586e+02	-6.4742e+02	-9.2283e+02	2.4556e+03	-3.6861e+03	1.0951e+03	9.0834e+02	3.0475e+03	1.6388e+03	-1.2499e+03	3.2284e+03	-1.3431e+03	-1.7513e+03	2.1982e+03	2.3071e+02	-2.4024e+03	4.2748e+02	2.2396e+03	-3.6277e+03	-1.6135e+03	-4.0920e+02	-3.2799e+03	-1.3797e+03	4.2948e+02	-6.5919e+02	-5.1744e+02	-1.4854e+03	6.1580e+01	2.9716e+03	-2.7861e+03	-2.0232e+01	7.2653e+02	-1.1695e+03	-1.3735e+03	-8.7795e+01	3.3738e+03	4.1317e+02	7.4385e+00	9.1218e+02	3.8325e+02	1.4210e+02	-7.7121e+02	-1.0053e+03	-1.8290e+02	1.9900e+02	-1.5818e+03	-2.0981e+03	3.7368e+03	-6.4542e+02	2.0694e+03	4.9241e+02	2.2314e+03	1.2793e+03	1.0772e+03	2.6505e+03	-1.5210e+02	5.0459e+02	-2.0359e+03	1.3835e+02	3.0218e+03	3.2540e+02	-2.2144e+03	-1.1927e+03	-1.3593e+03	-2.9733e+03	-2.6179e+03	8.0544e+02	2.1066e+03	-3.2033e+03	-8.7136e+02	1.4999e+01	-4.1649e+02	-4.0965e+02	1.8295e+03	-1.5637e+03	5.6851e+02	1.2264e+03	-2.2295e+03	-9.0497e+02	-6.4560e+02	7.3700e+02	-1.0587e+03	1.0690e+03	1.0345e+03	5.9062e+02	-1.0976e+03	-5.4179e+02	6.9947e+01	1.3525e+03	9.5347e+02	-1.1614e+03	-4.9734e+02	1.3430e+02	7.6653e+02	8.8849e+02	-1.2235e+03	-1.0311e+03	2.3461e+03	-3.1680e+03	-2.6589e+03	-1.9498e+03	1.3700e+03	8.9343e+01	-2.0657e+02	4.9504e+02	1.8886e+03	-1.1667e+03	-1.5599e+03	-2.5787e+02	-6.2085e+02	-5.7309e+02	7.4089e+02	2.2671e+02	1.7438e+02	4.8340e+02	-8.2485e+02	2.1180e+02	-3.2951e+03	2.8222e+03	3.5433e+02	-2.6291e+03	1.0847e+03	-5.3979e+01	-1.1082e+03	1.8045e+03	-8.5345e+02	-4.6433e+02	-1.7408e+03	1.4178e+02	1.0463e+03	1.3178e+03	-1.5482e+03	-4.3733e+02	2.1157e+03	-8.6170e+02	-1.5908e+03	5.1987e+01	1.2401e+02	1.1174e+03	1.1429e+03	7.1115e+02	4.6582e+02	2.6392e+03	1.7771e+03	3.0942e+01	3.2148e+02	2.1386e+03	-6.0786e+02	1.6814e+03	1.0345e+03	-4.5802e+03	2.6726e+03	2.5552e+03	-1.9780e+01	-1.1405e+02	1.0905e+03	-2.2850e+03	1.2001e+03	-8.7960e+02	-1.1723e+02	1.0681e+02	9.5477e+02	-1.7691e+02	-2.3115e+02	-8.2844e+02	-4.8861e+02	6.4829e+02	4.3928e+02	-2.3395e+03	5.7023e+02	1.4820e+03	-1.1280e+03	1.1111e+03	1.7548e+03	-1.7232e+03	-1.0267e+03	1.4567e+03	-1.0079e+03	2.9320e+03	-2.4672e+03	-7.5756e+02	-3.9940e+02	-8.5190e+02	2.5353e+03	9.0793e+02	2.4153e+03	4.3425e+02	-2.8388e+03	2.0867e+03	-6.5812e+01	-1.0006e+02	-1.3293e+02	1.3380e+03	-5.6250e+02	1.5210e+03	-3.4824e+03	-2.6213e+02	-2.6874e+01	-6.6432e+02	-4.7890e+02
1.4000e+05	9.5252e+02	-1.4745e+03	-1.2647e+03	2.2942e+02	1.2892e+03	-2.5625e+02	-3.0339e+02	6.4257e+02	1.5776e+03	2.4181e+02	9.4586e+02	7.0865e+02	5.9979e+02	-1.3529e+03	1.2007e+03	4.0975e+02	-3.3025e+02	-3.6723e+02	-1.3144e+03	1.4836e+02	-1.0213e+03	-6.0528e+02	1.6940e+02	2.2675e+03	2.4550e+03	-8.9999e+00	-5.7530e+02	-8.3618e+02	-1.0836e+02	1.0183e+02	-2.9988e+01	-2.2938e+02	-4.9854e+02	4.7235e+02	1.1831e+02	4.3631e+02	7.3044e+02	6.3446e+02	8.5605e+02	1.7041e+02	-9.0598e+02	2.1895e+02	-1.4537e+03	5.0021e+02	-2.6878e+02	2.1604e+01	1.0051e+03	9.0137e+02	-8.9925e+02	4.4082e+01	3.7026e+02	-1.2695e+03	6.8742e+02	7.3910e+02	1.1320e+03	1.9482e+03	5.5171e+02	1.4172e+03	-1.1300e+02	2.9601e+02	-5.7008e+01	5.5874e+02	-1.4115e+03	9.3265e+02	-2.9433e+02	-1.8984e+03	-3.1015e+02	-1.2407e+03	-2.3356e+03	2.0677e+02	-8.1376e+02	-9.6023e+02	-2.8283e+02	5.9156e+02	-2.4452e+02	6.5765e+00	5.3560e+02	-4.9391e+02	-9.9654e+00	-6.7422e+01	1.2856e+03	-1.3511e+02	1.5255e+03	-7.1008e+02	-5.9279e+02	4.4431e+02	1.2336e+03	-1.0322e+03	-4.3986e+02	1.8795e+02	-1.5519e+02	1.1354e+02	6.1783e+02	-4.9792e+02	-3.1567e+01	1.7731e+03	1.5771e+03	-5.0990e+02	-1.9426e+03	-1.1112e+03	6.6429e+02	-8.9616e+02	1.7878e+03	-7.0950e+02	-5.0189e+02	1.3471e+02	1.3606e+03	-1.4972e+03	-3.6416e+02	-3.1439e+02	4.3121e+02	-7.3629e+02	1.2154e+02	-3.7098e+02	-5.0851e+02	5.1551e+02	-5.5508e+02	-6.0685e+02	7.9408e+02	6.5945e+02	4.5030e+02	1.4794e+02	5.4689e+02	-1.1375e+03	9.3815e+01	-7.2663e+02	-9.7592e+02	-4.4369e+02	-1.1616e+02	5.9824e+02	1.4542e+03	-1.2036e+03	-4.6569e+02	9.7532e+01	-1.0367e+03	-8.9532e+02	9.4411e+02	1.0889e+03	-1.1428e+02	5.7702e+02	4.5286e+02	-7.9647e+02	3.7197e+02	-1.0981e+03	2.4262e+03	1.5396e+02	-3.5093e+02	-5.8724e+02	-1.1053e+03	-1.0822e+02	8.4272e+02	2.8035e+02	-6.2000e+02	-1.3668e+03	-8.9210e+02	1.1712e+02	5.0581e+02	-7.9632e+02	7.2930e+02	-1.0672e+03	-7.0265e+02	-2.0123e+02	7.2520e+02	1.3223e+03	-1.4657e+01	-2.2527e+03	5.9029e+02	8.2852e+02	4.3294e+02	-1.7535e+01	1.7175e+03	1.5067e+03	-5.8307e+02	-2.0427e+03	-3.4069e+02	-2.4826e+02	4.6910e+01	5.2335e+02	-8.9035e+02	7.5447e+02	-1.4268e+03	1.8458e+03	1.2914e+03	1.5643e+02	1.9728e+03	-6.2704e+02	-5.7966e+01	1.0307e+02	8.7331e+02	8.8731e+02	5.4088e+02	1.3433e+03	-1.5228e+03	7.7047e+02	-4.6935e+02	2.7191e+01	-1.4074e+03	-5.1952e+02	1.0043e+02	-1.6234e+03
1.4000e+05	-5.6109e+02	-4.4975e+02	-8.3509e+02	3.3425e+03	-3.2815e+03	1.0398e+03	1.3972e+03	2.8579e+03	1.9325e+03	-1.9074e+03	3.4549e+03	-1.1641e+03	-2.0422e+03	2.9744e+03	5.0119e+02	-3.0336e+03	-2.7212e+02	3.3795e+03	-3.2752e+03	-2.1671e+03	4.8688e+02	-3.5216e+03	-1.0085e+03	1.1679e+03	9.3151e+01	7.6064e+01	-1.5037e+03	-5.3100e+01	2.5798e+03	-3.0041e+03	-1.0490e+03	2.2932e+02	-8.6046e+02	-1.8480e+03	-1.0058e+03	2.6169e+03	6.6360e+02	-3.0558e+02	2.4486e+02	6.8731e+02	1.4333e+03	-1.7157e+03	-1.0326e+03	-1.0838e+02	-4.7081e+02	-1.8761e+03	-1.9138e+03	3.3305e+03	-1.8450e+03	1.5274e+03	7.7944e+02	2.3169e+03	1.6726e+03	5.5590e+02	2.8328e+03	7.0278e+02	7.4553e+02	-1.9608e+03	1.1289e+02	2.0215e+03	3.8783e+02	-2.9212e+03	-1.2337e+03	-8.7196e+02	-2.5434e+03	-3.0310e+03	1.2471e+03	3.0098e+03	-2.4446e+03	-1.6665e+03	-6.5883e+02	-8.5235e+02	-4.0565e+02	4.7612e+02	-1.9575e+03	5.6119e+02	1.0395e+03	-2.2500e+03	-3.6683e+02	-2.0193e+03	4.4691e+01	-1.7425e+03	1.3088e+03	1.0576e+03	2.6472e+02	-4.7319e+02	-3.6955e+02	7.3510e+01	2.0197e+03	6.6684e+02	-3.5628e+02	-5.1841e+02	5.5974e+02	1.3431e+02	1.1060e+03	-7.3737e+02	-2.0721e+03	2.2686e+03	-2.3042e+03	-3.8850e+03	-1.9903e+03	5.2371e+02	-6.1369e+02	-5.9004e+02	9.2145e+02	2.5468e+03	-9.6927e+02	-2.2848e+03	-1.4890e+02	-6.4705e+01	-6.0571e+02	1.3930e+03	-4.8414e+02	-6.1405e+02	6.3409e+02	-4.8861e+02	2.1376e+01	-2.7155e+03	1.7850e+03	5.4295e+02	-3.0767e+03	1.4759e+03	-1.5751e+02	-6.7040e+02	1.4831e+03	4.6606e+02	-3.0984e+02	-1.5447e+03	2.5376e+02	1.3254e+03	1.8248e+03	-1.9514e+03	-1.2333e+03	2.7377e+03	3.3715e+01	-9.5843e+02	-9.2911e+02	1.5295e+03	1.6283e+03	6.5798e+02	9.1278e+01	6.9245e+02	3.8656e+03	1.6313e+03	2.1219e+02	-3.3262e+02	2.0602e+03	-6.9333e+02	1.9118e+03	1.0106e+03	-4.6839e+03	3.0963e+03	1.7758e+03	-4.9877e+02	2.6335e+02	1.2470e+03	-2.4555e+03	7.7502e+02	-1.3684e+03	3.5152e+02	9.8036e+02	1.8163e+03	1.1948e+03	-9.9998e+02	-1.7626e+03	-9.3539e+02	1.3332e+03	1.4321e+03	-2.9743e+03	5.1722e+02	1.5728e+03	-4.9948e+02	1.0323e+03	1.5410e+03	-3.2338e+03	-2.0414e+03	1.3950e+03	-1.2303e+03	3.4532e+03	-2.0636e+03	-2.0217e+01	-2.0098e+03	-1.8264e+03	3.1774e+03	1.0548e+03	2.0128e+03	-1.0969e+02	-3.9534e+03	1.0775e+03	4.8209e+02	-3.4514e+02	1.5610e+03	1.1418e+03	-1.0069e+02	1.4670e+03	-3.9863e+03	-3.5236e+02	-7.2912e+02	-1.8921e+03	-4.5174e+02
1.6000e+05	1.1427e+03	-1.7340e+03	-1.1406e+03	4.9792e+02	1.5242e+03	-2.0413e+02	7.5024e+01	7.3900e+02	1.8998e+03	3.6293e+02	1.1714e+03	1.7824e+02	5.8927e+02	-1.5504e+03	8.3571e+02	1.8178e+02	-4.7630e+02	-2.9832e+02	-8.8424e+02	1.9762e+02	-1.0870e+03	-6.8877e+02	-1.9719e+02	1.9099e+03	2.5679e+03	-6.1317e+01	-5.1190e+02	-9.1160e+02	7.4915e+02	1.2047e+02	-5.2227e+02	-3.9949e+02	-2.3856e+02	1.6441e+02	-1.5706e+02	7.6128e+02	8.9624e+02	9.5270e+02	9.6671e+02	-2.4936e+02	-6.1319e+02	5.0912e+01	-1.1413e+03	5.6116e+01	-4.3555e+01	-3.6553e+02	9.7159e+02	5.3979e+02	-7.4777e+02	-3.2907e+01	9.7804e+02	-1.2796e+03	6.3404e+02	1.2149e+03	1.1341e+03	2.0973e+03	2.6363e+02	1.1562e+03	-9.6929e+02	1.5017e+02	3.5786e+02	8.5588e+02	-1.3625e+03	1.2175e+03	-2.3576e+02	-1.9956e+03	-5.1090e+02	-1.3710e+03	-2.4952e+03	8.3215e+01	-6.8217e+02	-1.3596e+03	-3.0659e+02	1.1006e+03	4.2834e+02	1.4837e+02	2.0155e+02	-7.7110e+02	-2.7607e+02	-3.7111e+02	1.2391e+03	-8.8566e+01	1.6362e+03	-5.7162e+02	-9.5698e+02	2.9507e+02	2.0001e+03	-1.4907e+03	-5.3672e+02	1.4324e+02	-5.3585e+02	-1.0964e+02	9.3823e+02	-4.2010e+02	2.6316e+02	1.7367e+03	1.6115e+03	-8.8300e+02	-2.5691e+03	-1.8231e+03	9.7726e+02	-9.5624e+02	1.4672e+03	-1.4120e+03	-3.1062e+02	1.6697e+02	1.2517e+03	-1.2403e+03	-4.5513e+00	1.6554e+02	2.2729e+02	-9.1237e+02	5.8027e+01	-3.2216e+02	-1.8347e+02	2.9525e+02	-5.5588e+02	-1.8851e+02	8.5606e+02	2.7278e+02	8.6776e+02	4.8337e+02	6.0175e+02	-8.0711e+02	4.9373e+02	-8.3898e+02	-8.4901e+02	-7.2037e+02	1.3398e+02	2.9180e+02	1.5062e+03	-1.6806e+03	1.9968e+01	-1.1241e+02	-7.7436e+02	-4.1750e+02	8.6863e+02	1.3364e+03	-7.0805e+02	3.6509e+01	7.0193e+02	-1.2911e+03	2.9947e+02	-1.0025e+03	2.1784e+03	7.1084e+02	-9.6676e+02	-3.6264e+02	-8.5390e+02	-3.9391e+02	1.5016e+03	2.5174e+02	-7.3452e+02	-1.2788e+03	-1.0768e+03	-6.7528e+01	1.0930e+03	-1.0145e+03	5.7863e+02	-1.2488e+03	-6.4406e+02	4.4377e+01	3.6227e+02	1.7184e+03	1.1519e+02	-2.8561e+03	1.2316e+02	1.0055e+03	4.4267e+01	-4.9226e+02	1.8087e+03	1.9063e+03	-4.0718e+02	-1.9222e+03	-1.4827e+02	7.3174e+01	1.4884e+02	1.0075e+03	-8.6693e+02	5.8472e+02	-1.0932e+03	1.5042e+03	4.0698e+02	3.9653e+02	1.3746e+03	-4.4135e+02	3.5977e+02	3.1370e+02	8.4315e+02	4.2000e+02	6.9234e+02	1.3740e+03	-1.2424e+03	4.5031e+02	-6.8133e+02	1.4985e+02	-1.0891e+03	-2.9212e+02	6.9326e+01	-1.8373e+03
1.6000e+05	-9.1311e+02	1.4027e+02	-1.5037e+02	3.1676e+03	-2.9275e+03	2.3149e+02	1.6047e+03	3.2271e+03	1.6808e+03	-1.5838e+03	3.4832e+03	-1.6625e+03	-2.0091e+03	3.5665e+03	1.0288e+02	-3.3959e+03	-1.9585e+02	4.2575e+03	-2.8889e+03	-1.9410e+03	2.0275e+02	-2.7036e+03	-9.3903e+02	1.2874e+03	8.2382e+02	-7.5622e+02	-1.5646e+03	-7.8216e+02	2.5977e+03	-2.8447e+03	-1.0827e+03	2.2241e+02	-6.1741e+01	-1.5471e+03	-3.3000e+01	2.3694e+03	4.6741e+02	-6.5697e+02	3.1553e+02	7.0444e+02	9.1586e+02	-2.3479e+03	-1.4507e+03	-2.6671e+02	-4.8960e+02	-1.1572e+03	-2.0458e+03	3.6873e+03	-1.4480e+03	1.1252e+03	1.0142e+02	2.3812e+03	6.9448e+02	1.3420e+03	2.9765e+03	-2.1520e+02	1.3275e+03	-1.6493e+03	-5.0795e+02	1.5081e+03	-4.6850e+02	-3.6859e+03	-9.7860e+02	-2.4098e+03	-2.8148e+03	-3.5204e+03	1.3765e+03	1.9903e+03	-2.9785e+03	-3.1723e+03	-1.0933e+03	-1.2416e+03	-7.2680e+02	3.9385e+02	-1.8136e+03	3.8728e+02	1.0410e+03	-1.9536e+03	-9.9831e+02	-1.3137e+03	2.6585e+02	-1.7782e+03	1.9306e+03	3.5130e+02	3.1204e+02	5.7730e+02	-2.8159e+02	-6.8591e+02	1.0340e+03	-7.0607e+01	-1.1818e+03	-1.1602e+03	7.2461e+02	-1.1593e+03	3.4336e+02	-1.5096e+03	-2.0579e+03	2.7117e+03	-2.3396e+03	-2.8365e+03	-1.6986e+03	7.1481e+02	-9.4510e+02	-2.3948e+02	1.0399e+03	2.3280e+03	-8.1208e+02	-2.8334e+03	-9.9187e+01	-2.5420e+02	-3.7413e+02	9.3269e+02	-1.5303e+03	-1.7749e+03	7.2151e+02	-7.9198e+02	2.1423e+01	-2.6409e+03	1.5027e+03	3.9085e+02	-3.7129e+03	8.1705e+02	-1.7347e+02	-6.8343e+01	1.6141e+03	7.9708e+02	-6.7247e+02	-7.5394e+02	8.2553e+02	8.0063e+02	1.9212e+03	-2.4331e+03	-1.5074e+03	1.5150e+03	3.1326e+02	-1.1894e+03	-9.1417e+01	1.2067e+03	1.4656e+03	7.9523e+02	4.8015e+02	7.9430e+02	4.6582e+03	1.7992e+03	4.4042e+02	5.1200e+02	2.0092e+03	-1.3441e+03	1.3191e+03	1.4018e+03	-5.0320e+03	3.2212e+03	2.1063e+03	-4.6741e+02	7.2755e+02	6.4640e+02	-2.0374e+03	1.4410e+03	-2.1711e+03	1.0302e+03	-1.4770e+02	2.8609e+03	2.7787e+03	-1.5090e+03	-2.1744e+03	-1.3452e+03	1.0329e+03	2.3565e+02	-3.5269e+03	8.6464e+02	1.4507e+03	-2.0988e+03	2.5137e+02	1.5465e+03	-3.3730e+03	-2.3653e+03	1.6662e+03	-1.4986e+03	3.2448e+03	-1.5999e+03	-1.2130e+02	-2.9819e+03	-2.2286e+03	3.2497e+03	1.1725e+03	1.9632e+03	-2.9795e+02	-4.6300e+03	1.6806e+03	3.8986e+02	-1.2596e+03	2.1997e+03	7.7832e+02	2.4633e+02	1.1287e+03	-5.2906e+03	-8.8183e+02	-2.1656e+02	-2.5043e+03	8.6021e+02
1.8000e+05	1.4009e+03	-1.5464e+03	-7.4938e+02	7.4247e+02	1.0672e+03	1.2816e+02	-9.0260e+01	1.2827e+03	1.4878e+03	3.1346e+02	1.0393e+03	5.0783e+02	1.0467e+03	-9.4316e+02	4.6768e+02	3.0727e+02	-7.6911e+02	-9.2473e+01	-7.0248e+02	5.7999e+02	-1.3620e+03	-1.0784e+03	1.5897e+01	1.7976e+03	3.2047e+03	-2.0999e+02	-9.2698e+01	-6.8178e+02	1.7631e+02	1.2553e+02	-2.7084e+02	-6.6083e+00	-1.4352e+02	3.8278e+02	2.7642e+02	3.9507e+02	1.0511e+03	5.0157e+02	1.3747e+03	4.3382e+02	-5.8610e+02	2.6742e+02	-7.0926e+02	-6.6825e+02	5.0326e+02	-2.3200e+02	1.7097e+03	5.9386e+02	-7.9726e+02	2.0312e+02	1.0478e+03	-1.0088e+03	7.4888e+02	1.1045e+03	6.0550e+02	2.0260e+03	7.7650e+02	1.3893e+03	-1.7078e+03	9.9394e+01	4.4741e+02	1.0596e+03	-1.3462e+03	1.0632e+03	1.8085e+02	-1.7453e+03	-3.2013e+02	-1.2019e+03	-2.0804e+03	-1.1787e+02	-4.5714e+02	-1.6703e+03	5.0087e+01	1.0405e+03	1.8327e+02	4.9761e+02	6.3833e+02	-2.8948e+02	-8.8419e+02	-3.6786e+02	1.3405e+03	-2.2394e+02	1.3049e+03	-7.2428e+02	-7.1914e+02	-4.5085e+01	2.0453e+03	-1.2381e+03	-2.5409e+02	8.8813e+01	-2.6810e+02	1.1800e+03	1.0547e+03	-3.8272e+02	5.2212e+02	2.2495e+03	1.9620e+03	-1.0824e+02	-2.3578e+03	-2.0080e+03	7.4023e+02	-4.8956e+02	1.2751e+03	-1.7355e+03	-3.2330e+02	6.4779e+01	1.3817e+03	-9.5946e+02	3.5737e+02	-5.3586e+02	5.6427e+02	-7.2569e+02	-3.3131e+02	-5.2569e+01	-2.5286e+02	7.8771e+02	-2.7063e+02	-8.9026e+01	1.0917e+03	3.8796e+02	1.3866e+03	5.5611e+02	5.5967e+02	-3.9998e+02	6.4754e+02	-1.0918e+03	-8.0929e+02	-6.8756e+02	7.1122e+02	1.9430e+02	1.4726e+03	-1.9980e+03	-3.5747e+02	-2.4917e+02	-4.8982e+02	-1.8642e+02	1.1987e+03	7.9475e+02	-1.1411e+03	-5.4665e+01	6.9579e+02	-1.3694e+03	1.3642e+02	-1.2086e+03	2.0333e+03	1.0226e+03	-1.0022e+03	-1.0280e+03	-4.3964e+02	3.2292e+02	2.3695e+03	-2.5138e+01	-7.2466e+02	-2.1272e+03	-1.3156e+03	3.9185e+02	1.0146e+03	-1.4876e+03	6.9428e+02	-1.4385e+03	-6.9029e+02	5.1789e+02	2.1920e+02	2.2957e+03	-1.9532e+02	-2.9552e+03	-1.2430e+02	1.2168e+03	3.7648e+02	-5.3187e+02	1.6417e+03	1.8362e+03	-5.9431e+02	-1.9745e+03	-5.5810e+02	9.8256e+01	5.8508e+02	1.4081e+03	-1.0486e+03	4.1159e+02	-1.3148e+03	1.4058e+03	6.6808e+02	6.7144e+02	1.6764e+03	-3.7944e+02	1.7271e+02	2.2186e+02	1.1619e+03	6.3255e+02	8.0711e+02	1.6474e+03	-1.1923e+03	4.7149e+02	-2.5838e+02	7.3676e+02	-4.6385e+02	-7.3205e+02	6.1056e+00	-2.2869e+03
1.8000e+05	-1.5775e+03	-1.7666e+02	-8.4579e+02	2.1472e+03	-3.0889e+03	4.9497e+02	3.2569e+02	2.8046e+03	1.1771e+03	-2.0412e+03	3.3849e+03	-2.6052e+03	-1.5046e+03	3.0118e+03	4.3431e+02	-3.1881e+03	-8.9795e+02	4.2826e+03	-2.6179e+03	-3.0079e+03	2.8514e+02	-3.1368e+03	-1.9513e+03	1.5682e+03	8.1034e+02	-7.5384e+02	1.2904e+02	-1.1367e+03	2.1133e+03	-2.4480e+03	-1.1973e+03	-1.1064e+02	1.0688e+02	-2.5634e+03	-8.1683e+02	2.5777e+03	1.6826e+03	-1.0923e+03	-1.0229e+03	8.9017e+02	2.2516e+03	-2.2613e+03	-1.9342e+03	-9.4317e+02	-1.0184e+02	-1.2872e+03	-3.0407e+03	3.7174e+03	-1.5690e+03	9.1610e+02	1.1806e+02	1.5553e+03	5.8979e+02	1.7578e+03	2.0674e+03	-1.6601e+02	1.1413e+03	-9.4946e+02	1.2803e+02	2.0909e+03	-1.4468e+03	-3.3914e+03	-1.0265e+03	-3.5904e+03	-3.2570e+03	-4.2659e+03	2.6014e+02	1.4581e+03	-2.9721e+03	-2.3508e+03	-1.4983e+03	-1.1901e+03	3.0699e+02	2.0978e+02	-1.9794e+03	4.6784e+02	1.3541e+03	-2.6730e+03	-1.1169e+03	-2.8731e+03	4.9942e+02	-2.6390e+03	9.1367e+02	3.1471e+02	4.8399e+02	1.1635e+03	3.2707e+02	-1.0782e+03	2.6191e+02	-8.1302e+02	5.4824e+01	-1.7356e+03	4.0790e+02	-1.3853e+03	2.6129e+02	-2.2969e+03	-3.0329e+03	2.5192e+03	-2.3566e+03	-1.7280e+03	-2.0216e+03	7.0500e+02	-7.5023e+02	-5.6034e+02	1.4915e+03	2.8968e+03	-7.3725e+02	-2.4783e+03	-4.4745e+01	-1.0823e+03	-1.2634e+02	8.0623e+02	-1.4546e+03	-2.8238e+03	-8.8345e+01	-5.1854e+02	-3.8424e+02	-3.1968e+03	1.3122e+03	1.0664e+02	-4.4575e+03	-4.8774e+02	7.4216e+02	-7.0060e+01	2.1149e+03	8.2383e+00	-6.9264e+02	-3.0206e+02	8.7582e+02	1.4882e+03	1.7515e+03	-3.0831e+03	-2.1844e+03	1.2489e+03	3.9040e+02	1.3080e+02	3.5014e+02	1.5608e+03	1.2960e+03	1.7322e+03	3.7138e+02	1.0512e+03	5.5216e+03	1.9960e+03	6.6064e+01	9.8036e+02	1.1226e+03	-1.6708e+03	1.7009e+03	2.0482e+03	-5.3843e+03	2.9224e+03	2.4549e+03	-4.2308e+02	1.8506e+02	1.0838e+03	-2.2089e+03	9.9474e+02	-2.3191e+03	3.1985e+02	2.1938e+02	2.1190e+03	2.4707e+03	-1.5648e+03	-1.8030e+03	-1.0052e+03	6.9762e+02	-8.5520e+01	-2.5117e+03	4.0848e+02	1.4786e+03	-2.0490e+03	9.4711e+02	1.0588e+03	-2.6498e+03	-3.2181e+03	1.0668e+03	-5.9478e+02	3.1970e+03	-9.0875e+02	1.0158e+02	-2.4912e+03	-2.9169e+03	3.7000e+03	1.6267e+03	2.5153e+03	9.9491e+01	-3.8060e+03	1.3966e+03	4.4833e+02	-1.1310e+03	2.3108e+03	5.1044e+02	5.4908e+02	1.0669e+03	-5.5929e+03	-5.0785e+02	-7.2531e+01	-3.3875e+03	1.1686e+03
2.0000e+05	1.3183e+03	-7.7860e+02	-2.0459e+02	6.0922e+02	1.5452e+03	-5.9886e+02	4.2615e+02	1.4336e+03	2.0492e+03	-1.0091e+02	1.0623e+03	9.9799e+02	1.5720e+03	-1.4628e+03	4.3931e+01	4.6874e+02	-6.9103e+02	-1.3700e+02	1.9339e+00	8.6857e+02	-1.6110e+03	-1.3086e+03	5.8854e+01	2.5271e+03	3.2827e+03	-4.9519e+02	1.1418e+02	-5.6976e+02	5.3050e+02	1.0549e+02	-3.4678e+02	3.1248e+02	-4.2246e+02	4.8228e+02	5.7582e+02	6.6538e+02	1.0375e+03	5.6642e+02	1.4789e+03	2.0363e+02	-1.4519e+01	6.3393e+01	-5.9991e+02	-1.1160e+03	5.7232e+02	-3.5481e+02	2.1429e+03	8.3082e+02	-5.1127e+02	2.3429e+02	9.4427e+02	-8.5257e+02	8.2866e+02	1.3186e+03	8.7601e+02	2.1001e+03	7.5752e+02	1.6689e+03	-1.4092e+03	6.6525e+02	-3.3256e+02	6.8386e+02	-1.2758e+03	4.8035e+02	3.1418e+01	-1.6806e+03	1.5523e+02	-1.1904e+03	-2.3703e+03	-2.5634e+02	-2.0510e+02	-2.0884e+03	3.9828e+02	1.2540e+03	4.5167e+02	6.5552e+02	7.9225e+02	-2.4409e+02	-8.0350e+02	2.6737e+02	1.9279e+03	2.9567e+01	1.2096e+03	-3.8064e+02	-3.4532e+02	-7.5065e+02	2.0325e+03	-1.7109e+03	-2.0721e+02	-1.0027e+02	-3.9174e+02	1.1143e+03	1.1652e+03	-1.4933e+01	1.7456e+02	1.8927e+03	1.9956e+03	1.1116e+02	-1.8736e+03	-1.8447e+03	1.0095e+03	-2.0879e+02	9.0277e+02	-1.2828e+03	-3.3104e+02	-1.4642e+01	1.0837e+03	-9.4712e+02	3.1900e+02	-8.7353e+02	4.3478e+02	-9.9048e+02	-5.6166e+02	-2.3010e+02	-6.1292e+01	1.0049e+03	-2.2284e+02	-3.1557e+01	1.2685e+03	-7.9124e+01	1.3325e+03	8.1271e+02	8.8810e+02	-6.3968e+02	5.2340e+02	-6.1780e+02	-1.1098e+03	-6.1762e+02	8.2403e+02	-1.5895e+02	2.1858e+03	-1.4223e+03	-3.2010e+02	-6.9634e+02	-8.3635e+01	-3.3051e+02	1.0397e+03	9.1488e+02	-1.5458e+03	-8.8444e+01	6.1889e+02	-1.2108e+03	2.3569e+02	-1.1542e+03	2.3615e+03	1.5663e+03	-9.3341e+02	-9.6302e+02	-5.7056e+02	2.1438e+02	3.1371e+03	-4.5906e+02	1.9195e+02	-2.1726e+03	-1.4985e+03	3.8107e+02	7.6957e+02	-1.4997e+03	2.5997e+02	-1.4048e+03	-3.5614e+02	1.1418e+03	-3.7635e-01	2.4573e+03	-7.6288e+02	-2.8698e+03	1.4569e+02	9.6420e+02	4.4715e+02	-5.5968e+01	2.0429e+03	2.2367e+03	-4.1058e+02	-1.7303e+03	-3.9642e+02	4.3213e+02	2.0353e+02	2.1332e+03	-4.6072e+02	8.1238e+02	-1.5656e+03	1.3602e+03	4.6501e+02	4.5839e+02	1.4760e+03	-1.8004e+02	2.1059e+02	1.1081e+02	1.5872e+03	8.4283e+02	1.4188e+03	1.9635e+03	-7.4004e+02	1.6615e+02	1.2492e+02	4.7011e+02	-1.0402e+03	-7.7777e+02	7.4063e+00	-2.2586e+03
2.0000e+05	-1.3387e+03	-8.8788e+02	7.1680e+01	1.8079e+03	-2.6956e+03	2.9812e+02	3.2260e+02	3.0221e+03	8.0170e+02	-1.6087e+03	3.6378e+03	-2.0912e+03	-8.6041e+02	2.6138e+03	1.3220e+03	-4.3540e+03	-2.2712e+03	4.6738e+03	-2.1557e+03	-3.5291e+03	3.1004e+02	-3.5972e+03	-2.5797e+03	1.2933e+03	1.2253e+03	-1.1600e+03	-7.9982e+01	-1.1640e+03	2.9196e+03	-3.1992e+03	-4.5776e+02	2.3534e+02	4.7608e+01	-2.7342e+03	-1.5888e+03	2.3991e+03	1.2548e+03	-1.0031e+03	-6.9529e+02	1.7667e+03	3.3086e+03	-3.1079e+03	-1.3186e+03	-3.2362e+02	-4.0194e+01	-5.9444e+02	-2.7186e+03	3.7607e+03	-2.0268e+03	1.2295e+03	-3.5604e+02	1.6290e+03	3.7350e+02	2.3500e+03	1.4921e+03	6.6042e+02	1.2969e+03	-3.0303e+02	-7.6345e+01	2.4717e+03	-1.3264e+03	-2.9145e+03	-1.0353e+03	-3.2335e+03	-4.0061e+03	-4.0112e+03	-3.6354e+02	1.2571e+03	-3.4212e+03	-1.7905e+03	-6.5937e+02	-2.3611e+03	9.9743e+01	-1.1763e+02	-1.2485e+03	7.3690e+02	-3.5796e+01	-3.4785e+03	-9.3181e+02	-3.8444e+03	1.1338e+03	-2.4807e+03	5.8038e+02	2.5700e+02	8.5375e+02	8.4283e+02	-4.7887e+02	-5.9799e+02	-1.3027e+02	-1.6667e+02	4.7529e+00	-1.0581e+03	1.1421e+03	-5.5995e+02	-3.2167e+02	-3.8654e+03	-2.3684e+03	2.6128e+03	-2.4373e+03	-1.7724e+03	-9.9573e+02	5.8808e+02	-7.3527e+02	-8.8910e+02	8.4408e+02	3.7547e+03	3.0588e-01	-1.9254e+03	1.0336e+03	-1.5333e+03	-1.2718e+03	-5.7517e+01	-1.8235e+03	-3.7752e+03	4.8600e+02	-9.5320e+02	-6.6332e+01	-3.8755e+03	8.3600e+02	-3.9463e+01	-3.1283e+03	-7.0669e+01	1.8871e+02	-4.1060e+01	2.6069e+03	7.9382e+02	-2.4202e+02	-1.3491e+03	6.8568e+02	1.3260e+03	3.6532e+03	-3.2246e+03	-2.9816e+03	1.4736e+03	3.3924e+02	5.3266e+02	4.7276e+02	1.7117e+03	2.4866e+03	1.3336e+03	-2.0921e+02	2.0400e+03	5.8473e+03	2.6021e+03	-5.7847e+02	1.4959e+03	9.7123e+02	-1.0535e+03	1.0264e+03	2.2302e+03	-5.3759e+03	3.0675e+03	1.5536e+03	-4.5729e+02	5.4693e+01	1.4218e+03	-2.2675e+03	1.7786e+03	-2.5445e+03	-2.2888e+02	4.5036e+02	1.3522e+03	3.5532e+03	-1.2856e+03	-1.9911e+03	-1.4112e+03	4.8268e+02	8.6761e+02	-2.4341e+03	8.7185e+02	1.4313e+03	-2.3674e+03	1.1032e+03	1.5453e+03	-3.7040e+03	-3.9382e+03	2.2382e+03	-1.4322e+03	3.9081e+03	1.4462e+02	-1.8705e+02	-1.8085e+03	-2.0107e+03	3.3180e+03	1.5186e+03	2.5402e+03	6.0520e+02	-3.5221e+03	7.9834e+02	9.0494e+02	-1.2475e+03	2.0502e+03	5.7285e+02	-4.8390e+02	1.1542e+03	-5.2375e+03	-2.8117e+02	-4.0752e+01	-3.0834e+03	9.8382e+02
