2.0000e+04	-8.2642e+01	4.9499e+02	-1.9789e+02	-5.6172e+01	-1.9704e+02	-5.2646e+02	2.7464e+02	3.3533e+02	-6.1851e+02	-5.1370e+02	3.0657e+02	-1.9746e+02	1.2594e+02	-3.1324e+01	-2.8163e+02	1.5639e+02	-1.7176e+02	-3.4543e+01	-1.0298e+03	-4.4955e+02	-7.4597e+01	2.6810e+02	1.5143e+02	-9.9786e+02	-4.2942e+02	2.4697e+02	3.9405e+02	-5.8221e+01	1.1867e+02	-4.1214e+02	1.2222e+02	-4.0765e+02	3.7195e+02	-5.9042e+02	-8.0759e+01	2.6892e+02	2.2788e+02	-1.3330e+02	7.2641e+01	3.1190e+02	-2.0776e+02	5.1211e+02	2.3389e+02	-3.6819e+02	1.2208e+02	-4.4462e+02	-3.0701e+02	5.3239e+02	-1.0448e+02	-1.0699e+02	-3.9751e+02	-1.4088e+02	3.7150e+01	6.3987e+02	-2.3336e+02	2.7175e+02	-3.5701e+02	2.3165e+02	1.7644e+02	-6.4031e+01	2.8564e+02	8.3565e+02	3.0230e+01	4.8283e+02	-4.6092e+02	-1.8230e+00	4.3530e+02	-3.4397e+02	3.1649e+01	7.6735e+01	-4.2982e+02	-1.5900e+02	-6.7385e+02	-2.0998e+02	1.4669e+02	-1.8472e+02	4.2215e+02	-4.6658e+02	1.4293e+02	1.0368e+02	-4.2796e+02	6.5355e+02	5.9541e+02	-2.9683e+02	3.1838e+02	2.5525e+02	2.7789e+02	2.6449e+02	2.0537e+02	-8.2113e+01	-7.4284e+02	-3.9028e+00	2.1608e+02	-1.2839e+02	-2.9889e+02	-3.2852e+01	-1.8212e+02	-7.3871e+01	-6.1169e+02	3.2338e+02	-2.5200e+02	7.4939e+01	-1.0509e+02	3.3856e+02	-4.0942e+01	2.2061e+02	3.6162e+02	-1.8576e+02	1.8041e+02	2.5394e+02	-6.5007e+02	7.6420e+02	-1.8983e+02	3.4052e+01	6.1228e+02	-5.7575e+02	5.4748e+02	3.5857e+01	1.7707e+02	-6.6702e+01	-2.6250e+01	3.3326e+02	7.1331e+02	-6.3832e+01	1.1322e+02	8.3898e+00	1.7631e+02	-3.2812e+02	-2.2284e+02	-1.1645e+02	-1.1282e+02	5.7645e+02	3.5300e+02	4.7160e+02	-1.3252e+02	4.9831e+02	2.1856e+02	1.0378e+02	-4.4911e+02	-5.8628e+02	-8.6827e+00	2.0671e+02	-5.0342e+02	6.5260e+02	-1.1281e+02	-1.2170e+02	-2.3581e+02	-3.7556e+02	8.6742e+01	2.4565e+02	5.0387e+02	3.5257e+02	3.5176e+02	2.9144e+01	-2.9153e+02	3.6202e+02	5.0048e+02	4.2797e+01	-3.5116e+02	2.1230e+02	-3.0956e+02	2.4452e+02	-8.7172e+01	4.7637e+00	-7.1853e+02	3.9245e+02	1.8596e+02	3.8142e+02	-4.0550e+02	2.1116e+02	4.9595e+02	-6.8019e+02	-1.4508e+02	2.5654e+02	-4.8426e+02	8.3895e+01	-1.9893e+02	2.4242e+02	5.6277e+02	-1.3607e+01	-6.5215e+01	3.0377e+01	-5.0411e+02	5.0540e+01	-4.1799e+02	-2.2864e+02	-2.5293e+02	1.1968e+02	1.2102e+02	-5.9045e+01	-2.4482e+02	1.3079e+02	-1.7332e+02	-1.1554e+02	5.9988e+02	-3.2185e+01	4.2921e+02	6.4719e+02	4.0317e+02	5.5538e+02
2.0000e+04	2.0172e+00	1.3518e+02	-5.2678e+02	2.1343e+02	5.1197e+02	-5.9947e+00	7.4462e+02	-6.7232e+01	-5.4576e+02	6.9459e+02	8.0543e+02	-3.4677e+02	2.5985e+02	6.5045e+02	3.0296e+02	-4.1348e+02	3.1812e+02	7.8664e+02	1.5481e+03	2.1867e+02	-6.0570e+02	-2.8344e+02	-6.2031e+02	-1.6819e+02	3.4379e+02	2.6946e+02	-1.6947e+03	-4.5992e+01	-1.6895e+02	3.0727e+02	1.0164e+03	4.8404e+02	-8.8153e+02	3.7970e+02	3.8588e+01	-6.5322e+02	-3.1064e+02	2.9530e+02	-6.7894e+01	-3.8892e+02	-2.4566e+02	-6.4064e+01	8.7910e+02	1.0056e+02	-1.0641e+03	-8.6675e-01	-1.6943e+02	-5.7262e+01	5.4216e+01	6.3711e+02	-8.2628e+02	-8.2516e+02	4.4716e+02	-4.4018e+02	2.6201e+02	6.5442e+01	-7.5937e+02	-2.9931e+02	-5.4928e+02	7.5006e+00	5.2326e+02	9.4809e+02	2.3022e+02	-2.9632e+02	-3.4839e+02	8.0815e+02	4.0258e+01	-6.6843e+02	6.3847e+02	-4.3927e+02	1.7314e+02	-5.5656e+02	-2.9545e+01	5.7296e+02	1.2160e+03	1.2196e+02	-1.0212e+03	-5.4820e+02	-5.8873e+01	2.8359e+02	-2.1419e+02	-4.2530e+02	-2.4348e+02	-9.3617e+01	-7.6945e+01	-4.5415e+02	-3.2440e+01	-2.9901e+02	5.0167e+01	-4.8927e+02	3.4269e+02	4.8741e+02	-6.2093e+02	4.1746e+02	3.1217e+02	3.3817e+00	2.5728e+02	3.5050e+02	3.9967e+02	-7.8349e+02	2.2513e+02	1.2140e+03	8.9037e+02	-7.9135e+02	-5.2191e+02	-4.5437e+02	9.6270e+02	1.8706e+02	4.3856e+01	9.0117e+02	5.3943e+01	-2.9585e+02	2.4202e+02	-2.4221e+02	2.3490e+02	3.2258e+02	1.0223e+03	-4.8373e+02	-3.0295e+02	2.1022e+02	-2.6824e+02	-9.7837e+02	-4.0053e+02	5.4088e+02	3.3377e+02	-1.0995e+02	1.4378e+03	-1.1684e+03	1.2763e+03	1.0859e+03	-2.3006e+02	-3.7918e+02	9.6555e+01	-1.3063e+03	-9.2060e+01	-8.4957e+01	-7.1962e+02	5.3122e+02	1.6656e+03	-4.4869e+02	1.1189e+02	5.6433e+02	-6.6435e+02	-1.2329e+03	-4.6403e+02	5.5530e+02	-8.3301e+02	5.2636e+01	5.1215e+02	-5.0231e+01	-2.8126e+02	1.7845e+03	-6.1252e+02	1.8647e+02	-5.8710e+02	-6.8170e+02	5.1279e+02	7.4419e+02	-3.3240e+02	-4.1222e+02	-2.8486e+01	6.5726e+02	7.7125e+02	2.5506e+01	6.6494e+02	-5.9265e+01	-5.9788e+01	1.0600e+02	-1.8872e+02	-1.4753e+02	2.4194e+02	2.8077e+02	4.6104e+02	9.7664e+02	1.4544e+03	2.9769e+00	5.4686e+02	2.5185e+02	-6.1113e+02	-1.1319e+03	-2.2460e+02	1.6525e+02	2.6081e+02	-5.1384e+02	1.4089e+01	1.0752e+03	5.7870e+01	4.3694e+02	-2.1394e+01	2.4656e+02	-2.0352e+02	-2.8172e+02	-7.5639e+02	-7.0772e+02	-2.6629e+02	1.8177e+01	-1.5476e+02	4.7661e+02	-1.0541e+03	-5.4869e+02
4.0000e+04	-8.3535e+02	3.9390e+01	-2.4893e+01	8.1295e+01	-7.5108e+02	-6.2475e+02	5.3437e+02	6.3334e+02	5.3403e+01	-8.1110e+02	1.9811e+02	-4.8288e+02	3.6888e+02	3.1037e+02	-9.7743e+02	2.6202e+02	4.6588e+01	6.0721e+02	-7.9588e+02	1.0376e+02	-2.9532e+02	-6.0195e+01	5.4160e+00	-1.3078e+03	-1.0123e+03	6.7316e+02	6.3002e+02	-1.3763e+02	1.8441e+02	-7.0346e+01	8.7091e+01	-9.6445e+02	3.9946e+02	-8.1231e+02	-5.9807e+02	8.8378e+02	-6.8751e+00	-1.2282e+02	-1.4900e+02	8.9076e+02	-7.3607e+02	2.6511e+02	4.6572e+02	-5.2855e+02	-3.1748e+02	-6.7865e+02	-6.4593e+02	4.8338e+02	-4.3790e+02	3.2739e+01	-6.7723e+02	-2.6260e+02	3.3931e+02	8.4956e+02	-8.4908e+02	3.4570e+02	-4.7729e+02	2.3593e+01	2.6354e+02	-2.6164e+02	5.5371e+02	3.2519e+02	-2.1477e+01	5.7280e+02	-3.7251e+02	-1.7696e+02	5.8474e+02	-2.4411e+02	2.2684e+01	5.4070e+02	-6.2343e+02	-1.0929e+02	-3.5416e+02	2.1351e+02	2.1934e+02	-3.6550e+02	6.0146e+02	-7.2517e+02	3.5929e+02	5.4140e+01	-1.1029e+03	-8.7081e+01	-1.0276e+02	-7.5619e+02	-1.2934e+02	-2.6787e+02	-1.9565e+02	3.1983e+02	4.8236e+02	2.8002e+02	-1.3918e+03	5.8418e+02	5.1575e+02	1.3380e+01	-7.2088e+02	1.7998e+02	-3.6752e+02	-2.4869e+02	9.3552e+01	4.6091e+02	1.2595e+02	1.8569e+02	-2.0372e+02	4.6319e+02	1.2786e+02	1.5357e+02	-3.3735e+02	-1.8890e+02	5.5657e+01	-8.4074e+01	-8.2098e+02	4.4123e+02	-4.5577e+02	-5.5877e+02	5.7818e+02	-7.5171e+02	1.0491e+03	2.9842e+01	3.3251e+02	-4.3728e+02	-2.9832e+02	1.4583e+02	6.5979e+02	-3.1587e+00	-8.6665e+01	3.9424e+02	3.1857e+02	-4.0119e+01	-2.3898e+02	-4.9323e+02	1.8810e+02	1.4873e+02	3.0762e+02	7.5547e+02	-8.5790e+01	6.1623e+02	4.1835e+02	1.6891e+02	-4.9740e+02	-3.5009e+02	6.1054e+01	2.6292e+02	-3.0131e+02	6.9679e+02	-3.2081e+02	-8.8898e+02	-1.2926e+02	-6.2912e+02	-9.0454e+00	4.6314e+02	1.1763e+03	3.5125e+02	5.9440e+02	-3.0074e+01	-3.2397e+02	3.8152e+02	2.5734e+02	6.0803e+02	-3.6977e+01	5.1006e+02	-5.4694e+01	2.7080e+02	1.7639e+02	-4.8394e+00	-6.2231e+02	5.5476e+02	3.0771e+02	5.8315e+02	-7.4040e+02	4.0184e+02	2.2440e+02	-9.8282e+02	-5.0529e+02	3.3232e+02	-1.0485e+03	-3.1177e+02	2.9017e+02	-2.0791e+02	4.8112e+02	-1.5617e+02	5.2129e+02	2.6975e+02	-5.3765e+02	6.7390e+02	-2.0169e+02	-4.1722e+02	-3.6876e+02	-2.2843e+02	-1.4757e+02	9.5263e+01	-6.4737e+01	2.8428e+02	2.0747e+02	-4.1993e+02	5.1168e+02	1.0474e+02	2.7897e+02	9.4117e+02	7.6622e+02	5.3929e+02
4.0000e+04	4.2240e+02	1.4208e+02	4.5481e+02	4.9662e+02	-2.9018e+02	-2.5253e+02	1.0445e+03	-4.4630e+02	7.0246e+02	1.3360e+03	7.7372e+02	-1.2695e+02	-2.3180e+02	4.6117e+02	1.2669e+03	4.7356e+02	8.0793e+02	1.9384e+03	2.8067e+02	-7.3719e+02	-9.7716e+01	-4.5002e+02	-1.7993e+03	-7.2612e+02	9.0906e+00	5.1798e+02	-3.2577e+03	2.8925e+02	-3.8584e+02	1.6628e+02	7.9095e+02	5.9442e+02	-1.8887e+03	3.5982e+01	2.3692e+02	-1.4066e+03	3.7989e+02	6.5205e+02	1.3006e+02	6.2724e+02	3.5315e+02	1.7912e+02	-2.1544e+02	-2.4716e+02	-1.4691e+03	-1.5446e+02	2.9921e+02	-5.1193e+02	9.7650e+02	6.9826e+02	-1.1018e+03	-7.4720e+02	8.6424e+02	-5.9938e+02	4.9610e+02	-7.6979e+02	-9.3163e+02	-1.7361e+02	2.6813e+02	2.3819e+02	2.4237e+02	5.1258e+02	-4.1742e+01	3.8785e+02	6.6710e+02	1.2311e+03	-7.9306e+02	2.4117e+02	4.3200e+02	-6.9053e+02	6.9076e+02	4.3619e+02	-6.6745e+02	2.4934e+02	1.5465e+03	3.0794e+01	-4.3879e+02	-1.8610e+02	1.1666e+02	8.3450e+02	-9.0184e+02	3.3739e+02	-1.4135e+03	-9.1298e+02	1.2508e+03	-7.9067e+01	-6.9931e+02	-1.0016e+02	4.0053e+02	8.1390e+00	2.8324e+02	2.5167e+02	-1.9614e+02	1.2273e+03	-1.2922e+02	-8.4050e+02	8.4401e+02	1.5180e+02	-1.5515e+03	-1.1669e+03	2.9051e+02	1.8117e+03	7.6695e+02	-1.3388e+03	-6.1659e+02	-1.1216e+03	2.0583e+03	-3.8966e+02	-3.4517e+02	1.2754e+03	1.1685e+02	1.9147e+02	2.7814e+02	-1.1160e+03	6.7689e+02	6.3195e+02	3.5550e+02	2.6301e+02	1.4986e+02	9.0859e+02	-8.9926e+02	-1.1795e+03	3.2583e+02	8.0409e+01	5.3196e+02	-1.1037e+03	2.1036e+03	-1.5634e+03	2.3231e+03	6.3334e+02	-7.8764e+02	-2.2292e+03	1.6074e+03	-1.4248e+03	-5.0706e+02	-6.1438e+02	-8.0898e+02	8.8439e+01	2.2371e+03	2.4509e+02	6.0023e+02	6.7249e+02	-7.4718e+02	-1.1578e+03	-7.7473e+02	1.2260e+03	-8.1773e+02	8.1996e+02	1.6826e+03	-4.7161e+02	-9.3376e+02	2.3440e+03	-9.0367e+00	-3.4354e+02	-4.3132e+02	-1.3725e+03	3.5072e+02	-2.3374e+02	-2.7555e+02	-2.8694e+02	-3.1166e+02	9.4296e+02	-4.2161e+01	2.0884e+02	4.8155e+02	6.7425e+02	1.5346e+02	8.3915e+01	-1.2537e+03	-5.4861e+02	1.3005e+03	-3.6980e+02	4.1944e+02	8.6853e+02	2.0614e+03	3.6964e+02	1.8993e+02	2.6413e+02	-4.3451e+02	-1.6899e+03	-5.5382e+02	-4.3843e+02	4.1103e+02	-7.7008e+02	7.7426e+02	-2.7695e+02	-8.9464e+02	6.1650e+02	4.6423e+02	-4.2942e+02	2.0981e+01	5.5249e+02	4.5964e+02	-3.1598e+02	-3.4216e+02	5.0593e+02	9.8258e+01	6.5738e+02	-5.1603e+02	-8.0075e+02
6.0000e+04	-6.1621e+02	2.5793e+02	-1.0301e+03	3.1941e+02	-2.0108e+02	-5.9996e+02	4.3769e+02	4.8084e+01	8.7776e+01	-8.7991e+02	8.5723e+02	-4.5518e+02	1.2255e+02	1.2755e+03	-1.1540e+03	-2.6390e+02	1.1829e+02	4.1805e+02	-1.0209e+03	-2.4459e+01	8.5695e+01	-4.9442e+01	-3.1185e+02	-3.8335e+02	-7.2238e+02	5.6982e+02	7.7254e+02	3.5389e+02	1.2755e+02	-4.9607e+02	6.7011e+01	-7.4135e+02	2.5005e+02	-9.9915e+02	-8.8348e+02	1.3069e+03	-4.3770e+02	6.8233e+02	-1.2056e+02	8.9977e+02	-1.3802e+03	6.5319e+00	-6.8338e+00	-8.8428e+02	-1.6739e+02	-1.0509e+03	-8.5449e+02	5.5516e+02	-4.1236e+02	-2.0207e+02	-6.3946e+02	-1.1044e+03	-1.9159e+02	7.4008e+02	-6.2049e+02	3.3015e+02	-5.7583e+02	5.7840e+01	2.8509e+02	4.9257e+02	3.3664e+02	-3.2824e+02	7.2693e+01	2.6174e+02	-6.5615e+02	2.8889e+02	6.4091e+02	-3.6489e+01	4.5258e+02	4.4286e+02	-7.1861e+02	-2.4354e+02	-6.8507e+02	-5.3397e+02	4.0770e+02	-5.3696e+01	5.8405e+02	-7.9167e+02	6.8698e+02	-1.2710e+02	-1.0980e+03	4.9886e+01	-2.5577e+01	-6.5126e+02	-4.4080e+02	1.5439e+02	-7.8839e+02	2.3912e+02	5.3610e+02	-3.4993e+02	-1.3047e+03	1.3018e+02	6.4495e+02	-2.0591e+02	-8.6512e+02	2.4842e+02	-2.6730e+02	-3.6004e+01	-1.3415e+02	-9.4247e+01	8.7626e+02	2.9232e+02	-4.6449e+02	5.0680e+02	3.0043e+02	3.6227e+02	-2.6642e+02	-9.8355e+01	2.9368e+02	-5.3483e+02	-6.3112e+02	2.8867e+02	-1.0628e+03	-8.3761e+02	1.1128e+03	-1.1704e+03	5.4578e+02	-7.1657e+01	6.0992e+02	-1.0770e+03	-6.1399e+02	-1.7868e+02	4.1853e+02	3.8247e+02	-3.9503e+01	5.2978e+02	1.3512e+02	-3.5555e+01	-3.1208e+02	-1.4722e+02	-5.7866e+01	-8.5671e+01	3.3090e+02	5.1666e+02	6.0565e+02	4.7012e+02	2.7721e+02	1.9731e+02	-5.3277e+02	4.9714e+01	7.5451e+02	-2.5364e+02	-7.2384e+02	6.2500e+02	-3.0845e+02	-6.1764e+02	2.3974e+02	-9.2706e+02	-7.4109e+01	5.0919e+02	1.2969e+03	-1.6843e+02	1.1697e+02	-1.8809e+02	-1.7374e+02	1.3407e+02	-4.5773e+02	8.9884e+02	-3.0794e+02	2.7035e+02	7.2578e+02	5.3552e+02	-8.5324e+01	-1.5696e+02	-2.3432e+02	7.5412e+02	3.2128e+02	5.6809e+02	-1.7971e+01	7.5918e+02	4.9522e+01	-1.5729e+03	-7.2718e+02	2.5991e+02	-1.0812e+03	-1.8976e+02	7.5050e+01	-6.5423e+01	2.0304e+02	-1.1295e+02	9.0970e+02	6.5254e+02	-8.9958e+02	9.9817e+02	4.0013e+01	-8.7292e+02	-1.6701e+01	-3.7776e+02	-5.4010e+01	9.1547e+00	-4.4920e+01	3.8992e+02	3.6512e+02	-6.8086e+02	2.6527e+02	3.8576e+02	6.2916e+02	8.9246e+02	1.1314e+03	1.2029e+02
6.0000e+04	9.7366e+02	4.7460e+02	4.5329e+02	1.0106e+03	-6.7451e+01	-1.2544e+03	1.2301e+03	-1.9619e+02	1.0335e+03	1.2468e+03	9.6288e+01	-8.7651e+01	-6.9489e+02	5.0850e+02	1.4667e+03	-9.1792e+00	5.1453e+02	1.6988e+03	1.6580e+03	-1.4510e+03	-5.8334e+02	-7.0317e+02	-1.1660e+03	-3.9788e+02	-5.1642e+01	9.3570e+02	-2.7343e+03	1.1195e+03	-7.5123e+02	3.3811e+02	7.4002e+02	3.9892e+02	-1.3034e+03	-2.2186e+02	7.6853e+02	-1.2875e+03	4.2571e+02	1.3352e+03	-2.7618e+01	4.6215e+02	5.1812e+02	-7.8814e+02	-1.2415e+03	-4.2571e+02	-1.1308e+03	-1.1467e+02	9.8154e+02	5.4604e+02	-4.4815e+02	5.3547e+02	-2.0243e+03	-3.6440e+01	-2.6164e+02	2.2503e+02	2.4511e+02	-9.1712e+02	-5.3912e+02	-2.2178e+02	4.1962e+02	1.5143e+03	1.2732e+02	9.4054e+02	-8.9063e+01	2.7898e+02	7.2789e+02	1.2402e+03	-1.9105e+03	1.4795e+02	5.1869e+02	-8.1232e+02	7.5542e+02	2.8059e+01	-1.1336e+03	8.6251e+02	2.2586e+03	5.0451e+02	-1.1386e+03	5.3929e+02	9.7120e+02	1.3019e+02	-7.8539e+02	7.6579e+02	-2.3510e+03	-1.4372e+03	1.0463e+03	-1.0915e+01	1.4539e+02	7.6934e+02	3.0112e+02	-1.9506e+02	3.1264e+01	3.9949e+02	-9.6471e+02	4.9700e+02	-6.1965e+02	-6.9355e+02	1.8106e+03	6.6375e+02	-1.2576e+03	-1.9340e+03	4.5906e+02	1.9213e+03	6.9539e+02	-7.7825e+02	-5.0965e+02	-1.6953e+03	2.1344e+03	9.4956e+02	3.0713e+02	1.6534e+03	4.4382e+01	-1.1601e+03	-6.9241e+02	-8.3960e+02	8.8710e+02	1.4321e+02	2.8700e+02	3.4358e+02	-3.8239e+01	4.8561e+02	-1.0718e+03	-1.6070e+03	3.6589e+02	-7.8154e+02	-1.8375e+02	-2.9437e+03	1.9718e+03	-1.7402e+03	2.1856e+03	-2.4825e+02	-2.9748e+02	-2.6457e+03	9.4584e+02	-2.6262e+03	-1.0202e+03	-1.5958e+03	-1.3177e+03	-2.5103e+01	1.8671e+03	4.8094e+02	1.4764e+03	3.8441e+02	-1.3260e+03	-1.3692e+03	-7.6748e+02	1.1312e+03	-8.0331e+02	1.0725e+03	1.7448e+03	-1.8037e+02	-3.6278e+02	2.8218e+03	-8.6141e+02	-2.3938e+02	2.7824e+02	-1.6635e+03	-3.5469e+02	-5.5112e+02	9.8818e+01	2.8254e+01	-1.1089e+03	1.3237e+02	6.7406e+02	1.7099e+02	9.0475e+02	3.2448e+00	-2.1376e+01	3.4869e+01	-1.0663e+02	3.3146e+02	1.6288e+03	-1.8375e+03	4.7498e+02	3.0549e+02	2.1994e+03	-2.6961e+01	2.0660e+00	1.7547e+03	-9.5250e+02	-1.4287e+03	-1.1538e+03	8.3539e+02	-2.8473e+02	-1.3017e+03	9.1157e+02	-4.1981e+02	-1.3032e+03	6.5329e+02	-7.4173e+02	-8.7083e+02	-4.0217e+02	4.6249e+02	7.1103e+02	-1.0494e+03	1.0675e+02	1.1698e+03	1.1279e+03	1.1845e+03	-6.9715e+02	-5.2055e+02
8.0000e+04	-5.7087e+02	-8.4711e+01	-7.2838e+02	1.1307e+02	-1.4971e+02	-4.9216e+02	-1.3394e+02	-3.6818e+00	4.2183e+02	-4.5774e+02	5.2521e+02	-4.4123e+02	2.7004e+01	8.4744e+02	-1.0950e+03	-4.8794e+02	4.4521e+02	5.1638e+02	-1.1566e+03	-8.4180e+02	-5.2016e+02	-5.1154e+01	-1.1371e+03	-3.2115e+02	-2.3761e+02	9.1587e+02	8.7744e+02	1.2420e+02	4.7745e+02	-5.4562e+02	1.2958e+02	-7.6992e+02	-1.2502e+02	-8.8065e+02	-1.0050e+03	1.4337e+03	-7.9054e+02	7.8886e+02	-4.5762e+02	1.4658e+03	-1.5151e+03	-5.2485e+02	-6.8242e+01	-8.4559e+02	-2.4075e+02	-1.1738e+03	-3.8796e+02	1.6639e+02	7.3861e+01	-5.2638e+02	-2.5892e+02	-1.2655e+03	-4.1069e+02	8.6149e+02	-7.2249e+02	1.9038e+02	-5.2735e+02	1.3814e+02	3.0427e+02	6.5619e+02	9.5495e+02	-9.2947e+00	1.8781e+02	-1.9926e+01	-9.7681e+02	1.2993e+02	4.6668e+02	7.3387e+01	6.0995e+02	-6.6421e+01	-6.5312e+02	-5.0539e+01	-9.8641e+02	-4.7832e+02	-2.7795e+02	3.7636e+02	1.2446e+03	-7.3447e+02	2.4156e+02	7.7850e+01	-1.3662e+03	6.7555e+02	-9.6039e+02	-6.4614e+01	-1.7241e+02	9.4365e+01	6.2041e+01	3.0067e+02	8.6285e+02	-1.1286e+03	-1.6105e+03	5.8811e+02	1.0102e+03	-4.2825e+02	-7.3732e+02	7.2456e+02	3.4005e+02	-3.7772e+02	-1.1091e+02	-4.5621e+02	1.2113e+03	6.4834e+02	-1.0247e+03	7.7333e+02	8.3858e+02	2.0600e+02	-5.7892e+00	6.2789e+01	4.0831e+02	-5.4262e+02	-6.8056e+02	2.9608e+02	-1.1526e+03	-2.3896e+02	1.4945e+03	-5.5044e+02	2.9599e+02	-1.2831e+02	7.0341e+02	-1.1470e+03	-9.8470e+02	-6.0806e+00	1.3247e+02	-4.6384e+02	2.8520e+02	3.6829e+02	4.3339e+01	3.8441e+02	-6.8814e+02	-2.6976e+02	-6.1258e+02	-3.8665e+02	3.2794e+02	2.9610e+02	1.4319e+03	3.8082e+02	5.6666e+02	6.6318e+02	-5.3608e+02	5.1146e+02	8.9933e+02	-4.3518e+02	-4.4678e+02	9.0601e+02	-2.5820e+02	-3.1861e+02	6.1708e+02	-8.0986e+02	4.9386e+02	4.7151e+02	8.6337e+02	4.6293e+02	5.0680e+02	-3.2005e+02	2.7812e+02	5.9307e+02	-8.1756e+02	5.6542e+02	-2.3447e+02	-1.5035e+02	4.9056e+02	3.9271e+02	1.7757e+02	4.0655e+02	5.6943e+01	5.3157e+02	-7.4042e+01	9.7604e+02	-1.5101e+01	4.6719e+02	7.4585e+02	-1.3328e+03	-1.6044e+03	-1.2500e+02	-1.3152e+03	1.7520e+01	4.1420e+02	-1.0533e+02	7.9114e+02	-6.4064e+01	6.9628e+02	3.2733e+02	-1.1555e+03	1.0967e+03	3.5723e+02	-9.7007e+02	4.0398e+02	-1.3738e+02	-5.5877e+02	3.5587e+02	-1.1527e+01	1.0380e+03	3.5998e+02	-3.3651e+02	3.3501e+01	5.9671e+02	-1.8905e+01	2.6242e+02	1.6937e+03	5.2288e+02
8.0000e+04	1.4702e+03	1.6263e+02	7.1117e+02	9.3598e+02	9.5014e+02	-1.1203e+03	1.6293e+03	-6.5499e+02	2.2536e+03	7.7065e+02	1.2400e+03	-1.7510e+02	2.4261e+02	1.5442e+03	1.6609e+03	-4.3326e+02	8.3374e+02	1.0564e+03	1.5917e+03	-1.4987e+03	-1.1927e+03	-5.6219e+02	-1.2596e+03	-1.4732e+03	1.1088e+03	1.6150e+03	-2.4581e+03	2.0610e+03	-4.9261e+02	-4.3787e+02	1.2611e+03	2.1428e+02	-1.1971e+03	-7.6665e+01	1.2566e+02	-1.2539e+03	1.6704e+03	2.2477e+03	1.8759e+02	1.2309e+03	1.3405e+03	-1.3874e+03	-8.1831e+02	-4.5084e+02	-1.4516e+03	4.7516e+02	6.7691e+02	9.6882e+02	-8.9218e+02	2.4415e+02	-2.4060e+03	-8.9787e+01	-4.2707e+02	1.7746e+02	-1.8333e+02	-4.8291e+02	-4.4360e+02	5.1819e+02	8.6797e+02	7.9873e+02	-4.1860e+02	5.2859e+02	-7.1318e+02	1.1465e+03	7.2496e+02	9.4198e+02	-1.4089e+03	-8.1448e+02	1.4566e+03	-9.8386e+02	2.1718e+03	1.2900e+02	-1.0754e+03	2.9849e+02	1.7482e+03	6.7431e+02	-1.4103e+03	8.0299e+02	1.1458e+03	8.8117e+02	-8.0167e+02	-1.7098e+01	-2.3100e+03	-2.0276e+02	1.0397e+03	-1.4330e+02	-2.9167e+02	1.2452e+03	2.7195e+02	-9.8629e+02	-8.8339e+01	1.1117e+03	-1.3558e+03	7.8235e+02	5.8783e+02	-9.2029e+02	1.9798e+03	7.2161e+02	-2.0301e+03	-2.1476e+03	-4.3269e+02	1.1861e+03	6.0421e+02	-1.5605e+03	-8.7607e+02	-2.4512e+03	8.7267e+02	2.5385e+03	-1.1851e+02	8.3140e+02	3.5810e+02	-1.3211e+03	-3.2911e+02	-1.3374e+03	5.9112e+02	-5.9667e+02	6.3440e+02	4.5198e+02	-9.2688e+02	9.7868e+02	-2.1829e+03	-2.1140e+03	1.0788e+03	-4.5600e+02	-7.3011e+02	-2.5432e+03	2.1730e+03	-1.5126e+03	3.0875e+03	6.8323e+01	3.2046e+02	-2.7154e+03	1.1648e+03	-3.6306e+03	-2.5048e+03	-3.7681e+02	-5.6532e+02	1.7401e+02	6.7959e+02	7.1772e+01	2.1077e+03	2.6892e+02	-2.2266e+03	-1.6330e+02	-1.3263e+03	1.3683e+03	-1.0412e+03	6.0142e+02	6.2602e+02	2.5821e+02	-1.1739e+02	2.4987e+03	-2.8318e+02	7.1148e+02	-3.3778e+02	-1.0644e+03	-8.0364e+02	-5.9314e+02	-2.1094e+02	-2.1841e+02	-1.0605e+03	-4.6025e+02	5.9280e+01	3.7530e+02	4.2398e+02	-4.9598e+02	1.3971e+02	7.5634e+02	-1.2077e+03	1.1849e+03	1.8116e+03	-2.1888e+03	1.0510e+03	8.9516e+02	2.2820e+03	-4.9189e+02	-1.2758e+03	2.6478e+03	-5.6608e+02	-1.9063e+03	-1.1003e+03	7.6638e+02	2.7528e+02	-1.7885e+03	1.4416e+03	1.3560e+02	-1.0260e+03	1.2252e+03	-1.0696e+03	-3.8587e+02	-2.4118e+02	3.3937e+01	8.3470e+02	-3.2265e+02	3.0302e+02	5.4863e+02	3.5443e+02	1.3831e+03	2.3619e+01	-3.4109e+02
1.0000e+05	-6.4467e+02	4.5284e+01	-7.1224e+02	6.2231e+02	-6.2180e+02	-4.4310e+02	1.9643e+02	-2.1441e+02	3.4799e+02	-8.2708e+02	4.1567e+02	-1.1094e+02	1.3391e+02	1.3924e+03	-1.2805e+03	-6.7585e+02	5.4322e+02	7.6063e+02	-6.6756e+02	-1.0101e+03	-5.2657e+02	-1.6260e+02	-9.5912e+02	-1.3168e+02	-3.2393e+02	6.7338e+02	8.0686e+02	5.4566e+02	1.0775e+03	-6.6349e+02	4.0558e+02	-8.8091e+02	-6.7314e+02	-1.1903e+03	-6.7866e+02	1.7972e+03	-8.6511e+02	6.4208e+02	-5.8338e+02	1.2944e+03	-7.4380e+02	-5.5315e+02	5.8361e+01	-8.5335e+02	-1.0120e+02	-7.2328e+02	-6.1762e+02	2.3038e+02	2.1563e+02	-2.5073e+02	-4.0516e+02	-6.4013e+02	2.4634e+02	9.6348e+02	5.5916e+01	3.0079e+02	-5.1209e+02	3.4213e+02	8.5228e+02	8.9673e+02	9.0658e+02	4.1675e+02	6.6130e+00	-4.1318e+02	-7.7775e+02	5.9953e+02	2.3349e+02	8.0879e+01	1.0752e+03	-3.0244e+02	-7.5958e+02	-6.3696e+02	-7.3908e+02	-5.4519e+02	1.7208e+02	4.6849e+02	7.5936e+02	-6.3875e+02	2.3215e+02	-3.7130e+01	-1.3328e+03	7.0167e+02	-1.1668e+03	2.5122e+01	-3.8551e+02	5.5402e+01	5.7926e+01	6.3973e+02	4.4569e+02	-7.7849e+02	-2.5853e+03	5.3376e+02	1.2891e+03	-5.5413e+02	-4.0663e+02	-3.3614e+02	4.2056e+02	3.1193e+02	-1.1023e+03	-3.6205e+02	1.2267e+03	9.2910e+02	-5.3156e+02	1.1405e+03	7.7049e+02	4.7736e+02	-5.5005e+02	7.1062e+01	1.8778e+02	-6.2416e+02	-8.9770e+02	4.1885e+02	-1.7345e+03	-3.2792e+02	1.3052e+03	-4.6998e+02	1.1082e+03	2.7387e+02	1.2512e+03	-1.0698e+03	-5.1313e+02	2.9421e+02	1.3457e+02	-1.3233e+02	5.7647e+02	9.3153e+02	-8.3516e+01	4.2182e+02	-6.0052e+02	-1.3655e+02	-5.5261e+00	-6.5572e+02	8.3556e+01	5.7982e+01	1.8463e+03	3.2564e+02	5.4664e+02	6.2425e+02	-2.2601e+02	7.6457e+02	1.2152e+03	1.5621e+02	-3.9777e+02	8.4934e+02	5.7187e+02	-9.8077e+02	8.4208e+02	-7.1185e+02	8.8995e+02	3.2724e+02	9.3086e+02	7.2739e+02	7.2792e+02	-2.4618e+01	3.1725e+01	1.9762e+02	-6.1161e+02	4.7840e+02	-3.8439e+02	-2.8083e+02	1.3203e+03	-2.6684e+02	5.6172e+02	5.3158e+02	-1.5137e+02	6.4902e+02	2.0820e+02	4.7831e+02	-1.2225e+02	8.5929e+02	6.1281e+02	-1.5936e+03	-1.6427e+03	-4.2056e+02	-1.4749e+03	-3.1417e+01	5.6818e+02	-1.2970e+02	1.1819e+03	-1.3107e+02	3.5555e+02	3.6790e+02	-1.8265e+03	1.5350e+03	9.3100e+02	-9.8666e+02	-5.7585e+02	5.1468e+01	-1.0303e+03	2.5578e+02	5.5970e+02	5.1934e+02	8.0451e+02	-1.5978e+02	-1.3097e+02	1.1112e+03	3.3507e+01	3.1180e+02	1.5761e+03	5.7988e+02
1.0000e+05	1.7652e+03	1.0572e+03	8.7434e+02	1.0451e+03	2.3553e+03	-1.0930e+03	2.2001e+03	-2.0034e+02	2.5854e+03	7.6471e+02	1.0408e+03	4.5548e+01	1.4604e+02	2.7354e+03	2.2678e+03	-1.0776e+03	1.0178e+03	1.6722e+03	1.8721e+03	-1.9697e+03	-6.4530e+02	1.0584e+02	-9.4146e+02	-1.5810e+03	1.8646e+03	1.4493e+03	-2.6422e+03	1.2072e+03	-5.3352e+02	-1.0158e+03	1.8963e+03	2.4883e+02	-1.6788e+03	8.2938e+02	9.0148e+02	-9.6068e+02	1.8101e+03	1.7138e+03	1.0427e+03	1.8330e+03	2.3386e+03	-1.5837e+03	-4.9056e+02	-4.3131e+02	-1.0097e+03	1.0793e+02	5.2265e+02	1.3585e+03	2.4091e+02	-5.7634e+02	-3.5695e+03	1.6547e+01	-1.4539e+02	4.3981e+02	-9.5609e+02	-1.4326e+02	-8.2780e+02	3.8855e+02	1.3340e+02	4.0731e+02	3.9608e+02	-6.7260e+01	2.6225e+02	1.4536e+03	2.0626e+02	7.2341e+02	-1.3010e+03	-1.5673e+03	1.4928e+03	-1.0427e+03	2.1939e+03	4.6541e+02	-1.1310e+03	6.0089e+02	2.2049e+03	7.3148e+02	-6.5112e+02	-5.0472e+02	1.1204e+03	7.7869e+02	-3.8991e+02	3.4642e+02	-1.2550e+03	-3.0566e+02	1.9640e+03	5.4338e+01	-3.4813e+02	6.1314e+02	1.0487e+03	-6.3955e+02	1.5257e+02	1.7171e+03	-2.5842e+03	4.3479e+02	1.6313e+03	-1.0913e+03	1.9367e+03	1.1373e+03	-2.7165e+03	-2.0161e+03	4.7317e+02	3.3962e+02	7.4154e+02	-9.0225e+02	-8.6030e+02	-2.3845e+03	1.4010e+03	1.7821e+03	1.9265e+02	2.9314e+02	-1.5565e+02	-1.4104e+03	-9.2574e+02	-1.4587e+03	6.1508e+02	-8.4140e+02	1.8498e+03	-5.6172e+01	-1.4033e+03	1.0526e+03	-2.6885e+03	-2.3704e+03	1.5319e+03	-4.8004e+02	-1.0804e+03	-1.8961e+03	1.7422e+03	-1.6208e+03	2.7088e+03	6.4727e+02	1.8489e+02	-3.5146e+03	1.4179e+03	-2.6445e+03	-3.0594e+03	-1.1656e+03	-7.5630e+02	7.8101e+02	3.3748e+02	5.5898e+02	3.1131e+03	-2.7440e+02	-1.6749e+03	5.0059e+01	-5.1519e+02	1.3502e+03	-7.0755e+02	1.2153e+03	-6.0180e+01	5.7446e+02	1.0963e+01	3.5519e+03	4.0933e+02	5.3059e+02	-1.0737e+03	9.2761e+02	-6.9752e+02	-6.5974e+02	7.7234e+02	-6.6839e+02	1.3858e+02	-4.5292e+02	2.5710e+02	1.4418e+03	3.1041e+01	-1.9753e+03	3.3406e+02	1.0469e+03	-9.8662e+02	1.2896e+03	1.3100e+03	-2.6407e+03	1.4874e+03	1.1960e+03	1.9072e+03	1.8022e+02	-1.2320e+03	3.5364e+03	-6.1736e+02	-2.1768e+03	-1.3629e+03	-1.0622e+02	-4.6360e+02	-7.2326e+02	7.6438e+02	3.8419e+02	-6.3712e+02	2.1189e+03	-1.6969e+03	-2.4502e+02	1.3270e+02	9.8139e+01	8.1121e+02	-1.4304e+02	4.4871e+02	1.3404e+03	6.0512e+02	1.4048e+03	2.9650e+02	-1.0290e+01
1.2000e+05	-7.3120e+02	9.5748e+01	-1.4228e+03	4.9414e+02	-6.1987e+02	-3.2480e+02	-4.7110e+02	6.3441e+01	2.3631e+02	-3.2508e+02	3.2632e+02	-8.0310e+02	3.5177e+02	1.8667e+03	-1.5182e+03	-6.7776e+02	2.5804e+02	9.8397e+02	-7.4215e+02	-1.3184e+03	-5.5709e+02	-5.9674e+02	-1.2633e+03	-9.0909e+02	-8.3897e+02	4.6364e+02	7.2845e+02	2.1825e+02	1.0250e+03	-3.9372e+02	3.8836e+01	-1.3866e+03	-1.1438e+03	-7.8735e+02	-1.3600e+02	1.9906e+03	-5.4162e+02	7.2045e+02	-5.1556e+02	1.2714e+03	-1.1745e+03	-8.5223e+02	-5.6608e+02	-1.1704e+03	-3.5282e+02	-8.7771e+01	-1.2566e+03	-2.4801e+02	-4.8782e+01	-5.0063e+01	-6.7641e+02	-7.2861e+02	4.5196e+02	8.1242e+02	-8.4823e+01	1.6534e+01	-7.2409e+02	5.1084e+02	9.3188e+02	8.3905e+02	4.2725e+02	1.1657e+03	2.2431e+02	-2.1571e+02	-1.3467e+03	9.4686e+02	-2.7520e+01	2.1611e+02	1.0972e+03	-3.2281e+02	-7.7034e+02	-6.2735e+02	-8.6801e+02	-1.1465e+03	5.1170e+01	4.6067e+02	7.7159e+02	-8.9371e+02	6.4045e+02	-2.8762e+02	-1.3021e+03	2.1197e+02	-1.5458e+03	1.3275e+02	-3.6064e+02	-2.0572e+02	-1.5358e+01	2.2107e+00	2.2881e+02	-3.4611e+02	-2.0382e+03	1.6629e+02	1.6877e+03	-7.6730e+02	-3.7127e+02	-8.2736e+02	-1.1166e+02	-1.1704e+02	-1.1675e+03	-6.7790e+02	7.5906e+02	1.2382e+03	-8.1228e+02	1.0111e+03	5.9171e+02	6.9522e+02	-4.0456e+02	3.9256e+01	1.6131e+02	-1.0581e+03	-9.4223e+02	9.5072e+02	-1.3383e+03	3.9816e+02	1.7898e+03	-5.7506e+02	2.9795e+02	-3.4426e+02	1.6400e+03	-1.2717e+03	-2.2260e+02	5.8740e+02	4.2157e+02	4.3583e+02	8.8945e+02	1.0383e+03	-1.5152e+01	2.6575e+02	-1.2747e+03	-1.1856e+02	-1.6777e+02	-7.4199e+02	-4.3273e+02	-9.1812e+01	2.1834e+03	6.2446e+02	1.6181e+02	6.6060e+02	-2.3842e+02	4.2965e+02	1.3243e+03	-5.9215e+01	2.3944e+02	6.3317e+02	1.9505e+02	-8.1022e+02	8.3765e+02	-9.1134e+02	5.7314e+02	1.1602e+03	9.0332e+02	4.9198e+02	8.0098e+02	-3.0417e+02	-4.2398e+02	6.7491e+01	3.6477e+01	-7.7076e+01	-3.7735e+02	-3.7856e+02	1.0405e+03	-1.5550e+02	1.1324e+03	1.0519e+03	-2.5515e+01	6.2112e+02	7.0391e+00	-2.0283e+02	-3.0319e+02	4.8912e+02	2.9486e+02	-1.9156e+03	-1.8068e+03	-7.6648e+02	-1.8315e+03	3.2924e+02	1.0768e+03	-1.5701e+02	7.8034e+02	-1.0620e+02	1.5586e+02	9.9342e+02	-2.5880e+03	1.4249e+03	9.7475e+02	-1.1897e+03	-1.0698e+03	2.0720e+02	-7.7352e+02	7.1582e+01	5.1565e+02	9.1235e+02	1.2548e+03	-4.5978e+02	1.8446e+02	6.5004e+02	-2.7759e+01	1.8857e+02	1.3556e+03	9.9491e+02
1.2000e+05	2.2274e+03	1.8783e+02	1.0193e+03	1.0854e+03	1.9964e+03	-1.2885e+03	1.9426e+03	3.4202e+01	2.6376e+03	9.8486e+02	1.2266e+03	4.8979e+02	7.6455e+02	2.1744e+03	3.0774e+03	-1.2337e+03	1.2444e+03	1.6471e+03	2.0796e+03	-1.9571e+03	1.4438e+02	-3.0315e+02	-8.8898e+02	-2.2993e+03	6.6080e+02	1.2274e+03	-2.1712e+03	1.1492e+03	4.9469e+02	-1.3635e+03	2.6429e+03	3.3731e+02	-1.9800e+03	2.9338e+03	9.6969e+02	-7.1669e+02	1.8207e+03	1.0891e+03	8.0892e+02	1.7723e+03	1.8051e+03	-1.6181e+03	-8.9358e+02	-8.2964e+02	-1.0428e+03	1.0184e+02	8.9475e+02	1.7468e+03	6.9861e+01	-4.6039e+02	-3.3648e+03	-7.7891e-01	1.4978e+03	6.8520e+02	-7.5204e+02	-4.2889e+02	-1.3304e+03	-6.1867e+02	8.9414e+02	1.3283e+03	-2.1415e+02	-1.0742e+02	-3.8148e+02	2.0335e+03	5.4642e+02	1.1839e+03	-9.1921e+02	-2.1816e+03	7.6208e+02	1.6814e+02	1.1506e+03	1.5847e+02	-8.4018e+02	2.3828e+02	2.5699e+03	7.7238e+02	-7.8420e+02	8.4476e+02	5.8192e+02	6.8937e+02	-1.2882e+03	9.1133e+02	-1.1012e+03	-7.8592e+02	2.2965e+03	-1.9583e+02	-1.3748e+03	1.1752e+03	4.3635e+02	-1.4364e+03	-1.9125e+02	9.3945e+02	-1.7353e+03	4.1418e+02	2.5330e+03	-9.4685e+02	6.8665e+02	1.0393e+03	-3.6347e+03	-2.0885e+03	4.3201e+02	2.7674e+02	6.0709e+02	-6.8109e+02	1.5062e+02	-1.2070e+03	1.6481e+03	2.1154e+03	-2.0339e+02	4.2791e+02	-7.8987e+02	-7.7116e+02	-1.2782e+03	-7.0854e+02	2.6603e+02	-1.0530e+02	2.5036e+03	1.9818e+02	-2.9054e+02	-2.7547e+02	-2.2071e+03	-2.2089e+03	1.9161e+03	1.1727e+03	-1.1462e+03	-2.7097e+03	1.6896e+03	-1.2977e+03	3.1700e+03	1.1086e+03	2.7233e+02	-4.9418e+03	9.9854e+02	-2.3544e+03	-3.4620e+03	-1.0671e+03	-1.3519e+03	3.7688e+02	4.9512e+02	1.5263e+02	4.6614e+03	1.3283e+02	-1.6586e+03	-4.5403e+02	-4.8701e+02	2.4257e+03	1.2305e+03	1.5096e+03	-1.0027e+03	6.3681e+02	3.0518e+02	3.0318e+03	-6.0961e+01	9.1077e+02	-1.4366e+03	1.5592e+03	-7.0328e+02	-1.7369e+02	1.1392e+03	-7.0626e+02	5.3169e+02	-5.2779e+02	9.6532e+02	1.6241e+03	1.6333e+02	-1.5600e+03	4.4007e+02	1.3604e+03	-2.1189e+03	1.4733e+03	1.8953e+03	-2.8596e+03	4.7591e+02	1.4668e+03	1.3294e+03	1.8675e+03	-1.6810e+03	2.9852e+03	-1.3271e+03	-2.7753e+03	-8.9975e+02	1.2484e+03	1.1281e+02	-1.2557e+03	1.2332e+03	7.4424e+02	-9.1313e+02	1.6163e+03	-1.8775e+03	-7.8861e+02	-2.8677e+02	-8.4735e+00	-4.7997e+02	1.0384e+02	-5.3681e+02	2.1112e+03	2.7037e+02	1.4836e+03	9.1690e+02	1.0808e+02
1.4000e+05	-1.8009e+02	3.0848e+02	-1.2436e+03	7.5989e+02	-4.6529e+02	-6.4315e+02	-5.4813e+02	2.6570e+02	4.6415e+02	-1.0667e+03	5.7986e+02	-6.7932e+02	5.1249e+02	1.9212e+03	-1.6364e+03	-3.3975e+02	9.5103e+02	1.0463e+03	-8.4046e+02	-1.5442e+03	-9.0323e+02	-1.2455e+03	-1.6903e+03	-7.7510e+02	-7.4228e+02	-7.5090e+01	7.4045e+02	2.1773e+02	1.2385e+03	-2.4499e+02	-4.2547e+02	-1.9819e+03	-1.0984e+03	-9.5826e+02	-1.9596e+02	1.6847e+03	-7.9199e+02	4.3354e+02	-3.9802e+02	8.3840e+02	-1.3388e+03	-1.7973e+03	-8.6368e+02	-6.1319e+02	-4.4053e+02	-1.9277e+02	-1.7682e+03	-7.5170e+01	-1.7840e+02	1.3108e+02	-7.4125e+02	-3.3775e+02	5.8974e-02	1.1062e+03	-2.8477e+02	2.1221e+02	-3.0935e+02	8.4583e+02	9.6796e+02	1.1800e+03	1.0026e+03	1.2013e+03	3.1361e+02	-2.8422e+02	-1.4776e+03	1.1001e+03	4.5430e+02	8.8820e+01	6.7298e+02	-5.0265e+02	-9.0255e+02	-4.7193e+02	-8.1039e+02	-5.8971e+02	-8.0371e+01	2.6212e+02	5.9100e+02	-1.1693e+03	6.5442e+02	-1.6536e+02	-7.3490e+02	1.8013e+02	-9.3217e+02	2.9312e+02	-4.8235e+02	-4.9398e+02	1.7267e+02	1.2004e+02	8.5320e+01	-4.4225e+02	-1.8122e+03	1.7492e+02	2.2856e+03	-8.8561e+02	-6.9779e+02	-6.6347e+02	1.1898e+02	1.7298e+01	-1.0608e+03	-1.3870e+03	6.5358e+02	1.3723e+03	-8.0970e+02	1.0487e+03	-8.5512e+01	1.1420e+03	-7.0515e+02	1.2013e+02	-4.0935e+02	-1.7076e+03	-6.1177e+02	1.8825e+03	-8.3411e+02	9.3975e+02	1.7045e+03	-7.4936e+02	1.0359e+03	-1.4643e+02	1.8583e+03	-1.4861e+03	-2.3011e+02	4.5446e+02	4.1701e+02	1.7649e+02	8.7995e+02	1.2987e+03	2.5357e+02	6.4224e+02	-7.7845e+02	-3.3065e+01	-3.9816e+02	-5.6159e+02	3.9784e+02	-1.1215e+02	1.7535e+03	1.0140e+03	4.5389e+02	6.3609e+02	6.2364e+02	3.7713e+02	2.2662e+03	-2.2529e+02	-4.9184e+01	4.1264e+02	1.8037e+02	-8.2486e+02	8.5889e+02	-9.4996e+02	7.6873e+02	1.0765e+03	1.0800e+03	6.7175e+02	4.6742e+02	-4.1691e+02	-5.9693e+02	4.1098e+02	7.1688e+02	-1.0379e+02	-4.5393e+02	-8.8201e+02	1.6782e+03	3.0824e+02	1.6178e+03	9.0110e+02	4.0079e+02	4.0489e+02	-1.2761e+02	1.7461e+02	4.4181e+02	1.1391e+03	4.0587e+02	-1.8404e+03	-1.8311e+03	-1.0398e+03	-1.8424e+03	3.6665e+02	7.7687e+02	-5.2740e+02	4.6303e+02	2.2953e+01	3.4607e+02	1.2738e+03	-2.5413e+03	2.0585e+03	1.0789e+03	-6.2042e+02	-7.4338e+02	3.6951e+02	-3.9515e+02	2.7822e+02	8.9964e+02	1.0927e+03	1.6569e+03	-2.5154e+02	8.8916e+02	6.8461e+02	2.1130e+02	2.0055e+02	1.5473e+03	7.5735e+02
1.4000e+05	1.4442e+03	1.1270e+03	9.3624e+02	7.0322e+02	2.4389e+03	-1.0231e+03	2.1032e+03	2.3332e+02	2.6133e+03	1.5190e+03	2.9350e+03	1.4821e+02	6.5465e+02	1.9698e+03	3.3019e+03	-9.0013e+02	1.3668e+03	1.1617e+03	1.4182e+03	-3.6838e+03	-7.3570e+02	-6.3295e+02	-1.1688e+03	-2.8898e+03	3.4560e+01	8.9398e+02	-1.5665e+03	2.1763e+02	5.7907e+02	-9.7022e+02	3.0361e+03	1.1736e+03	-2.2985e+03	3.1800e+03	1.5091e+03	-1.1620e+03	1.6469e+03	1.8012e+03	2.8250e+02	6.9370e+02	8.1181e+02	-1.4787e+03	-1.9014e+03	-1.3406e+03	-7.8392e+02	-5.4506e+02	1.3128e+03	1.3374e+03	6.4801e+02	6.4799e+02	-4.0134e+03	1.2650e+02	1.3575e+03	7.7289e+02	-4.1543e+02	4.5602e+02	-1.2352e+03	-2.3635e+01	1.1821e+03	1.2376e+03	-2.9839e+02	-1.9449e+02	-1.4520e+03	1.5638e+03	1.4514e+02	1.3314e+02	-1.6155e+03	-2.5550e+03	-4.4776e+02	4.8163e+02	1.0014e+03	3.4358e+02	-2.0920e+03	-3.5568e+02	1.6294e+03	1.4928e+03	-9.8274e+02	2.0428e+03	7.8676e+02	1.1976e+01	-6.8887e+02	6.2755e+02	-1.2492e+03	-1.1554e+03	1.8842e+03	-4.1204e+02	-9.9186e+02	8.9936e+01	-2.3663e+02	-6.4006e+02	3.8382e+02	1.8448e+03	-2.4130e+03	3.6156e+02	2.0937e+03	-1.2025e+03	5.4306e+02	6.1958e+02	-3.7228e+03	-1.7602e+03	-8.9713e+02	-4.0089e+02	1.5080e+03	-6.5789e+02	4.9817e+02	-8.3242e+02	4.3302e+02	2.2159e+03	-3.8290e+02	-2.1356e+02	-6.3617e+02	-1.3520e+03	-1.5696e+03	-1.2685e+03	3.6762e+02	-5.9215e+02	2.8106e+03	1.4497e+02	-1.2086e+02	-9.6435e+02	-2.0385e+03	-2.3334e+03	2.5021e+03	1.3882e+03	-1.2875e+03	-2.9608e+03	2.3346e+03	-5.3170e+02	3.6836e+03	1.2816e+03	1.0407e+03	-5.2410e+03	1.8660e+03	-2.0744e+03	-3.5297e+03	-1.3802e+03	-1.8890e+03	-1.0115e+02	1.2075e+03	-1.3643e+02	5.9283e+03	4.3093e+02	-2.6572e+03	-3.5991e+02	7.0882e+01	2.4693e+03	1.8526e+03	1.5471e+03	-3.0921e+03	1.8003e+03	4.2758e+02	1.8624e+03	8.7140e+02	5.6987e+02	-4.7140e+02	8.7320e+02	-6.7460e+01	-6.0824e+02	1.9657e+03	-5.1414e+02	1.0198e+02	-1.1023e+03	8.9350e+02	4.4079e+02	1.7650e+01	-2.0133e+02	1.0958e+03	9.8410e+02	-2.5496e+03	2.5295e+03	2.6859e+03	-2.7437e+03	5.3249e+02	1.6422e+03	1.2192e+03	1.9975e+03	-1.7204e+03	2.6969e+03	-1.7270e+03	-2.5990e+03	-1.6550e+03	1.3925e+03	1.9773e+02	-5.8659e+02	1.4907e+02	1.0102e+03	-8.9740e+02	-6.6861e+01	-1.0862e+03	-2.8172e+03	4.5791e+02	2.4231e+02	-9.1609e+01	1.1043e+03	-1.8324e+02	1.9194e+03	3.8787e+02	1.1370e+03	3.5352e+02	1.4696e+02
1.6000e+05	-3.7506e+02	5.3734e+02	-7.7873e+02	7.2791e+02	-7.5503e+02	-2.9683e+02	-7.3468e+02	4.1802e+02	1.9455e+02	-9.1564e+02	1.6053e+02	-4.6693e+02	7.9755e+02	9.9253e+02	-1.8085e+03	-3.9934e+02	1.1899e+03	9.6284e+02	-1.0794e+03	-2.0262e+03	-9.2590e+02	-1.3401e+03	-1.4849e+03	-9.8844e+02	-1.0746e+03	-5.9579e+01	6.5226e+02	6.1623e+02	9.5012e+02	-3.8225e+02	-1.0439e+02	-1.9614e+03	-8.8280e+02	-1.0114e+03	-6.1357e+02	1.8676e+03	-6.9558e+02	1.0132e+03	-1.2196e+02	9.4754e+02	-1.3882e+03	-2.5991e+03	-8.8047e+02	-5.1052e+02	-5.3357e+02	-1.2856e+02	-1.3242e+03	-9.8992e+01	1.1359e+02	9.7078e+01	-6.8558e+02	-4.0400e+02	1.6357e+02	1.1506e+03	-1.2767e+02	-1.0972e+02	-4.5240e+02	7.2929e+02	5.4109e+02	1.4252e+03	1.0648e+03	8.4543e+02	3.3746e+01	-4.4001e+02	-1.6262e+03	1.8237e+03	3.4593e+02	3.7709e+02	7.7621e+02	-4.7001e+02	-8.0790e+02	-1.0443e+03	-1.2598e+03	2.0913e+01	3.2869e+02	2.6118e+02	7.6868e+02	-1.4046e+03	9.1228e+02	-2.3746e+02	-5.3157e+02	3.7746e+02	-1.1755e+03	-3.1785e+02	-6.6361e+02	-6.7165e-02	2.4613e+01	7.8928e-01	-1.7897e+02	-6.9024e+02	-1.6086e+03	-3.0461e+02	1.7142e+03	-7.0650e+02	-8.8069e+02	-5.5242e+02	5.1631e+01	-1.1125e+02	-7.3415e+02	-1.2779e+03	7.2418e+02	1.4283e+03	-7.1679e+02	1.3447e+03	-2.6734e+01	1.2530e+03	-5.5067e+02	-2.6019e+01	-3.0652e+02	-1.1545e+03	-7.9845e+02	1.7104e+03	-8.1324e+02	8.1747e+02	1.2446e+03	-1.1611e+03	1.1644e+03	5.0370e+02	1.4592e+03	-1.0638e+03	-2.6384e+02	3.0926e+02	8.6505e+02	7.0891e+02	1.1987e+03	1.3705e+03	4.3611e+02	-3.1342e+02	-1.0141e+03	4.4051e+02	-6.5516e+02	-6.6556e+02	1.9502e+02	1.8232e+02	1.4312e+03	6.8739e+02	3.6732e+02	3.4596e+02	6.9909e+02	1.6196e+02	1.8824e+03	-7.7723e+00	-7.3063e+02	-2.4151e+02	8.5177e+01	-9.9775e+02	5.1204e+02	-1.2515e+03	1.2447e+03	8.9064e+02	1.2904e+03	8.1628e+02	8.1333e+02	-8.6918e+02	-2.1693e+02	-1.5683e+02	1.3128e+03	-2.2730e+02	-7.6887e+02	-1.4637e+03	1.3381e+03	8.9260e+02	2.1769e+03	1.0043e+03	7.9895e+02	4.9843e+02	-2.8819e+02	1.6687e+02	7.2197e+02	1.3212e+03	3.5828e+02	-1.7178e+03	-1.9014e+03	-1.5983e+03	-2.3300e+03	-1.7330e+02	6.5170e+02	-8.2610e+02	5.7355e+02	-1.4969e+02	3.6245e+01	5.5468e+02	-1.7965e+03	2.2142e+03	1.9911e+03	-7.3189e+02	-4.6712e+02	6.8211e+02	-5.9941e+02	1.9194e+02	3.8260e+02	6.3479e+02	1.3728e+03	-1.0938e+03	6.1575e+02	1.1628e+03	5.2197e+02	7.1102e+02	9.2907e+02	7.3095e+02
1.6000e+05	1.1189e+03	7.6992e+02	5.1241e+02	5.4325e+02	1.8573e+03	-1.8907e+03	1.7785e+03	-8.3689e+02	2.7090e+03	2.3881e+03	1.2510e+03	-2.0383e+02	1.4481e+03	2.0882e+03	3.7868e+03	-1.0367e+03	1.8996e+03	8.1228e+02	1.3005e+03	-2.9336e+03	-7.2915e+02	-1.3926e+03	-1.8479e+03	-2.2834e+03	-6.2942e+02	1.5269e+03	-2.0140e+03	6.4742e+02	1.3940e+02	-7.5786e+02	2.8364e+03	1.7348e+03	-1.9196e+03	3.5358e+03	1.7170e+03	-5.8380e+02	1.1042e+03	2.2279e+03	1.8088e+03	1.0766e+03	1.3244e+03	-1.4727e+03	-1.8479e+03	-2.1276e+03	-5.0039e+02	-9.7377e+02	-8.7686e+01	7.1950e+02	9.5049e+02	4.1674e+02	-4.0711e+03	-6.1317e+02	5.7288e+02	1.0985e+03	-5.4998e+02	3.2358e+02	-1.4181e+03	9.5190e+01	1.5735e+03	2.5707e+03	-3.3058e+02	-6.1061e+01	-8.1450e+02	2.1071e+03	7.0318e+01	-8.4762e+01	-1.7231e+03	-1.6842e+03	-1.1105e+03	4.1864e+02	1.1604e+03	-6.0354e+00	-1.3214e+03	-1.7853e+02	1.9293e+03	1.9145e+03	-1.2750e+03	1.4221e+03	1.9020e+03	2.5916e+02	-1.0906e+03	1.2262e+02	-1.9304e+03	-1.5418e+03	2.2215e+03	-5.7256e+02	-1.2070e+03	1.5605e+03	5.9628e+02	4.0067e+02	6.6096e+02	3.4269e+03	-1.2853e+03	6.6134e+02	1.7310e+03	-9.3906e+02	-2.2108e+02	3.8498e+02	-4.1562e+03	-1.6013e+03	-1.1553e+03	-4.3420e+02	2.0453e+03	9.4547e+02	8.0350e+02	-1.7004e+03	5.5047e+02	2.9501e+03	-3.7836e+02	-2.8546e+02	-9.7412e+02	-5.8992e+02	-9.4931e+02	-1.9251e+03	2.2350e+02	-5.4547e+02	2.8884e+03	1.7634e+01	6.0048e+02	-7.1877e+02	-2.1941e+03	-2.1836e+03	2.5655e+03	2.1637e+03	-8.2837e+02	-3.2862e+03	2.9384e+03	-6.8676e+02	2.2559e+03	1.1699e+03	9.7039e+02	-5.1978e+03	2.5510e+02	-1.6390e+03	-2.2601e+03	-1.5959e+03	-2.1234e+03	-8.3935e+02	1.6237e+03	3.2406e+02	6.5409e+03	4.8239e+02	-1.9643e+03	2.3727e+02	5.8869e+02	2.0745e+03	1.8590e+03	4.6222e+02	-3.7114e+03	1.9800e+03	3.7803e+02	1.7197e+03	1.6897e+03	6.4296e+02	-9.9728e+02	1.2771e+03	-4.7657e+02	-1.3099e+03	2.3520e+03	-9.0544e+02	1.6365e+02	-1.3407e+03	7.6832e+02	3.2986e+02	2.6987e+02	-1.8926e+02	4.4305e+02	9.4984e+02	-2.4077e+03	3.3424e+03	3.0406e+03	-2.1518e+03	6.4885e+02	1.5555e+03	8.1148e+02	1.9260e+03	-1.9644e+03	1.3297e+03	-3.0908e+03	-2.7465e+03	-2.2468e+03	1.0426e+03	5.8561e+01	1.3131e+02	4.8623e+01	-9.5429e+01	-5.2766e+01	3.8553e+02	-1.2468e+03	-2.2230e+03	1.4878e+03	1.3339e+03	-5.4757e+02	1.5782e+03	8.2827e+02	2.5061e+03	6.9101e+02	1.0926e+03	9.4575e+02	6.4336e+02
1.8000e+05	-2.5656e+02	9.8682e+02	-3.7432e+02	1.3208e+03	-9.2843e+02	-8.3740e+01	2.6935e+02	2.0344e+02	-2.3783e+02	-1.3832e+03	4.0563e+02	-6.0366e+02	1.1324e+03	1.2909e+03	-1.8109e+03	-2.7182e+02	1.9518e+03	3.9311e+02	-9.8206e+02	-1.7384e+03	-1.0913e+03	-1.6328e+03	-2.1724e+03	-9.6097e+02	-1.2258e+03	-1.0198e+01	8.1740e+02	1.1765e+03	8.9897e+02	-2.6022e+02	1.3288e+02	-2.0133e+03	-8.3166e+02	-1.1642e+03	-6.2076e+02	1.8491e+03	-6.6616e+02	1.2719e+03	-1.1425e+02	6.8013e+02	-1.4394e+03	-3.0185e+03	-4.6892e+02	-3.2682e+02	-4.0436e+02	-7.2329e+01	-1.2234e+03	-7.3044e+01	2.6562e+02	-7.6796e+01	-1.1454e+03	-5.6264e+02	4.5633e+02	6.7895e+02	-5.6400e+02	-1.9449e+02	-2.5281e+02	4.5806e+02	9.0289e+02	1.1362e+03	1.2783e+03	9.1288e+02	8.6291e+02	1.6027e+02	-1.6201e+03	1.5017e+03	3.4157e+02	-1.6004e+01	9.6395e+02	-4.7083e+02	-1.0715e+03	-1.1764e+03	-1.4725e+03	-5.4350e+02	6.8008e+02	5.9041e+02	-8.1961e+01	-8.9716e+02	1.6754e+03	-7.4816e+01	-2.1966e+02	5.1198e+02	-1.3032e+03	-2.8589e+02	-2.5603e+02	2.6021e+02	3.9921e+02	-5.0962e+02	2.0995e+02	-5.2686e+02	-1.7824e+03	2.1188e+02	2.0525e+03	-9.8159e+02	-1.2327e+03	-1.0193e+03	9.9719e+01	6.6276e+02	-8.0547e+02	-1.7908e+03	1.2796e+03	1.6073e+03	-5.7870e+02	1.3396e+03	-6.6704e+02	1.3042e+03	-7.0291e+02	4.3862e+02	-5.0598e+02	-1.3003e+03	-1.3812e+03	1.6275e+03	-1.1273e+02	5.0840e+02	1.0398e+03	-9.4811e+02	1.0805e+03	9.3897e+02	1.4355e+03	-7.3465e+02	-9.0874e+02	2.6153e+00	7.7331e+02	7.1085e+02	6.4596e+02	8.2279e+02	5.5340e+02	4.0260e+02	-1.1672e+03	8.0292e+02	-1.5135e+03	-7.8322e+02	2.4807e+02	8.2942e+01	1.3157e+03	4.5325e+02	-1.3874e+01	1.0855e+03	9.4462e+02	5.2342e+01	1.1157e+03	3.4756e+02	-8.7490e+02	-2.1022e+02	6.5813e+01	-9.3680e+02	6.3517e+02	-1.0917e+03	1.1540e+03	1.3438e+03	1.4641e+03	1.5811e+03	1.7125e+03	-7.5001e+02	-4.3425e+02	-1.4536e+02	1.7281e+03	2.1934e+02	-9.8461e+02	-1.7876e+03	1.2823e+03	1.2050e+03	2.3390e+03	7.3948e+02	1.2504e+03	6.0105e+01	-2.3871e+02	2.1307e+02	8.8122e+02	1.5048e+03	3.7336e+02	-1.5268e+03	-1.8449e+03	-1.8796e+03	-2.0328e+03	-3.9879e+02	4.1287e+02	-1.0170e+03	3.5512e+02	-1.8639e+02	-5.2256e+02	2.9244e+02	-1.9008e+03	2.6708e+03	2.4607e+03	-8.7087e+02	-1.0311e+03	3.2145e+02	-9.4037e+02	-9.1453e+01	7.5908e+02	3.3605e+02	1.2078e+03	-1.5708e+03	7.8394e+02	1.5135e+03	4.0124e+02	4.9808e+02	1.8718e+03	8.9669e+02
1.8000e+05	9.4228e+02	-2.7613e+02	-4.3821e+02	7.9614e+01	1.6102e+03	-1.1973e+03	1.9601e+03	-1.1063e+03	1.5260e+03	2.0399e+03	1.1958e+03	-2.6088e+02	1.2715e+03	2.0988e+03	3.6159e+03	-1.2657e+03	2.8383e+03	7.8476e+02	1.2392e+03	-3.0731e+03	-8.7598e+02	-9.3413e+02	-5.6616e+02	-2.6724e+03	-4.1729e+02	1.5793e+03	-2.2152e+03	4.8825e+02	-4.6547e+01	-6.6869e+02	2.3329e+03	9.3599e+02	-1.6440e+03	4.4151e+03	6.9238e+02	-7.8940e+02	1.7518e+03	2.0262e+03	1.6131e+03	3.0094e+02	1.0366e+03	-9.1933e+02	-1.4842e+03	-2.3263e+03	9.8577e+02	-6.3404e+02	5.9154e+02	3.7046e+02	-2.5038e+02	1.0499e+03	-3.7271e+03	-9.6195e+02	9.3173e+02	1.6780e+03	-8.2072e+01	-5.4541e+02	-1.8873e+03	-4.0696e+00	7.2572e+02	2.1772e+03	-3.8090e+02	6.8733e+01	-1.6497e+02	1.7260e+03	1.0518e+01	4.9243e+02	-2.7376e+03	-2.0927e+03	-1.8863e+03	5.2560e+02	2.4672e+03	-6.1679e+02	-1.2673e+03	-7.8784e+02	1.2766e+03	2.4200e+03	-1.0585e+03	1.9678e+03	2.4868e+03	-2.4019e+02	-2.5001e+02	-1.5529e+02	-1.4519e+03	-1.8249e+03	1.7337e+03	-6.9964e+02	-1.9500e+03	8.2780e+02	-1.3956e+03	2.3871e+03	1.1337e+03	4.0510e+03	-5.9724e+02	5.1016e+02	1.7268e+03	-3.7843e+02	-6.1556e+02	3.3349e+02	-4.2768e+03	-2.1860e+03	-7.5295e+02	-1.2406e+02	2.8848e+03	8.8245e+02	-2.3557e+02	-1.6211e+03	1.3704e+01	2.1761e+03	2.2322e+02	-8.4717e+02	-4.3131e+01	-7.7109e+02	-9.0429e+02	-5.1620e+02	-5.5553e+01	-5.9424e+02	3.1704e+03	9.6795e+02	9.2818e+02	-2.4365e+02	-2.0925e+03	-2.4368e+03	2.7367e+03	2.2123e+03	-1.0455e+03	-3.8005e+03	2.6638e+03	-1.0284e+03	2.0382e+03	1.0577e+03	1.1619e+03	-5.2093e+03	1.3085e+03	-6.7904e+02	-3.0799e+03	-1.7187e+03	-2.6925e+03	-1.0012e+03	1.1294e+03	7.7301e+02	7.3651e+03	-1.0517e+01	-2.2253e+03	4.6889e+02	1.6764e+03	1.8094e+03	9.3741e+02	4.7701e+02	-4.3251e+03	2.5723e+03	1.4875e+03	2.2360e+03	1.8430e+03	8.8601e+02	-2.8347e+02	2.5941e+03	-5.4213e+02	-2.3763e+03	2.2810e+03	-1.4657e+03	-8.4724e+02	-2.1489e+03	5.4616e+02	-1.3113e+02	8.6226e+02	-2.3013e+02	8.0010e+02	1.8255e+03	-2.1368e+03	2.4903e+03	2.7464e+03	-2.7565e+03	3.7575e+02	5.8458e+02	-1.4309e+01	2.4360e+03	-2.6785e+03	6.9191e+02	-2.5041e+03	-1.7606e+03	-1.2641e+03	2.7800e+02	7.8120e+01	8.0953e+02	5.2040e+02	-1.4463e+03	-7.2484e+02	-1.7466e+02	-1.8570e+03	-2.2148e+03	9.4760e+02	8.4366e+02	-1.0858e+02	1.9934e+03	1.3553e+03	2.9136e+03	6.8276e+02	1.0618e+03	3.7758e+02	1.0903e+03
2.0000e+05	-3.7971e+01	1.1770e+03	-2.9288e+02	1.5820e+03	-1.1383e+03	-1.0619e+03	6.5690e+02	1.3661e+02	-2.9209e+02	-1.0156e+03	5.0369e+02	8.2587e+01	1.7974e+03	1.2605e+03	-2.1799e+03	-2.5701e+02	2.1671e+03	-8.1379e+01	-1.3977e+03	-9.2336e+02	-1.3717e+03	-1.9159e+03	-2.0409e+03	-6.7858e+02	-1.4912e+03	-2.8030e+02	1.7705e+03	7.3973e+02	1.0716e+03	-2.9337e+02	-6.2536e+01	-1.9995e+03	-9.5837e+02	-1.5761e+03	-6.6664e+02	1.0843e+03	-1.2387e+03	8.6267e+02	4.1732e+02	9.4281e+02	-2.1922e+03	-2.6935e+03	-2.4658e+02	-6.5142e+02	-5.4021e+01	-2.3017e+02	-3.5423e+02	8.8083e+01	2.4513e+02	-3.7258e+02	-1.4465e+03	-7.6584e+02	4.3438e+02	5.7144e+02	-9.5054e+02	-9.8630e+02	-3.1823e+01	4.3694e+02	7.7778e+02	1.5584e+03	1.5716e+03	8.1741e+02	1.2962e+03	4.8041e+02	-1.7216e+03	1.8798e+03	6.0219e+02	1.6286e+02	1.2736e+03	-4.5336e+02	-1.0287e+03	-7.4345e+02	-1.0995e+03	-4.7102e+02	7.7826e+02	1.0057e+03	8.4163e+01	-7.9852e+02	2.0653e+03	4.6756e+02	-1.3305e+02	2.0647e+02	-1.3370e+03	1.5367e+01	-1.8438e+01	3.2123e+02	5.4418e+02	-4.6755e+02	7.8857e+02	-3.5528e+02	-1.4890e+03	2.7400e+02	1.4180e+03	-8.9633e+02	-8.9969e+02	-1.0761e+03	7.6170e+02	4.0619e+02	-1.1372e+03	-1.3100e+03	1.5011e+03	1.4595e+03	-3.4820e+02	1.2771e+03	-6.0078e+02	1.0265e+03	-1.0348e+03	2.2301e+02	-6.0122e+02	-1.1400e+03	-1.6216e+03	1.9393e+03	-3.5168e+02	3.0428e+02	1.0130e+03	-1.1559e+03	1.0104e+03	9.8155e+02	8.4699e+02	-6.4061e+02	-1.1302e+03	-3.1690e+02	1.0797e+03	1.1418e+03	2.7678e+02	4.2411e+02	2.2280e+02	7.2518e+02	-9.1620e+02	9.0049e+02	-8.9117e+02	-8.5800e+02	2.9032e+02	-2.8476e+02	1.0311e+03	6.9535e+02	-3.9297e+01	1.2120e+03	1.0428e+03	-5.2784e+01	1.1804e+03	2.8259e+02	-7.5144e+02	1.5957e+02	4.5798e+01	-9.6750e+02	7.7391e+02	-1.0762e+03	1.3519e+03	1.5196e+03	1.0528e+03	1.6193e+03	1.3007e+03	-1.3230e+02	-8.1845e+02	-2.4859e+02	1.7270e+03	-4.1440e+02	-9.0350e+02	-2.6219e+03	1.2986e+03	7.8100e+02	2.2497e+03	9.6496e+02	1.2333e+03	3.3940e+02	-5.0638e+02	-4.4607e+02	5.5991e+02	1.9197e+03	1.0614e+03	-6.6315e+02	-2.0008e+03	-2.5015e+03	-2.2053e+03	-7.7412e+02	8.4388e+02	-1.2087e+03	2.0542e+01	-1.2356e+02	-4.9653e+02	4.2321e+02	-1.9010e+03	2.4064e+03	3.0156e+03	-1.3658e+03	-7.8161e+02	3.6708e+02	-4.2248e+02	2.1807e+02	6.4308e+02	4.8578e+02	1.3167e+03	-1.4243e+03	1.0743e+03	1.5004e+03	8.3077e+01	9.0347e+02	1.8913e+03	8.7833e+02
2.0000e+05	1.9919e+01	8.0744e+02	-8.6798e+02	-7.5125e+02	2.3270e+03	-1.8949e+03	3.0900e+03	-1.1937e+03	1.6732e+03	2.2524e+03	1.8528e+03	-4.7439e+02	1.4027e+03	1.4957e+03	4.5818e+03	-1.7513e+03	2.7453e+03	1.0976e+03	3.0173e+02	-3.4439e+03	-2.3187e+02	-8.6774e+02	-3.6326e+02	-1.8300e+03	-7.6760e+00	2.0041e+03	-1.5301e+03	6.9252e+02	3.7560e+02	-1.1536e+03	2.9566e+03	1.2255e+03	-1.5609e+03	3.9134e+03	1.1572e+03	-1.2561e+03	8.7952e+02	2.0447e+03	1.1360e+03	7.2720e+02	2.0149e+02	-1.8773e+03	-1.0318e+03	-1.2544e+03	2.0508e+03	-7.6018e+02	-3.1902e+02	-8.9231e+01	-3.7066e+02	5.5637e+02	-3.4544e+03	-1.3389e+03	7.8567e+02	1.1282e+03	-3.2792e+02	-6.7704e+02	-1.5763e+03	1.7965e+02	3.5579e+02	1.7745e+03	-6.8812e+02	1.3238e+03	-3.8028e+02	2.2417e+03	5.3212e+02	4.6537e+02	-3.0760e+03	-2.1744e+03	-1.7305e+03	8.8100e+02	2.1317e+03	-1.4599e+02	-5.5342e+02	-1.0451e+03	1.1745e+03	2.6726e+03	-1.5032e+03	2.1663e+03	2.5255e+03	9.1684e+01	-7.7713e+02	4.9707e+02	-2.0100e+03	-2.0087e+03	8.6660e+02	-1.9070e+03	-1.9208e+03	6.4314e+02	-4.7049e+02	2.3039e+03	4.5197e+02	4.5668e+03	-4.3523e+02	-3.8396e+02	1.3651e+03	-4.5373e+02	-1.6946e+03	3.3620e+02	-2.7138e+03	-1.9591e+03	-2.1692e+03	2.9484e+02	2.5292e+03	-1.4481e+02	-1.0385e+03	-2.1358e+03	-7.5346e+02	3.1142e+03	-6.7248e+02	-6.0081e+02	8.9452e+02	-9.6119e+02	-2.0032e+02	-8.2008e+02	1.1013e+03	-7.0713e+02	3.0848e+03	4.5469e+02	1.6416e+01	-6.3724e+01	-3.3512e+03	-2.3072e+03	2.5961e+03	1.5149e+03	-1.7816e+03	-3.4230e+03	2.5569e+03	-1.3073e+03	2.2701e+03	1.5970e+03	2.1026e+03	-5.1693e+03	1.5616e+03	-5.3213e+02	-2.7296e+03	-2.1476e+03	-1.8242e+03	-2.9566e+02	2.7401e+03	9.4730e+02	7.4612e+03	7.6257e+02	-1.7177e+03	-6.0400e+00	1.7356e+03	1.4017e+03	9.4219e+02	-4.2955e+02	-4.5147e+03	2.5634e+03	1.2345e+03	2.0936e+03	1.8970e+03	7.9675e+02	-4.1328e+02	1.6803e+03	2.1366e+02	-2.0101e+03	1.9698e+03	-1.8017e+03	-1.0376e+03	-2.3415e+03	1.0079e+01	1.9283e+03	-1.4897e+02	-9.6880e+02	6.1645e+02	2.1473e+03	-2.6153e+03	2.7898e+03	1.9441e+03	-2.7685e+03	7.3751e+02	-3.7303e+02	-5.4058e+02	2.1910e+03	-2.5375e+03	-1.8374e+02	-2.8016e+03	-2.4675e+03	-1.2308e+03	1.7667e+03	2.4441e+02	1.1470e+02	5.8212e+02	-1.2808e+03	-1.0983e+03	-1.3073e+03	-2.4171e+03	-2.7759e+03	1.4563e+03	5.2355e+02	1.9995e+02	5.4008e+02	1.5898e+03	1.2232e+03	5.4994e+02	1.6382e+03	-4.8104e+02	9.2091e+02
