2.0000e+05	9.5783e+04
2.0000e+05	9.6272e+04
2.0000e+05	9.6406e+04
2.0000e+05	9.5704e+04
2.0000e+05	9.6303e+04
2.0000e+05	9.6303e+04
2.0000e+05	9.6789e+04
2.0000e+05	9.6905e+04
2.0000e+05	9.8260e+04
2.0000e+05	9.8378e+04
2.0000e+05	9.8636e+04
2.0000e+05	9.9263e+04
2.0000e+05	9.9785e+04
2.0000e+05	1.0035e+05
2.0000e+05	1.0103e+05
2.0000e+05	1.0120e+05
2.0000e+05	1.0259e+05
2.0000e+05	1.0324e+05
2.0000e+05	1.0338e+05
2.0000e+05	1.0408e+05
2.0000e+05	1.0462e+05
2.0000e+05	1.0456e+05
2.0000e+05	1.0383e+05
2.0000e+05	1.0393e+05
2.0000e+05	1.0352e+05
2.0000e+05	1.0394e+05
2.0000e+05	1.0473e+05
2.0000e+05	1.0424e+05
2.0000e+05	1.0436e+05
2.0000e+05	1.0342e+05
2.0000e+05	1.0319e+05
2.0000e+05	1.0389e+05
2.0000e+05	1.0389e+05
2.0000e+05	1.0440e+05
2.0000e+05	1.0401e+05
2.0000e+05	1.0373e+05
2.0000e+05	1.0390e+05
2.0000e+05	1.0364e+05
2.0000e+05	1.0421e+05
2.0000e+05	1.0470e+05
2.0000e+05	1.0392e+05
2.0000e+05	1.0395e+05
2.0000e+05	1.0438e+05
2.0000e+05	1.0391e+05
2.0000e+05	1.0437e+05
2.0000e+05	1.0420e+05
2.0000e+05	1.0409e+05
2.0000e+05	1.0449e+05
2.0000e+05	1.0425e+05
2.0000e+05	1.0473e+05
2.0000e+05	1.0436e+05
2.0000e+05	1.0390e+05
2.0000e+05	1.0351e+05
2.0000e+05	1.0427e+05
2.0000e+05	1.0435e+05
2.0000e+05	1.0453e+05
2.0000e+05	1.0439e+05
2.0000e+05	1.0432e+05
2.0000e+05	1.0376e+05
2.0000e+05	1.0377e+05
2.0000e+05	1.0370e+05
2.0000e+05	1.0358e+05
2.0000e+05	1.0432e+05
2.0000e+05	1.0408e+05
2.0000e+05	1.0432e+05
2.0000e+05	1.0349e+05
2.0000e+05	1.0386e+05
2.0000e+05	1.0373e+05
2.0000e+05	1.0328e+05
2.0000e+05	1.0315e+05
2.0000e+05	1.0352e+05
2.0000e+05	1.0323e+05
2.0000e+05	1.0346e+05
2.0000e+05	1.0295e+05
2.0000e+05	1.0337e+05
2.0000e+05	1.0322e+05
2.0000e+05	1.0288e+05
2.0000e+05	1.0276e+05
2.0000e+05	1.0286e+05
2.0000e+05	1.0268e+05
2.0000e+05	1.0277e+05
2.0000e+05	1.0227e+05
2.0000e+05	1.0246e+05
2.0000e+05	1.0232e+05
2.0000e+05	1.0214e+05
2.0000e+05	1.0209e+05
2.0000e+05	1.0245e+05
2.0000e+05	1.0237e+05
2.0000e+05	1.0222e+05
2.0000e+05	1.0157e+05
2.0000e+05	1.0169e+05
2.0000e+05	1.0140e+05
2.0000e+05	1.0130e+05
2.0000e+05	1.0160e+05
2.0000e+05	1.0147e+05
2.0000e+05	1.0166e+05
2.0000e+05	1.0099e+05
2.0000e+05	1.0125e+05
2.0000e+05	1.0096e+05
2.0000e+05	1.0062e+05
2.0000e+05	1.0132e+05
2.0000e+05	1.0019e+05
2.0000e+05	1.0040e+05
2.0000e+05	1.0070e+05
2.0000e+05	1.0063e+05
2.0000e+05	9.9880e+04
2.0000e+05	1.0045e+05
2.0000e+05	1.0029e+05
2.0000e+05	9.9820e+04
2.0000e+05	1.0060e+05
2.0000e+05	9.9735e+04
2.0000e+05	9.9823e+04
2.0000e+05	9.9754e+04
2.0000e+05	9.9574e+04
2.0000e+05	1.0000e+05
2.0000e+05	9.9631e+04
2.0000e+05	9.9259e+04
2.0000e+05	9.9018e+04
2.0000e+05	9.9578e+04
2.0000e+05	9.8804e+04
2.0000e+05	9.9107e+04
2.0000e+05	9.8984e+04
2.0000e+05	9.9767e+04
2.0000e+05	9.9657e+04
2.0000e+05	9.9002e+04
2.0000e+05	9.8527e+04
2.0000e+05	9.8221e+04
2.0000e+05	9.8657e+04
2.0000e+05	9.8420e+04
2.0000e+05	9.7567e+04
2.0000e+05	9.8416e+04
2.0000e+05	9.8657e+04
2.0000e+05	9.8554e+04
2.0000e+05	9.7769e+04
2.0000e+05	9.8072e+04
2.0000e+05	9.7788e+04
2.0000e+05	9.8063e+04
2.0000e+05	9.8033e+04
2.0000e+05	9.8094e+04
2.0000e+05	9.7783e+04
2.0000e+05	9.7850e+04
2.0000e+05	9.7646e+04
2.0000e+05	9.7255e+04
2.0000e+05	9.7238e+04
2.0000e+05	9.7138e+04
2.0000e+05	9.7272e+04
2.0000e+05	9.7724e+04
2.0000e+05	9.6673e+04
2.0000e+05	9.7100e+04
2.0000e+05	9.6977e+04
2.0000e+05	9.7134e+04
2.0000e+05	9.6964e+04
2.0000e+05	9.7136e+04
2.0000e+05	9.6962e+04
2.0000e+05	9.7328e+04
2.0000e+05	9.6609e+04
2.0000e+05	9.6440e+04
2.0000e+05	9.6607e+04
2.0000e+05	9.7270e+04
2.0000e+05	9.6994e+04
2.0000e+05	9.6170e+04
2.0000e+05	9.6751e+04
2.0000e+05	9.6444e+04
2.0000e+05	9.6586e+04
2.0000e+05	9.6136e+04
2.0000e+05	9.6561e+04
2.0000e+05	9.5984e+04
2.0000e+05	9.6560e+04
2.0000e+05	9.6212e+04
2.0000e+05	9.6571e+04
2.0000e+05	9.6110e+04
2.0000e+05	9.6115e+04
2.0000e+05	9.6360e+04
2.0000e+05	9.5698e+04
2.0000e+05	9.6169e+04
2.0000e+05	9.5576e+04
2.0000e+05	9.5689e+04
2.0000e+05	9.6499e+04
2.0000e+05	9.5653e+04
2.0000e+05	9.5686e+04
2.0000e+05	9.5762e+04
2.0000e+05	9.5554e+04
2.0000e+05	9.6258e+04
2.0000e+05	9.5853e+04
2.0000e+05	9.5755e+04
2.0000e+05	9.6072e+04
2.0000e+05	9.5520e+04
2.0000e+05	9.6245e+04
2.0000e+05	9.5697e+04
2.0000e+05	9.5633e+04
2.0000e+05	9.5815e+04
2.0000e+05	9.6315e+04
2.0000e+05	9.5824e+04
2.0000e+05	9.5830e+04
2.0000e+05	9.5611e+04
2.0000e+05	9.5667e+04
2.0000e+05	9.6262e+04
2.0000e+05	9.5435e+04
2.0000e+05	9.5950e+04
2.0000e+05	9.5647e+04
