2.0000e+04	3.4538e+01	1.7980e+02	-3.4949e+01	1.5864e+02	3.8571e+01	5.3747e+02	3.2635e+02	-2.7797e+02	-3.4748e+02	-3.5246e+02	1.3948e+02	5.6218e+02	1.4985e+02	4.9035e+02	-1.1761e+02	3.4929e+01	-3.3536e+02	-3.6461e+02	-2.9536e+02	2.0377e+02	2.3903e+02	-1.8778e+02	-2.6489e+02	6.5372e+02	-8.6847e+01	7.6484e+02	8.8438e+02	5.7359e+02	-1.9207e+02	1.0111e+02	-3.0471e+02	-2.0631e+02	-5.4325e+02	2.1281e+02	2.9273e+02	-9.2165e+01	5.5930e+01	5.5225e+02	2.8607e+02	9.2021e+01	1.3580e+02	1.1776e+02	-1.2653e+02	-5.3762e+02	2.3538e+02	9.7338e+01	3.5358e+02	2.2788e+02	1.8168e+02	6.6517e+02	2.6556e+02	-3.8071e+01	1.0595e+02	-1.7404e+02	-1.3782e+02	4.3180e+02	-4.5920e+01	2.0142e+02	1.6217e+02	-1.8199e+02	1.2173e+02	1.0197e+02	-5.8049e+02	2.9746e+01	2.3210e+02	8.3525e+02	2.1465e+02	-5.6273e+02	1.4344e+02	2.5758e+02	1.2606e+01	-6.1240e+01	2.0692e+02	2.3647e+02	4.3568e+02	-4.7819e+02	3.2057e+02	-3.4505e+02	-2.9335e+02	-3.0617e+01	2.6691e+02	-1.6369e+02	-1.5307e+02	3.2258e+02	-4.9418e+02	4.7419e+01	1.1947e+02	-3.7633e+02	-2.8845e+02	1.0297e+02	2.2209e+02	1.6150e+02	3.4724e+01	-1.1246e+02	-6.9255e+02	2.4234e+02	5.7816e+02	-7.9132e+01	-1.0529e+02	1.5466e+02	1.3535e+02	-6.4796e+02	1.1723e+02	-2.7399e+02	-3.1066e+02	7.9665e+01	-3.9573e+02	-2.6888e+00	6.6658e+02	-2.4612e+02	-3.1274e+02	6.0633e+02	1.9874e+02	-4.4018e+02	4.5743e+02	-4.5838e+02	-7.5559e+02	-2.6609e+02	-5.1556e+01	-6.3956e+02	-2.5705e+02	1.7377e+02	-9.2567e+01	-4.7344e+02	4.1000e+01	6.2976e+02	1.3123e+01	8.0917e+01	2.9021e+02	4.8404e+02	7.6339e+01	-1.5780e+02	1.1175e+02	4.7142e+02	-1.9830e+02	8.7871e+01	3.8648e+02	1.8012e+02	-5.7454e+02	-3.7725e+02	3.1692e+00	3.0607e+02	-2.2773e+01	1.2723e+02	1.2545e+02	-3.6867e+02	-2.4418e+02	-3.5930e+02	-1.9377e+02	-5.6832e+01	2.2097e+02	1.0437e+02	4.6689e+02	-2.3160e+02	-2.1769e+02	4.2127e+01	-5.4640e+02	4.4333e+01	4.4676e+02	7.9207e+02	5.6714e+02	1.0116e+02	4.1529e+02	-1.0550e+02	-6.0091e+01	3.3560e+02	2.9758e+02	-6.8616e+02	-9.1590e+01	-8.0177e+02	-5.6054e+02	1.2134e+02	4.4969e+02	7.8052e+01	-3.3137e+02	-4.3693e+02	-8.0578e+02	3.6879e+01	-9.8013e+02	1.4101e+02	-1.1267e+02	-4.8296e+02	-1.3446e+02	1.7234e+02	5.1989e+02	-4.6453e+02	-1.9607e+01	5.6254e+02	-3.1739e+02	-4.0582e+00	-4.9080e+02	-1.6307e+02	-8.2499e+01	2.0014e+02	5.3972e+02	2.9313e+02	-7.4361e+01	-3.1089e+02	-3.4226e+01	2.4110e+02
2.0000e+04	-1.2809e+03	-1.1777e+03	2.1822e+02	2.4851e+02	2.4679e+02	-2.7162e+02	-7.0796e+02	-1.1796e+03	-1.1193e+03	6.4347e+02	-4.8537e+02	-3.5574e+01	1.1064e+02	-2.4152e+02	-4.4437e+02	-7.3781e+02	1.6201e+02	-3.7137e+02	1.2253e+03	8.7916e+01	7.7355e+02	7.0225e+02	1.3746e+02	4.8116e+02	-2.2680e+02	-4.9900e+02	5.2321e+02	-4.3308e+02	-1.9606e+02	3.3453e+02	4.6470e+02	-1.6325e+03	7.9649e+02	1.3491e+03	2.1557e+02	5.4387e+02	-1.0922e+03	-8.5584e+02	-1.1766e+02	-4.8502e+00	-4.6165e+02	5.6906e+02	7.2882e+02	1.0170e+03	-6.3941e+02	6.5908e+02	8.0251e+02	1.2823e+03	1.2990e+03	9.5128e+02	9.8660e+02	-2.2763e+02	9.5673e+02	4.1325e+02	7.6918e+02	9.6204e+02	2.7033e+02	-1.3522e+03	-9.2712e+02	6.4689e+02	1.7662e+02	-7.5667e+01	6.6701e+01	-7.2265e+01	6.5553e+02	9.8034e+02	4.9181e+02	-3.1556e+02	-2.2364e-01	-2.6098e+02	5.8690e+01	3.4418e+02	-6.0372e+01	6.1427e+02	-2.0223e+02	-9.8932e+02	7.2465e+02	-5.5079e+02	2.2652e+00	1.1633e+03	5.9771e+02	-2.9068e+00	1.0244e+03	-2.2175e+02	6.5302e+02	8.7739e+01	-4.7112e+02	2.5964e+02	9.9119e+01	-1.8552e+02	3.3952e+02	-4.7638e+02	8.6768e+02	-1.3964e+03	2.9960e+02	-3.3676e+02	-1.2376e+02	-9.3656e+02	7.3915e+01	-2.2576e+02	5.2566e+01	-3.9354e+02	2.6300e+02	3.9402e+02	4.2846e+02	9.0448e+01	2.3624e+02	5.8013e+02	-2.7562e+02	-3.1975e+02	-2.4699e+02	-1.2389e+02	1.3595e+02	6.7015e+02	-3.5389e+02	-2.6590e+01	-2.5064e+02	1.2112e+03	-2.9768e+02	-1.1508e+03	-1.6806e+03	-1.0622e+02	5.5870e+02	6.5359e+01	-5.3402e+02	-8.9244e+01	-7.8273e+01	-1.1344e+02	1.2766e+03	3.7507e+02	-4.2695e+02	7.1947e+02	-3.1152e+02	-2.3863e+02	-8.7791e+02	-7.6649e+02	5.8165e+02	-7.3052e+02	7.2526e+02	3.2677e+02	3.2930e+02	-3.2933e+02	2.8528e+02	-1.3309e+02	2.0892e+02	3.2023e+02	2.2992e+02	1.5853e+02	-4.8673e+02	-5.8770e+02	8.1242e+02	-3.0393e+02	-7.6893e+01	-4.1921e+02	5.0162e+02	5.8727e+02	-1.1053e+03	2.8570e+02	3.0152e+02	1.3676e+01	-7.4157e+01	-3.0096e+02	-1.3210e+03	2.4220e+02	5.6469e+02	3.1131e+02	5.5939e+01	4.3390e+02	-1.5770e+02	5.6810e+02	2.1023e+01	1.4577e+02	-2.4475e+02	3.5065e+02	5.5459e+01	3.7433e+02	3.5106e+02	-8.8129e+02	1.0325e+03	2.0100e+02	6.1715e+02	2.1148e+02	-4.2433e+02	8.3917e+02	7.2357e+01	-1.5453e+02	9.7332e+01	-6.0686e+02	8.7946e+02	-2.0690e+02	-7.0188e+02	-2.7844e+02	1.6213e+02	-3.7108e+01	2.9550e+02	4.5961e+02	5.1479e+02	-3.4316e+02	7.9248e+01	1.8701e+02
4.0000e+04	1.4352e+02	8.1363e+01	-8.3823e+01	4.4235e+01	4.5431e+02	1.1380e+03	-3.1879e+02	2.0557e+02	-2.3557e+01	3.4558e+01	2.4270e+01	2.6169e+02	5.1582e+00	6.5554e+01	-9.2942e+01	1.1081e+03	-4.5994e+02	-3.1681e+02	3.7085e+02	5.3984e+01	3.3318e+02	2.8598e+02	9.8978e+01	5.8026e+02	-3.0262e+02	7.9708e+02	3.6161e+02	9.7377e+02	1.3323e+02	1.0429e+02	-6.9169e+01	-2.4306e+02	-4.0595e+02	4.4278e+02	4.7443e+02	-3.8424e+02	2.8766e+02	4.3888e+02	5.3750e+02	-5.9495e+02	3.3733e+01	2.4018e+02	-1.5228e+02	-6.7992e+02	2.1923e+02	-2.1893e+02	3.2210e+02	-9.7693e+01	-3.7932e+02	2.8730e+02	6.5916e+02	4.0024e+01	-2.4890e+01	1.0417e+02	1.1670e+02	2.9669e+02	-5.0196e+02	2.3980e+02	-3.1258e+02	-1.4150e+02	-1.9977e+02	-3.8764e+02	-6.4312e+02	-3.7902e+02	4.2256e+02	1.0644e+03	-4.5758e+02	-3.9763e+02	1.0811e+03	6.6011e+02	-2.6610e+02	5.7292e+02	4.4787e+02	8.4944e+02	5.7869e+02	-2.9234e+02	4.0122e+02	-5.8314e+02	-2.7628e+02	2.0070e+02	-3.9523e+01	-5.1200e+02	1.0517e+02	1.4664e+02	-1.0043e+03	-1.0898e+01	2.8526e+02	-3.7979e+02	-8.9871e+01	-2.6152e+02	3.5075e+02	6.2296e+02	2.9696e+02	-3.8163e+02	-1.1047e+03	1.0219e+02	1.2564e+03	1.1563e+02	2.9828e+02	1.7912e+02	-2.3363e+02	-7.0279e+02	4.6319e+02	-2.6498e+02	-3.8552e+02	1.5983e+02	-5.6835e+02	-1.7310e+02	7.0264e+02	2.8599e+01	-4.1405e+02	5.7804e+02	4.2235e+02	-4.5975e+02	1.3392e+03	-9.3097e+02	-6.1301e+02	-1.5836e+02	-3.3084e+02	-1.1415e+03	-2.5789e+02	6.8293e+02	-2.9974e+02	-1.0489e+03	4.1003e+02	6.2882e+02	-9.2651e+02	6.0010e+02	1.2400e+03	9.7938e+02	1.8101e+02	-9.4636e+01	1.1167e+02	2.8811e+02	-5.0835e+01	2.1687e+02	-1.7832e+02	1.6359e+02	-7.0461e+02	-1.9018e+02	4.5828e+02	8.7871e+02	-1.7633e+02	5.9204e+02	-2.8044e+02	-2.8016e+02	-2.1353e+02	4.0108e+02	-3.9101e+02	-3.6179e+02	7.8558e+02	1.8043e+02	7.6196e+02	-5.8011e+02	2.8700e+02	8.7220e+02	-4.3125e+02	-9.2044e+00	8.6443e+02	8.7283e+01	6.0663e+02	3.7054e+02	9.4371e+02	5.2054e+02	4.4479e+01	1.2216e+02	-1.0387e+02	-6.6436e+02	6.8521e+02	-2.2645e+02	-9.1401e+02	1.0754e+03	1.1365e+03	2.0216e+02	-1.9207e+02	-3.2297e+02	-3.3295e+02	2.1827e+02	-1.3773e+03	4.7834e+02	-5.9027e+02	-1.1000e+03	-4.2702e+02	1.1161e+02	7.9964e+02	-6.2423e+02	-2.9964e+02	3.5809e+01	-1.9961e+02	2.6751e+02	2.6512e+02	-1.9938e+02	1.0574e+02	2.0029e+02	7.1654e+02	4.3712e+02	2.2377e+02	-3.9494e+02	1.6126e+01	7.0482e+02
4.0000e+04	-1.2507e+03	-1.8636e+03	6.9403e+02	4.7628e+02	8.3502e+02	-2.9896e+02	-6.7085e+02	-1.3161e+03	-1.1606e+03	1.0187e+03	-5.6086e+02	-5.6166e+02	1.2534e+03	-3.0248e+02	-8.8339e+02	-1.0173e+03	8.9323e+02	-7.6481e+02	1.7082e+03	2.2291e+01	5.2834e+02	1.2388e+03	4.9794e+02	1.1903e+03	-1.8128e+02	1.3126e+02	1.1144e+03	-1.4934e+03	4.6853e+01	5.7889e+02	8.8753e+02	-1.7346e+03	8.5462e+02	1.0863e+03	-3.6816e+02	-8.2730e+01	-1.1368e+03	-1.1265e+03	-3.8944e+01	4.0590e+02	-1.2894e+03	-1.1390e+02	2.3027e+02	5.1332e+02	-1.3811e+03	6.7209e+02	4.6854e+02	1.1184e+03	4.7343e+02	-5.8611e+01	3.4003e+02	7.0729e+02	-2.7497e+02	9.9268e+02	6.2140e+02	3.1887e+01	1.1474e+03	-2.1528e+03	-1.9761e+03	8.9783e+02	3.0814e+02	-1.1902e+02	6.8037e+02	-3.0282e+02	8.6442e+02	1.7788e+03	1.2395e+03	-3.2815e+02	-7.9912e+01	-2.2817e+02	4.5358e+02	4.3373e+02	4.8682e+02	7.8899e+02	-8.4739e+02	-1.3539e+03	6.4067e+02	-8.4687e+02	7.1470e+02	4.1022e+02	6.4604e+01	6.2776e+02	3.4996e+02	-1.3604e+02	-1.4530e+02	6.8397e+01	5.2083e+02	5.0050e+02	-2.8496e+02	6.4917e+01	7.9328e+02	-2.0444e+03	1.5159e+02	-8.7905e+02	-8.1688e+02	-6.3438e+02	-2.0402e+02	-1.4833e+03	-6.5379e+02	-8.7251e+02	-3.9144e+02	-3.1394e+02	4.9453e+02	8.1735e+02	1.3692e+02	4.0040e+02	5.0091e+02	-1.3443e+01	-1.3607e+02	3.4652e+02	1.4056e+02	1.4331e+03	2.4774e+02	1.8663e+03	-3.5575e+02	8.7284e+02	-3.4307e+02	1.0860e+03	-1.5298e+02	-1.5215e+03	-1.2656e+03	-5.2620e+02	4.0653e+02	-1.4326e+03	-1.6822e+02	-3.1463e+02	7.4903e+02	3.0643e+02	1.2540e+03	-5.4527e+02	-6.8287e+01	-7.5569e+02	-2.5510e+02	-1.3747e+02	-9.6494e+02	-2.8239e+02	3.0896e+02	-4.2978e+02	1.4092e+03	-3.6867e+02	-2.2677e+02	-2.0542e+02	7.3528e+02	-1.3346e+03	-9.1708e+02	8.7967e+02	-9.7227e+02	-2.1708e+02	-9.3327e+02	-2.9785e+02	-9.1525e+01	-1.0746e+03	-5.0489e+02	-3.9979e+01	1.2337e+03	4.1645e+02	-2.3452e+02	6.7794e+02	-3.9693e+02	-9.5146e+02	-6.1521e+02	1.6555e+02	-1.2366e+03	3.7712e+02	1.4815e+03	-7.1463e+02	7.7254e+02	6.9805e+02	-3.6472e+02	3.4881e+02	1.7674e+02	7.3743e+02	-8.0962e+01	7.9580e+02	-5.0206e+02	2.9541e+02	1.1585e+03	-1.3730e+03	3.2923e+02	1.3968e+02	1.6233e+02	8.2314e+02	-6.5860e+02	1.3833e+03	-2.2718e+02	-6.0007e+02	-9.6819e+02	-1.5449e+03	7.0199e+02	-2.8284e+00	-1.1171e+03	-3.4350e+02	-1.6787e+02	2.5500e+02	1.0376e+03	5.7850e+02	3.0314e+01	-9.7734e+02	5.4556e+01	1.1767e+02
6.0000e+04	8.0289e+01	8.4856e+00	-4.6281e+00	-1.3078e+02	5.5977e+02	8.9323e+02	-6.6179e+02	2.3162e+02	-1.5717e+01	1.1879e+02	1.3270e+01	7.5399e+02	-7.2675e+02	-1.9995e+02	-8.2217e+02	1.4614e+03	-7.1178e+02	-1.3812e+02	1.3649e+02	-1.8381e+02	5.0345e+02	3.2477e+02	-2.5695e+02	9.3674e+02	-1.3159e+02	8.8333e+02	1.6302e+02	6.0852e+02	-4.6852e+02	-9.8358e+01	3.2413e+02	2.7115e+02	-6.1164e+02	5.2490e+02	7.5840e+01	-8.5060e+02	3.4899e+02	4.0050e+02	7.3219e+02	-5.4692e+02	8.9677e+02	2.9900e+02	-2.1258e+01	-1.2043e+03	-3.1503e+02	1.7729e+02	-2.0377e+01	-2.2173e+02	-8.8408e+02	3.3503e+02	3.4885e+02	-2.9894e+02	1.6584e+02	8.2159e+01	3.1316e+02	2.5438e+01	-8.2042e+02	2.3603e+02	-5.9905e+02	2.2467e+02	4.2163e+02	-5.4720e+02	-6.1786e+02	-2.2641e+02	4.5730e+02	8.8689e+02	-1.1937e+03	-1.0147e+03	1.0638e+03	1.8790e+02	1.4463e+02	5.1245e+02	6.1389e+02	5.9628e+02	-1.0698e+02	3.7074e+02	2.9055e+02	-9.9064e+02	-4.7243e+02	3.6749e+02	-3.9198e+02	-4.6193e+02	-6.1929e+02	6.3948e+02	-7.6921e+02	-4.6040e+02	3.7251e+02	1.2027e+02	-8.3377e+02	-3.3988e+02	4.4464e+02	4.8232e+02	-3.2459e+01	-5.4336e+02	-1.4577e+03	5.9812e+02	1.1469e+03	4.1947e+02	6.0892e+02	1.8303e+02	9.1274e+01	-9.1794e+02	-1.6600e+02	-3.7410e+02	-1.1095e+03	-3.7682e+02	-5.4902e+02	-1.9065e+02	6.7445e+02	-7.3635e+01	-1.3429e+02	3.3993e+02	6.9851e+01	-4.2001e+02	1.1307e+03	-1.1102e+03	-4.2382e+02	-4.2871e+02	-2.8318e+02	-9.2614e+02	-1.8492e+02	5.4617e+02	-3.9261e+02	-1.4246e+03	1.7739e+02	1.2013e+03	-6.3380e+02	6.3187e+02	1.0803e+03	9.1129e+02	-3.0996e+02	1.6577e+02	3.1759e+02	3.1016e+02	-1.1306e+02	5.6177e+02	-4.3445e+01	1.8056e+02	-3.6170e+02	-5.1826e+02	7.2752e+02	4.3068e+02	4.4660e+01	1.2161e+03	-7.8746e+02	-3.5733e+02	-2.2055e+02	3.5835e+02	-1.6022e+02	-4.9308e+02	6.8047e+02	1.8812e+02	1.1247e+03	-1.3554e+02	-9.2345e+01	8.4361e+02	-9.6640e+02	5.8329e+01	6.1258e+02	9.0170e+02	7.8190e+02	2.0082e+02	1.0364e+03	8.5361e+01	-1.1899e+02	-1.4687e+02	-4.4921e+02	-4.9918e+02	1.1324e+03	-6.6739e+02	-1.3243e+03	1.6767e+03	8.2983e+02	-5.5738e+01	-7.2338e+02	-3.8401e+02	-1.3169e+02	3.3188e+02	-1.1816e+03	6.7769e+02	-5.8300e+02	-1.5494e+03	-8.0729e+02	3.4622e+01	5.3934e+02	-6.2313e+02	-3.6629e+02	6.0447e+02	5.5211e+01	3.2672e+02	6.2997e+02	-2.7310e+02	-1.2102e+02	-5.1434e+02	5.3627e+02	4.5990e+01	4.4553e+02	-4.7938e+02	1.8390e+02	3.8386e+02
6.0000e+04	-2.3927e+03	-2.1748e+03	6.2503e+02	4.7004e+02	1.7268e+02	-1.2075e+02	-4.1789e+02	-1.0952e+03	-1.1664e+03	8.3481e+02	-5.1876e+02	-7.5753e+02	1.6396e+03	-6.5290e+02	-2.8737e+02	-1.3368e+03	1.5665e+03	-5.1334e+02	1.5875e+03	2.8775e+02	8.2313e+02	1.9207e+03	-4.2519e+02	4.6678e+02	5.9379e+01	-9.3229e+02	9.5089e+02	-1.7180e+03	1.7004e+02	8.1218e+01	4.1200e+02	-1.3211e+03	6.7149e+01	-1.7285e+02	-8.7178e+02	-1.5286e+03	-6.3766e+02	-8.0720e+02	4.1860e-01	1.0830e+03	-2.2564e+03	-4.2518e+02	-4.4014e+02	1.2425e+03	-2.0281e+03	6.0425e+02	-1.4062e+02	1.2332e+03	6.7858e+02	-4.4866e+02	-6.4985e+02	-1.0069e+03	-4.0873e+01	1.2539e+03	9.0717e+02	4.1175e+00	1.5679e+03	-2.4313e+03	-2.1949e+03	2.8182e+02	5.8155e+02	8.0761e+02	4.4819e+02	-1.3576e+03	8.1457e+02	9.7850e+02	1.6243e+03	-2.2939e+02	8.1018e+02	1.0351e+03	4.4583e+02	1.0085e+03	5.2601e+01	4.1134e+02	-1.2785e+03	-8.3462e+02	5.0964e+02	1.4575e+02	1.4311e+03	6.3482e+02	-4.5370e+02	1.5713e+03	-1.7037e+02	-9.2848e+02	7.5635e+02	-5.8478e+02	8.3802e+02	1.1179e+03	-8.7088e+02	5.8142e+02	1.1926e+03	-1.8770e+03	-1.2467e+02	-1.8448e+03	-1.1103e+03	-3.0468e+01	7.5355e+01	-1.5417e+03	-8.3761e+02	-1.8337e+02	-1.6654e+03	-1.7960e+02	3.4852e+02	3.0268e+02	-2.2951e+00	6.2998e+02	7.8691e+02	4.8982e+02	3.6475e+02	5.0201e+02	2.5485e+02	1.1229e+03	-2.3348e+02	1.8832e+03	-4.0125e+02	1.0749e+03	-9.3463e+02	7.5483e+02	-1.5878e+03	-1.9655e+03	4.6462e+02	-3.4515e+02	6.8503e+02	-1.4161e+03	-1.0184e+02	-1.6769e+03	2.8401e+02	-1.4241e+02	1.7295e+02	8.0189e+02	6.4168e+02	-1.7230e+02	-1.8001e+03	3.3532e+02	4.7672e+02	-1.9293e+02	1.5667e+03	1.1761e+02	1.3629e+03	-1.1004e+03	-4.0835e+02	-2.0037e+01	5.7084e+02	-1.0204e+03	-1.1815e+03	1.0323e+03	-3.5009e+02	3.0457e+02	-1.8855e+03	-7.9569e+02	1.2680e+02	-1.0408e+03	-1.3981e+03	-1.4825e+02	8.2608e+02	-7.8853e+02	-2.0490e+02	1.6460e+03	-8.3116e+02	4.1126e+01	-2.2428e+02	-2.0748e+01	-1.1299e+03	9.1957e+02	1.3884e+03	-1.5938e+03	-2.1929e+01	1.2264e+03	-1.2013e+03	9.3686e+00	-3.0869e+02	3.3637e+02	1.8554e+02	2.0584e+03	-7.0475e+02	6.0427e+02	7.0598e+02	-1.3995e+03	2.0198e+02	1.3915e+03	1.8817e+02	6.7449e+02	-1.4649e+03	1.0098e+03	-6.0049e+02	9.9223e+01	-8.3409e+02	-1.5074e+03	4.5274e+01	7.0872e+02	-8.1324e+02	-2.7478e+02	-7.5356e+02	-2.0560e+02	1.3977e+03	7.1152e+02	4.6225e+02	-9.6548e+02	5.4430e+02	-3.4395e+02
8.0000e+04	3.5194e+02	-4.3769e+02	-3.3386e+02	-2.6245e+02	7.2011e+02	9.2143e+02	-5.1398e+02	-4.3620e+02	3.6544e+02	1.8160e+02	-5.4775e+02	9.2126e+02	-3.0938e+02	-3.0804e+02	-5.5470e+02	1.1706e+03	-1.3284e+03	1.4935e+02	1.6288e+02	4.3853e+01	6.9744e+02	1.6434e+02	1.9526e+02	1.3683e+03	3.6026e+02	7.4968e+02	3.7028e+01	5.9624e+02	-1.0081e+02	-3.3874e+02	3.6892e+02	7.3433e+02	-5.9775e+02	4.7222e+02	4.8668e+02	-9.8943e+02	5.1476e+02	5.3134e+02	7.6058e+02	-6.8626e+02	7.6138e+02	3.3918e+02	2.6200e+02	-5.3898e+02	-9.1629e+02	4.2291e+02	-2.4546e+02	-9.5842e+00	-1.1147e+03	2.2137e+02	7.2185e+01	-5.7664e+02	1.8365e+02	7.9394e+02	3.2467e+02	-2.7554e+02	-6.2834e+02	-3.4401e+02	-1.5435e+02	4.6070e+02	2.9428e+02	-8.6019e+02	-1.2257e+03	3.0135e+02	1.7126e+02	1.1338e+03	-1.7708e+03	-2.5090e+02	4.2810e+02	-7.1630e+01	6.0281e+02	-2.1487e+02	7.9714e+02	1.0881e+03	-5.1006e+02	2.1404e+02	6.2628e+01	-1.0263e+03	-4.4749e+02	-3.9246e+01	-3.9616e+01	-3.5718e+02	-7.8172e+02	6.1497e+02	-8.5353e+02	-6.9187e+02	7.5207e+02	-2.7036e+02	-8.1083e+02	-2.6678e+02	8.6217e+02	2.2193e+02	-8.3934e+01	-5.6580e+02	-1.5830e+03	8.7810e+02	8.9284e+02	5.0436e+02	1.1453e+03	-4.4166e+02	-1.4777e+02	-1.2827e+03	1.1290e+02	-6.1160e+02	-1.0131e+03	-6.3288e+01	-4.2776e+02	-2.1506e+02	1.3216e+02	2.2782e+02	-4.3934e+01	7.1691e+02	-1.0314e+02	-8.3017e+02	6.8743e+02	-1.0805e+03	-3.3352e+02	-6.8867e+02	9.3720e-01	-1.6163e+03	6.8609e+01	6.3782e+02	-2.4987e+02	-1.7242e+03	-6.1957e+01	1.1190e+03	-1.0390e+03	5.4352e+02	1.1675e+03	1.0095e+03	-4.7004e+02	-3.2291e+02	7.6199e+02	7.9413e+02	-2.6204e+02	6.0607e+02	5.1433e+02	5.4638e+02	-1.5793e+02	-4.2356e+02	7.2424e+02	2.8041e+02	-1.3710e+02	5.9509e+02	-8.6769e+02	-7.6253e+02	1.1040e+02	-2.6665e+01	-3.1725e+02	-5.9747e+02	6.8161e+02	3.9388e+02	4.1361e+02	3.1734e+02	-5.3924e+02	6.1534e+02	-1.4446e+03	2.3709e+02	4.5177e+02	1.0883e+03	4.1648e+02	-2.1781e+02	1.4645e+03	8.5211e+02	-3.1828e+02	-1.6477e+02	-4.0843e+02	-7.5412e+02	7.0349e+02	-5.1945e+02	-2.1427e+03	1.7392e+03	8.4011e+02	-3.3471e+02	-8.0018e+02	1.0410e+02	1.7208e+02	9.9957e+01	-1.3401e+03	-1.2028e+02	-4.7993e+02	-1.8639e+03	-7.4105e+02	-3.0132e+02	7.4099e+01	-3.4189e+02	-3.5908e+02	6.7204e+02	3.1403e+02	4.5735e+02	7.5369e+02	1.9239e+02	2.4220e+02	-4.1438e+02	4.6519e+02	7.7924e+02	-3.3267e+01	-3.4853e+02	6.3622e+01	9.5712e+00
8.0000e+04	-2.4488e+03	-1.3949e+03	1.5035e+03	5.3049e+02	3.4205e+01	3.5850e+02	-1.3125e+03	-1.3621e+03	-1.0013e+03	1.2439e+03	5.5717e+02	-1.1503e+03	8.6545e+02	-1.5925e+03	-1.3734e+03	-2.4227e+03	1.9919e+03	7.6740e+01	9.3411e+02	7.8306e+02	1.4173e+03	2.0907e+03	-5.8249e+02	1.9348e+03	-2.8765e+02	-8.8176e+02	1.2186e+03	-1.0238e+03	5.0058e+02	4.3079e+02	6.0896e+02	-1.2427e+03	5.7585e+01	-5.6160e+02	-1.4378e+03	-1.7920e+03	-1.1575e+03	-3.5790e+02	-6.4591e+01	4.2435e+02	-2.7083e+03	-4.6655e+02	-4.8048e+02	2.1860e+03	-3.1646e+03	8.9368e+02	-8.3201e+02	8.1133e+02	1.0935e+03	-5.4101e+02	-9.0542e+02	-1.9509e+03	6.5596e+02	1.1319e+03	1.4333e+03	9.5673e+00	1.5713e+03	-2.4318e+03	-3.0019e+03	2.9899e+02	-6.0064e+02	9.3828e+02	2.8918e+02	-2.4703e+03	6.6722e+02	1.2352e+03	1.4251e+03	-1.8236e+02	1.0980e+03	1.6089e+03	-1.6832e+02	9.6549e+02	-1.4323e+02	4.7573e+02	-1.2721e+03	-1.5795e+03	-1.7025e+02	7.4041e+02	4.6826e+02	4.6380e+01	-5.1416e+02	2.4457e+03	-5.7374e+02	-3.1103e+02	1.5486e+03	-1.3170e+03	1.6862e+03	1.0473e+03	4.9611e+01	8.4357e+02	1.5260e+03	-1.7521e+03	2.9209e+02	-1.3959e+03	-1.4052e+03	-6.5278e+02	-3.7731e+02	-1.5261e+03	-6.6110e+02	-1.0919e+03	-1.6049e+03	4.8294e+02	-2.6721e+02	7.5219e+02	1.2121e+02	-1.4538e+02	1.0595e+03	3.1900e+01	7.1567e+02	4.3671e+02	7.5852e+02	9.9964e+02	-3.2819e+02	2.3638e+03	-8.4267e+02	-6.3039e+02	-5.1716e+02	3.9282e+02	-1.0255e+03	-1.8264e+03	6.2890e+02	6.0170e+01	8.8136e+02	-1.8494e+03	5.2964e+02	-2.0752e+03	1.4478e+03	-1.9319e+02	1.3914e+03	-5.5862e+02	1.3517e+03	-1.9027e+02	-1.0858e+03	3.4062e+02	1.4497e+03	-1.1399e+03	5.1536e+02	-2.6352e+02	1.4340e+03	-1.5688e+03	2.2776e+02	2.2819e+02	6.3259e+02	-1.6263e+03	-1.2309e+03	1.2805e+03	-4.1380e+02	-8.1301e+01	-1.1012e+03	-1.8591e+03	2.6963e+02	-9.0420e+01	-1.0661e+03	5.5269e+02	-4.6619e+02	-4.2081e+02	-3.6758e+01	1.3424e+03	-1.4701e+03	6.7776e+02	-1.7655e+01	-1.6197e+03	-1.3117e+03	4.3402e+02	6.6230e+02	-1.1365e+03	-4.5593e+02	1.2180e+03	-8.6477e+02	4.7524e+02	-8.9195e+02	1.0999e+03	-1.1918e+02	1.8895e+03	-6.6473e+02	8.5006e+02	-2.4872e+01	-1.4787e+03	1.0418e+03	1.5786e+03	-1.0313e+03	1.2784e+03	-3.1931e+02	1.1696e+03	-1.1796e+03	-4.9237e+02	1.5864e+02	-2.2283e+03	6.5303e+02	2.6119e+02	-1.1154e+03	-1.9836e+02	-7.5369e+02	6.2140e+02	2.4121e+03	1.7601e+03	2.5109e+02	-8.1593e+02	3.8324e+02	-2.6899e+02
1.0000e+05	1.1443e+02	-1.2758e+03	-2.3668e+02	-7.4078e+02	9.4320e+02	7.2176e+02	1.3557e+01	-5.9378e+01	6.1757e+02	-3.8657e+02	-9.3920e+02	9.0456e+02	-6.0625e+02	-6.5258e+01	-2.9882e+01	7.5194e+02	-1.5824e+03	4.1246e+02	3.3243e+02	2.9157e+02	9.6275e+02	1.1630e+02	-3.6298e+01	1.9275e+03	9.5059e+02	8.9148e+02	-6.5050e+02	9.3650e+02	-7.4171e+02	-5.8450e+02	7.5095e+02	7.9472e+02	-1.1929e+03	4.0585e+02	-1.6326e+02	-9.7541e+02	-3.3016e+01	8.1450e+02	3.9222e+02	-7.0286e+02	7.8188e+02	3.4664e+02	7.8253e+02	-1.1357e+03	-8.1267e+02	3.2139e+02	-5.1973e+02	4.1394e+02	-1.2280e+03	-1.0410e+02	2.0081e+02	-2.0179e+02	3.9732e+02	1.2856e+03	4.1963e+02	2.6936e+02	-6.0653e+02	-7.1152e+02	1.0603e+01	2.4721e+02	2.6292e+02	-9.3638e+02	-9.4312e+02	-1.1026e+02	-1.7344e+02	1.1909e+03	-1.5348e+03	-7.9005e+02	1.2075e+03	2.9547e+00	5.6363e+02	-2.1083e+01	1.0120e+03	6.0659e+02	-7.6452e+02	-4.1881e+02	1.2705e+02	-1.1129e+03	-3.3096e+02	5.7689e+02	6.3713e+01	-3.6681e+02	-7.0850e+02	5.5625e+02	-5.0363e+02	-1.0543e+03	3.9398e+02	2.3977e+02	-7.9751e+02	-5.3284e+02	1.4798e+03	6.5304e+02	3.9014e+02	-8.9708e+02	-1.5620e+03	9.4652e+02	6.1698e+02	4.2065e+02	7.0108e+02	-9.4246e+02	-8.4612e+02	-6.1634e+02	2.5507e+01	-4.5486e+01	-1.2468e+03	2.1932e+02	-5.0431e+02	-2.7398e+01	4.6472e+02	-2.9712e+02	4.5609e+00	7.6657e+02	2.2241e+02	-8.1978e+02	1.2409e+03	-2.0229e+02	-2.4341e+02	-4.6237e+02	-3.4424e+02	-1.6105e+03	-2.5083e+02	6.8243e+02	-8.0769e+02	-1.3647e+03	-5.0063e+02	1.0659e+03	-1.3108e+02	6.2160e+02	1.4570e+03	8.7630e+02	-4.9349e+02	-5.2541e+02	1.0024e+03	8.7115e+02	-1.8784e+02	4.8100e+02	2.5958e+02	7.7953e+02	2.2782e+01	-8.5682e+02	3.1281e+02	3.9385e+02	-1.3786e+02	1.2124e+03	-1.0075e+03	-3.5182e+02	-2.4782e+02	8.0204e+01	-6.2333e+02	-1.0356e+03	5.3390e+02	5.6153e+02	5.7277e+02	3.8731e+02	-4.6620e+02	8.6480e+02	-1.4869e+03	5.7167e+02	7.0563e+02	1.2526e+03	-5.0172e+02	-6.4405e+02	1.3723e+03	8.1051e+02	-6.3890e+02	-1.1240e+02	-8.0762e+02	-9.6780e+02	4.3386e+02	-4.3802e+02	-2.4383e+03	2.1990e+03	3.4141e+02	-3.5214e+02	-6.7772e+02	-1.6245e+01	1.5138e+02	-3.5688e+02	-1.1890e+03	-9.8377e+01	-2.9706e+02	-2.6609e+03	-8.9676e+02	-1.4583e+02	1.1122e+02	-4.9498e+01	-4.5819e+02	2.4751e+02	-6.3148e+02	1.0137e+03	3.2371e+02	2.3353e+02	6.8210e+01	-8.0954e+02	6.3638e+02	1.0619e+03	-2.5499e+02	-2.7868e+02	4.4545e+02	-4.1126e+02
1.0000e+05	-2.1068e+03	-2.3300e+03	9.5054e+02	1.3705e+03	1.9890e+01	9.0610e+02	-2.0543e+03	-1.6106e+03	-2.9753e+01	1.2167e+03	1.1570e+03	-1.4711e+02	1.6697e+03	-9.8642e+02	-1.2370e+03	-2.4831e+03	2.2953e+03	-3.4054e+02	1.8632e+03	1.6892e+02	1.3433e+03	2.1439e+03	2.4753e+02	1.2389e+03	1.3258e+03	-7.0273e+02	7.5886e+02	-1.3905e+03	5.4971e+02	-2.3153e+02	4.7760e+02	-4.4603e+02	-2.8622e+02	-4.7771e+02	-1.4718e+03	-1.0195e+03	-8.2097e+02	-1.3718e+03	1.1423e+02	5.2574e+02	-3.0536e+03	-9.1934e+01	-1.0574e+03	1.7149e+03	-3.8555e+03	6.8649e+02	-9.2427e+02	-7.7335e+01	1.7725e+03	-5.8556e+02	-5.6383e+02	-2.4397e+03	-4.8646e+02	1.3343e+03	2.5420e+02	9.4940e+01	1.7014e+03	-2.0968e+03	-2.6986e+03	7.3190e+02	-1.1292e+03	1.3593e+03	-1.2351e+02	-3.0581e+03	1.6464e+03	1.8560e+03	7.8297e+02	-4.9707e+02	1.6537e+03	8.3391e+02	-3.5701e+02	1.2129e+03	-2.8474e+01	5.2733e+02	1.0182e+02	-1.4470e+03	2.4582e+02	1.3795e+03	5.7023e+02	-3.1056e+01	-1.2273e+03	3.1442e+03	5.2200e+01	-3.4585e+02	1.3378e+03	-3.2470e+02	1.4357e+03	1.0639e+03	-1.3469e+01	4.6089e+02	5.7126e+02	-2.2403e+03	2.9092e+02	-9.8104e+02	-1.1709e+03	-7.4452e+02	-1.1652e+03	-1.2126e+03	-6.7877e+01	-5.4690e+02	-1.9399e+03	-1.5400e+02	-1.5656e+03	1.2360e+03	-7.1164e+02	6.4601e+02	1.1861e+03	-3.6362e+02	7.1616e+02	-1.3077e+02	5.0347e+02	-1.1769e+02	-6.9777e+02	2.9636e+03	-2.1011e+03	-8.0510e+02	-1.1323e+03	-2.1090e+02	-1.6766e+03	-1.8493e+03	2.6084e+02	-3.4539e+02	2.4066e+02	-2.7628e+03	8.2633e+02	-1.5334e+03	1.2888e+03	3.8813e+02	1.5681e+03	1.8146e+02	1.4380e+03	-5.8538e+02	-1.0868e+03	-1.5022e+02	2.6828e+03	-1.6175e+03	6.4192e+02	-6.1252e+02	1.8841e+03	-2.3355e+03	7.5672e+02	-9.4127e+02	1.8416e+03	-1.0801e+03	-1.2079e+03	1.1162e+03	7.4267e+02	5.2102e+01	-1.0248e+03	-2.1185e+03	5.8233e+01	1.1878e+02	-1.4204e+03	5.0608e+02	-1.0986e+02	-5.0686e+02	-2.9004e+02	2.1766e+03	-1.3617e+03	8.1410e+02	2.3653e+02	-1.3665e+03	-1.0476e+03	6.9388e+02	2.7642e+02	-1.2572e+03	3.3974e+02	1.4151e+03	-6.1524e+02	9.7240e+02	-7.2375e+02	1.8543e+03	-2.8049e+02	1.9491e+03	-5.4416e+02	5.9290e+02	4.9478e+02	-2.9287e+03	1.2880e+03	1.7100e+03	-9.1308e+02	1.1136e+03	-3.6506e+02	1.3492e+03	-1.6133e+03	-1.5390e+03	1.6309e+01	-2.3568e+03	6.2797e+02	-2.2100e+02	-1.3960e+03	-1.5935e+03	-8.4298e+02	6.8458e+02	2.3540e+03	1.8202e+03	3.0545e+02	-2.3440e+03	-1.4191e+02	-5.0810e+02
1.2000e+05	2.9348e+02	-1.3996e+03	-4.0984e+02	-1.4817e+03	1.0626e+03	9.6115e+02	-1.9479e+02	-8.4839e+01	1.1052e+03	-3.5932e+02	-1.8814e+03	1.1525e+03	-5.6738e+02	-1.7178e+02	-1.1979e+02	9.0266e+02	-2.0714e+03	7.2323e+02	2.9638e+02	8.0856e+02	5.7112e+02	-3.5449e+02	-2.2534e+02	1.8907e+03	8.1389e+02	7.2333e+02	-4.3208e+02	5.3485e+02	-6.9695e+02	-7.9507e+01	7.9604e+02	9.8171e+02	-1.2354e+03	-6.6088e+02	-3.7778e+02	-1.0830e+03	-3.3593e+02	4.1371e+02	6.3542e+02	-5.1465e+02	7.9519e+02	-3.8812e+02	7.1723e+02	-1.0954e+03	-9.0233e+02	6.7579e+02	-6.7432e+02	-9.8095e+01	-9.3176e+02	-3.8386e+01	3.5199e+02	2.2131e+02	-4.3723e+02	1.1251e+03	7.0138e+02	-1.0757e+01	-1.1893e+03	-2.8383e+02	-4.7737e+01	4.5788e+02	-6.4200e+01	-9.7966e+02	-7.2781e+02	-4.5718e+01	-5.3551e+02	2.6740e+02	-1.8640e+03	-1.3039e+02	1.4090e+03	-2.7022e+02	1.0031e+03	8.5970e+01	7.7371e+02	5.4979e+02	-9.7457e+02	-4.4353e+02	-3.0067e+01	-7.1397e+02	-3.3080e+02	6.9465e+02	3.4318e+02	-4.4717e+02	-9.5056e+02	2.4163e+02	-7.4057e+02	-1.3051e+03	6.4974e+02	8.9234e+01	-1.0789e+03	-6.8607e+02	1.0960e+03	9.5216e+02	-2.9885e+02	-1.4917e+03	-1.4158e+03	7.7055e+02	8.2632e+02	2.5455e+02	1.9853e+02	-1.5774e+03	-1.3554e+03	-9.7331e+02	7.1140e+02	-2.9314e+02	-1.1520e+03	-3.9513e+01	-1.0640e+02	4.2603e+02	8.9707e+02	6.1049e+02	-1.0184e+02	8.1502e+02	1.6470e+02	-1.5274e+03	1.9625e+03	-4.3704e+02	-3.8340e+02	-1.0751e+03	-9.3937e+02	-1.7153e+03	-7.2090e+02	6.0722e+02	-5.6783e+02	-1.0685e+03	-8.1273e+02	1.2289e+03	3.1366e+02	9.8374e+02	7.5823e+02	9.4407e+02	-1.0450e+03	-3.4029e+02	8.6943e+02	5.0240e+02	-8.2194e+00	1.1174e+03	-4.9590e+01	5.6779e+02	-3.5183e+02	-8.4718e+02	1.8978e+02	1.0841e+02	-4.3784e+02	1.2109e+03	-1.9415e+02	-1.2090e+02	-4.0143e+02	-1.5136e+02	-1.2834e+02	-1.1019e+03	4.8866e+02	3.7876e+02	4.6597e+02	3.5800e+02	3.7167e+02	1.2733e+03	-1.2302e+03	1.0715e+03	4.3141e+02	1.3539e+03	-2.4965e+02	-5.7726e+01	1.2382e+03	1.4804e+02	-1.0980e+03	-3.0471e+02	-7.2205e+02	-1.4068e+03	5.9975e+02	-7.0374e+02	-1.9961e+03	2.1097e+03	6.2596e+02	-3.4706e+02	-1.1429e+02	4.4000e+02	3.8838e+02	-1.9651e+02	-1.5139e+03	-1.8027e+02	-3.6099e+02	-3.3479e+03	-1.0630e+03	-1.6249e+02	-1.2739e+02	8.4443e+01	1.9720e+01	5.1694e+01	-1.2767e+03	1.2081e+03	3.0024e+02	1.6534e+02	6.1381e+02	-1.2270e+03	1.0455e+03	9.7662e+02	-7.8728e+02	9.9874e+01	4.7957e+02	-8.0355e+02
1.2000e+05	-1.7549e+03	-2.5842e+03	4.7318e+02	7.1492e+02	7.3595e+02	2.8473e+02	-2.1128e+03	-1.4077e+03	2.3477e+02	-3.3937e+02	8.6583e+02	-3.6576e+02	1.6458e+03	-1.2867e+03	-5.7336e+02	-3.0340e+03	2.3431e+03	-1.0809e+02	2.9050e+03	1.2866e+02	1.6327e+03	2.8248e+03	2.2401e+01	1.1684e+03	1.6398e+03	-8.3024e+02	1.2091e+03	-2.5252e+03	8.9111e+02	8.8199e+02	1.1049e+02	-7.6651e+02	-2.4448e+02	-9.7499e+02	-1.8435e+03	-8.2111e+02	-2.3258e+02	-8.5592e+02	1.6482e+02	-1.8057e+02	-2.4767e+03	-4.4493e+02	-9.9663e+02	1.4910e+03	-3.4618e+03	7.1183e+02	-4.7060e+02	-5.2879e+02	5.5725e+02	-5.6018e+02	-7.2073e+02	-1.3005e+03	-1.1810e+03	1.2848e+03	5.2247e+02	8.5308e+01	1.7008e+03	-2.4439e+03	-3.4506e+03	9.8797e+02	-4.9886e+02	8.7434e+02	-6.3503e+01	-3.4073e+03	6.0952e+02	2.9385e+03	1.2661e+03	-1.1214e+02	1.6901e+03	-3.1487e+01	-8.5141e+02	8.6042e+02	-4.3882e+02	2.2023e+03	-1.5274e+02	-1.7981e+03	1.5159e+03	8.5736e+02	1.0602e+03	-1.6974e+03	-1.5660e+03	3.1284e+03	9.5846e+02	-3.5018e+02	4.0603e+02	-5.8894e+02	2.0114e+03	6.8078e+02	-3.5381e+02	8.3588e+02	9.1171e+02	-2.6397e+03	2.1245e+02	-1.0861e+03	-3.4493e+02	-2.1656e+03	-7.0558e+02	-1.6069e+03	-8.2501e+01	3.5201e+02	-2.2798e+03	-1.1550e+03	-2.6313e+03	2.5697e+03	-9.8318e+02	7.5043e+02	2.1219e+03	-1.0836e+03	9.4944e+02	-4.3610e+02	8.7961e+02	-1.6146e+02	-9.2360e+02	2.6817e+03	-1.0758e+03	-1.7550e+01	-6.1486e+02	-2.5684e+02	-1.9910e+03	-2.6110e+03	5.2302e+02	-4.2738e+02	-4.8883e+02	-2.5614e+03	1.5466e+03	-1.6203e+03	1.2727e+03	-3.3943e+02	1.3918e+03	-6.6238e+02	1.7566e+03	-1.3464e+03	-1.1501e+03	-4.8592e+02	3.2890e+03	-1.4933e+03	2.9764e+02	-1.1831e+02	8.0923e+02	-1.9717e+03	1.1648e+03	-1.2349e+03	1.8235e+03	-1.9245e+03	-5.6886e+02	7.6257e+02	6.1663e+02	8.0968e+02	-1.1474e+03	-1.8989e+03	-3.4540e+01	1.3509e+03	-1.1225e+03	8.8039e+02	-6.9001e+02	-4.8911e+02	-1.1009e+02	1.9303e+03	-1.6849e+03	3.4965e+02	-1.0185e+02	-5.2614e+02	-1.7250e+03	4.2477e+02	6.5134e+02	-1.0868e+03	1.0542e+03	1.9663e+03	-1.6460e+02	-8.9481e+01	-1.6789e+03	8.9101e+02	8.8813e+02	2.7074e+03	-1.5910e+03	1.1858e+03	9.3564e+01	-2.9443e+03	2.1117e+03	5.4215e+02	-1.1608e+03	1.1601e+03	-5.9651e+02	1.1676e+03	-1.6772e+03	-1.4226e+03	-4.1125e+02	-2.0853e+03	-1.9684e+02	1.5180e+03	-1.3218e+03	-1.2343e+03	-1.0066e+03	6.0577e+02	1.6722e+03	2.5168e+03	2.9225e+02	-9.4636e+02	-7.3828e+01	2.5346e+02
1.4000e+05	3.5762e+02	-1.6400e+03	-5.5030e+02	-1.4570e+03	1.0203e+03	3.7766e+02	-7.3313e+02	2.8376e+02	1.3909e+03	-5.4107e+02	-1.5662e+03	9.1703e+02	-9.8784e+02	-2.6475e+02	-5.3057e+02	1.1630e+03	-2.1337e+03	3.9336e+02	1.0807e+02	8.6854e+02	9.9500e+02	-6.2405e+02	-1.8748e+02	1.9087e+03	8.5282e+02	4.0116e+02	-3.5091e+02	1.2602e+01	-4.9266e+02	1.2304e+02	3.7814e+02	4.5964e+02	-6.3525e+02	-1.0214e+03	-2.9157e+00	-9.0964e+02	6.6901e+02	7.9752e+02	7.9566e+02	-4.8042e+02	8.4808e+02	-3.1011e+02	1.2589e+03	-6.3905e+02	-9.9484e+02	4.8135e+02	-4.5709e+02	6.4223e+02	-9.9823e+02	-1.4845e+02	3.7549e+02	2.6498e+02	-3.3706e+02	8.1644e+02	1.1033e+03	4.0256e+02	-1.0757e+03	-5.9066e+02	-2.5188e+02	2.5609e+02	-7.7456e+02	-1.1138e+03	-9.4408e+02	-9.5392e+02	-7.7330e+01	2.7260e+02	-2.2446e+03	2.3414e+01	1.5801e+03	-7.4455e+02	1.4531e+03	9.3923e+01	1.2098e+03	3.9915e+02	-3.1826e+02	-5.1192e+02	-4.0181e+02	-6.1627e+02	-1.3564e+02	6.5787e+02	5.7074e+02	-3.8596e+02	-1.5581e+03	2.8959e+02	-1.0076e+03	-1.1950e+03	7.6812e+02	5.4123e+01	-9.5323e+02	-7.4414e+02	5.2041e+02	1.6178e+03	4.7163e+02	-1.1614e+03	-1.4311e+03	3.4362e+02	8.6616e+02	3.6423e+02	6.3484e+02	-1.6839e+03	-2.1465e+03	-6.4642e+02	6.1110e+02	-1.8501e+02	-1.6503e+03	1.5124e+02	-2.4243e+02	3.0718e+02	1.0557e+03	1.1005e+03	7.7415e+01	5.8959e+02	4.6160e+02	-1.9725e+03	2.0699e+03	-4.2156e+02	-1.8085e+02	-8.4525e+02	-2.0172e+02	-1.3112e+03	-9.1581e+02	1.0253e+03	-9.6344e+02	-9.9001e+02	-8.3739e+02	9.2814e+02	6.3949e+02	1.1617e+03	1.0649e+03	9.1163e+02	-8.5020e+02	-1.4316e+02	1.1799e+03	8.4067e+02	1.2838e+02	1.1409e+03	1.7102e+02	6.1793e+02	-2.8365e+02	-7.4361e+02	-2.1806e+01	4.2801e+02	-3.2598e+02	1.3083e+03	4.1642e+02	-3.3145e+02	-2.7116e+02	-5.5778e+02	-3.4857e+02	-1.5297e+03	1.2658e+02	1.4855e+02	6.6854e+02	2.5613e+02	6.4449e+02	1.8854e+03	-1.1730e+03	1.0102e+03	8.9057e+02	9.0526e+02	-4.8324e+02	1.6276e+02	1.5924e+03	1.1449e+02	-1.4977e+03	-3.1873e+02	-3.8874e+02	-1.4062e+03	-7.3717e+01	2.4405e+02	-2.5099e+03	1.5948e+03	6.0456e+02	-3.7541e+02	-4.5220e+01	8.8181e+02	1.1556e+02	-3.5718e+02	-1.8387e+03	-1.3829e+02	2.0133e+02	-3.3914e+03	-1.2227e+03	-5.5791e+02	-6.2758e+02	-4.6351e+02	3.3538e+02	4.5441e+01	-2.0391e+03	1.0882e+03	-1.1341e+02	9.9349e+02	8.6364e+02	-6.8834e+02	1.3023e+03	1.1653e+03	-1.1538e+03	-1.6507e+02	1.0148e+03	-3.8775e+02
1.4000e+05	-1.9642e+03	-1.6223e+03	3.4889e+02	1.9850e+02	1.1280e+03	7.0521e+02	-9.8787e+02	-1.4072e+03	4.9865e+02	3.8513e+01	7.1389e+02	-1.0150e+01	2.7207e+03	-1.5566e+03	-1.7408e+02	-2.6108e+03	2.3584e+03	3.1170e+02	3.5790e+03	4.6380e+02	1.4136e+03	2.6187e+03	-3.4478e+02	8.9530e+02	1.0960e+03	-8.9849e+01	5.3145e+02	-3.5868e+03	-1.2156e+02	1.4316e+03	-1.1659e+03	-1.0412e+03	4.3116e+02	-1.1455e+03	-1.5552e+03	2.6734e+02	1.4451e+02	-9.9962e+02	2.7445e+02	1.1782e+03	-1.9094e+03	-9.8509e+02	-1.0507e+03	2.2383e+03	-3.9915e+03	3.1388e+02	1.0124e+02	-1.2691e+03	7.7141e+02	-1.3874e+02	-6.8915e+02	-2.2923e+03	-6.1777e+02	1.4781e+03	-4.6781e+02	-2.7482e+01	1.3082e+03	-2.8448e+03	-3.6796e+03	1.9412e+03	-3.9619e+02	3.7449e+02	-1.0884e+03	-2.9226e+03	-2.3082e+02	2.0542e+03	1.7497e+02	3.4973e+01	9.6884e+02	1.1886e+02	-9.2968e+02	1.7924e+03	-9.4337e+02	2.1832e+03	-1.1709e+02	-1.6633e+03	3.6061e+02	7.5195e+02	4.8608e+02	-2.3615e+03	-1.9227e+03	3.3196e+03	1.5456e+02	5.5411e+02	1.9316e+02	7.1266e+01	8.3462e+02	2.1774e+02	-4.8186e+02	1.0750e+03	5.5695e+02	-2.5765e+03	1.1015e+03	-9.0249e+02	-4.3117e+02	-2.3193e+03	-5.4952e+02	-2.1442e+03	3.6050e+02	3.7658e+02	-1.8918e+03	-1.0703e+03	-2.6029e+03	2.3085e+03	-1.5315e+03	2.7230e+02	2.5982e+03	-1.3604e+03	4.1324e+02	-6.5940e+02	4.7564e+02	-1.4530e+02	-1.4267e+03	2.6116e+03	-8.1683e+02	-7.8076e+02	-1.3458e+03	-1.2923e+02	-2.2549e+03	-1.9560e+03	7.0685e+02	-1.0530e+02	1.8214e+02	-2.7663e+03	7.8540e+02	-1.0516e+03	1.2818e+03	-1.3903e+01	2.0478e+03	-9.7130e+02	2.2699e+03	-2.5043e+03	-1.1901e+03	-1.2311e+03	4.0643e+03	-9.6688e+02	3.4994e+02	-1.0895e+03	1.0234e+03	-2.5041e+03	8.6673e+02	-1.3649e+03	1.7317e+03	-8.2183e+02	-6.8708e+02	1.3998e+03	9.8696e+02	-3.0249e+01	-5.5853e+02	-8.9640e+02	1.1269e+03	1.3041e+03	-9.7091e+02	2.3081e+03	-2.2248e+02	-1.8737e+03	1.0261e+03	1.6933e+03	-1.7862e+03	7.0441e+02	-6.7835e+02	-7.5941e+02	-1.9222e+03	1.3124e+02	6.4480e+02	-2.0867e+03	1.0639e+03	1.8128e+03	2.7376e+02	-9.7428e+02	-1.5832e+03	7.2274e+01	1.5201e+03	3.2392e+03	-3.1715e+03	1.4289e+03	8.7705e+02	-3.1791e+03	2.2434e+03	2.5020e+02	-1.7703e+03	7.4031e+02	2.6094e+02	1.6847e+02	-1.9193e+03	-1.1599e+03	-8.6558e+02	-1.9895e+03	-6.0589e+02	1.7759e+03	-1.5662e+03	-2.6571e+03	-2.1558e+02	1.2203e+03	1.3952e+03	1.9442e+03	9.1117e+02	-5.3661e+02	-8.6288e+02	8.9689e+02
1.6000e+05	1.4523e+02	-1.6238e+03	-1.3760e+03	-1.6344e+03	1.1018e+03	3.4548e+02	-8.0619e+02	-4.4835e+02	9.7174e+02	1.8690e+02	-1.4859e+03	2.3955e+02	-2.5156e+02	-2.5850e+02	-1.4750e+02	7.3585e+02	-1.6451e+03	6.1362e+02	8.8642e+00	7.3823e+02	9.6602e+02	-1.2377e+03	-4.7612e+02	2.3241e+03	3.2820e+02	3.6636e+02	4.7908e+02	-3.2977e+02	-4.6310e+02	7.9403e+02	2.8104e+02	8.0355e+02	-8.6211e+02	-3.5007e+02	4.1325e+02	-1.2599e+03	3.6362e+02	1.0850e+03	2.9469e+02	-4.0034e+02	1.1614e+03	-5.3512e+01	1.7647e+03	-6.6978e+02	-1.0253e+03	1.2162e+03	-3.7820e+02	7.1405e+02	-8.5344e+02	-6.7982e+01	5.9904e+02	4.4388e+02	-1.1504e+03	5.2193e+02	7.7087e+02	2.8826e+02	-1.0551e+03	-7.2411e+02	-6.0808e+01	-9.8014e+01	-2.5060e+02	-1.3146e+03	-6.2571e+02	-8.5081e+02	3.9223e+02	1.4540e+02	-2.9417e+03	1.6991e+02	2.4789e+03	-8.3243e+02	1.6499e+03	-1.0872e+02	1.0872e+03	1.8631e+02	-5.6835e+02	-8.4357e+02	-6.5790e+02	1.1669e+02	-1.0856e+02	1.3871e+03	8.6565e+02	-5.2521e+02	-1.5855e+03	2.9818e+02	-2.0059e+02	-1.7528e+03	8.6447e+02	3.7874e+02	-1.4552e+03	-3.3756e+02	1.1369e+03	1.2887e+03	1.0251e+03	-3.1838e+02	-2.0452e+03	1.3762e+02	6.2104e+02	-2.7632e+02	5.3862e+02	-1.3225e+03	-2.6900e+03	-5.8898e+02	6.2935e+02	-3.7085e+02	-1.8983e+03	1.6811e+02	2.3329e+01	-2.6668e+02	3.4019e+02	1.4657e+03	-2.6277e+02	6.2165e+02	-2.0191e+02	-2.1054e+03	1.9668e+03	-6.6906e+02	-6.8466e+02	-5.3067e+02	-1.6862e+02	-1.2969e+03	-8.3119e+02	1.1420e+03	-1.1278e+03	-6.6228e+02	-7.0678e+02	1.1473e+03	1.0293e+03	1.4462e+03	1.0820e+03	9.1486e+02	-1.0413e+03	1.1859e+02	1.5063e+03	8.2038e+02	6.3723e+02	6.6669e+02	5.2747e+02	6.2684e+02	-2.8655e+02	-9.1061e+02	-1.9819e+02	6.6716e+02	-8.3724e+02	1.0456e+03	4.2112e+02	-6.7346e+02	-4.4099e+02	-8.2707e+02	-6.4770e+02	-1.3667e+03	-4.4411e+02	-1.3694e+02	4.4792e+02	4.3314e+02	6.9321e+02	1.4362e+03	-6.3202e+02	8.6327e+02	6.6700e+02	1.2447e+03	-8.3838e+02	-4.1714e+02	1.7305e+03	-2.8853e+02	-1.5875e+03	-6.7999e+02	9.5510e+01	-1.0274e+03	3.3242e+01	3.6346e+02	-1.9084e+03	1.4639e+03	6.7135e+02	2.5450e+02	1.1156e+02	9.4674e+02	2.6089e+02	-4.0571e+01	-1.4952e+03	-5.8359e+02	-3.0447e+02	-3.7442e+03	-1.5115e+03	-9.6680e+02	-3.0600e+02	-6.9238e+02	7.8697e+01	3.6223e+02	-2.4014e+03	1.2408e+03	-2.3993e+02	8.6794e+02	5.1545e+02	-9.7758e+02	7.7550e+02	9.5514e+02	-1.3766e+03	-1.1322e+02	9.0790e+02	-4.8062e+01
1.6000e+05	-1.8040e+03	-3.1610e+03	3.7298e+02	4.8309e+02	1.4510e+03	8.4748e+02	-8.6602e+02	-1.3317e+03	7.8045e+02	6.0023e+02	8.5272e+02	-3.5249e+02	2.1530e+03	-1.7179e+03	5.5170e+01	-2.2895e+03	2.8385e+03	6.6474e+02	3.6185e+03	1.2712e+03	1.3497e+03	1.9731e+03	-1.6704e+02	-9.8750e+00	1.4169e+03	-5.0121e+02	7.1100e+02	-2.2089e+03	-4.3871e+02	1.1085e+03	-1.5390e+03	-1.4632e+03	-1.4361e+01	-9.7697e+02	-1.2497e+03	-2.2969e+01	1.1646e+03	-1.6583e+03	1.0217e+03	1.3695e+03	-6.8958e+02	-3.2695e+02	-7.0294e+02	1.5130e+03	-3.2266e+03	5.5358e+02	-9.8544e+01	-1.8698e+03	6.4603e+02	3.8352e+02	-9.0463e+02	-1.4952e+03	1.9360e+02	1.6321e+03	-7.7973e+02	-1.4350e+03	1.9921e+03	-3.1499e+03	-3.8812e+03	1.5556e+03	1.2390e+02	8.2938e+02	-9.1245e+02	-3.0710e+03	5.0662e+02	2.1490e+03	1.6253e+02	-9.1029e+02	1.4064e+03	-4.5545e+02	-1.0506e+03	1.9332e+03	-1.0902e+03	8.3469e+02	-1.0507e+02	-5.9503e+02	-8.2611e+02	4.2362e+02	-6.9635e+01	-2.8600e+03	-1.9832e+03	3.2226e+03	-1.6321e+02	9.2274e+02	1.9290e+02	1.1855e+02	7.0578e+02	8.4923e+02	-8.0017e+02	1.7982e+03	7.1887e+02	-1.7599e+03	1.5498e+03	-5.0737e+02	-1.3756e+02	-6.6340e+02	1.0775e+02	-1.8544e+03	-4.4764e+02	1.1976e+03	-1.3921e+03	-1.0290e+03	-3.1404e+03	1.8673e+03	-2.2322e+03	9.1537e+01	1.7675e+03	-1.5854e+03	-7.4166e+02	-9.4068e+02	1.3118e+03	-4.3956e+02	-1.7637e+03	3.6708e+03	4.3499e+01	-9.2602e+02	-1.8964e+03	2.3265e+02	-2.3530e+03	-3.2320e+03	7.9783e+02	-3.4300e+02	-7.8576e+01	-3.0403e+03	1.3708e+03	-1.5447e+03	1.2989e+03	1.1980e+03	1.5999e+03	-1.9744e+03	2.4438e+03	-2.5301e+03	-2.4487e+03	-7.1414e+02	4.4003e+03	-1.5752e+03	1.5257e+03	-1.5109e+03	1.3631e+03	-2.0865e+03	1.0595e+03	-1.2588e+03	2.0824e+03	-3.5117e+02	-4.0134e+02	9.4842e+02	6.9234e+02	-5.8746e+02	-2.9177e+02	-9.1393e+02	5.2203e+02	1.2574e+03	-1.7733e+03	2.2969e+03	-6.0643e+02	-2.4568e+03	-5.8243e+02	2.1430e+03	-1.2639e+03	1.2812e+03	-5.6225e+02	1.8763e+00	-2.1378e+03	-3.1951e+02	2.8838e+01	-2.1281e+03	1.5005e+03	1.2304e+03	4.1370e+02	-1.8311e+03	-2.2076e+03	1.9852e+02	1.4714e+03	3.2095e+03	-3.4129e+03	8.3050e+02	-9.2644e+02	-4.1420e+03	2.4692e+03	2.0035e+02	-1.3862e+03	1.0399e+03	6.8127e+02	-5.8135e+02	-2.1267e+03	-1.5695e+03	-6.9727e+02	-9.9076e+02	-8.5440e+02	9.7933e+02	-8.3004e+02	-2.7351e+03	-4.6833e+02	1.4891e+03	1.4757e+03	1.7146e+03	2.0732e+03	-1.8679e+02	-1.7952e+03	1.0599e+03
1.8000e+05	-2.4931e+02	-1.5177e+03	-1.0890e+03	-1.4564e+03	1.0127e+03	-1.3679e+02	-1.8740e+03	-6.8930e+02	4.2617e+02	3.1862e+02	-1.6195e+03	7.8941e+02	-8.4473e+02	-4.5741e+02	-1.9472e+02	8.1678e+02	-1.8913e+03	-1.0088e+02	1.4529e+02	5.1090e+02	9.3077e+02	-1.2913e+03	-1.4680e+02	2.4386e+03	6.0774e+01	9.5676e+01	4.7969e+02	-1.1324e+02	-6.2980e+02	5.9708e+02	3.5654e+02	5.6664e+02	-2.5839e+02	-6.1405e+02	2.6733e+02	-4.6152e+02	7.6472e+02	1.5949e+03	1.1674e+03	-6.6736e+02	8.5645e+02	3.8491e+02	1.7086e+03	-5.8035e+02	-1.0191e+03	1.1753e+03	-8.5168e+01	2.2916e+02	-9.7731e+02	7.8992e+02	1.6813e+02	-2.1289e+02	-1.1857e+03	1.1857e+03	9.9888e+02	-1.1453e+02	-7.1315e+02	-7.0808e+02	3.2108e+02	9.9801e+01	-6.0603e+02	-1.1095e+03	-1.0869e+03	-4.2510e+02	-9.9960e+01	-3.0959e+02	-2.8837e+03	9.1309e+01	2.4475e+03	-7.1262e+02	2.0169e+03	-2.9495e+02	1.1347e+03	1.0177e+02	-6.9281e+02	-1.1223e+03	-7.7727e+02	-4.0487e+02	1.6004e+02	1.2310e+03	8.8533e+02	-3.1387e+02	-1.8673e+03	-1.9976e+01	-1.5729e+01	-1.3828e+03	6.7580e+02	6.8218e+02	-9.3642e+02	-3.4436e+02	1.1386e+03	9.4997e+02	7.9638e+02	-7.5241e+02	-1.5905e+03	5.3691e+02	3.5135e+02	-3.3856e+02	-1.2936e+02	-1.6638e+03	-2.9397e+03	-9.1212e+02	6.5230e+02	-5.6564e+02	-1.2104e+03	3.2822e+02	-5.1448e+01	-1.0760e+03	2.9703e+02	1.6269e+03	-7.5146e+02	4.7793e+02	-8.8043e+01	-2.9094e+03	2.0927e+03	-9.1050e+02	-2.9429e+02	-5.0429e+01	-7.5299e+02	-1.0491e+03	-1.3332e+03	1.2647e+03	-1.5218e+03	-6.6250e+02	-3.1240e+02	1.1445e+03	4.9499e+02	1.8011e+03	5.2893e+02	8.6627e+02	-7.5456e+02	4.0096e+02	1.1807e+03	9.6540e+02	1.9915e+02	9.2668e+02	6.5754e+02	5.1059e+01	-3.8892e+02	-4.3028e+02	-3.3815e+02	1.4226e+02	-1.3153e+03	1.0935e+03	4.9767e+02	-4.3961e+02	-6.9599e+02	-9.3953e+02	-7.5569e+02	-1.4053e+03	-9.4770e+02	-6.2622e+02	1.0926e+03	5.3983e+02	9.4330e+02	1.6992e+03	-4.7196e+02	9.5803e+02	1.2176e+03	1.3709e+03	-1.3238e+03	-7.6002e+02	2.5403e+03	8.3147e+02	-1.7916e+03	-1.1371e+03	7.6548e+02	-1.2372e+03	2.1618e+02	-3.3489e+01	-2.6986e+03	1.8500e+03	7.7244e+02	5.5524e+02	-1.4161e+02	9.6538e+02	1.0958e+03	2.4110e+02	-1.3164e+03	-4.2363e+02	-1.8536e+02	-4.0173e+03	-1.1386e+03	-8.2747e+02	-7.9630e+01	-1.0456e+03	3.9104e+02	1.1647e+02	-2.1317e+03	4.2453e+02	-2.2193e+02	9.4103e+02	5.1758e+02	-8.6569e+02	3.6653e+02	1.1555e+03	-1.7318e+03	3.9364e+02	5.1519e+02	7.2075e+02
1.8000e+05	-1.9676e+03	-2.7900e+03	8.1394e+02	5.5848e+02	1.3563e+03	3.4467e+02	-1.5427e+03	-1.4382e+03	1.5080e+03	2.8526e+02	8.1256e+02	-3.5083e+02	2.8828e+03	-6.7543e+02	5.7219e+02	-3.2250e+03	3.9435e+03	-1.1111e+03	4.7446e+03	4.8594e+02	2.1102e+03	1.9810e+03	-6.5661e+02	1.0597e+03	1.6118e+03	1.0994e+02	6.5433e+02	-2.8698e+03	-1.0359e+03	7.4159e+02	-2.9042e+03	-1.0550e+03	-2.6404e+02	-1.4815e+03	-1.3117e+03	5.1394e+02	2.0163e+03	-9.4948e+02	6.7476e+02	1.4749e+03	3.9654e+01	-1.4153e+03	-1.6952e+03	1.6117e+03	-3.1731e+03	3.0032e+02	-1.1198e+03	-1.6324e+03	6.9061e+02	8.1312e+02	-7.0831e+02	-9.1115e+02	5.2354e+02	1.6498e+03	-1.5037e+03	-2.2975e+03	7.9880e+02	-4.3196e+03	-5.6790e+03	2.6437e+03	2.8933e+02	4.2368e+02	-8.0149e+02	-2.9626e+03	3.2395e+02	3.1726e+03	9.4735e+02	-8.0010e+02	2.3431e+03	-1.1055e+03	-3.4494e+02	3.2146e+03	-7.2167e+02	1.4035e+03	3.2494e+02	-5.9165e+02	-1.5511e+03	8.7458e+02	5.1646e+02	-3.5730e+03	-1.0020e+03	3.2012e+03	-1.2473e+03	1.2498e+03	2.3035e+02	-4.6767e+02	8.5204e+02	6.8009e+02	-1.5423e+03	2.4164e+03	6.9522e+02	-1.5974e+03	1.7052e+03	5.5104e+02	1.0849e+03	-1.4242e+03	4.5446e+01	-9.9136e+02	1.9570e+02	6.1586e+02	-8.8769e+02	-3.6527e+02	-3.5106e+03	2.2030e+03	-1.4297e+03	2.2537e+02	1.6749e+03	-2.0035e+03	-2.6002e+02	-6.3573e+02	1.1023e+03	-9.9048e+02	-2.1952e+03	3.6897e+03	-1.0380e+03	-2.7430e+01	-2.7252e+03	2.9230e+02	-2.6001e+03	-4.3293e+03	1.4940e+03	-5.4351e+02	-2.4013e+02	-2.5197e+03	8.6101e+02	-8.0133e+02	5.3954e+02	1.2936e+03	1.2819e+03	-2.1631e+03	2.5844e+03	-2.8223e+03	-2.4671e+03	-9.5110e+02	4.7250e+03	-1.9400e+03	1.1474e+03	-1.9156e+03	1.6570e+03	-1.4254e+03	1.6088e+03	-1.3937e+03	2.1641e+03	-6.1769e+02	4.0025e+02	2.6440e+02	-4.6106e+02	-2.8775e+02	-1.7877e+03	-9.8747e+02	5.6836e+02	1.7700e+03	-1.1759e+03	2.4815e+03	-3.2013e+02	-2.0950e+03	-6.3800e+02	1.3906e+03	-1.4169e+03	5.5061e+02	2.5246e+02	5.7060e+02	-1.2533e+03	-8.2401e+02	2.8474e+02	-2.1952e+03	1.7848e+03	5.9026e+02	6.1803e+02	-2.0924e+03	-2.7595e+03	1.2165e+03	1.1685e+03	3.3985e+03	-3.5511e+03	4.8946e+02	-1.1424e+03	-4.0799e+03	2.4323e+03	-2.5572e+02	-2.3985e+03	1.2191e+03	9.3325e+02	-1.5235e+02	-2.8302e+03	-1.3605e+03	2.9604e+02	-1.5860e+03	-8.5123e+02	4.0401e+02	-7.4145e+02	-2.2099e+03	-5.7823e+02	2.1273e+03	1.7345e+03	8.8067e+02	2.1821e+03	1.7443e+01	-2.0648e+03	1.7079e+03
2.0000e+05	4.8757e+02	-6.8687e+02	-3.2643e+02	-1.0890e+03	8.8808e+02	4.2200e+02	-1.6220e+03	-1.0624e+03	-2.3570e+02	7.9789e+02	-1.2926e+03	6.4165e+02	-1.0831e+03	-8.1842e+02	-5.1689e+02	9.2789e+02	-1.8426e+03	-1.8443e+02	-2.1550e+02	1.2351e+03	1.9311e+03	-1.2476e+03	-3.9303e+02	2.0835e+03	2.1338e+02	-1.7542e+01	5.6053e+02	-2.4082e+02	-1.2156e+02	8.0809e+02	-3.7186e+02	2.5958e+02	2.2244e+02	-3.3417e+02	5.7416e+01	-6.3779e+02	9.9825e+02	1.2425e+03	1.2030e+03	-1.0025e+03	8.9641e+02	3.8097e+02	1.5291e+03	-3.5293e+02	-1.0165e+03	1.4962e+03	-3.8718e+02	6.5970e+02	-1.3853e+03	1.2089e+03	-7.3799e+01	-6.0786e+02	-1.1471e+03	1.3922e+03	1.1552e+03	-4.5919e+02	-1.0774e+03	-7.3989e+02	3.4719e+02	2.4806e+02	-3.2692e+02	-1.1282e+03	-1.5715e+03	-2.3808e+02	2.4694e+02	-2.6419e+02	-2.4704e+03	-5.8510e+02	2.6037e+03	-5.6366e+02	2.3201e+03	-4.5882e+02	1.4741e+03	6.5153e+02	-1.3587e+03	-6.1051e+02	-1.0749e+03	-3.0211e+02	5.8741e+02	1.4533e+03	1.1751e+03	-8.9174e+01	-1.5297e+03	8.0008e+02	8.7625e+01	-1.5195e+03	1.0638e+03	1.0603e+03	-9.3162e+02	-1.2334e+03	1.5782e+03	1.0992e+03	4.5583e+02	-8.2431e+01	-1.3385e+03	4.7143e+02	2.5299e+02	-8.1179e+02	-6.1326e+02	-1.8749e+03	-2.3777e+03	-4.0672e+02	4.7100e+02	-7.2384e+02	-1.7092e+03	1.4010e+02	-1.4832e+00	-1.2661e+03	5.8643e+02	1.9062e+03	-1.0388e+03	1.0696e+03	-5.7200e+02	-2.9042e+03	2.1955e+03	-7.8542e+02	-5.7140e+02	1.3121e+02	-7.2897e+02	-8.2901e+02	-1.2246e+03	1.4437e+03	-1.3754e+03	2.5365e+02	-2.6379e+02	1.1107e+03	7.7236e+02	1.7457e+03	4.1196e+02	9.6768e+02	-7.7761e+02	2.9161e+02	1.0561e+03	1.3691e+03	5.2327e+01	5.0452e+02	9.4290e+02	1.6994e+02	-1.2751e+02	2.8374e+01	-9.3305e+00	-6.2167e+00	-1.3585e+03	9.4510e+02	8.3958e+01	-6.4490e+02	-6.3263e+01	-1.1394e+03	-7.5349e+02	-1.0452e+03	-1.3487e+03	-5.3916e+02	4.7809e+02	3.8271e+02	1.3087e+03	1.5399e+03	-3.3285e+02	1.4774e+03	1.0429e+03	1.4617e+03	-1.8865e+03	-7.6525e+02	3.0072e+03	2.1526e+02	-2.1019e+03	-8.8751e+02	6.9456e+02	-1.5560e+03	-1.1481e+02	5.0468e+02	-2.8952e+03	2.0159e+03	8.4703e+02	1.0312e+03	2.2595e+02	9.7532e+02	7.1521e+02	2.3811e+02	-1.3987e+03	-8.4560e+02	-4.2228e+02	-3.7542e+03	-1.4991e+03	-7.8692e+02	1.2714e+02	-1.5871e+03	-1.6450e+02	2.9361e+02	-1.8319e+03	3.6174e+02	-1.5636e+02	1.1373e+03	3.1352e+02	-7.9703e+02	7.3535e+02	1.7495e+03	-1.2884e+03	3.0875e+02	1.5733e+02	6.9833e+02
2.0000e+05	-2.3601e+03	-2.7284e+03	8.3251e+02	1.0650e+03	1.6847e+03	3.8345e+02	-8.6898e+02	-1.0926e+03	1.6242e+03	1.0883e+03	1.4505e+03	3.6228e+02	2.5123e+03	-1.4156e+03	2.3860e+02	-3.7274e+03	3.5821e+03	1.1159e+02	4.3395e+03	1.1844e+03	2.2887e+03	2.9177e+03	-1.0506e+03	1.5074e+02	1.4450e+03	4.9616e+02	-4.9507e+02	-3.7570e+03	-1.4149e+03	1.0376e+03	-3.6119e+03	-1.1983e+03	1.2462e+02	-1.3528e+03	-1.8092e+03	9.9464e+02	2.5610e+03	-1.5632e+02	1.4876e+03	1.0231e+03	-8.1006e+02	-1.9221e+03	-1.6881e+03	1.7980e+03	-2.9691e+03	-3.1769e+02	-1.3994e+03	-1.3982e+03	8.1275e+02	6.6977e+02	3.3541e+02	-1.4894e+03	5.7534e+02	2.1336e+03	-2.0867e+03	-2.9170e+03	1.6575e+03	-4.5728e+03	-5.3999e+03	2.0510e+03	-2.5042e+02	1.2286e+03	-1.2333e+03	-2.0086e+03	8.4472e+02	3.4963e+03	1.0882e+03	-6.2065e+02	2.1001e+03	1.7279e+02	-3.2953e+02	2.0209e+03	-1.6956e+02	1.1187e+03	2.7667e+02	-9.7900e+02	-1.5583e+03	1.2878e+03	-8.5812e+02	-3.7515e+03	-3.8065e+02	3.6588e+03	-1.5497e+03	4.2441e+02	-3.4240e+01	-9.3956e+02	5.3711e+02	5.1057e+02	-1.2602e+03	1.7095e+03	1.4442e+03	-1.9407e+03	1.3097e+03	-6.1585e+02	1.0668e+03	-1.0084e+03	5.2574e+02	-5.5669e+02	-5.0085e+02	1.0705e+03	-1.2892e+03	2.0097e+02	-4.1579e+03	2.5723e+03	-2.3074e+03	1.9339e+02	1.6416e+03	-2.1386e+03	-5.4854e+02	5.1349e+02	-1.9056e+02	-1.1130e+03	-1.9105e+03	4.6982e+03	-1.4650e+03	6.5226e+02	-2.5569e+03	4.7957e+02	-3.3324e+03	-4.4997e+03	-5.8926e+02	-1.2814e+02	-8.7903e+02	-2.4284e+03	5.5959e+02	-3.9335e+02	1.4217e+03	1.7292e+03	2.3116e+03	-2.0658e+03	1.9461e+03	-2.6048e+03	-3.6513e+03	-2.2085e+03	4.2557e+03	-1.8651e+03	1.5461e+03	-1.3505e+03	1.6916e+03	-6.1724e+02	2.2523e+03	-2.0927e+03	2.9089e+03	-8.2737e+02	-2.7988e+02	-3.4352e+02	-1.3989e+03	2.8738e+02	-2.2253e+03	1.2386e+02	1.3097e+03	2.4299e+03	-1.7673e+03	1.8104e+03	-7.0209e+02	-2.2579e+03	3.3017e+02	8.1520e+02	-2.5956e+03	-4.3561e+02	8.0862e+02	-6.1480e+02	-1.4397e+03	-1.2680e+03	7.0521e+02	-2.9506e+03	2.1038e+03	1.1945e+03	1.0948e+03	-2.1691e+03	-2.6587e+03	2.2808e+03	1.5132e+03	3.6570e+03	-3.5150e+03	-1.8194e+02	-1.4654e+03	-4.2987e+03	1.6196e+03	-8.8364e+02	-2.6715e+03	6.6833e+02	1.1938e+01	-1.0516e+02	-3.0994e+03	-1.7395e+03	8.9763e+02	-2.2003e+03	-4.5169e+02	2.8929e+02	-9.4801e+02	-2.6751e+03	-9.2281e+02	3.3763e+03	1.5438e+03	6.4546e+02	2.6666e+03	-1.0488e+03	-3.0955e+03	2.0670e+03
