2.0000e+05	9.5156e+04
2.0000e+05	9.6149e+04
2.0000e+05	9.5780e+04
2.0000e+05	9.6123e+04
2.0000e+05	9.6120e+04
2.0000e+05	9.6736e+04
2.0000e+05	9.6751e+04
2.0000e+05	9.7034e+04
2.0000e+05	9.7525e+04
2.0000e+05	9.8795e+04
2.0000e+05	9.8666e+04
2.0000e+05	9.9591e+04
2.0000e+05	9.9577e+04
2.0000e+05	1.0069e+05
2.0000e+05	1.0126e+05
2.0000e+05	1.0144e+05
2.0000e+05	1.0239e+05
2.0000e+05	1.0321e+05
2.0000e+05	1.0330e+05
2.0000e+05	1.0440e+05
2.0000e+05	1.0426e+05
2.0000e+05	1.0455e+05
2.0000e+05	1.0366e+05
2.0000e+05	1.0383e+05
2.0000e+05	1.0369e+05
2.0000e+05	1.0460e+05
2.0000e+05	1.0501e+05
2.0000e+05	1.0409e+05
2.0000e+05	1.0386e+05
2.0000e+05	1.0346e+05
2.0000e+05	1.0314e+05
2.0000e+05	1.0359e+05
2.0000e+05	1.0401e+05
2.0000e+05	1.0442e+05
2.0000e+05	1.0488e+05
2.0000e+05	1.0356e+05
2.0000e+05	1.0385e+05
2.0000e+05	1.0339e+05
2.0000e+05	1.0369e+05
2.0000e+05	1.0475e+05
2.0000e+05	1.0416e+05
2.0000e+05	1.0403e+05
2.0000e+05	1.0476e+05
2.0000e+05	1.0459e+05
2.0000e+05	1.0410e+05
2.0000e+05	1.0373e+05
2.0000e+05	1.0380e+05
2.0000e+05	1.0470e+05
2.0000e+05	1.0430e+05
2.0000e+05	1.0408e+05
2.0000e+05	1.0441e+05
2.0000e+05	1.0409e+05
2.0000e+05	1.0472e+05
2.0000e+05	1.0434e+05
2.0000e+05	1.0394e+05
2.0000e+05	1.0409e+05
2.0000e+05	1.0398e+05
2.0000e+05	1.0414e+05
2.0000e+05	1.0441e+05
2.0000e+05	1.0385e+05
2.0000e+05	1.0439e+05
2.0000e+05	1.0409e+05
2.0000e+05	1.0413e+05
2.0000e+05	1.0387e+05
2.0000e+05	1.0306e+05
2.0000e+05	1.0363e+05
2.0000e+05	1.0408e+05
2.0000e+05	1.0370e+05
2.0000e+05	1.0370e+05
2.0000e+05	1.0380e+05
2.0000e+05	1.0314e+05
2.0000e+05	1.0310e+05
2.0000e+05	1.0291e+05
2.0000e+05	1.0361e+05
2.0000e+05	1.0375e+05
2.0000e+05	1.0307e+05
2.0000e+05	1.0306e+05
2.0000e+05	1.0341e+05
2.0000e+05	1.0296e+05
2.0000e+05	1.0231e+05
2.0000e+05	1.0236e+05
2.0000e+05	1.0211e+05
2.0000e+05	1.0266e+05
2.0000e+05	1.0267e+05
2.0000e+05	1.0273e+05
2.0000e+05	1.0238e+05
2.0000e+05	1.0191e+05
2.0000e+05	1.0180e+05
2.0000e+05	1.0202e+05
2.0000e+05	1.0202e+05
2.0000e+05	1.0173e+05
2.0000e+05	1.0123e+05
2.0000e+05	1.0155e+05
2.0000e+05	1.0169e+05
2.0000e+05	1.0044e+05
2.0000e+05	1.0165e+05
2.0000e+05	1.0131e+05
2.0000e+05	1.0113e+05
2.0000e+05	1.0112e+05
2.0000e+05	1.0095e+05
2.0000e+05	1.0109e+05
2.0000e+05	1.0089e+05
2.0000e+05	1.0071e+05
2.0000e+05	1.0034e+05
2.0000e+05	1.0058e+05
2.0000e+05	1.0048e+05
2.0000e+05	1.0053e+05
2.0000e+05	9.9793e+04
2.0000e+05	9.9774e+04
2.0000e+05	1.0005e+05
2.0000e+05	1.0023e+05
2.0000e+05	1.0003e+05
2.0000e+05	9.9922e+04
2.0000e+05	9.9285e+04
2.0000e+05	9.9538e+04
2.0000e+05	9.9538e+04
2.0000e+05	9.9716e+04
2.0000e+05	9.9251e+04
2.0000e+05	9.9671e+04
2.0000e+05	9.8893e+04
2.0000e+05	9.9215e+04
2.0000e+05	9.9381e+04
2.0000e+05	9.8824e+04
2.0000e+05	9.8567e+04
2.0000e+05	9.9276e+04
2.0000e+05	9.9263e+04
2.0000e+05	9.8379e+04
2.0000e+05	9.8533e+04
2.0000e+05	9.8776e+04
2.0000e+05	9.8261e+04
2.0000e+05	9.8699e+04
2.0000e+05	9.8420e+04
2.0000e+05	9.7860e+04
2.0000e+05	9.8159e+04
2.0000e+05	9.7914e+04
2.0000e+05	9.8109e+04
2.0000e+05	9.8536e+04
2.0000e+05	9.7436e+04
2.0000e+05	9.8008e+04
2.0000e+05	9.7873e+04
2.0000e+05	9.7604e+04
2.0000e+05	9.7386e+04
2.0000e+05	9.7541e+04
2.0000e+05	9.7935e+04
2.0000e+05	9.7547e+04
2.0000e+05	9.7315e+04
2.0000e+05	9.7202e+04
2.0000e+05	9.6568e+04
2.0000e+05	9.7502e+04
2.0000e+05	9.7097e+04
2.0000e+05	9.7079e+04
2.0000e+05	9.7368e+04
2.0000e+05	9.6692e+04
2.0000e+05	9.7276e+04
2.0000e+05	9.6533e+04
2.0000e+05	9.7002e+04
2.0000e+05	9.6427e+04
2.0000e+05	9.7045e+04
2.0000e+05	9.6652e+04
2.0000e+05	9.6924e+04
2.0000e+05	9.6406e+04
2.0000e+05	9.6808e+04
2.0000e+05	9.5965e+04
2.0000e+05	9.6193e+04
2.0000e+05	9.6366e+04
2.0000e+05	9.6340e+04
2.0000e+05	9.6327e+04
2.0000e+05	9.6258e+04
2.0000e+05	9.6301e+04
2.0000e+05	9.5747e+04
2.0000e+05	9.6210e+04
2.0000e+05	9.6326e+04
2.0000e+05	9.6600e+04
2.0000e+05	9.5527e+04
2.0000e+05	9.6231e+04
2.0000e+05	9.5710e+04
2.0000e+05	9.5553e+04
2.0000e+05	9.5649e+04
2.0000e+05	9.6083e+04
2.0000e+05	9.5701e+04
2.0000e+05	9.6020e+04
2.0000e+05	9.5802e+04
2.0000e+05	9.6070e+04
2.0000e+05	9.5389e+04
2.0000e+05	9.5870e+04
2.0000e+05	9.6162e+04
2.0000e+05	9.5143e+04
2.0000e+05	9.5778e+04
2.0000e+05	9.6022e+04
2.0000e+05	9.5548e+04
2.0000e+05	9.5388e+04
2.0000e+05	9.5336e+04
2.0000e+05	9.5867e+04
2.0000e+05	9.5783e+04
2.0000e+05	9.5996e+04
2.0000e+05	9.5654e+04
2.0000e+05	9.6041e+04
2.0000e+05	9.5957e+04
2.0000e+05	9.4837e+04
2.0000e+05	9.6055e+04
