4000	0	0	1145
4000	0.1	0	1086
4000	0.2	0	1101
4000	0.3	0	1117
4000	0.4	0	1224
4000	0.5	0	1238
4000	0.6	0	1309
4000	0.7	0	1366
4000	0.8	0	1462
4000	0.9	0	1587
4000	1	0	1746
4000	1.1	0	1913
4000	1.2	0	2170
4000	1.3	0	2327
4000	1.4	0	2697
4000	1.5	0	3202
4000	1.6	0	3737
4000	1.7	0	4436
4000	1.8	0	5552
4000	1.9	0	6931
4000	2	0	8941
4000	2.1	0	11261
4000	2.2	0	14818
4000	2.3	0	17961
4000	2.4	0	19475
4000	2.5	0	19214
4000	2.6	0	18895
4000	2.7	0	18577
4000	2.8	0	18510
4000	2.9	0	18836
4000	3	0	18862
4000	3.1	0	18925
4000	3.2	0	18990
4000	3.3	0	18852
4000	3.4	0	18799
4000	3.5	0	18923
4000	3.6	0	18940
4000	3.7	0	19204
4000	3.8	0	18994
4000	3.9	0	18977
4000	4	0	19062
4000	4.1	0	18799
4000	4.2	0	18851
4000	4.3	0	18746
4000	4.4	0	19032
4000	4.5	0	19070
4000	4.6	0	18830
4000	4.7	0	18958
4000	4.8	0	18841
4000	4.9	0	18765
4000	5	0	19000
4000	5.1	0	18796
4000	5.2	0	18097
4000	5.3	0	17617
4000	5.4	0	16733
4000	5.5	0	15548
4000	5.6	0	14395
4000	5.7	0	13341
4000	5.8	0	12180
4000	5.9	0	11108
4000	6	0	10102
4000	6.1	0	9112
4000	6.2	0	8525
4000	6.3	0	7832
4000	6.4	0	7162
4000	6.5	0	6401
4000	6.6	0	5991
4000	6.7	0	5501
4000	6.8	0	5035
4000	6.9	0	4736
4000	7	0	4426
4000	7.1	0	4054
4000	7.2	0	3820
4000	7.3	0	3720
4000	7.4	0	3342
4000	7.5	0	3279
4000	7.6	0	3014
4000	7.7	0	2967
4000	7.8	0	2778
4000	7.9	0	2602
4000	8	0	2404
4000	8.1	0	2434
4000	8.2	0	2310
4000	8.3	0	2186
4000	8.4	0	2076
4000	8.5	0	1939
4000	8.6	0	2016
4000	8.7	0	1920
4000	8.8	0	1776
4000	8.9	0	1793
4000	9	0	1661
4000	9.1	0	1697
4000	9.2	0	1591
4000	9.3	0	1529
4000	9.4	0	1496
4000	9.5	0	1472
4000	9.6	0	1426
4000	9.7	0	1376
4000	9.8	0	1394
4000	9.9	0	1339
4000	10	0	1315
4000	10.1	0	1341
4000	10.2	0	1332
4000	10.3	0	1281
4000	10.4	0	1249
4000	10.5	0	1194
4000	10.6	0	1163
4000	10.7	0	1149
4000	10.8	0	1161
4000	10.9	0	1173
4000	11	0	1167
4000	11.1	0	1114
4000	11.2	0	1097
4000	11.3	0	1098
4000	11.4	0	1099
4000	11.5	0	1108
4000	11.6	0	1107
4000	11.7	0	1081
4000	11.8	0	1109
4000	11.9	0	1098
4000	12	0	1052
4000	12.1	0	1129
4000	12.2	0	1056
4000	12.3	0	1136
4000	12.4	0	1067
4000	12.5	0	1046
4000	12.6	0	1102
4000	12.7	0	1136
4000	12.8	0	1119
4000	12.9	0	1100
4000	13	0	1054
4000	13.1	0	1119
4000	13.2	0	1051
4000	13.3	0	1139
4000	13.4	0	1099
4000	13.5	0	1088
4000	13.6	0	1129
4000	13.7	0	1073
4000	13.8	0	1178
4000	13.9	0	1033
4000	14	0	1078
4000	14.1	0	1113
4000	14.2	0	1055
4000	14.3	0	1050
4000	14.4	0	1133
4000	14.5	0	1027
4000	14.6	0	1077
4000	14.7	0	1094
4000	14.8	0	1076
4000	14.9	0	1083
4000	15	0	1073
4000	15.1	0	1099
4000	15.2	0	1094
4000	15.3	0	1107
4000	15.4	0	1083
4000	15.5	0	1148
4000	15.6	0	1052
4000	15.7	0	1157
4000	15.8	0	1075
4000	15.9	0	1128
4000	16	0	1043
4000	16.1	0	1062
4000	16.2	0	1067
4000	16.3	0	1101
4000	16.4	0	1113
4000	16.5	0	1117
4000	16.6	0	1125
4000	16.7	0	1024
4000	16.8	0	1136
4000	16.9	0	1031
4000	17	0	1057
4000	17.1	0	1063
4000	17.2	0	1100
4000	17.3	0	1124
4000	17.4	0	1037
4000	17.5	0	1063
4000	17.6	0	1004
4000	17.7	0	1129
4000	17.8	0	1076
4000	17.9	0	1113
4000	18	0	1076
4000	18.1	0	1139
4000	18.2	0	1115
4000	18.3	0	1111
4000	18.4	0	1077
4000	18.5	0	1102
4000	18.6	0	1142
4000	18.7	0	1061
4000	18.8	0	1065
4000	18.9	0	1093
4000	19	0	1069
4000	19.1	0	1141
4000	19.2	0	1092
4000	19.3	0	1096
4000	19.4	0	1052
4000	19.5	0	1073
4000	19.6	0	1116
4000	19.7	0	1114
4000	19.8	0	1097
4000	19.9	0	1137
8000	0	0	1057
8000	0.1	0	1058
8000	0.2	0	1190
8000	0.3	0	1193
8000	0.4	0	1182
8000	0.5	0	1246
8000	0.6	0	1306
8000	0.7	0	1389
8000	0.8	0	1422
8000	0.9	0	1635
8000	1	0	1738
8000	1.1	0	1879
8000	1.2	0	2095
8000	1.3	0	2435
8000	1.4	0	2767
8000	1.5	0	3191
8000	1.6	0	3678
8000	1.7	0	4507
8000	1.8	0	5508
8000	1.9	0	6904
8000	2	0	8757
8000	2.1	0	11469
8000	2.2	0	14659
8000	2.3	0	18157
8000	2.4	0	19989
8000	2.5	0	19404
8000	2.6	0	18609
8000	2.7	0	18771
8000	2.8	0	18482
8000	2.9	0	18583
8000	3	0	18731
8000	3.1	0	18626
8000	3.2	0	18889
8000	3.3	0	18971
8000	3.4	0	19006
8000	3.5	0	18874
8000	3.6	0	18973
8000	3.7	0	19058
8000	3.8	0	18805
8000	3.9	0	18863
8000	4	0	18899
8000	4.1	0	18780
8000	4.2	0	18957
8000	4.3	0	19187
8000	4.4	0	18845
8000	4.5	0	18854
8000	4.6	0	18860
8000	4.7	0	18835
8000	4.8	0	18970
8000	4.9	0	18967
8000	5	0	18795
8000	5.1	0	18907
8000	5.2	0	18327
8000	5.3	0	17462
8000	5.4	0	16564
8000	5.5	0	15385
8000	5.6	0	14245
8000	5.7	0	13374
8000	5.8	0	12342
8000	5.9	0	11141
8000	6	0	10202
8000	6.1	0	9172
8000	6.2	0	8516
8000	6.3	0	7894
8000	6.4	0	7050
8000	6.5	0	6589
8000	6.6	0	5952
8000	6.7	0	5514
8000	6.8	0	5138
8000	6.9	0	4820
8000	7	0	4439
8000	7.1	0	4039
8000	7.2	0	3902
8000	7.3	0	3561
8000	7.4	0	3306
8000	7.5	0	3186
8000	7.6	0	3030
8000	7.7	0	2962
8000	7.8	0	2718
8000	7.9	0	2621
8000	8	0	2549
8000	8.1	0	2379
8000	8.2	0	2331
8000	8.3	0	2229
8000	8.4	0	2086
8000	8.5	0	2013
8000	8.6	0	1859
8000	8.7	0	1932
8000	8.8	0	1813
8000	8.9	0	1735
8000	9	0	1722
8000	9.1	0	1630
8000	9.2	0	1612
8000	9.3	0	1522
8000	9.4	0	1595
8000	9.5	0	1482
8000	9.6	0	1515
8000	9.7	0	1413
8000	9.8	0	1344
8000	9.9	0	1389
8000	10	0	1355
8000	10.1	0	1274
8000	10.2	0	1295
8000	10.3	0	1285
8000	10.4	0	1173
8000	10.5	0	1190
8000	10.6	0	1180
8000	10.7	0	1156
8000	10.8	0	1136
8000	10.9	0	1153
8000	11	0	1123
8000	11.1	0	1126
8000	11.2	0	1094
8000	11.3	0	1147
8000	11.4	0	1111
8000	11.5	0	1132
8000	11.6	0	1098
8000	11.7	0	1109
8000	11.8	0	1071
8000	11.9	0	1048
8000	12	0	1140
8000	12.1	0	1059
8000	12.2	0	1112
8000	12.3	0	1077
8000	12.4	0	1102
8000	12.5	0	1130
8000	12.6	0	1086
8000	12.7	0	1064
8000	12.8	0	1030
8000	12.9	0	1072
8000	13	0	1087
8000	13.1	0	1129
8000	13.2	0	1116
8000	13.3	0	1112
8000	13.4	0	1038
8000	13.5	0	1083
8000	13.6	0	1104
8000	13.7	0	1050
8000	13.8	0	1085
8000	13.9	0	1126
8000	14	0	1099
8000	14.1	0	1129
8000	14.2	0	1021
8000	14.3	0	1080
8000	14.4	0	1086
8000	14.5	0	1106
8000	14.6	0	1126
8000	14.7	0	1087
8000	14.8	0	1061
8000	14.9	0	1086
8000	15	0	1018
8000	15.1	0	1125
8000	15.2	0	1053
8000	15.3	0	1101
8000	15.4	0	1047
8000	15.5	0	1154
8000	15.6	0	1062
8000	15.7	0	1086
8000	15.8	0	1102
8000	15.9	0	1076
8000	16	0	1158
8000	16.1	0	1109
8000	16.2	0	1086
8000	16.3	0	1089
8000	16.4	0	1150
8000	16.5	0	1130
8000	16.6	0	1089
8000	16.7	0	1057
8000	16.8	0	1070
8000	16.9	0	1113
8000	17	0	1048
8000	17.1	0	1105
8000	17.2	0	1081
8000	17.3	0	1069
8000	17.4	0	1047
8000	17.5	0	1148
8000	17.6	0	1117
8000	17.7	0	1088
8000	17.8	0	1131
8000	17.9	0	1132
8000	18	0	1029
8000	18.1	0	1083
8000	18.2	0	1128
8000	18.3	0	1048
8000	18.4	0	1108
8000	18.5	0	1041
8000	18.6	0	1072
8000	18.7	0	1094
8000	18.8	0	1083
8000	18.9	0	1159
8000	19	0	1103
8000	19.1	0	1094
8000	19.2	0	1031
8000	19.3	0	1082
8000	19.4	0	1005
8000	19.5	0	1147
8000	19.6	0	1085
8000	19.7	0	1105
8000	19.8	0	1136
8000	19.9	0	1074
12000	0	0	1130
12000	0.1	0	1166
12000	0.2	0	1074
12000	0.3	0	1180
12000	0.4	0	1189
12000	0.5	0	1274
12000	0.6	0	1325
12000	0.7	0	1417
12000	0.8	0	1431
12000	0.9	0	1652
12000	1	0	1717
12000	1.1	0	1935
12000	1.2	0	2106
12000	1.3	0	2318
12000	1.4	0	2772
12000	1.5	0	3143
12000	1.6	0	3698
12000	1.7	0	4675
12000	1.8	0	5505
12000	1.9	0	7045
12000	2	0	8958
12000	2.1	0	11634
12000	2.2	0	14558
12000	2.3	0	17884
12000	2.4	0	19677
12000	2.5	0	19381
12000	2.6	0	18827
12000	2.7	0	18766
12000	2.8	0	18740
12000	2.9	0	18762
12000	3	0	18784
12000	3.1	0	18911
12000	3.2	0	18735
12000	3.3	0	19038
12000	3.4	0	18914
12000	3.5	0	18973
12000	3.6	0	18926
12000	3.7	0	18949
12000	3.8	0	18934
12000	3.9	0	18801
12000	4	0	19170
12000	4.1	0	18931
12000	4.2	0	18952
12000	4.3	0	19239
12000	4.4	0	18756
12000	4.5	0	18712
12000	4.6	0	18756
12000	4.7	0	18886
12000	4.8	0	19074
12000	4.9	0	18764
12000	5	0	18652
12000	5.1	0	18758
12000	5.2	0	18223
12000	5.3	0	17452
12000	5.4	0	16445
12000	5.5	0	15406
12000	5.6	0	14481
12000	5.7	0	13150
12000	5.8	0	12203
12000	5.9	0	11038
12000	6	0	10165
12000	6.1	0	9216
12000	6.2	0	8413
12000	6.3	0	7653
12000	6.4	0	7068
12000	6.5	0	6504
12000	6.6	0	6065
12000	6.7	0	5492
12000	6.8	0	5134
12000	6.9	0	4685
12000	7	0	4324
12000	7.1	0	4190
12000	7.2	0	3907
12000	7.3	0	3650
12000	7.4	0	3393
12000	7.5	0	3305
12000	7.6	0	3020
12000	7.7	0	2923
12000	7.8	0	2768
12000	7.9	0	2616
12000	8	0	2504
12000	8.1	0	2357
12000	8.2	0	2375
12000	8.3	0	2175
12000	8.4	0	2103
12000	8.5	0	1952
12000	8.6	0	2027
12000	8.7	0	1811
12000	8.8	0	1849
12000	8.9	0	1766
12000	9	0	1686
12000	9.1	0	1651
12000	9.2	0	1653
12000	9.3	0	1541
12000	9.4	0	1483
12000	9.5	0	1464
12000	9.6	0	1512
12000	9.7	0	1428
12000	9.8	0	1341
12000	9.9	0	1397
12000	10	0	1287
12000	10.1	0	1331
12000	10.2	0	1316
12000	10.3	0	1213
12000	10.4	0	1257
12000	10.5	0	1121
12000	10.6	0	1205
12000	10.7	0	1181
12000	10.8	0	1178
12000	10.9	0	1095
12000	11	0	1112
12000	11.1	0	1101
12000	11.2	0	1147
12000	11.3	0	1111
12000	11.4	0	1096
12000	11.5	0	1118
12000	11.6	0	1083
12000	11.7	0	1067
12000	11.8	0	1060
12000	11.9	0	1091
12000	12	0	1026
12000	12.1	0	1067
12000	12.2	0	1118
12000	12.3	0	1089
12000	12.4	0	1069
12000	12.5	0	1094
12000	12.6	0	1127
12000	12.7	0	1107
12000	12.8	0	1127
12000	12.9	0	1111
12000	13	0	1072
12000	13.1	0	1061
12000	13.2	0	1110
12000	13.3	0	1132
12000	13.4	0	1024
12000	13.5	0	1113
12000	13.6	0	1143
12000	13.7	0	1105
12000	13.8	0	1056
12000	13.9	0	1091
12000	14	0	1141
12000	14.1	0	1136
12000	14.2	0	1057
12000	14.3	0	1076
12000	14.4	0	1093
12000	14.5	0	1089
12000	14.6	0	1103
12000	14.7	0	1049
12000	14.8	0	1098
12000	14.9	0	1045
12000	15	0	1090
12000	15.1	0	1143
12000	15.2	0	1045
12000	15.3	0	1070
12000	15.4	0	1078
12000	15.5	0	1090
12000	15.6	0	1059
12000	15.7	0	1072
12000	15.8	0	1073
12000	15.9	0	1080
12000	16	0	1104
12000	16.1	0	1109
12000	16.2	0	1096
12000	16.3	0	1099
12000	16.4	0	1069
12000	16.5	0	1109
12000	16.6	0	1090
12000	16.7	0	1070
12000	16.8	0	1101
12000	16.9	0	1080
12000	17	0	1103
12000	17.1	0	1096
12000	17.2	0	1111
12000	17.3	0	1102
12000	17.4	0	1132
12000	17.5	0	1065
12000	17.6	0	1153
12000	17.7	0	1066
12000	17.8	0	1107
12000	17.9	0	1087
12000	18	0	1094
12000	18.1	0	1095
12000	18.2	0	1081
12000	18.3	0	1098
12000	18.4	0	1144
12000	18.5	0	1141
12000	18.6	0	1034
12000	18.7	0	1106
12000	18.8	0	1038
12000	18.9	0	1145
12000	19	0	1117
12000	19.1	0	1019
12000	19.2	0	1050
12000	19.3	0	1096
12000	19.4	0	1079
12000	19.5	0	1111
12000	19.6	0	1085
12000	19.7	0	1121
12000	19.8	0	1118
12000	19.9	0	1062
16000	0	0	1119
16000	0.1	0	1100
16000	0.2	0	1105
16000	0.3	0	1139
16000	0.4	0	1193
16000	0.5	0	1273
16000	0.6	0	1268
16000	0.7	0	1458
16000	0.8	0	1520
16000	0.9	0	1561
16000	1	0	1737
16000	1.1	0	1939
16000	1.2	0	2140
16000	1.3	0	2349
16000	1.4	0	2755
16000	1.5	0	3176
16000	1.6	0	3768
16000	1.7	0	4477
16000	1.8	0	5452
16000	1.9	0	6923
16000	2	0	8919
16000	2.1	0	11507
16000	2.2	0	14671
16000	2.3	0	17874
16000	2.4	0	19915
16000	2.5	0	19162
16000	2.6	0	18747
16000	2.7	0	18800
16000	2.8	0	18568
16000	2.9	0	18861
16000	3	0	18877
16000	3.1	0	18751
16000	3.2	0	18874
16000	3.3	0	18886
16000	3.4	0	18780
16000	3.5	0	19045
16000	3.6	0	18782
16000	3.7	0	18846
16000	3.8	0	19130
16000	3.9	0	18917
16000	4	0	18977
16000	4.1	0	18785
16000	4.2	0	18987
16000	4.3	0	18784
16000	4.4	0	18834
16000	4.5	0	19120
16000	4.6	0	18663
16000	4.7	0	18991
16000	4.8	0	18741
16000	4.9	0	19130
16000	5	0	18696
16000	5.1	0	18753
16000	5.2	0	18430
16000	5.3	0	17467
16000	5.4	0	16529
16000	5.5	0	15642
16000	5.6	0	14412
16000	5.7	0	12967
16000	5.8	0	12310
16000	5.9	0	11020
16000	6	0	10025
16000	6.1	0	9179
16000	6.2	0	8278
16000	6.3	0	7635
16000	6.4	0	7074
16000	6.5	0	6574
16000	6.6	0	6008
16000	6.7	0	5589
16000	6.8	0	5108
16000	6.9	0	4721
16000	7	0	4522
16000	7.1	0	4266
16000	7.2	0	3906
16000	7.3	0	3701
16000	7.4	0	3465
16000	7.5	0	3286
16000	7.6	0	3110
16000	7.7	0	2925
16000	7.8	0	2794
16000	7.9	0	2648
16000	8	0	2500
16000	8.1	0	2437
16000	8.2	0	2272
16000	8.3	0	2147
16000	8.4	0	2124
16000	8.5	0	2031
16000	8.6	0	2011
16000	8.7	0	1902
16000	8.8	0	1778
16000	8.9	0	1756
16000	9	0	1741
16000	9.1	0	1614
16000	9.2	0	1668
16000	9.3	0	1519
16000	9.4	0	1502
16000	9.5	0	1500
16000	9.6	0	1492
16000	9.7	0	1439
16000	9.8	0	1361
16000	9.9	0	1373
16000	10	0	1385
16000	10.1	0	1306
16000	10.2	0	1307
16000	10.3	0	1231
16000	10.4	0	1271
16000	10.5	0	1154
16000	10.6	0	1160
16000	10.7	0	1134
16000	10.8	0	1074
16000	10.9	0	1176
16000	11	0	1145
16000	11.1	0	1098
16000	11.2	0	1089
16000	11.3	0	1121
16000	11.4	0	1071
16000	11.5	0	1104
16000	11.6	0	1101
16000	11.7	0	1147
16000	11.8	0	1053
16000	11.9	0	1083
16000	12	0	1112
16000	12.1	0	1039
16000	12.2	0	1111
16000	12.3	0	1108
16000	12.4	0	1108
16000	12.5	0	1101
16000	12.6	0	1121
16000	12.7	0	1099
16000	12.8	0	1112
16000	12.9	0	1113
16000	13	0	1050
16000	13.1	0	1085
16000	13.2	0	1086
16000	13.3	0	1081
16000	13.4	0	1100
16000	13.5	0	1071
16000	13.6	0	1071
16000	13.7	0	1069
16000	13.8	0	1111
16000	13.9	0	1091
16000	14	0	1088
16000	14.1	0	1089
16000	14.2	0	1073
16000	14.3	0	1162
16000	14.4	0	1025
16000	14.5	0	1086
16000	14.6	0	1107
16000	14.7	0	1120
16000	14.8	0	1060
16000	14.9	0	1083
16000	15	0	1112
16000	15.1	0	1117
16000	15.2	0	1077
16000	15.3	0	1079
16000	15.4	0	1075
16000	15.5	0	1028
16000	15.6	0	1070
16000	15.7	0	1071
16000	15.8	0	1051
16000	15.9	0	1071
16000	16	0	1129
16000	16.1	0	1066
16000	16.2	0	1073
16000	16.3	0	1064
16000	16.4	0	1122
16000	16.5	0	1064
16000	16.6	0	1084
16000	16.7	0	1095
16000	16.8	0	1109
16000	16.9	0	1115
16000	17	0	1070
16000	17.1	0	1071
16000	17.2	0	1138
16000	17.3	0	1081
16000	17.4	0	1064
16000	17.5	0	1095
16000	17.6	0	1130
16000	17.7	0	1028
16000	17.8	0	1115
16000	17.9	0	1085
16000	18	0	1162
16000	18.1	0	1124
16000	18.2	0	1103
16000	18.3	0	1081
16000	18.4	0	1134
16000	18.5	0	1047
16000	18.6	0	1053
16000	18.7	0	1146
16000	18.8	0	1105
16000	18.9	0	1082
16000	19	0	1037
16000	19.1	0	1150
16000	19.2	0	1054
16000	19.3	0	1065
16000	19.4	0	1010
16000	19.5	0	1108
16000	19.6	0	1118
16000	19.7	0	1133
16000	19.8	0	1115
16000	19.9	0	1099
20000	0	0	1023
20000	0.1	0	1021
20000	0.2	0	1099
20000	0.3	0	1108
20000	0.4	0	1215
20000	0.5	0	1279
20000	0.6	0	1330
20000	0.7	0	1407
20000	0.8	0	1510
20000	0.9	0	1586
20000	1	0	1741
20000	1.1	0	1883
20000	1.2	0	2137
20000	1.3	0	2377
20000	1.4	0	2773
20000	1.5	0	3132
20000	1.6	0	3719
20000	1.7	0	4481
20000	1.8	0	5583
20000	1.9	0	6745
20000	2	0	8816
20000	2.1	0	11447
20000	2.2	0	14540
20000	2.3	0	17860
20000	2.4	0	19801
20000	2.5	0	19220
20000	2.6	0	18879
20000	2.7	0	18902
20000	2.8	0	18677
20000	2.9	0	18404
20000	3	0	18785
20000	3.1	0	18794
20000	3.2	0	18880
20000	3.3	0	18779
20000	3.4	0	19140
20000	3.5	0	18928
20000	3.6	0	18995
20000	3.7	0	19014
20000	3.8	0	18796
20000	3.9	0	18938
20000	4	0	18856
20000	4.1	0	18971
20000	4.2	0	18935
20000	4.3	0	18898
20000	4.4	0	18759
20000	4.5	0	19154
20000	4.6	0	18729
20000	4.7	0	18991
20000	4.8	0	18684
20000	4.9	0	18904
20000	5	0	18937
20000	5.1	0	18970
20000	5.2	0	18250
20000	5.3	0	17627
20000	5.4	0	16519
20000	5.5	0	15444
20000	5.6	0	14285
20000	5.7	0	13311
20000	5.8	0	12275
20000	5.9	0	11440
20000	6	0	10068
20000	6.1	0	9198
20000	6.2	0	8559
20000	6.3	0	7832
20000	6.4	0	7120
20000	6.5	0	6468
20000	6.6	0	6041
20000	6.7	0	5541
20000	6.8	0	5168
20000	6.9	0	4752
20000	7	0	4230
20000	7.1	0	4175
20000	7.2	0	3915
20000	7.3	0	3620
20000	7.4	0	3615
20000	7.5	0	3250
20000	7.6	0	3022
20000	7.7	0	2966
20000	7.8	0	2836
20000	7.9	0	2619
20000	8	0	2571
20000	8.1	0	2363
20000	8.2	0	2306
20000	8.3	0	2193
20000	8.4	0	2006
20000	8.5	0	2010
20000	8.6	0	2086
20000	8.7	0	1867
20000	8.8	0	1802
20000	8.9	0	1792
20000	9	0	1704
20000	9.1	0	1659
20000	9.2	0	1607
20000	9.3	0	1581
20000	9.4	0	1497
20000	9.5	0	1486
20000	9.6	0	1444
20000	9.7	0	1416
20000	9.8	0	1347
20000	9.9	0	1307
20000	10	0	1280
20000	10.1	0	1279
20000	10.2	0	1270
20000	10.3	0	1290
20000	10.4	0	1186
20000	10.5	0	1199
20000	10.6	0	1143
20000	10.7	0	1118
20000	10.8	0	1186
20000	10.9	0	1151
20000	11	0	1166
20000	11.1	0	1100
20000	11.2	0	1120
20000	11.3	0	1072
20000	11.4	0	1169
20000	11.5	0	1103
20000	11.6	0	1113
20000	11.7	0	1119
20000	11.8	0	1067
20000	11.9	0	1115
20000	12	0	1066
20000	12.1	0	1136
20000	12.2	0	1035
20000	12.3	0	1069
20000	12.4	0	1141
20000	12.5	0	1025
20000	12.6	0	1096
20000	12.7	0	1114
20000	12.8	0	1101
20000	12.9	0	1062
20000	13	0	1101
20000	13.1	0	1109
20000	13.2	0	1064
20000	13.3	0	1090
20000	13.4	0	1111
20000	13.5	0	1003
20000	13.6	0	1096
20000	13.7	0	1070
20000	13.8	0	1125
20000	13.9	0	1068
20000	14	0	1118
20000	14.1	0	1069
20000	14.2	0	1085
20000	14.3	0	1084
20000	14.4	0	1082
20000	14.5	0	1082
20000	14.6	0	1080
20000	14.7	0	1106
20000	14.8	0	1115
20000	14.9	0	1077
20000	15	0	1053
20000	15.1	0	1069
20000	15.2	0	996
20000	15.3	0	1070
20000	15.4	0	1045
20000	15.5	0	1024
20000	15.6	0	1067
20000	15.7	0	1074
20000	15.8	0	1051
20000	15.9	0	1080
20000	16	0	1115
20000	16.1	0	1097
20000	16.2	0	1031
20000	16.3	0	1064
20000	16.4	0	1098
20000	16.5	0	1071
20000	16.6	0	1104
20000	16.7	0	1095
20000	16.8	0	1108
20000	16.9	0	1082
20000	17	0	1097
20000	17.1	0	1147
20000	17.2	0	1090
20000	17.3	0	1112
20000	17.4	0	1113
20000	17.5	0	1116
20000	17.6	0	1111
20000	17.7	0	1153
20000	17.8	0	1101
20000	17.9	0	1072
20000	18	0	1112
20000	18.1	0	1123
20000	18.2	0	1109
20000	18.3	0	1185
20000	18.4	0	1106
20000	18.5	0	1088
20000	18.6	0	1106
20000	18.7	0	1065
20000	18.8	0	1097
20000	18.9	0	1060
20000	19	0	1037
20000	19.1	0	1115
20000	19.2	0	1095
20000	19.3	0	1087
20000	19.4	0	1051
20000	19.5	0	1078
20000	19.6	0	1147
20000	19.7	0	1123
20000	19.8	0	1066
20000	19.9	0	1096
