4000	0	0	1050
4000	0.1	0	1153
4000	0.2	0	1142
4000	0.3	0	1223
4000	0.4	0	1255
4000	0.5	0	1286
4000	0.6	0	1376
4000	0.7	0	1403
4000	0.8	0	1539
4000	0.9	0	1645
4000	1	0	1827
4000	1.1	0	2042
4000	1.2	0	2193
4000	1.3	0	2539
4000	1.4	0	2857
4000	1.5	0	3490
4000	1.6	0	4039
4000	1.7	0	4837
4000	1.8	0	5794
4000	1.9	0	7771
4000	2	0	9553
4000	2.1	0	12312
4000	2.2	0	15655
4000	2.3	0	18272
4000	2.4	0	19263
4000	2.5	0	18761
4000	2.6	0	18093
4000	2.7	0	18234
4000	2.8	0	18112
4000	2.9	0	18127
4000	3	0	18291
4000	3.1	0	18740
4000	3.2	0	18493
4000	3.3	0	18713
4000	3.4	0	18849
4000	3.5	0	18619
4000	3.6	0	18816
4000	3.7	0	18772
4000	3.8	0	18584
4000	3.9	0	18874
4000	4	0	18732
4000	4.1	0	18731
4000	4.2	0	18797
4000	4.3	0	18772
4000	4.4	0	18709
4000	4.5	0	18572
4000	4.6	0	18475
4000	4.7	0	18628
4000	4.8	0	18288
4000	4.9	0	18594
4000	5	0	18612
4000	5.1	0	18379
4000	5.2	0	17891
4000	5.3	0	17340
4000	5.4	0	16525
4000	5.5	0	15512
4000	5.6	0	14365
4000	5.7	0	13579
4000	5.8	0	12291
4000	5.9	0	11284
4000	6	0	10420
4000	6.1	0	9598
4000	6.2	0	8689
4000	6.3	0	8022
4000	6.4	0	7385
4000	6.5	0	6675
4000	6.6	0	6045
4000	6.7	0	5643
4000	6.8	0	5328
4000	6.9	0	4901
4000	7	0	4503
4000	7.1	0	4105
4000	7.2	0	4003
4000	7.3	0	3717
4000	7.4	0	3410
4000	7.5	0	3327
4000	7.6	0	3137
4000	7.7	0	2936
4000	7.8	0	2828
4000	7.9	0	2498
4000	8	0	2598
4000	8.1	0	2477
4000	8.2	0	2280
4000	8.3	0	2154
4000	8.4	0	2158
4000	8.5	0	2040
4000	8.6	0	1976
4000	8.7	0	1846
4000	8.8	0	1858
4000	8.9	0	1728
4000	9	0	1711
4000	9.1	0	1638
4000	9.2	0	1554
4000	9.3	0	1565
4000	9.4	0	1515
4000	9.5	0	1420
4000	9.6	0	1459
4000	9.7	0	1443
4000	9.8	0	1380
4000	9.9	0	1350
4000	10	0	1407
4000	10.1	0	1243
4000	10.2	0	1254
4000	10.3	0	1281
4000	10.4	0	1250
4000	10.5	0	1221
4000	10.6	0	1230
4000	10.7	0	1182
4000	10.8	0	1153
4000	10.9	0	1139
4000	11	0	1135
4000	11.1	0	1090
4000	11.2	0	1082
4000	11.3	0	1088
4000	11.4	0	1088
4000	11.5	0	1132
4000	11.6	0	1133
4000	11.7	0	1091
4000	11.8	0	1074
4000	11.9	0	1060
4000	12	0	1058
4000	12.1	0	1078
4000	12.2	0	1073
4000	12.3	0	1090
4000	12.4	0	1116
4000	12.5	0	1109
4000	12.6	0	1147
4000	12.7	0	1068
4000	12.8	0	1088
4000	12.9	0	1024
4000	13	0	1032
4000	13.1	0	1065
4000	13.2	0	1179
4000	13.3	0	1108
4000	13.4	0	1082
4000	13.5	0	1051
4000	13.6	0	998
4000	13.7	0	1074
4000	13.8	0	1129
4000	13.9	0	1079
4000	14	0	1119
4000	14.1	0	1151
4000	14.2	0	1072
4000	14.3	0	1070
4000	14.4	0	1057
4000	14.5	0	1110
4000	14.6	0	1080
4000	14.7	0	1032
4000	14.8	0	1127
4000	14.9	0	1057
4000	15	0	1066
4000	15.1	0	1139
4000	15.2	0	1090
4000	15.3	0	1115
4000	15.4	0	1069
4000	15.5	0	1117
4000	15.6	0	1109
4000	15.7	0	1083
4000	15.8	0	1144
4000	15.9	0	1119
4000	16	0	1126
4000	16.1	0	1114
4000	16.2	0	1072
4000	16.3	0	1097
4000	16.4	0	1099
4000	16.5	0	1062
4000	16.6	0	1107
4000	16.7	0	1088
4000	16.8	0	1080
4000	16.9	0	1080
4000	17	0	1063
4000	17.1	0	1130
4000	17.2	0	1055
4000	17.3	0	1123
4000	17.4	0	1058
4000	17.5	0	1069
4000	17.6	0	1121
4000	17.7	0	1113
4000	17.8	0	1142
4000	17.9	0	1104
4000	18	0	1116
4000	18.1	0	1090
4000	18.2	0	1080
4000	18.3	0	1144
4000	18.4	0	1106
4000	18.5	0	1095
4000	18.6	0	1069
4000	18.7	0	1039
4000	18.8	0	1118
4000	18.9	0	1106
4000	19	0	1145
4000	19.1	0	1115
4000	19.2	0	1148
4000	19.3	0	1082
4000	19.4	0	1153
4000	19.5	0	1155
4000	19.6	0	1089
4000	19.7	0	1100
4000	19.8	0	1125
4000	19.9	0	1125
8000	0	0	1162
8000	0.1	0	1126
8000	0.2	0	1189
8000	0.3	0	1206
8000	0.4	0	1331
8000	0.5	0	1269
8000	0.6	0	1307
8000	0.7	0	1327
8000	0.8	0	1537
8000	0.9	0	1632
8000	1	0	1770
8000	1.1	0	1981
8000	1.2	0	2357
8000	1.3	0	2509
8000	1.4	0	3000
8000	1.5	0	3440
8000	1.6	0	4025
8000	1.7	0	4832
8000	1.8	0	5938
8000	1.9	0	7451
8000	2	0	9681
8000	2.1	0	12360
8000	2.2	0	15538
8000	2.3	0	18620
8000	2.4	0	19516
8000	2.5	0	18571
8000	2.6	0	18188
8000	2.7	0	18104
8000	2.8	0	18111
8000	2.9	0	18326
8000	3	0	18449
8000	3.1	0	18582
8000	3.2	0	18788
8000	3.3	0	18610
8000	3.4	0	18716
8000	3.5	0	18564
8000	3.6	0	18831
8000	3.7	0	18815
8000	3.8	0	18923
8000	3.9	0	18811
8000	4	0	18500
8000	4.1	0	18720
8000	4.2	0	18855
8000	4.3	0	18694
8000	4.4	0	18685
8000	4.5	0	18696
8000	4.6	0	18688
8000	4.7	0	18547
8000	4.8	0	18461
8000	4.9	0	18496
8000	5	0	18372
8000	5.1	0	18516
8000	5.2	0	17837
8000	5.3	0	17206
8000	5.4	0	16365
8000	5.5	0	15757
8000	5.6	0	14492
8000	5.7	0	13240
8000	5.8	0	12430
8000	5.9	0	11508
8000	6	0	10395
8000	6.1	0	9592
8000	6.2	0	8687
8000	6.3	0	7886
8000	6.4	0	7118
8000	6.5	0	6659
8000	6.6	0	6150
8000	6.7	0	5509
8000	6.8	0	5165
8000	6.9	0	4749
8000	7	0	4467
8000	7.1	0	4166
8000	7.2	0	4051
8000	7.3	0	3724
8000	7.4	0	3435
8000	7.5	0	3287
8000	7.6	0	3039
8000	7.7	0	2887
8000	7.8	0	2739
8000	7.9	0	2666
8000	8	0	2631
8000	8.1	0	2316
8000	8.2	0	2326
8000	8.3	0	2245
8000	8.4	0	2224
8000	8.5	0	1969
8000	8.6	0	1945
8000	8.7	0	1902
8000	8.8	0	1836
8000	8.9	0	1749
8000	9	0	1761
8000	9.1	0	1610
8000	9.2	0	1644
8000	9.3	0	1644
8000	9.4	0	1461
8000	9.5	0	1428
8000	9.6	0	1469
8000	9.7	0	1383
8000	9.8	0	1349
8000	9.9	0	1368
8000	10	0	1348
8000	10.1	0	1272
8000	10.2	0	1232
8000	10.3	0	1234
8000	10.4	0	1258
8000	10.5	0	1225
8000	10.6	0	1161
8000	10.7	0	1190
8000	10.8	0	1113
8000	10.9	0	1169
8000	11	0	1144
8000	11.1	0	1147
8000	11.2	0	1135
8000	11.3	0	1125
8000	11.4	0	1065
8000	11.5	0	1061
8000	11.6	0	1170
8000	11.7	0	1097
8000	11.8	0	1104
8000	11.9	0	1038
8000	12	0	1075
8000	12.1	0	1070
8000	12.2	0	1122
8000	12.3	0	1082
8000	12.4	0	1042
8000	12.5	0	1078
8000	12.6	0	1066
8000	12.7	0	1091
8000	12.8	0	1113
8000	12.9	0	1086
8000	13	0	1069
8000	13.1	0	1099
8000	13.2	0	1064
8000	13.3	0	1116
8000	13.4	0	1069
8000	13.5	0	1083
8000	13.6	0	1031
8000	13.7	0	1091
8000	13.8	0	1055
8000	13.9	0	1100
8000	14	0	1032
8000	14.1	0	1152
8000	14.2	0	1035
8000	14.3	0	1062
8000	14.4	0	1044
8000	14.5	0	1042
8000	14.6	0	1080
8000	14.7	0	1027
8000	14.8	0	1078
8000	14.9	0	1159
8000	15	0	1102
8000	15.1	0	1132
8000	15.2	0	1052
8000	15.3	0	1110
8000	15.4	0	1090
8000	15.5	0	1094
8000	15.6	0	1122
8000	15.7	0	1122
8000	15.8	0	1081
8000	15.9	0	1101
8000	16	0	1150
8000	16.1	0	1102
8000	16.2	0	1108
8000	16.3	0	1091
8000	16.4	0	997
8000	16.5	0	1074
8000	16.6	0	1104
8000	16.7	0	1073
8000	16.8	0	1124
8000	16.9	0	1050
8000	17	0	1101
8000	17.1	0	1040
8000	17.2	0	1097
8000	17.3	0	1040
8000	17.4	0	1120
8000	17.5	0	1158
8000	17.6	0	1078
8000	17.7	0	1066
8000	17.8	0	1139
8000	17.9	0	1122
8000	18	0	1121
8000	18.1	0	1076
8000	18.2	0	1128
8000	18.3	0	1081
8000	18.4	0	1146
8000	18.5	0	1125
8000	18.6	0	1120
8000	18.7	0	1109
8000	18.8	0	1087
8000	18.9	0	1085
8000	19	0	1158
8000	19.1	0	1122
8000	19.2	0	1091
8000	19.3	0	1169
8000	19.4	0	1103
8000	19.5	0	1125
8000	19.6	0	1121
8000	19.7	0	1093
8000	19.8	0	1157
8000	19.9	0	1153
12000	0	0	1048
12000	0.1	0	1080
12000	0.2	0	1207
12000	0.3	0	1198
12000	0.4	0	1219
12000	0.5	0	1257
12000	0.6	0	1370
12000	0.7	0	1437
12000	0.8	0	1596
12000	0.9	0	1658
12000	1	0	1855
12000	1.1	0	2024
12000	1.2	0	2241
12000	1.3	0	2545
12000	1.4	0	2826
12000	1.5	0	3412
12000	1.6	0	4063
12000	1.7	0	4853
12000	1.8	0	6010
12000	1.9	0	7364
12000	2	0	9679
12000	2.1	0	12482
12000	2.2	0	15580
12000	2.3	0	18261
12000	2.4	0	19386
12000	2.5	0	18849
12000	2.6	0	18127
12000	2.7	0	18016
12000	2.8	0	18182
12000	2.9	0	18441
12000	3	0	18257
12000	3.1	0	18563
12000	3.2	0	18797
12000	3.3	0	18589
12000	3.4	0	18716
12000	3.5	0	18816
12000	3.6	0	18681
12000	3.7	0	18832
12000	3.8	0	18704
12000	3.9	0	18774
12000	4	0	18976
12000	4.1	0	18794
12000	4.2	0	18516
12000	4.3	0	18809
12000	4.4	0	18893
12000	4.5	0	18457
12000	4.6	0	18565
12000	4.7	0	18538
12000	4.8	0	18591
12000	4.9	0	18759
12000	5	0	18400
12000	5.1	0	18180
12000	5.2	0	17970
12000	5.3	0	17202
12000	5.4	0	16490
12000	5.5	0	15540
12000	5.6	0	14496
12000	5.7	0	13360
12000	5.8	0	12554
12000	5.9	0	11237
12000	6	0	10384
12000	6.1	0	9499
12000	6.2	0	8857
12000	6.3	0	7922
12000	6.4	0	7315
12000	6.5	0	6648
12000	6.6	0	5988
12000	6.7	0	5650
12000	6.8	0	5293
12000	6.9	0	4858
12000	7	0	4556
12000	7.1	0	4143
12000	7.2	0	4019
12000	7.3	0	3684
12000	7.4	0	3402
12000	7.5	0	3298
12000	7.6	0	3089
12000	7.7	0	2967
12000	7.8	0	2750
12000	7.9	0	2700
12000	8	0	2546
12000	8.1	0	2341
12000	8.2	0	2280
12000	8.3	0	2159
12000	8.4	0	2158
12000	8.5	0	1999
12000	8.6	0	2096
12000	8.7	0	2025
12000	8.8	0	1816
12000	8.9	0	1727
12000	9	0	1693
12000	9.1	0	1656
12000	9.2	0	1601
12000	9.3	0	1594
12000	9.4	0	1542
12000	9.5	0	1527
12000	9.6	0	1415
12000	9.7	0	1386
12000	9.8	0	1354
12000	9.9	0	1368
12000	10	0	1334
12000	10.1	0	1338
12000	10.2	0	1307
12000	10.3	0	1255
12000	10.4	0	1203
12000	10.5	0	1189
12000	10.6	0	1156
12000	10.7	0	1193
12000	10.8	0	1146
12000	10.9	0	1154
12000	11	0	1169
12000	11.1	0	1110
12000	11.2	0	1057
12000	11.3	0	1080
12000	11.4	0	1113
12000	11.5	0	1093
12000	11.6	0	1063
12000	11.7	0	1125
12000	11.8	0	1085
12000	11.9	0	1089
12000	12	0	1144
12000	12.1	0	1043
12000	12.2	0	1059
12000	12.3	0	1049
12000	12.4	0	1117
12000	12.5	0	1066
12000	12.6	0	1099
12000	12.7	0	1069
12000	12.8	0	1090
12000	12.9	0	1075
12000	13	0	1083
12000	13.1	0	1107
12000	13.2	0	1149
12000	13.3	0	1076
12000	13.4	0	1041
12000	13.5	0	1029
12000	13.6	0	1068
12000	13.7	0	1146
12000	13.8	0	1072
12000	13.9	0	1078
12000	14	0	1058
12000	14.1	0	1053
12000	14.2	0	1096
12000	14.3	0	1064
12000	14.4	0	1092
12000	14.5	0	1049
12000	14.6	0	1072
12000	14.7	0	1110
12000	14.8	0	1093
12000	14.9	0	1107
12000	15	0	1071
12000	15.1	0	1095
12000	15.2	0	1085
12000	15.3	0	1072
12000	15.4	0	1105
12000	15.5	0	1113
12000	15.6	0	1142
12000	15.7	0	1066
12000	15.8	0	1101
12000	15.9	0	1056
12000	16	0	1139
12000	16.1	0	1053
12000	16.2	0	1091
12000	16.3	0	1157
12000	16.4	0	1076
12000	16.5	0	1048
12000	16.6	0	1031
12000	16.7	0	1124
12000	16.8	0	1106
12000	16.9	0	1088
12000	17	0	1122
12000	17.1	0	1028
12000	17.2	0	1088
12000	17.3	0	1131
12000	17.4	0	1085
12000	17.5	0	1056
12000	17.6	0	1123
12000	17.7	0	1093
12000	17.8	0	1054
12000	17.9	0	1043
12000	18	0	1049
12000	18.1	0	1113
12000	18.2	0	1063
12000	18.3	0	1170
12000	18.4	0	1128
12000	18.5	0	1047
12000	18.6	0	1045
12000	18.7	0	1100
12000	18.8	0	1102
12000	18.9	0	1092
12000	19	0	1053
12000	19.1	0	1121
12000	19.2	0	1145
12000	19.3	0	1078
12000	19.4	0	1115
12000	19.5	0	1117
12000	19.6	0	1058
12000	19.7	0	1197
12000	19.8	0	1116
12000	19.9	0	1109
16000	0	0	1131
16000	0.1	0	1119
16000	0.2	0	1137
16000	0.3	0	1195
16000	0.4	0	1216
16000	0.5	0	1308
16000	0.6	0	1336
16000	0.7	0	1409
16000	0.8	0	1448
16000	0.9	0	1609
16000	1	0	1785
16000	1.1	0	2011
16000	1.2	0	2244
16000	1.3	0	2508
16000	1.4	0	2888
16000	1.5	0	3367
16000	1.6	0	3987
16000	1.7	0	4976
16000	1.8	0	6040
16000	1.9	0	7514
16000	2	0	9717
16000	2.1	0	12344
16000	2.2	0	15823
16000	2.3	0	18453
16000	2.4	0	19247
16000	2.5	0	18813
16000	2.6	0	18446
16000	2.7	0	17832
16000	2.8	0	18245
16000	2.9	0	18128
16000	3	0	18364
16000	3.1	0	18687
16000	3.2	0	18811
16000	3.3	0	18697
16000	3.4	0	18714
16000	3.5	0	18622
16000	3.6	0	18677
16000	3.7	0	18891
16000	3.8	0	18903
16000	3.9	0	18487
16000	4	0	18918
16000	4.1	0	18810
16000	4.2	0	18846
16000	4.3	0	18654
16000	4.4	0	18498
16000	4.5	0	18551
16000	4.6	0	18882
16000	4.7	0	18631
16000	4.8	0	18437
16000	4.9	0	18596
16000	5	0	18565
16000	5.1	0	18370
16000	5.2	0	17967
16000	5.3	0	17220
16000	5.4	0	16391
16000	5.5	0	15512
16000	5.6	0	14517
16000	5.7	0	13346
16000	5.8	0	12459
16000	5.9	0	11246
16000	6	0	10517
16000	6.1	0	9578
16000	6.2	0	8633
16000	6.3	0	7969
16000	6.4	0	7207
16000	6.5	0	6602
16000	6.6	0	6013
16000	6.7	0	5604
16000	6.8	0	5242
16000	6.9	0	4821
16000	7	0	4508
16000	7.1	0	4251
16000	7.2	0	3927
16000	7.3	0	3674
16000	7.4	0	3464
16000	7.5	0	3317
16000	7.6	0	3143
16000	7.7	0	2875
16000	7.8	0	2865
16000	7.9	0	2631
16000	8	0	2519
16000	8.1	0	2361
16000	8.2	0	2233
16000	8.3	0	2252
16000	8.4	0	2114
16000	8.5	0	2049
16000	8.6	0	1902
16000	8.7	0	1870
16000	8.8	0	1790
16000	8.9	0	1779
16000	9	0	1754
16000	9.1	0	1702
16000	9.2	0	1637
16000	9.3	0	1594
16000	9.4	0	1541
16000	9.5	0	1514
16000	9.6	0	1476
16000	9.7	0	1396
16000	9.8	0	1402
16000	9.9	0	1351
16000	10	0	1321
16000	10.1	0	1328
16000	10.2	0	1225
16000	10.3	0	1236
16000	10.4	0	1245
16000	10.5	0	1242
16000	10.6	0	1162
16000	10.7	0	1225
16000	10.8	0	1177
16000	10.9	0	1152
16000	11	0	1134
16000	11.1	0	1107
16000	11.2	0	1176
16000	11.3	0	1121
16000	11.4	0	1084
16000	11.5	0	1092
16000	11.6	0	1048
16000	11.7	0	1090
16000	11.8	0	1086
16000	11.9	0	1102
16000	12	0	1139
16000	12.1	0	1052
16000	12.2	0	1094
16000	12.3	0	1024
16000	12.4	0	1099
16000	12.5	0	1078
16000	12.6	0	1076
16000	12.7	0	1099
16000	12.8	0	1021
16000	12.9	0	1021
16000	13	0	1103
16000	13.1	0	1099
16000	13.2	0	1069
16000	13.3	0	1068
16000	13.4	0	1131
16000	13.5	0	1046
16000	13.6	0	1087
16000	13.7	0	1024
16000	13.8	0	1101
16000	13.9	0	1100
16000	14	0	1059
16000	14.1	0	1056
16000	14.2	0	1092
16000	14.3	0	1099
16000	14.4	0	1122
16000	14.5	0	1103
16000	14.6	0	1098
16000	14.7	0	1120
16000	14.8	0	1040
16000	14.9	0	1111
16000	15	0	1062
16000	15.1	0	1048
16000	15.2	0	1078
16000	15.3	0	1085
16000	15.4	0	1083
16000	15.5	0	1027
16000	15.6	0	1095
16000	15.7	0	1071
16000	15.8	0	1050
16000	15.9	0	1063
16000	16	0	1127
16000	16.1	0	1057
16000	16.2	0	1129
16000	16.3	0	1129
16000	16.4	0	1078
16000	16.5	0	1108
16000	16.6	0	1036
16000	16.7	0	1095
16000	16.8	0	1059
16000	16.9	0	1104
16000	17	0	1055
16000	17.1	0	1083
16000	17.2	0	1084
16000	17.3	0	1090
16000	17.4	0	1117
16000	17.5	0	1102
16000	17.6	0	1102
16000	17.7	0	1095
16000	17.8	0	1075
16000	17.9	0	1077
16000	18	0	1068
16000	18.1	0	1113
16000	18.2	0	1069
16000	18.3	0	1072
16000	18.4	0	1045
16000	18.5	0	1187
16000	18.6	0	1095
16000	18.7	0	1138
16000	18.8	0	1110
16000	18.9	0	1108
16000	19	0	1066
16000	19.1	0	1104
16000	19.2	0	1093
16000	19.3	0	1117
16000	19.4	0	1128
16000	19.5	0	1127
16000	19.6	0	1091
16000	19.7	0	1118
16000	19.8	0	1131
16000	19.9	0	1150
20000	0	0	1148
20000	0.1	0	1193
20000	0.2	0	1146
20000	0.3	0	1173
20000	0.4	0	1208
20000	0.5	0	1319
20000	0.6	0	1347
20000	0.7	0	1456
20000	0.8	0	1524
20000	0.9	0	1685
20000	1	0	1846
20000	1.1	0	1974
20000	1.2	0	2182
20000	1.3	0	2506
20000	1.4	0	2841
20000	1.5	0	3422
20000	1.6	0	4062
20000	1.7	0	4924
20000	1.8	0	6062
20000	1.9	0	7420
20000	2	0	9553
20000	2.1	0	12323
20000	2.2	0	15296
20000	2.3	0	18353
20000	2.4	0	19550
20000	2.5	0	18911
20000	2.6	0	18097
20000	2.7	0	18177
20000	2.8	0	17960
20000	2.9	0	18309
20000	3	0	18184
20000	3.1	0	18511
20000	3.2	0	18660
20000	3.3	0	18745
20000	3.4	0	18853
20000	3.5	0	18608
20000	3.6	0	18933
20000	3.7	0	18818
20000	3.8	0	18780
20000	3.9	0	18754
20000	4	0	18660
20000	4.1	0	18690
20000	4.2	0	18992
20000	4.3	0	18608
20000	4.4	0	18851
20000	4.5	0	18852
20000	4.6	0	18589
20000	4.7	0	18466
20000	4.8	0	18529
20000	4.9	0	18441
20000	5	0	18567
20000	5.1	0	18322
20000	5.2	0	17787
20000	5.3	0	17118
20000	5.4	0	16572
20000	5.5	0	15515
20000	5.6	0	14579
20000	5.7	0	13362
20000	5.8	0	12484
20000	5.9	0	11227
20000	6	0	10514
20000	6.1	0	9545
20000	6.2	0	8867
20000	6.3	0	7865
20000	6.4	0	7110
20000	6.5	0	6526
20000	6.6	0	6283
20000	6.7	0	5674
20000	6.8	0	5194
20000	6.9	0	4853
20000	7	0	4525
20000	7.1	0	4455
20000	7.2	0	3882
20000	7.3	0	3803
20000	7.4	0	3586
20000	7.5	0	3324
20000	7.6	0	3082
20000	7.7	0	2857
20000	7.8	0	2772
20000	7.9	0	2598
20000	8	0	2524
20000	8.1	0	2439
20000	8.2	0	2262
20000	8.3	0	2032
20000	8.4	0	2128
20000	8.5	0	2097
20000	8.6	0	1900
20000	8.7	0	1951
20000	8.8	0	1864
20000	8.9	0	1732
20000	9	0	1696
20000	9.1	0	1612
20000	9.2	0	1680
20000	9.3	0	1613
20000	9.4	0	1488
20000	9.5	0	1463
20000	9.6	0	1442
20000	9.7	0	1440
20000	9.8	0	1352
20000	9.9	0	1287
20000	10	0	1275
20000	10.1	0	1236
20000	10.2	0	1288
20000	10.3	0	1286
20000	10.4	0	1222
20000	10.5	0	1179
20000	10.6	0	1175
20000	10.7	0	1123
20000	10.8	0	1140
20000	10.9	0	1141
20000	11	0	1158
20000	11.1	0	1136
20000	11.2	0	1102
20000	11.3	0	1105
20000	11.4	0	1053
20000	11.5	0	1111
20000	11.6	0	1082
20000	11.7	0	1116
20000	11.8	0	1041
20000	11.9	0	1055
20000	12	0	1037
20000	12.1	0	1127
20000	12.2	0	1104
20000	12.3	0	1085
20000	12.4	0	1045
20000	12.5	0	1159
20000	12.6	0	1096
20000	12.7	0	1111
20000	12.8	0	1101
20000	12.9	0	1159
20000	13	0	1095
20000	13.1	0	1053
20000	13.2	0	1071
20000	13.3	0	1128
20000	13.4	0	1102
20000	13.5	0	1049
20000	13.6	0	1058
20000	13.7	0	1095
20000	13.8	0	1062
20000	13.9	0	1125
20000	14	0	1101
20000	14.1	0	1082
20000	14.2	0	1060
20000	14.3	0	1096
20000	14.4	0	1110
20000	14.5	0	1097
20000	14.6	0	1072
20000	14.7	0	1142
20000	14.8	0	1014
20000	14.9	0	1047
20000	15	0	1058
20000	15.1	0	1086
20000	15.2	0	1152
20000	15.3	0	1053
20000	15.4	0	1042
20000	15.5	0	1102
20000	15.6	0	1106
20000	15.7	0	1105
20000	15.8	0	1134
20000	15.9	0	1068
20000	16	0	1096
20000	16.1	0	1135
20000	16.2	0	1026
20000	16.3	0	1071
20000	16.4	0	1049
20000	16.5	0	1110
20000	16.6	0	1084
20000	16.7	0	1081
20000	16.8	0	1148
20000	16.9	0	1092
20000	17	0	1108
20000	17.1	0	1052
20000	17.2	0	1128
20000	17.3	0	1069
20000	17.4	0	1120
20000	17.5	0	1118
20000	17.6	0	1135
20000	17.7	0	1046
20000	17.8	0	1054
20000	17.9	0	1130
20000	18	0	1067
20000	18.1	0	1080
20000	18.2	0	1149
20000	18.3	0	1165
20000	18.4	0	1092
20000	18.5	0	1115
20000	18.6	0	1091
20000	18.7	0	1129
20000	18.8	0	1100
20000	18.9	0	1079
20000	19	0	1088
20000	19.1	0	1113
20000	19.2	0	1106
20000	19.3	0	1143
20000	19.4	0	1124
20000	19.5	0	1132
20000	19.6	0	1116
20000	19.7	0	1076
20000	19.8	0	1133
20000	19.9	0	1096
