4000	0	0	1306
4000	0.1	0	1246
4000	0.2	0	1278
4000	0.3	0	1345
4000	0.4	0	1399
4000	0.5	0	1518
4000	0.6	0	1631
4000	0.7	0	1668
4000	0.8	0	1817
4000	0.9	0	1925
4000	1	0	2162
4000	1.1	0	2363
4000	1.2	0	2590
4000	1.3	0	3026
4000	1.4	0	3584
4000	1.5	0	4130
4000	1.6	0	5183
4000	1.7	0	6048
4000	1.8	0	7559
4000	1.9	0	9410
4000	2	0	12087
4000	2.1	0	15097
4000	2.2	0	17763
4000	2.3	0	19063
4000	2.4	0	18073
4000	2.5	0	16673
4000	2.6	0	16078
4000	2.7	0	16300
4000	2.8	0	16601
4000	2.9	0	16658
4000	3	0	16771
4000	3.1	0	17193
4000	3.2	0	17008
4000	3.3	0	16933
4000	3.4	0	16855
4000	3.5	0	16609
4000	3.6	0	16875
4000	3.7	0	16841
4000	3.8	0	16810
4000	3.9	0	16773
4000	4	0	16607
4000	4.1	0	16812
4000	4.2	0	16960
4000	4.3	0	16899
4000	4.4	0	16786
4000	4.5	0	16675
4000	4.6	0	16702
4000	4.7	0	16538
4000	4.8	0	16886
4000	4.9	0	16743
4000	5	0	16807
4000	5.1	0	16682
4000	5.2	0	16709
4000	5.3	0	16315
4000	5.4	0	15953
4000	5.5	0	15364
4000	5.6	0	15085
4000	5.7	0	14284
4000	5.8	0	13408
4000	5.9	0	12759
4000	6	0	11685
4000	6.1	0	10712
4000	6.2	0	9935
4000	6.3	0	9173
4000	6.4	0	8332
4000	6.5	0	7745
4000	6.6	0	6984
4000	6.7	0	6421
4000	6.8	0	6001
4000	6.9	0	5659
4000	7	0	5230
4000	7.1	0	4744
4000	7.2	0	4325
4000	7.3	0	4206
4000	7.4	0	3976
4000	7.5	0	3637
4000	7.6	0	3582
4000	7.7	0	3281
4000	7.8	0	3051
4000	7.9	0	2926
4000	8	0	2774
4000	8.1	0	2667
4000	8.2	0	2544
4000	8.3	0	2436
4000	8.4	0	2375
4000	8.5	0	2304
4000	8.6	0	2173
4000	8.7	0	2202
4000	8.8	0	2018
4000	8.9	0	2019
4000	9	0	1916
4000	9.1	0	1826
4000	9.2	0	1774
4000	9.3	0	1686
4000	9.4	0	1710
4000	9.5	0	1664
4000	9.6	0	1622
4000	9.7	0	1530
4000	9.8	0	1622
4000	9.9	0	1541
4000	10	0	1520
4000	10.1	0	1453
4000	10.2	0	1409
4000	10.3	0	1321
4000	10.4	0	1362
4000	10.5	0	1351
4000	10.6	0	1319
4000	10.7	0	1336
4000	10.8	0	1306
4000	10.9	0	1264
4000	11	0	1304
4000	11.1	0	1231
4000	11.2	0	1237
4000	11.3	0	1267
4000	11.4	0	1244
4000	11.5	0	1232
4000	11.6	0	1151
4000	11.7	0	1126
4000	11.8	0	1192
4000	11.9	0	1154
4000	12	0	1147
4000	12.1	0	1246
4000	12.2	0	1200
4000	12.3	0	1219
4000	12.4	0	1166
4000	12.5	0	1207
4000	12.6	0	1202
4000	12.7	0	1163
4000	12.8	0	1224
4000	12.9	0	1193
4000	13	0	1249
4000	13.1	0	1215
4000	13.2	0	1176
4000	13.3	0	1194
4000	13.4	0	1176
4000	13.5	0	1256
4000	13.6	0	1207
4000	13.7	0	1198
4000	13.8	0	1209
4000	13.9	0	1190
4000	14	0	1184
4000	14.1	0	1215
4000	14.2	0	1113
4000	14.3	0	1189
4000	14.4	0	1201
4000	14.5	0	1207
4000	14.6	0	1184
4000	14.7	0	1221
4000	14.8	0	1159
4000	14.9	0	1230
4000	15	0	1240
4000	15.1	0	1206
4000	15.2	0	1209
4000	15.3	0	1272
4000	15.4	0	1209
4000	15.5	0	1181
4000	15.6	0	1239
4000	15.7	0	1227
4000	15.8	0	1154
4000	15.9	0	1189
4000	16	0	1190
4000	16.1	0	1218
4000	16.2	0	1190
4000	16.3	0	1243
4000	16.4	0	1227
4000	16.5	0	1264
4000	16.6	0	1204
4000	16.7	0	1175
4000	16.8	0	1247
4000	16.9	0	1116
4000	17	0	1199
4000	17.1	0	1217
4000	17.2	0	1213
4000	17.3	0	1190
4000	17.4	0	1175
4000	17.5	0	1267
4000	17.6	0	1211
4000	17.7	0	1205
4000	17.8	0	1183
4000	17.9	0	1193
4000	18	0	1230
4000	18.1	0	1226
4000	18.2	0	1232
4000	18.3	0	1268
4000	18.4	0	1312
4000	18.5	0	1192
4000	18.6	0	1232
4000	18.7	0	1202
4000	18.8	0	1223
4000	18.9	0	1290
4000	19	0	1132
4000	19.1	0	1229
4000	19.2	0	1261
4000	19.3	0	1298
4000	19.4	0	1236
4000	19.5	0	1253
4000	19.6	0	1234
4000	19.7	0	1197
4000	19.8	0	1209
4000	19.9	0	1341
8000	0	0	1260
8000	0.1	0	1328
8000	0.2	0	1289
8000	0.3	0	1321
8000	0.4	0	1396
8000	0.5	0	1494
8000	0.6	0	1643
8000	0.7	0	1632
8000	0.8	0	1775
8000	0.9	0	1971
8000	1	0	2082
8000	1.1	0	2329
8000	1.2	0	2687
8000	1.3	0	3069
8000	1.4	0	3511
8000	1.5	0	4254
8000	1.6	0	5165
8000	1.7	0	6013
8000	1.8	0	7722
8000	1.9	0	9647
8000	2	0	11959
8000	2.1	0	15158
8000	2.2	0	17798
8000	2.3	0	19075
8000	2.4	0	17952
8000	2.5	0	16629
8000	2.6	0	16213
8000	2.7	0	16148
8000	2.8	0	16698
8000	2.9	0	16687
8000	3	0	17002
8000	3.1	0	16863
8000	3.2	0	17030
8000	3.3	0	16786
8000	3.4	0	16840
8000	3.5	0	16785
8000	3.6	0	16842
8000	3.7	0	16700
8000	3.8	0	16854
8000	3.9	0	17004
8000	4	0	17002
8000	4.1	0	16625
8000	4.2	0	16669
8000	4.3	0	16760
8000	4.4	0	16943
8000	4.5	0	16751
8000	4.6	0	16780
8000	4.7	0	16618
8000	4.8	0	16672
8000	4.9	0	16672
8000	5	0	16735
8000	5.1	0	16774
8000	5.2	0	16616
8000	5.3	0	16490
8000	5.4	0	15908
8000	5.5	0	15328
8000	5.6	0	15012
8000	5.7	0	14294
8000	5.8	0	13481
8000	5.9	0	12514
8000	6	0	11695
8000	6.1	0	10872
8000	6.2	0	9811
8000	6.3	0	9000
8000	6.4	0	8240
8000	6.5	0	7734
8000	6.6	0	6942
8000	6.7	0	6468
8000	6.8	0	6107
8000	6.9	0	5549
8000	7	0	5030
8000	7.1	0	4771
8000	7.2	0	4458
8000	7.3	0	4167
8000	7.4	0	3894
8000	7.5	0	3656
8000	7.6	0	3505
8000	7.7	0	3304
8000	7.8	0	3191
8000	7.9	0	2814
8000	8	0	2826
8000	8.1	0	2648
8000	8.2	0	2541
8000	8.3	0	2446
8000	8.4	0	2323
8000	8.5	0	2258
8000	8.6	0	2217
8000	8.7	0	2089
8000	8.8	0	2050
8000	8.9	0	1997
8000	9	0	1964
8000	9.1	0	1871
8000	9.2	0	1816
8000	9.3	0	1711
8000	9.4	0	1666
8000	9.5	0	1661
8000	9.6	0	1561
8000	9.7	0	1536
8000	9.8	0	1579
8000	9.9	0	1538
8000	10	0	1504
8000	10.1	0	1400
8000	10.2	0	1362
8000	10.3	0	1346
8000	10.4	0	1398
8000	10.5	0	1345
8000	10.6	0	1348
8000	10.7	0	1282
8000	10.8	0	1338
8000	10.9	0	1362
8000	11	0	1282
8000	11.1	0	1204
8000	11.2	0	1274
8000	11.3	0	1226
8000	11.4	0	1226
8000	11.5	0	1248
8000	11.6	0	1240
8000	11.7	0	1208
8000	11.8	0	1234
8000	11.9	0	1207
8000	12	0	1197
8000	12.1	0	1217
8000	12.2	0	1192
8000	12.3	0	1151
8000	12.4	0	1136
8000	12.5	0	1227
8000	12.6	0	1185
8000	12.7	0	1194
8000	12.8	0	1254
8000	12.9	0	1241
8000	13	0	1246
8000	13.1	0	1186
8000	13.2	0	1154
8000	13.3	0	1218
8000	13.4	0	1188
8000	13.5	0	1223
8000	13.6	0	1177
8000	13.7	0	1174
8000	13.8	0	1194
8000	13.9	0	1182
8000	14	0	1239
8000	14.1	0	1190
8000	14.2	0	1226
8000	14.3	0	1183
8000	14.4	0	1246
8000	14.5	0	1172
8000	14.6	0	1239
8000	14.7	0	1198
8000	14.8	0	1192
8000	14.9	0	1170
8000	15	0	1257
8000	15.1	0	1185
8000	15.2	0	1217
8000	15.3	0	1224
8000	15.4	0	1142
8000	15.5	0	1172
8000	15.6	0	1207
8000	15.7	0	1193
8000	15.8	0	1227
8000	15.9	0	1252
8000	16	0	1198
8000	16.1	0	1178
8000	16.2	0	1211
8000	16.3	0	1258
8000	16.4	0	1243
8000	16.5	0	1260
8000	16.6	0	1198
8000	16.7	0	1261
8000	16.8	0	1244
8000	16.9	0	1144
8000	17	0	1225
8000	17.1	0	1197
8000	17.2	0	1156
8000	17.3	0	1195
8000	17.4	0	1224
8000	17.5	0	1222
8000	17.6	0	1237
8000	17.7	0	1192
8000	17.8	0	1158
8000	17.9	0	1170
8000	18	0	1200
8000	18.1	0	1225
8000	18.2	0	1238
8000	18.3	0	1205
8000	18.4	0	1228
8000	18.5	0	1206
8000	18.6	0	1248
8000	18.7	0	1280
8000	18.8	0	1297
8000	18.9	0	1201
8000	19	0	1237
8000	19.1	0	1238
8000	19.2	0	1352
8000	19.3	0	1270
8000	19.4	0	1212
8000	19.5	0	1252
8000	19.6	0	1245
8000	19.7	0	1327
8000	19.8	0	1241
8000	19.9	0	1265
12000	0	0	1264
12000	0.1	0	1323
12000	0.2	0	1324
12000	0.3	0	1347
12000	0.4	0	1406
12000	0.5	0	1410
12000	0.6	0	1549
12000	0.7	0	1617
12000	0.8	0	1794
12000	0.9	0	1909
12000	1	0	2053
12000	1.1	0	2318
12000	1.2	0	2683
12000	1.3	0	3085
12000	1.4	0	3564
12000	1.5	0	4121
12000	1.6	0	5135
12000	1.7	0	6030
12000	1.8	0	7592
12000	1.9	0	9563
12000	2	0	12035
12000	2.1	0	15033
12000	2.2	0	17897
12000	2.3	0	19101
12000	2.4	0	18109
12000	2.5	0	16550
12000	2.6	0	16066
12000	2.7	0	16258
12000	2.8	0	16475
12000	2.9	0	16845
12000	3	0	16923
12000	3.1	0	17077
12000	3.2	0	16797
12000	3.3	0	16919
12000	3.4	0	16693
12000	3.5	0	16602
12000	3.6	0	16973
12000	3.7	0	16837
12000	3.8	0	16651
12000	3.9	0	16787
12000	4	0	16983
12000	4.1	0	16840
12000	4.2	0	16746
12000	4.3	0	16804
12000	4.4	0	16851
12000	4.5	0	16682
12000	4.6	0	16730
12000	4.7	0	16762
12000	4.8	0	16647
12000	4.9	0	16751
12000	5	0	16835
12000	5.1	0	16596
12000	5.2	0	16503
12000	5.3	0	16372
12000	5.4	0	15943
12000	5.5	0	15608
12000	5.6	0	15040
12000	5.7	0	14101
12000	5.8	0	13331
12000	5.9	0	12513
12000	6	0	11645
12000	6.1	0	10865
12000	6.2	0	9970
12000	6.3	0	9150
12000	6.4	0	8348
12000	6.5	0	7614
12000	6.6	0	6904
12000	6.7	0	6497
12000	6.8	0	6024
12000	6.9	0	5686
12000	7	0	5114
12000	7.1	0	4831
12000	7.2	0	4594
12000	7.3	0	4251
12000	7.4	0	3894
12000	7.5	0	3782
12000	7.6	0	3574
12000	7.7	0	3350
12000	7.8	0	3192
12000	7.9	0	3020
12000	8	0	2788
12000	8.1	0	2708
12000	8.2	0	2608
12000	8.3	0	2431
12000	8.4	0	2462
12000	8.5	0	2206
12000	8.6	0	2135
12000	8.7	0	2094
12000	8.8	0	2033
12000	8.9	0	1992
12000	9	0	1943
12000	9.1	0	1823
12000	9.2	0	1848
12000	9.3	0	1734
12000	9.4	0	1616
12000	9.5	0	1621
12000	9.6	0	1637
12000	9.7	0	1630
12000	9.8	0	1483
12000	9.9	0	1491
12000	10	0	1454
12000	10.1	0	1394
12000	10.2	0	1390
12000	10.3	0	1452
12000	10.4	0	1377
12000	10.5	0	1337
12000	10.6	0	1297
12000	10.7	0	1294
12000	10.8	0	1274
12000	10.9	0	1293
12000	11	0	1293
12000	11.1	0	1204
12000	11.2	0	1180
12000	11.3	0	1284
12000	11.4	0	1197
12000	11.5	0	1234
12000	11.6	0	1281
12000	11.7	0	1293
12000	11.8	0	1245
12000	11.9	0	1189
12000	12	0	1195
12000	12.1	0	1280
12000	12.2	0	1192
12000	12.3	0	1203
12000	12.4	0	1187
12000	12.5	0	1193
12000	12.6	0	1223
12000	12.7	0	1212
12000	12.8	0	1194
12000	12.9	0	1217
12000	13	0	1229
12000	13.1	0	1243
12000	13.2	0	1186
12000	13.3	0	1115
12000	13.4	0	1216
12000	13.5	0	1204
12000	13.6	0	1185
12000	13.7	0	1180
12000	13.8	0	1173
12000	13.9	0	1193
12000	14	0	1199
12000	14.1	0	1158
12000	14.2	0	1195
12000	14.3	0	1225
12000	14.4	0	1163
12000	14.5	0	1177
12000	14.6	0	1185
12000	14.7	0	1167
12000	14.8	0	1230
12000	14.9	0	1217
12000	15	0	1206
12000	15.1	0	1172
12000	15.2	0	1251
12000	15.3	0	1210
12000	15.4	0	1243
12000	15.5	0	1222
12000	15.6	0	1208
12000	15.7	0	1215
12000	15.8	0	1256
12000	15.9	0	1182
12000	16	0	1219
12000	16.1	0	1168
12000	16.2	0	1206
12000	16.3	0	1203
12000	16.4	0	1182
12000	16.5	0	1183
12000	16.6	0	1194
12000	16.7	0	1249
12000	16.8	0	1247
12000	16.9	0	1230
12000	17	0	1222
12000	17.1	0	1186
12000	17.2	0	1183
12000	17.3	0	1181
12000	17.4	0	1247
12000	17.5	0	1214
12000	17.6	0	1234
12000	17.7	0	1255
12000	17.8	0	1272
12000	17.9	0	1240
12000	18	0	1181
12000	18.1	0	1179
12000	18.2	0	1211
12000	18.3	0	1273
12000	18.4	0	1207
12000	18.5	0	1207
12000	18.6	0	1222
12000	18.7	0	1276
12000	18.8	0	1226
12000	18.9	0	1271
12000	19	0	1233
12000	19.1	0	1218
12000	19.2	0	1234
12000	19.3	0	1254
12000	19.4	0	1214
12000	19.5	0	1224
12000	19.6	0	1265
12000	19.7	0	1276
12000	19.8	0	1268
12000	19.9	0	1242
16000	0	0	1292
16000	0.1	0	1291
16000	0.2	0	1345
16000	0.3	0	1325
16000	0.4	0	1421
16000	0.5	0	1489
16000	0.6	0	1591
16000	0.7	0	1612
16000	0.8	0	1867
16000	0.9	0	1937
16000	1	0	2126
16000	1.1	0	2321
16000	1.2	0	2679
16000	1.3	0	3040
16000	1.4	0	3617
16000	1.5	0	4256
16000	1.6	0	5202
16000	1.7	0	6071
16000	1.8	0	7619
16000	1.9	0	9791
16000	2	0	12134
16000	2.1	0	15186
16000	2.2	0	17866
16000	2.3	0	18995
16000	2.4	0	18019
16000	2.5	0	16737
16000	2.6	0	16193
16000	2.7	0	16228
16000	2.8	0	16689
16000	2.9	0	16920
16000	3	0	16816
16000	3.1	0	16966
16000	3.2	0	16790
16000	3.3	0	16822
16000	3.4	0	16945
16000	3.5	0	16882
16000	3.6	0	16963
16000	3.7	0	16650
16000	3.8	0	16720
16000	3.9	0	16803
16000	4	0	16932
16000	4.1	0	16625
16000	4.2	0	16806
16000	4.3	0	16804
16000	4.4	0	16662
16000	4.5	0	16848
16000	4.6	0	16752
16000	4.7	0	16699
16000	4.8	0	16609
16000	4.9	0	16763
16000	5	0	16681
16000	5.1	0	16500
16000	5.2	0	16628
16000	5.3	0	16387
16000	5.4	0	15707
16000	5.5	0	15426
16000	5.6	0	14767
16000	5.7	0	14198
16000	5.8	0	13537
16000	5.9	0	12675
16000	6	0	11584
16000	6.1	0	10828
16000	6.2	0	9799
16000	6.3	0	9037
16000	6.4	0	8223
16000	6.5	0	7609
16000	6.6	0	7123
16000	6.7	0	6521
16000	6.8	0	5919
16000	6.9	0	5461
16000	7	0	5098
16000	7.1	0	4806
16000	7.2	0	4444
16000	7.3	0	4237
16000	7.4	0	3837
16000	7.5	0	3726
16000	7.6	0	3520
16000	7.7	0	3356
16000	7.8	0	3062
16000	7.9	0	2945
16000	8	0	2741
16000	8.1	0	2649
16000	8.2	0	2636
16000	8.3	0	2554
16000	8.4	0	2373
16000	8.5	0	2292
16000	8.6	0	2203
16000	8.7	0	2131
16000	8.8	0	2029
16000	8.9	0	1953
16000	9	0	1941
16000	9.1	0	1906
16000	9.2	0	1721
16000	9.3	0	1701
16000	9.4	0	1636
16000	9.5	0	1616
16000	9.6	0	1580
16000	9.7	0	1602
16000	9.8	0	1532
16000	9.9	0	1527
16000	10	0	1468
16000	10.1	0	1448
16000	10.2	0	1379
16000	10.3	0	1458
16000	10.4	0	1369
16000	10.5	0	1241
16000	10.6	0	1319
16000	10.7	0	1338
16000	10.8	0	1337
16000	10.9	0	1275
16000	11	0	1380
16000	11.1	0	1234
16000	11.2	0	1266
16000	11.3	0	1288
16000	11.4	0	1217
16000	11.5	0	1280
16000	11.6	0	1215
16000	11.7	0	1211
16000	11.8	0	1177
16000	11.9	0	1176
16000	12	0	1168
16000	12.1	0	1200
16000	12.2	0	1215
16000	12.3	0	1218
16000	12.4	0	1237
16000	12.5	0	1194
16000	12.6	0	1209
16000	12.7	0	1190
16000	12.8	0	1172
16000	12.9	0	1199
16000	13	0	1164
16000	13.1	0	1167
16000	13.2	0	1244
16000	13.3	0	1250
16000	13.4	0	1233
16000	13.5	0	1233
16000	13.6	0	1179
16000	13.7	0	1132
16000	13.8	0	1178
16000	13.9	0	1222
16000	14	0	1235
16000	14.1	0	1125
16000	14.2	0	1198
16000	14.3	0	1243
16000	14.4	0	1178
16000	14.5	0	1164
16000	14.6	0	1193
16000	14.7	0	1187
16000	14.8	0	1208
16000	14.9	0	1214
16000	15	0	1205
16000	15.1	0	1216
16000	15.2	0	1242
16000	15.3	0	1275
16000	15.4	0	1252
16000	15.5	0	1259
16000	15.6	0	1176
16000	15.7	0	1257
16000	15.8	0	1148
16000	15.9	0	1155
16000	16	0	1195
16000	16.1	0	1241
16000	16.2	0	1244
16000	16.3	0	1226
16000	16.4	0	1204
16000	16.5	0	1156
16000	16.6	0	1241
16000	16.7	0	1202
16000	16.8	0	1199
16000	16.9	0	1168
16000	17	0	1237
16000	17.1	0	1202
16000	17.2	0	1241
16000	17.3	0	1152
16000	17.4	0	1192
16000	17.5	0	1232
16000	17.6	0	1228
16000	17.7	0	1196
16000	17.8	0	1187
16000	17.9	0	1320
16000	18	0	1256
16000	18.1	0	1163
16000	18.2	0	1210
16000	18.3	0	1234
16000	18.4	0	1224
16000	18.5	0	1217
16000	18.6	0	1275
16000	18.7	0	1255
16000	18.8	0	1261
16000	18.9	0	1241
16000	19	0	1226
16000	19.1	0	1236
16000	19.2	0	1244
16000	19.3	0	1247
16000	19.4	0	1241
16000	19.5	0	1332
16000	19.6	0	1256
16000	19.7	0	1244
16000	19.8	0	1267
16000	19.9	0	1218
20000	0	0	1200
20000	0.1	0	1323
20000	0.2	0	1329
20000	0.3	0	1355
20000	0.4	0	1396
20000	0.5	0	1502
20000	0.6	0	1529
20000	0.7	0	1628
20000	0.8	0	1845
20000	0.9	0	1847
20000	1	0	2191
20000	1.1	0	2286
20000	1.2	0	2651
20000	1.3	0	3056
20000	1.4	0	3535
20000	1.5	0	4217
20000	1.6	0	5028
20000	1.7	0	6235
20000	1.8	0	7700
20000	1.9	0	9592
20000	2	0	12026
20000	2.1	0	15202
20000	2.2	0	17835
20000	2.3	0	18961
20000	2.4	0	18233
20000	2.5	0	16572
20000	2.6	0	16082
20000	2.7	0	16310
20000	2.8	0	16622
20000	2.9	0	16758
20000	3	0	16799
20000	3.1	0	17065
20000	3.2	0	16862
20000	3.3	0	16817
20000	3.4	0	16839
20000	3.5	0	16753
20000	3.6	0	16872
20000	3.7	0	16673
20000	3.8	0	16772
20000	3.9	0	16923
20000	4	0	16848
20000	4.1	0	16583
20000	4.2	0	16766
20000	4.3	0	17023
20000	4.4	0	16794
20000	4.5	0	16537
20000	4.6	0	16812
20000	4.7	0	16701
20000	4.8	0	16728
20000	4.9	0	16829
20000	5	0	16874
20000	5.1	0	16618
20000	5.2	0	16333
20000	5.3	0	16483
20000	5.4	0	15911
20000	5.5	0	15565
20000	5.6	0	14835
20000	5.7	0	14174
20000	5.8	0	13509
20000	5.9	0	12468
20000	6	0	11676
20000	6.1	0	10914
20000	6.2	0	9727
20000	6.3	0	9093
20000	6.4	0	8403
20000	6.5	0	7634
20000	6.6	0	7258
20000	6.7	0	6585
20000	6.8	0	6030
20000	6.9	0	5472
20000	7	0	5105
20000	7.1	0	4831
20000	7.2	0	4453
20000	7.3	0	4125
20000	7.4	0	3941
20000	7.5	0	3723
20000	7.6	0	3412
20000	7.7	0	3294
20000	7.8	0	3127
20000	7.9	0	3030
20000	8	0	2790
20000	8.1	0	2763
20000	8.2	0	2552
20000	8.3	0	2454
20000	8.4	0	2388
20000	8.5	0	2350
20000	8.6	0	2182
20000	8.7	0	2233
20000	8.8	0	2058
20000	8.9	0	1922
20000	9	0	1907
20000	9.1	0	1895
20000	9.2	0	1796
20000	9.3	0	1690
20000	9.4	0	1616
20000	9.5	0	1723
20000	9.6	0	1644
20000	9.7	0	1600
20000	9.8	0	1468
20000	9.9	0	1462
20000	10	0	1399
20000	10.1	0	1459
20000	10.2	0	1482
20000	10.3	0	1341
20000	10.4	0	1354
20000	10.5	0	1348
20000	10.6	0	1347
20000	10.7	0	1258
20000	10.8	0	1321
20000	10.9	0	1264
20000	11	0	1277
20000	11.1	0	1216
20000	11.2	0	1236
20000	11.3	0	1229
20000	11.4	0	1195
20000	11.5	0	1206
20000	11.6	0	1234
20000	11.7	0	1180
20000	11.8	0	1163
20000	11.9	0	1181
20000	12	0	1213
20000	12.1	0	1235
20000	12.2	0	1253
20000	12.3	0	1167
20000	12.4	0	1180
20000	12.5	0	1151
20000	12.6	0	1212
20000	12.7	0	1212
20000	12.8	0	1204
20000	12.9	0	1232
20000	13	0	1171
20000	13.1	0	1200
20000	13.2	0	1234
20000	13.3	0	1168
20000	13.4	0	1241
20000	13.5	0	1222
20000	13.6	0	1194
20000	13.7	0	1154
20000	13.8	0	1242
20000	13.9	0	1158
20000	14	0	1170
20000	14.1	0	1170
20000	14.2	0	1276
20000	14.3	0	1134
20000	14.4	0	1148
20000	14.5	0	1198
20000	14.6	0	1228
20000	14.7	0	1214
20000	14.8	0	1189
20000	14.9	0	1226
20000	15	0	1205
20000	15.1	0	1252
20000	15.2	0	1200
20000	15.3	0	1226
20000	15.4	0	1156
20000	15.5	0	1202
20000	15.6	0	1200
20000	15.7	0	1202
20000	15.8	0	1246
20000	15.9	0	1217
20000	16	0	1154
20000	16.1	0	1191
20000	16.2	0	1214
20000	16.3	0	1185
20000	16.4	0	1173
20000	16.5	0	1211
20000	16.6	0	1225
20000	16.7	0	1213
20000	16.8	0	1297
20000	16.9	0	1254
20000	17	0	1226
20000	17.1	0	1213
20000	17.2	0	1190
20000	17.3	0	1221
20000	17.4	0	1225
20000	17.5	0	1233
20000	17.6	0	1236
20000	17.7	0	1179
20000	17.8	0	1262
20000	17.9	0	1232
20000	18	0	1176
20000	18.1	0	1207
20000	18.2	0	1227
20000	18.3	0	1246
20000	18.4	0	1231
20000	18.5	0	1265
20000	18.6	0	1257
20000	18.7	0	1227
20000	18.8	0	1232
20000	18.9	0	1238
20000	19	0	1290
20000	19.1	0	1225
20000	19.2	0	1259
20000	19.3	0	1222
20000	19.4	0	1226
20000	19.5	0	1194
20000	19.6	0	1310
20000	19.7	0	1212
20000	19.8	0	1203
20000	19.9	0	1289
