4000	0	0	1071
4000	0.1	0	1054
4000	0.2	0	1148
4000	0.3	0	1185
4000	0.4	0	1155
4000	0.5	0	1265
4000	0.6	0	1283
4000	0.7	0	1330
4000	0.8	0	1499
4000	0.9	0	1622
4000	1	0	1697
4000	1.1	0	1983
4000	1.2	0	2111
4000	1.3	0	2406
4000	1.4	0	2701
4000	1.5	0	3220
4000	1.6	0	3754
4000	1.7	0	4495
4000	1.8	0	5609
4000	1.9	0	6845
4000	2	0	8765
4000	2.1	0	11362
4000	2.2	0	14622
4000	2.3	0	18023
4000	2.4	0	19501
4000	2.5	0	19410
4000	2.6	0	18930
4000	2.7	0	18690
4000	2.8	0	18623
4000	2.9	0	18577
4000	3	0	18849
4000	3.1	0	19032
4000	3.2	0	18881
4000	3.3	0	19030
4000	3.4	0	18848
4000	3.5	0	19021
4000	3.6	0	18793
4000	3.7	0	18957
4000	3.8	0	18866
4000	3.9	0	19001
4000	4	0	18664
4000	4.1	0	18783
4000	4.2	0	19184
4000	4.3	0	18804
4000	4.4	0	18781
4000	4.5	0	18802
4000	4.6	0	18804
4000	4.7	0	18842
4000	4.8	0	18828
4000	4.9	0	19042
4000	5	0	19045
4000	5.1	0	18806
4000	5.2	0	18350
4000	5.3	0	17293
4000	5.4	0	16663
4000	5.5	0	15638
4000	5.6	0	14489
4000	5.7	0	13256
4000	5.8	0	12181
4000	5.9	0	10992
4000	6	0	10269
4000	6.1	0	9200
4000	6.2	0	8537
4000	6.3	0	7557
4000	6.4	0	7043
4000	6.5	0	6408
4000	6.6	0	6022
4000	6.7	0	5582
4000	6.8	0	5100
4000	6.9	0	4722
4000	7	0	4485
4000	7.1	0	4214
4000	7.2	0	3879
4000	7.3	0	3591
4000	7.4	0	3537
4000	7.5	0	3297
4000	7.6	0	3135
4000	7.7	0	2906
4000	7.8	0	2842
4000	7.9	0	2611
4000	8	0	2479
4000	8.1	0	2426
4000	8.2	0	2348
4000	8.3	0	2161
4000	8.4	0	2171
4000	8.5	0	2045
4000	8.6	0	1972
4000	8.7	0	1844
4000	8.8	0	1873
4000	8.9	0	1784
4000	9	0	1699
4000	9.1	0	1601
4000	9.2	0	1655
4000	9.3	0	1518
4000	9.4	0	1474
4000	9.5	0	1464
4000	9.6	0	1382
4000	9.7	0	1423
4000	9.8	0	1389
4000	9.9	0	1326
4000	10	0	1312
4000	10.1	0	1307
4000	10.2	0	1272
4000	10.3	0	1319
4000	10.4	0	1242
4000	10.5	0	1197
4000	10.6	0	1194
4000	10.7	0	1212
4000	10.8	0	1172
4000	10.9	0	1088
4000	11	0	1100
4000	11.1	0	1108
4000	11.2	0	1133
4000	11.3	0	1088
4000	11.4	0	1088
4000	11.5	0	1098
4000	11.6	0	1112
4000	11.7	0	1103
4000	11.8	0	1098
4000	11.9	0	1094
4000	12	0	1141
4000	12.1	0	1052
4000	12.2	0	1124
4000	12.3	0	1065
4000	12.4	0	1035
4000	12.5	0	1040
4000	12.6	0	1090
4000	12.7	0	1110
4000	12.8	0	1114
4000	12.9	0	1082
4000	13	0	1074
4000	13.1	0	1090
4000	13.2	0	1029
4000	13.3	0	1046
4000	13.4	0	1116
4000	13.5	0	1073
4000	13.6	0	1076
4000	13.7	0	1127
4000	13.8	0	1080
4000	13.9	0	1045
4000	14	0	1093
4000	14.1	0	1042
4000	14.2	0	1095
4000	14.3	0	1100
4000	14.4	0	1037
4000	14.5	0	1021
4000	14.6	0	1076
4000	14.7	0	1141
4000	14.8	0	1151
4000	14.9	0	1063
4000	15	0	1079
4000	15.1	0	1090
4000	15.2	0	1059
4000	15.3	0	1072
4000	15.4	0	1115
4000	15.5	0	1110
4000	15.6	0	1161
4000	15.7	0	1095
4000	15.8	0	1016
4000	15.9	0	1113
4000	16	0	1085
4000	16.1	0	1080
4000	16.2	0	1067
4000	16.3	0	1072
4000	16.4	0	1067
4000	16.5	0	1063
4000	16.6	0	1087
4000	16.7	0	1053
4000	16.8	0	1145
4000	16.9	0	1100
4000	17	0	1063
4000	17.1	0	1082
4000	17.2	0	1077
4000	17.3	0	1083
4000	17.4	0	1143
4000	17.5	0	1070
4000	17.6	0	1119
4000	17.7	0	1057
4000	17.8	0	1056
4000	17.9	0	1110
4000	18	0	1076
4000	18.1	0	1086
4000	18.2	0	1137
4000	18.3	0	1098
4000	18.4	0	1040
4000	18.5	0	1094
4000	18.6	0	1075
4000	18.7	0	1095
4000	18.8	0	1089
4000	18.9	0	1092
4000	19	0	1097
4000	19.1	0	1185
4000	19.2	0	1083
4000	19.3	0	1142
4000	19.4	0	1156
4000	19.5	0	1179
4000	19.6	0	1131
4000	19.7	0	1134
4000	19.8	0	1094
4000	19.9	0	1131
8000	0	0	1092
8000	0.1	0	1144
8000	0.2	0	1187
8000	0.3	0	1162
8000	0.4	0	1241
8000	0.5	0	1272
8000	0.6	0	1335
8000	0.7	0	1423
8000	0.8	0	1464
8000	0.9	0	1677
8000	1	0	1787
8000	1.1	0	1971
8000	1.2	0	2163
8000	1.3	0	2414
8000	1.4	0	2725
8000	1.5	0	3142
8000	1.6	0	3828
8000	1.7	0	4446
8000	1.8	0	5391
8000	1.9	0	6946
8000	2	0	8791
8000	2.1	0	11464
8000	2.2	0	14664
8000	2.3	0	17853
8000	2.4	0	19583
8000	2.5	0	19557
8000	2.6	0	18901
8000	2.7	0	18636
8000	2.8	0	18680
8000	2.9	0	18820
8000	3	0	19051
8000	3.1	0	18716
8000	3.2	0	18595
8000	3.3	0	18850
8000	3.4	0	18923
8000	3.5	0	18999
8000	3.6	0	19124
8000	3.7	0	19061
8000	3.8	0	18772
8000	3.9	0	18905
8000	4	0	19026
8000	4.1	0	18609
8000	4.2	0	19007
8000	4.3	0	18729
8000	4.4	0	18979
8000	4.5	0	19008
8000	4.6	0	18802
8000	4.7	0	19062
8000	4.8	0	18786
8000	4.9	0	18754
8000	5	0	19053
8000	5.1	0	18862
8000	5.2	0	18330
8000	5.3	0	17486
8000	5.4	0	16638
8000	5.5	0	15712
8000	5.6	0	14376
8000	5.7	0	13379
8000	5.8	0	12257
8000	5.9	0	11079
8000	6	0	10149
8000	6.1	0	9189
8000	6.2	0	8341
8000	6.3	0	7743
8000	6.4	0	7113
8000	6.5	0	6540
8000	6.6	0	5999
8000	6.7	0	5475
8000	6.8	0	5011
8000	6.9	0	4745
8000	7	0	4384
8000	7.1	0	4170
8000	7.2	0	3774
8000	7.3	0	3696
8000	7.4	0	3430
8000	7.5	0	3157
8000	7.6	0	3057
8000	7.7	0	2851
8000	7.8	0	2774
8000	7.9	0	2653
8000	8	0	2581
8000	8.1	0	2391
8000	8.2	0	2333
8000	8.3	0	2133
8000	8.4	0	2203
8000	8.5	0	1984
8000	8.6	0	1900
8000	8.7	0	1871
8000	8.8	0	1789
8000	8.9	0	1819
8000	9	0	1725
8000	9.1	0	1621
8000	9.2	0	1573
8000	9.3	0	1611
8000	9.4	0	1539
8000	9.5	0	1525
8000	9.6	0	1483
8000	9.7	0	1384
8000	9.8	0	1441
8000	9.9	0	1394
8000	10	0	1368
8000	10.1	0	1288
8000	10.2	0	1365
8000	10.3	0	1238
8000	10.4	0	1179
8000	10.5	0	1249
8000	10.6	0	1188
8000	10.7	0	1148
8000	10.8	0	1156
8000	10.9	0	1145
8000	11	0	1122
8000	11.1	0	1140
8000	11.2	0	1150
8000	11.3	0	1112
8000	11.4	0	1107
8000	11.5	0	1047
8000	11.6	0	1106
8000	11.7	0	1132
8000	11.8	0	1037
8000	11.9	0	1082
8000	12	0	1052
8000	12.1	0	1055
8000	12.2	0	1055
8000	12.3	0	1034
8000	12.4	0	1086
8000	12.5	0	1104
8000	12.6	0	1122
8000	12.7	0	1101
8000	12.8	0	1119
8000	12.9	0	1082
8000	13	0	1046
8000	13.1	0	1039
8000	13.2	0	1071
8000	13.3	0	1087
8000	13.4	0	1124
8000	13.5	0	1099
8000	13.6	0	1096
8000	13.7	0	1036
8000	13.8	0	1062
8000	13.9	0	1122
8000	14	0	1018
8000	14.1	0	1089
8000	14.2	0	1067
8000	14.3	0	1039
8000	14.4	0	1084
8000	14.5	0	1109
8000	14.6	0	1078
8000	14.7	0	1072
8000	14.8	0	1121
8000	14.9	0	1099
8000	15	0	1032
8000	15.1	0	1057
8000	15.2	0	1096
8000	15.3	0	1116
8000	15.4	0	1039
8000	15.5	0	1027
8000	15.6	0	1130
8000	15.7	0	1116
8000	15.8	0	1075
8000	15.9	0	1060
8000	16	0	1066
8000	16.1	0	1048
8000	16.2	0	1074
8000	16.3	0	1107
8000	16.4	0	1062
8000	16.5	0	1096
8000	16.6	0	1029
8000	16.7	0	1073
8000	16.8	0	1130
8000	16.9	0	1002
8000	17	0	1081
8000	17.1	0	1108
8000	17.2	0	1082
8000	17.3	0	1106
8000	17.4	0	1095
8000	17.5	0	1047
8000	17.6	0	1097
8000	17.7	0	1035
8000	17.8	0	1075
8000	17.9	0	1055
8000	18	0	997
8000	18.1	0	1073
8000	18.2	0	1103
8000	18.3	0	1093
8000	18.4	0	1081
8000	18.5	0	1079
8000	18.6	0	1080
8000	18.7	0	1135
8000	18.8	0	1075
8000	18.9	0	1165
8000	19	0	1040
8000	19.1	0	1119
8000	19.2	0	1099
8000	19.3	0	1116
8000	19.4	0	1109
8000	19.5	0	1117
8000	19.6	0	1062
8000	19.7	0	1063
8000	19.8	0	1073
8000	19.9	0	1138
12000	0	0	1059
12000	0.1	0	1061
12000	0.2	0	1112
12000	0.3	0	1185
12000	0.4	0	1220
12000	0.5	0	1259
12000	0.6	0	1321
12000	0.7	0	1402
12000	0.8	0	1481
12000	0.9	0	1612
12000	1	0	1682
12000	1.1	0	1998
12000	1.2	0	2078
12000	1.3	0	2438
12000	1.4	0	2798
12000	1.5	0	3213
12000	1.6	0	3805
12000	1.7	0	4502
12000	1.8	0	5550
12000	1.9	0	6957
12000	2	0	8759
12000	2.1	0	11403
12000	2.2	0	14733
12000	2.3	0	17726
12000	2.4	0	19688
12000	2.5	0	19367
12000	2.6	0	18850
12000	2.7	0	18688
12000	2.8	0	18849
12000	2.9	0	18779
12000	3	0	18953
12000	3.1	0	18900
12000	3.2	0	18706
12000	3.3	0	18826
12000	3.4	0	18874
12000	3.5	0	18903
12000	3.6	0	18719
12000	3.7	0	18888
12000	3.8	0	18940
12000	3.9	0	18907
12000	4	0	18928
12000	4.1	0	18962
12000	4.2	0	18715
12000	4.3	0	18973
12000	4.4	0	18917
12000	4.5	0	18750
12000	4.6	0	18992
12000	4.7	0	18939
12000	4.8	0	18858
12000	4.9	0	18896
12000	5	0	19152
12000	5.1	0	18600
12000	5.2	0	18418
12000	5.3	0	17536
12000	5.4	0	16629
12000	5.5	0	15719
12000	5.6	0	14509
12000	5.7	0	13180
12000	5.8	0	12079
12000	5.9	0	11062
12000	6	0	10068
12000	6.1	0	9242
12000	6.2	0	8550
12000	6.3	0	7884
12000	6.4	0	6917
12000	6.5	0	6429
12000	6.6	0	5945
12000	6.7	0	5452
12000	6.8	0	5015
12000	6.9	0	4610
12000	7	0	4514
12000	7.1	0	4277
12000	7.2	0	3925
12000	7.3	0	3682
12000	7.4	0	3442
12000	7.5	0	3219
12000	7.6	0	3066
12000	7.7	0	2860
12000	7.8	0	2765
12000	7.9	0	2554
12000	8	0	2572
12000	8.1	0	2402
12000	8.2	0	2331
12000	8.3	0	2243
12000	8.4	0	2134
12000	8.5	0	2004
12000	8.6	0	1996
12000	8.7	0	1956
12000	8.8	0	1894
12000	8.9	0	1750
12000	9	0	1699
12000	9.1	0	1728
12000	9.2	0	1601
12000	9.3	0	1491
12000	9.4	0	1584
12000	9.5	0	1441
12000	9.6	0	1515
12000	9.7	0	1439
12000	9.8	0	1427
12000	9.9	0	1425
12000	10	0	1288
12000	10.1	0	1314
12000	10.2	0	1308
12000	10.3	0	1256
12000	10.4	0	1200
12000	10.5	0	1146
12000	10.6	0	1176
12000	10.7	0	1187
12000	10.8	0	1154
12000	10.9	0	1166
12000	11	0	1143
12000	11.1	0	1138
12000	11.2	0	1199
12000	11.3	0	1104
12000	11.4	0	1157
12000	11.5	0	1055
12000	11.6	0	1067
12000	11.7	0	1123
12000	11.8	0	1065
12000	11.9	0	1118
12000	12	0	1076
12000	12.1	0	1072
12000	12.2	0	1101
12000	12.3	0	1107
12000	12.4	0	1102
12000	12.5	0	1120
12000	12.6	0	1068
12000	12.7	0	1076
12000	12.8	0	1099
12000	12.9	0	1030
12000	13	0	1068
12000	13.1	0	1126
12000	13.2	0	1027
12000	13.3	0	1062
12000	13.4	0	1062
12000	13.5	0	1109
12000	13.6	0	1110
12000	13.7	0	1035
12000	13.8	0	1106
12000	13.9	0	1059
12000	14	0	1040
12000	14.1	0	1104
12000	14.2	0	1057
12000	14.3	0	1058
12000	14.4	0	1037
12000	14.5	0	1088
12000	14.6	0	1025
12000	14.7	0	1001
12000	14.8	0	1073
12000	14.9	0	1029
12000	15	0	1052
12000	15.1	0	1136
12000	15.2	0	1085
12000	15.3	0	1146
12000	15.4	0	1054
12000	15.5	0	1077
12000	15.6	0	1120
12000	15.7	0	1074
12000	15.8	0	1112
12000	15.9	0	1066
12000	16	0	1055
12000	16.1	0	1102
12000	16.2	0	1119
12000	16.3	0	1099
12000	16.4	0	1092
12000	16.5	0	1107
12000	16.6	0	1040
12000	16.7	0	1095
12000	16.8	0	1083
12000	16.9	0	1091
12000	17	0	1074
12000	17.1	0	1087
12000	17.2	0	1058
12000	17.3	0	1080
12000	17.4	0	1162
12000	17.5	0	1118
12000	17.6	0	1138
12000	17.7	0	1024
12000	17.8	0	1030
12000	17.9	0	1061
12000	18	0	1117
12000	18.1	0	1096
12000	18.2	0	1131
12000	18.3	0	1124
12000	18.4	0	1127
12000	18.5	0	1082
12000	18.6	0	1103
12000	18.7	0	1099
12000	18.8	0	1098
12000	18.9	0	1092
12000	19	0	1036
12000	19.1	0	1075
12000	19.2	0	1005
12000	19.3	0	1095
12000	19.4	0	1009
12000	19.5	0	1091
12000	19.6	0	1113
12000	19.7	0	1082
12000	19.8	0	1171
12000	19.9	0	1073
16000	0	0	1208
16000	0.1	0	1064
16000	0.2	0	1130
16000	0.3	0	1198
16000	0.4	0	1190
16000	0.5	0	1163
16000	0.6	0	1234
16000	0.7	0	1372
16000	0.8	0	1552
16000	0.9	0	1611
16000	1	0	1810
16000	1.1	0	2004
16000	1.2	0	2058
16000	1.3	0	2477
16000	1.4	0	2681
16000	1.5	0	3104
16000	1.6	0	3745
16000	1.7	0	4576
16000	1.8	0	5487
16000	1.9	0	6855
16000	2	0	8790
16000	2.1	0	11204
16000	2.2	0	14707
16000	2.3	0	17976
16000	2.4	0	19491
16000	2.5	0	19410
16000	2.6	0	18791
16000	2.7	0	18698
16000	2.8	0	18641
16000	2.9	0	18748
16000	3	0	18731
16000	3.1	0	18827
16000	3.2	0	18850
16000	3.3	0	18897
16000	3.4	0	18957
16000	3.5	0	18949
16000	3.6	0	18861
16000	3.7	0	18864
16000	3.8	0	19059
16000	3.9	0	18873
16000	4	0	18825
16000	4.1	0	19025
16000	4.2	0	19031
16000	4.3	0	18929
16000	4.4	0	18798
16000	4.5	0	18784
16000	4.6	0	18871
16000	4.7	0	18739
16000	4.8	0	18957
16000	4.9	0	18946
16000	5	0	19106
16000	5.1	0	18981
16000	5.2	0	18245
16000	5.3	0	17416
16000	5.4	0	16512
16000	5.5	0	15669
16000	5.6	0	14462
16000	5.7	0	13160
16000	5.8	0	12065
16000	5.9	0	10932
16000	6	0	10156
16000	6.1	0	9222
16000	6.2	0	8467
16000	6.3	0	7873
16000	6.4	0	7175
16000	6.5	0	6478
16000	6.6	0	5993
16000	6.7	0	5490
16000	6.8	0	5120
16000	6.9	0	4737
16000	7	0	4376
16000	7.1	0	4186
16000	7.2	0	4006
16000	7.3	0	3653
16000	7.4	0	3490
16000	7.5	0	3259
16000	7.6	0	3028
16000	7.7	0	2931
16000	7.8	0	2739
16000	7.9	0	2544
16000	8	0	2521
16000	8.1	0	2370
16000	8.2	0	2322
16000	8.3	0	2286
16000	8.4	0	2149
16000	8.5	0	2027
16000	8.6	0	2001
16000	8.7	0	1916
16000	8.8	0	1831
16000	8.9	0	1770
16000	9	0	1771
16000	9.1	0	1702
16000	9.2	0	1536
16000	9.3	0	1491
16000	9.4	0	1597
16000	9.5	0	1484
16000	9.6	0	1410
16000	9.7	0	1458
16000	9.8	0	1340
16000	9.9	0	1415
16000	10	0	1303
16000	10.1	0	1264
16000	10.2	0	1235
16000	10.3	0	1273
16000	10.4	0	1235
16000	10.5	0	1191
16000	10.6	0	1213
16000	10.7	0	1155
16000	10.8	0	1192
16000	10.9	0	1169
16000	11	0	1138
16000	11.1	0	1083
16000	11.2	0	1147
16000	11.3	0	1199
16000	11.4	0	1169
16000	11.5	0	1068
16000	11.6	0	1061
16000	11.7	0	1110
16000	11.8	0	1049
16000	11.9	0	1146
16000	12	0	1108
16000	12.1	0	1114
16000	12.2	0	1110
16000	12.3	0	1072
16000	12.4	0	1027
16000	12.5	0	1053
16000	12.6	0	1076
16000	12.7	0	1070
16000	12.8	0	1150
16000	12.9	0	1044
16000	13	0	1061
16000	13.1	0	1070
16000	13.2	0	1062
16000	13.3	0	1115
16000	13.4	0	1104
16000	13.5	0	1084
16000	13.6	0	1099
16000	13.7	0	1050
16000	13.8	0	1104
16000	13.9	0	1111
16000	14	0	1077
16000	14.1	0	1075
16000	14.2	0	1062
16000	14.3	0	1002
16000	14.4	0	1063
16000	14.5	0	1056
16000	14.6	0	1041
16000	14.7	0	1144
16000	14.8	0	1056
16000	14.9	0	1084
16000	15	0	1113
16000	15.1	0	1044
16000	15.2	0	1048
16000	15.3	0	1062
16000	15.4	0	1069
16000	15.5	0	1075
16000	15.6	0	1081
16000	15.7	0	1136
16000	15.8	0	1122
16000	15.9	0	996
16000	16	0	1044
16000	16.1	0	1081
16000	16.2	0	1097
16000	16.3	0	1086
16000	16.4	0	1147
16000	16.5	0	1066
16000	16.6	0	1145
16000	16.7	0	1106
16000	16.8	0	1112
16000	16.9	0	1122
16000	17	0	1025
16000	17.1	0	1091
16000	17.2	0	1089
16000	17.3	0	1095
16000	17.4	0	1135
16000	17.5	0	1078
16000	17.6	0	1140
16000	17.7	0	1062
16000	17.8	0	1108
16000	17.9	0	1150
16000	18	0	1077
16000	18.1	0	1067
16000	18.2	0	1066
16000	18.3	0	1122
16000	18.4	0	1103
16000	18.5	0	1121
16000	18.6	0	1148
16000	18.7	0	1040
16000	18.8	0	1076
16000	18.9	0	1079
16000	19	0	1074
16000	19.1	0	1085
16000	19.2	0	1105
16000	19.3	0	1094
16000	19.4	0	1098
16000	19.5	0	1080
16000	19.6	0	1090
16000	19.7	0	1155
16000	19.8	0	1118
16000	19.9	0	1117
20000	0	0	1130
20000	0.1	0	1051
20000	0.2	0	1171
20000	0.3	0	1167
20000	0.4	0	1176
20000	0.5	0	1291
20000	0.6	0	1352
20000	0.7	0	1396
20000	0.8	0	1564
20000	0.9	0	1541
20000	1	0	1729
20000	1.1	0	1886
20000	1.2	0	2190
20000	1.3	0	2316
20000	1.4	0	2754
20000	1.5	0	3148
20000	1.6	0	3797
20000	1.7	0	4478
20000	1.8	0	5561
20000	1.9	0	6973
20000	2	0	8818
20000	2.1	0	11326
20000	2.2	0	14788
20000	2.3	0	17968
20000	2.4	0	19663
20000	2.5	0	19298
20000	2.6	0	18974
20000	2.7	0	18688
20000	2.8	0	18376
20000	2.9	0	18587
20000	3	0	18718
20000	3.1	0	18953
20000	3.2	0	18815
20000	3.3	0	18788
20000	3.4	0	18676
20000	3.5	0	18854
20000	3.6	0	18850
20000	3.7	0	19159
20000	3.8	0	18690
20000	3.9	0	19085
20000	4	0	18987
20000	4.1	0	19062
20000	4.2	0	18987
20000	4.3	0	19083
20000	4.4	0	18970
20000	4.5	0	18786
20000	4.6	0	18997
20000	4.7	0	19085
20000	4.8	0	19045
20000	4.9	0	18908
20000	5	0	19113
20000	5.1	0	18825
20000	5.2	0	18294
20000	5.3	0	17395
20000	5.4	0	16561
20000	5.5	0	15574
20000	5.6	0	14449
20000	5.7	0	13301
20000	5.8	0	12367
20000	5.9	0	11194
20000	6	0	10106
20000	6.1	0	9278
20000	6.2	0	8306
20000	6.3	0	7908
20000	6.4	0	6960
20000	6.5	0	6537
20000	6.6	0	5887
20000	6.7	0	5618
20000	6.8	0	5062
20000	6.9	0	4769
20000	7	0	4361
20000	7.1	0	4083
20000	7.2	0	3892
20000	7.3	0	3641
20000	7.4	0	3560
20000	7.5	0	3192
20000	7.6	0	3186
20000	7.7	0	2958
20000	7.8	0	2775
20000	7.9	0	2734
20000	8	0	2524
20000	8.1	0	2337
20000	8.2	0	2256
20000	8.3	0	2210
20000	8.4	0	2081
20000	8.5	0	2022
20000	8.6	0	2015
20000	8.7	0	1860
20000	8.8	0	1802
20000	8.9	0	1766
20000	9	0	1646
20000	9.1	0	1629
20000	9.2	0	1679
20000	9.3	0	1543
20000	9.4	0	1532
20000	9.5	0	1502
20000	9.6	0	1468
20000	9.7	0	1416
20000	9.8	0	1400
20000	9.9	0	1365
20000	10	0	1267
20000	10.1	0	1261
20000	10.2	0	1313
20000	10.3	0	1251
20000	10.4	0	1157
20000	10.5	0	1196
20000	10.6	0	1214
20000	10.7	0	1236
20000	10.8	0	1155
20000	10.9	0	1091
20000	11	0	1142
20000	11.1	0	1065
20000	11.2	0	1040
20000	11.3	0	1070
20000	11.4	0	1074
20000	11.5	0	1038
20000	11.6	0	1086
20000	11.7	0	1125
20000	11.8	0	1063
20000	11.9	0	1096
20000	12	0	1077
20000	12.1	0	1084
20000	12.2	0	1115
20000	12.3	0	1102
20000	12.4	0	1068
20000	12.5	0	1067
20000	12.6	0	1030
20000	12.7	0	1079
20000	12.8	0	1074
20000	12.9	0	1073
20000	13	0	1142
20000	13.1	0	1097
20000	13.2	0	1068
20000	13.3	0	1025
20000	13.4	0	1061
20000	13.5	0	1140
20000	13.6	0	1049
20000	13.7	0	1057
20000	13.8	0	1124
20000	13.9	0	1093
20000	14	0	1107
20000	14.1	0	1100
20000	14.2	0	1023
20000	14.3	0	1080
20000	14.4	0	1070
20000	14.5	0	1074
20000	14.6	0	1099
20000	14.7	0	1061
20000	14.8	0	1155
20000	14.9	0	1107
20000	15	0	1028
20000	15.1	0	1059
20000	15.2	0	1059
20000	15.3	0	1062
20000	15.4	0	1115
20000	15.5	0	1064
20000	15.6	0	1083
20000	15.7	0	1092
20000	15.8	0	1095
20000	15.9	0	1038
20000	16	0	1076
20000	16.1	0	1087
20000	16.2	0	1076
20000	16.3	0	1006
20000	16.4	0	1084
20000	16.5	0	1119
20000	16.6	0	1130
20000	16.7	0	976
20000	16.8	0	1129
20000	16.9	0	1017
20000	17	0	1078
20000	17.1	0	1093
20000	17.2	0	1060
20000	17.3	0	1088
20000	17.4	0	1054
20000	17.5	0	1122
20000	17.6	0	1105
20000	17.7	0	1110
20000	17.8	0	1100
20000	17.9	0	1062
20000	18	0	1146
20000	18.1	0	1074
20000	18.2	0	1057
20000	18.3	0	1095
20000	18.4	0	1115
20000	18.5	0	1058
20000	18.6	0	1079
20000	18.7	0	1057
20000	18.8	0	1121
20000	18.9	0	1054
20000	19	0	1042
20000	19.1	0	1121
20000	19.2	0	1152
20000	19.3	0	1098
20000	19.4	0	1089
20000	19.5	0	1103
20000	19.6	0	1089
20000	19.7	0	1069
20000	19.8	0	1026
20000	19.9	0	1053
