4000	0	0	1127
4000	0.1	0	1240
4000	0.2	0	1208
4000	0.3	0	1198
4000	0.4	0	1277
4000	0.5	0	1312
4000	0.6	0	1403
4000	0.7	0	1522
4000	0.8	0	1582
4000	0.9	0	1781
4000	1	0	1880
4000	1.1	0	2080
4000	1.2	0	2311
4000	1.3	0	2786
4000	1.4	0	3146
4000	1.5	0	3801
4000	1.6	0	4449
4000	1.7	0	5573
4000	1.8	0	6850
4000	1.9	0	8831
4000	2	0	11049
4000	2.1	0	13732
4000	2.2	0	16432
4000	2.3	0	18792
4000	2.4	0	19006
4000	2.5	0	17789
4000	2.6	0	17642
4000	2.7	0	16985
4000	2.8	0	17463
4000	2.9	0	17756
4000	3	0	17868
4000	3.1	0	18151
4000	3.2	0	18038
4000	3.3	0	18087
4000	3.4	0	18054
4000	3.5	0	18059
4000	3.6	0	17907
4000	3.7	0	18240
4000	3.8	0	18119
4000	3.9	0	18184
4000	4	0	17799
4000	4.1	0	18029
4000	4.2	0	18111
4000	4.3	0	18342
4000	4.4	0	17928
4000	4.5	0	18118
4000	4.6	0	17714
4000	4.7	0	17770
4000	4.8	0	17713
4000	4.9	0	17883
4000	5	0	17998
4000	5.1	0	17690
4000	5.2	0	17220
4000	5.3	0	17007
4000	5.4	0	16356
4000	5.5	0	15632
4000	5.6	0	14594
4000	5.7	0	13733
4000	5.8	0	12870
4000	5.9	0	11774
4000	6	0	10965
4000	6.1	0	9954
4000	6.2	0	9125
4000	6.3	0	8330
4000	6.4	0	7903
4000	6.5	0	7054
4000	6.6	0	6456
4000	6.7	0	5935
4000	6.8	0	5333
4000	6.9	0	4998
4000	7	0	4770
4000	7.1	0	4321
4000	7.2	0	4133
4000	7.3	0	3866
4000	7.4	0	3590
4000	7.5	0	3410
4000	7.6	0	3256
4000	7.7	0	3059
4000	7.8	0	2855
4000	7.9	0	2737
4000	8	0	2539
4000	8.1	0	2522
4000	8.2	0	2491
4000	8.3	0	2248
4000	8.4	0	2236
4000	8.5	0	1988
4000	8.6	0	2074
4000	8.7	0	2004
4000	8.8	0	1840
4000	8.9	0	1758
4000	9	0	1799
4000	9.1	0	1635
4000	9.2	0	1675
4000	9.3	0	1660
4000	9.4	0	1550
4000	9.5	0	1578
4000	9.6	0	1414
4000	9.7	0	1456
4000	9.8	0	1444
4000	9.9	0	1429
4000	10	0	1390
4000	10.1	0	1279
4000	10.2	0	1322
4000	10.3	0	1288
4000	10.4	0	1229
4000	10.5	0	1234
4000	10.6	0	1217
4000	10.7	0	1140
4000	10.8	0	1176
4000	10.9	0	1220
4000	11	0	1159
4000	11.1	0	1211
4000	11.2	0	1164
4000	11.3	0	1061
4000	11.4	0	1123
4000	11.5	0	1108
4000	11.6	0	1141
4000	11.7	0	1113
4000	11.8	0	1082
4000	11.9	0	1179
4000	12	0	1094
4000	12.1	0	1165
4000	12.2	0	1118
4000	12.3	0	1111
4000	12.4	0	1036
4000	12.5	0	1112
4000	12.6	0	1147
4000	12.7	0	1104
4000	12.8	0	1104
4000	12.9	0	1060
4000	13	0	1186
4000	13.1	0	1157
4000	13.2	0	1087
4000	13.3	0	1122
4000	13.4	0	1107
4000	13.5	0	1119
4000	13.6	0	1127
4000	13.7	0	1074
4000	13.8	0	1125
4000	13.9	0	1072
4000	14	0	1096
4000	14.1	0	1161
4000	14.2	0	1152
4000	14.3	0	1099
4000	14.4	0	1153
4000	14.5	0	1069
4000	14.6	0	1112
4000	14.7	0	1187
4000	14.8	0	1097
4000	14.9	0	1109
4000	15	0	1157
4000	15.1	0	1136
4000	15.2	0	1113
4000	15.3	0	1094
4000	15.4	0	1113
4000	15.5	0	1122
4000	15.6	0	1131
4000	15.7	0	1071
4000	15.8	0	1151
4000	15.9	0	1107
4000	16	0	1075
4000	16.1	0	1106
4000	16.2	0	1117
4000	16.3	0	1091
4000	16.4	0	1112
4000	16.5	0	1129
4000	16.6	0	1035
4000	16.7	0	1101
4000	16.8	0	1187
4000	16.9	0	1098
4000	17	0	1136
4000	17.1	0	1109
4000	17.2	0	1065
4000	17.3	0	1155
4000	17.4	0	1113
4000	17.5	0	1109
4000	17.6	0	1060
4000	17.7	0	1109
4000	17.8	0	1125
4000	17.9	0	1172
4000	18	0	1110
4000	18.1	0	1113
4000	18.2	0	1186
4000	18.3	0	1072
4000	18.4	0	1145
4000	18.5	0	1143
4000	18.6	0	1145
4000	18.7	0	1122
4000	18.8	0	1145
4000	18.9	0	1127
4000	19	0	1177
4000	19.1	0	1116
4000	19.2	0	1173
4000	19.3	0	1174
4000	19.4	0	1212
4000	19.5	0	1141
4000	19.6	0	1127
4000	19.7	0	1213
4000	19.8	0	1162
4000	19.9	0	1119
8000	0	0	1149
8000	0.1	0	1187
8000	0.2	0	1196
8000	0.3	0	1258
8000	0.4	0	1254
8000	0.5	0	1329
8000	0.6	0	1357
8000	0.7	0	1481
8000	0.8	0	1536
8000	0.9	0	1773
8000	1	0	1916
8000	1.1	0	2137
8000	1.2	0	2405
8000	1.3	0	2640
8000	1.4	0	3123
8000	1.5	0	3657
8000	1.6	0	4593
8000	1.7	0	5560
8000	1.8	0	6838
8000	1.9	0	8647
8000	2	0	11111
8000	2.1	0	13607
8000	2.2	0	16535
8000	2.3	0	18588
8000	2.4	0	19154
8000	2.5	0	17928
8000	2.6	0	17368
8000	2.7	0	17312
8000	2.8	0	17446
8000	2.9	0	17714
8000	3	0	17895
8000	3.1	0	17815
8000	3.2	0	18025
8000	3.3	0	18354
8000	3.4	0	18361
8000	3.5	0	17857
8000	3.6	0	18378
8000	3.7	0	18035
8000	3.8	0	18076
8000	3.9	0	18087
8000	4	0	17882
8000	4.1	0	18179
8000	4.2	0	18131
8000	4.3	0	18021
8000	4.4	0	18156
8000	4.5	0	18015
8000	4.6	0	18074
8000	4.7	0	17845
8000	4.8	0	17726
8000	4.9	0	17948
8000	5	0	17817
8000	5.1	0	17605
8000	5.2	0	17642
8000	5.3	0	16659
8000	5.4	0	16202
8000	5.5	0	15343
8000	5.6	0	14722
8000	5.7	0	13705
8000	5.8	0	12900
8000	5.9	0	11656
8000	6	0	11063
8000	6.1	0	9877
8000	6.2	0	9137
8000	6.3	0	8392
8000	6.4	0	7685
8000	6.5	0	7045
8000	6.6	0	6543
8000	6.7	0	5789
8000	6.8	0	5305
8000	6.9	0	5124
8000	7	0	4641
8000	7.1	0	4417
8000	7.2	0	4066
8000	7.3	0	3928
8000	7.4	0	3661
8000	7.5	0	3407
8000	7.6	0	3228
8000	7.7	0	3023
8000	7.8	0	2858
8000	7.9	0	2710
8000	8	0	2654
8000	8.1	0	2495
8000	8.2	0	2295
8000	8.3	0	2286
8000	8.4	0	2148
8000	8.5	0	2147
8000	8.6	0	1935
8000	8.7	0	1983
8000	8.8	0	1868
8000	8.9	0	1875
8000	9	0	1689
8000	9.1	0	1734
8000	9.2	0	1734
8000	9.3	0	1605
8000	9.4	0	1629
8000	9.5	0	1533
8000	9.6	0	1478
8000	9.7	0	1436
8000	9.8	0	1427
8000	9.9	0	1354
8000	10	0	1335
8000	10.1	0	1333
8000	10.2	0	1389
8000	10.3	0	1324
8000	10.4	0	1188
8000	10.5	0	1242
8000	10.6	0	1242
8000	10.7	0	1237
8000	10.8	0	1157
8000	10.9	0	1251
8000	11	0	1214
8000	11.1	0	1165
8000	11.2	0	1130
8000	11.3	0	1137
8000	11.4	0	1159
8000	11.5	0	1136
8000	11.6	0	1095
8000	11.7	0	1130
8000	11.8	0	1116
8000	11.9	0	1147
8000	12	0	1104
8000	12.1	0	1101
8000	12.2	0	1147
8000	12.3	0	1100
8000	12.4	0	1068
8000	12.5	0	1128
8000	12.6	0	1064
8000	12.7	0	1128
8000	12.8	0	1136
8000	12.9	0	1118
8000	13	0	1127
8000	13.1	0	1037
8000	13.2	0	1111
8000	13.3	0	1109
8000	13.4	0	1083
8000	13.5	0	1077
8000	13.6	0	1043
8000	13.7	0	1092
8000	13.8	0	1037
8000	13.9	0	1129
8000	14	0	1076
8000	14.1	0	1082
8000	14.2	0	1124
8000	14.3	0	1108
8000	14.4	0	1121
8000	14.5	0	1119
8000	14.6	0	1040
8000	14.7	0	1076
8000	14.8	0	1099
8000	14.9	0	1134
8000	15	0	1153
8000	15.1	0	1090
8000	15.2	0	1103
8000	15.3	0	1122
8000	15.4	0	1052
8000	15.5	0	1126
8000	15.6	0	1160
8000	15.7	0	1134
8000	15.8	0	1169
8000	15.9	0	1134
8000	16	0	1125
8000	16.1	0	1110
8000	16.2	0	1118
8000	16.3	0	1133
8000	16.4	0	1196
8000	16.5	0	1087
8000	16.6	0	1103
8000	16.7	0	1173
8000	16.8	0	1099
8000	16.9	0	1075
8000	17	0	1116
8000	17.1	0	1124
8000	17.2	0	1109
8000	17.3	0	1167
8000	17.4	0	1186
8000	17.5	0	1169
8000	17.6	0	1162
8000	17.7	0	1087
8000	17.8	0	1141
8000	17.9	0	1162
8000	18	0	1101
8000	18.1	0	1140
8000	18.2	0	1169
8000	18.3	0	1098
8000	18.4	0	1186
8000	18.5	0	1127
8000	18.6	0	1220
8000	18.7	0	1189
8000	18.8	0	1073
8000	18.9	0	1107
8000	19	0	1108
8000	19.1	0	1143
8000	19.2	0	1166
8000	19.3	0	1111
8000	19.4	0	1184
8000	19.5	0	1158
8000	19.6	0	1199
8000	19.7	0	1154
8000	19.8	0	1156
8000	19.9	0	1167
12000	0	0	1223
12000	0.1	0	1175
12000	0.2	0	1208
12000	0.3	0	1249
12000	0.4	0	1334
12000	0.5	0	1391
12000	0.6	0	1392
12000	0.7	0	1443
12000	0.8	0	1623
12000	0.9	0	1739
12000	1	0	1923
12000	1.1	0	2153
12000	1.2	0	2367
12000	1.3	0	2799
12000	1.4	0	3209
12000	1.5	0	3748
12000	1.6	0	4453
12000	1.7	0	5375
12000	1.8	0	6853
12000	1.9	0	8843
12000	2	0	10941
12000	2.1	0	13893
12000	2.2	0	16608
12000	2.3	0	18731
12000	2.4	0	18926
12000	2.5	0	18027
12000	2.6	0	17423
12000	2.7	0	17336
12000	2.8	0	17288
12000	2.9	0	17509
12000	3	0	17903
12000	3.1	0	18230
12000	3.2	0	18114
12000	3.3	0	17896
12000	3.4	0	17961
12000	3.5	0	18181
12000	3.6	0	17887
12000	3.7	0	18150
12000	3.8	0	18023
12000	3.9	0	18190
12000	4	0	18066
12000	4.1	0	17996
12000	4.2	0	18233
12000	4.3	0	18113
12000	4.4	0	18038
12000	4.5	0	18117
12000	4.6	0	18020
12000	4.7	0	17871
12000	4.8	0	17883
12000	4.9	0	17840
12000	5	0	17800
12000	5.1	0	17779
12000	5.2	0	17138
12000	5.3	0	17016
12000	5.4	0	16111
12000	5.5	0	15523
12000	5.6	0	14842
12000	5.7	0	13709
12000	5.8	0	12686
12000	5.9	0	11749
12000	6	0	10812
12000	6.1	0	10164
12000	6.2	0	9079
12000	6.3	0	8390
12000	6.4	0	7641
12000	6.5	0	6925
12000	6.6	0	6548
12000	6.7	0	6047
12000	6.8	0	5663
12000	6.9	0	5071
12000	7	0	4734
12000	7.1	0	4397
12000	7.2	0	3988
12000	7.3	0	3751
12000	7.4	0	3690
12000	7.5	0	3418
12000	7.6	0	3086
12000	7.7	0	3170
12000	7.8	0	2920
12000	7.9	0	2819
12000	8	0	2573
12000	8.1	0	2498
12000	8.2	0	2342
12000	8.3	0	2272
12000	8.4	0	2165
12000	8.5	0	2119
12000	8.6	0	2065
12000	8.7	0	1975
12000	8.8	0	1864
12000	8.9	0	1829
12000	9	0	1745
12000	9.1	0	1630
12000	9.2	0	1706
12000	9.3	0	1620
12000	9.4	0	1531
12000	9.5	0	1475
12000	9.6	0	1486
12000	9.7	0	1463
12000	9.8	0	1407
12000	9.9	0	1305
12000	10	0	1382
12000	10.1	0	1295
12000	10.2	0	1282
12000	10.3	0	1288
12000	10.4	0	1259
12000	10.5	0	1210
12000	10.6	0	1262
12000	10.7	0	1159
12000	10.8	0	1208
12000	10.9	0	1167
12000	11	0	1160
12000	11.1	0	1093
12000	11.2	0	1175
12000	11.3	0	1198
12000	11.4	0	1137
12000	11.5	0	1103
12000	11.6	0	1123
12000	11.7	0	1115
12000	11.8	0	1118
12000	11.9	0	1179
12000	12	0	1095
12000	12.1	0	1084
12000	12.2	0	1110
12000	12.3	0	1170
12000	12.4	0	1124
12000	12.5	0	1085
12000	12.6	0	1123
12000	12.7	0	1082
12000	12.8	0	1061
12000	12.9	0	1075
12000	13	0	1083
12000	13.1	0	1095
12000	13.2	0	1090
12000	13.3	0	1138
12000	13.4	0	1114
12000	13.5	0	1103
12000	13.6	0	1081
12000	13.7	0	1061
12000	13.8	0	1106
12000	13.9	0	1170
12000	14	0	1098
12000	14.1	0	1087
12000	14.2	0	1087
12000	14.3	0	1181
12000	14.4	0	1068
12000	14.5	0	1109
12000	14.6	0	1110
12000	14.7	0	1102
12000	14.8	0	1087
12000	14.9	0	1047
12000	15	0	1172
12000	15.1	0	1143
12000	15.2	0	1131
12000	15.3	0	1145
12000	15.4	0	1055
12000	15.5	0	1086
12000	15.6	0	1075
12000	15.7	0	1082
12000	15.8	0	1085
12000	15.9	0	1134
12000	16	0	1156
12000	16.1	0	1126
12000	16.2	0	1114
12000	16.3	0	1139
12000	16.4	0	1080
12000	16.5	0	1045
12000	16.6	0	1138
12000	16.7	0	1140
12000	16.8	0	1087
12000	16.9	0	1099
12000	17	0	1082
12000	17.1	0	1098
12000	17.2	0	1109
12000	17.3	0	1126
12000	17.4	0	1150
12000	17.5	0	1084
12000	17.6	0	1189
12000	17.7	0	1185
12000	17.8	0	1087
12000	17.9	0	1114
12000	18	0	1136
12000	18.1	0	1154
12000	18.2	0	1199
12000	18.3	0	1163
12000	18.4	0	1158
12000	18.5	0	1166
12000	18.6	0	1184
12000	18.7	0	1121
12000	18.8	0	1152
12000	18.9	0	1140
12000	19	0	1110
12000	19.1	0	1179
12000	19.2	0	1117
12000	19.3	0	1154
12000	19.4	0	1083
12000	19.5	0	1158
12000	19.6	0	1105
12000	19.7	0	1193
12000	19.8	0	1158
12000	19.9	0	1145
16000	0	0	1168
16000	0.1	0	1186
16000	0.2	0	1208
16000	0.3	0	1196
16000	0.4	0	1306
16000	0.5	0	1288
16000	0.6	0	1353
16000	0.7	0	1504
16000	0.8	0	1647
16000	0.9	0	1766
16000	1	0	1884
16000	1.1	0	2111
16000	1.2	0	2417
16000	1.3	0	2704
16000	1.4	0	3197
16000	1.5	0	3712
16000	1.6	0	4441
16000	1.7	0	5411
16000	1.8	0	7002
16000	1.9	0	8579
16000	2	0	11028
16000	2.1	0	13727
16000	2.2	0	16402
16000	2.3	0	18865
16000	2.4	0	19009
16000	2.5	0	17909
16000	2.6	0	17449
16000	2.7	0	17172
16000	2.8	0	17468
16000	2.9	0	17615
16000	3	0	17795
16000	3.1	0	18072
16000	3.2	0	18109
16000	3.3	0	18160
16000	3.4	0	17951
16000	3.5	0	18095
16000	3.6	0	18131
16000	3.7	0	18105
16000	3.8	0	18081
16000	3.9	0	18094
16000	4	0	18350
16000	4.1	0	18092
16000	4.2	0	18033
16000	4.3	0	18213
16000	4.4	0	17994
16000	4.5	0	17898
16000	4.6	0	18138
16000	4.7	0	17954
16000	4.8	0	17804
16000	4.9	0	17566
16000	5	0	17874
16000	5.1	0	17824
16000	5.2	0	17351
16000	5.3	0	17047
16000	5.4	0	16286
16000	5.5	0	15522
16000	5.6	0	14767
16000	5.7	0	13555
16000	5.8	0	12566
16000	5.9	0	11864
16000	6	0	11002
16000	6.1	0	9988
16000	6.2	0	9115
16000	6.3	0	8448
16000	6.4	0	7538
16000	6.5	0	7080
16000	6.6	0	6541
16000	6.7	0	5789
16000	6.8	0	5471
16000	6.9	0	5121
16000	7	0	4701
16000	7.1	0	4359
16000	7.2	0	4179
16000	7.3	0	3824
16000	7.4	0	3615
16000	7.5	0	3441
16000	7.6	0	3244
16000	7.7	0	3016
16000	7.8	0	2880
16000	7.9	0	2695
16000	8	0	2677
16000	8.1	0	2501
16000	8.2	0	2404
16000	8.3	0	2245
16000	8.4	0	2189
16000	8.5	0	2120
16000	8.6	0	2068
16000	8.7	0	1892
16000	8.8	0	1851
16000	8.9	0	1864
16000	9	0	1786
16000	9.1	0	1719
16000	9.2	0	1644
16000	9.3	0	1582
16000	9.4	0	1576
16000	9.5	0	1467
16000	9.6	0	1485
16000	9.7	0	1435
16000	9.8	0	1408
16000	9.9	0	1399
16000	10	0	1331
16000	10.1	0	1315
16000	10.2	0	1300
16000	10.3	0	1328
16000	10.4	0	1247
16000	10.5	0	1257
16000	10.6	0	1227
16000	10.7	0	1169
16000	10.8	0	1185
16000	10.9	0	1225
16000	11	0	1132
16000	11.1	0	1156
16000	11.2	0	1125
16000	11.3	0	1119
16000	11.4	0	1215
16000	11.5	0	1127
16000	11.6	0	1150
16000	11.7	0	1116
16000	11.8	0	1045
16000	11.9	0	1092
16000	12	0	1099
16000	12.1	0	1086
16000	12.2	0	1078
16000	12.3	0	1115
16000	12.4	0	1118
16000	12.5	0	1119
16000	12.6	0	1130
16000	12.7	0	1112
16000	12.8	0	1141
16000	12.9	0	1106
16000	13	0	1181
16000	13.1	0	1124
16000	13.2	0	1088
16000	13.3	0	1107
16000	13.4	0	1111
16000	13.5	0	1096
16000	13.6	0	1128
16000	13.7	0	1118
16000	13.8	0	1080
16000	13.9	0	1090
16000	14	0	1065
16000	14.1	0	1095
16000	14.2	0	1139
16000	14.3	0	1121
16000	14.4	0	1127
16000	14.5	0	1055
16000	14.6	0	1064
16000	14.7	0	1115
16000	14.8	0	1109
16000	14.9	0	1125
16000	15	0	1059
16000	15.1	0	1083
16000	15.2	0	1074
16000	15.3	0	1125
16000	15.4	0	1125
16000	15.5	0	1127
16000	15.6	0	1100
16000	15.7	0	1014
16000	15.8	0	1133
16000	15.9	0	1130
16000	16	0	1089
16000	16.1	0	1153
16000	16.2	0	1133
16000	16.3	0	1215
16000	16.4	0	1123
16000	16.5	0	1122
16000	16.6	0	1137
16000	16.7	0	1125
16000	16.8	0	1151
16000	16.9	0	1166
16000	17	0	1136
16000	17.1	0	1087
16000	17.2	0	1103
16000	17.3	0	1118
16000	17.4	0	1141
16000	17.5	0	1143
16000	17.6	0	1135
16000	17.7	0	1177
16000	17.8	0	1118
16000	17.9	0	1124
16000	18	0	1138
16000	18.1	0	1228
16000	18.2	0	1155
16000	18.3	0	1150
16000	18.4	0	1099
16000	18.5	0	1089
16000	18.6	0	1086
16000	18.7	0	1122
16000	18.8	0	1184
16000	18.9	0	1093
16000	19	0	1140
16000	19.1	0	1121
16000	19.2	0	1153
16000	19.3	0	1147
16000	19.4	0	1165
16000	19.5	0	1116
16000	19.6	0	1145
16000	19.7	0	1166
16000	19.8	0	1178
16000	19.9	0	1182
20000	0	0	1170
20000	0.1	0	1170
20000	0.2	0	1187
20000	0.3	0	1198
20000	0.4	0	1284
20000	0.5	0	1366
20000	0.6	0	1429
20000	0.7	0	1466
20000	0.8	0	1617
20000	0.9	0	1717
20000	1	0	1861
20000	1.1	0	2112
20000	1.2	0	2387
20000	1.3	0	2701
20000	1.4	0	3132
20000	1.5	0	3643
20000	1.6	0	4448
20000	1.7	0	5520
20000	1.8	0	6777
20000	1.9	0	8615
20000	2	0	11191
20000	2.1	0	13700
20000	2.2	0	16575
20000	2.3	0	18568
20000	2.4	0	19027
20000	2.5	0	17824
20000	2.6	0	17424
20000	2.7	0	17468
20000	2.8	0	17375
20000	2.9	0	17587
20000	3	0	17739
20000	3.1	0	18180
20000	3.2	0	18268
20000	3.3	0	17635
20000	3.4	0	18056
20000	3.5	0	18130
20000	3.6	0	18209
20000	3.7	0	18085
20000	3.8	0	18139
20000	3.9	0	18158
20000	4	0	18191
20000	4.1	0	18258
20000	4.2	0	18075
20000	4.3	0	18016
20000	4.4	0	17931
20000	4.5	0	18209
20000	4.6	0	18121
20000	4.7	0	17867
20000	4.8	0	17770
20000	4.9	0	17763
20000	5	0	17908
20000	5.1	0	17862
20000	5.2	0	17214
20000	5.3	0	17157
20000	5.4	0	16217
20000	5.5	0	15546
20000	5.6	0	14626
20000	5.7	0	13895
20000	5.8	0	12795
20000	5.9	0	11750
20000	6	0	11052
20000	6.1	0	9878
20000	6.2	0	9201
20000	6.3	0	8272
20000	6.4	0	7734
20000	6.5	0	6985
20000	6.6	0	6499
20000	6.7	0	5980
20000	6.8	0	5647
20000	6.9	0	5107
20000	7	0	4744
20000	7.1	0	4417
20000	7.2	0	4044
20000	7.3	0	3854
20000	7.4	0	3698
20000	7.5	0	3331
20000	7.6	0	3180
20000	7.7	0	3063
20000	7.8	0	2827
20000	7.9	0	2797
20000	8	0	2622
20000	8.1	0	2493
20000	8.2	0	2382
20000	8.3	0	2333
20000	8.4	0	2154
20000	8.5	0	2056
20000	8.6	0	1910
20000	8.7	0	1932
20000	8.8	0	1883
20000	8.9	0	1839
20000	9	0	1676
20000	9.1	0	1678
20000	9.2	0	1685
20000	9.3	0	1752
20000	9.4	0	1473
20000	9.5	0	1467
20000	9.6	0	1523
20000	9.7	0	1480
20000	9.8	0	1382
20000	9.9	0	1402
20000	10	0	1364
20000	10.1	0	1275
20000	10.2	0	1349
20000	10.3	0	1266
20000	10.4	0	1264
20000	10.5	0	1224
20000	10.6	0	1263
20000	10.7	0	1244
20000	10.8	0	1232
20000	10.9	0	1216
20000	11	0	1138
20000	11.1	0	1182
20000	11.2	0	1112
20000	11.3	0	1157
20000	11.4	0	1070
20000	11.5	0	1148
20000	11.6	0	1113
20000	11.7	0	1075
20000	11.8	0	1123
20000	11.9	0	1082
20000	12	0	1123
20000	12.1	0	1116
20000	12.2	0	1091
20000	12.3	0	1054
20000	12.4	0	1104
20000	12.5	0	1102
20000	12.6	0	1085
20000	12.7	0	1144
20000	12.8	0	1163
20000	12.9	0	1067
20000	13	0	1121
20000	13.1	0	1086
20000	13.2	0	1112
20000	13.3	0	1158
20000	13.4	0	1091
20000	13.5	0	1102
20000	13.6	0	1087
20000	13.7	0	1041
20000	13.8	0	1086
20000	13.9	0	1090
20000	14	0	1128
20000	14.1	0	1142
20000	14.2	0	1074
20000	14.3	0	1069
20000	14.4	0	1085
20000	14.5	0	1096
20000	14.6	0	1091
20000	14.7	0	1126
20000	14.8	0	1099
20000	14.9	0	1142
20000	15	0	1108
20000	15.1	0	1110
20000	15.2	0	1114
20000	15.3	0	1107
20000	15.4	0	1082
20000	15.5	0	1102
20000	15.6	0	1084
20000	15.7	0	1121
20000	15.8	0	1135
20000	15.9	0	1108
20000	16	0	1157
20000	16.1	0	1129
20000	16.2	0	1173
20000	16.3	0	1125
20000	16.4	0	1150
20000	16.5	0	1033
20000	16.6	0	1115
20000	16.7	0	1086
20000	16.8	0	1099
20000	16.9	0	1108
20000	17	0	1109
20000	17.1	0	1138
20000	17.2	0	1094
20000	17.3	0	1167
20000	17.4	0	1138
20000	17.5	0	1159
20000	17.6	0	1173
20000	17.7	0	1155
20000	17.8	0	1206
20000	17.9	0	1136
20000	18	0	1048
20000	18.1	0	1108
20000	18.2	0	1099
20000	18.3	0	1121
20000	18.4	0	1145
20000	18.5	0	1130
20000	18.6	0	1131
20000	18.7	0	1168
20000	18.8	0	1096
20000	18.9	0	1086
20000	19	0	1157
20000	19.1	0	1174
20000	19.2	0	1190
20000	19.3	0	1059
20000	19.4	0	1150
20000	19.5	0	1182
20000	19.6	0	1130
20000	19.7	0	1094
20000	19.8	0	1143
20000	19.9	0	1155
