20000.0002	73025.7
20000.0002	77447.5
20000.0002	76122.3
20000.0002	78182.4
20000.0002	76687.1
20000.0002	71221.7
20000.0002	78508.6
20000.0002	78728.1
20000.0002	77200.6
20000.0002	75293
20000.0002	79886.3
20000.0002	74334.2
20000.0002	76723.1
20000.0002	77386.4
20000.0002	76424.2
20000.0002	77995.4
20000.0002	79890.6
20000.0002	73228.3
20000.0002	77658.8
20000.0002	74681.6
20000.0002	75913
20000.0002	74937.7
20000.0002	77172.3
20000.0002	76124.4
20000.0002	75744.9
20000.0002	73951.3
20000.0002	78524.5
20000.0002	74527.2
20000.0002	75219.5
20000.0002	82781.5
20000.0002	77082.6
20000.0002	75002.9
20000.0002	77510.8
20000.0002	77060.6
20000.0002	77545.1
20000.0002	80055.9
20000.0002	76773.7
20000.0002	78291.1
20000.0002	75391.4
20000.0002	79105.1
20000.0002	77120.7
20000.0002	76852.2
20000.0002	78440.4
20000.0002	78817.9
20000.0002	78859.4
20000.0002	76432.4
20000.0002	77763.1
20000.0002	75147.8
20000.0002	76371.1
20000.0002	75809.4
20000.0002	77069.6
20000.0002	77265
20000.0002	77859.9
20000.0002	78293.8
20000.0002	78812.5
20000.0002	78492.8
20000.0002	74270.3
20000.0002	76209.1
20000.0002	75174
20000.0002	77286.5
20000.0002	75309.3
20000.0002	75697
20000.0002	78976.3
20000.0002	77239.4
20000.0002	76600.6
20000.0002	77619.6
20000.0002	78175.5
20000.0002	78044
20000.0002	75988.7
20000.0002	78317.5
20000.0002	78114.4
20000.0002	75131.1
20000.0002	78113.9
20000.0002	76469.2
20000.0002	77433.5
20000.0002	75456.9
20000.0002	77046.7
20000.0002	77924.9
20000.0002	77574
20000.0002	76473
20000.0002	77056.5
20000.0002	79031.8
20000.0002	78279.8
20000.0002	76360.6
20000.0002	77928.7
20000.0002	77301.9
20000.0002	77570.1
20000.0002	76779.5
20000.0002	75406.1
20000.0002	76663.7
20000.0002	76323
20000.0002	76269.3
20000.0002	77712.3
20000.0002	77015.7
20000.0002	76811.7
20000.0002	76760.8
20000.0002	77475.4
20000.0002	76452.3
20000.0002	76447.1
20000.0002	77976.7
20000.0002	76190.6
20000.0002	76438.4
20000.0002	77556.5
20000.0002	76681.8
20000.0002	76542.3
20000.0002	76622.5
20000.0002	77574.1
20000.0002	75817.7
20000.0002	76450.6
20000.0002	76359.6
20000.0002	77502.3
20000.0002	76529.4
20000.0002	76932
20000.0002	76684.3
20000.0002	76217.5
20000.0002	77803
20000.0002	77101.9
20000.0002	78552.1
20000.0002	76534.5
20000.0002	77221.4
20000.0002	77042.9
20000.0002	77096.3
20000.0002	76736.9
20000.0002	76941.7
20000.0002	76345.9
20000.0002	75781.7
20000.0002	76740.9
20000.0002	77422.6
20000.0002	77020
20000.0002	77698.9
20000.0002	77335.3
20000.0002	77551.8
20000.0002	76714.3
20000.0002	77054.9
20000.0002	78421.2
20000.0002	77556.7
20000.0002	76648.2
20000.0002	76915.4
20000.0002	77566.1
20000.0002	76277.4
20000.0002	77000.4
20000.0002	77091.9
20000.0002	77231.5
20000.0002	76713.1
20000.0002	76284.3
20000.0002	78169.9
20000.0002	77319.5
20000.0002	77535.3
20000.0002	77534.5
20000.0002	77300.2
20000.0002	77256.3
20000.0002	76876.3
20000.0002	76442.3
20000.0002	76010.7
20000.0002	76920.1
20000.0002	77266.1
20000.0002	76426.1
20000.0002	77451.6
20000.0002	76976
20000.0002	77488.8
20000.0002	76779.4
20000.0002	76689.4
20000.0002	76807.4
20000.0002	77170.2
20000.0002	77455.9
20000.0002	77724.9
20000.0002	77182.7
20000.0002	77045.4
20000.0002	77803.7
20000.0002	76023.6
20000.0002	77381.6
20000.0002	77577.6
20000.0002	76524.9
20000.0002	76663.1
20000.0002	77234.7
20000.0002	77426.3
20000.0002	77118.6
20000.0002	76673.4
20000.0002	76548.5
20000.0002	76609.8
20000.0002	77446.5
20000.0002	76817.7
20000.0002	77276.8
20000.0002	76786.1
20000.0002	77216
20000.0002	77105.2
20000.0002	77320.5
20000.0002	76656.7
20000.0002	76271.3
20000.0002	76119.9
20000.0002	76353.5
20000.0002	76367.8
20000.0002	75531.3
20000.0002	77088
20000.0002	77209.6
20000.0002	77119.5
20000.0002	77940
20000.0002	75758.3
20000.0002	76384.5
20000.0002	76778.9
20000.0002	77008.8
20000.0002	76528.5
20000.0002	76664
20000.0002	76889.7
20000.0002	76288.3
20000.0002	75891
20000.0002	76287.7
20000.0002	76558.3
20000.0002	76105.1
20000.0002	77080.1
20000.0002	76970.5
20000.0002	77101.4
20000.0002	77624
20000.0002	75622.1
20000.0002	76843.7
20000.0002	76857.3
20000.0002	76276.9
20000.0002	76615.6
20000.0002	76308.1
20000.0002	76003.6
20000.0002	76380
20000.0002	76146.4
20000.0002	76917.4
20000.0002	77156.5
20000.0002	77217
20000.0002	77277.6
20000.0002	77455.6
20000.0002	75253
20000.0002	77390.2
20000.0002	76390.4
20000.0002	76641.9
20000.0002	76610
20000.0002	77409.1
20000.0002	76355.3
20000.0002	76956.4
20000.0002	77026
20000.0002	75909.8
20000.0002	76424.9
20000.0002	77203.9
20000.0002	76700.4
20000.0002	75532.1
20000.0002	75332.8
20000.0002	78283.3
20000.0002	76545.1
20000.0002	75672.5
20000.0002	75738.6
20000.0002	75797.2
20000.0002	77937
20000.0002	77717.5
20000.0002	76690.5
20000.0002	76424.7
20000.0002	74936.2
20000.0002	77420.6
20000.0002	77247.4
20000.0002	77210
20000.0002	76751.1
20000.0002	76334.1
20000.0002	78039.1
20000.0002	77384.4
20000.0002	78256.4
20000.0002	76627.1
20000.0002	77099
20000.0002	77416.6
20000.0002	77482.2
20000.0002	79151.4
20000.0002	77639.9
20000.0002	77601.3
20000.0002	77565.5
20000.0002	76993.8
20000.0002	75847.5
20000.0002	77032.4
20000.0002	75743.1
20000.0002	77290.5
20000.0002	76152.3
20000.0002	76639.5
20000.0002	77064.2
20000.0002	75367
20000.0002	77918
20000.0002	76125.3
20000.0002	75391.1
20000.0002	77922.4
20000.0002	74911.3
20000.0002	74822.5
20000.0002	74923.8
20000.0002	76065.2
20000.0002	76648.7
20000.0002	76481.8
20000.0002	75845
20000.0002	75171.8
20000.0002	75323.5
20000.0002	76539.9
20000.0002	77413.8
20000.0002	77036.7
20000.0002	76679
20000.0002	74010
20000.0002	77202.1
20000.0002	76598
20000.0002	77711.5
20000.0002	78700.9
20000.0002	73435.8
20000.0002	76685
20000.0002	76057.2
20000.0002	77376.1
20000.0002	76306.8
20000.0002	75635.2
20000.0002	76340.9
20000.0002	78509.2
20000.0002	74874.6
20000.0002	78107
20000.0002	76094.5
20000.0002	77343
20000.0002	76293
20000.0002	76792.7
20000.0002	78160.8
20000.0002	77805.1
20000.0002	76048.4
20000.0002	76759.1
20000.0002	77196.6
20000.0002	76470.5
20000.0002	77517.8
20000.0002	78008.5
20000.0002	75034.7
20000.0002	78033.7
20000.0002	77780.3
20000.0002	76822.4
20000.0002	75774.4
20000.0002	73387.3
20000.0002	79422.9
20000.0002	78475.8
20000.0002	76252.9
20000.0002	73559.6
20000.0002	77971
20000.0002	74443.5
20000.0002	74719
20000.0002	78045.5
20000.0002	76399.7
20000.0002	77241
20000.0002	78018.6
20000.0002	77739.5
20000.0002	77087.5
20000.0002	77245.9
20000.0002	77244.3
20000.0002	78654.8
20000.0002	78048.9
20000.0002	76556.4
20000.0002	78692.4
20000.0002	77950
20000.0002	77336.6
20000.0002	77594.6
20000.0002	75335.6
20000.0002	75598.9
20000.0002	76344.3
20000.0002	76590.8
20000.0002	75170
20000.0002	77046.8
20000.0002	78081.3
20000.0002	75414.1
20000.0002	75007.5
20000.0002	76743.9
20000.0002	75615.7
20000.0002	74997
20000.0002	76737.2
20000.0002	78988.5
20000.0002	76292.3
20000.0002	74397.4
20000.0002	77631.1
20000.0002	77332.5
20000.0002	74797.5
20000.0002	76209.7
20000.0002	77253.9
20000.0002	77201.6
20000.0002	77506.3
20000.0002	74088.1
20000.0002	78631.7
20000.0002	82568.9
20000.0002	77833.3
20000.0002	77115.2
20000.0002	77042.4
20000.0002	76961.4
20000.0002	75715.2
20000.0002	76896.9
20000.0002	77314.6
20000.0002	76273.4
20000.0002	80213
20000.0002	73833.1
20000.0002	78516.5
20000.0002	81503.4
20000.0002	79398.7
20000.0002	76948
20000.0002	79236
20000.0002	77873.9
20000.0002	76336.5
20000.0002	78211.4
20000.0002	76385.7
20000.0002	78724.6
20000.0002	77058.8
20000.0002	75086.6
20000.0002	80769.2
20000.0002	76882.2
20000.0002	79882.4
20000.0002	72515.8
20000.0002	78848.3
20000.0002	77561.9
20000.0002	78155.4
20000.0002	78557.7
20000.0002	80901.1
20000.0002	75539.4
20000.0002	73143.2
20000.0002	77845.9
20000.0002	78278.1
20000.0002	80007.2
20000.0002	78740.3
20000.0002	76453.9
20000.0002	76721.2
20000.0002	79280.3
20000.0002	75973.7
20000.0002	80148.8
20000.0002	80049.8
20000.0002	79898.6
20000.0002	74812.4
20000.0002	73950.5
20000.0002	75496.3
20000.0002	79045.6
20000.0002	78195
20000.0002	75389.6
20000.0002	76283.4
20000.0002	75114.4
20000.0002	77272.2
20000.0002	78614.7
20000.0002	76879.5
20000.0002	75775.4
20000.0002	74725.8
20000.0002	79096.7
20000.0002	78712.6
20000.0002	77008.2
20000.0002	77707.8
20000.0002	75496.9
20000.0002	78710.5
20000.0002	80473.9
20000.0002	79988.5
20000.0002	75907.7
20000.0002	77141.3
20000.0002	72977.4
20000.0002	76844.6
20000.0002	77665.6
20000.0002	77193.9
20000.0002	77175.1
20000.0002	77003.9
20000.0002	78649.6
20000.0002	78590.8
20000.0002	74835.4
20000.0002	79058.1
20000.0002	78867.5
20000.0002	75834
20000.0002	73565.4
20000.0002	76421.7
20000.0002	80625.6
20000.0002	80863.3
20000.0002	76593.8
20000.0002	75043.3
20000.0002	75378.3
20000.0002	78315.6
20000.0002	73240.1
20000.0002	77063.2
20000.0002	76823.6
20000.0002	78200.6
20000.0002	78604.3
20000.0002	71799
20000.0002	76603
20000.0002	77801.9
20000.0002	78070.2
20000.0002	77964.5
20000.0002	75342.5
20000.0002	78803.3
20000.0002	74230.2
20000.0002	76986.6
20000.0002	76419.4
20000.0002	79219.4
20000.0002	77359.2
20000.0002	75276.5
20000.0002	79632.6
20000.0002	78152.7
20000.0002	73488.4
20000.0002	77622.9
20000.0002	77677.7
20000.0002	76502
20000.0002	79330.2
20000.0002	76971.6
20000.0002	80337.8
20000.0002	78998.4
20000.0002	77040
20000.0002	82672.6
20000.0002	75779.7
20000.0002	73515.2
20000.0002	75940.6
20000.0002	76895.1
20000.0002	78516.2
20000.0002	76563
20000.0002	80295
20000.0002	79232.8
20000.0002	75895.8
20000.0002	73927.1
20000.0002	76006.9
20000.0002	78743.1
20000.0002	76420.6
20000.0002	75976.3
20000.0002	81175.9
20000.0002	77355
20000.0002	78082
20000.0002	74676.3
20000.0002	72912.1
20000.0002	75590.7
20000.0002	76396.7
20000.0002	79285
20000.0002	76682.1
20000.0002	82185.1
20000.0002	74540.2
20000.0002	75209.9
20000.0002	75929.7
20000.0002	77326.5
20000.0002	79282.3
20000.0002	75982.6
20000.0002	75434.6
20000.0002	78730.2
20000.0002	78553.4
20000.0002	74738.3
20000.0002	78481.9
20000.0002	78696.8
20000.0002	80641.9
20000.0002	78458
20000.0002	78101.7
20000.0002	73301.8
20000.0002	78866.1
20000.0002	77009.2
20000.0002	80200.1
20000.0002	74056.1
20000.0002	77638.8
20000.0002	81108.9
20000.0002	74819.3
20000.0002	77840.6
20000.0002	77211.2
20000.0002	78219.1
20000.0002	78350.7
20000.0002	80411.3
20000.0002	78353.2
20000.0002	77335.9
20000.0002	80312.4
20000.0002	76130.6
20000.0002	74513.2
20000.0002	77414.9
20000.0002	76455.6
20000.0002	76230.1
20000.0002	78312.6
20000.0002	75411
20000.0002	75062.3
20000.0002	77603.3
20000.0002	76240.6
20000.0002	78274.2
20000.0002	76279.7
20000.0002	75096.9
20000.0002	79212.3
20000.0002	79877.3
20000.0002	77331.2
20000.0002	74266.8
20000.0002	75389.4
20000.0002	78064
20000.0002	78430.1
20000.0002	76967.2
20000.0002	82103.5
20000.0002	79581.5
20000.0002	79502.5
20000.0002	77269.1
20000.0002	74425.7
20000.0002	76317.3
20000.0002	77439.9
20000.0002	81360.7
20000.0002	76442.3
20000.0002	78192.1
20000.0002	77472.4
20000.0002	76998.5
20000.0002	76923.1
20000.0002	79396.2
20000.0002	78021.4
20000.0002	77653.6
20000.0002	74763.8
20000.0002	75716
20000.0002	75901.9
20000.0002	78272.6
20000.0002	77223.5
20000.0002	78236.8
20000.0002	76454.1
20000.0002	76630
20000.0002	76464.2
20000.0002	75309.9
20000.0002	73706.3
20000.0002	77967.5
20000.0002	77851.7
20000.0002	77459.6
20000.0002	78514.2
20000.0002	75789.8
20000.0002	1921.63
20000.0002	-1229.99
20000.0002	1872.82
20000.0002	28.0409
20000.0002	412.548
20000.0002	-329.827
20000.0002	-797.553
20000.0002	628.803
20000.0002	-1645.06
20000.0002	-440.321
20000.0002	2083.31
20000.0002	1221.73
20000.0002	1901.84
20000.0002	4582.64
20000.0002	182.056
20000.0002	1009.07
20000.0002	-377.36
20000.0002	-325.57
20000.0002	59.5285
20000.0002	-1183.37
20000.0002	-204.814
20000.0002	1368.35
20000.0002	972.418
20000.0002	-219.508
20000.0002	2044.83
20000.0002	1194.64
20000.0002	1960.21
20000.0002	-995.432
20000.0002	639.25
20000.0002	-838.051
20000.0002	-1662.78
20000.0002	-1181.03
20000.0002	324.574
20000.0002	1432.58
20000.0002	1706.08
20000.0002	774.894
20000.0002	1115.82
20000.0002	-806.903
20000.0002	945.563
20000.0002	-589.413
20000.0002	-383.155
20000.0002	534.593
20000.0002	88.3855
20000.0002	127.994
20000.0002	139.659
20000.0002	556.236
20000.0002	-562.322
20000.0002	146.546
20000.0002	226.95
20000.0002	-1272.2
20000.0002	-310.295
20000.0002	-1078.24
20000.0002	-1369.57
20000.0002	-1290.19
20000.0002	-1518.86
20000.0002	-1207.48
20000.0002	-1068.55
20000.0002	-227.793
20000.0002	-1595.56
20000.0002	-422.645
20000.0002	503.796
20000.0002	-143.217
20000.0002	326.124
20000.0002	779.941
20000.0002	-549.965
20000.0002	578.855
20000.0002	873.21
20000.0002	550.157
20000.0002	-856.017
20000.0002	130.215
20000.0002	-537.636
20000.0002	-1089.23
20000.0002	1276.58
20000.0002	-955.273
20000.0002	103.016
20000.0002	-758.602
20000.0002	835.299
20000.0002	-807.492
20000.0002	-505.991
20000.0002	585
20000.0002	-854.065
20000.0002	822.728
20000.0002	1303.8
20000.0002	-449.469
20000.0002	371.84
20000.0002	-531.574
20000.0002	-2.97412
20000.0002	632.818
20000.0002	212.395
20000.0002	-98.1681
20000.0002	-56.9675
20000.0002	-521.915
20000.0002	-254.498
20000.0002	205.376
20000.0002	-67.6666
20000.0002	-3.82963
20000.0002	555.554
20000.0002	-211.429
20000.0002	441.321
20000.0002	349.314
20000.0002	81.9433
20000.0002	-31.3002
20000.0002	17.2178
20000.0002	-704.831
20000.0002	-309.745
20000.0002	125.208
20000.0002	647.406
20000.0002	622.844
20000.0002	140.589
20000.0002	72.9282
20000.0002	185.309
20000.0002	-170.956
20000.0002	145.279
20000.0002	-329.205
20000.0002	14.229
20000.0002	15.4261
20000.0002	124.38
20000.0002	-273.361
20000.0002	-37.8905
20000.0002	45.4626
20000.0002	102.236
20000.0002	-202.267
20000.0002	-223.405
20000.0002	-133.061
20000.0002	43.0053
20000.0002	-215.873
20000.0002	-144.363
20000.0002	513.615
20000.0002	-97.2174
20000.0002	271.137
20000.0002	134.666
20000.0002	-128.255
20000.0002	-83.0166
20000.0002	174.632
20000.0002	314.708
20000.0002	-347.278
20000.0002	97.0442
20000.0002	-159.927
20000.0002	179.666
20000.0002	321.998
20000.0002	-75.9313
20000.0002	101.307
20000.0002	153.081
20000.0002	-220.077
20000.0002	229.916
20000.0002	-208.864
20000.0002	-313.95
20000.0002	337.696
20000.0002	-32.928
20000.0002	-106.238
20000.0002	-393.899
20000.0002	-268.377
20000.0002	22.9123
20000.0002	204.781
20000.0002	371.697
20000.0002	-574.747
20000.0002	240.076
20000.0002	97.7615
20000.0002	138.882
20000.0002	-303.299
20000.0002	145.505
20000.0002	51.4716
20000.0002	-229.865
20000.0002	-41.687
20000.0002	113.679
20000.0002	43.5271
20000.0002	228.669
20000.0002	412.299
20000.0002	-92.0565
20000.0002	44.3676
20000.0002	-162.746
20000.0002	-44.5713
20000.0002	-329.09
20000.0002	-509.898
20000.0002	-385.126
20000.0002	-440.496
20000.0002	-125.642
20000.0002	59.1398
20000.0002	165.714
20000.0002	-394.4
20000.0002	-51.6643
20000.0002	6.23662
20000.0002	-173.938
20000.0002	127.682
20000.0002	128.877
20000.0002	-39.7933
20000.0002	319.969
20000.0002	192.712
20000.0002	-134.508
20000.0002	-428.976
20000.0002	248.456
20000.0002	-531.767
20000.0002	-179.601
20000.0002	-67.5431
20000.0002	208.016
20000.0002	129.422
20000.0002	774.959
20000.0002	-85.486
20000.0002	32.5529
20000.0002	-122.578
20000.0002	439.235
20000.0002	-100.531
20000.0002	145.08
20000.0002	-86.1476
20000.0002	-22.641
20000.0002	375.138
20000.0002	-207.329
20000.0002	-217.185
20000.0002	60.7373
20000.0002	-300.575
20000.0002	302.852
20000.0002	398.657
20000.0002	-118.031
20000.0002	194.39
20000.0002	23.9972
20000.0002	52.3238
20000.0002	380.207
20000.0002	227.422
20000.0002	-278.579
20000.0002	-95.9946
20000.0002	-158.639
20000.0002	23.4046
20000.0002	-79.522
20000.0002	110.469
20000.0002	16.3589
20000.0002	-41.7282
20000.0002	50.9472
20000.0002	-58.1244
20000.0002	-421.975
20000.0002	234.281
20000.0002	-101.293
20000.0002	258.021
20000.0002	9.65029
20000.0002	-189.489
20000.0002	421.964
20000.0002	334.159
20000.0002	-145.396
20000.0002	234.676
20000.0002	-40.3541
20000.0002	-160.398
20000.0002	300.595
20000.0002	479.076
20000.0002	-1115.07
20000.0002	-106.411
20000.0002	439.751
20000.0002	-213.528
20000.0002	-600.55
20000.0002	-113.229
20000.0002	-111.674
20000.0002	-269.861
20000.0002	-961.302
20000.0002	256.222
20000.0002	544.831
20000.0002	433.199
20000.0002	-226.745
20000.0002	-569.899
20000.0002	463.629
20000.0002	384.571
20000.0002	-448.601
20000.0002	-389.925
20000.0002	114.46
20000.0002	54.2724
20000.0002	126.828
20000.0002	-78.0047
20000.0002	-157.634
20000.0002	576.149
20000.0002	-118.192
20000.0002	900.162
20000.0002	254.349
20000.0002	154.477
20000.0002	53.4079
20000.0002	-25.0881
20000.0002	887.706
20000.0002	102.778
20000.0002	695.499
20000.0002	-104.779
20000.0002	-740.093
20000.0002	104.252
20000.0002	244.789
20000.0002	-362.637
20000.0002	146.576
20000.0002	17.6367
20000.0002	812.802
20000.0002	150.563
20000.0002	-726.945
20000.0002	-128.521
20000.0002	1027.2
20000.0002	-339.187
20000.0002	-1391.67
20000.0002	-257.118
20000.0002	1427.05
20000.0002	-277.856
20000.0002	1025.16
20000.0002	-977.598
20000.0002	684.864
20000.0002	225.402
20000.0002	-1166.27
20000.0002	-630.906
20000.0002	289.077
20000.0002	1651.48
20000.0002	-774.537
20000.0002	440.685
20000.0002	-284.149
20000.0002	-1541.09
20000.0002	180.638
20000.0002	1014.09
20000.0002	-923.511
20000.0002	832.732
20000.0002	360.059
20000.0002	1530.77
20000.0002	57.5038
20000.0002	1170.7
20000.0002	-455.081
20000.0002	1369.93
20000.0002	189.429
20000.0002	312.7
20000.0002	533.481
20000.0002	-379.016
20000.0002	-195.379
20000.0002	1527.69
20000.0002	-569.815
20000.0002	-242.796
20000.0002	1022.73
20000.0002	585.922
20000.0002	-821.232
20000.0002	-622.003
20000.0002	636.74
20000.0002	-94.0267
20000.0002	-688.388
20000.0002	-450.916
20000.0002	934.7
20000.0002	757.305
20000.0002	-59.9622
20000.0002	-335.835
20000.0002	672.901
20000.0002	656.079
20000.0002	-1213.41
20000.0002	600.557
20000.0002	904.482
20000.0002	172.993
20000.0002	-1172.24
20000.0002	-1895.48
20000.0002	2186.17
20000.0002	401.515
20000.0002	1000.8
20000.0002	-909.859
20000.0002	-91.3662
20000.0002	74.3617
20000.0002	1892.4
20000.0002	205.27
20000.0002	-1085.35
20000.0002	65.5663
20000.0002	-29.2398
20000.0002	75.3249
20000.0002	86.6648
20000.0002	-766.157
20000.0002	-312.73
20000.0002	394.998
20000.0002	-1218.14
20000.0002	432.132
20000.0002	656.141
20000.0002	-1194.55
20000.0002	352.194
20000.0002	-1540.76
20000.0002	100.695
20000.0002	775.525
20000.0002	643.97
20000.0002	608.468
20000.0002	1475.2
20000.0002	1008.16
20000.0002	-117.268
20000.0002	513.884
20000.0002	-122.314
20000.0002	-213.582
20000.0002	-723.087
20000.0002	220.646
20000.0002	281.339
20000.0002	1260.21
20000.0002	1075.68
20000.0002	-1260.7
20000.0002	-305.419
20000.0002	-2480.87
20000.0002	-366.826
20000.0002	1254.57
20000.0002	969.94
20000.0002	-1169.55
20000.0002	-1013.92
20000.0002	-105.181
20000.0002	-1987.51
20000.0002	679.092
20000.0002	167.331
20000.0002	-568.225
20000.0002	-1036.52
20000.0002	-725.261
20000.0002	-2031.84
20000.0002	84.618
20000.0002	-1109.17
20000.0002	1095.47
20000.0002	1646.46
20000.0002	-617.639
20000.0002	899.075
20000.0002	647.231
20000.0002	542.697
20000.0002	-832.51
20000.0002	-267.585
20000.0002	-466.81
20000.0002	-466.932
20000.0002	1770.12
20000.0002	-508.02
20000.0002	120.067
20000.0002	811.629
20000.0002	-1093.28
20000.0002	286.952
20000.0002	-1824.4
20000.0002	-617.868
20000.0002	-477.767
20000.0002	-256.039
20000.0002	-204.96
20000.0002	824.933
20000.0002	770.914
20000.0002	1565.01
20000.0002	2348.44
20000.0002	113.446
20000.0002	334.547
20000.0002	632.511
20000.0002	-98.9102
20000.0002	-406.466
20000.0002	868.836
20000.0002	691.364
20000.0002	-30.8906
20000.0002	-246.315
20000.0002	548.148
20000.0002	2302.4
20000.0002	437.237
20000.0002	142.558
20000.0002	-1008.86
20000.0002	301.275
20000.0002	-694.998
20000.0002	-2151.81
20000.0002	2265.29
20000.0002	1220.36
20000.0002	1962.38
20000.0002	-610.087
20000.0002	-1377.96
20000.0002	-1085.83
20000.0002	-1810.57
20000.0002	-23.7913
20000.0002	664.223
20000.0002	1046.93
20000.0002	1657.35
20000.0002	1386.48
20000.0002	-63.9362
20000.0002	89.128
20000.0002	483.098
20000.0002	-777.496
20000.0002	-2644.1
20000.0002	-935.332
20000.0002	714.647
20000.0002	-631.993
20000.0002	83.9305
20000.0002	1341.74
20000.0002	-391.184
20000.0002	2343.55
20000.0002	295.864
20000.0002	542.925
20000.0002	1470.67
20000.0002	187.347
20000.0002	730.686
20000.0002	603.041
20000.0002	2201.36
20000.0002	-1252.54
20000.0002	341.397
20000.0002	-42.7006
20000.0002	-1414.13
20000.0002	112.784
20000.0002	227.916
20000.0002	300.683
20000.0002	1457.86
20000.0002	-226.324
20000.0002	1265.15
20000.0002	-1381.22
20000.0002	-395.823
20000.0002	-406.28
20000.0002	-925.246
20000.0002	1573.76
20000.0002	686.203
20000.0002	-353.729
20000.0002	1345.9
20000.0002	-959.454
20000.0002	-486.304
20000.0002	-204.661
20000.0002	409.233
20000.0002	807.6
20000.0002	233.929
20000.0002	-695.321
20000.0002	-519.697
20000.0002	-745.745
20000.0002	494.851
20000.0002	1814.66
20000.0002	-1754.43
20000.0002	-1281.18
20000.0002	2361.77
20000.0002	1605.01
20000.0002	588.714
20000.0002	-17.7271
20000.0002	529.952
20000.0002	832.944
20000.0002	192.922
20000.0002	-947.874
20000.0002	781.34
20000.0002	1000.05
20000.0002	122.59
20000.0002	-656.527
20000.0002	-791.579
20000.0002	1118.41
20000.0002	384.788
20000.0002	-300.067
20000.0002	-2479.1
20000.0002	-126.594
20000.0002	-552.991
20000.0002	2268.04
20000.0002	-194.79
20000.0002	-63.5619
20000.0002	-13.7618
20000.0002	-1101.24
20000.0002	-1551.8
20000.0002	-286.145
20000.0002	251.134
20000.0002	-1130.09
20000.0002	-273.436
20000.0002	-1236.72
20000.0002	1508.17
20000.0002	-1319.94
20000.0002	942.063
20000.0002	2130.6
20000.0002	-125.052
20000.0002	536.291
20000.0002	-1030.54
20000.0002	-9.50293
20000.0002	-666.799
20000.0002	2465.79
20000.0002	971.155
20000.0002	1626.97
20000.0002	-1982.06
20000.0002	-1383.38
20000.0002	-1949.43
20000.0002	451.302
20000.0002	1895.59
20000.0002	-737.268
20000.0002	-669.094
20000.0002	65.5325
20000.0002	447.511
20000.0002	1141.43
20000.0002	517.316
20000.0002	-674.046
20000.0002	12.5576
20000.0002	-1806.33
20000.0002	-1194.12
20000.0002	1092.86
20000.0002	-1851.67
20000.0002	174.918
20000.0002	20.2698
20000.0002	1414.29
20000.0002	-2155.12
20000.0002	-289.353
20000.0002	1195.82
20000.0002	626.246
20000.0002	-984.533
20000.0002	-539.991
20000.0002	-898.192
20000.0002	2330.38
20000.0002	1445.72
20000.0002	-441.402
20000.0002	314.606
20000.0002	614.26
20000.0002	1291.61
20000.0002	310.338
20000.0002	1578.33
20000.0002	1339.64
20000.0002	621.785
20000.0002	1796.69
20000.0002	173.526
20000.0002	1679.19
20000.0002	-2132.99
20000.0002	1875.47
20000.0002	-1984.6
20000.0002	140.807
20000.0002	2134.87
20000.0002	-144.597
20000.0002	-415.077
20000.0002	499.782
20000.0002	-1650.62
20000.0002	114.662
20000.0002	111.657
20000.0002	2522.9
20000.0002	-3375.51
20000.0002	-1128.39
20000.0002	22.4785
20000.0002	-870.173
20000.0002	824.684
20000.0002	82536.7
20000.0002	83618.5
20000.0002	81929.7
20000.0002	82286.9
20000.0002	81900.4
20000.0002	79258.8
20000.0002	82319
20000.0002	82354.9
20000.0002	80506.5
20000.0002	82059.3
20000.0002	81589.5
20000.0002	77576.2
20000.0002	79630
20000.0002	80350.9
20000.0002	85068.6
20000.0002	80979.9
20000.0002	80887.9
20000.0002	80662.1
20000.0002	80764.9
20000.0002	79404.2
20000.0002	82877.9
20000.0002	77835.5
20000.0002	80292.2
20000.0002	82003.1
20000.0002	81555.2
20000.0002	84493.1
20000.0002	85194.6
20000.0002	81061.7
20000.0002	84421
20000.0002	84641.4
20000.0002	84153.6
20000.0002	82047.8
20000.0002	83768.2
20000.0002	82277.8
20000.0002	81591.8
20000.0002	84110
20000.0002	82290.3
20000.0002	82054
20000.0002	82532.8
20000.0002	83825.7
20000.0002	83602.8
20000.0002	82048.2
20000.0002	82331.8
20000.0002	84453.4
20000.0002	81214.4
20000.0002	82700.9
20000.0002	84180.8
20000.0002	81102.9
20000.0002	79417.1
20000.0002	81906
20000.0002	82599.4
20000.0002	79277.4
20000.0002	79292.9
20000.0002	81200.8
20000.0002	79782.3
20000.0002	80342
20000.0002	79977.4
20000.0002	80451.8
20000.0002	80462.2
20000.0002	78426.7
20000.0002	77510
20000.0002	79773.3
20000.0002	77353.2
20000.0002	79078.4
20000.0002	77532.4
20000.0002	79234.9
20000.0002	79215.2
20000.0002	76851.4
20000.0002	78385.2
20000.0002	78059.4
20000.0002	78112.4
20000.0002	75926.7
20000.0002	77420.9
20000.0002	74731.9
20000.0002	76018.8
20000.0002	74914.6
20000.0002	74930.7
20000.0002	76257.8
20000.0002	75348.1
20000.0002	76129.2
20000.0002	72488.6
20000.0002	74418.3
20000.0002	73109.1
20000.0002	73145.3
20000.0002	72051.7
20000.0002	71166
20000.0002	71400.5
20000.0002	70140.6
20000.0002	69710.4
20000.0002	68403.6
20000.0002	68807.9
20000.0002	67133.5
20000.0002	67348.8
20000.0002	66741.2
20000.0002	66586.9
20000.0002	66002.3
20000.0002	65913.5
20000.0002	66408.7
20000.0002	64708.7
20000.0002	65480.9
20000.0002	66154
20000.0002	65313.9
20000.0002	66244.3
20000.0002	66662.5
20000.0002	66351.1
20000.0002	66881.4
20000.0002	68155
20000.0002	68192.5
20000.0002	67662
20000.0002	67991.9
20000.0002	69619
20000.0002	68374.4
20000.0002	68816.5
20000.0002	69727.9
20000.0002	69709.3
20000.0002	70209.4
20000.0002	70594.9
20000.0002	71731.4
20000.0002	70365.2
20000.0002	71565.7
20000.0002	71092.7
20000.0002	71879.3
20000.0002	72213.6
20000.0002	71305.4
20000.0002	71886.8
20000.0002	72281.5
20000.0002	73076.8
20000.0002	72482.5
20000.0002	73778.2
20000.0002	73031.3
20000.0002	73151.8
20000.0002	73653
20000.0002	72976.1
20000.0002	73527.9
20000.0002	74802.3
20000.0002	73856.4
20000.0002	74417.9
20000.0002	74337.4
20000.0002	74503.5
20000.0002	74940.7
20000.0002	74693.9
20000.0002	74267.8
20000.0002	74971.6
20000.0002	75867.3
20000.0002	74973.7
20000.0002	74920.9
20000.0002	76038
20000.0002	74744.9
20000.0002	75607.9
20000.0002	75596.8
20000.0002	76011.4
20000.0002	75333.1
20000.0002	74818.2
20000.0002	75857.9
20000.0002	76193
20000.0002	75835.2
20000.0002	76263.6
20000.0002	77064.7
20000.0002	76339.8
20000.0002	76266.8
20000.0002	76733.6
20000.0002	75647.4
20000.0002	76077.3
20000.0002	75749.4
20000.0002	76659
20000.0002	76794.4
20000.0002	76369.8
20000.0002	76987.3
20000.0002	76840.2
20000.0002	76661
20000.0002	76688
20000.0002	76181
20000.0002	76283.3
20000.0002	76373.7
20000.0002	75863.3
20000.0002	76098.3
20000.0002	76042.3
20000.0002	76489
20000.0002	76298.3
20000.0002	76114.7
20000.0002	76540.5
20000.0002	75707.3
20000.0002	76395.6
20000.0002	76299.7
20000.0002	75773.9
20000.0002	75931.7
20000.0002	76126.5
20000.0002	75375.1
20000.0002	75485.2
20000.0002	75330.4
20000.0002	75246.7
20000.0002	74677.8
20000.0002	74795.4
20000.0002	75941.7
20000.0002	75783.1
20000.0002	75150.4
20000.0002	75185.9
20000.0002	74680.9
20000.0002	74747.2
20000.0002	74938.8
20000.0002	74840.3
20000.0002	74612.5
20000.0002	73322.1
20000.0002	74089.4
20000.0002	73968
20000.0002	73259.5
20000.0002	73609.3
20000.0002	73578.2
20000.0002	73832.6
20000.0002	74018
20000.0002	73925.2
20000.0002	73979.9
20000.0002	73729
20000.0002	72981.3
20000.0002	73430.4
20000.0002	72869.3
20000.0002	73379.3
20000.0002	73129.2
20000.0002	73132.6
20000.0002	72735.9
20000.0002	74181.6
20000.0002	73609.1
20000.0002	74299.9
20000.0002	73898.4
20000.0002	73531.5
20000.0002	73451.6
20000.0002	73563.3
20000.0002	73024
20000.0002	74290.4
20000.0002	75405.6
20000.0002	73989.8
20000.0002	74710.6
20000.0002	74563.1
20000.0002	75074.8
20000.0002	75177.9
20000.0002	73835.8
20000.0002	74264.6
20000.0002	74866.8
20000.0002	74390.1
20000.0002	72882.5
20000.0002	74631.6
20000.0002	73350.7
20000.0002	76175.8
20000.0002	75051.1
20000.0002	72900.3
20000.0002	73388.1
20000.0002	73608.4
20000.0002	74873.5
20000.0002	75146.7
20000.0002	75491.7
20000.0002	75618.5
20000.0002	74177
20000.0002	75567.7
20000.0002	73889.7
20000.0002	74917.5
20000.0002	75555
20000.0002	73999.3
20000.0002	75517
20000.0002	74742.5
20000.0002	75918.1
20000.0002	75163.7
20000.0002	75677.5
20000.0002	76224.8
20000.0002	75237.5
20000.0002	76656.8
20000.0002	75693.7
20000.0002	74941.1
20000.0002	77050.3
20000.0002	76282.4
20000.0002	76261.1
20000.0002	75299.2
20000.0002	74944.9
20000.0002	74148.8
20000.0002	73677.4
20000.0002	75501.7
20000.0002	77179.3
20000.0002	74751.1
20000.0002	76486.9
20000.0002	77329.3
20000.0002	74837.6
20000.0002	77298.4
20000.0002	76354.4
20000.0002	76487.7
20000.0002	76122.1
20000.0002	73692.7
20000.0002	77063.9
20000.0002	74854.4
20000.0002	77363.2
20000.0002	76449.8
20000.0002	73792.2
20000.0002	75150.3
20000.0002	75433.7
20000.0002	77490.5
20000.0002	75394.1
20000.0002	76251.7
20000.0002	77521.2
20000.0002	76108
20000.0002	76803.4
20000.0002	77562.5
20000.0002	74146.7
20000.0002	75814.1
20000.0002	75420.5
20000.0002	75560.9
20000.0002	77837
20000.0002	74847.4
20000.0002	77194.8
20000.0002	76826.5
20000.0002	76889
20000.0002	75565.6
20000.0002	75334.5
20000.0002	76920.8
20000.0002	75207.6
20000.0002	76884.5
20000.0002	78758.9
20000.0002	78042.7
20000.0002	76232.5
20000.0002	77143.3
20000.0002	76271.7
20000.0002	74955.8
20000.0002	76195.3
20000.0002	76822.8
20000.0002	76748
20000.0002	78458.9
20000.0002	78166.1
20000.0002	78523.6
20000.0002	77795.4
20000.0002	75207.2
20000.0002	77918.8
20000.0002	78465.1
20000.0002	75499.3
20000.0002	74682.1
20000.0002	77473.7
20000.0002	75212.2
20000.0002	73851
20000.0002	76892.9
20000.0002	78484.4
20000.0002	76528.7
20000.0002	76630.6
20000.0002	76683
20000.0002	78509.2
20000.0002	77019.4
20000.0002	74226.9
20000.0002	80274.4
20000.0002	79182
20000.0002	77875.2
20000.0002	76415.9
20000.0002	76815.7
20000.0002	77130.2
20000.0002	77415.6
20000.0002	74616.8
20000.0002	76052.8
20000.0002	76731.1
20000.0002	77860.8
20000.0002	79001.1
20000.0002	77401.5
20000.0002	75246.6
20000.0002	75949.1
20000.0002	76054.8
20000.0002	76472.4
20000.0002	74393.5
20000.0002	77073.6
20000.0002	77298.4
20000.0002	79669.1
20000.0002	80632.9
20000.0002	77263.9
20000.0002	79433.1
20000.0002	78038.7
20000.0002	76740
20000.0002	76629.7
20000.0002	79050.5
20000.0002	79915.9
20000.0002	76700
20000.0002	76251.8
20000.0002	77052.5
20000.0002	80050.8
20000.0002	74752.3
20000.0002	78015.3
20000.0002	82234.9
20000.0002	79976.9
20000.0002	77708.7
20000.0002	78210.7
20000.0002	79257.2
20000.0002	78987.5
20000.0002	76454.3
20000.0002	77062.4
20000.0002	81454.2
20000.0002	78081.9
20000.0002	78327.2
20000.0002	79272.2
20000.0002	78937.7
20000.0002	76317.8
20000.0002	78250.9
20000.0002	77575.2
20000.0002	72900.8
20000.0002	80035
20000.0002	78719.3
20000.0002	78525.2
20000.0002	78982.7
20000.0002	81011.3
20000.0002	78807.3
20000.0002	75923.1
20000.0002	80511.4
20000.0002	76614.4
20000.0002	80309.2
20000.0002	78236.4
20000.0002	78928.7
20000.0002	76682.4
20000.0002	74915.5
20000.0002	76732.7
20000.0002	80465.5
20000.0002	76354.6
20000.0002	75530.7
20000.0002	76104.2
20000.0002	78332.6
20000.0002	74782.2
20000.0002	75469.8
20000.0002	80259.7
20000.0002	80258.8
20000.0002	82477.9
20000.0002	76371.5
20000.0002	76352.4
20000.0002	76926.3
20000.0002	78145
20000.0002	79183.4
20000.0002	78004.2
20000.0002	75173.6
20000.0002	77861.1
20000.0002	76087.8
20000.0002	76780.3
20000.0002	74768.2
20000.0002	76419.5
20000.0002	79205.9
20000.0002	76953.2
20000.0002	78718.3
20000.0002	77489.7
20000.0002	77714.3
20000.0002	75052.7
20000.0002	79514.6
20000.0002	78599.2
20000.0002	79699.7
20000.0002	78062.6
20000.0002	78031.3
20000.0002	77462.4
20000.0002	77663.8
20000.0002	74990.1
20000.0002	79708.7
20000.0002	78943.9
20000.0002	79331.2
20000.0002	79299.6
20000.0002	76897
20000.0002	77317.4
20000.0002	83763.4
20000.0002	76217.3
20000.0002	76296.7
20000.0002	76225.7
20000.0002	78475.3
20000.0002	84278.2
20000.0002	78069
20000.0002	77469.4
20000.0002	80886.3
20000.0002	80082.1
20000.0002	81850.9
20000.0002	78604.6
20000.0002	79390
20000.0002	79609.2
20000.0002	80102.1
20000.0002	75461
20000.0002	79186.5
20000.0002	85540.6
20000.0002	79236.1
20000.0002	78674.6
20000.0002	81448.8
20000.0002	77509.3
20000.0002	78003.2
20000.0002	79457.2
20000.0002	78977.3
20000.0002	80981
20000.0002	75375.1
20000.0002	77268.9
20000.0002	79362.8
20000.0002	78590
20000.0002	81564.9
20000.0002	75145.9
20000.0002	82586.6
20000.0002	81611.9
20000.0002	81996.3
20000.0002	80885.1
20000.0002	78418.2
20000.0002	81022.6
20000.0002	79142
20000.0002	79007.8
20000.0002	80069.7
20000.0002	77703.4
20000.0002	80571.8
20000.0002	75224.2
20000.0002	77121.9
20000.0002	78320.5
20000.0002	80954.7
20000.0002	79462.1
20000.0002	76262.5
20000.0002	78262
20000.0002	79595.7
20000.0002	79573.7
20000.0002	77911.8
20000.0002	76700.5
20000.0002	73988.2
20000.0002	81229.9
20000.0002	79778
20000.0002	78293.9
20000.0002	77818.5
20000.0002	77583.3
20000.0002	75582.4
20000.0002	78437.7
20000.0002	79518
20000.0002	78956.5
20000.0002	82529
20000.0002	76644.6
20000.0002	77948
20000.0002	75759.3
20000.0002	79462.7
20000.0002	78310.1
20000.0002	78465.5
20000.0002	75982.2
20000.0002	83655.4
20000.0002	79142
20000.0002	73709.2
20000.0002	76598.7
20000.0002	78503.6
20000.0002	77994.7
20000.0002	82254.1
20000.0002	78718.1
20000.0002	77220.9
20000.0002	81210.7
20000.0002	76372.6
20000.0002	79623.5
20000.0002	77618.1
20000.0002	80136.2
20000.0002	77927.3
20000.0002	74021.6
20000.0002	77956.3
20000.0002	80128.1
20000.0002	80804.1
20000.0002	82366.2
20000.0002	76141.3
20000.0002	76307.5
20000.0002	81795
20000.0002	82262.6
20000.0002	78091
20000.0002	77617.6
20000.0002	81589.2
20000.0002	77029
20000.0002	74518
20000.0002	78086.7
20000.0002	82223.5
20000.0002	77095.9
20000.0002	80626
20000.0002	81739.1
20000.0002	82134.3
20000.0002	77046.7
20000.0002	78178.6
20000.0002	81727.2
20000.0002	78730.3
20000.0002	80784
20000.0002	76786.6
20000.0002	77290.7
20000.0002	77516.3
20000.0002	84529.5
20000.0002	80573.9
20000.0002	83656.8
20000.0002	78979.3
20000.0002	77168.7
20000.0002	77424.8
20000.0002	78604.4
20000.0002	77918.1
20000.0002	80202.4
20000.0002	81953.8
20000.0002	81230.9
20000.0002	78626
20000.0002	78230.9
20000.0002	79813.2
20000.0002	78937.4
20000.0002	82257.8
20000.0002	79160.2
20000.0002	80845
20000.0002	79585.4
20000.0002	83339.2
20000.0002	74859.1
20000.0002	81444.4
20000.0002	81175.9
20000.0002	81597.9
20000.0002	77304.6
20000.0002	77737.4
20000.0002	79891.8
20000.0002	78957.6
20000.0002	78482
20000.0002	80362.7
20000.0002	82825.8
20000.0002	80649.1
20000.0002	83451.1
20000.0002	77126.4
