20000.0002	4186
20000.0002	4282
20000.0002	4194
20000.0002	4305
20000.0002	4303
20000.0002	4316
20000.0002	4341
20000.0002	4322
20000.0002	4426
20000.0002	4375
20000.0002	4532
20000.0002	4594
20000.0002	4426
20000.0002	4518
20000.0002	4707
20000.0002	4665
20000.0002	4569
20000.0002	4822
20000.0002	4711
20000.0002	4749
20000.0002	4864
20000.0002	4878
20000.0002	4940
20000.0002	4992
20000.0002	5248
20000.0002	5257
20000.0002	5108
20000.0002	5283
20000.0002	5283
20000.0002	5194
20000.0002	5618
20000.0002	5576
20000.0002	5604
20000.0002	5776
20000.0002	5820
20000.0002	5822
20000.0002	5884
20000.0002	6173
20000.0002	6140
20000.0002	6299
20000.0002	6420
20000.0002	6556
20000.0002	6538
20000.0002	6701
20000.0002	7045
20000.0002	7240
20000.0002	7273
20000.0002	7447
20000.0002	7754
20000.0002	7855
20000.0002	7777
20000.0002	8233
20000.0002	8163
20000.0002	8573
20000.0002	9046
20000.0002	9162
20000.0002	9377
20000.0002	9516
20000.0002	9859
20000.0002	10363
20000.0002	10655
20000.0002	10873
20000.0002	11334
20000.0002	11645
20000.0002	11968
20000.0002	12274
20000.0002	12912
20000.0002	13370
20000.0002	13939
20000.0002	14487
20000.0002	15295
20000.0002	15862
20000.0002	16057
20000.0002	16940
20000.0002	18132
20000.0002	18898
20000.0002	19729
20000.0002	20758
20000.0002	21726
20000.0002	22939
20000.0002	24029
20000.0002	25336
20000.0002	26818
20000.0002	28066
20000.0002	29571
20000.0002	31095
20000.0002	32782
20000.0002	34726
20000.0002	36481
20000.0002	38422
20000.0002	40473
20000.0002	42190
20000.0002	44383
20000.0002	46764
20000.0002	49056
20000.0002	50735
20000.0002	52244
20000.0002	53743
20000.0002	55263
20000.0002	56060
20000.0002	57522
20000.0002	58227
20000.0002	59934
20000.0002	60276
20000.0002	60960
20000.0002	61966
20000.0002	62721
20000.0002	63780
20000.0002	63927
20000.0002	64377
20000.0002	65026
20000.0002	65406
20000.0002	66066
20000.0002	66510
20000.0002	67094
20000.0002	67612
20000.0002	68344
20000.0002	68547
20000.0002	69031
20000.0002	69530
20000.0002	70050
20000.0002	69887
20000.0002	70257
20000.0002	71183
20000.0002	70814
20000.0002	71442
20000.0002	71938
20000.0002	71807
20000.0002	72009
20000.0002	71981
20000.0002	72619
20000.0002	72751
20000.0002	73159
20000.0002	73364
20000.0002	73400
20000.0002	73463
20000.0002	73514
20000.0002	73768
20000.0002	73817
20000.0002	74005
20000.0002	74141
20000.0002	74370
20000.0002	74674
20000.0002	74113
20000.0002	74292
20000.0002	74460
20000.0002	74922
20000.0002	74611
20000.0002	75116
20000.0002	74721
20000.0002	74973
20000.0002	75295
20000.0002	75469
20000.0002	75372
20000.0002	75275
20000.0002	75163
20000.0002	75592
20000.0002	75607
20000.0002	75846
20000.0002	75882
20000.0002	75926
20000.0002	76102
20000.0002	75914
20000.0002	75368
20000.0002	75967
20000.0002	76224
20000.0002	76610
20000.0002	76102
20000.0002	75738
20000.0002	75980
20000.0002	75555
20000.0002	76132
20000.0002	76045
20000.0002	75859
20000.0002	75665
20000.0002	75727
20000.0002	76367
20000.0002	76232
20000.0002	75598
20000.0002	75964
20000.0002	75832
20000.0002	75588
20000.0002	75498
20000.0002	75480
20000.0002	75214
20000.0002	75522
20000.0002	75234
20000.0002	74977
20000.0002	75357
20000.0002	74876
20000.0002	74919
20000.0002	75258
20000.0002	75080
20000.0002	74741
20000.0002	74428
20000.0002	74679
20000.0002	74075
20000.0002	74204
20000.0002	73792
20000.0002	73608
20000.0002	73637
20000.0002	72905
20000.0002	72960
20000.0002	72102
20000.0002	71966
20000.0002	71103
20000.0002	71108
20000.0002	69895
20000.0002	69295
20000.0002	68682
20000.0002	67837
20000.0002	67182
20000.0002	66232
20000.0002	65279
20000.0002	63910
20000.0002	63068
20000.0002	62088
20000.0002	61121
20000.0002	59906
20000.0002	59154
20000.0002	57625
20000.0002	56874
20000.0002	56073
20000.0002	54839
20000.0002	53686
20000.0002	52606
20000.0002	51280
20000.0002	50490
20000.0002	49599
20000.0002	48010
20000.0002	47059
20000.0002	46502
20000.0002	45187
20000.0002	44282
20000.0002	43516
20000.0002	42369
20000.0002	41077
20000.0002	40650
20000.0002	39521
20000.0002	38510
20000.0002	37833
20000.0002	36981
20000.0002	36213
20000.0002	35219
20000.0002	34563
20000.0002	33927
20000.0002	33468
20000.0002	32204
20000.0002	31527
20000.0002	30984
20000.0002	30484
20000.0002	29977
20000.0002	28840
20000.0002	28376
20000.0002	28146
20000.0002	27436
20000.0002	26865
20000.0002	26143
20000.0002	25750
20000.0002	25058
20000.0002	24822
20000.0002	24096
20000.0002	23599
20000.0002	23218
20000.0002	23104
20000.0002	22609
20000.0002	22100
20000.0002	21640
20000.0002	21370
20000.0002	20856
20000.0002	20529
20000.0002	20089
20000.0002	19639
20000.0002	19415
20000.0002	19100
20000.0002	18811
20000.0002	18721
20000.0002	18382
20000.0002	17837
20000.0002	17636
20000.0002	17051
20000.0002	16904
20000.0002	16772
20000.0002	16741
20000.0002	16013
20000.0002	15866
20000.0002	15875
20000.0002	15450
20000.0002	15333
20000.0002	14906
20000.0002	14853
20000.0002	14426
20000.0002	14243
20000.0002	14310
20000.0002	14015
20000.0002	13852
20000.0002	13691
20000.0002	13316
20000.0002	12973
20000.0002	12952
20000.0002	12884
20000.0002	12606
20000.0002	12407
20000.0002	12534
20000.0002	12013
20000.0002	11873
20000.0002	11662
20000.0002	11684
20000.0002	11467
20000.0002	11372
20000.0002	11232
20000.0002	11144
20000.0002	10841
20000.0002	11021
20000.0002	10864
20000.0002	10514
20000.0002	10528
20000.0002	10391
20000.0002	10434
20000.0002	9986
20000.0002	9836
20000.0002	9875
20000.0002	9894
20000.0002	9563
20000.0002	9654
20000.0002	9444
20000.0002	9509
20000.0002	9163
20000.0002	9134
20000.0002	9106
20000.0002	8854
20000.0002	8898
20000.0002	8868
20000.0002	8696
20000.0002	8548
20000.0002	8405
20000.0002	8480
20000.0002	8299
20000.0002	8369
20000.0002	8168
20000.0002	7984
20000.0002	7934
20000.0002	7933
20000.0002	7952
20000.0002	7552
20000.0002	7684
20000.0002	7719
20000.0002	7570
20000.0002	7482
20000.0002	7411
20000.0002	7455
20000.0002	7195
20000.0002	7245
20000.0002	7235
20000.0002	7044
20000.0002	7158
20000.0002	7053
20000.0002	6838
20000.0002	6961
20000.0002	6812
20000.0002	6685
20000.0002	6749
20000.0002	6643
20000.0002	6625
20000.0002	6558
20000.0002	6553
20000.0002	6574
20000.0002	6468
20000.0002	6296
20000.0002	6197
20000.0002	6336
20000.0002	6232
20000.0002	6161
20000.0002	6243
20000.0002	6147
20000.0002	6008
20000.0002	6022
20000.0002	6114
20000.0002	5917
20000.0002	5859
20000.0002	5914
20000.0002	5818
20000.0002	5883
20000.0002	5759
20000.0002	5931
20000.0002	5687
20000.0002	5646
20000.0002	5497
20000.0002	5674
20000.0002	5600
20000.0002	5503
20000.0002	5648
20000.0002	5503
20000.0002	5495
20000.0002	5421
20000.0002	5359
20000.0002	5460
20000.0002	5275
20000.0002	5422
20000.0002	5250
20000.0002	5177
20000.0002	5156
20000.0002	5308
20000.0002	5233
20000.0002	5068
20000.0002	5091
20000.0002	5133
20000.0002	5079
20000.0002	4965
20000.0002	5041
20000.0002	4930
20000.0002	4905
20000.0002	5002
20000.0002	4865
20000.0002	4900
20000.0002	4869
20000.0002	4839
20000.0002	4861
20000.0002	4733
20000.0002	4679
20000.0002	4802
20000.0002	4783
20000.0002	4782
20000.0002	4779
20000.0002	4620
20000.0002	4647
20000.0002	4645
20000.0002	4567
20000.0002	4620
20000.0002	4536
20000.0002	4487
20000.0002	4525
20000.0002	4560
20000.0002	4547
20000.0002	4538
20000.0002	4431
20000.0002	4401
20000.0002	4506
20000.0002	4394
20000.0002	4397
20000.0002	4361
20000.0002	4472
20000.0002	4485
20000.0002	4464
20000.0002	4364
20000.0002	4272
20000.0002	4375
20000.0002	4396
20000.0002	4280
20000.0002	4402
20000.0002	4419
20000.0002	4355
20000.0002	4395
20000.0002	4226
20000.0002	4233
20000.0002	4183
20000.0002	4272
20000.0002	4185
20000.0002	4162
20000.0002	4070
20000.0002	4205
20000.0002	4200
20000.0002	4128
20000.0002	4200
20000.0002	4123
20000.0002	4171
20000.0002	4139
20000.0002	4106
20000.0002	4105
20000.0002	4080
20000.0002	4185
20000.0002	4136
20000.0002	3993
20000.0002	4046
20000.0002	4091
20000.0002	4049
20000.0002	4105
20000.0002	4195
20000.0002	4014
20000.0002	4022
20000.0002	4168
20000.0002	4027
20000.0002	4000
20000.0002	3990
20000.0002	3956
20000.0002	3983
20000.0002	4086
20000.0002	3954
20000.0002	4027
20000.0002	3983
20000.0002	4050
20000.0002	3915
20000.0002	3919
20000.0002	3982
20000.0002	3992
20000.0002	3919
20000.0002	4031
20000.0002	3949
20000.0002	3950
20000.0002	4035
20000.0002	3884
20000.0002	4068
20000.0002	4062
20000.0002	3936
20000.0002	4003
20000.0002	3991
20000.0002	3960
20000.0002	4031
20000.0002	3910
20000.0002	4040
20000.0002	3935
20000.0002	3947
20000.0002	3951
20000.0002	3972
20000.0002	3928
20000.0002	3918
20000.0002	3924
20000.0002	3955
20000.0002	4007
20000.0002	3924
20000.0002	3911
20000.0002	4030
20000.0002	3955
20000.0002	4033
20000.0002	3935
20000.0002	4022
20000.0002	3900
20000.0002	3857
20000.0002	3966
20000.0002	3981
20000.0002	3957
20000.0002	3986
20000.0002	3961
20000.0002	3986
20000.0002	3933
20000.0002	3937
20000.0002	3921
20000.0002	3962
20000.0002	3991
20000.0002	3945
20000.0002	3876
20000.0002	3938
20000.0002	4127
20000.0002	4005
20000.0002	3937
20000.0002	3853
20000.0002	3904
20000.0002	3996
20000.0002	4040
20000.0002	3948
20000.0002	4142
20000.0002	3933
20000.0002	3970
20000.0002	3979
20000.0002	4009
20000.0002	3976
20000.0002	4130
20000.0002	4045
20000.0002	4046
20000.0002	4031
20000.0002	4033
20000.0002	3980
20000.0002	4034
20000.0002	3993
20000.0002	4016
20000.0002	3846
20000.0002	4026
20000.0002	4097
20000.0002	4109
20000.0002	4033
20000.0002	3937
20000.0002	4038
20000.0002	4134
20000.0002	4006
20000.0002	3953
20000.0002	4006
20000.0002	4101
20000.0002	4048
20000.0002	3960
20000.0002	4101
20000.0002	4071
20000.0002	4100
20000.0002	4089
20000.0002	4004
20000.0002	4030
20000.0002	4124
20000.0002	4025
20000.0002	4005
20000.0002	4234
20000.0002	4026
20000.0002	4181
20000.0002	4163
20000.0002	4126
20000.0002	4100
20000.0002	4222
20000.0002	4236
20000.0002	4254
20000.0002	4309
20000.0002	4259
20000.0002	4302
