2.0000e+05	7.6476e+04
2.0000e+05	7.6372e+04
2.0000e+05	7.7097e+04
2.0000e+05	7.8735e+04
2.0000e+05	7.9521e+04
2.0000e+05	8.0980e+04
2.0000e+05	8.3347e+04
2.0000e+05	8.4278e+04
2.0000e+05	8.6407e+04
2.0000e+05	8.8837e+04
2.0000e+05	9.2080e+04
2.0000e+05	9.4799e+04
2.0000e+05	9.7794e+04
2.0000e+05	1.0173e+05
2.0000e+05	1.0446e+05
2.0000e+05	1.0852e+05
2.0000e+05	1.1144e+05
2.0000e+05	1.1484e+05
2.0000e+05	1.1800e+05
2.0000e+05	1.2050e+05
2.0000e+05	1.2301e+05
2.0000e+05	1.2588e+05
2.0000e+05	1.2870e+05
2.0000e+05	1.3061e+05
2.0000e+05	1.2966e+05
2.0000e+05	1.2525e+05
2.0000e+05	1.2342e+05
2.0000e+05	1.2465e+05
2.0000e+05	1.2526e+05
2.0000e+05	1.2646e+05
2.0000e+05	1.2730e+05
2.0000e+05	1.2635e+05
2.0000e+05	1.2566e+05
2.0000e+05	1.2618e+05
2.0000e+05	1.2540e+05
2.0000e+05	1.2561e+05
2.0000e+05	1.2506e+05
2.0000e+05	1.2566e+05
2.0000e+05	1.2491e+05
2.0000e+05	1.2570e+05
2.0000e+05	1.2510e+05
2.0000e+05	1.2510e+05
2.0000e+05	1.2442e+05
2.0000e+05	1.2432e+05
2.0000e+05	1.2494e+05
2.0000e+05	1.2454e+05
2.0000e+05	1.2425e+05
2.0000e+05	1.2448e+05
2.0000e+05	1.2368e+05
2.0000e+05	1.2369e+05
2.0000e+05	1.2279e+05
2.0000e+05	1.2296e+05
2.0000e+05	1.2319e+05
2.0000e+05	1.2263e+05
2.0000e+05	1.2216e+05
2.0000e+05	1.2241e+05
2.0000e+05	1.2175e+05
2.0000e+05	1.2158e+05
2.0000e+05	1.2031e+05
2.0000e+05	1.2085e+05
2.0000e+05	1.2094e+05
2.0000e+05	1.2092e+05
2.0000e+05	1.2010e+05
2.0000e+05	1.1928e+05
2.0000e+05	1.1899e+05
2.0000e+05	1.1894e+05
2.0000e+05	1.1884e+05
2.0000e+05	1.1802e+05
2.0000e+05	1.1765e+05
2.0000e+05	1.1716e+05
2.0000e+05	1.1690e+05
2.0000e+05	1.1645e+05
2.0000e+05	1.1618e+05
2.0000e+05	1.1614e+05
2.0000e+05	1.1511e+05
2.0000e+05	1.1478e+05
2.0000e+05	1.1409e+05
2.0000e+05	1.1376e+05
2.0000e+05	1.1413e+05
2.0000e+05	1.1322e+05
2.0000e+05	1.1294e+05
2.0000e+05	1.1238e+05
2.0000e+05	1.1178e+05
2.0000e+05	1.1107e+05
2.0000e+05	1.1062e+05
2.0000e+05	1.1035e+05
2.0000e+05	1.0950e+05
2.0000e+05	1.1001e+05
2.0000e+05	1.0893e+05
2.0000e+05	1.0872e+05
2.0000e+05	1.0817e+05
2.0000e+05	1.0798e+05
2.0000e+05	1.0710e+05
2.0000e+05	1.0692e+05
2.0000e+05	1.0640e+05
2.0000e+05	1.0564e+05
2.0000e+05	1.0504e+05
2.0000e+05	1.0517e+05
2.0000e+05	1.0502e+05
2.0000e+05	1.0370e+05
2.0000e+05	1.0360e+05
2.0000e+05	1.0279e+05
2.0000e+05	1.0267e+05
2.0000e+05	1.0236e+05
2.0000e+05	1.0158e+05
2.0000e+05	1.0092e+05
2.0000e+05	1.0097e+05
2.0000e+05	1.0058e+05
2.0000e+05	9.9507e+04
2.0000e+05	9.9073e+04
2.0000e+05	9.9394e+04
2.0000e+05	9.8294e+04
2.0000e+05	9.8176e+04
2.0000e+05	9.7949e+04
2.0000e+05	9.7311e+04
2.0000e+05	9.6505e+04
2.0000e+05	9.6451e+04
2.0000e+05	9.5942e+04
2.0000e+05	9.5077e+04
2.0000e+05	9.5353e+04
2.0000e+05	9.4037e+04
2.0000e+05	9.4436e+04
2.0000e+05	9.4005e+04
2.0000e+05	9.3187e+04
2.0000e+05	9.3675e+04
2.0000e+05	9.2375e+04
2.0000e+05	9.2050e+04
2.0000e+05	9.1723e+04
2.0000e+05	9.1849e+04
2.0000e+05	9.1381e+04
2.0000e+05	9.0606e+04
2.0000e+05	9.0081e+04
2.0000e+05	8.9693e+04
2.0000e+05	8.9748e+04
2.0000e+05	8.9324e+04
2.0000e+05	8.8743e+04
2.0000e+05	8.8491e+04
2.0000e+05	8.8427e+04
2.0000e+05	8.8011e+04
2.0000e+05	8.7692e+04
2.0000e+05	8.7462e+04
2.0000e+05	8.6995e+04
2.0000e+05	8.5963e+04
2.0000e+05	8.6128e+04
2.0000e+05	8.5540e+04
2.0000e+05	8.5065e+04
2.0000e+05	8.5481e+04
2.0000e+05	8.4566e+04
2.0000e+05	8.4718e+04
2.0000e+05	8.4523e+04
2.0000e+05	8.4268e+04
2.0000e+05	8.4095e+04
2.0000e+05	8.3899e+04
2.0000e+05	8.3532e+04
2.0000e+05	8.2820e+04
2.0000e+05	8.2576e+04
2.0000e+05	8.1880e+04
2.0000e+05	8.2119e+04
2.0000e+05	8.1955e+04
2.0000e+05	8.2404e+04
2.0000e+05	8.1479e+04
2.0000e+05	8.1429e+04
2.0000e+05	8.0553e+04
2.0000e+05	8.0855e+04
2.0000e+05	8.0211e+04
2.0000e+05	8.0929e+04
2.0000e+05	8.0863e+04
2.0000e+05	7.9781e+04
2.0000e+05	7.9800e+04
2.0000e+05	7.9775e+04
2.0000e+05	7.9694e+04
2.0000e+05	7.9419e+04
2.0000e+05	7.9544e+04
2.0000e+05	7.9186e+04
2.0000e+05	7.9245e+04
2.0000e+05	7.8582e+04
2.0000e+05	7.8417e+04
2.0000e+05	7.8445e+04
2.0000e+05	7.8656e+04
2.0000e+05	7.8305e+04
2.0000e+05	7.8044e+04
2.0000e+05	7.7469e+04
2.0000e+05	7.7462e+04
2.0000e+05	7.7265e+04
2.0000e+05	7.7958e+04
2.0000e+05	7.7490e+04
2.0000e+05	7.6981e+04
2.0000e+05	7.7798e+04
2.0000e+05	7.6809e+04
2.0000e+05	7.7603e+04
2.0000e+05	7.7318e+04
2.0000e+05	7.6520e+04
2.0000e+05	7.6507e+04
2.0000e+05	7.6922e+04
2.0000e+05	7.7313e+04
2.0000e+05	7.6877e+04
2.0000e+05	7.6786e+04
2.0000e+05	7.6456e+04
2.0000e+05	7.7325e+04
2.0000e+05	7.6767e+04
