2.0000e+04	-2.1889e+02	-4.4068e+02	4.1605e+02	-1.6496e+02	-5.2002e+02	1.2688e+01	-3.7382e+02	-3.0828e+02	-2.3863e+02	-2.3145e+02	5.2002e+01	-1.4943e+02	-3.8862e+02	-6.3400e+01	-5.2760e+01	-4.8687e+02	-5.9361e+02	2.8588e+02	1.7340e+02	-5.9803e+01	-7.9565e+01	-4.2241e+02	2.5037e+02	-5.3533e+02	6.0796e+01	-5.0518e+02	1.3027e+03	-7.7483e+02	-3.2415e+02	-7.3582e+02	5.2529e+01	1.4318e+01	-1.6149e+02	-5.1541e+01	6.1262e+02	-2.4764e+02	-1.2845e+02	5.9911e+02	8.5541e+00	-4.6681e+02	-2.6614e+02	4.5545e+02	1.9041e+02	-8.0604e+02	-4.8177e+01	-2.5711e+02	-2.2172e+02	-3.5527e+01	-3.2467e+02	-1.1242e+02	-2.2976e+02	-7.9130e+01	-2.3444e+02	-3.5418e+02	-5.4591e+02	4.7528e+02	-2.1359e+02	-2.3098e+02	1.2232e+02	2.6218e+02	6.4348e+02	-1.8997e+02	-1.9446e+02	-4.0368e+02	-1.2709e+02	4.4594e+01	8.8510e+01	5.6107e+02	-2.0525e+02	-2.2558e+02	3.6285e+02	-1.6903e+02	6.9184e+01	2.5792e+01	1.4698e+01	3.3589e+02	5.8977e+02	1.5954e+02	-9.6769e+02	-8.0743e+02	-4.2404e+02	7.0717e+02	-2.8772e+02	4.9307e+02	-1.2500e+03	-7.2956e+02	-1.5854e+02	7.7703e+01	4.5404e+01	-3.7540e+02	-1.9717e+02	-4.2330e+02	-3.3305e+02	1.0484e+02	4.1818e+02	6.7180e+02	2.3821e+02	4.2459e+01	-4.1367e+02	2.6877e+02	-2.4340e+02	-3.1533e+02	2.0099e+02	-6.1527e+02	-8.3934e+01	-4.5244e+02	-3.3659e+02	5.8703e+02	-8.5975e+02	-1.5881e+02	-3.3002e+02	5.3462e+02	-2.3562e+02	-2.7745e+02	1.0504e+02	5.9482e+02	1.9737e+02	6.0400e+00	-5.6762e+02	-4.5702e+02	-2.8681e+02	-4.8900e+02	3.5984e+02	-8.5475e+01	1.0133e+02	-2.2123e+02	-8.3260e+02	-5.1570e+02	4.1102e+02	-3.8034e+02	-5.7666e+02	-1.0852e+02	-7.5410e+02	1.1413e+02	-5.7475e+02	-1.7929e+02	-8.3296e+02	4.9279e+01	-2.1767e+02	3.8057e+01	-5.3093e+02	-2.5692e+02	-1.3623e+02	1.0127e+02	-4.5046e+02	-8.1240e+01	-5.4364e+01	-3.8833e+02	-2.4658e+02	7.0753e+02	-1.1019e+02	5.3028e+02	-7.8328e+02	-2.4494e+02	6.9762e+02	-7.5562e+01	1.0819e+02	5.0132e+02	1.3526e+02	-4.2472e+02	-1.3358e+02	4.6680e+02	4.9939e+02	-2.9287e+02	1.5718e+01	-2.6496e+02	-5.3505e+02	5.3841e+01	-4.6210e+02	-5.1572e+02	-9.7049e+00	-1.2808e+02	-5.5802e+02	-7.6065e+01	-4.8815e+02	-2.2745e+02	3.0913e+01	-5.7779e+02	7.6779e+02	-3.5368e+02	-1.3849e+02	2.9398e+02	1.4521e+02	5.8579e+02	-1.1159e+02	1.5893e+02	9.9558e+01	-2.0369e+02	3.6516e+02	-5.9668e+02	-4.2312e+01	-3.6323e+02	1.9393e+02	-1.2806e+02	-4.8456e+02	-4.7629e+02	9.4407e+01	-4.5758e+02	1.9536e+02	-4.7072e+01
2.0000e+04	4.6681e+02	-2.6561e+01	9.5413e+02	6.9381e+02	-4.6811e+02	4.9740e+02	1.4107e+02	-2.3780e+02	-3.6254e+02	3.9129e+01	-2.3283e+02	4.6305e+01	-5.1476e+02	-1.0386e+03	-1.2839e+03	-2.4469e+02	7.9259e+02	-4.6395e+01	1.0545e+03	-1.9033e+02	-5.2703e+02	4.3059e+02	4.0264e+02	1.6814e+02	-2.8044e+02	-1.4409e+02	-1.3113e+03	7.8673e+01	1.9851e+02	2.9346e+02	-9.3796e+02	-1.5290e+03	-8.5302e+02	1.9390e+02	-3.3324e+02	2.2538e+02	3.6294e+02	-5.9026e+01	-7.6873e+02	8.5225e+02	1.1803e+02	3.9098e+02	8.6326e+02	5.1836e+02	5.2925e+02	-9.4467e+02	-1.7195e+03	-7.4158e+02	3.9920e+01	-4.3557e+02	-7.8332e+02	-2.9368e+02	-5.7993e+02	-3.1748e+02	-2.3534e+02	1.9450e+02	5.0712e+02	9.9003e+01	9.6196e+02	-4.3590e+01	-1.0569e+03	-3.5847e+02	9.7700e+02	-7.6039e+02	2.9444e+02	4.1172e+02	-4.8483e+01	-9.9125e+02	1.1305e+03	-6.2765e+02	3.4408e+02	-4.1889e+02	-2.9678e+02	-5.1573e+01	-9.1296e+01	-7.9103e+02	-2.8497e+02	7.4630e+02	4.8968e+02	-4.5954e+01	-2.5497e+02	-3.4132e+01	9.8989e+02	1.3027e+03	-8.5792e+02	5.8790e+02	-5.1946e+02	-2.0210e+02	-5.4046e+02	-6.3169e+02	4.8945e+02	6.3176e+02	3.3636e+02	2.4734e+02	-5.6205e+02	-2.3127e+02	-5.0353e+01	2.0499e+02	-1.2016e+03	3.2361e+02	5.6257e+02	-5.0137e+02	8.3383e+02	-4.0983e+02	2.3674e+02	2.6353e+02	1.5171e+02	1.1065e+03	4.8420e+02	-6.9983e+02	4.2399e+02	6.9949e+02	3.4570e+01	-5.0055e+02	-3.0526e+01	3.2064e+02	-4.3046e+01	-3.2850e+02	4.2245e+02	1.5821e+02	5.0585e+02	-2.8883e+02	4.6369e+02	1.9575e+02	7.1374e+02	-1.9890e+02	4.1209e+02	-4.7952e+02	-6.3385e+02	5.8532e+02	-1.5284e+02	-6.2411e+02	6.8696e+02	2.1153e+02	7.0964e+02	2.6382e+02	5.9842e+02	2.4288e+01	1.2182e+02	-2.9324e+02	8.6821e+02	7.1527e+02	5.2363e+02	5.8084e+02	5.4447e+02	-1.1710e+02	-5.1193e+02	5.0495e+02	4.3100e+00	-7.2261e+02	-2.4170e+02	7.7894e+02	-2.1424e+02	9.0107e+02	9.9414e+02	-2.3410e+02	6.3098e+02	-8.0632e+01	-1.6975e+02	2.1826e+02	-6.8763e+01	1.1781e+03	1.4640e+02	-6.5569e+02	-1.2241e+03	-2.0940e+02	4.7746e+02	-5.7299e+02	-7.7889e+02	-2.5145e+02	4.0394e+02	-6.5219e+02	5.6849e+02	2.9502e+02	-1.8706e+02	5.5829e+02	-3.5988e+02	-3.6660e+02	-9.0815e+02	-1.5971e+02	2.9765e+02	1.2114e+03	-3.7913e+01	-3.0529e+02	8.9453e+02	5.3329e+02	1.4981e+02	5.3119e+02	-1.5694e+03	3.5949e+02	-2.5688e+02	1.1641e+03	-6.8072e+02	-1.3818e+01	1.1968e+02	-3.7117e+02	1.1848e+03	2.6376e+02	-2.4938e+02	-1.2189e+02
4.0000e+04	-8.9257e+01	-1.4949e+03	8.3531e+02	-1.1295e+02	-4.7199e+02	-4.0953e+02	-4.6173e+02	-8.0146e+02	-4.5108e+02	1.4443e+02	2.9950e+02	-4.5102e+02	-2.8550e+02	2.7623e+02	-6.6476e+02	-5.0759e+02	-7.8914e+02	1.6859e+02	-3.2767e+02	1.5175e+02	-2.4621e+01	-6.2564e+02	3.4565e+02	-5.0934e+02	5.3990e+02	-8.1907e+02	1.0434e+03	-7.1922e+02	-9.7910e+01	-7.3469e+02	-6.2925e+01	-3.5257e+02	-1.2222e+02	-6.1655e+02	5.6295e+02	1.3470e+02	-4.9024e+02	-2.7240e+02	-7.3541e+02	-1.0995e+02	-3.1229e+02	1.2584e+02	2.7663e+02	-1.7764e+02	-7.4997e+02	-9.9623e+02	-1.0595e+03	-4.9867e+00	-4.4538e+02	-6.0051e+02	-3.5241e+01	1.4678e+02	-5.2352e+02	-3.6379e+02	-3.0752e+02	8.6230e+02	-1.6705e+02	-1.3184e+02	2.0740e+02	3.0070e+02	2.9833e+02	-2.9764e+02	-8.4450e+02	-8.2450e+02	-4.3899e+02	2.3990e+02	-2.2525e+02	5.7466e+02	-5.5635e+02	-4.8104e+01	2.2398e+02	-1.3262e+01	-4.1503e+01	-1.0630e+02	-6.0831e+01	9.8896e+02	2.0265e+00	6.8258e+01	-6.7931e+02	-8.1980e+02	-9.4336e+02	4.3350e+02	-8.4861e+02	6.1709e+01	-1.5712e+03	-1.6147e+03	3.3926e+02	2.1802e+02	-1.6666e+02	-1.6247e+02	-2.4803e+02	-2.7421e+02	-9.6811e+02	-3.6902e+02	5.4497e+02	6.8856e+02	-2.4074e+02	-4.9589e+01	-1.9458e+02	3.2678e+02	-4.6232e+02	-5.9957e+02	3.5637e+02	-7.4913e+02	-7.0352e+02	-4.2675e+02	-9.7448e+02	6.1182e+02	-6.0900e+02	-2.2737e+02	-7.4955e+02	4.0379e+02	2.7851e+02	-3.2648e+02	-9.4498e+01	5.7657e+02	2.9700e+02	1.9660e+02	-1.1758e+03	-4.2393e+02	-2.3478e+02	-8.5521e+02	5.6432e+02	-3.5021e+02	-1.0212e+03	-1.2725e+02	-1.3125e+03	-7.5487e+02	4.7699e+02	-7.1521e+02	-8.1020e+02	-7.9352e+01	-1.1115e+03	-2.8462e+02	-6.7228e+02	-6.0296e+02	-5.3405e+02	2.5086e+02	-2.9263e+02	-1.4835e+02	-4.9009e+02	-1.4871e+02	-2.1940e+02	2.4420e+02	-3.9093e+02	-5.1971e+02	-1.3017e+02	-3.6543e+02	-5.8493e+01	5.0758e+02	-3.3287e+02	2.3983e+02	-2.8625e+02	4.8425e+02	7.4877e+02	2.0181e+02	2.4427e+02	6.6755e+01	-6.6333e+02	-5.8888e+02	-7.0207e+02	2.0735e+02	2.0473e+02	-3.0085e+02	1.0982e+02	-1.1009e+01	-1.3781e+02	1.7621e+01	-6.8082e+02	5.9644e+01	-3.3597e+02	-3.2032e+02	-3.8936e+02	-5.5757e+02	1.4192e+00	-8.3955e+02	3.8010e+02	-2.9248e+02	8.1529e+02	-3.9499e+02	-5.6810e+02	3.0815e+02	-1.2150e+02	1.0224e+03	-5.1760e+02	7.6792e+02	2.1598e+02	2.2377e+02	3.0098e+02	-2.9944e+02	-1.6656e+01	-2.7085e+02	4.9584e+02	-6.8031e+02	-8.2584e+02	-3.1853e+02	-1.2181e+02	-1.0541e+03	6.3793e+02	1.0910e+02
4.0000e+04	-6.2898e+02	4.0333e+02	6.3623e+02	8.0143e+02	7.7666e+01	3.5455e+01	3.6085e+02	-8.1914e+02	9.9058e+01	-1.8044e+02	-1.0819e+03	8.9600e+02	-5.6979e+01	-9.9876e+02	-1.8038e+03	-2.1078e+02	9.2177e+02	1.0020e+03	1.6075e+03	-1.0048e+03	-1.3505e+03	1.9072e+02	-3.4497e+02	-2.0962e+02	-3.3544e+00	-3.6729e+02	-9.8431e+02	-1.1875e+02	3.0425e+02	1.0645e+02	-5.2825e+02	-1.1189e+03	-1.2640e+03	8.6452e+01	-2.9275e+02	2.4257e+01	9.3341e+02	-1.2018e+03	-4.3174e+02	1.2105e+03	-2.6040e+02	-7.9982e+01	1.0418e+03	-9.5498e+01	2.8408e+02	-1.0543e+03	-1.4853e+03	-5.5925e+02	-7.7949e+02	-1.3003e+03	-3.2109e+02	-8.2775e+02	-5.3855e+02	8.8711e+02	-5.7244e+02	8.8191e+02	-1.5853e+01	6.4857e+02	1.1502e+03	3.7782e+02	-1.4486e+03	-1.4418e+03	6.7721e+02	-6.9181e+02	2.5987e+02	3.0218e+02	-2.5402e+02	-2.8224e+02	6.8986e+02	-1.2285e+03	-1.0094e+02	-6.6393e+02	2.2299e+02	1.1108e+02	-1.3035e+03	-1.0463e+03	-9.5636e+01	1.0436e+03	2.6717e+02	-5.9556e+01	-9.2784e+02	8.7563e+02	1.5592e+03	1.1457e+03	-8.2680e+02	-5.4945e+02	-2.6747e+02	-1.0740e+03	2.6210e+02	-4.1473e+02	1.0744e+02	-8.3396e+02	6.5178e+02	-3.3549e+02	-7.0810e+02	5.1983e+02	-4.5524e+02	-4.8589e+02	-1.1080e+03	-1.0421e+03	1.0673e+03	-1.4685e+03	1.0444e+03	-8.0295e+02	-1.0339e+01	1.4099e+03	-5.0712e+02	1.2384e+03	1.5422e+03	-5.1910e+02	1.3358e+03	9.5260e+02	1.3779e+01	-8.2946e+02	-9.2253e+02	6.9361e+02	-1.7059e+02	-9.2856e+02	3.6844e+02	9.4183e+01	1.2115e+02	-5.9130e+02	9.4316e+02	6.1539e+02	-2.2433e+02	1.3132e+02	2.1761e+02	-7.5569e+02	-7.3381e+02	3.3977e+02	8.2869e+01	-8.8137e+02	1.0042e+03	1.4825e+03	6.7545e+02	-5.5729e+02	7.5338e+02	-8.5953e+02	-1.0438e+03	2.5129e+02	2.8995e+02	4.3565e+02	4.6136e+02	-5.3566e+02	2.9543e+02	-5.5986e+02	-6.2722e+02	-5.2876e+02	-5.7796e+02	-9.0855e+02	-2.3875e+02	1.5278e+02	-2.8884e+02	1.7000e+03	3.8593e+02	-4.2776e+01	-4.5898e+02	-1.4316e+02	1.5539e+02	-6.2727e+02	5.2665e+02	1.3575e+03	-1.2880e+03	-1.1549e+03	-7.6311e+02	1.2768e+03	-6.6599e+02	1.6749e+02	-6.3049e+02	-6.1092e+02	1.0600e+03	-1.3178e+03	1.1608e+03	-3.1994e+02	-8.8070e+02	5.0069e+02	-1.7313e+02	4.3862e+01	-1.0224e+03	-8.2000e+02	1.9840e+02	1.2398e+03	1.1619e+02	-1.1675e+03	1.2105e+03	-1.8015e+02	2.4076e+02	6.3654e+02	-5.8548e+02	-2.9819e-02	-5.0452e+02	1.2832e+03	5.3430e+02	1.9978e+02	-1.1297e+03	-1.6306e+03	1.0899e+03	-1.0047e+03	-4.8766e+00	-4.4399e+02
6.0000e+04	1.0591e+01	-1.1459e+03	5.6167e+01	4.5156e+02	-9.6615e+02	-7.7373e+01	-6.3057e+02	-2.0856e+02	7.8008e+01	3.3561e+02	-2.9864e+01	-9.7364e+02	7.2572e+02	5.6958e+02	-9.5252e+02	-8.7382e+01	-1.1988e+03	5.6796e+02	7.8115e+01	3.0516e+02	-1.0410e+03	-1.9200e+02	5.0474e+02	-2.8536e+02	6.5331e+02	-1.6186e+02	3.3184e+02	-8.9584e+02	-5.0174e+01	-9.9510e+02	5.2055e+02	-1.0133e+03	4.1227e+02	-1.3012e+03	6.8690e+02	-4.4389e+02	-1.1564e+02	-4.5248e+00	-1.0314e+02	4.0752e+02	-3.5948e+01	-4.8186e+02	7.4885e+02	4.0045e+02	-7.6906e+02	-1.3333e+03	-9.1767e+02	1.3487e+01	-4.8837e+02	-1.0394e+03	-6.7875e+02	-6.6323e+00	-1.1701e+02	-5.2549e+02	3.7705e+01	1.0299e+03	-2.3897e+02	-1.3254e+02	2.9177e+02	2.7481e+02	2.0076e+02	2.5964e+01	-8.9925e+02	-1.3012e+03	8.3287e+01	1.0393e+03	1.5241e+02	1.4392e+03	-8.2145e+02	7.4952e+02	5.3107e+02	2.8251e+02	-2.6836e+02	-7.8461e+01	-1.7049e+02	1.4947e+03	-1.2216e+02	-9.3612e+02	1.0144e+02	-6.6580e+02	-8.4595e+02	1.1098e+03	-2.2308e+02	-3.3482e+02	-1.6498e+03	-1.4828e+03	-6.2240e+01	1.5342e+01	-7.1184e+02	-3.4214e+02	-3.4410e+02	-9.1388e+02	-8.4711e+02	-2.3105e+02	1.0214e+03	2.4750e+02	-2.4924e+02	-1.4566e+01	2.2757e+01	6.9837e+02	-1.0238e+02	-4.4040e+02	6.0841e+02	-8.0968e+02	-1.0385e+03	-5.1771e+02	-5.8378e+02	5.3033e+02	-2.8268e+01	3.9459e+01	-1.0344e+03	2.9555e+02	3.7521e+01	-1.5688e+02	-2.6691e+02	1.0498e+03	4.3777e+02	7.4033e+02	-1.2048e+03	-9.6815e+02	8.4536e+01	-4.0791e+02	1.1064e+03	-1.0048e+03	-5.7420e+02	-1.0931e+00	-1.1836e+03	-9.5410e+02	6.1321e+02	-8.8725e+02	-7.6774e+02	1.7524e+02	-3.6558e+02	-5.1539e+02	-5.5319e+02	-5.4668e+02	-4.4325e+02	5.6524e+02	-1.2555e+02	1.9610e+01	1.7385e+02	-8.0836e+01	-6.3677e+02	1.1209e+02	-9.2143e+02	-1.5199e+02	1.1326e+02	-6.0404e+02	2.1133e+02	4.0426e+02	-9.4028e+02	9.6140e+02	-5.5425e+02	4.6921e+02	4.9034e+02	9.1266e-01	-2.4407e+02	2.7122e+02	-4.5294e+02	-1.2315e+03	-7.6353e+02	8.0299e+01	-2.1802e+02	4.9842e+02	6.4927e+02	-1.4408e+02	-1.8107e+02	-1.0915e+02	-5.4733e+02	9.2594e+01	-8.0558e+02	-2.2081e+02	2.4922e+01	-9.9537e+02	-8.4797e+02	-1.6770e+03	3.4122e+02	-7.5662e+02	1.3150e+03	-6.6984e+02	-6.9814e+02	6.6556e+02	2.7751e+02	1.6710e+03	-4.3518e+02	8.5541e+02	5.0749e+02	6.7652e+02	9.7882e+01	-1.0116e+02	7.1006e+02	6.3570e+01	2.0609e+02	-4.4557e+01	-6.7069e+02	1.6659e+02	-3.7304e+02	-9.3876e+02	1.2755e+03	7.3667e+02
6.0000e+04	-8.9139e+02	7.8199e+02	1.4411e+03	1.5934e+03	3.3886e+02	6.4649e+02	5.2039e+02	-3.1623e+02	9.8298e+02	1.6675e+01	-1.2338e+03	8.7376e+02	-1.8010e+02	-1.2384e+03	-1.2706e+03	5.4403e+01	7.2525e+02	1.0266e+03	-3.1893e+02	-5.6014e+02	-1.1410e+03	-7.3271e+01	-6.0818e+02	1.1269e+01	4.8407e+02	-7.7737e+02	-9.2706e+02	1.4918e+03	2.2038e+01	3.5189e+02	-6.9717e+02	-1.7457e+03	-3.5059e+02	8.6344e+02	-6.2840e+02	3.2726e+02	1.4519e+03	-1.9860e+03	-1.5447e+03	8.5546e+02	-2.1103e+02	-3.3858e+02	7.4072e+02	-1.5604e+02	1.2629e+03	-1.2512e+02	-2.0073e+03	-1.6029e+03	-9.2902e+02	-3.6996e+02	6.0675e+01	-4.5849e+02	-6.9177e+02	1.7136e+03	-9.2052e+01	1.5013e+02	4.2944e+02	1.4387e+03	1.2342e+03	-6.1859e+02	-2.3565e+03	-2.4269e+03	3.9805e+02	-5.5793e+02	-6.0483e+02	5.0048e+02	2.2866e+02	1.2505e+02	8.9965e+02	-7.8304e+02	-2.0436e+02	-1.2612e+03	-9.2335e+02	9.2618e+02	-1.1517e+03	-1.6567e+03	6.1677e+02	1.8133e+03	9.7242e+02	-2.8559e+02	-3.0042e+01	2.0508e+03	1.7153e+03	1.5669e+03	-1.1050e+03	-5.4515e+01	-6.5089e+02	-1.9511e+02	8.1698e+00	1.0352e+02	-1.9300e+02	-5.7056e+02	1.6669e+03	-6.7441e+02	-4.4412e+02	3.6035e+02	1.5446e+00	-9.2244e+02	-1.7646e+03	-7.1023e+02	2.4316e+03	-6.6679e+02	1.5745e+03	-1.1243e+03	3.7869e+02	1.5112e+03	-8.6466e+02	1.3204e+03	1.0649e+03	-5.9863e+02	8.9559e+02	9.0666e+02	-3.8676e+02	-1.2714e+02	-9.5294e+02	8.0685e+02	6.0819e+02	-2.5323e+03	2.5484e+02	4.1712e+02	-9.3472e+02	-1.4568e+03	1.7277e+03	-4.4960e+01	-1.2630e+03	5.3900e+02	2.8627e+02	-1.6275e+03	-6.0653e+02	-5.7832e+02	1.9884e+01	-1.0377e+03	3.9178e+02	1.8085e+03	1.4634e+01	3.0039e+02	5.5580e+02	-9.8144e+02	-8.8964e+02	1.1823e+02	-1.2092e+02	3.6176e+02	9.5508e+02	-8.8359e+02	5.2497e+02	-9.7817e+02	-3.9158e+01	-1.5046e+03	-3.6380e+02	-1.0462e+03	3.0786e+02	-3.2070e+02	-1.1238e+03	9.1663e+02	2.5976e+02	-2.5100e+02	-5.1250e+02	4.9310e+02	1.0160e+03	-7.8683e+02	8.1463e+02	6.8239e+02	-1.5505e+03	-6.9580e+02	-8.5887e+02	1.3730e+03	-8.0385e+02	-7.2640e+02	-8.6699e+02	-4.2886e+02	7.7207e+02	-2.8669e+03	6.3953e+02	2.1464e+02	-9.0874e+02	5.5773e+02	4.2182e+02	-6.3963e+02	-7.6953e+02	-3.5478e+02	-5.7554e+02	1.3262e+03	1.3179e+03	-3.3692e+02	7.5751e+02	-4.2729e+02	5.4500e+02	5.5866e+02	-1.1361e+03	2.8252e+02	-2.8034e+02	2.1329e+03	6.9034e+01	9.1147e+02	-1.0103e+03	-8.2557e+02	7.0642e+02	-7.4551e+02	-1.1404e+02	-1.6112e+03
8.0000e+04	7.0724e+00	-8.9880e+02	-8.1983e+01	5.7873e+02	-1.3292e+03	-1.2659e+02	-5.4542e+02	-1.0762e+03	-9.6582e+01	2.8921e+02	-4.4346e+02	-1.3317e+03	4.3969e+01	1.1186e+02	-9.8614e+02	-5.6323e+02	-7.6279e+02	1.5031e+02	3.9134e+02	1.6891e+02	-7.1931e+02	2.1894e+02	-1.1525e+02	-3.9638e+02	5.7827e+02	-4.0170e+02	4.1513e+02	-9.8192e+02	-6.3875e+02	-1.2065e+03	6.2903e+02	-1.1157e+03	-8.4681e+01	-8.3832e+02	6.6792e+02	4.7424e+02	-2.7192e+02	-2.2520e+02	4.7656e+01	3.7760e+02	-1.9266e+02	-7.5746e+02	8.9267e+02	5.5422e+02	-1.0047e+03	-1.0239e+03	-1.0290e+03	1.6276e+02	-8.8836e+02	-1.2009e+03	-9.8601e+02	-2.2130e+02	4.5101e+01	-6.3909e+02	-2.6093e+02	8.2883e+02	-1.0357e+02	-1.8676e+02	5.7314e+02	-5.9029e+01	6.2074e+02	-3.9388e+02	-8.4774e+02	-1.6185e+03	3.1088e+02	1.4743e+03	5.2325e+02	1.2105e+03	-8.3546e+02	1.0320e+03	2.5579e+02	3.9453e+01	-7.9581e+02	-5.8131e+02	-4.0772e+02	1.6824e+03	2.2292e+02	-1.0857e+03	-1.4587e+02	-1.2031e+03	-5.8463e+02	1.2392e+03	1.5919e+02	-3.9489e+02	-1.0689e+03	-1.6794e+03	2.0075e+02	-1.0757e+02	-4.6636e+02	-7.8961e+02	-1.4266e+02	-8.3071e+02	-8.4947e+02	-4.0256e+02	5.6912e+02	8.4843e+02	2.1351e+02	-3.7443e+02	-1.0661e+02	7.7022e+02	-2.1521e+02	-4.7891e+02	9.2332e+02	-1.5560e+03	-1.3222e+03	-1.1301e+03	-5.8350e+02	1.4370e+03	-5.8086e+02	-4.4992e+02	-5.0887e+02	2.3398e+02	2.0430e+01	-1.3079e+02	-3.7358e+02	9.9063e+02	8.6880e+02	1.1719e+03	-2.0521e+03	-7.0957e+02	-1.5094e+02	-5.6974e+02	9.6988e+02	-1.3960e+03	-3.0171e+02	-6.4812e+02	-9.8936e+02	-9.3661e+02	4.2849e+02	-1.1200e+03	-9.3735e+02	-1.7122e+02	5.7106e+01	-6.8029e+02	-8.0988e+02	-1.1285e+03	-1.7441e+02	7.9220e+02	1.1889e+02	3.2623e+02	-1.1318e+02	1.6426e+02	-2.0990e+02	3.8071e+02	-2.7634e+02	-3.0524e+02	-2.2861e+01	-6.7485e+02	7.7650e+02	2.5169e+02	-1.3412e+03	1.5054e+03	-6.8629e+02	4.1980e+02	-2.5125e+02	1.2294e+02	-4.6370e+02	4.3491e+02	-4.6216e+02	-1.2138e+03	-3.1824e+02	-3.1854e+01	-2.2107e+02	1.0740e+03	6.3945e+02	-2.2453e+02	-1.9523e+02	-6.9636e+02	-6.2762e+02	-5.1932e+02	-8.3218e+02	-3.2307e+02	9.2047e+01	-1.2774e+03	-7.6153e+02	-2.0316e+03	-2.5981e+01	-9.9475e+02	1.1995e+03	-6.2039e+02	-1.2111e+03	6.4198e+02	8.6649e+02	1.4842e+03	-6.9038e+01	1.1075e+03	7.4229e+02	1.0719e+03	2.6472e+02	3.1591e+02	4.7199e+02	3.9951e+02	4.3507e+02	9.0968e+01	-1.0090e+03	-5.3986e+02	-6.3182e+02	-1.0265e+03	9.3693e+02	6.9233e+02
8.0000e+04	-5.2926e+02	5.7737e+02	1.6019e+03	8.3468e+02	1.0466e+03	2.2155e+03	-2.0221e+02	-2.0235e+02	1.0520e+03	-6.8664e+02	-2.1163e+03	1.2787e+03	1.8588e+02	-4.9507e+02	-1.3243e+03	-6.6372e+02	1.4067e+03	1.4010e+03	-6.4681e+02	-4.8712e+02	-1.3756e+03	5.9827e+02	-6.3072e+02	-4.4960e+02	3.8009e+02	-1.8776e+03	-8.0773e+02	1.0548e+03	-3.4441e+01	2.9010e+02	-8.8674e+02	-2.0718e+03	-6.5697e+02	9.8764e+02	-1.4073e+03	-7.4665e+02	4.4622e+02	-8.9892e+02	-1.1766e+03	1.0040e+03	1.6869e+02	5.4567e+02	1.0584e+03	1.0863e+02	8.1350e+02	-1.5680e+03	-1.6841e+03	-9.1310e+02	-1.0202e+03	-2.0917e+02	7.4173e+02	-6.3067e+02	-1.1353e+03	2.8608e+03	-1.7147e+03	-5.9456e+02	7.6026e+02	1.9838e+03	1.6856e+03	-8.0673e+02	-2.5517e+03	-2.9748e+03	4.4490e+02	-1.3247e+03	-2.1164e+03	2.5090e+02	2.1286e+02	7.5564e+02	1.5759e+03	-1.4651e+03	3.2818e+02	-2.3517e+03	-5.8965e+02	6.9465e+02	-2.4370e+03	-2.3931e+03	-1.3027e+02	1.4389e+03	1.2216e+03	4.6087e+02	-7.0172e+01	2.3424e+03	1.6048e+03	2.7029e+03	-2.1250e+03	7.8107e+02	-1.6360e+03	-8.3211e+02	2.9221e+02	7.7895e+02	-3.8997e+01	-7.4051e+02	1.3963e+03	-1.0223e+03	-9.5811e+02	-3.8496e+01	7.4935e+02	-8.8521e+02	-1.5644e+03	-4.0192e+02	2.8174e+03	-5.4979e+02	1.1200e+03	-1.1239e+03	1.5263e+02	1.2626e+03	1.8619e+00	2.8625e+03	9.1415e+02	-5.0534e+02	4.5426e+02	1.0828e+03	-2.9731e+02	-8.1230e+02	-1.2120e+03	1.0355e+03	2.9805e+02	-1.7264e+03	-2.7875e+02	1.8875e+03	-1.4668e+03	-2.4109e+02	2.3104e+03	2.7131e+01	-9.3312e+02	9.8513e+02	-3.3857e+02	-2.4564e+03	-7.8414e+02	-8.8850e+02	1.7556e+02	-1.5432e+03	4.4000e+01	1.9958e+03	2.1379e+02	-3.8222e+02	-3.7397e+01	-6.4870e+02	-1.5254e+02	8.1261e+02	-1.0053e+03	-9.7422e+02	1.1157e+02	-1.1854e+03	2.7121e+02	-9.1828e+02	-8.4592e+02	-2.1198e+03	-7.3403e+02	-4.5953e+02	-1.0780e+02	2.3873e+02	-1.6925e+03	1.3558e+03	7.4542e+02	-3.4377e+02	-3.2201e+02	5.5986e+02	5.0079e+02	-1.0893e+03	7.8765e+02	5.3356e+02	-1.6416e+03	-7.8682e+02	-1.1544e+03	7.3405e+02	-3.0032e+02	-2.3054e+02	-4.8792e+02	-1.0049e+03	9.6282e+02	-2.2593e+03	1.4131e+02	3.3825e+02	-1.2423e+03	1.4363e+03	1.0126e+02	-1.9664e+03	-4.5999e+02	-7.7710e+02	-1.0864e+03	1.8734e+03	2.2539e+02	-5.1271e+02	7.1465e+02	-7.7134e+02	2.0997e+03	1.2478e+03	-1.3075e+03	2.6752e+01	-9.0905e+01	2.3942e+03	1.2642e+02	1.2080e+03	-1.1982e+03	-1.7273e+03	1.4250e+03	-2.8342e+02	1.7997e+02	-1.7109e+03
1.0000e+05	3.5009e+02	-1.3246e+03	1.8959e+01	5.5319e+02	-1.1126e+03	2.2239e+00	-4.5777e+02	-9.2275e+02	6.7680e+01	8.4922e+02	-3.8315e+01	-2.1344e+03	6.2619e+00	-2.9221e+02	-1.0244e+03	-2.8630e+02	-7.4058e+02	8.0132e+01	1.3467e+02	-1.8585e+02	-1.3674e+03	1.2936e+02	-4.0775e+02	-7.4493e+02	1.1925e+03	-5.0055e+02	5.1241e+02	-1.0023e+03	8.9200e+01	-1.5508e+03	1.9271e+02	-3.9194e+02	2.9835e+02	-9.1537e+02	8.4404e+02	9.7924e+01	7.6854e+01	-5.6956e+02	4.2649e+02	1.1385e+01	-3.7708e+02	-9.5045e+02	8.6788e+02	3.4794e+02	-1.4619e+03	-9.0313e+02	-1.1914e+03	5.1750e+01	-1.2179e+03	-1.1736e+03	-5.5348e+02	2.8756e+02	-1.6450e+02	-1.3454e+03	-4.2219e+02	2.6456e+02	1.1473e+02	1.3501e+02	1.4494e+01	-1.6925e+01	1.3169e+03	-2.6524e+02	-1.2560e+03	-8.8546e+02	1.0186e+02	1.4675e+03	4.6496e+02	5.0406e+02	-9.6060e+02	1.0090e+03	-6.6383e+01	-1.9155e+02	-1.0604e+03	-2.7431e+01	-2.7550e+02	1.6514e+03	-3.9293e+02	-1.5617e+03	-4.4130e+01	-1.0391e+03	-5.6664e+02	1.0294e+03	-4.1474e+02	2.0608e+02	-1.4235e+03	-1.8712e+03	7.6086e+02	-1.3620e+02	-7.5508e+02	-4.5617e+02	-4.4325e+01	-1.4074e+03	-4.7696e+02	-3.6393e+02	2.4479e+01	6.4578e+02	7.2893e+02	-8.1594e+02	-8.7801e+01	4.5315e+02	-6.8378e+01	-6.5141e+02	6.8612e+02	-1.9361e+03	-1.0001e+03	-1.6313e+03	-4.3046e+02	1.2834e+03	-5.3339e+02	3.8961e+02	-9.5838e+02	-1.2172e+02	5.9599e+01	-6.2244e+02	-4.2622e+02	6.2308e+02	1.4773e+03	1.3463e+03	-2.0261e+03	-5.8092e+02	-5.6399e+02	6.6610e+01	8.7660e+02	-1.4019e+03	-7.7752e+02	-2.2405e+02	-1.4313e+03	-7.9244e+02	9.1389e+01	-1.2391e+03	-9.8135e+02	3.2689e+02	1.3560e+02	-6.9678e+02	-1.0255e+03	-1.1616e+03	3.6849e+02	7.7823e+02	-2.0807e+02	2.6373e+02	-1.3644e+00	-9.9210e+01	-2.7982e+02	4.9619e+02	-5.3920e+02	-2.7190e+02	-9.6098e+02	-6.7749e+02	4.2546e+02	2.4171e+02	-1.2573e+03	8.8047e+02	-1.0023e+03	2.5556e+02	-1.2987e+02	5.5877e+02	-6.3912e+02	2.5724e+02	-4.7912e+02	-1.0685e+03	-3.7571e+02	-4.5400e+02	-1.8298e+02	1.3024e+03	6.6202e+02	-5.2000e+02	3.1678e+02	-5.2951e+02	-3.6849e+02	-7.7914e+02	-6.8090e+02	-8.3398e+01	8.7156e+01	-1.0007e+03	-9.9160e+02	-2.2459e+03	7.7896e+01	-9.1723e+02	1.9131e+03	-9.9955e+02	-1.3404e+03	1.3992e+03	8.0678e+02	2.2007e+03	-3.8057e+01	7.2808e+02	8.7021e+02	1.3163e+03	1.0400e+02	1.7232e+02	4.0189e+02	5.1503e+02	5.2205e+02	-5.1105e+02	-6.7463e+02	-1.0412e+02	2.6296e+02	-9.8168e+02	1.2260e+03	3.1110e+02
1.0000e+05	4.9094e+02	-9.7566e+00	1.0679e+03	2.0985e+02	1.0263e+03	2.4806e+03	-7.0459e+02	-3.8440e+01	5.2662e+02	-9.2821e+02	-1.9248e+03	1.7771e+03	7.0370e+02	-2.5124e+02	-1.0876e+03	8.9808e+01	9.2910e+02	1.1432e+03	-1.5217e+03	-4.3876e+01	-2.0767e+03	7.9649e+02	-3.0221e+02	-7.8252e+02	4.4991e+02	-1.7880e+03	-1.5286e+03	1.1510e+03	6.9904e+02	-3.3918e+02	4.2798e+01	-1.8575e+03	2.6999e+02	1.3412e+03	-1.3393e+03	2.0418e+02	3.7136e+02	-1.0456e+03	-1.6609e+03	1.0591e+03	7.0872e+02	-6.5489e+01	1.3352e+03	-7.7888e+01	1.2549e+03	-1.9053e+03	-1.0608e+03	-6.6829e+02	-1.0594e+03	-5.5240e+02	1.3213e+03	-2.0939e+02	-9.8807e+02	3.5100e+03	-2.0311e+03	-8.7035e+02	7.8133e+02	1.1287e+03	2.6333e+03	-3.2672e+02	-2.8288e+03	-3.7350e+03	1.6680e+02	-1.4675e+03	-2.1174e+03	1.5535e+03	6.6594e+02	7.5393e+02	1.7370e+03	-7.9551e+02	1.0252e+03	-2.1092e+03	-2.1074e+02	2.5150e+02	-1.2642e+03	-2.4104e+03	-6.1121e+02	1.3737e+03	1.7297e+03	3.3462e+02	-1.9933e+03	9.9104e+02	1.7982e+03	2.8047e+03	-2.1334e+03	1.2556e+03	-1.4466e+03	-3.3733e+02	6.4320e+02	1.9198e+02	4.6198e+02	-1.2782e+03	1.8340e+03	-8.5590e+02	-9.9725e+02	-6.0162e+02	8.5910e+01	-4.6470e+01	-9.7234e+02	-3.3286e+02	2.8884e+03	-1.0366e+03	7.4008e+02	-1.2142e+03	-5.2137e+02	2.1128e+03	-5.0173e+02	3.3085e+03	1.0380e+03	-8.6077e+02	8.3470e+02	1.7590e+03	-5.9098e+02	-1.8497e+03	-1.3973e+03	9.3597e+02	8.5478e+02	-8.6376e+02	-9.7942e+01	2.2752e+03	-1.7832e+03	-1.2921e+03	2.5126e+03	-1.8723e+02	-1.6204e+03	1.1274e+03	-5.3004e+02	-3.1392e+03	-8.0092e+02	7.4265e+01	-8.5458e+02	-1.6067e+03	5.6048e+02	2.0971e+03	-1.2209e+03	-1.9080e+02	-2.6765e+02	-4.5947e+02	7.0704e+02	4.5938e+01	-1.6591e+03	-2.2092e+03	8.2090e+02	-7.6500e+02	6.2500e+02	-1.2832e+03	-6.7474e+02	-1.3467e+03	-6.5267e+02	-1.4994e+02	1.0768e+02	8.1474e+02	-1.5855e+03	1.5011e+03	9.4285e+02	5.7183e+02	-5.4390e+02	4.9324e+02	8.2171e+02	-1.3232e+03	8.3259e+02	8.2814e+02	-7.4859e+02	-1.8286e+03	-2.0409e+02	-1.4283e+02	6.5745e+01	6.5348e+02	-1.5327e+03	-1.2212e+03	1.1920e+03	-2.6791e+03	-4.6203e+02	6.1218e+02	-7.5961e+02	1.1303e+03	1.0180e+02	-1.7695e+03	-1.0159e+03	-1.0101e+03	-1.2505e+03	1.5667e+03	2.0284e+02	-2.0665e+02	1.1744e+03	-1.0829e+03	2.4819e+03	2.0719e+03	-1.0179e+03	-5.9660e+02	4.5900e+01	2.6762e+03	-6.3748e+02	1.3370e+03	-1.6550e+03	-1.8802e+03	2.1984e+03	-6.8463e+02	-1.1370e+03	-1.1258e+03
1.2000e+05	-9.0849e+01	-9.6188e+02	-1.8660e+02	7.9451e+02	-6.1615e+02	-4.2430e+02	-5.2454e+02	-8.2481e+02	-4.4841e+02	6.5044e+02	-3.9282e+02	-2.1671e+03	1.5100e+02	-4.3711e+02	-1.4446e+03	3.6421e+02	-8.0275e+02	-7.9122e+01	-3.9155e+01	-5.8052e+02	-1.3925e+03	-1.3681e+02	3.1744e+02	-1.7003e+02	6.2660e+02	-1.4769e+03	1.1709e+03	-7.5787e+02	4.2993e+01	-1.5571e+03	2.0759e+02	2.6333e+02	1.8638e+01	-1.0505e+03	6.7598e+02	-4.6187e+02	-3.3640e+02	-8.4110e+02	3.7755e+02	-3.5171e+02	-1.6554e+02	-7.0475e+02	7.2985e+02	2.9445e+02	-1.2704e+03	-1.6083e+03	-1.4886e+03	5.0127e+02	-7.3035e+02	-1.0089e+03	-5.0589e+02	6.9184e+02	-5.1985e+01	-7.2427e+02	-3.9868e+02	2.6673e+02	4.8526e+02	-4.2126e+02	1.7263e+01	-2.9904e+02	8.2595e+02	-9.3594e+02	-1.0019e+03	-1.0795e+03	4.9384e+02	1.7732e+03	7.6278e+01	-6.5686e+00	-1.3322e+03	8.9323e+02	-1.3085e+01	4.8859e+02	-6.5328e+02	3.4960e+02	-7.7134e+02	1.6083e+03	-2.8454e+02	-1.4988e+03	-2.0875e+02	-1.6825e+03	-8.5061e+02	6.2832e+01	-7.9173e+02	8.6407e+02	-7.1709e+02	-2.0650e+03	5.9916e+02	-1.0777e+02	-5.8173e+02	-1.3047e+01	6.8143e+02	-1.3678e+03	-7.2449e+02	-3.5262e+02	2.6237e+02	2.6459e+02	6.1217e+02	2.7439e+01	4.2243e+02	1.5350e+03	-5.1464e+02	-7.2642e+02	1.2734e+03	-1.7718e+03	-1.1828e+03	-1.8802e+03	1.3851e+02	2.2194e+03	-1.2274e+03	3.1000e+02	-3.7718e+02	-4.8731e+02	-1.1237e+02	-1.1688e+03	-1.0887e+03	1.2782e+03	9.0802e+02	1.2120e+03	-1.7087e+03	-2.8733e+02	-5.9643e+02	1.7488e+02	5.3444e+02	-1.4795e+03	-1.2139e+03	-7.6222e+02	-1.5599e+03	-7.3433e+02	-1.6743e+02	-1.1350e+03	-1.2492e+03	-4.3521e+02	4.9521e+01	-1.0696e+03	-1.6705e+03	-1.1687e+03	1.8047e+02	7.8677e+02	-5.8327e+02	2.9368e+02	2.5110e+02	-1.2021e+02	-7.6347e+01	6.4393e+02	-7.7863e+02	1.8122e+02	-3.5094e+02	2.9633e+01	-6.5052e+02	-1.9920e+02	-1.6131e+03	1.2590e+03	-2.0919e+03	1.1243e+02	-3.0763e+02	7.9141e+02	-1.3102e+03	-1.5031e+01	-9.8426e+01	-8.5938e+02	1.3224e+01	1.1194e+02	-3.1307e+02	1.7678e+03	2.5582e+02	-6.1593e+02	1.1033e+02	-1.6450e+03	-3.8204e+02	-1.3680e+03	-6.3331e+02	-5.8420e+02	5.7273e+02	-1.2208e+03	-1.4690e+03	-2.0889e+03	-4.6133e+01	-8.1971e+02	1.2495e+03	-6.5164e+02	-1.3992e+03	7.9358e+02	9.4871e+02	2.0240e+03	-1.0705e+02	6.2702e+02	8.9258e+02	1.0628e+03	3.4037e+02	-8.2467e+01	1.5867e+03	5.2024e+02	2.0453e+02	-5.3631e+02	-8.3278e+02	-6.0741e+02	8.3349e+02	-1.0572e+03	5.9388e+02	2.6604e+02
1.2000e+05	-5.2697e+02	-2.4715e+02	1.2488e+03	-5.2941e+02	3.6300e+02	3.3859e+03	-9.5784e+02	-1.2186e+02	9.9924e+02	-1.7578e+03	-1.9520e+03	1.7216e+03	5.7763e+02	-2.2478e+02	-7.4896e+02	3.1922e+02	-8.7485e+02	1.7334e+03	-1.6945e+03	2.3629e+02	-2.4901e+03	9.3129e+02	4.8311e+02	-1.1665e+03	1.6784e+02	-1.9220e+03	-1.0909e+03	1.0590e+03	4.1179e+02	-2.5348e+02	-8.1711e+01	-2.1980e+03	7.5849e+02	9.5148e+02	-1.6584e+03	1.8351e+02	3.8831e+02	-2.3621e+02	-2.3679e+03	2.5350e+02	1.4038e+03	-2.3750e+01	2.0848e+03	-2.8010e+02	9.0332e+02	-1.1786e+03	-1.6481e+03	-6.4928e+02	-9.8402e+02	-2.4719e+02	1.7343e+03	9.6249e+02	-8.8783e+02	1.9718e+03	-2.6198e+03	-7.6308e+02	1.1584e+03	1.0604e+03	2.3244e+03	2.7880e+02	-3.6116e+03	-4.5160e+03	3.7655e+02	-1.8518e+03	-1.6857e+03	1.5925e+03	9.3791e+02	1.0466e+03	1.0890e+03	-4.9747e+02	1.9544e+03	-2.3611e+03	8.2690e+02	7.6368e+02	-1.7015e+03	-2.6011e+03	-1.3755e+03	9.0537e+02	1.2984e+03	7.3649e+01	-1.1478e+03	1.6052e+03	1.5536e+03	2.1792e+03	-2.4932e+03	1.1704e+03	-2.7004e+03	-7.9231e+01	2.6848e+02	-4.3860e+02	2.6223e+02	-1.7309e+03	1.6763e+03	-1.1457e+03	-6.8734e+01	-1.0523e+03	-4.8548e+02	-8.1816e+02	-9.9693e+02	-8.2328e+02	2.7241e+03	-1.5830e+03	1.6504e+02	-1.1237e+03	-3.1615e+02	2.0215e+03	3.5160e+02	2.6457e+03	1.8588e+03	-6.5578e+02	1.0443e+03	2.4932e+03	-6.0696e+02	-1.1120e+03	-2.0533e+02	3.5271e+02	5.1803e+02	-6.8885e+02	-1.6592e+02	2.1888e+03	-2.0959e+03	-4.7059e+01	2.8599e+03	-1.0616e+02	-1.4728e+03	1.5891e+03	-9.6259e+02	-4.0074e+03	-1.3035e+03	-4.5483e+02	-8.2081e+02	-1.1361e+03	-5.9593e+02	1.9357e+03	-1.5081e+03	3.4191e+02	-2.3365e+02	-2.2319e+02	8.9050e+02	5.7245e+02	-1.5074e+03	-1.3487e+03	8.3514e+02	-9.4538e+02	1.3543e+03	-1.9256e+03	-4.2084e+02	-1.1766e+03	-4.6551e+02	1.0732e+02	-7.8052e+02	1.2700e+03	-1.2169e+03	1.6867e+03	2.6999e+03	8.6548e+02	-4.7027e+02	1.6466e+02	1.4131e+03	-1.4560e+03	1.7040e+03	9.0076e+02	-2.2593e+03	-2.3600e+03	-8.3908e+02	-2.4334e+02	4.1014e+02	1.2700e+02	-6.7145e+02	-1.6328e+03	9.6757e+02	-3.1390e+03	-4.7931e+02	1.5470e+03	-1.2258e+03	1.3750e+03	8.2217e+02	-2.2227e+03	1.3529e+02	-3.9991e+02	-6.7415e+02	1.7271e+03	-2.6110e+02	-7.1216e+02	1.4089e+03	-1.1703e+03	1.7355e+03	1.1450e+03	-7.6602e+02	-1.2117e+03	4.5594e+02	2.5681e+03	-1.1593e+03	1.2142e+02	-1.4175e+03	-2.0312e+03	2.7977e+03	-4.0523e+02	-1.0632e+03	-4.4537e+02
1.4000e+05	2.7303e+02	-1.3599e+03	-1.3395e+02	1.3573e+03	-1.3486e+02	-3.8745e+02	-1.5585e+02	-1.5183e+03	-5.3149e+02	3.6713e+02	-8.6410e+01	-2.4157e+03	-1.8975e+02	-2.8590e+02	-1.5947e+03	3.8855e+02	-1.0513e+03	2.1287e+02	-1.0471e+01	-8.3707e+02	-2.0541e+03	-1.3349e+02	-1.6703e+01	-3.3333e+01	4.1385e+02	-5.5842e+02	9.7425e+02	-1.1637e+03	7.1045e+02	-1.6594e+03	7.2305e+01	2.4324e+02	-5.3945e+02	-1.5690e+03	6.4779e+02	-7.5344e+02	-3.7460e+02	-1.3228e+03	8.2734e+02	-3.1220e+02	4.8283e+02	-1.2695e+03	1.1987e+03	1.1978e+02	-1.2458e+03	-1.7905e+03	-2.4045e+03	6.7221e+02	-1.2299e+03	-6.6598e+02	2.5517e+00	6.6756e+01	-5.2886e+02	-6.5424e+02	-7.1791e+02	-4.7485e+01	5.9416e+02	-4.5182e+02	3.7507e+02	-8.1805e+02	1.5475e+03	-6.5051e+02	-1.3021e+03	-7.1553e+02	5.9340e+02	1.9012e+03	6.7984e+02	-3.0288e+02	-6.8058e+02	1.0946e+03	-3.0588e+01	2.0637e+02	-8.6298e+02	3.6300e+02	-1.0699e+03	1.1172e+03	-6.5963e+02	-1.2733e+03	-4.6850e+02	-2.2889e+03	-8.6616e+02	3.4383e+02	-1.7300e+02	1.0469e+03	5.0789e+01	-1.9283e+03	4.7560e+02	8.2456e+01	-1.3540e+03	-3.3248e+02	8.8349e+02	-7.5578e+02	-6.9843e+02	-6.7204e+02	5.3449e+02	-9.5400e+01	1.0169e+03	1.1546e+02	5.5934e+02	1.4421e+03	-2.7121e+02	-6.6999e+02	1.0970e+03	-2.1138e+03	-1.6425e+03	-1.5654e+03	2.4410e+02	2.2700e+03	-1.6992e+03	1.6954e+02	1.3245e+02	-1.5082e+03	5.7444e+01	-1.4925e+03	-7.5454e+02	1.2462e+03	1.0592e+03	1.2274e+03	-1.0690e+03	-7.2773e+02	-9.5838e+02	1.4244e+02	9.2553e+02	-9.2077e+02	-2.6186e+02	-5.3874e+02	-1.6088e+03	-4.0429e+02	-2.0137e+02	-1.2847e+03	-1.1672e+03	-2.7174e+02	-9.1084e+01	-7.2699e+02	-1.2836e+03	-6.0029e+02	3.3125e+02	9.3658e+02	-4.2922e+02	4.5642e+02	3.4645e+02	-3.9055e+02	-3.2301e+02	1.1654e+03	-7.5761e+02	-2.5067e+02	-7.2938e+02	-2.0295e+02	-1.1826e+03	4.9965e+02	-1.4592e+03	5.1920e+02	-2.3700e+03	4.7117e+02	-2.6367e+02	5.5038e+02	-1.0367e+03	5.5720e+01	-3.9060e+02	-7.2062e+02	-1.1061e+02	1.2212e+02	1.6497e+02	1.7528e+03	2.9679e+02	-8.6678e+02	5.0744e+02	-2.1664e+03	-4.2972e+02	-9.1072e+02	-9.6776e+02	-6.7328e+02	5.6027e+02	-1.0591e+03	-1.6962e+03	-2.2725e+03	-1.3952e+02	-6.9869e+02	1.6542e+03	-7.3425e+02	-1.0346e+03	1.1583e+03	8.1185e+02	2.3677e+03	3.6550e+02	6.4976e+02	1.1442e+03	1.4561e+03	-2.6276e+02	-4.9688e+02	1.6738e+03	5.3365e+02	3.7020e+02	-6.3011e+02	-6.5411e+02	-7.5385e+02	1.2947e+03	-4.7861e+02	3.6020e+02	3.5033e+02
1.4000e+05	-8.0438e+02	-6.2610e+02	1.1775e+03	-4.1990e+02	7.3164e+02	3.8644e+03	-8.0737e+01	1.4517e+02	6.3742e+02	-1.6589e+03	-1.6982e+03	1.9498e+03	5.9952e+02	-8.0725e+02	-8.3258e+02	4.4557e+02	-6.5183e+02	2.1321e+03	-2.2726e+03	9.2122e+02	-1.3063e+03	1.4324e+03	8.6159e+02	-2.4715e+02	4.1633e+02	-9.1457e+02	-1.6437e+03	9.2773e+02	8.4761e+02	-1.0692e+03	5.2895e+01	-1.4842e+03	7.8972e+02	1.0291e+03	-1.7497e+03	-4.0522e+02	1.3112e+02	-1.4103e+02	-1.6660e+03	7.8325e+02	1.1774e+03	3.9074e+02	1.7666e+03	3.2935e+02	6.4000e+02	-2.0180e+03	-1.5081e+03	-4.3278e+02	-9.1269e+02	6.9428e+01	2.2508e+03	8.9312e+02	-1.6980e+03	2.1613e+03	-2.2505e+03	-8.6187e+02	4.0390e+02	8.2152e+02	2.1838e+03	7.6484e+02	-2.7828e+03	-4.5759e+03	6.7059e+02	-8.9443e+02	-2.8442e+03	3.5188e+03	2.1166e+03	1.3776e+03	7.2688e+02	-2.8761e+02	1.4343e+03	-2.5348e+03	4.8683e+02	5.7988e+02	-2.3498e+03	-1.6316e+03	-1.8225e+03	2.4162e+02	2.1268e+03	-5.9308e+02	-1.7900e+03	1.7428e+03	1.1634e+03	1.9543e+03	-3.5554e+03	1.3579e+03	-1.8158e+03	-1.8706e+02	5.1284e+02	-1.1287e+03	-1.9073e+02	-2.9536e+03	2.4406e+03	-5.5686e+02	7.4535e+01	-6.1633e+02	-6.3533e+01	-1.0581e+03	-1.4306e+03	-5.9367e+02	3.3564e+03	-1.8503e+03	7.2302e+02	-8.1096e+02	-6.6497e+02	3.2311e+03	1.8559e+02	3.1314e+03	2.8629e+03	-1.6058e+03	5.2155e+02	2.0951e+03	-7.4946e+02	-2.0053e+03	-3.8734e+02	2.1442e+02	-6.4084e+02	-1.0326e+03	9.9922e+02	1.6389e+03	-1.8883e+03	-1.1756e+02	2.3397e+03	-1.7207e+01	-2.5977e+03	2.7452e+03	-1.5180e+03	-3.6698e+03	-1.6864e+03	-1.3587e+03	-1.3210e+03	-1.3467e+03	-1.0589e+02	1.5618e+03	-1.5900e+03	2.9183e+02	-3.2500e+02	-1.0985e+03	1.7552e+03	3.2118e+02	-1.9803e+03	-1.2622e+03	2.0725e+03	-4.1475e+02	2.2476e+03	-1.3630e+03	2.1368e+02	-5.3925e+02	-1.1674e+03	-1.1438e+03	-9.8366e+02	1.1403e+03	-3.9045e+02	1.1452e+03	2.9392e+03	-1.9727e+02	7.6799e+02	-1.2392e+02	8.7152e+02	-2.3907e+03	1.8030e+03	1.4383e+03	-2.4445e+03	-2.8489e+03	-1.7500e+03	-1.1294e+03	1.3775e+03	-3.9582e+02	-9.3179e+02	-3.5069e+02	-7.7139e+01	-3.1611e+03	-6.5520e+02	2.3035e+03	-1.1363e+03	1.5599e+03	6.7281e+02	-2.0108e+03	1.1559e+03	-5.0351e+02	-8.7927e+01	5.1891e+02	3.0999e+02	-1.3800e+03	1.0640e+03	-1.1802e+03	2.1992e+03	9.3434e+02	-1.2525e+03	-1.8382e+03	6.6416e+02	2.8168e+03	-8.6575e+02	3.0898e+02	-8.4325e+02	-1.8578e+03	2.5465e+03	-3.1351e+02	-1.0916e+03	2.7830e+02
1.6000e+05	6.1215e+02	-1.1263e+03	-5.2956e+01	9.0397e+02	2.2435e+02	1.8856e+02	-2.2253e+02	-1.6899e+03	2.2567e+01	3.3223e+02	-7.5925e+02	-2.2000e+03	-3.0387e+02	4.5919e+01	-1.0507e+03	3.8806e+02	-9.0378e+02	3.4518e+02	-9.8272e+01	-6.0951e+02	-2.0981e+03	-4.5147e+02	-1.6340e+02	5.2395e+00	-9.3262e+01	-4.6379e+02	1.1989e+03	-1.0965e+03	1.0554e+03	-1.8904e+03	1.3724e+02	4.9249e+02	-1.3521e+03	-1.6899e+03	7.9781e+02	-1.0680e+03	-3.6105e+02	-1.0004e+03	1.1220e+03	-3.3931e+02	4.0671e+02	-9.6233e+02	1.3780e+03	-3.7000e+01	-1.5039e+03	-2.2930e+03	-2.5396e+03	6.6439e+02	-1.5733e+03	-5.9425e+02	4.0259e+02	-3.1652e+02	-3.0384e+02	-5.4916e+02	-5.4117e+02	-1.8112e+02	2.1756e+02	8.5225e+01	6.3491e+02	-3.9777e+02	1.3503e+03	-7.1650e+02	-5.4840e+02	-5.2766e+02	8.4692e+02	2.1873e+03	1.0765e+03	-3.8889e+02	-4.4242e+02	1.6622e+03	-3.4489e+02	-2.2051e+02	-1.8404e+02	4.5288e+02	-1.5052e+03	1.1607e+03	-1.4198e+03	-6.6293e+02	-4.2658e+02	-2.4193e+03	-1.2599e+03	1.7810e+01	3.2590e+02	1.1004e+03	3.0869e+02	-1.4849e+03	4.4542e+02	5.2052e+02	-1.8194e+03	-4.5760e+02	1.1922e+02	-8.1996e+02	-3.7392e+02	-4.5869e+02	9.3406e+02	-3.0287e+02	9.0035e+02	1.9406e+01	2.6105e+02	1.1239e+03	-6.3757e+02	-4.7954e+02	7.5253e+02	-2.7005e+03	-1.8779e+03	-1.1432e+03	1.1479e+03	1.7077e+03	-9.3836e+02	4.1397e+02	9.1535e+02	-1.0067e+03	-5.6671e+02	-1.3059e+03	-7.6944e+02	1.3718e+03	1.0379e+03	1.5687e+03	-8.8067e+02	-1.1173e+03	-1.2300e+03	3.9511e+02	1.1227e+03	-1.2737e+03	-6.1581e+02	-1.2281e+03	-1.1828e+03	-1.1630e+03	-4.3010e+02	-1.0665e+03	-1.3318e+03	-3.8180e+02	8.2783e+02	-5.1854e+02	-1.2140e+03	-1.0584e+03	5.9640e+02	1.1818e+03	-1.5091e+02	1.1785e+02	6.1133e+02	-3.4547e+02	-4.8865e+02	1.3663e+03	-7.9435e+02	3.7565e+02	-9.2427e+02	-6.2569e+02	-1.1941e+03	4.2502e+02	-1.2436e+03	3.0064e+02	-2.5188e+03	9.7834e+01	-2.3529e+02	3.2016e+02	-1.2618e+03	-1.8933e+02	-2.0834e+02	-1.4886e+02	-7.3202e+02	-1.6725e+02	4.6237e+02	1.5340e+03	-1.3586e+02	-2.2584e+02	1.9713e+02	-2.1383e+03	1.9990e+02	-1.3616e+03	-8.2529e+02	-5.4942e+02	7.2753e+02	-3.6560e+02	-1.9243e+03	-1.6383e+03	6.6654e+02	-1.7639e+02	1.4012e+03	-5.9533e+02	-7.0241e+02	1.1248e+03	3.7024e+02	1.9789e+03	-3.8363e+02	2.5054e+02	1.5193e+03	1.5249e+03	3.0753e+01	1.3664e+02	8.6761e+02	3.6625e+02	4.2064e+02	-7.5999e+02	-1.1335e+03	-1.3886e+03	9.9484e+02	-1.1580e+03	-1.8056e+02	-2.7060e+02
1.6000e+05	-1.1577e+03	-2.4366e+02	8.5768e+02	7.3130e+02	6.4100e+02	3.9177e+03	-1.2058e+02	-1.0619e+03	7.4312e+02	-1.2989e+03	-1.0812e+03	1.3423e+03	8.5832e+02	-1.8041e+03	-7.3909e+02	3.8292e+02	-7.4307e+02	1.1800e+03	-2.3191e+03	8.9312e+02	-1.2660e+03	1.5293e+03	1.1219e+03	2.9526e+02	3.5993e+02	-1.6948e+03	-1.9213e+03	1.4644e+02	8.5025e+02	-1.2223e+03	-4.2657e+02	-1.7481e+03	7.0058e+02	1.9354e+02	-1.5543e+03	-4.3052e+02	-1.0269e+03	-3.5900e+02	-2.5847e+03	1.0744e+03	1.0899e+03	4.3432e+02	1.1184e+03	4.1196e+02	7.7402e+02	-2.3193e+03	-1.7116e+03	-1.6724e+03	-1.2719e+03	5.1442e+02	2.2938e+03	1.1462e+03	-1.1193e+03	2.6668e+03	-2.3750e+03	-5.4250e+02	8.8095e+02	3.3006e+02	2.5217e+03	1.1076e+03	-2.0122e+03	-4.7650e+03	9.9559e+02	-4.5678e+02	-3.2171e+03	3.6270e+03	1.6020e+03	2.4786e+03	-5.7195e+02	-1.3074e+03	1.3881e+03	-2.0994e+03	-1.7568e+02	9.0044e+02	-2.6459e+03	-2.4097e+03	-2.0597e+03	2.6084e+02	1.9761e+03	-1.1539e+03	-1.8386e+03	2.0310e+03	1.2307e+03	2.1336e+03	-3.7268e+03	1.4419e+03	-2.2892e+03	-1.9857e+02	9.5038e+02	-8.6471e+02	-9.7581e+01	-2.3730e+03	2.9537e+03	-6.1110e+01	6.2646e+02	-9.4288e+02	4.5335e+02	-1.8593e+03	-1.5500e+03	-1.2247e+03	3.1710e+03	-3.4121e+03	1.6516e+02	-2.4220e+02	-7.5559e+02	2.5416e+03	3.1947e+02	3.8098e+03	2.3906e+03	-1.2958e+03	1.2394e+03	1.6642e+03	-1.1515e+03	-1.7837e+03	-1.4695e+03	3.8983e+02	-7.4574e+02	-1.0706e+03	1.2550e+03	2.1104e+03	-1.3088e+03	-4.5895e+02	2.7364e+03	-3.4673e+02	-3.1587e+03	3.1504e+03	-1.4245e+03	-3.4031e+03	-1.2047e+03	-9.4238e+02	-8.8250e+02	-1.2717e+03	4.6331e+02	1.7575e+03	-1.6780e+03	-5.7165e+02	-6.1297e+02	-9.7284e+02	2.0943e+03	1.3732e+03	-2.0107e+03	-1.7560e+03	3.2864e+03	-1.0562e+03	3.4023e+03	-1.9145e+03	-7.5254e+02	-2.5515e+02	-1.5294e+03	-1.4307e+03	-1.4716e+03	1.8168e+03	-8.0125e+02	1.5335e+03	2.1797e+03	9.7623e+02	-3.6335e+02	3.2289e+02	1.1812e+03	-2.6478e+03	2.9981e+03	1.0774e+03	-2.2867e+03	-3.4137e+03	-1.1046e+03	-2.2501e+02	1.1090e+03	7.5007e+01	-1.6200e+03	-5.1654e+02	-2.1612e+02	-3.3408e+03	-1.2603e+03	1.9958e+03	-3.2155e+02	2.0353e+03	4.3788e+02	-1.9519e+03	1.1038e+03	-1.0095e+03	5.8873e+02	1.0591e+03	6.7726e+02	-1.5725e+03	1.2779e+03	-1.6098e+03	1.9296e+03	6.6087e+02	-1.1520e+03	-2.0839e+03	1.4321e+03	3.6721e+03	-1.6560e+03	5.0491e+02	-6.4035e+02	-1.8602e+03	3.3381e+03	1.7056e+02	-5.4422e+02	3.1381e+02
1.8000e+05	6.8732e+02	-9.3511e+02	-3.3953e+02	1.1965e+03	-2.7735e+02	-2.0788e+02	-7.0040e+02	-1.8007e+03	-2.0411e+02	5.1752e+02	-7.1331e+02	-2.0839e+03	-6.2760e+02	-8.0041e+00	-7.2214e+02	1.7699e+02	-1.1334e+03	3.1070e+02	5.3201e+02	-6.0203e+02	-2.1105e+03	-1.2336e+03	3.0163e+02	4.0867e+02	-3.3831e+02	-5.6157e+02	1.1804e+03	-1.5825e+03	5.0849e+02	-1.8957e+03	-5.7361e+01	3.3173e+02	-9.4021e+02	-1.6122e+03	1.4973e+03	-1.3127e+03	-2.1679e+02	-1.3203e+03	3.2775e+02	-3.6626e+02	3.7390e+02	-7.7184e+02	1.8039e+03	-2.1964e+02	-1.7359e+03	-2.6611e+03	-2.6918e+03	7.4974e+02	-2.0095e+03	-2.6696e+02	1.2362e+03	-3.7840e+02	-5.8518e+02	-7.5075e+02	-5.3455e+02	-6.7740e+02	5.0157e+02	1.8001e+02	1.0695e+03	-7.3991e+02	6.0798e+02	-2.4413e+02	-9.2090e+02	-8.3997e+01	9.0733e+02	2.8835e+03	5.2471e+02	-6.8004e+02	-9.4775e+02	2.2080e+03	-1.5931e+02	-8.6568e+01	-1.9350e+02	4.3629e+02	-1.6210e+03	1.1523e+03	-1.7070e+03	-3.0359e+02	-1.0590e+02	-2.2535e+03	-8.2371e+02	-7.1511e+02	6.5415e+02	9.8821e+02	3.3394e+02	-1.5821e+03	3.1871e+02	6.9916e+02	-1.7505e+03	1.9335e+02	-4.0788e+02	-7.8918e+02	9.8865e+01	-9.5465e+02	9.1222e+02	-9.5650e+02	8.1475e+02	-5.4436e+02	9.4158e+02	1.2044e+03	-6.3703e+02	-1.5470e+02	7.7712e+02	-2.7085e+03	-2.1659e+03	-8.3632e+02	1.3145e+03	8.8500e+02	-9.0346e+02	6.0146e+02	1.1778e+03	-8.5063e+02	-9.6445e+02	-1.8202e+03	-2.2889e+02	1.1748e+03	1.1713e+03	1.8467e+03	-6.4959e+02	-1.0970e+03	-1.1402e+03	3.6886e+02	1.4440e+03	-1.5033e+03	-8.3873e+02	-1.7748e+03	-7.4148e+02	-1.4057e+03	-2.2075e+02	-7.3784e+02	-1.1742e+03	-7.8676e+02	9.4665e+02	-7.3211e+02	-1.2089e+03	-1.5182e+03	6.6882e+02	1.1329e+03	-6.2075e+02	3.8362e+02	5.0269e+02	-6.5683e+02	-6.1620e+02	1.1571e+03	-9.3546e+02	4.8724e+02	-5.7513e+01	-7.5661e+02	-1.1213e+03	-8.6524e+01	-9.5460e+02	3.4396e+02	-2.3053e+03	2.8247e+02	-3.8106e+02	1.6817e+02	-1.1262e+03	-1.3584e+02	-4.9157e+02	7.2506e+01	-9.4379e+02	2.1473e+01	4.5825e+01	9.3128e+02	-5.0850e+02	-9.9938e+02	4.0982e+02	-2.1732e+03	3.5470e+02	-1.8348e+03	-4.9560e+02	-6.5189e+02	5.3936e+02	-6.8693e+01	-1.8640e+03	-8.8017e+02	1.0191e+03	-4.7757e+02	1.4729e+03	-1.0145e+03	-6.7365e+02	4.7192e+02	1.7239e+02	2.0364e+03	-2.3446e+02	9.1160e+01	1.5084e+03	1.7129e+03	-7.8851e+02	4.2795e+02	1.2177e+03	8.8001e+02	9.2533e+02	-1.0480e+03	-9.1514e+02	-1.1977e+03	1.3309e+03	-8.7982e+02	-1.8063e+02	-2.1650e+02
1.8000e+05	-1.8839e+03	9.6677e+01	1.4838e+03	8.3717e+02	1.3227e+03	3.5200e+03	1.0326e+02	-1.9111e+03	-3.3630e+02	-4.5513e+02	-1.2973e+03	1.3205e+03	-2.9632e+02	-2.3406e+03	-6.7857e+02	1.5717e+02	-6.5848e+02	2.6599e+02	-2.4822e+03	8.7110e+00	-4.6779e+02	1.0266e+03	8.0869e+02	2.7570e+02	6.4590e+01	-1.7887e+03	-1.4985e+03	2.9698e+02	1.2437e+03	-7.3790e+02	5.9896e+01	-2.3408e+03	1.3061e+03	5.9662e+02	-2.4231e+03	-3.0367e+02	-1.5835e+03	-9.9031e+02	-3.9740e+03	1.2956e+03	1.0771e+03	-2.3090e+02	7.5465e+02	5.0394e+02	5.9237e+02	-1.2154e+03	-1.0425e+03	-1.3339e+03	-1.4495e+03	2.8699e+02	2.5726e+03	1.0416e+03	-1.0584e+03	2.3342e+03	-2.7787e+03	-7.1534e+02	1.6437e+03	6.6812e+02	1.8185e+03	2.8054e+02	-2.0593e+03	-3.5075e+03	1.2762e+03	-8.2262e+02	-3.6640e+03	3.6013e+03	2.3966e+03	2.7132e+03	-1.6547e+02	5.0752e+01	1.9384e+03	-2.8167e+03	-2.8267e+02	5.5772e+02	-3.6671e+03	-2.2612e+03	-2.4176e+03	1.2721e+03	1.6066e+03	-4.8357e+02	-3.8788e+03	2.8387e+03	1.1902e+03	1.1542e+03	-5.0303e+03	3.3048e+02	-2.1977e+03	2.2807e+02	1.8436e+03	-1.4362e+03	2.2464e+02	-1.9756e+03	3.1246e+03	-6.5453e+02	1.6942e+02	-1.6807e+03	-1.2385e+02	-1.8811e+03	-1.8501e+03	-1.6882e+03	2.3037e+03	-4.4521e+03	5.9648e+02	-1.3044e+03	-6.1368e+02	3.3781e+03	-3.8029e+02	3.1344e+03	2.3159e+03	-2.2041e+02	1.2144e+03	1.5773e+03	-1.3596e+03	-1.2357e+03	-2.4968e+03	-1.4860e+01	-1.1933e+03	-8.5971e+02	1.7808e+03	2.2426e+03	-1.3683e+03	-1.1863e+03	1.3420e+03	1.1849e+03	-3.1055e+03	3.4437e+03	-2.6014e+03	-2.8114e+03	-1.6279e+03	-9.6879e+02	-1.1952e+03	-8.5267e+02	-2.1132e+02	1.3419e+03	-2.1718e+03	-9.1818e+02	-4.9525e+02	-8.4900e+02	2.7192e+03	1.3665e+03	-2.0286e+03	-1.6919e+03	3.2617e+03	-5.2045e+02	1.9087e+03	-2.0767e+03	-1.7095e+03	-9.3777e+02	-1.5396e+03	-1.5483e+03	-2.1886e+03	1.3394e+03	-5.0275e+02	1.4803e+03	1.1579e+03	1.9979e+03	-1.2785e+03	-1.0776e+03	1.0783e+03	-2.3813e+03	3.1513e+03	3.1713e+02	-2.8694e+03	-2.6864e+03	-1.2388e+03	-5.0091e+01	8.5916e+02	8.5089e+02	-1.4990e+03	3.8720e+02	-2.1861e+02	-2.0383e+03	2.8078e+01	1.6986e+03	-4.7496e+02	1.4666e+03	3.4964e+01	-2.2098e+03	8.5223e+02	-1.2487e+03	6.8416e+02	9.5940e+02	-1.6955e+02	-1.8424e+03	7.5287e+02	-1.8848e+03	1.9607e+03	-1.3818e+02	-1.1250e+03	-2.9531e+03	6.7209e+02	3.8190e+03	-1.5183e+03	3.8265e+02	-9.8018e+02	-1.6021e+03	2.5484e+03	-4.1116e+02	-2.0911e+02	-1.4709e+02
2.0000e+05	8.1824e+02	-1.3764e+03	-3.7368e+02	1.5589e+03	-2.4391e+02	-2.5172e+02	-3.5133e+02	-2.0013e+03	4.1036e+01	5.0834e+01	-4.3809e+02	-1.9572e+03	-3.5196e+02	-2.5150e+02	-8.8005e+02	4.7113e+02	-1.0039e+03	9.8818e+00	9.1394e+02	-4.0632e+02	-1.6196e+03	-1.5970e+03	7.9198e+02	3.5641e+02	-4.4150e+02	-1.1383e+03	1.2830e+03	-1.5431e+03	9.4289e+02	-1.4913e+03	-1.1446e+02	6.9846e+02	-1.2853e+03	-1.3380e+03	1.6348e+03	-1.3943e+03	-9.0661e+02	-1.5303e+03	-1.2936e+02	-8.2404e+01	5.3331e+02	-7.4754e+02	9.6426e+02	-1.5148e+02	-1.6021e+03	-2.6968e+03	-3.1171e+03	1.5671e+02	-1.5932e+03	-1.0125e+03	5.9917e+02	1.2205e+02	-1.4922e+02	-6.7246e+02	-1.0197e+03	-1.2142e+03	1.1009e+03	1.4775e+01	1.5943e+03	-3.2481e+02	3.2489e+01	-6.4774e+01	-9.8977e+02	4.2905e+02	1.3262e+03	3.0300e+03	1.8409e+02	-8.1324e+02	-7.6119e+02	2.3644e+03	1.1540e+02	-2.0186e+02	-1.2444e+01	5.5031e+02	-1.9888e+03	1.0208e+03	-1.3660e+03	-1.5172e+01	2.1411e+02	-1.8942e+03	-4.9447e+02	-6.5158e+02	8.3499e+02	9.0650e+02	1.3094e+02	-1.3187e+03	2.1281e+02	1.0297e+03	-1.7463e+03	8.7647e+01	-1.2578e+03	-1.0385e+03	1.6877e+02	-9.8390e+02	8.2747e+02	-8.4587e+02	8.9645e+02	-9.4060e+02	1.0538e+03	2.0472e+03	-8.2699e+02	-5.1303e+02	5.9777e+02	-2.6551e+03	-2.1371e+03	-7.0600e+02	1.2473e+03	1.2180e+03	-6.4225e+02	-2.2261e+01	3.8821e+02	-1.1170e+02	-6.7488e+02	-1.6745e+03	1.8849e+01	1.6548e+03	9.6245e+02	2.4562e+03	-6.2236e+02	-6.5545e+02	-1.7966e+03	3.7797e+02	2.4702e+03	-1.8426e+03	-1.9518e+02	-1.4368e+03	-6.9493e+02	-1.2771e+03	-3.9592e+02	-1.5365e+03	-9.3620e+02	-3.9833e+01	5.7083e+02	-8.2765e+02	-1.1140e+03	-1.3862e+03	2.0112e+02	1.5478e+03	1.6800e+02	5.0275e+02	5.9192e+02	-5.2040e+02	-3.9367e+02	1.4213e+03	-7.7171e+02	5.8060e+02	-4.3548e+02	-1.3753e+03	-7.3383e+02	-1.7061e+02	-1.0472e+03	1.0243e+03	-2.4859e+03	-9.3983e+01	-6.8955e+02	4.7007e+02	-1.0828e+03	-2.7257e+02	-1.3734e+02	2.1267e+02	-6.2481e+02	-7.2372e+02	-2.0229e+02	1.5710e+03	-5.7353e+02	-9.7662e+02	1.4013e+02	-2.6283e+03	5.0766e+02	-1.2462e+03	-6.8520e+02	-6.5608e+02	8.4949e+02	-1.4750e+02	-2.1030e+03	-8.6861e+02	5.0530e+02	-6.0537e+02	1.0260e+03	-9.0075e+02	-1.4605e+02	6.5479e+02	6.3982e+02	1.8949e+03	-2.7284e+02	1.1425e+02	8.5028e+02	1.9808e+03	-9.1762e+02	7.3511e+02	1.1402e+03	7.7745e+02	1.0919e+03	-7.4444e+02	-8.9548e+02	-9.2829e+02	1.6132e+03	-6.8360e+02	-4.5915e+02	1.6400e+02
2.0000e+05	-1.9525e+03	-2.8041e+01	1.6646e+03	8.8807e+02	1.2275e+03	3.8088e+03	-5.3310e+02	-1.8110e+03	3.8697e+02	-6.1390e+02	-1.7652e+03	1.4660e+03	5.5482e+02	-3.1236e+03	-9.9039e+02	-3.1118e+02	-7.8556e+02	1.5091e+03	-2.2256e+03	-6.5122e+02	-4.3396e+02	5.9370e+02	1.3151e+03	5.3496e+02	1.3888e+03	-1.8519e+03	-2.2999e+03	9.4125e+02	1.0588e+03	-1.0282e+03	-2.1458e+02	-1.8962e+03	9.4931e+02	-2.5221e+02	-1.8908e+03	-1.3545e+03	-1.3711e+03	-3.8853e+02	-5.0558e+03	1.6470e+03	1.0785e+03	2.9771e+02	1.0790e+03	-3.8115e+02	4.6760e+02	-5.4906e+02	-1.3838e+03	-1.9495e+03	-2.0511e+03	-1.2529e+02	2.3115e+03	3.5102e+02	-1.6887e+02	2.1856e+03	-2.7774e+03	-1.0454e+03	2.3675e+03	9.0955e+02	2.9310e+03	1.1026e+03	-1.4232e+03	-3.3130e+03	1.0426e+03	-1.0918e+03	-4.1082e+03	3.7762e+03	2.5490e+03	2.8476e+03	1.2372e+03	2.9581e+01	1.2783e+03	-2.0786e+03	4.1527e+02	3.7859e+02	-4.3632e+03	-1.6380e+03	-3.5625e+03	1.1971e+03	1.0066e+03	-1.3748e+02	-4.2504e+03	3.1318e+03	5.7891e+01	-4.5733e+01	-5.9377e+03	4.2686e+02	-1.5243e+03	1.9476e+02	1.3861e+03	-4.6996e+02	-2.3480e+02	-1.9003e+03	3.2490e+03	-1.2298e+03	9.6623e+02	-1.9048e+03	4.1853e+02	-2.3215e+03	-2.3053e+03	-1.8512e+03	1.9699e+03	-5.3059e+03	7.9078e+01	-1.3551e+03	-1.2941e+03	3.1029e+03	1.6394e+01	3.4672e+03	2.7077e+03	-6.4812e+02	1.0332e+03	1.7535e+03	-1.2168e+03	-1.0684e+03	-3.6334e+03	8.4680e+02	-1.8703e+03	-7.4922e+02	1.1973e+03	2.5262e+03	-1.7534e+03	-6.7061e+02	8.0759e+02	5.4030e+02	-2.6535e+03	3.3922e+03	-3.0859e+03	-2.7385e+03	-1.6365e+03	-4.3631e+02	-1.2024e+03	-1.4541e+03	2.0812e+02	4.5742e+02	-2.3327e+03	-9.0981e+02	-5.9974e+02	-7.3576e+02	2.6806e+03	2.1246e+03	-1.1750e+03	-1.9394e+03	3.6284e+03	-1.1502e+03	6.9845e+02	-1.2806e+03	-1.8582e+03	-3.8287e+01	-1.7566e+03	-4.7019e+02	-2.9077e+03	9.2662e+02	-5.9850e+02	2.6213e+03	6.7741e+02	2.5305e+03	-8.3128e+02	-1.9758e+03	4.6176e+02	-2.5676e+03	3.0367e+03	-2.8601e+02	-1.9164e+03	-2.1141e+03	-2.1646e+03	-3.9628e+02	1.5469e+03	-1.0270e+02	-4.7261e+02	-1.1056e+03	1.9464e+02	-2.1405e+03	-2.5138e+01	1.4586e+03	-1.0854e+03	2.1112e+03	1.0343e+03	-2.6461e+03	6.9262e+02	-9.8770e+02	1.0698e+03	6.4274e+02	6.0625e+02	-1.3564e+03	5.5211e+02	-1.6437e+03	2.4302e+03	-5.4126e+02	-1.0122e+03	-2.7741e+03	1.8773e+03	4.6620e+03	-2.7138e+03	-1.5491e+02	-9.1699e+02	-1.2212e+03	1.6579e+03	-5.0977e+01	1.1950e+02	-3.0077e+02
