2.0000e+04	-6.2679e+02	9.3239e+01	-1.3822e+02	-6.0074e+01	-5.0234e+02	-3.5878e+02	1.8268e+02	-2.3816e+02	-7.3219e+02	-1.7944e+02	-6.9395e+02	-6.9134e+02	-9.8385e+01	-2.7306e+02	5.5575e+00	6.1410e+02	1.2576e+00	1.7997e+02	-4.1038e+02	5.3932e+01	4.9994e+02	-1.2059e+03	-3.1708e+02	1.6844e+02	-4.6242e+01	-1.4939e+02	2.3139e+02	-1.2144e+02	-1.5968e+02	1.1121e+02	3.0022e+02	2.9317e+02	6.6544e+01	-5.7603e+02	-8.4859e+02	5.3694e+00	-2.4254e+02	1.9330e+02	2.9260e+02	2.1620e+02	3.5952e+02	5.4121e+02	6.4597e+01	1.0969e+02	3.3775e+02	-3.5116e+02	9.3498e+02	-1.1869e+02	1.9178e-01	3.8756e+01	4.8578e+01	2.4540e+02	8.3677e+01	8.4257e+01	-3.4120e+02	-7.6210e+02	1.3283e+01	-5.3392e+02	-2.8913e+01	3.4680e+02	1.9274e+02	7.3832e+01	-2.8129e+02	2.4313e+02	1.2193e-01	-3.5344e+02	3.7123e+02	5.8890e+01	7.8676e+02	-7.2339e+02	-2.4946e+02	-9.7481e+01	6.7917e+02	2.8394e+01	6.0185e+02	7.1153e+01	-3.2898e+02	-1.9160e+02	-2.7299e+02	5.4475e+01	2.1684e+02	-1.0868e+02	2.8785e+02	-2.1097e+01	-3.9006e+02	-2.2901e+01	9.7263e+01	5.4936e+02	-3.4957e+02	1.9216e+02	-1.2917e+02	4.0259e+02	-4.9163e+01	1.6924e+02	-6.6887e+02	1.5912e+02	-2.8350e+02	2.3995e+02	-4.2249e+02	-5.6589e+01	5.6206e+01	2.4319e+02	4.5104e+00	-1.4734e+02	2.0604e+02	-1.9478e+02	1.4373e+02	1.4592e+02	2.7158e+01	-6.8675e+02	-5.4500e+02	-1.3050e+02	8.7146e+02	-2.7970e+02	2.1387e+02	4.1189e+01	-7.5080e+02	-9.0773e+01	2.1930e+02	-5.5394e+02	8.1661e+01	3.9244e+02	-3.9536e+02	-1.5453e+02	-6.6815e+02	3.3335e+02	2.7159e+02	6.4696e+01	2.1937e+02	4.8898e+02	-1.6670e+02	-1.3794e+02	-1.6347e+02	-8.3255e+02	-4.5994e+02	-4.4812e+02	1.6807e+02	-4.9824e+01	-5.2231e+02	-3.5269e+01	5.2433e+02	4.3468e+02	2.9504e+02	1.3043e+01	-1.7198e+02	1.1264e+02	4.7825e+01	4.8540e+00	-5.7962e+02	-2.9116e+02	-1.0722e+02	-5.8283e+02	-6.1244e+01	2.4599e+02	-9.0348e+01	9.0308e+00	5.7158e+02	3.7456e+02	-2.2075e+02	3.4699e+01	4.0178e+01	-4.0260e+02	1.5128e+02	2.7096e+02	-1.4128e+02	-1.0001e+01	-4.4462e+02	1.6072e+02	-3.1986e+02	3.9350e+01	-3.1109e+02	4.4096e+02	-2.3186e+02	1.3433e+02	-7.7094e+01	4.0694e+00	-7.7991e+01	1.6481e+02	-2.2040e+02	2.0933e+01	-3.3102e+02	2.3144e+02	1.5500e+02	-2.2642e+02	-3.3397e+02	7.9429e+01	-3.0602e+02	-4.9498e+02	-1.5719e+02	-4.1769e+02	2.8036e+02	-9.2464e+01	-2.9258e+01	1.4577e+02	-2.5370e+02	-1.2675e+02	3.2169e+02	9.9124e+01	-2.9485e+02	-4.4317e+02
2.0000e+04	3.9179e+02	1.4129e+03	-3.5688e+02	4.8139e+01	1.3490e+02	-8.4466e+02	5.7946e+02	6.8420e+02	-9.5335e+02	1.3201e+02	-5.4696e+02	-8.7319e+01	1.1708e+02	-4.7788e+02	-9.3534e+01	-7.1253e+02	-4.5821e+02	-5.9337e+02	3.1636e+02	2.4169e+02	-2.7735e+02	-3.3644e+02	-1.2101e+02	-7.7609e+01	-1.0424e+02	-2.4306e+02	-4.5208e+02	-1.9933e+02	2.0641e+02	5.2084e+02	-2.3615e+02	1.9765e+02	-2.6242e+02	-6.4089e+02	2.8035e+02	5.8731e+02	-1.5440e+02	-5.3567e+02	-6.4190e+01	6.1900e+01	3.7669e+02	1.2302e+02	-2.3005e+02	-9.0159e+01	-4.4425e+02	5.0322e+02	-1.0998e+01	5.9191e+02	-4.0210e+01	-3.0980e+02	4.5781e+02	1.0863e+02	-6.2179e+01	1.0595e+03	-3.9533e+02	5.2466e+02	-1.4296e+02	-6.0658e+02	1.2509e+03	-1.1429e+03	-1.0472e+03	9.2416e+02	5.4905e+02	2.9646e+02	6.9667e+02	-4.0650e+01	-6.2193e+01	3.5457e+02	8.2517e+02	-1.4474e+02	-8.0929e+02	7.3669e+02	-7.2787e+02	-8.4022e+01	4.1463e+02	-8.1267e+02	8.6546e+02	5.5932e+02	-3.9029e+02	-1.4813e+02	2.6976e+02	6.9254e+02	6.3349e+02	4.9235e+02	1.4996e+02	-6.8453e+01	-1.8869e+02	3.6718e+02	-5.4308e+01	-7.3151e+02	-6.9080e+02	1.1527e+02	5.8342e+02	-1.8175e+02	4.5873e+02	-1.5515e+02	4.0306e+01	-5.9050e+02	4.1359e+00	2.9826e+02	2.7793e+02	2.7141e+02	-8.9260e+01	3.9027e+02	-5.4235e+02	-1.0101e+03	1.2681e+03	3.2453e+02	-6.1874e+02	-3.0107e+02	-1.1094e+03	-9.4932e+01	5.6940e+02	2.6815e+02	1.0642e+03	9.0120e+02	-2.3553e+02	6.2371e+02	-2.9247e+02	-3.8504e+02	-7.6873e+02	-8.3581e+02	1.6543e+02	-7.9702e+02	2.9481e+02	-4.1502e+02	2.6667e+02	3.9852e+02	2.1681e+02	9.8377e+02	-1.0341e+02	-4.3922e+02	5.8118e+02	5.4023e+02	-6.9063e+01	7.4598e+02	-4.0459e+02	5.7840e+02	-2.7276e+02	-3.8311e+02	2.6611e+02	-5.4174e+02	-8.0657e+02	7.9231e+02	-4.4616e+02	-5.9721e+02	-2.2637e+02	4.1750e+02	2.0581e+02	-4.8098e+02	6.6311e+02	6.3593e+01	-5.8375e+02	5.2802e+02	6.3937e+01	2.0877e+02	5.1208e+02	-5.5253e+02	-2.9645e+02	2.2286e+02	-5.6831e+02	-8.9035e+00	7.7134e+02	-5.1623e+02	4.2641e+02	1.2990e+02	2.3495e+02	4.5997e+00	6.9265e+01	-3.3030e+02	4.3255e+01	-3.0845e+02	-7.2489e+02	-1.7423e+02	-3.7185e+02	5.9982e+02	-1.7941e+02	8.5233e+02	-1.3353e+02	1.9839e+02	-1.1476e+02	2.4625e+02	-5.6121e+01	7.6070e+01	3.2387e+02	-3.8933e+02	2.2601e+01	-1.1023e+03	1.0690e+03	3.8170e+02	-1.8158e+02	2.9666e+01	8.3527e+02	-2.1834e+02	5.4628e+02	-7.1120e+02	3.0155e+02	4.8633e+02	1.5787e+02	1.8318e+02
4.0000e+04	-1.3750e+03	-9.0813e+02	1.3500e+02	4.7877e+01	-4.8330e+02	-2.1385e+02	-1.6150e+02	-4.9569e+02	-7.5256e+02	1.7846e+02	-9.5583e+02	-7.3235e+02	-4.7322e+02	-8.8853e+02	4.5364e+02	9.5672e+02	-1.0245e+02	-2.1902e+02	-4.7535e+02	-3.9509e+02	1.0280e+03	-1.0863e+03	-9.0012e+02	5.0214e+02	-3.9929e+02	-6.2178e+02	-7.5854e+01	2.8682e+02	-9.7131e+01	-3.9020e+02	2.8801e+02	5.1426e+02	5.2859e+02	-4.0938e+02	-4.4404e+02	7.0450e+01	-1.4916e+02	6.3057e+02	6.5440e+02	2.2807e+02	7.6841e+02	5.5518e+02	4.4916e+01	2.5601e+02	5.7890e+02	-9.6110e+02	1.4786e+03	-5.4935e+02	8.6154e+01	-1.4458e+01	3.4586e+02	-1.9516e+02	-7.2877e+01	-3.1251e+02	-3.3976e+02	-6.9407e+02	-7.7648e+01	4.6812e+01	-4.6402e+02	5.2295e+02	-7.5737e+02	1.8654e+02	-4.8333e+02	-6.0199e+02	-1.7061e+01	-8.0954e+02	-3.7087e+02	-8.0716e+01	1.3494e+03	-1.6305e+03	7.0932e+02	-2.7401e+02	5.9603e+02	1.4977e+02	6.4383e+01	-1.0782e+02	-6.7858e+02	-1.2648e+03	-3.0471e+01	-9.9345e+01	4.1952e+01	3.5677e+02	1.2680e+02	1.4707e+02	-1.0653e+03	-3.5314e+02	-2.5362e+02	8.5361e+02	5.2803e+02	9.5817e+02	1.2166e+02	-5.0224e+01	-4.7752e+02	7.2390e+02	-7.3903e+02	5.1410e+02	-1.2785e+03	1.8202e+02	-4.7763e+02	-5.6362e+01	-1.7840e+02	6.3231e+01	-3.3639e+02	4.7820e+01	2.3149e+02	-2.0436e+02	4.0527e+02	-4.7819e+02	-4.6601e+02	-3.9920e+02	-5.9296e+02	-1.8463e+02	1.5928e+03	-4.2995e+02	2.8764e+02	2.9923e+02	-1.1960e+03	8.2089e+02	5.3464e+02	-4.2319e+02	-7.0037e+01	-1.0790e+02	-5.5930e+02	-3.0314e+02	-5.6766e+02	2.0551e+02	4.7539e+02	-4.1495e+02	-1.4309e+02	2.7802e+02	-6.7045e+02	-1.6922e+02	-2.7811e+02	-6.0047e+02	-3.7732e+01	-4.7510e+02	-5.6512e+02	8.3337e+01	-8.0752e+02	9.6877e+01	9.0915e+01	-1.3456e+02	-1.8062e+02	2.2381e+02	-2.4227e+02	-1.2631e+02	6.6022e+01	5.2926e+02	-9.8649e+02	-1.0278e+02	-5.0778e+02	-6.2584e+02	-6.9634e+01	5.6722e+02	1.5495e+02	-5.9939e+02	4.1816e+02	4.4848e+02	-2.1845e+02	2.7761e+02	4.0641e+02	3.7099e+02	3.6457e+02	4.9259e+02	-4.6512e+01	-2.7188e+02	-1.0489e+03	-2.4648e+02	-6.3865e+02	1.0873e+02	-3.4006e+02	-5.2332e+02	-1.6063e+02	4.9080e+02	2.1092e+02	-1.5691e+02	-9.0168e+01	3.0707e+02	-3.5345e+02	7.5058e+01	-5.6118e+02	-2.2896e+02	5.3068e+02	2.3441e+02	1.3981e+02	-4.6181e+02	-2.9744e+02	-5.4743e+02	5.2102e+01	-2.9583e+02	-1.7907e+02	-7.2532e+02	-3.1030e+01	1.7755e+01	-1.0760e+03	2.1405e+02	2.6694e+02	-2.7860e+02	-5.1829e+02	-6.3434e+02
4.0000e+04	6.4109e+02	1.5698e+03	-1.9391e+02	1.0022e+03	4.1928e+02	-1.7710e+03	8.4426e+02	8.4693e+01	-5.5635e+02	1.1612e+03	-1.9321e+03	7.2641e+02	1.7764e+02	7.5686e+01	-8.1745e+02	-2.7929e+02	-8.6778e+02	-9.5666e+02	9.7484e+02	1.6552e+03	-7.6757e+02	-6.2112e+02	5.2464e+02	-1.3484e+03	-7.4458e+02	-1.7417e+02	-1.1195e+03	-8.4258e+01	-5.1267e+02	4.9251e+02	-4.9154e+02	4.2813e+02	-1.1883e+03	-7.1509e+02	-1.9658e+02	7.4048e+02	-4.6257e+02	5.4689e+02	5.2552e+02	-2.1973e+02	1.1710e+03	5.3604e+02	5.2992e+02	-9.8400e+02	-1.7666e+02	7.5689e+02	1.3918e+03	2.1316e+02	1.0747e+02	3.9685e+02	-2.3640e+02	2.6223e+02	2.9680e+02	9.0098e+02	-6.8611e+02	-1.6811e+02	-3.7162e+02	-5.4217e+02	1.3909e+03	-1.4956e+03	-1.2312e+03	-3.7813e+01	7.6659e+02	1.3326e+03	1.2366e+03	-1.0819e+03	8.3408e+02	1.3779e+02	9.7535e+02	-4.2082e+02	-9.9986e+02	9.2182e+02	-3.1429e+02	7.2626e+02	9.1183e+02	-1.6050e+03	3.4135e+02	-7.7983e+02	-1.1069e+03	5.3691e+02	6.8788e+02	1.6229e+03	9.6886e+02	-4.9296e+02	-1.1415e+03	-3.7952e+02	-5.5138e+02	8.6068e+02	-4.4482e+02	1.0662e+02	-3.4277e+02	-1.7978e+01	1.5847e+03	5.7990e+01	-1.8919e+02	3.1909e+02	8.2911e+02	-3.8599e+02	2.2154e+02	8.9363e+02	6.3213e+01	1.0465e+03	9.6910e+01	7.6590e+02	-1.4338e+03	-8.0692e+02	2.2169e+03	1.4433e+02	-1.7066e+02	-2.4357e+02	-7.4006e+02	5.5021e+02	2.0165e+02	1.7426e+02	6.1890e+02	1.7172e+03	1.0656e+02	3.2604e+02	-6.8025e+02	-7.9284e+02	-3.2008e+02	-8.0175e+02	-5.3424e+02	-7.2641e+02	9.3376e+01	-1.8671e+03	-6.2366e+02	6.5304e+02	1.4055e+03	8.2653e+01	-5.5399e+02	-6.1262e+02	1.2936e+03	2.0030e+02	-4.3595e+02	8.6402e+02	-7.1807e+02	8.1606e+02	4.9069e+02	1.0651e+02	-5.3284e+02	-1.5060e+03	-1.4084e+03	5.8394e+02	-5.9524e+02	-1.7108e+03	-5.0695e+02	5.2006e+02	3.7014e+02	-7.5277e+02	5.4820e+02	5.7711e+02	-6.6747e+01	2.7097e+02	-1.5994e+02	-3.5980e+02	5.2989e+02	-8.2025e+02	-1.0437e+03	6.7753e+02	-5.6558e+02	4.0765e+02	7.8865e+02	-4.5100e+02	-9.9639e+01	7.2321e+02	-9.7881e+02	-1.0293e+03	-1.8223e+02	-2.7550e+02	2.1000e+02	-5.1421e+02	-1.1210e+03	-3.6348e+02	-8.5788e+02	1.2255e+02	-6.0097e+02	7.3171e+02	-4.0815e+02	7.3120e+02	-3.3435e+02	1.2448e+03	-7.0210e+02	-2.2958e+02	3.6386e+02	3.7853e+02	-8.0610e+02	-9.5611e+01	8.1716e+02	4.7644e+02	2.1074e+02	-1.0587e+02	4.1210e+02	-9.5528e+02	1.5354e+03	-8.1141e+02	-1.3174e+02	-1.2621e+02	8.3609e+01	-5.9551e+02
6.0000e+04	-8.1347e+02	-9.6967e+02	4.9376e+02	2.3048e+02	-2.2929e+02	-3.3853e+02	-4.4624e+02	-8.9420e+02	-8.4891e+02	7.1785e+02	-1.4939e+03	-5.4568e+02	-5.8536e+02	-5.6692e+02	6.0409e+02	9.3945e+02	-2.1095e+02	-1.2003e+02	-8.2212e+02	-3.2192e+02	1.1646e+03	-9.7203e+02	-2.4524e+02	1.1131e+02	-6.1791e+02	-2.1534e+02	8.2949e+01	1.5197e+02	3.3517e+02	-6.9721e+02	9.6493e+00	8.3622e+02	3.2332e+02	-1.2575e+02	-7.1064e+02	3.7288e+02	-4.8591e+01	-3.0774e+02	1.3729e+03	4.3220e+02	8.0032e+02	7.3541e+02	-4.3353e+02	-3.4060e+02	9.5800e+01	-8.4224e+02	1.8061e+03	-6.5578e+02	4.4295e+02	4.7521e+02	4.3191e+02	-3.9674e+02	-2.8351e+01	-3.7565e+02	-1.1144e+03	-3.0561e+02	1.9063e+02	1.4511e+01	-1.1133e+03	1.7212e+02	3.3918e+01	9.2886e-02	-9.6654e+02	-6.2810e+02	-1.1776e+02	-8.2453e+02	1.9034e+01	-1.8856e+02	1.9564e+03	-2.0270e+03	1.2722e+03	-8.2705e+02	4.3645e+02	-1.9317e+02	3.2987e+02	5.7734e+01	-1.0516e+03	-1.1154e+03	-3.0999e+02	1.3683e+02	-1.3544e+02	6.3535e+02	3.2978e+02	-9.0819e+01	-1.3001e+03	-4.8038e+02	7.0647e+02	6.6189e+02	5.8127e+01	3.3662e+02	-2.3222e+02	-3.1390e+02	-6.9580e+02	1.3443e+02	-1.0292e+03	1.0743e+03	-1.5155e+03	-3.8273e+02	1.6243e+02	4.9874e+02	-5.5223e+02	-1.0930e+02	-7.9815e+02	-5.2678e+02	-2.5042e+02	-2.8397e+02	6.8893e+02	-4.1621e+02	-6.9695e+02	-8.6464e+02	-5.6394e+02	-8.3101e+02	2.7131e+03	-5.6860e+02	4.9982e+02	-1.6288e+02	-1.0731e+03	1.0921e+03	3.9217e+02	-2.2175e+02	1.8784e+01	-7.9063e+01	-3.2290e+02	1.5941e+01	-1.2106e+03	-8.8633e+01	8.5784e+02	-1.1389e+02	-3.9789e+02	8.0072e+01	-1.0786e+03	-6.4245e+02	-1.7069e+02	1.5289e+02	-4.5518e+01	-3.7947e+02	-2.7284e+02	2.0593e+02	-9.4666e+02	-5.0866e+02	1.2436e+01	-6.4205e+02	-2.8920e+02	7.9241e+02	-2.4216e+02	-6.1746e+02	-1.0973e+02	7.7834e+02	-1.7506e+03	-6.5537e+02	-4.2754e+02	-6.2003e+02	9.6199e+02	1.1878e+03	-2.7856e+02	-1.3197e+03	1.2205e+03	7.7094e+01	-4.4646e+01	3.9410e+02	4.8560e+02	2.2748e+02	-1.6828e+02	7.2546e+02	3.3391e+02	-7.1102e+02	-1.7375e+03	1.5418e+02	-6.5757e+02	2.1487e+02	-5.2348e+02	-8.8803e+02	1.4815e+02	1.9937e+02	-1.6993e+01	3.3940e+02	-5.6691e+02	3.4993e+02	1.5801e+02	4.1569e+02	-7.6846e+02	-1.7639e+02	6.9904e+02	6.1859e+02	1.1448e+02	2.0010e+01	-2.7672e+02	-1.6888e+03	6.6646e+02	-2.6260e+01	4.2707e+02	-8.5872e+02	-4.2081e+01	-1.3986e+02	-6.7815e+02	6.2200e+02	7.7553e+00	-2.3656e+02	-4.0046e+02	-2.3280e+02
6.0000e+04	1.5272e+03	1.9217e+03	2.3260e+02	1.2050e+03	1.0475e+03	-2.3772e+03	1.8054e+03	2.8019e+02	-3.3194e+02	1.0547e+03	-1.8636e+03	8.4783e+02	-2.1432e+01	-2.8695e+02	-1.3155e+03	-7.9918e+02	-1.1747e+03	-7.7741e+02	8.9543e+02	1.0440e+03	-8.3477e+02	-1.8168e+03	-9.7628e+01	-5.7174e+02	-3.2995e+02	-4.0856e+02	-1.4610e+03	-1.0904e+03	-1.7431e+02	-2.5299e+02	-4.3885e+02	-3.4276e+02	-1.9121e+03	-7.1896e+02	-7.6215e+02	1.0832e+03	-1.4742e+02	-2.3588e+02	4.4308e+02	-1.2702e+03	5.9767e+02	7.7852e+02	1.3708e+02	-1.0016e+03	-2.2750e+02	1.4589e+03	6.8035e+02	5.9940e+02	1.2736e+02	-4.7193e+02	1.0984e+03	-7.8021e+02	-5.3080e+02	3.8119e+02	-1.6747e+02	-3.6436e+02	-7.0514e+02	-8.9732e+02	5.5359e+02	-1.2821e+03	-3.8426e+02	-1.9483e+02	6.0271e+01	2.2166e+03	1.0390e+03	-5.1037e+02	1.5504e+03	-4.4708e+01	1.1325e+03	-3.3262e+02	-1.4670e+03	8.4413e+02	-2.8500e+02	4.8140e+02	1.2557e+02	-1.3597e+03	5.6275e+02	-4.0354e+02	-1.6128e+03	6.5424e+02	8.3953e+02	9.5056e+02	1.9829e+03	-1.0125e+03	-9.8823e+02	-2.8147e+02	-8.4432e+02	9.9499e+02	-3.6304e+02	1.8121e+02	-4.4123e+02	-3.2346e+02	2.3854e+03	5.6465e+00	-1.4017e+02	1.0667e+03	1.1986e+03	5.3281e+02	1.6978e+02	1.1704e+03	8.8050e+02	1.4476e+03	-5.1429e+02	3.0615e+02	-3.0864e+02	-5.6991e+02	2.6084e+03	-1.8741e+02	-8.1779e+01	-3.5687e+02	-1.0106e+03	7.6881e+02	5.1201e+02	3.1149e+02	-2.7315e+02	3.1948e+02	-3.8223e+02	-2.5780e+02	-5.1161e+02	-1.5851e+02	-8.7410e+02	-8.0498e+02	-1.3293e+01	-8.3615e+02	-1.3622e+02	-2.2442e+03	-2.6381e+02	7.3398e+02	6.4805e+02	-6.9518e+02	-6.0387e+02	6.7781e+02	1.8773e+03	-1.2906e+01	-3.7898e+02	6.1634e+02	-5.9624e+02	1.4910e+03	5.4160e+02	4.0224e+02	5.9803e+01	-1.1850e+03	-1.9736e+03	1.5028e+02	-4.5307e+02	-1.0755e+03	-9.8820e+02	2.8453e+02	9.6194e+02	-8.8236e+02	1.1323e+03	3.3187e+02	-2.6109e+02	2.5202e+02	-2.5381e+02	-3.7086e+02	6.5297e+02	-8.9949e+02	-7.3311e+02	5.3102e+02	-9.4049e+02	6.3050e+02	1.1766e+03	-9.3748e+02	9.5335e+02	3.5216e+02	-4.5486e+02	-3.1014e+02	-4.4865e+02	-7.3461e+02	1.0037e+03	-3.1547e+02	5.9103e+00	-1.5330e+03	-1.9178e+03	3.6322e+02	-1.0169e+03	1.0915e+03	-6.0602e+02	9.9786e+01	-1.6569e+03	1.2047e+03	-6.6405e+02	5.5779e+02	9.1216e+02	8.0308e+02	2.1588e+02	3.9405e+02	-7.6908e+01	6.7597e+02	8.5677e+02	1.7525e+02	-7.3283e+02	-1.3131e+03	1.7753e+03	-7.2692e+02	-4.1533e+02	2.7956e+02	5.8402e+02	-5.7351e+02
8.0000e+04	1.0318e+01	-7.5546e+02	9.1970e+02	3.0935e+02	-5.4430e+02	-8.3301e+02	-1.4766e+02	-4.4435e+02	-9.8240e+02	9.2851e+02	-1.8606e+03	-7.7386e+02	-1.9828e+02	-2.7930e+02	1.0956e+03	5.9951e+02	5.7104e+02	2.2086e+02	-8.2865e+02	-3.0120e+02	1.3905e+03	-1.5224e+03	-3.5165e+02	-3.4724e+02	-7.4698e+02	-6.3570e+02	7.8966e+02	-2.4716e+02	2.8109e+02	-1.0542e+03	2.3581e+02	4.3013e+02	5.7564e+02	1.8498e+02	-3.9871e+02	2.6799e+02	-5.3305e+02	-2.9366e+01	1.3411e+03	4.1927e+02	1.8348e+02	8.4231e+02	-8.1614e+02	-7.8095e+02	1.1810e+02	-1.3468e+03	2.1774e+03	-8.0275e+02	3.1546e+02	8.3474e+02	6.4260e+02	4.1917e+02	7.2585e+02	-8.3651e+02	-1.6025e+03	-2.3200e+02	-1.2033e+01	5.7643e+01	-1.3518e+03	3.0253e+02	4.0318e+01	5.0144e+02	-9.6004e+02	-9.6918e+02	-3.6107e+02	-5.9445e+02	2.4430e+02	-4.0349e+02	2.0665e+03	-2.2200e+03	1.2426e+03	-3.8994e+02	3.4785e+02	-8.2226e+02	5.6794e+02	-1.0641e+02	-1.3207e+03	-1.8282e+03	-1.4454e+02	-1.4541e+02	6.4215e+01	5.5786e+02	3.1578e+02	-2.8325e+02	-1.1070e+03	3.5079e+01	9.6919e+02	5.9273e+02	3.0643e+00	8.1154e+02	-2.7379e+02	-4.9786e+02	-4.1475e+02	-1.7443e+02	-7.3086e+02	1.2630e+03	-5.5867e+02	-2.8870e+01	1.8188e+01	2.6381e+02	-3.1196e+01	1.9608e+02	-8.7862e+02	-6.3756e+01	-2.0819e+02	-2.1155e+02	6.0849e+02	-4.4090e+02	-5.6515e+02	-7.4297e+02	-1.8780e+02	-6.6040e+02	2.9604e+03	-3.0554e+02	5.0547e+02	3.1403e+02	-4.7120e+02	1.1320e+03	6.9102e+02	3.7503e+02	1.8604e+02	4.7047e+02	-3.6002e+02	-2.3769e+02	-1.1369e+03	2.4987e+02	1.0719e+03	-2.7031e+02	-5.7904e+02	-1.6926e+02	-1.4188e+03	-2.7690e+02	-4.4522e+02	1.8004e+02	-2.7280e+02	-1.0295e+03	-3.0798e+01	-3.0012e+02	-1.4090e+03	-4.1419e+02	3.5303e+02	-2.0206e+02	2.5926e+02	8.7889e+02	3.0254e+02	-4.5556e+01	1.5408e+02	4.2723e+02	-2.2233e+03	-1.1347e+03	-3.6890e+02	-1.1637e+03	7.6306e+02	3.6189e+02	-3.7513e+01	-1.4962e+03	4.4050e+02	7.0222e+02	-5.6497e+02	7.6386e+02	9.0351e+01	-2.1781e+02	4.8761e+01	8.6848e+02	-2.1589e+02	-4.1376e+02	-1.6493e+03	3.6640e+02	-9.1018e+02	3.6091e+02	-1.0623e+03	-1.1638e+03	5.6247e+02	6.9657e+01	-1.0246e+02	3.7219e+02	-1.2855e+03	-1.8555e+01	7.9563e+02	8.3663e+02	-1.0488e+03	-5.2085e+02	1.1520e+03	2.8424e+02	2.0192e+02	5.0636e+02	1.3398e+02	-1.8990e+03	4.8592e+02	2.3626e+02	8.4943e+02	-8.9979e+02	-3.8536e+02	2.1341e+02	-5.5202e+02	1.0294e+03	4.0793e+02	-5.7626e+02	-7.0555e+02	-8.0190e+00
8.0000e+04	1.1475e+03	1.3007e+03	3.8070e+02	6.5619e+02	1.1800e+03	-2.5481e+03	2.3153e+03	9.8661e+02	2.9402e+02	1.0929e+03	-1.6915e+03	3.3432e+02	8.3819e+01	-1.0112e+03	-5.6925e+02	-9.1831e+02	-2.1244e+03	-1.9478e+02	5.2878e+02	6.2616e+02	-7.0830e+02	-1.4102e+03	6.5660e+02	-1.3237e+03	-9.0897e+02	-4.1102e+02	-1.3702e+03	-1.1392e+03	-6.6939e+02	-8.7379e+02	-3.1555e+02	-3.1373e+02	-1.4171e+03	-6.5478e+02	-6.0630e+02	9.6500e+02	3.0338e+01	7.5343e+01	6.9904e+02	-1.3540e+03	1.9985e+02	2.4168e+03	3.3994e+02	-1.4996e+03	4.7665e+01	1.0959e+03	1.4385e+03	9.4396e+02	9.5753e+02	-1.9433e+02	1.2220e+03	1.3579e+03	-1.2342e+03	8.7091e+02	9.2461e+02	-1.3432e+03	-8.8013e+02	-1.1874e+03	8.7950e+01	-3.5357e+02	-4.5698e+02	-6.2453e+02	-2.6759e+02	1.3422e+03	1.3241e+03	-3.1829e+02	7.2450e+02	-8.3229e+02	1.9815e+03	-1.1968e+02	-2.1820e+03	3.7677e+02	-6.7025e+02	-1.0442e+02	4.8386e+02	-1.4091e+03	9.1827e+02	-9.9376e+01	-1.3021e+03	-5.6760e+02	1.3443e+03	3.1697e+02	7.7375e+02	-1.4144e+03	-4.1309e+02	5.3960e+02	-5.8541e+02	2.2064e+01	2.7265e+02	7.8461e+02	-6.1922e+02	-1.5067e+03	3.3141e+03	-2.5467e+02	5.6421e+02	6.1219e+02	1.3322e+03	2.1878e+02	-5.0020e+01	1.2306e+03	1.4175e+03	4.8820e+02	-1.0553e+03	3.2615e+02	6.8541e+02	2.5986e+02	2.1677e+03	-8.4544e+02	6.8273e+02	-3.7926e+02	-8.9698e+02	1.1112e+03	9.0730e+02	1.1343e+03	-4.2027e+02	-1.6574e+02	1.8941e+02	3.1129e+02	-2.1954e+02	1.4420e+03	-4.1029e+02	-4.7530e+02	-7.0253e+02	-4.5526e+02	-7.4333e+02	-2.5588e+03	-1.1072e+03	5.2757e+02	4.9268e+02	-1.0939e+02	1.2623e+02	-5.2039e+02	1.0558e+03	7.2755e+02	-7.8091e+02	3.7665e+02	-3.5014e+02	8.2167e+02	3.0472e+02	3.5181e+01	-8.7985e+02	-8.2688e+02	-2.8647e+03	-1.9169e+01	-7.5137e+02	-1.2306e+03	-1.4001e+03	-3.0779e+02	1.3140e+03	1.7686e+02	6.1483e+02	3.6452e+01	4.7482e+02	2.1641e+02	1.3794e+03	-3.9508e+02	2.7481e+02	-2.8596e+02	-3.2430e+02	4.8940e+02	-7.2718e+02	9.6427e+02	1.5503e+03	-8.8048e+02	1.1035e+03	-4.0620e+02	-8.4045e+02	5.3720e+02	-1.0675e+03	-4.7839e+01	6.9353e+02	1.0429e+03	9.1759e+02	-1.0469e+03	-2.4633e+03	7.8109e+02	-1.5527e+03	3.6228e+02	-3.5350e+02	2.1057e+02	-2.0565e+03	6.9635e+02	-5.1774e+02	8.7881e+02	8.1058e+01	4.2995e+02	-3.7760e+02	6.5337e+02	-4.4588e+02	1.2577e+02	7.2099e+02	1.0024e+03	-1.3683e+03	-1.4640e+03	1.2565e+03	-9.4617e+02	7.0083e+02	4.6793e+02	1.7415e+03	-9.1370e+02
1.0000e+05	-2.5995e+02	-3.8840e+02	4.1794e+02	-3.7457e+02	-1.8684e+02	-7.3925e+02	1.6904e+02	-3.8887e+02	1.2293e+02	6.9269e+02	-1.7443e+03	-8.0935e+02	4.4911e+02	6.1349e+02	9.5411e+02	1.5225e+02	7.4901e+02	-4.6793e+02	-6.3585e+02	-4.0566e+02	5.9310e+02	-1.8614e+03	-2.8594e+02	-1.2359e+03	-3.9399e+02	-4.0346e+02	4.5350e+02	-6.5244e+02	5.3842e+02	-6.7837e+02	-1.1803e+02	4.4962e+02	8.0748e+02	-2.0387e+02	-7.0829e+02	6.8740e+02	-5.1570e+02	-2.4660e+02	1.5387e+03	2.0844e+01	7.9558e+02	8.0269e+02	-1.1548e+03	-9.8204e+02	2.7915e+02	-2.9601e+02	2.5501e+03	-9.7138e+02	6.0236e+02	2.0758e+02	3.0343e+02	-4.7629e+02	-2.9911e+02	-8.6058e+02	-1.8293e+03	-1.9058e+02	-6.4357e+02	2.2678e+02	-9.8063e+02	6.9283e+02	3.2949e+02	6.3546e+02	-1.6096e+03	-1.6964e+02	1.1108e+02	-9.0836e+01	4.8995e+02	-2.6557e+02	1.8044e+03	-1.5630e+03	1.0565e+03	-1.4109e+02	4.8611e+02	-6.0371e+02	1.1119e+03	6.8270e+02	-1.1193e+03	-1.9917e+03	-3.9576e+02	-1.2788e+01	-2.6894e+02	4.1765e+02	2.8340e+02	-2.3504e+02	-1.3671e+03	4.8700e+02	5.8638e+02	7.1620e+01	-9.9714e+01	5.8029e+02	-4.6070e+02	-7.3830e+02	-7.6806e+02	3.4462e+02	-2.4600e+02	2.1007e+03	-6.6737e+02	-1.5678e+02	6.6208e+02	1.5867e+02	-9.4911e+00	-2.0602e+02	-1.1943e+03	-1.0844e+01	5.2449e+02	-7.4746e+02	2.6872e+02	-9.7965e+02	-4.5691e+02	-6.2960e+02	-1.6827e+02	-9.5348e+02	3.5708e+03	-2.4941e+02	9.4543e+02	4.5777e+01	-4.4583e+02	1.0903e+03	1.5313e+02	-1.3655e+01	-3.1001e+02	-5.6364e+01	-6.2012e+02	-1.1368e+03	-1.3641e+03	7.5540e+02	8.4224e+02	-5.2089e+01	-5.9639e+02	1.4299e+02	-1.1440e+03	3.6311e+01	-7.9619e+02	9.4682e+01	-2.1233e+02	-5.8224e+02	3.7055e+02	1.3543e+02	-1.3807e+03	-9.0317e+02	2.3431e+02	3.0695e+02	1.2937e+02	1.0622e+03	6.3642e+02	2.7902e+01	2.4876e+02	4.4246e+02	-2.0766e+03	-1.2644e+03	6.7505e+02	-1.7622e+03	1.1234e+03	6.0424e+02	-1.5915e+02	-1.2745e+03	5.6844e+02	7.5861e+02	-6.0235e+02	1.0894e+03	-2.9694e+02	-6.4038e+02	-4.7017e+02	1.5298e+03	-2.0110e+02	-5.1265e+01	-1.8319e+03	7.6192e+02	-6.9874e+02	4.6123e+02	-1.4760e+03	-1.6147e+03	9.1052e+02	-5.8785e+02	-3.2929e+02	8.8317e+02	-1.0606e+03	2.0103e+02	8.2834e+02	1.1568e+03	-5.6547e+02	-1.2905e+02	5.6406e+02	6.7588e+02	-1.4531e+02	5.9848e+02	-7.2720e+02	-1.7852e+03	7.8578e+02	8.5131e+02	8.8633e+02	-5.3924e+02	-3.6827e+02	1.3290e+02	-7.0365e+02	1.0083e+03	2.9522e+02	-1.0730e+03	-1.0314e+03	-3.7626e+02
1.0000e+05	8.7132e+02	1.8556e+03	-1.5206e+01	1.6692e+03	1.1566e+03	-2.8829e+03	2.9384e+03	1.5874e+03	-2.8386e+02	4.6926e+02	-1.4139e+03	3.3054e+02	-4.6325e+02	-1.0845e+03	-4.0093e+02	-3.8197e+02	-2.2317e+03	-2.5583e+02	2.9586e+02	1.1485e+03	-6.5182e+02	-4.8592e+02	4.3006e+02	-1.7621e+03	-2.9863e+02	1.2964e+03	-1.8363e+03	-1.1375e+03	1.5508e+01	1.4275e+02	-9.8676e+02	-1.2249e+03	-1.0791e+03	-5.4133e+02	-1.0031e+03	7.7552e+02	7.2232e+01	4.0231e+02	2.7168e+01	-1.2495e+03	1.1948e+03	2.2990e+03	1.3494e+03	-1.1431e+03	-5.4289e+02	1.5132e+03	2.0334e+03	1.4509e+03	1.0609e+03	-3.5620e+02	1.3910e+03	1.6767e+03	-8.3611e+02	2.8019e+02	1.1078e+03	-1.2226e+03	2.4570e+02	-1.9252e+03	1.4883e+02	2.1736e+02	-5.5900e+02	-7.7195e+02	-4.6980e+02	1.4259e+03	7.9024e+02	7.8605e+02	9.5656e+02	-1.6725e+03	2.4707e+03	-5.4642e+02	-2.1222e+03	7.4229e+02	-1.5773e+03	-2.5573e+02	-3.2030e+02	-1.1369e+03	1.2081e+03	-6.9199e+02	-2.2361e+03	-1.0198e+03	3.7221e+02	6.4086e+02	6.5333e+02	-1.8156e+03	-7.1926e+01	9.9511e+02	-6.7475e+02	3.3326e+02	1.2441e+03	1.5316e+03	-2.6574e+02	-1.2308e+03	3.5482e+03	-1.5954e+02	2.0782e+02	6.2509e+02	1.6538e+03	-8.1588e+02	9.3552e+02	1.9098e+03	1.2330e+03	7.9583e+02	-1.6975e+02	4.7316e+02	1.1666e+03	1.1759e+03	2.3101e+03	-2.6436e+02	5.9280e+02	7.4433e+01	-1.1275e+03	1.7031e+03	1.1816e+03	1.8977e+03	-7.3153e+02	-5.0072e+02	5.2964e+02	-3.5538e+02	-8.7336e+02	1.1684e+03	-8.2362e+02	-8.4853e+02	-6.4859e+02	1.7383e+02	1.1822e+01	-3.4584e+03	-8.9782e+02	3.0884e+02	5.1543e+02	2.0774e+02	1.3181e+03	-3.4724e+02	2.3231e+03	1.7619e+03	-1.2160e+03	-6.5675e+01	1.2603e+02	4.8219e+02	3.6355e+01	1.0630e+02	-7.9602e+02	-9.6663e+02	-3.7338e+03	1.7483e+02	-6.1294e+02	-1.5464e+03	-2.7387e+03	3.0366e+02	1.5152e+03	-2.2457e+02	1.5086e+03	-3.5837e+02	5.1005e+02	1.9840e+02	3.4031e+02	-8.7266e+02	-2.3905e+02	-1.1438e+02	-1.5893e+03	3.2374e+02	-1.0988e+03	1.2145e+03	3.0275e+03	-6.8818e+02	6.7571e+02	-6.5883e+01	-1.8533e+02	1.0313e+03	-9.6909e+02	1.0387e+03	1.1807e+03	1.1561e+03	7.7703e+02	-2.3680e+01	-2.0457e+03	1.1393e+03	-1.6476e+03	-6.5455e+02	-1.0597e+03	-7.1241e+02	-2.7418e+03	7.1730e+02	-2.7365e+02	1.2893e+03	1.8124e+03	6.2304e+02	-1.7295e+02	3.5571e+02	-1.0079e+03	2.4031e+02	1.5002e+03	8.9617e+00	-1.1468e+03	-1.4615e+03	1.3288e+03	-2.3006e+02	2.8069e+02	1.5275e+02	1.8777e+03	-4.9478e+02
1.2000e+05	-1.2890e+02	-8.3801e+02	4.9652e+02	2.6500e+01	-3.6453e+02	-7.3931e+02	-4.3341e+02	-4.1649e+02	-4.0147e+02	7.2931e+01	-1.9321e+03	-9.0709e+02	3.7911e+02	8.1913e+02	6.9467e+02	2.1538e+01	6.1932e+02	-6.9461e+02	-2.6096e+02	-9.1788e+02	1.0307e+03	-1.5910e+03	-3.5728e+02	-1.1455e+03	-4.6009e+02	-7.7796e+02	1.2548e+03	-1.6729e+02	8.8835e+02	-8.3223e+02	-2.3120e+02	8.0577e+02	1.2585e+02	2.9161e+02	-6.8459e+02	6.0943e+02	3.7400e+02	-2.4268e+02	1.6813e+03	-8.4717e+02	3.0986e+02	1.0821e+03	-1.0812e+03	-1.5577e+03	-1.8247e+02	1.8507e+02	2.7284e+03	-1.4542e+03	4.5643e+02	-6.2760e+01	-1.9164e+02	-8.2136e+02	-7.5035e+02	-9.9018e+02	-1.9507e+03	-9.3912e+01	-5.6506e+02	3.0814e+01	-1.0684e+03	3.7439e+02	2.2509e+02	7.0783e+02	-1.9625e+03	-1.6690e+02	5.6244e+02	-7.9834e+01	1.5158e+02	-2.5206e+02	1.4895e+03	-1.4904e+03	1.5615e+03	-4.4133e+02	-1.9423e+02	-1.1183e+03	1.1152e+03	9.6835e+02	-9.2316e+02	-2.2311e+03	-2.2344e+02	1.2424e+02	-4.9893e+02	2.6199e+02	4.1032e+02	7.7762e+00	-1.6200e+03	7.8514e+02	1.0684e+03	-3.7606e+02	-2.8406e+01	4.1269e+02	-4.3033e+02	-1.3391e+02	-3.5086e+02	5.1020e+02	-2.3357e+02	2.6708e+03	2.2202e+02	-2.2690e+02	5.6352e+02	4.4789e+02	5.8078e+02	-6.4268e+02	-1.3343e+03	-5.2053e+02	8.9538e+02	-7.3100e+02	-2.5255e+01	-8.8972e+02	-1.1486e+03	1.0392e+02	-7.9606e+01	-1.6610e+03	4.2347e+03	-5.8651e+02	8.7662e+02	1.0585e+01	-2.9182e+02	5.0148e+02	2.7116e+02	1.8962e+02	-1.5729e+03	-3.3965e+02	-6.2629e+02	-1.1626e+03	-1.2377e+03	6.9611e+02	1.3299e+03	-3.4473e+02	-2.4920e+02	5.4495e+02	-1.1236e+03	1.5519e+02	-1.0795e+03	3.9404e+02	-3.0472e+02	-7.9911e+02	5.9961e+02	-1.2037e+02	-2.0347e+03	-6.7628e+02	6.0043e+02	-2.2069e+01	-2.9378e+02	1.3188e+03	1.3524e+03	-1.7723e+02	1.8300e+02	9.1175e+02	-1.9878e+03	-1.1669e+03	7.3342e+02	-1.8995e+03	5.0231e+02	9.1215e+02	-3.1533e+02	-1.2557e+03	4.6552e+02	7.5377e+02	-6.4757e+02	1.3768e+03	3.3383e+02	-1.5548e+03	-4.7694e+02	1.1644e+03	1.6538e+02	-2.0083e+02	-1.5912e+03	5.0197e+02	-5.4215e+02	2.7431e+02	-1.5386e+03	-9.8419e+02	1.2217e+03	-6.8612e+02	-4.4448e+02	2.7929e+02	-4.9838e+02	2.1960e+02	6.3720e+02	1.0411e+03	9.3043e+01	-2.1236e+02	1.7388e+02	1.1540e+03	-5.0285e+02	6.6898e+02	-7.2629e+02	-2.3255e+03	-2.1471e+02	8.6139e+02	9.3605e+02	-8.9428e+02	-2.9443e+02	3.3481e+01	-1.1502e+03	3.5051e+02	4.0575e+02	-6.7203e+02	-1.3384e+03	-3.8460e+02
1.2000e+05	7.3010e+02	1.9560e+03	9.9408e+02	1.7919e+03	9.4692e+02	-3.6949e+03	2.9247e+03	1.5898e+03	-3.1410e+02	1.2735e+03	-1.2700e+03	-9.9466e+02	-1.3182e+02	3.2642e+02	-1.3095e+03	-1.6047e+03	-2.0458e+03	1.0925e+03	-2.7884e+02	1.1596e+03	-1.1148e+03	-5.4684e+01	1.3148e+03	-1.8230e+03	-1.2426e+03	7.5056e+02	-1.3787e+03	-4.0131e+02	1.3696e+03	3.6608e+01	-7.1163e+02	-1.7833e+03	-8.5312e+02	-8.8443e+02	-1.0453e+03	1.3147e+03	-1.4275e+02	8.8053e+02	-7.5619e+02	-1.5660e+03	1.2459e+03	1.9802e+03	1.5234e+03	-8.7168e+02	-1.8314e+02	2.2600e+03	1.2821e+03	8.0315e+02	1.8334e+03	-1.0901e+03	1.0390e+03	1.8422e+03	-3.1745e+02	-4.4017e+02	1.1565e+03	-6.1697e+02	3.4974e+02	-1.6571e+03	3.3802e+02	-6.4705e+02	-4.0052e+02	-7.1100e+02	-1.0788e+02	1.2154e+03	4.0020e+01	5.8125e+02	1.1388e+02	-1.6484e+03	3.5303e+03	-1.4463e+03	-2.7985e+03	1.8645e+03	-3.6422e+02	-1.1901e+02	-7.4112e+02	6.2241e+02	9.4090e+02	-4.5922e+02	-2.2048e+03	-2.4275e+03	9.6195e+02	9.0822e+02	1.7143e+02	-1.7478e+03	7.7636e+02	5.2222e+02	-6.5603e+02	3.5670e+02	2.3855e+03	2.2158e+03	-3.5336e+02	-1.1787e+03	4.5332e+03	-9.4727e+02	-1.1814e+01	1.1547e+03	1.2185e+03	-1.1876e+03	1.2541e+03	1.8421e+03	1.4836e+03	1.0946e+03	-3.2328e+02	-1.0769e+03	6.4056e+02	1.5718e+03	2.4853e+03	5.8514e+02	-7.5737e+01	4.9464e+02	-1.4303e+03	2.2005e+03	8.5336e+02	5.0825e+02	-1.0767e+03	-5.9896e+02	-5.8652e+02	4.0650e+02	-3.6088e+02	1.2616e+03	-4.8744e+02	-1.5752e+03	-7.9964e+02	8.1649e+01	-6.7419e+02	-2.7756e+03	-1.3734e+03	4.3412e+02	3.3168e+02	7.1276e+02	1.7551e+03	1.3100e+01	2.7503e+03	7.7492e+02	-9.4570e+02	-5.1155e+02	-3.4693e+01	6.7617e+02	-3.3157e+02	-1.0615e+03	-3.1108e+01	-6.6750e+02	-3.2909e+03	7.6672e+01	-1.1096e+02	-1.9623e+03	-2.8797e+03	-6.0939e+02	1.8855e+03	-7.0272e+02	2.1504e+03	-4.0338e+02	1.9582e+02	4.8614e+01	8.6396e+02	-5.5248e+02	1.0160e+02	-3.4099e+02	-3.1068e+03	-9.1613e+02	-1.5804e+03	1.5411e+03	2.4145e+03	-1.9914e+02	4.4518e+01	-6.8709e+02	1.0066e+03	-1.7599e+02	-1.3587e+03	2.0315e+03	4.4044e+02	1.4377e+03	8.6575e+02	-1.5632e+02	-2.4146e+03	2.4508e+03	-1.5756e+03	-2.3689e+02	-1.5921e+03	-4.7061e+02	-2.4997e+03	7.6529e+02	-6.4323e+02	2.1041e+03	2.0815e+03	1.6518e+03	1.9412e+02	-1.6611e+02	-1.0904e+03	7.4223e+02	2.1901e+03	-4.2697e+02	-5.6970e+02	-1.2449e+03	1.2443e+03	-2.5794e+01	3.3608e+02	-2.8462e+02	2.4324e+03	8.2298e+01
1.4000e+05	-7.3914e+01	-8.1580e+02	3.1904e+02	1.1227e+03	3.5898e+02	-9.7547e+02	-4.8592e+02	9.0602e+01	-3.6545e+02	4.9899e+02	-1.4066e+03	-5.6458e+02	4.4284e+02	-6.4608e+01	5.4639e+02	6.1496e+02	4.9232e+02	-1.2856e+03	2.5243e+02	-1.2688e+03	9.1127e+02	-1.2909e+03	-5.1778e+02	-1.4201e+03	-3.7182e+02	-1.1984e+03	1.1702e+03	2.9703e+01	6.5933e+02	-6.8142e+02	-3.1390e+02	6.8989e+02	9.4503e+02	1.6638e+02	-8.8999e+02	6.5811e+02	2.3510e+02	-3.4411e+02	1.5576e+03	-5.6788e+02	4.0426e+02	7.4629e+02	-1.1453e+03	-1.6078e+03	3.9457e+02	4.8801e+02	3.4272e+03	-1.7626e+03	9.4639e+02	-7.2574e+02	-2.3342e+02	-1.1436e+03	-8.4715e+02	-9.1337e+02	-1.6732e+03	4.1240e+01	-4.7401e+02	-4.3054e+02	-3.0931e+02	2.9091e+02	1.3103e+02	1.2529e+03	-2.1295e+03	-3.3376e+02	8.1920e+02	-3.3200e+02	6.9164e+02	-2.6797e+02	1.2060e+03	-1.9754e+03	1.1995e+03	-1.1056e+03	-1.3547e+02	-1.8449e+03	8.9557e+02	5.3182e+02	-1.2831e+03	-2.3148e+03	-1.8710e-01	6.9445e+02	-8.0796e+02	5.6186e+02	2.3807e+02	2.3291e+02	-1.2572e+03	4.4748e+02	1.6539e+03	-2.5690e+02	6.9575e+02	7.2774e+02	1.6432e+02	-5.5164e+02	-1.5485e+02	1.0054e+03	-1.0050e+02	2.1194e+03	-2.0735e+02	-2.3681e+02	2.3805e+02	3.1799e+02	7.3674e+02	-1.1833e+03	-1.3828e+03	-6.7960e+02	1.2856e+03	-1.4620e+03	3.7614e+01	-5.3607e+02	-1.4425e+03	1.9586e+02	3.8594e+02	-1.6771e+03	3.3592e+03	9.3569e+01	2.3232e+02	-1.0105e+02	7.9963e+01	3.2144e+01	3.3390e+01	1.5035e+02	-1.6405e+03	-2.6561e+02	-5.1883e+02	-1.0926e+03	-1.3632e+03	5.9471e+02	4.7931e+02	-4.7333e+02	4.2777e+02	4.8399e+02	-1.9122e+03	1.6178e+01	-1.2520e+03	-1.1888e+02	-4.1706e+02	-1.2095e+03	1.0365e+03	-3.0244e+01	-1.8187e+03	-2.8308e+02	8.7630e+02	-4.6951e+02	-8.8678e+02	1.5195e+03	7.0595e+02	1.8028e+02	3.1239e+02	9.8418e+02	-2.6847e+03	-1.3540e+03	7.6719e+02	-1.8123e+03	4.6090e+02	1.3756e+03	-3.1779e+02	-5.0744e+02	3.3973e+02	8.2431e+02	-3.1593e+02	1.2244e+03	6.5565e+02	-1.6762e+03	-5.4711e+02	8.0577e+02	5.5891e+01	-2.6050e+02	-1.2311e+03	8.4923e+02	-3.1350e+02	-6.7580e+01	-1.4429e+03	-1.0302e+03	1.8274e+03	-2.8786e+02	-4.6631e+02	-2.9984e+01	-5.9874e+02	-4.6191e+02	2.9598e+02	1.7212e+03	-2.8507e+02	8.7237e+01	-2.7762e+02	1.4772e+03	-3.8822e+02	9.9354e+02	-1.3765e+03	-2.0633e+03	-2.7097e+02	5.8555e+02	5.5872e+02	-7.6039e+02	-2.9281e+02	4.5503e+01	-8.9595e+02	2.9142e+02	1.2095e+03	-6.0139e+01	-8.4111e+02	9.2172e+01
1.4000e+05	9.5451e+02	1.0877e+03	9.2019e+02	2.8034e+03	3.5196e+02	-4.0182e+03	3.5159e+03	6.0044e+02	4.0806e+02	1.3698e+03	-1.3872e+03	-7.1700e+02	2.3362e+02	5.1249e+02	-1.8552e+03	-4.5296e+02	-2.3472e+03	4.5654e+02	3.2490e+02	4.2029e+02	-1.6375e+03	-6.2695e+02	1.9626e+03	-1.3906e+03	-2.5104e+03	1.9362e+03	-1.0618e+03	4.0899e+02	1.1653e+03	3.7236e+02	-9.4739e+02	-2.3478e+03	-7.4686e+02	-1.3004e+03	-1.3330e+03	1.3884e+03	1.1547e+02	-1.5601e+03	-1.1506e+03	-1.1659e+03	1.7092e+03	2.8006e+03	1.1959e+03	-9.4125e+02	4.2089e+02	2.2079e+03	7.8572e+02	9.6838e+02	1.7227e+03	1.5614e+01	1.2134e+03	2.3842e+03	-1.3909e+03	-8.6275e+01	1.3125e+03	-6.1518e+01	7.2954e+02	-2.0982e+03	6.4601e+01	-1.4045e+03	-4.0338e+02	-1.3622e+03	-2.4390e+02	1.1777e+03	-1.1759e+02	-1.9463e+02	2.0863e+02	-1.6289e+02	3.1901e+03	-1.4069e+03	-2.3945e+03	1.9793e+03	7.7428e+01	-5.1626e+02	-1.1220e+03	4.2019e+02	1.6277e+03	-6.7393e+02	-1.6381e+03	-3.0351e+03	1.2347e+03	3.4188e+02	4.4478e+01	-1.8313e+03	5.7982e+02	-4.1557e+02	-4.7577e+02	3.2485e+02	2.1148e+03	9.2270e+02	-3.6494e+02	1.3848e+02	5.0048e+03	-1.5414e+03	-7.0905e+02	1.9472e+03	1.3778e+03	-1.0173e+03	1.1224e+03	3.2366e+03	1.4003e+03	1.3742e+03	-1.1798e+03	-8.6577e+02	-1.5585e+01	1.4421e+03	1.6956e+03	1.5213e+03	-2.2303e+01	5.6586e+02	-8.4240e+02	1.8909e+03	6.1087e+02	5.5020e+01	-1.9236e+03	-9.8765e+02	-3.3142e+02	6.4823e+02	-5.0365e+02	1.4574e+03	-1.6673e+02	-1.1331e+03	-7.7690e+02	-8.2785e+01	-7.9737e+02	-3.1908e+03	-1.1767e+03	2.8582e+02	-9.0330e+00	2.2009e+02	7.6315e+02	8.2613e+02	3.5206e+03	2.1141e+02	-2.4780e+02	-8.8087e+02	-7.5609e+02	1.2533e+03	2.5097e+02	-8.7022e+02	6.3240e+02	-1.5768e+03	-3.3013e+03	-4.3775e+01	-1.6414e+02	-1.6790e+03	-2.5185e+03	2.9774e+02	1.3937e+03	4.9305e+02	1.6451e+03	-3.9894e+02	1.5507e+02	5.1922e+01	1.1298e+03	-7.2583e+02	7.5264e+02	-7.6310e+02	-2.4127e+03	-2.0070e+03	-9.3867e+02	1.7060e+03	2.8021e+03	-9.5644e+02	3.6429e+02	-1.3319e+03	8.3563e+02	-4.3507e+02	-5.5083e+02	1.2583e+03	2.6128e+02	8.2832e+02	8.4049e+02	-5.0627e+02	-3.2828e+03	2.8404e+03	-6.1670e+02	6.1691e+02	-2.3550e+03	-7.7460e+02	-1.3287e+03	1.8696e+02	-2.1141e+03	1.4999e+03	2.0727e+03	1.5254e+03	6.9978e+01	-3.5337e+02	-1.5335e+03	7.0970e+02	1.9616e+03	-8.0528e+01	-4.7199e+02	-2.1592e+03	1.6310e+03	-3.1346e+02	-3.2881e+02	-6.0940e+02	3.9340e+03	-3.9238e+02
1.6000e+05	-3.2640e+02	-1.1536e+03	8.9188e+02	4.6691e+02	5.3818e+02	-5.5604e+02	-7.0730e+02	-7.1421e+02	3.8590e+02	4.8255e+02	-1.8753e+03	-1.9380e+02	7.0876e+02	1.8341e+01	2.3609e+02	6.8438e+02	2.5307e+02	-1.6125e+03	7.3055e+02	-1.1522e+03	4.5397e+02	-1.5875e+03	-3.7758e+02	-1.0664e+03	-2.3316e+02	-1.1700e+03	1.0068e+03	-1.3336e+02	6.3388e+02	-1.7169e+03	-5.6055e+02	7.2461e+02	6.9508e+02	-9.7818e+01	-6.0081e+02	8.3407e+02	5.1391e+02	-1.0672e+02	2.5632e+03	-1.6524e+02	7.6030e+02	8.5754e+02	-1.0747e+03	-1.7078e+03	5.9315e+02	3.6530e+02	3.6066e+03	-1.3844e+03	1.3902e+03	-7.1760e+02	-3.1324e+02	-1.0789e+03	-6.5298e+02	-1.3951e+03	-1.0538e+03	-2.5949e+02	-5.1828e+02	-8.3522e+02	-9.0587e+02	1.5321e+02	8.3615e+01	1.0611e+03	-2.4542e+03	-2.3463e+02	7.8570e+02	-6.3215e+01	4.5274e+02	-3.0333e+02	1.4600e+03	-1.8346e+03	1.3085e+03	-1.0093e+03	-2.4468e+02	-2.6216e+03	9.5666e+02	2.0072e+02	-2.0256e+03	-2.3048e+03	-1.5634e+02	6.2144e+02	-1.2942e+03	8.7453e+01	3.6446e+02	7.1407e+02	-1.3860e+03	7.7576e+02	1.2747e+03	-5.7173e+02	6.7911e+02	8.9032e+02	-1.5286e+02	-1.2395e+03	-9.8211e+01	1.6172e+03	-5.9840e+02	2.3751e+03	1.8036e+02	2.0872e+01	2.7425e+02	9.2025e+02	3.8882e+02	-1.2899e+03	-1.0703e+03	-3.8132e+02	1.6299e+03	-1.0035e+03	-5.1174e+02	4.4307e+01	-1.9849e+03	1.0340e+03	5.5268e+02	-1.9096e+03	3.6896e+03	5.1935e+02	7.5263e+01	-3.9332e+02	-5.4687e+02	5.7677e+01	1.6037e+01	6.4414e+02	-1.8368e+03	4.1953e+01	-5.7616e+02	-6.9316e+02	-1.2220e+03	9.7283e+02	3.0786e+02	8.5139e+01	1.9342e+02	5.2919e+02	-1.5775e+03	6.1037e+01	-1.0990e+03	1.6063e+02	2.2106e+02	-1.4169e+03	5.9337e+02	4.6993e+02	-1.7159e+03	1.2745e+02	6.0594e+02	-3.4640e+02	-7.7517e+02	1.8944e+03	3.3123e+02	2.5083e+02	8.2504e+02	1.2280e+03	-2.3794e+03	-1.5050e+03	1.2803e+03	-1.4756e+03	2.5991e+02	1.6495e+03	-6.0192e+02	-4.0110e+02	1.4930e+02	8.7513e+02	1.2391e+02	9.9510e+02	7.4663e+02	-1.4571e+03	7.8118e+01	1.1680e+03	-1.2998e+02	-4.1838e+02	-1.4815e+03	9.6756e+02	-9.6701e+01	-3.8608e+02	-1.3225e+03	-4.0225e+02	2.3979e+03	-6.5994e+01	-2.4839e+02	3.5791e+01	-1.1133e+03	-2.0714e+02	-1.0399e+02	1.8950e+03	-1.1914e+02	-5.4981e+02	-2.1872e+02	1.6955e+03	-5.0244e+02	5.7593e+02	-1.4893e+03	-2.1350e+03	4.1076e+02	7.7416e+02	3.0048e+02	4.9740e+01	-5.4178e+02	-2.6946e+02	-1.0070e+03	3.9200e+02	9.9745e+02	-5.9372e+02	-8.9569e+02	-3.1888e+02
1.6000e+05	2.8865e+02	9.7074e+02	2.2090e+03	2.2907e+03	2.5022e+02	-4.8341e+03	3.8138e+03	1.1187e+03	7.2176e+02	1.7480e+03	-1.1232e+03	-6.6563e+01	3.4728e+01	1.8598e+03	-1.7965e+03	-1.4422e+03	-1.8775e+03	7.6961e+02	3.4987e+02	2.9090e+02	-2.1467e+03	-1.7078e+02	1.7794e+03	-1.1892e+03	-1.8251e+03	2.2761e+03	-6.3380e+02	4.9133e+02	1.7866e+03	4.1956e+02	-8.8884e+02	-2.9932e+03	-5.7509e+02	-4.1044e+02	-9.5806e+02	1.1574e+03	9.2292e+01	-2.3532e+03	-7.7521e+02	-2.6289e+02	2.0004e+03	2.6982e+03	1.6530e+03	-1.3612e+03	-4.6987e+01	2.1259e+03	9.9850e+02	3.3181e+02	1.7263e+03	5.1856e+02	1.3440e+02	2.9288e+03	-1.0718e+03	1.2726e+03	1.7993e+03	-7.7435e+02	1.3437e+03	-1.6685e+03	-6.2836e+02	-1.9279e+03	-1.0872e+02	-1.6508e+03	-1.6638e+02	1.9025e+03	-6.5972e+01	3.5544e+02	9.9056e+02	1.0250e+03	2.1472e+03	-1.1531e+03	-2.7123e+03	1.4129e+03	-7.0085e+01	-7.0508e+01	-1.0985e+03	9.5570e+02	2.0402e+03	-7.9624e+02	-1.7123e+03	-2.8633e+03	1.2037e+03	5.6157e+02	-9.9028e+02	-2.5118e+03	7.2146e+02	7.8440e+01	-8.7716e+02	4.3865e+02	2.1800e+03	1.4487e+03	-9.3104e+02	-4.2872e+02	4.3221e+03	-1.3087e+03	-3.2577e+02	1.7998e+03	-1.1839e+02	-1.0946e+03	7.9841e+02	3.9468e+03	2.4838e+03	1.6249e+03	-9.9185e+02	1.0185e+02	-3.6165e+02	1.4095e+03	2.6356e+03	1.3475e+03	3.3472e+02	-4.7944e+01	-1.1916e+02	2.2495e+03	5.5523e+02	4.8307e+02	-1.5595e+03	-7.8522e+02	1.2794e+02	1.2792e+02	2.3174e+02	2.1158e+03	-5.6414e+02	2.5041e+02	-4.8742e+02	-4.6035e+02	-4.8623e+02	-2.2380e+03	-1.3861e+03	6.3048e+02	-1.2611e+03	-6.9060e+02	2.5497e+02	1.9973e+03	4.0228e+03	-2.8277e+02	-1.2245e+02	-2.1488e+03	-1.9453e+03	1.3375e+03	3.0719e+01	-1.4957e+03	8.8181e+02	-1.0442e+03	-3.4368e+03	2.7998e+02	4.1248e+02	-1.1768e+03	-1.1594e+03	-3.1645e+02	1.3137e+03	1.3735e+03	1.8876e+03	-8.5523e+02	-8.3535e+02	7.7847e+02	1.0802e+03	5.6731e+02	6.9075e+02	-8.8915e+02	-1.4991e+03	-3.3129e+03	-1.3413e+03	1.6752e+03	2.5686e+03	-1.7532e+03	6.3733e+02	-2.1686e+03	5.0974e+01	-9.1623e+02	-7.2278e+02	1.9745e+03	4.7840e+02	1.3132e+03	-9.9148e+02	-1.8010e+03	-3.7793e+03	2.8683e+03	-7.9257e+02	6.6964e+02	-2.7804e+03	3.7522e+02	1.9252e+02	8.2075e+02	-2.7610e+03	1.4459e+03	2.3845e+03	1.2705e+03	-6.3071e+02	-1.2439e+03	-1.1909e+03	2.0514e+03	1.4703e+03	-5.5948e+02	-7.6117e+02	-2.2178e+03	4.8816e+02	-1.0091e+03	-1.4734e+02	2.5146e+02	3.6099e+03	2.4006e+02
1.8000e+05	-4.7037e+02	-8.8061e+02	8.2760e+02	8.7758e+02	1.0723e+02	-7.8018e+02	-2.3645e+02	-7.9628e+02	8.5373e+02	2.3095e+02	-1.8909e+03	-3.9902e+02	7.2091e+02	-2.1703e+02	4.7067e+02	1.4612e+03	2.7612e+02	-2.2611e+03	3.6320e+02	-5.1208e+02	3.1536e+01	-1.6578e+03	-3.5090e+02	-8.7531e+02	-3.4769e+02	-9.3234e+02	1.2508e+03	-5.9344e+02	1.1939e+02	-1.7188e+03	3.4579e+01	4.6928e+02	9.3460e+02	-2.3610e+02	-5.1672e+02	6.1046e+02	1.2040e+03	-5.4234e+02	2.6303e+03	-2.1010e+02	9.8839e+02	9.3468e+02	-7.1576e+02	-2.2733e+03	6.7190e+02	-3.7624e+02	2.8196e+03	-1.2518e+03	1.3786e+03	-8.3822e+02	2.3092e+02	-7.5752e+02	-4.6243e+02	-1.2005e+03	-7.9538e+02	-1.3951e+01	-6.0203e+02	-8.6817e+02	-7.2080e+02	-4.7469e+00	-1.1980e+02	1.1564e+03	-1.8333e+03	-7.5876e+02	9.9986e+02	2.7920e+02	5.0792e+02	-8.4727e+02	1.4674e+03	-1.8079e+03	7.9489e+02	-1.3041e+03	8.1584e+01	-3.0075e+03	8.7088e+02	4.8528e+02	-1.7283e+03	-2.4075e+03	-6.6113e+02	1.6360e+02	-1.0281e+03	5.3632e+01	-2.1731e+02	1.2214e+03	-1.8457e+03	2.5377e+02	7.4110e+02	-7.3300e+02	7.4146e+02	-7.7104e+01	2.9786e+02	-1.3193e+03	-7.2145e+02	1.5436e+03	-9.1437e+02	2.6901e+03	6.3244e+02	3.1514e+02	3.0076e+02	8.1740e+02	3.6489e+02	-1.5060e+03	-1.2979e+03	-9.7746e+02	2.0592e+03	-7.6374e+02	-1.8841e+02	3.0477e+02	-1.5375e+03	1.5956e+03	6.4644e+02	-1.9372e+03	4.4096e+03	1.0131e+03	2.0344e+02	-1.3344e+02	-1.3371e+02	5.9417e+01	-1.4316e+02	6.9200e+02	-1.4491e+03	1.1149e+02	4.0622e+02	-3.2767e+02	-6.4947e+02	1.8974e+02	1.3400e+02	4.9269e+02	4.4181e+02	8.6522e+02	-1.1766e+03	-4.7876e+02	-1.3831e+03	2.5921e+02	1.8600e+01	-1.7608e+03	-8.5437e+01	-7.6223e+01	-1.4779e+03	1.6725e+01	5.7460e+02	-6.7185e+02	-1.0147e+03	1.6060e+03	4.4589e+02	3.5750e+02	1.5039e+03	1.0570e+03	-2.4874e+03	-1.5328e+03	1.4215e+03	-1.7270e+03	1.3271e+02	1.4920e+03	-5.5321e+02	-1.0080e+02	3.7530e+02	1.1726e+03	-3.2749e+02	1.2874e+03	5.0258e+02	-1.5838e+03	1.0239e+02	8.7686e+02	-5.5836e+01	-1.4295e+03	-1.3814e+03	8.9717e+02	7.7228e+01	-3.2718e+02	-1.1013e+03	-2.2665e+01	2.8804e+03	-4.5415e+02	-3.6289e+02	2.8282e+02	-7.6837e+02	-8.1448e+02	-7.7572e+02	1.8321e+03	4.6151e+02	-4.4673e+02	1.3432e+02	1.6797e+03	-7.7371e+02	8.9942e+02	-1.9412e+03	-2.4727e+03	5.5496e+02	6.3455e+02	-5.6630e+01	1.1390e+02	-7.6513e+02	-6.6607e+02	-1.0886e+03	4.9585e+02	1.2535e+03	-7.5434e+02	-7.7749e+02	-1.8099e+02
1.8000e+05	-1.5563e+01	6.3585e+02	3.0029e+03	1.7671e+03	1.9806e+01	-4.3647e+03	2.8244e+03	1.4320e+03	1.3394e+03	8.9241e+02	-4.4517e+02	-8.5473e+02	-2.0212e+02	2.0576e+03	-1.3898e+03	-1.6561e+03	-1.5613e+03	4.9678e+02	1.0385e+03	6.9617e+02	-3.3429e+03	-9.2709e+02	2.6794e+03	2.7918e+01	-2.3237e+03	7.4940e+02	-3.2639e+02	1.6062e+02	2.9435e+03	1.1248e+03	-3.3291e+02	-3.0205e+03	-1.6439e+02	-9.0076e+02	-1.6539e+03	1.0554e+03	-4.3693e+02	-2.4759e+03	-1.2099e+03	4.5420e+02	1.7665e+03	3.6207e+03	1.2570e+03	-1.7795e+03	-5.6944e+02	1.6834e+03	1.3485e+03	1.4261e+02	1.4917e+03	-6.3046e+02	4.3868e+02	2.9520e+03	-1.0626e+02	9.8786e+02	1.6523e+03	-7.1953e+02	7.2905e+02	-1.4429e+03	-1.3166e+02	-1.4075e+03	-5.9786e+02	-2.2472e+03	2.6698e+02	1.5279e+03	9.3409e+02	8.5760e+02	1.9390e+03	6.1097e+02	2.3533e+03	-1.0883e+03	-2.6511e+03	6.2836e+02	2.9041e+02	1.2787e+02	-1.1732e+03	9.2232e+02	1.6557e+03	-3.4965e+02	-1.9604e+03	-2.7516e+03	1.1090e+03	3.1944e+02	-4.0204e+02	-1.3860e+03	7.9850e+02	7.6885e+02	-5.2060e+02	1.0554e+02	1.9339e+03	1.8849e+03	-1.0164e+03	-1.2101e+03	4.8279e+03	-1.3154e+03	-6.6414e+02	2.0985e+03	-8.3336e+02	-1.4966e+03	2.1460e+03	4.2670e+03	2.3365e+03	1.1824e+03	-8.7907e+02	-2.6702e+02	-9.2544e+02	1.4381e+03	2.3800e+03	9.7960e+02	-3.6640e+02	6.8009e+02	1.1025e+03	2.5409e+03	-3.4648e+02	-5.5376e+02	-2.1783e+03	-4.0398e+02	4.4601e+02	-1.0013e+03	3.3601e+02	1.9935e+03	-3.0668e+02	7.3302e+02	8.5120e+01	-7.1155e+02	-7.2622e+02	-2.2326e+03	1.0068e+02	1.9067e+03	-1.2208e+03	-2.0472e+02	7.1370e+02	2.3610e+03	3.9562e+03	-7.5221e+02	-8.3197e+02	-1.5851e+03	-1.8323e+03	1.2356e+03	2.5900e+02	-2.2150e+03	9.1606e+02	-1.0963e+03	-2.8220e+03	-1.7534e+01	1.0974e+03	-1.0176e+03	-1.5834e+03	-8.1988e+02	1.3915e+03	9.7271e+02	1.1674e+03	-7.8953e+02	-2.3982e+03	5.9890e+02	9.9156e+02	3.5372e+02	1.2925e+03	-2.1029e+03	-1.0091e+03	-3.9523e+03	-1.6684e+03	1.9942e+03	2.3658e+03	-1.6678e+03	1.1084e+03	-2.7278e+03	8.7925e+02	-4.7098e+02	-4.5443e+02	2.1438e+03	2.0982e+02	5.5557e+02	-7.7537e+02	-2.1254e+03	-3.3906e+03	2.9522e+03	-1.0892e+03	2.0207e+03	-2.8668e+03	7.9331e+02	7.9220e+02	5.7609e+02	-3.6656e+03	1.5288e+03	2.0243e+03	5.0798e+02	-2.7657e+02	-1.1840e+03	-1.0384e+03	2.6586e+03	1.9535e+03	-2.7132e+02	-1.5430e+03	-2.2265e+03	9.8983e+02	-7.8985e+02	4.4021e+02	2.7316e+02	3.6396e+03	6.5860e+00
2.0000e+05	-4.2088e+02	-1.2946e+03	7.4202e+02	5.8218e+02	-2.3428e+01	-4.3305e+02	6.0127e+02	-8.1068e+02	6.6883e+02	6.1048e+02	-2.0989e+03	-1.3008e+03	8.8048e+02	-1.9601e+02	9.9257e+02	1.6815e+03	2.7579e+02	-2.6752e+03	6.7208e+02	-4.4663e+02	3.0913e+01	-9.2610e+02	-4.6983e+02	-5.5387e+02	-3.4354e+02	-7.3258e+02	1.7968e+03	-3.6035e+02	4.6740e+02	-1.6029e+03	8.2640e+02	8.5454e+02	1.1354e+03	3.6456e+02	-1.4177e+02	4.6108e+02	8.3607e+02	-3.4312e+02	2.1574e+03	3.3271e+02	8.4296e+02	5.5175e+02	-7.6091e+02	-2.0104e+03	5.5367e+02	-2.3712e+02	2.9636e+03	-1.0439e+03	1.2686e+03	-1.0190e+03	3.2787e+02	-7.1277e+02	-1.0125e+03	-9.7030e+02	-4.1437e+02	3.3517e+02	-4.2852e+02	-9.7722e+02	-8.6073e+02	2.9397e+01	-5.0436e+02	1.3151e+03	-1.2301e+03	-9.9945e+02	1.2366e+03	1.1331e+02	3.8636e+02	-1.6891e+03	1.9987e+03	-1.7054e+03	1.1795e+03	-7.5714e+02	-3.1013e+02	-3.4637e+03	1.0108e+03	5.6840e+01	-1.5749e+03	-2.1204e+03	-1.0551e+03	3.4281e+02	-1.2465e+03	4.8548e+02	4.0776e+02	9.4296e+02	-1.2014e+03	5.7490e+02	-1.5645e+02	-3.6386e+02	1.0573e+03	-1.6458e+02	5.5701e+02	-1.3810e+03	-1.4165e+03	1.3176e+03	-1.2955e+03	2.3528e+03	9.3992e+02	1.9046e+02	1.9052e+02	3.4833e+02	1.6940e+02	-1.8726e+03	-1.1559e+03	-7.2395e+02	1.6781e+03	-9.6942e+02	1.6980e+02	-1.9702e+01	-1.6304e+03	1.9680e+03	1.0614e+03	-1.4071e+03	4.4381e+03	1.0157e+03	3.9796e+02	3.8300e+02	-5.4845e+02	-1.1451e+02	-4.2175e+02	7.8919e+02	-1.3961e+03	6.1812e+01	7.7984e+02	-9.5485e+02	-9.6457e+02	3.4860e+02	-3.0514e+01	7.1118e+02	6.3099e+02	8.0265e+02	-6.7729e+02	-8.1801e+02	-1.2906e+03	2.4772e+02	-2.9736e+02	-1.1251e+03	-2.4818e+02	-3.1061e+00	-1.8197e+03	-1.7941e+02	2.7597e+02	-7.7758e+02	-6.5195e+02	1.4092e+03	5.6652e+02	8.2903e+02	1.2930e+03	8.2318e+02	-2.0841e+03	-1.9254e+03	1.3183e+03	-1.3532e+03	1.3401e+02	1.1143e+03	-3.3598e+02	-5.4813e+02	1.5152e+02	1.2256e+03	-1.2075e+02	1.1430e+03	9.7788e+02	-1.4096e+03	-9.8001e+01	4.1217e+02	-4.9382e+02	-1.3591e+03	-1.7550e+03	5.7026e+02	1.3807e+02	-6.3395e+02	-1.1037e+03	-2.5837e+02	2.6370e+03	-3.6136e+02	5.6314e+02	-3.6788e+01	-1.9139e+02	-1.2376e+03	-8.5118e+01	1.4029e+03	9.4273e+02	-5.4918e+02	-4.6343e+01	1.3449e+03	-6.9499e+02	8.9165e+02	-1.6395e+03	-1.5248e+03	5.2337e+02	6.2597e+02	-3.7969e+02	4.1240e+02	-7.6990e+02	-1.2052e+03	-1.5214e+03	3.3111e+02	8.6363e+02	-3.0150e+02	-5.9631e+02	-4.0596e+02
2.0000e+05	-1.2997e+03	9.5287e+00	3.6973e+03	2.3806e+03	-1.6845e+01	-4.4306e+03	2.8356e+03	8.9660e+02	1.3282e+03	9.2541e+02	-1.1631e+03	-1.2408e+03	4.6451e+02	2.2291e+03	-1.1174e+03	-5.9671e+02	-2.0238e+03	5.8347e+02	1.8168e+02	1.6462e+03	-3.9438e+03	-1.5661e+03	2.9216e+03	1.0593e+03	-3.3393e+03	6.8704e+02	2.1951e+02	-7.9950e+02	2.0062e+03	1.2928e+03	3.8305e+02	-4.6974e+03	3.7766e+02	-9.5347e+02	-9.0440e+02	1.7279e+03	-4.2582e+02	-2.3662e+03	-1.8876e+03	5.7486e+02	2.4039e+03	4.1094e+03	1.0754e+03	-1.4440e+03	-8.9971e+01	2.3659e+03	1.3712e+03	8.3123e+02	6.4138e+02	-7.8978e+02	9.3612e+02	2.9538e+03	-1.6120e+02	1.2082e+03	2.1811e+03	-1.3067e+03	9.2252e+02	-1.8756e+03	4.0301e+02	-3.1833e+02	-1.3786e+03	-1.2314e+03	8.2065e+02	1.6513e+03	1.8840e+02	5.1365e+02	2.5078e+03	1.4861e+03	3.0526e+03	-6.2722e+02	-2.9877e+03	5.9191e+02	-4.8537e+01	-1.0131e+03	-1.5070e+03	1.4320e+03	1.2633e+03	1.6130e+02	-2.6382e+03	-3.3274e+03	1.4797e+03	2.2128e+02	-1.7096e+03	-1.2673e+03	3.3124e+02	1.0663e+03	-5.9276e+02	7.7318e+02	1.4880e+03	1.8952e+03	-8.2750e+02	-1.9995e+03	4.8816e+03	-9.0147e+02	-2.8745e+02	2.1010e+03	-1.1626e+03	-1.2301e+03	1.8024e+03	4.5700e+03	2.6489e+03	1.1457e+03	-1.2027e+03	-2.5619e+02	-1.9189e+03	1.5764e+03	1.8450e+03	-4.6560e+02	-1.2015e+03	1.0382e+03	7.0541e+02	2.3047e+03	-1.0768e+03	-6.6227e+02	-1.6953e+03	5.3408e+02	-6.7469e+01	-1.2565e+02	3.1855e+02	2.7761e+03	-1.0791e+02	2.1508e+02	2.7221e+02	-5.5222e+01	-5.9641e+02	-2.4717e+03	-5.2251e+01	2.4374e+03	-4.5088e+02	-1.0129e+03	1.2049e+03	2.2081e+03	4.0112e+03	-9.0439e+02	4.0138e+01	-3.7514e+02	-1.3323e+03	5.4778e+02	-4.2258e+02	-2.6908e+03	1.3020e+03	-2.1972e+03	-3.2207e+03	8.2715e+02	9.9073e+02	-1.4557e+03	-2.5504e+03	-2.1449e+03	1.8255e+03	2.9152e+01	1.4504e+03	-1.0687e+03	-2.2760e+03	1.1070e+03	1.3761e+03	9.5055e+02	9.2660e+02	-1.5472e+03	-1.0109e+03	-3.5602e+03	-2.2718e+03	2.2971e+03	1.1920e+03	-2.5294e+03	8.2275e+02	-3.0525e+03	4.4333e+02	-2.0288e+02	2.9258e+02	1.5973e+03	1.2666e+03	6.8289e+02	-1.0023e+03	-2.3134e+03	-2.3961e+03	2.1814e+03	-2.3301e+03	1.5881e+03	-3.5751e+03	7.6328e+02	1.6091e+03	8.1900e+02	-3.4491e+03	9.5372e+02	9.3243e+02	5.2237e+02	-2.2058e+02	-1.7004e+03	-1.0621e+03	1.6751e+03	1.8205e+03	-5.9801e+02	-1.5790e+03	-2.7421e+03	2.2780e+03	-4.3890e+02	-8.6611e+01	-9.7630e+01	4.2506e+03	3.1133e+02
