2.0000e+05	7.6687e+04
2.0000e+05	7.6737e+04
2.0000e+05	7.7276e+04
2.0000e+05	7.8327e+04
2.0000e+05	7.9270e+04
2.0000e+05	8.1398e+04
2.0000e+05	8.2793e+04
2.0000e+05	8.4947e+04
2.0000e+05	8.6856e+04
2.0000e+05	8.9320e+04
2.0000e+05	9.1698e+04
2.0000e+05	9.4383e+04
2.0000e+05	9.7925e+04
2.0000e+05	1.0164e+05
2.0000e+05	1.0492e+05
2.0000e+05	1.0784e+05
2.0000e+05	1.1126e+05
2.0000e+05	1.1512e+05
2.0000e+05	1.1755e+05
2.0000e+05	1.2072e+05
2.0000e+05	1.2323e+05
2.0000e+05	1.2642e+05
2.0000e+05	1.2868e+05
2.0000e+05	1.3018e+05
2.0000e+05	1.2964e+05
2.0000e+05	1.2532e+05
2.0000e+05	1.2351e+05
2.0000e+05	1.2462e+05
2.0000e+05	1.2502e+05
2.0000e+05	1.2620e+05
2.0000e+05	1.2738e+05
2.0000e+05	1.2685e+05
2.0000e+05	1.2571e+05
2.0000e+05	1.2563e+05
2.0000e+05	1.2499e+05
2.0000e+05	1.2557e+05
2.0000e+05	1.2548e+05
2.0000e+05	1.2557e+05
2.0000e+05	1.2534e+05
2.0000e+05	1.2531e+05
2.0000e+05	1.2509e+05
2.0000e+05	1.2494e+05
2.0000e+05	1.2511e+05
2.0000e+05	1.2407e+05
2.0000e+05	1.2492e+05
2.0000e+05	1.2470e+05
2.0000e+05	1.2406e+05
2.0000e+05	1.2349e+05
2.0000e+05	1.2396e+05
2.0000e+05	1.2339e+05
2.0000e+05	1.2356e+05
2.0000e+05	1.2283e+05
2.0000e+05	1.2247e+05
2.0000e+05	1.2307e+05
2.0000e+05	1.2252e+05
2.0000e+05	1.2195e+05
2.0000e+05	1.2110e+05
2.0000e+05	1.2195e+05
2.0000e+05	1.2044e+05
2.0000e+05	1.2142e+05
2.0000e+05	1.2068e+05
2.0000e+05	1.2028e+05
2.0000e+05	1.2006e+05
2.0000e+05	1.1949e+05
2.0000e+05	1.1915e+05
2.0000e+05	1.1787e+05
2.0000e+05	1.1889e+05
2.0000e+05	1.1811e+05
2.0000e+05	1.1767e+05
2.0000e+05	1.1718e+05
2.0000e+05	1.1756e+05
2.0000e+05	1.1607e+05
2.0000e+05	1.1609e+05
2.0000e+05	1.1616e+05
2.0000e+05	1.1495e+05
2.0000e+05	1.1430e+05
2.0000e+05	1.1464e+05
2.0000e+05	1.1406e+05
2.0000e+05	1.1412e+05
2.0000e+05	1.1271e+05
2.0000e+05	1.1261e+05
2.0000e+05	1.1222e+05
2.0000e+05	1.1171e+05
2.0000e+05	1.1147e+05
2.0000e+05	1.1102e+05
2.0000e+05	1.1076e+05
2.0000e+05	1.0992e+05
2.0000e+05	1.0975e+05
2.0000e+05	1.0835e+05
2.0000e+05	1.0894e+05
2.0000e+05	1.0840e+05
2.0000e+05	1.0778e+05
2.0000e+05	1.0781e+05
2.0000e+05	1.0653e+05
2.0000e+05	1.0630e+05
2.0000e+05	1.0528e+05
2.0000e+05	1.0581e+05
2.0000e+05	1.0531e+05
2.0000e+05	1.0439e+05
2.0000e+05	1.0433e+05
2.0000e+05	1.0361e+05
2.0000e+05	1.0282e+05
2.0000e+05	1.0260e+05
2.0000e+05	1.0205e+05
2.0000e+05	1.0192e+05
2.0000e+05	1.0110e+05
2.0000e+05	1.0098e+05
2.0000e+05	1.0030e+05
2.0000e+05	1.0003e+05
2.0000e+05	9.9567e+04
2.0000e+05	9.9099e+04
2.0000e+05	9.8191e+04
2.0000e+05	9.8277e+04
2.0000e+05	9.7651e+04
2.0000e+05	9.6780e+04
2.0000e+05	9.7034e+04
2.0000e+05	9.6844e+04
2.0000e+05	9.6100e+04
2.0000e+05	9.5343e+04
2.0000e+05	9.5230e+04
2.0000e+05	9.4845e+04
2.0000e+05	9.3978e+04
2.0000e+05	9.3738e+04
2.0000e+05	9.3074e+04
2.0000e+05	9.3053e+04
2.0000e+05	9.2997e+04
2.0000e+05	9.1874e+04
2.0000e+05	9.1835e+04
2.0000e+05	9.2162e+04
2.0000e+05	9.0252e+04
2.0000e+05	9.0544e+04
2.0000e+05	9.0533e+04
2.0000e+05	9.0310e+04
2.0000e+05	8.9998e+04
2.0000e+05	8.8756e+04
2.0000e+05	8.8786e+04
2.0000e+05	8.8093e+04
2.0000e+05	8.8009e+04
2.0000e+05	8.7607e+04
2.0000e+05	8.7561e+04
2.0000e+05	8.7129e+04
2.0000e+05	8.6903e+04
2.0000e+05	8.6427e+04
2.0000e+05	8.5974e+04
2.0000e+05	8.6087e+04
2.0000e+05	8.5078e+04
2.0000e+05	8.5580e+04
2.0000e+05	8.5164e+04
2.0000e+05	8.4869e+04
2.0000e+05	8.4639e+04
2.0000e+05	8.3452e+04
2.0000e+05	8.3537e+04
2.0000e+05	8.3707e+04
2.0000e+05	8.3414e+04
2.0000e+05	8.3263e+04
2.0000e+05	8.2551e+04
2.0000e+05	8.2858e+04
2.0000e+05	8.2160e+04
2.0000e+05	8.2281e+04
2.0000e+05	8.1679e+04
2.0000e+05	8.1973e+04
2.0000e+05	8.1445e+04
2.0000e+05	8.1071e+04
2.0000e+05	8.0967e+04
2.0000e+05	8.0265e+04
2.0000e+05	8.0908e+04
2.0000e+05	8.0495e+04
2.0000e+05	8.0316e+04
2.0000e+05	7.9719e+04
2.0000e+05	7.9244e+04
2.0000e+05	7.9720e+04
2.0000e+05	7.9482e+04
2.0000e+05	7.8806e+04
2.0000e+05	7.9349e+04
2.0000e+05	7.8687e+04
2.0000e+05	7.8413e+04
2.0000e+05	7.8648e+04
2.0000e+05	7.8471e+04
2.0000e+05	7.8384e+04
2.0000e+05	7.8479e+04
2.0000e+05	7.8004e+04
2.0000e+05	7.7725e+04
2.0000e+05	7.7584e+04
2.0000e+05	7.7831e+04
2.0000e+05	7.7035e+04
2.0000e+05	7.7430e+04
2.0000e+05	7.7019e+04
2.0000e+05	7.7358e+04
2.0000e+05	7.7479e+04
2.0000e+05	7.7341e+04
2.0000e+05	7.7265e+04
2.0000e+05	7.7139e+04
2.0000e+05	7.6810e+04
2.0000e+05	7.7020e+04
2.0000e+05	7.6527e+04
2.0000e+05	7.6953e+04
2.0000e+05	7.7165e+04
2.0000e+05	7.6861e+04
2.0000e+05	7.6800e+04
2.0000e+05	7.6467e+04
