2.0000e+04	-1.1302e+02	1.1376e+02	-9.1600e+01	-3.8648e+02	1.5774e+02	5.2566e+02	-5.2920e+01	-3.1336e+02	-4.5233e+01	5.5889e+01	6.7288e+02	-4.2675e+02	2.1864e+02	-2.9515e+01	7.2777e+01	3.6971e+02	3.5459e+02	-2.9502e+02	-2.9678e+02	-2.1736e+02	2.7100e+01	2.6772e+01	-7.0840e+02	1.6714e+02	-1.1573e+02	-7.9166e+01	-3.9126e+00	1.1943e+01	2.4835e+02	2.4157e+02	-5.7021e+02	4.7929e+02	1.2250e+02	-2.8165e+02	3.1795e+02	1.6938e+02	-6.3081e+02	-1.0155e+02	2.2125e+02	-3.8351e+02	8.5818e+01	9.3507e+01	9.8641e+02	-1.5161e+02	-1.6734e+02	5.4990e+02	2.1473e+02	-2.2884e+02	-1.0408e+02	1.4456e+02	-1.8059e+01	-6.9077e+02	-2.7983e+02	-3.7056e+02	4.1154e+01	1.1735e+02	1.6991e+02	3.9948e+02	1.2646e+02	-3.5921e+02	-1.3886e+02	-1.3716e+02	-1.0476e+03	5.5229e+02	2.2895e+02	-8.7968e+02	3.6060e+02	-3.6687e+02	-5.6821e+01	-3.1339e+02	-2.0026e+02	-4.5545e+02	4.7930e+02	-3.6959e+01	-7.7975e+01	3.8247e+02	1.5191e+02	1.9685e+02	-3.1542e+02	-9.4415e+02	6.1916e+01	-2.4642e+01	7.6020e+01	-5.3587e+02	1.0144e+02	-4.4923e+02	-5.4896e+02	-1.7863e+02	7.0312e+02	-8.0854e+01	-2.4413e+02	5.2591e+01	-8.5403e+02	-2.2999e+02	-3.1596e+02	5.9548e+02	4.0282e+02	-4.3296e+01	-4.3417e+02	-4.0191e+02	3.5948e+02	-1.4800e+02	5.7580e+00	-2.6672e+02	-4.7125e+02	6.6785e+02	-4.0867e+02	-1.6090e+02	2.0176e+02	-2.7706e+02	5.3793e+02	-6.1961e+01	2.3442e+01	2.6206e+02	7.1839e+02	-5.8349e+02	3.6078e+02	1.9645e+02	-1.8765e+02	6.4107e+02	-5.8130e+01	-3.2607e+02	4.5322e+02	6.2270e+02	-2.4811e+01	-1.1348e+02	3.3681e+02	5.5113e+02	4.0490e+02	5.9098e+01	-1.0817e+03	1.1983e+02	6.8673e+02	5.8389e+02	-2.7285e+02	6.9361e+00	-1.9678e+02	5.7925e+02	1.7983e+01	4.1266e+02	-7.6827e+01	5.5075e+02	4.4543e+02	-1.4597e+02	5.0698e+01	2.3252e+02	7.1248e+01	5.7351e+02	-1.9392e+02	5.5276e+02	-3.7937e+02	-9.3671e+01	4.2234e+02	-5.2546e+02	1.1343e+02	-2.4907e+02	2.2281e+02	1.1906e+02	1.9855e+02	-4.6766e+02	-1.2170e+02	5.0414e+02	-1.9237e+02	2.7350e+02	9.1464e+00	3.1760e+02	1.6472e+02	1.6053e+02	2.9799e+02	-1.6635e+02	1.0261e+02	4.1217e+02	-5.2049e+02	9.8290e+02	1.9238e+02	-9.6607e+01	4.3231e+02	1.0964e+02	-2.2392e+02	3.7401e+02	1.7232e+02	4.3259e+02	-4.5304e+02	-3.6834e+02	2.4370e+02	5.7043e+02	1.4327e+02	3.0172e+02	3.0852e+02	1.2660e+02	1.0494e+03	-1.3997e+02	-5.1814e+01	-2.1805e+02	3.4095e+02	-1.8932e+01	-4.2340e+01	-7.1099e+02	-4.4291e+01	4.2760e+01
2.0000e+04	7.5518e+02	7.4624e+02	6.3774e+02	4.4380e+02	-3.7995e+02	3.4460e+02	-7.8920e+01	-1.6514e+02	1.1621e+03	3.1279e+02	-7.2803e+02	-2.5529e+02	-2.0108e+02	-1.3589e+03	9.5525e+02	1.4838e+02	2.3934e+02	2.1305e+02	-1.5928e+02	-1.9440e+01	3.5331e+02	1.4829e+03	4.9635e+02	-6.0655e+02	-1.1892e+03	1.4572e+02	8.4100e+02	7.2062e+02	-1.4067e+03	-7.7005e+02	-9.6521e+02	-3.3880e+02	-6.2677e+02	6.7409e+02	3.5109e+02	2.6760e+02	-6.3116e+02	8.5825e+02	4.6621e+02	-5.4652e+02	-1.2523e+03	-4.1630e+02	-7.0137e+02	1.2981e+02	1.2034e+02	1.6731e+02	-1.4344e+02	-2.4233e+02	-3.3143e+02	-2.2109e+02	-4.3549e+02	1.2494e+03	5.0994e+02	7.4413e+01	6.7429e+02	-8.2064e+02	5.6171e+02	-1.7895e+02	-9.1006e+02	9.1479e+01	6.2471e+02	-2.6468e+02	6.2801e+02	1.0391e+02	7.0856e+02	3.6684e+01	1.2643e+03	8.5871e+01	4.4398e+02	4.0887e+02	8.3517e+02	8.0218e+02	-4.8326e+02	1.2072e+03	-1.0257e+03	1.6352e+02	-1.5086e+02	-1.8393e+02	7.1033e+02	-9.1639e+02	2.9009e+02	-1.7944e+02	-7.4683e+02	8.3592e+01	-7.0605e+01	-1.0526e+03	-5.6972e+02	-1.2450e+02	8.5368e+02	4.4337e+02	5.5192e+02	7.1552e+02	2.4684e+01	-8.8730e+01	2.2474e+02	-3.6664e+02	-9.9297e+02	2.9662e+02	-1.5428e+01	7.5335e+02	-3.3403e+02	6.4858e+01	1.4809e+02	4.2813e+02	-7.5640e+02	3.7766e+02	2.5003e+02	-4.5409e+02	-3.9856e+02	-7.0406e+02	-6.5080e+02	-1.5964e+02	4.1812e+02	3.9648e+02	1.9947e+02	-2.1763e+02	-1.1480e+03	-9.5777e+02	-1.6038e+02	-1.0983e+03	-5.0525e+01	3.9045e+02	6.2911e+02	3.9284e+02	1.5648e+02	-3.7614e+02	-9.3758e+02	-1.2125e+02	4.9016e+02	2.0251e+02	6.0991e+02	1.1315e+02	2.4408e+02	-9.6682e+02	-1.7267e+02	1.4418e+01	-8.2123e+02	5.2241e+01	3.3715e+02	-3.2099e+02	-5.2088e+02	3.5067e+02	-5.6371e+02	-5.1906e+02	6.3872e+02	2.0556e+02	1.2044e+03	4.1181e+02	1.6610e+02	2.6700e+02	1.4688e+02	-3.8610e+02	-1.5199e+02	9.1614e+02	-3.8377e+01	5.2211e+02	-2.1622e+02	-1.1753e+03	-1.6554e+02	-1.9626e+01	2.6752e+02	1.3290e+02	4.1288e+02	4.7372e+02	3.2764e+02	5.1875e+02	6.2373e+02	1.0872e+03	4.8815e+01	3.4941e+02	-2.6303e+02	2.5427e+02	3.9533e+02	2.7700e+02	4.9109e+02	1.6722e+02	8.1213e+02	-9.7405e+02	-1.5163e+02	-1.0118e+03	-1.6633e+02	-6.7641e+02	7.1196e+02	-1.8001e+02	1.4817e+03	7.8774e+02	1.0922e+03	-9.1127e+02	4.8336e+01	-6.9427e+02	-1.3765e+02	2.6869e+02	5.4872e+02	-4.4332e+02	7.0489e+01	-3.8732e+02	-3.1190e+02	-6.8751e+02	7.8048e+01	1.4770e+02
4.0000e+04	-1.4115e+02	-4.5562e+01	3.8301e+02	-6.1007e+02	2.7915e+02	8.7104e+02	-2.4611e+02	-2.3146e+02	-2.5988e+02	-4.3326e+02	1.3412e+02	8.6024e+01	-1.5708e+01	4.9756e+02	-8.7257e+02	4.0732e+02	5.7564e+02	-1.2581e+01	-2.1098e+02	-7.8527e+02	8.3504e+02	2.4038e+02	-4.0694e+02	2.4576e+02	-6.3760e+02	-1.5765e+02	3.6613e+01	-4.5673e+02	3.6325e+02	4.7001e+02	-4.7747e+02	8.8320e+02	-2.1581e+01	-2.3232e+02	-1.8537e+02	5.5494e+01	-2.2948e+02	7.2582e+01	-4.9346e+02	-7.0422e+02	4.4983e+02	4.7340e+02	1.1328e+03	-4.0821e+01	-3.6942e+02	4.0839e+02	3.5248e+02	-7.0494e+01	2.8419e+02	1.1607e+02	-2.6625e+02	-7.2119e+02	-1.9640e+02	-6.2669e+02	6.4302e+02	5.0900e+02	6.8117e+02	8.5122e+02	7.8864e+01	-6.8788e+01	4.2441e+02	-2.5040e+02	-1.5669e+03	5.8440e+02	2.8886e+01	-6.3477e+02	7.2807e+02	-1.7346e+01	-9.4879e+01	7.2518e+02	1.4455e+02	-5.5601e+02	1.2790e+02	-1.2110e+02	-1.3060e+02	8.4328e+02	4.2756e+02	9.2970e+02	-5.4738e+02	-1.1552e+03	8.9970e+02	4.9494e+02	8.0066e+02	-2.4249e+02	-6.1685e+02	-7.7076e+02	-8.9294e+02	3.0561e+02	6.9144e+02	1.3441e+02	-5.7161e+02	4.1810e+02	-9.6468e+02	-1.3801e+02	-5.5573e+02	-1.2573e+02	5.3034e+02	2.2238e+02	-3.9486e+02	1.9507e+02	2.5982e+02	-3.4110e+01	1.4731e+02	1.1014e+02	-1.1319e+02	8.3504e+02	-3.4159e+02	-3.8075e+02	7.7822e+02	3.3858e+02	6.1431e+02	1.9351e+02	-5.9792e+02	7.6963e+02	2.8286e+02	-3.0481e+02	-3.4159e+01	3.7809e+02	-7.7589e+02	4.6159e+02	-3.0878e+02	8.2805e+01	6.1689e+02	9.2826e+02	1.1093e+02	-6.1377e+02	1.7157e+01	3.4732e+02	3.0768e+02	-3.7744e+01	-7.6459e+02	3.0845e-01	7.4310e+02	6.9566e+02	2.5896e+01	1.8143e+01	1.2940e+02	7.2949e+02	-4.9254e+02	9.4489e+02	-2.8750e+02	6.1558e+02	2.5829e+02	-5.6476e+02	-9.5189e+01	8.2863e+01	6.0092e+02	5.4615e+02	2.1362e+02	6.5602e+02	-4.8475e+02	7.2501e+02	-1.1403e+02	-1.3034e+03	-1.2686e+02	-3.1711e+02	2.0582e+02	-2.7151e+02	1.2859e+02	-5.9780e+02	-5.0181e+02	1.1440e+03	-5.4488e+01	7.3248e+02	9.7225e+01	1.8872e+02	4.8538e+02	2.6574e+02	5.5432e+02	-7.1330e+02	6.5665e+01	4.5279e+02	2.6760e+02	5.8595e+02	5.7499e+02	1.3092e+02	1.3501e+03	2.6913e+02	-6.4314e+01	1.5248e+01	3.1813e+02	3.9277e+02	-4.6130e+02	7.4897e+01	-2.7369e+02	1.5971e+02	-3.9275e+02	-5.4730e+02	5.0952e+02	-2.0960e+02	3.2167e+02	-4.3291e+01	-3.4195e+02	-4.9362e+02	1.4944e+00	-2.5795e+02	4.3504e+02	-1.4222e+03	-9.2557e+01	-4.4712e+02
4.0000e+04	2.0046e+02	-3.4817e+02	-7.8719e+01	-4.1013e+02	2.3737e+02	3.2585e+02	1.6359e+02	-3.5587e+02	1.6427e+03	1.7406e+02	-4.3584e+01	-9.3808e+02	-5.3140e+02	-1.1900e+03	1.3756e+03	9.6654e+02	2.8698e+02	2.0580e+03	-7.3677e+02	-2.4005e+02	8.7179e+01	2.7763e+03	4.5931e+02	-3.6835e+02	-8.6989e+02	3.3043e+02	8.3368e+02	1.2172e+03	-5.5734e+02	-6.8285e+02	-9.8550e+02	7.6672e+02	-8.6174e+02	1.6003e+03	1.8108e+03	-3.4499e+01	-6.5531e+02	1.0928e+03	9.5551e+02	-8.2704e+02	-6.7874e+02	5.6904e+02	-1.7654e+03	5.2627e+02	4.2058e+02	-4.4548e+02	-7.5489e+01	-7.0472e+02	1.4637e+02	-4.5245e+02	-1.3344e+03	2.1712e+02	1.7911e+02	8.0391e+02	2.4215e+02	-1.3363e+03	5.9310e+02	-3.3838e+02	-5.0855e+02	-2.8997e+02	2.5952e+02	2.9214e+02	-1.6512e+02	3.2695e+02	1.7220e+03	4.9453e+02	6.8038e+02	-5.6634e+02	5.2171e+01	9.1191e+02	6.7975e+02	1.3557e+03	-9.2672e+02	2.7516e+02	-2.0896e+03	-6.4326e+02	7.0377e+02	5.1587e+02	1.0953e+03	-1.1622e+03	7.5296e+02	-3.6398e+02	-7.2418e+02	-5.5965e+02	2.8209e+02	-4.3094e+02	-8.4390e+02	-6.4866e+02	1.0578e+03	-1.0495e+02	6.0077e+02	3.2373e+02	-1.5497e+03	-1.0467e+03	-6.0015e+01	-9.1933e+02	-1.0774e+03	-3.8320e+02	-4.7795e+02	1.2570e+03	-2.1056e+02	1.5174e+02	3.9737e+01	7.7832e+02	-4.4524e+02	-4.8170e+01	4.7263e+02	-5.5878e+02	-2.7921e+02	-8.3451e+02	-6.4152e+02	-5.8331e+02	7.5354e+02	5.3799e+02	-1.9250e+02	-1.1913e+03	-9.2440e+02	-9.7974e+02	-5.9570e+02	-7.9507e+02	-5.0105e+02	-1.7587e+02	5.4450e+02	3.5377e+02	2.4892e+02	-6.4398e+02	-1.1508e+03	-1.4945e+02	3.5999e+02	8.4499e+02	4.6241e+02	8.7317e+00	-1.2515e+02	-5.8627e+02	-3.0939e+02	2.5386e+02	-9.8317e+02	-5.1304e+02	1.1076e+01	-4.2604e+02	-2.5791e+02	-1.0514e+02	-9.2550e+02	-4.0826e+02	3.7796e+02	1.4736e+02	8.4612e+02	1.1452e+03	5.1628e+02	1.3188e+03	3.2994e+02	-9.3287e+02	-3.3215e+02	1.2229e+03	1.4331e+02	-2.0963e+02	-2.0619e+02	-8.3918e+02	4.5755e+02	3.7888e+02	-8.1136e+01	1.7215e+03	-3.0072e+02	4.5954e+02	-6.4225e+01	2.0520e+01	1.3801e+03	1.4694e+03	-1.4332e+02	3.6353e+02	-8.5795e+02	8.8074e+01	4.3217e+02	3.6018e+01	3.2995e+02	3.5569e+00	1.3173e+03	-1.6894e+03	-2.2105e+02	-5.5151e+02	-7.0014e+02	-7.7531e+02	6.8588e+02	-5.8002e+02	1.8095e+03	1.0663e+03	1.1726e+03	-1.1760e+03	6.6578e+02	-5.8579e+02	-2.4173e+02	9.7408e+02	-6.2403e+02	-5.6426e+02	-5.7631e+02	-1.2820e+03	-9.0831e+02	2.5221e+02	-5.8709e+02	3.3898e+02
6.0000e+04	-3.4336e+02	6.1873e+02	3.9760e+02	-8.4159e+02	6.1927e+02	9.2670e+02	-1.8294e+02	-1.7788e+02	-7.8223e+01	-4.3955e+02	6.3986e+02	1.2264e+02	-6.8809e+02	-2.0093e+02	-5.8317e+02	5.4421e+02	9.1010e+02	1.8617e+02	1.4805e+01	-1.0212e+03	3.6944e+02	1.8997e+01	-1.2040e+03	1.0926e+02	-4.6228e+01	-8.9378e+02	8.1481e+01	-1.0685e+03	1.0142e+03	2.3560e+02	-6.6338e+02	5.1703e+02	-4.3533e+02	-1.6001e+02	1.1926e+02	-4.3705e+02	-4.6100e+02	2.5877e+02	-7.4262e+02	-8.1530e+02	4.4087e+02	6.7426e+02	7.5723e+02	-4.3419e+02	-4.0230e+02	8.2705e+01	6.7424e+02	-3.1519e+02	-6.6630e+01	1.1217e+02	-3.3149e+02	-5.5116e+02	-6.9550e+02	-1.3986e+03	8.5520e+02	4.1852e+02	7.2493e+02	1.1474e+03	3.7690e+01	-7.8964e+02	3.8897e+02	-6.0596e+02	-1.0360e+03	1.1135e+03	2.1327e+02	-3.0520e+02	8.8087e+02	-4.7693e+02	-5.2604e+01	3.3482e+02	-2.4208e+02	-6.7238e+02	-3.5055e+02	-3.1847e+02	-4.3805e+01	6.4953e+02	4.9390e+02	9.2492e+02	-8.9980e+02	-1.3149e+03	3.2223e+02	4.4418e+02	4.0642e+02	-9.7708e+02	-4.6456e+02	-3.5636e+02	-9.0294e+02	3.3525e+02	1.2802e+03	-5.4351e+02	-1.2518e+02	9.9271e+02	-1.4504e+03	-1.0323e+03	-1.0002e+03	-5.2750e+02	6.7536e+02	1.5507e+02	-3.9663e+02	1.7764e+02	8.0104e+01	-4.1362e+02	-2.0286e+02	-4.9666e+02	-5.3947e+02	5.7025e+02	-5.6069e+02	-4.6191e+01	1.3576e+03	2.8802e+02	-6.4244e-01	1.7351e+02	-7.5668e+02	7.5268e+02	-1.3329e+02	1.2067e+02	-1.2023e+01	6.4957e+02	-7.0681e+02	5.3866e+02	-6.5951e+02	-2.1348e+02	-1.7557e+02	6.3669e+02	6.4932e+02	-8.0960e+02	-2.2649e+02	7.0289e+02	7.6827e+02	2.6543e+02	-8.3453e+02	3.0242e+02	4.7571e+02	5.9205e+02	1.5144e+02	2.1378e+02	-3.1378e+02	7.5950e+02	-1.0930e+03	1.0649e+03	-2.3376e+02	4.5372e+02	-7.7812e+01	-7.9243e+02	-3.7513e+02	-3.6471e+02	5.4221e+02	8.4432e+02	-5.6608e+02	4.5913e+02	-4.2355e+02	1.1654e+03	2.7292e+02	-1.4740e+03	-2.8872e+02	1.6903e+02	-6.5638e+01	-2.3089e+02	3.1344e+02	-1.7336e+02	-2.0880e+02	5.7432e+02	-2.3640e+02	7.8237e+02	-1.9253e+02	4.1517e+00	5.6420e+02	1.3620e+02	4.9163e+02	-7.9804e+02	-3.3056e+02	1.1463e+03	1.1004e+02	6.9173e+02	7.2156e+02	7.7013e+00	1.0876e+03	4.0466e+02	-4.0150e+02	-4.7435e+02	4.3975e+02	6.1015e+02	-8.7632e+02	-4.3009e+02	-6.4309e+02	2.1751e+02	-8.4752e+02	-1.2350e+03	-2.0678e+02	1.8452e+02	7.4408e+02	5.6744e+02	-4.3102e+02	-3.3782e+02	-9.2993e+00	2.1199e+02	9.0013e+02	-1.2877e+03	6.3778e+02	-5.6267e+02
6.0000e+04	-2.9112e+02	-7.0902e+02	1.0129e+02	1.8890e+02	-1.6343e+02	8.2983e+01	1.2732e+03	-5.1630e+02	1.9464e+03	3.3927e+02	1.0071e+02	-3.4064e+02	4.2336e+02	-1.5240e+03	1.3528e+03	9.0204e+02	-2.9277e+02	2.6023e+03	-4.7513e+02	-1.4843e+02	9.2027e+02	2.8599e+03	9.9433e+02	-8.6418e+02	-9.1357e+02	7.7850e+02	1.6711e+03	1.0761e+03	5.1602e+01	-1.1349e+03	-1.3215e+03	1.8806e+03	-8.6301e+02	9.9020e+02	2.2016e+03	-6.7166e+02	-7.1176e+02	1.2087e+03	1.5945e+03	-7.4280e+02	-1.1340e+03	3.1925e+02	-1.9714e+03	1.1765e+03	5.3198e+02	-1.1590e+03	-3.6381e+02	-5.3467e+02	-3.8736e+02	-1.3205e+02	-1.6618e+03	5.6926e+01	4.5320e+02	5.2953e+02	1.5362e+03	-8.6048e+02	1.0323e+03	3.9214e+02	-3.8573e+02	-8.3953e+02	7.6375e+02	4.0376e+02	6.7362e+01	-9.0106e+01	2.2240e+03	8.2102e+00	6.0622e+02	-7.7291e+02	1.9823e+02	1.7556e+03	5.8674e+02	1.8709e+03	-1.0437e+03	-9.8516e+01	-1.9740e+03	-4.1140e+02	3.0163e+02	7.2309e+02	2.2449e+03	-1.7030e+03	1.5277e+03	3.7866e+02	-1.0639e+03	-9.1463e+02	1.3744e+03	-1.0323e+03	-1.1108e+03	-5.2872e+02	9.4748e+02	-7.8959e+02	5.6090e+02	8.4707e+02	-1.4473e+03	-1.0105e+03	-3.0443e+01	-7.6567e+02	-1.3719e+03	-7.9065e+02	-8.2294e+02	1.1507e+03	-6.4183e+02	3.6112e+02	5.6678e+02	1.0174e+03	-6.1714e+02	3.4195e+02	9.4110e+02	-1.4028e+03	3.3776e+02	-6.4640e+02	-1.2541e+03	-7.7207e+02	1.7413e+02	7.3005e+02	-1.3393e+02	-1.9521e+03	-1.0895e+03	-3.7052e+02	-1.2723e+03	-1.4468e+03	-3.9923e+02	1.7753e+02	1.2999e+03	-2.6054e+00	6.3707e+02	-6.0251e+02	-1.4506e+03	-1.1585e+03	8.7308e+02	1.0314e+03	2.8870e+02	9.7827e+02	-6.4639e+01	-8.7883e+02	-1.2492e+03	-3.9323e+02	-1.8016e+03	-6.0009e+02	9.8380e+02	-1.1554e+03	6.5575e+00	-1.1620e+02	-4.5999e+02	-6.4200e+01	2.9044e+02	8.3095e+02	2.2001e+03	1.5097e+03	6.8666e+02	1.3780e+03	7.5345e+02	-3.8434e+02	1.8232e+02	4.7075e+02	7.4612e+02	-2.3348e+02	-1.4799e+03	-1.4080e+03	5.6736e+01	8.0857e+02	3.1371e+02	2.2332e+03	-9.8383e+00	2.1975e+02	-6.7662e+02	-4.2194e+02	1.2586e+03	1.6828e+03	-7.8289e+02	1.2126e+02	-9.9117e+02	7.1434e+02	-8.3161e+02	3.0819e+02	-1.5254e+02	-3.1717e+02	1.6516e+03	-1.5934e+03	-3.4187e+02	-5.7232e+02	-4.0097e+02	-1.6563e+03	1.0524e+03	-1.5485e+03	1.2682e+03	1.3910e+03	1.7285e+03	-7.6476e+02	9.2208e+02	-8.6856e+02	-4.5656e+02	1.4877e+03	-6.1442e+02	-4.9493e+02	-6.6350e+02	-1.0246e+03	-1.0461e+03	-5.2044e+02	-2.8873e+02	6.4646e+02
8.0000e+04	2.0389e+02	5.3175e+02	-7.5403e+01	-6.6870e+02	1.3363e+03	6.5268e+02	-3.3936e+02	-4.5525e+02	-3.4144e+02	-3.2942e+01	2.9755e+02	2.3380e+00	-1.1123e+03	-4.1960e+02	-3.2364e+02	8.6485e+02	8.9676e+02	2.8297e+01	5.1464e+01	-1.0362e+03	-1.5263e+01	1.3726e+02	-1.1335e+03	2.2361e+02	4.4827e+01	-3.1736e+02	6.3044e+01	-1.2276e+03	7.5776e+02	1.6880e+01	-1.4490e+03	5.0190e+02	-2.6928e+02	-3.1823e+02	9.0946e+02	-4.7862e+02	7.9554e+01	-1.6841e+02	-5.0666e+02	-5.0598e+02	3.3037e+02	1.1589e+03	1.1872e+03	-7.9779e+02	-5.0070e+02	3.2378e+02	-4.8407e+01	-2.4084e+02	-9.4079e+02	-1.3509e+02	2.5276e+02	1.6644e+02	-1.3900e+02	-1.2009e+03	6.0792e+02	7.1370e+02	4.6529e+02	8.1617e+02	-7.1171e+01	-7.7617e+02	5.4579e+02	-7.4718e+02	-1.2100e+03	7.9643e+02	2.8663e+02	4.1322e+02	5.9954e+02	-1.4892e+01	3.3137e+02	2.7697e+02	-1.1008e+02	-6.7785e+02	-6.5738e+02	-6.5994e+02	-3.1884e+02	6.6653e+02	4.3665e+02	1.0427e+03	-6.6471e+02	-2.0412e+03	4.0938e+02	3.7937e+02	6.3480e+01	-1.0113e+03	-1.3160e+02	-4.2760e+02	-8.9551e+02	4.5370e+02	1.7300e+03	-9.7030e+02	6.7272e+01	7.7235e+02	-1.4826e+03	-1.2829e+03	-1.6197e+03	-1.0531e+03	1.1444e+03	2.3425e+02	-3.2381e+01	-6.2823e+02	8.1663e+01	-5.3951e+02	-6.3307e+01	-8.3602e+02	-7.2596e+02	7.9903e+02	-6.6712e+02	-2.0711e+02	1.8844e+03	-2.0292e+02	-2.7422e+01	-2.8098e+02	-4.3342e+02	7.2279e+02	2.5564e+01	5.4021e+02	-6.0584e+02	6.3638e+02	-1.0432e+03	6.2181e+02	-1.1350e+03	-1.7247e+02	-2.1778e+01	9.3440e+02	1.2136e+03	-4.1127e+02	-1.7016e+02	8.9993e+02	4.8794e+02	-1.6895e+01	-8.7966e+02	-4.9549e+02	7.1019e+02	6.5719e+02	1.5040e+02	3.9328e+02	-8.8943e+02	7.7778e+02	-5.2801e+02	9.6825e+02	-1.6485e+02	1.0589e+02	-2.1493e+02	-5.9923e+01	-6.2757e+02	-3.0419e+02	9.4904e+02	1.3972e+02	-7.7359e+02	1.8922e+02	-4.8095e+02	1.4648e+03	5.7466e+02	-1.2559e+03	-2.0911e+02	-1.4926e+02	-1.0480e+02	-1.6346e+02	7.8479e+02	-3.0330e+01	7.4778e+02	1.2106e+03	-1.0787e+02	5.6832e+02	-6.9578e+02	-6.9603e+02	4.4879e+02	1.9762e+02	1.0581e+03	-7.8341e+02	-4.3803e+02	1.7814e+03	2.2470e+02	9.4141e+02	1.0689e+03	-1.0915e+01	9.1809e+02	9.3327e+01	-2.6583e+02	-7.7624e+01	2.0319e+02	3.6663e+02	-5.4623e+02	-5.3306e+02	-6.5828e+02	3.6326e+02	-1.0422e+03	-1.5943e+03	-3.0344e+02	1.6414e+02	7.3334e+02	6.8299e+02	-6.1422e+01	-1.6477e+02	2.4461e+01	-1.5173e+02	1.3388e+03	-1.9478e+03	3.4312e+02	-1.2456e+02
8.0000e+04	4.2444e+02	-1.1825e+03	-3.8601e+02	3.0889e+02	7.0609e+02	-4.6336e+02	3.6487e+02	-4.4927e+02	1.2540e+03	1.4241e+03	2.4612e+02	-5.1087e+02	-3.4004e+02	-1.6250e+03	1.1902e+03	7.5036e+02	-1.2539e+03	2.7088e+03	5.5803e+01	2.3548e+02	1.0171e+03	2.6466e+03	5.7938e+02	-1.3216e+03	-9.2589e+02	2.1717e+03	1.7030e+03	5.6712e+02	7.7632e+01	-1.3845e+03	-1.3050e+03	1.8020e+03	1.9471e+02	1.2965e+03	2.6339e+03	-7.8422e+02	-9.2488e+02	1.5324e+03	1.7767e+03	-8.5691e+02	-2.3467e+03	3.4189e+02	-1.7356e+03	1.8567e+03	-1.0127e+02	-7.1716e+02	-6.9831e+01	-8.4879e+02	-5.8602e+02	-3.8752e+02	-1.9615e+03	-2.5952e+02	2.1749e+02	-2.9194e+02	1.5478e+03	-1.1482e+03	4.7760e+02	1.1036e+02	1.8961e+02	-1.1396e+03	6.3621e+02	8.2146e+02	-9.1558e+02	-1.0024e+03	2.5787e+03	2.7450e+02	-9.6149e+01	-1.6208e+02	8.6033e+02	9.7286e+02	2.6641e+02	2.5459e+03	-9.3922e+02	6.1606e+02	-1.3042e+03	-4.1158e+02	8.6074e+01	1.2966e+03	2.2955e+03	-1.8649e+03	3.4179e+03	2.5851e+02	-5.4490e+02	-6.9116e+02	1.7037e+03	-1.0391e+03	-9.0334e+02	-5.0081e+02	8.2720e+02	1.6912e+02	1.0947e+03	1.3818e+03	-1.7567e+03	-8.8700e+02	6.5950e+01	-5.0381e+02	-7.1491e+02	-7.1324e+01	-1.1224e+03	8.0441e+02	-3.3383e+02	7.9190e+02	7.3038e+02	1.6623e+03	-6.6804e+02	4.1122e+02	9.5829e+02	-1.4541e+03	1.2231e+01	-9.1825e+02	-4.4378e+02	-8.8222e+02	6.5184e+02	-5.7798e+02	3.1828e+02	-1.7955e+03	-6.7417e+02	-1.6902e+03	-1.7373e+03	-1.7591e+03	-8.7269e+01	7.8384e+02	1.6651e+03	-7.9648e+02	1.3149e+03	-6.5535e+02	-1.3124e+03	-1.4161e+02	1.1298e+03	7.8653e+02	7.1333e+02	3.7966e+01	1.0692e+03	-1.5757e+03	-9.8756e+02	1.9405e+02	-1.9216e+03	-8.2244e+02	1.0796e+03	-6.0208e+02	1.4661e+02	-1.7749e+02	-5.7943e+02	1.7906e+02	-3.6256e+02	1.0982e+03	2.1809e+03	2.0435e+03	-3.5173e+02	1.1297e+03	1.5531e+03	1.8148e+02	1.0788e+03	-3.7271e+02	2.6014e+02	-4.1060e+02	-1.7032e+03	-1.6005e+03	8.4782e+02	9.2262e+01	4.2858e+02	1.9917e+03	5.1312e+02	1.3990e+02	-1.0396e+03	-4.9630e+00	1.0248e+03	1.4595e+03	-6.2988e+02	-3.5172e+02	-7.3170e+02	7.5752e+02	-7.9544e+02	6.2247e+02	2.1934e+02	4.7063e+02	2.7766e+03	-1.5612e+03	-5.4027e+01	-8.1514e+02	-3.7205e+02	-1.8294e+03	1.3642e+03	-1.3162e+03	2.1402e+03	2.3325e+03	1.1034e+03	-1.0659e+03	8.9844e+02	-3.7368e+02	-9.4227e+01	1.8480e+03	-5.5523e+02	9.7956e+01	-9.6178e+02	-1.2017e+03	-1.8602e+03	-1.9406e+02	-9.3629e+01	2.0618e+03
1.0000e+05	6.4240e+02	4.4843e+02	-3.2177e+02	-5.3578e+02	3.8688e+02	2.4463e+02	-8.3899e+02	3.1333e+02	-5.2384e+02	1.5630e+02	4.3502e+02	-2.7973e+02	-7.9062e+02	-6.8029e+02	-7.6008e+02	4.6510e+02	1.3760e+03	-3.7843e+01	-2.5553e+02	-1.2118e+03	3.4826e+02	3.2623e+02	-1.2504e+03	2.5816e+02	-3.5975e+01	-6.9603e+02	-6.7428e+02	-1.1298e+03	1.1907e+03	2.2975e+02	-1.4483e+03	5.1396e+02	-4.2033e+02	-1.1097e+03	1.4583e+03	-8.7633e+02	-4.0895e+02	-1.1156e+03	-1.0880e+03	-4.0774e+02	-3.1578e+02	1.4021e+03	1.1763e+03	-1.0256e+03	-3.9920e+02	6.9064e+02	-3.7767e+02	-2.3228e+01	-1.6504e+03	2.8392e+02	3.5606e+02	-4.6211e+02	-2.2526e+02	-1.5750e+03	2.0373e+02	5.1885e+02	5.8444e+02	1.0016e+03	-4.1028e+02	-6.9898e+02	5.3632e+02	-6.9484e+02	-1.0081e+03	1.2066e+03	3.0772e+02	-2.3686e+02	9.6746e+02	-6.4569e+02	1.0935e+03	1.5800e+02	3.0377e+01	-1.0785e+03	-4.5602e+02	-2.0399e+02	-7.6103e+01	1.5577e+02	1.8126e+02	6.8280e+02	-6.0349e+02	-1.8953e+03	1.3480e+02	-3.4955e+01	1.0413e+02	-7.6051e+02	-5.7167e+02	3.4094e+02	-6.0848e+02	4.6676e+02	2.1545e+03	-3.8304e+02	2.3522e+02	7.5298e+02	-1.4916e+03	-1.1169e+03	-1.4871e+03	-1.6021e+03	1.0839e+03	2.4291e+02	-2.3425e+02	-7.1275e+02	5.4575e+02	-8.1593e+02	4.0396e+02	-8.8042e+02	-1.2439e+03	1.2741e+03	-8.9961e+02	-3.6714e+02	2.1568e+03	-1.4300e+02	-2.0280e+02	-1.2864e+02	3.1516e+01	1.5133e+02	3.0670e+02	3.7967e+02	-1.6484e+02	4.0846e+02	-1.8205e+03	3.3004e+02	-7.3039e+02	-4.9494e+01	1.5159e+02	1.2476e+02	1.0896e+03	-1.0900e+02	1.2701e+01	1.2662e+03	1.0604e+03	9.0893e+01	-1.1882e+03	-3.8033e+02	2.4176e+02	7.9546e+02	-3.2906e+02	-3.0992e+01	-9.1829e+02	1.1995e+03	-4.9718e+02	9.2458e+02	-3.8649e+02	8.8296e+01	-4.8241e+02	-6.1644e+01	-7.1054e+02	-3.2570e+02	9.7308e+02	3.7302e+02	-1.0859e+03	-1.0938e+02	-8.8020e+02	1.3516e+03	4.1205e+02	-1.2132e+03	-2.8094e+02	-9.7218e+02	7.8469e+01	-1.1995e+02	1.4149e+03	3.9979e+02	7.9712e+02	1.1752e+03	-2.5367e+02	7.1357e+02	-7.1483e+02	-1.3878e+03	5.6271e+02	7.4389e+02	7.2879e+02	-1.0652e+03	-8.4203e+02	1.2737e+03	-5.2290e+02	3.9294e+02	9.8419e+02	-2.0606e+02	1.2434e+03	-5.0632e+02	-5.3339e+01	-2.0097e+02	-3.4885e+02	-9.5470e+00	-2.4831e+02	-7.6487e+02	-4.3973e+02	2.1589e+02	-9.9757e+02	-1.2315e+03	-3.3730e+02	-1.6754e+01	1.5024e+02	1.1295e+03	-7.2055e+01	8.3708e+01	2.0150e+02	-4.6904e+02	1.5058e+03	-2.2613e+03	4.6574e+02	8.3742e+01
1.0000e+05	1.1325e+03	-1.1919e+03	-1.0538e+03	1.5006e+02	3.4863e+02	-6.1929e+02	4.9926e+02	-1.0652e+03	2.2699e+03	7.3543e+02	8.6794e+02	3.6295e+02	-1.8375e+02	-1.3289e+03	5.4532e+02	5.7040e+00	-9.5865e+02	1.9955e+03	-1.8791e+02	2.9847e+02	1.3668e+03	2.7252e+03	5.6367e+02	-5.2218e+02	-6.0513e+02	2.6035e+03	1.4683e+03	-7.0495e+01	6.4867e+01	-1.7662e+03	-1.6421e+03	1.8112e+03	-2.3947e+02	1.6041e+03	1.9450e+03	-2.1318e+02	-1.4038e+03	1.6133e+03	1.3104e+03	-7.4011e+02	-2.2653e+03	2.2935e+02	-2.6853e+03	7.6720e+02	-4.6472e+02	3.7671e+02	1.6510e+02	-2.4308e+02	-3.1117e+02	-8.4809e+02	-1.2549e+03	-9.5579e+02	9.7011e+02	4.9997e+01	7.7619e+02	-1.3306e+03	2.5483e+02	1.2222e+03	8.6487e+02	-5.1820e+02	1.1533e+03	1.4340e+03	-9.9513e+02	-1.0573e+03	1.8922e+03	-1.8774e+02	-2.4794e+02	-1.3494e+03	7.0594e+02	8.4602e+02	1.0507e+02	1.6004e+03	-9.2575e+02	9.5244e+02	-1.4315e+03	-7.7603e+02	9.2998e+01	9.2290e+02	2.4963e+03	-1.7145e+03	3.1904e+03	-1.3945e+02	-1.0535e+03	-1.2435e+03	1.1684e+03	-1.3337e+03	-1.5966e+03	-4.9889e+02	9.8370e+02	2.7845e+01	1.6761e+03	4.8126e+02	-2.6652e+03	-1.4636e+03	3.2964e+02	2.2556e+01	-9.3825e+02	-1.8871e+02	-1.2912e+03	1.0961e+02	-8.5461e+02	8.3690e+02	-2.4204e+02	1.3542e+03	-2.0359e+02	9.6086e+02	1.5188e+03	-1.7388e+03	7.7460e+01	-9.0955e+02	-1.0917e+03	-1.5202e+03	6.2715e+02	7.0013e+02	1.0290e+02	-1.5133e+03	6.9164e+01	-1.8617e+03	-1.6298e+03	-2.1073e+03	1.4957e+02	2.9193e+02	1.7326e+03	-4.8900e+02	1.8577e+03	-8.0793e+01	-2.1459e+03	4.5455e+02	1.6948e+03	6.1012e+02	8.6784e+02	8.0827e+02	1.7087e+03	-3.3209e+03	-1.1450e+03	7.2473e+02	-1.5652e+03	-1.0424e+03	2.1574e+03	1.1126e+01	-4.7382e+02	-8.3438e+02	-6.5676e+02	2.4837e+02	-6.1809e+02	7.0657e+02	2.5377e+03	2.2582e+03	4.8633e+01	-2.0915e+02	1.5625e+03	7.0250e+02	5.0705e+02	-1.7200e+01	-1.0349e+03	-8.1269e+01	-1.2684e+03	-1.2156e+03	5.8682e+02	-3.9732e+02	1.9303e+02	2.1138e+03	-7.9204e+02	-8.4815e+00	-1.3598e+03	-4.0345e+02	7.8904e+02	3.5389e+03	-8.0714e+02	3.6461e+02	-1.4816e+03	1.8940e+03	-1.4888e+03	-2.1529e+02	6.6459e+02	1.9984e+02	3.1584e+03	-1.5165e+03	1.0775e+02	-2.4433e+03	-2.4101e+02	-1.5925e+03	5.9097e+02	-1.1839e+03	1.3203e+03	2.6925e+03	7.9668e+02	-1.5376e+03	9.5658e+02	4.8649e+01	3.6297e+02	2.3036e+03	-6.3044e+02	-3.1458e+02	-8.3744e+02	-1.7697e+03	-1.7491e+03	-8.5061e+02	-6.5395e+02	2.3343e+03
1.2000e+05	9.1023e+02	6.0502e+02	3.1922e+02	6.1288e+01	2.8743e+02	7.5051e+02	-8.4155e+02	4.8439e+02	-4.9045e+02	5.5454e+00	5.2602e+02	-5.9412e+02	-1.5570e+02	-4.6241e+02	-4.3967e+02	5.6938e+02	1.3481e+03	-4.3122e+01	5.0744e+02	-1.9593e+03	-6.8782e+01	4.1787e+02	-1.4649e+03	-1.2669e+02	1.8753e+01	-2.2097e+02	-1.1402e+03	-1.3832e+03	1.1360e+03	-4.6580e+02	-1.2717e+03	3.0587e+02	-5.6951e+02	-7.5566e+02	1.6322e+03	-6.9431e+02	2.2462e+02	-1.0093e+03	-1.2123e+03	-4.2917e+01	-1.8509e+02	8.0396e+02	1.1732e+03	-3.1161e+02	-5.5112e+01	4.4507e+02	-2.8764e+02	-2.8994e+02	-1.3760e+03	1.8450e+02	2.8481e+02	-2.3594e+02	-1.1239e+02	-1.4471e+03	8.1484e+01	3.5282e+02	6.1038e+02	5.9833e+02	-4.2920e+02	-9.2870e+02	7.1269e+02	-4.0588e+02	-1.2130e+03	1.2261e+03	8.1978e+02	-4.7224e+02	1.1450e+03	-1.2490e+02	1.2616e+03	1.3855e+02	4.2286e+01	-1.2709e+03	-1.3825e+02	-1.0843e+02	-1.9538e+00	-1.5398e+02	-4.8094e+02	1.0145e+03	-4.2459e+02	-1.5996e+03	4.5590e+02	-5.0911e+02	-2.3059e+02	-1.3384e+03	-1.1364e+02	1.2739e+03	-7.0841e+02	3.7768e+02	2.2882e+03	-6.5291e+02	-3.9846e+02	1.1331e+03	-1.1947e+03	-1.0461e+03	-1.2705e+03	-1.2093e+03	1.6545e+03	9.0090e+02	8.0646e+01	-8.2324e+02	4.2164e+02	-1.1300e+03	7.4327e+02	-1.4920e+03	-1.0865e+03	1.1642e+03	-1.8158e+03	3.2527e+01	2.1426e+03	-3.5159e+02	-3.8718e+02	-8.3152e+01	2.5818e+02	3.0194e+02	1.0340e+03	7.7429e+02	-1.9474e+02	8.4001e+02	-1.8745e+03	9.0322e+02	-6.4351e+02	8.7287e+02	5.4644e+02	1.9484e+02	5.4873e+01	-5.1965e+02	1.5132e+02	1.3770e+03	8.0580e+02	1.1025e+02	-9.1717e+02	-6.8228e+02	4.6094e+02	1.0561e+03	8.3982e+01	1.9522e+02	-1.4611e+03	1.5475e+03	-6.0289e+02	5.4967e+02	8.2729e+01	4.0250e+02	-4.1308e+02	9.8035e+02	-4.9920e+02	-2.4908e+02	6.9938e+02	3.3589e+02	-1.3679e+03	-3.0545e+02	-6.9275e+02	1.1577e+03	4.6917e+02	-1.2406e+03	-1.0812e+02	-2.4598e+02	-1.7483e+02	1.9478e+02	1.6806e+03	5.8938e+02	1.2957e+03	1.0529e+03	2.5915e+02	4.4171e+01	-7.9422e+02	-1.1886e+03	1.2936e+03	8.6877e+02	8.1143e+02	-8.3056e+02	-8.8943e+02	1.0634e+03	8.3384e+01	8.7895e+02	9.3374e+02	-2.2259e+02	1.2480e+03	-1.5012e+02	-5.8412e+02	-8.7752e+02	-6.3220e+02	-3.6334e+02	-5.9223e+02	-1.1347e+03	-3.9727e+02	8.5293e+02	-1.0941e+03	-8.3413e+02	1.9953e+01	1.5999e+02	-3.0065e+02	1.2880e+03	-4.0239e+02	4.4549e+02	-6.2493e+01	-4.0276e+02	1.7110e+03	-2.6024e+03	3.7513e+02	4.6695e+02
1.2000e+05	2.1414e+03	-8.8831e+02	-9.9340e+02	-6.8605e+02	-8.1194e+00	-2.4530e+01	-2.5592e+02	4.2855e+02	2.6167e+03	1.5271e+03	1.3932e+03	-5.9092e+02	-4.0776e+02	-7.0861e+02	-4.1963e+02	-1.0347e+02	-7.9388e+02	1.3222e+03	-7.4442e+01	-3.1399e+02	1.6162e+03	3.5881e+03	1.4090e+03	2.8481e+02	-5.9122e+02	3.0527e+03	1.1208e+03	-2.5957e+02	3.7519e+02	-1.9609e+03	-1.2216e+03	1.5948e+03	-6.6737e+02	1.0994e+03	2.9851e+03	1.0742e+02	-1.3624e+03	1.0139e+03	1.9779e+03	-7.5239e+02	-2.7382e+03	6.9894e+02	-2.1424e+03	-2.9596e+02	-1.4232e+02	9.4232e+02	6.0449e+02	-1.2365e+03	-3.5211e+02	-8.3843e+02	-1.7505e+03	-3.3791e+02	5.7968e+02	1.8375e+02	-1.4029e+02	-6.8007e+02	9.3911e+01	1.3228e+03	3.9848e+02	1.1994e+02	9.5645e+02	1.4924e+03	-9.4281e+01	-1.2322e+03	8.9779e+02	-3.4471e+02	-2.3526e+02	-1.7490e+03	1.0269e+03	1.6891e+03	8.4887e+02	1.1970e+03	-9.7416e+01	1.6767e+03	-8.1924e+02	-3.9803e+02	-5.4926e+02	1.1260e+03	1.9463e+03	-1.1125e+03	2.2984e+03	3.4482e+02	-8.8481e+02	-6.0583e+02	1.0031e+03	-1.3628e+03	-1.9020e+03	5.0417e+02	4.6348e+02	-3.3798e+02	1.9660e+03	9.4780e+02	-2.9411e+03	-1.0678e+03	6.6128e+02	-3.1710e+02	2.2135e+02	-7.1432e+02	-1.3593e+03	4.9646e+02	-6.7321e+02	8.3890e+02	-3.9398e+02	1.0806e+03	4.3851e+01	1.6760e+03	1.7750e+03	-1.2785e+03	-5.7929e+02	-1.5505e+03	-1.0456e+03	-1.4281e+03	7.7198e+02	6.3795e+02	1.2807e+03	-1.2838e+03	-1.6092e+03	-2.0785e+03	-2.9914e+03	-1.2374e+03	1.5723e+02	3.1789e+02	1.7143e+03	-5.7282e+02	2.3031e+03	-5.4175e+02	-2.6836e+03	6.6568e+02	2.1049e+03	9.0627e+02	1.7200e+03	1.6069e+03	1.5233e+03	-3.2553e+03	-1.6334e+03	3.1788e+02	-2.2876e+03	-1.9764e+02	2.0855e+03	1.0217e+03	-1.6162e+02	-2.1480e+03	-1.1415e+03	-8.3723e+01	2.2097e+02	1.1603e+03	2.6152e+03	2.3068e+03	-3.3611e+02	-4.1966e+02	1.0346e+03	6.3117e+02	1.3387e+03	1.9863e+02	-1.4773e+03	5.5345e+02	-9.3912e+02	-1.9045e+02	1.3415e+03	9.2049e+02	-8.3159e+01	2.1130e+03	-6.4675e+02	-8.6417e+01	-3.6070e+02	-8.4197e+02	1.4485e+03	3.7047e+03	-8.0050e+02	8.5043e+02	-1.7929e+03	1.0530e+03	-5.8810e+02	5.9372e+02	1.8678e+03	9.5482e+02	3.2210e+03	-1.4543e+03	5.2613e+02	-3.4349e+03	3.8244e+02	-2.2973e+03	-8.2457e+01	-1.2577e+03	1.4950e+03	2.8635e+03	4.0267e+02	-1.3295e+03	1.0715e+03	4.0492e+00	2.4508e+00	1.4824e+03	6.8969e+02	-2.2196e+02	-7.1574e+02	-1.4753e+03	-1.0419e+03	-8.1122e+02	-6.1497e+02	2.7481e+03
1.4000e+05	5.5463e+02	2.5860e+02	-2.7892e+02	3.2373e+02	2.1912e+02	7.3687e+02	-6.2978e+02	7.6493e+02	-1.6982e+02	-3.9310e+02	1.2562e+02	-2.3844e+02	4.0937e+01	-1.1135e+02	-6.2625e+02	5.5486e+02	2.1681e+03	-1.0657e+02	-3.4404e+01	-1.6589e+03	-6.7496e+02	3.7301e+02	-1.4746e+03	-4.4788e+02	-1.6806e+02	-7.4046e+02	-1.3495e+03	-1.4277e+03	1.2884e+03	1.7795e+02	-1.8420e+03	-2.0935e+01	-8.0149e+02	-6.0516e+02	1.4805e+03	-2.1507e+02	1.5323e+02	-7.1169e+02	-1.3648e+03	-5.2298e+02	-6.9920e+02	1.0836e+03	4.5526e+02	-5.9253e+02	-1.1849e+01	-1.5508e+02	2.1521e+00	-3.0359e+02	-1.3890e+03	-3.6652e+02	-7.4839e+01	-5.6207e+02	-3.9876e+02	-1.3565e+03	2.5313e+02	5.2339e+02	1.0504e+03	5.1431e+02	1.6175e+02	-1.0435e+03	6.2251e+02	-3.4886e+02	-2.1251e+03	1.5071e+03	8.4934e+02	-5.4038e+02	9.9656e+02	-1.3548e+03	1.3143e+03	6.8063e+02	-2.4816e+02	-1.2052e+03	-6.3575e+02	-5.4819e+02	2.4106e+02	5.9018e+02	-9.1421e+02	1.0536e+03	-8.2866e+02	-2.0690e+03	1.7335e+02	8.7264e+01	-2.7464e+02	-1.4125e+03	3.6943e+02	2.0032e+03	-3.5012e+02	8.5142e+02	2.6470e+03	-4.4484e+02	-6.5254e+01	5.8276e+02	-1.4314e+03	-8.4562e+02	-1.4221e+03	-1.1898e+03	1.6007e+03	5.6831e+02	2.4520e+02	-9.2966e+02	3.1613e+02	-8.7354e+02	-1.4745e+01	-1.8530e+03	-2.8955e+02	5.6506e+02	-1.5653e+03	-6.1020e+01	1.6375e+03	-6.6672e+02	-8.3103e+02	4.8424e+02	3.0722e+02	-1.0152e+02	8.2433e+02	9.4475e+02	-1.6971e+02	8.5285e+02	-2.4656e+03	9.4305e+02	-1.4012e+03	7.0511e+02	1.0748e+03	5.3866e+02	-5.6491e+02	-6.2922e+02	-1.0882e+02	1.1698e+03	1.2090e+03	-5.5437e+01	-9.6459e+02	-3.6705e+02	4.3298e+01	4.5747e+02	3.2233e+02	2.9748e+02	-1.9785e+03	1.5814e+03	-1.2729e+03	4.8972e+02	2.8473e+02	5.9642e+02	-1.6243e+02	1.3377e+03	-6.7358e+02	-1.8225e+02	1.0613e+03	5.8603e+02	-8.7343e+02	-4.5791e+02	-1.0637e+03	1.1438e+03	2.8112e+02	-1.0998e+03	4.3621e+02	-2.1987e+02	-1.0377e+02	4.4221e+02	1.1308e+03	2.9420e+02	1.2842e+03	5.6877e+02	1.2156e+02	3.7553e+01	-7.2449e+02	-1.8865e+03	7.6158e+02	7.0717e+02	1.1163e+03	-1.1542e+03	-8.9689e+02	9.3943e+02	2.7426e+02	7.8733e+02	3.8125e+02	-1.1024e+02	1.9313e+03	-5.1306e+02	-5.3636e+02	-9.3269e+02	-3.9855e+02	-9.0100e+02	-3.4683e+02	-9.5650e+02	-6.1042e+02	1.2568e+03	-1.7270e+03	-3.5885e+02	-6.1753e+02	-5.8572e+02	-5.1670e+02	1.0059e+03	-4.9422e+02	6.2626e+02	-4.5664e+02	-3.9592e+02	1.7923e+03	-2.9516e+03	7.4947e+02	-8.8587e+01
1.4000e+05	1.3834e+03	-8.2606e+02	-1.6493e+03	-1.3190e+03	1.1339e+02	-8.3392e+02	-6.4526e+02	1.0536e+03	2.3332e+03	1.7644e+03	1.5074e+03	-1.9761e+02	-5.9690e+02	2.8820e+02	-7.2105e+01	-4.8279e+02	-1.9560e+03	1.1395e+03	-1.3075e+02	-7.5689e+02	2.9472e+03	3.5138e+03	1.6814e+03	-7.9529e+02	-1.5384e+03	2.5238e+03	9.1679e+02	7.0475e-01	7.0099e+02	-2.4548e+03	-1.0436e+03	1.5886e+03	-1.4961e+03	8.4491e+02	1.9127e+03	-1.5356e+03	-1.7094e+03	1.6102e+03	3.0436e+03	-7.4924e+02	-2.6714e+03	9.8001e+02	-1.2025e+03	-5.7689e+02	-2.6187e+02	1.0006e+03	9.4064e+02	-1.0575e+03	-5.2747e+02	-1.3823e+03	-9.2749e+02	-3.7639e+02	1.2517e+03	8.0900e+02	-1.4214e+02	-7.8728e+02	-9.1041e+02	1.5225e+03	-2.8735e+02	2.6927e+02	1.8983e+03	1.5664e+03	-2.7380e+02	-1.4709e+03	7.6357e+02	-7.8288e+02	-1.7675e+02	-2.4995e+03	9.0427e+02	1.5115e+03	2.1178e+02	5.6031e+02	9.1302e+02	1.7262e+03	-1.4129e+03	-1.1983e+03	-9.2700e+02	5.2474e+02	1.5009e+03	-1.9162e+03	1.9281e+03	4.3718e+02	-1.1672e+03	-6.5310e+02	7.7490e+02	-1.4026e+03	-1.2250e+03	-5.0306e+02	-4.0510e+02	3.4254e+02	2.4887e+03	-3.9507e+00	-4.0499e+03	-1.1085e+03	3.9999e+02	-1.1282e+03	5.9359e+02	-8.8677e+02	-2.0524e+03	2.0044e+03	-1.2107e+03	1.1726e+03	-5.5824e+02	6.2151e+02	8.8380e+01	2.2184e+03	1.6898e+03	-9.7475e+02	-1.3197e+03	-1.3295e+03	-3.1702e+02	-1.1256e+03	1.1483e+02	7.2167e+02	4.7712e+02	-7.2045e+02	-1.0892e+03	-2.2395e+03	-2.8877e+03	-1.3478e+03	-9.7761e+02	8.2337e+02	1.4648e+03	6.4083e+02	2.0845e+03	-7.6224e+02	-1.9040e+03	1.3429e+03	1.8398e+03	1.1788e+03	9.1565e+02	2.3977e+03	1.0360e+03	-3.3489e+03	-1.3343e+03	7.0244e+02	-3.5512e+03	2.4972e+02	1.0239e+03	6.5518e+02	9.0802e+02	-1.4554e+03	-8.7885e+01	-8.8212e+02	5.2142e+02	4.2121e+02	3.1656e+03	1.5634e+03	-2.8360e+02	-1.2075e+03	1.4456e+02	8.6026e+02	9.5010e+02	-3.5210e+01	-2.1667e+03	4.0249e+02	-6.3547e+02	-8.4459e+02	1.7602e+03	5.4760e+02	-7.9374e+02	2.6211e+03	-3.2227e+02	7.3350e+02	-3.4505e+02	-7.2871e+02	1.1087e+03	3.8313e+03	-1.1004e+03	1.2157e+03	-2.3770e+03	4.1008e+02	1.4911e+02	7.8060e+02	2.4480e+03	2.1598e+02	3.1991e+03	-1.6689e+03	-5.4910e+02	-4.3036e+03	4.4534e+02	-1.7774e+03	1.7875e+02	-1.1803e+03	1.3875e+03	1.6556e+03	-5.9090e+01	-1.0912e+03	2.8354e+02	-9.3371e+02	-3.3117e+01	6.8332e+02	-4.1818e+02	-2.4688e+02	-2.0374e+03	-2.5587e+03	-1.7943e+03	-2.1502e+02	-3.6803e+02	3.0908e+03
1.6000e+05	7.8973e+02	5.0428e+02	-5.9913e+02	4.8269e+02	-1.6470e+02	4.2487e+02	-7.1378e+02	2.5951e+02	2.6881e+01	-5.7743e+02	-9.6214e+01	1.5792e+02	-1.0819e+02	-1.0582e+02	-6.9372e+02	7.6778e+02	1.6676e+03	3.2913e+02	-3.5488e+02	-2.4786e+03	-3.7565e+02	3.6191e+02	-1.6514e+03	-8.2669e+02	-1.8611e+01	-5.8364e+02	-2.0097e+03	-1.2603e+03	7.5000e+02	3.7410e+02	-2.3900e+03	-3.6999e+02	-1.1016e+03	-6.8689e+02	1.2423e+03	-1.6322e+02	-3.2790e+01	-4.6937e+02	-1.5857e+03	-8.7620e+02	-9.9778e+02	8.7818e+02	1.9019e+02	-9.4668e+02	-1.1402e+02	3.3148e+02	-1.9697e+02	6.3992e+01	-1.9345e+03	-4.3847e+02	-6.9018e+02	-8.8042e+02	-7.2131e+02	-1.3610e+03	6.8135e+02	3.5273e+01	1.0595e+03	2.4837e+02	1.6874e+02	-6.3879e+02	4.0993e+02	-4.0021e+01	-1.7417e+03	1.2264e+03	1.0495e+03	-7.6377e+02	8.1490e+02	-1.0780e+03	1.2966e+03	1.5785e+02	-5.2827e+02	-1.4561e+03	-1.2322e+01	3.2129e+02	-3.3006e+02	7.5404e+02	-1.1419e+03	8.2683e+02	-3.3941e+02	-2.7932e+03	1.6966e+01	-3.4325e+01	-4.0850e+01	-1.3881e+03	6.4204e+02	2.0058e+03	-6.2881e+02	1.2612e+03	2.4077e+03	-5.8099e+02	-5.0400e+01	2.0450e+02	-1.4073e+03	-1.0563e+03	-1.8659e+03	-1.6650e+03	1.1816e+03	6.1840e+01	-1.8369e+02	-1.3919e+03	2.4394e+02	-9.9659e+02	-6.6453e+02	-1.9425e+03	-6.1851e+02	1.4582e+02	-1.9125e+03	2.6985e+02	1.3903e+03	-6.8062e+02	-1.3996e+03	1.3045e+03	3.0199e+02	-1.5880e+02	6.3919e+02	7.2677e+02	-2.3773e+02	8.6308e+02	-2.3161e+03	9.5548e+02	-2.3530e+03	6.1311e+02	4.5062e+02	1.9346e+02	-4.6971e+02	9.7952e+01	3.0714e+01	1.1456e+03	1.3025e+03	2.7498e+02	-9.8231e+02	-4.9462e+02	-3.8137e+02	6.0670e+02	5.2704e+01	1.0880e+02	-1.6219e+03	1.0368e+03	-1.5407e+03	7.5177e+02	-1.2690e+02	6.1931e+02	-8.8648e+02	1.0702e+03	-9.2059e+02	-6.1441e+02	2.3366e+02	3.6108e+02	-1.4126e+03	-1.1146e+02	-3.6069e+02	4.9552e+02	6.5928e+02	-1.2037e+03	3.1776e+02	-9.3721e+01	2.1172e+02	5.2088e+02	8.1722e+02	4.9536e+02	1.0137e+03	4.4601e+02	3.1116e+02	-4.0575e+02	-3.6643e+02	-1.6343e+03	8.7691e+02	6.1025e+01	8.2894e+02	-1.7697e+03	-1.3250e+03	7.1440e+02	1.7054e+02	7.3485e+02	4.2849e+02	-7.7557e+01	1.4334e+03	1.0274e+02	-5.0989e+02	-1.3792e+03	-8.5451e+01	-8.4633e+02	-2.3193e+02	-8.8746e+02	-2.5575e+02	1.2446e+03	-1.8990e+03	-1.1676e+02	-9.3830e+02	-4.3112e+02	2.0983e+02	1.0340e+03	-2.0991e+02	4.4371e+02	-5.2937e+02	-5.2434e+01	2.1254e+03	-2.7529e+03	4.6620e+02	1.5169e+02
1.6000e+05	2.1488e+03	-3.5094e+02	-1.2420e+03	-1.2431e+03	5.0026e+02	-1.0037e+03	-1.3091e+03	1.1415e+03	1.8701e+03	1.7691e+03	9.4565e+02	7.9314e+02	-1.2974e+03	-9.8756e+02	-6.5344e+01	-7.8514e+02	-2.4300e+03	1.6063e+03	-6.3956e+02	1.8215e+01	2.5228e+03	3.5522e+03	2.2822e+03	-3.9787e+02	-1.3227e+03	1.7043e+03	1.4147e+03	-2.9925e+02	1.3227e+03	-2.1084e+03	-7.7523e+02	8.9586e+02	-6.8007e+02	1.1908e+03	1.5089e+03	-1.9251e+03	-2.1321e+03	1.5314e+03	2.7612e+03	-7.6430e+02	-3.3254e+03	8.7955e+02	-1.4248e+03	-8.3874e+02	4.4462e+02	1.2094e+03	6.4490e+02	-1.8425e+03	2.2993e+02	-1.3889e+03	-1.3490e+03	1.2516e+02	1.9222e+03	8.4462e+02	-7.3476e+02	-3.4061e+01	-9.3250e+02	1.8291e+03	-1.0349e+03	1.0699e+02	2.1526e+03	1.4090e+03	-8.7489e+02	-1.3177e+03	7.6569e+02	-9.8384e+02	1.7440e+02	-2.3207e+03	2.5129e+02	-9.8103e+00	2.7667e+02	1.3622e+03	7.1959e+01	1.5946e+03	-1.4543e+03	-9.9024e+02	-2.7181e+02	8.5748e+02	1.9655e+03	-1.9055e+03	1.7597e+03	2.5577e+02	-1.5377e+03	-1.0801e+03	1.6793e+02	-4.9845e+02	-1.5047e+03	-2.9103e+02	1.0882e+03	8.3944e+02	2.9872e+03	5.6625e+02	-4.4862e+03	-1.2452e+03	-5.8552e+02	-1.1894e+03	1.1060e+03	-1.2447e+03	-2.2507e+03	2.6886e+03	-1.1590e+03	1.0127e+03	-2.5641e+02	2.7411e+02	2.7362e+02	1.7158e+03	1.4935e+03	-1.1986e+03	-8.3269e+02	-9.4538e+02	-1.2322e+02	-1.4106e+03	3.1784e+02	3.8650e+02	1.1534e+02	-4.2418e+02	-1.9028e+03	-1.8860e+03	-3.0775e+03	-6.3677e+02	-1.2366e+01	4.3383e+02	1.4144e+03	-1.1185e+02	2.0776e+03	3.2552e+02	-2.3507e+03	1.6441e+03	8.8102e+02	1.4501e+03	1.5508e+03	2.9476e+03	1.5386e+03	-3.8444e+03	-2.3349e+03	3.9893e+02	-3.2973e+03	2.5564e+02	6.0553e+02	1.1751e+03	1.5789e+03	-1.0798e+03	6.6570e+02	-4.0927e+02	1.4783e+03	1.7998e+03	3.3208e+03	1.0521e+03	-3.0672e+02	-3.2598e+03	-5.2102e+02	8.5322e+02	1.9399e+03	-5.8647e+02	-1.4137e+03	-5.9309e+02	-9.0464e+02	1.6208e+02	3.2812e+03	-3.2614e+01	1.1250e+02	3.6411e+03	-9.5095e+02	1.4812e+03	-6.9931e+02	-9.3449e+02	-2.6841e+02	3.5432e+03	-4.8107e+02	1.3705e+03	-2.4708e+03	5.7642e+02	1.9886e+02	5.0191e+02	2.9925e+03	7.9886e+02	3.2595e+03	-3.1544e+03	-8.4645e+02	-3.9050e+03	1.3775e+03	-1.8338e+03	3.5121e+02	-1.5670e+03	9.3168e+02	3.7518e+02	-9.0319e+02	-2.4490e+02	2.6893e+02	-4.2165e+02	-9.6379e+02	1.0290e+03	-1.2159e+03	-8.6368e+02	-2.5825e+03	-1.7208e+03	-1.6528e+03	-3.5939e+01	-9.8192e+02	4.3670e+03
1.8000e+05	7.4191e+02	1.3397e+02	-4.5426e+02	2.8232e+02	-3.0589e+02	-2.4599e+02	-8.5213e+02	1.9350e+02	-5.0720e+00	-8.4196e+02	-3.4490e+02	3.1372e+01	-3.2570e+02	-2.4152e+02	-1.4510e+03	5.2855e+02	1.7872e+03	1.9212e+02	-1.4817e+02	-2.2361e+03	3.7014e+02	3.3699e+01	-1.7954e+03	-3.5582e+02	-2.0297e+02	-9.0950e+02	-2.2042e+03	-1.1912e+03	1.5666e+03	5.8933e+02	-2.0653e+03	4.7053e+02	-1.1542e+03	-6.3974e+02	1.3097e+03	-3.2143e+02	-6.0563e+02	-7.0204e+02	-1.8972e+03	-7.4796e+02	-1.2405e+03	9.4062e+02	2.1129e+02	-1.4410e+03	1.1403e+02	2.3167e+02	-8.1619e+02	-2.9249e+02	-1.5595e+03	-4.7379e+02	-6.8276e+02	-8.9253e+02	-7.7968e+02	-1.7945e+03	8.0042e+01	-4.8386e+02	3.6116e+02	3.5210e+01	2.0741e+02	-7.5446e+02	1.5069e+02	4.6402e+01	-1.2578e+03	2.3642e+02	1.0049e+03	-5.9868e+02	-8.9537e+01	-1.2789e+03	5.5675e+02	4.5334e+02	-8.3862e+02	-7.4224e+02	2.8119e+02	1.7351e+02	-2.1432e+02	6.4342e+02	-1.0868e+03	2.9589e+02	8.2826e+01	-2.5843e+03	-2.2549e+02	-7.0095e+02	1.0606e+01	-1.5229e+03	9.2418e+02	1.9631e+03	-8.6358e+02	1.4124e+03	2.4057e+03	1.5327e+01	-3.2748e+02	-4.7171e+02	-1.7835e+03	-8.3790e+02	-1.6924e+03	-1.5308e+03	1.1428e+03	2.3876e+02	-1.6189e+01	-1.2377e+03	-5.1689e+02	-8.2161e+02	-7.0215e+02	-1.2330e+03	-6.1523e+02	-5.7117e+01	-1.4488e+03	5.5419e+02	1.3813e+03	-9.8694e+02	-1.2587e+03	1.7788e+03	3.4839e+02	-3.5576e+02	6.7329e+02	8.3844e+02	-4.5252e+02	1.1919e+03	-1.9175e+03	6.6825e+02	-2.9248e+03	4.6666e+02	-3.5461e+02	-1.1952e+01	-5.7505e+02	3.7722e+02	5.9287e+02	1.3212e+03	6.8156e+02	2.8967e+02	-5.1857e+02	-9.5257e+02	-4.3759e+02	1.2418e+03	-5.8265e+02	4.0640e+01	-1.8959e+03	2.2740e+02	-1.1910e+03	9.6421e+02	3.6144e+01	6.6952e+02	-9.1700e+02	1.3732e+03	-1.1495e+03	-9.4837e+02	1.2653e+02	2.0416e+02	-1.4642e+03	-6.1337e+02	-3.3868e+02	9.5055e+01	7.1194e+02	-1.2522e+03	8.2572e+01	-4.7328e+02	-2.4121e+02	-1.6256e+02	7.4753e+02	8.1638e+02	1.0199e+03	2.9029e+02	9.8324e+02	-2.6246e+02	-4.5692e+02	-2.2452e+03	1.9254e+03	-6.8864e+01	1.2488e+03	-1.5906e+03	-8.0515e+02	4.7216e+02	-5.7312e+02	8.1751e+02	4.1778e+02	-2.1928e+02	8.7883e+02	-2.6437e+02	-1.8154e+02	-8.3322e+02	1.4903e+02	-1.0342e+03	-9.2636e+02	-8.9175e+02	-4.2491e+02	7.7590e+02	-1.0877e+03	-2.6794e+01	-8.2150e+02	1.5252e+02	2.0317e+02	1.1057e+03	-1.0784e+02	3.4285e+00	-1.0102e+03	-4.3838e+02	2.4219e+03	-2.6335e+03	3.1603e+02	4.2846e+02
1.8000e+05	2.3621e+03	1.7625e+02	-1.7491e+03	-1.6667e+03	7.6993e+02	-1.6451e+03	-1.3559e+03	1.2104e+03	2.0190e+03	1.7286e+03	1.6938e+03	1.0007e+03	-1.5099e+03	-7.7997e+01	2.4192e+02	2.3753e+02	-2.0499e+03	3.8409e+02	-9.6601e+02	2.5205e+01	1.8251e+03	4.1635e+03	1.8782e+03	-6.8257e+01	-1.6233e+03	1.8894e+03	1.9970e+03	-1.1758e+01	5.6418e+02	-2.0523e+03	-9.5438e+02	2.2826e+03	4.5461e+02	1.4695e+03	8.5432e+02	-2.7393e+03	-1.5798e+03	1.9193e+03	3.3982e+03	-8.5338e+02	-4.6238e+03	9.4943e+02	-1.1249e+03	-9.9848e+02	7.4251e+02	1.2340e+03	-3.4727e+02	-2.2138e+03	5.5032e+02	-1.7668e+03	-1.4277e+03	3.9925e+02	2.4402e+03	7.6770e+02	-3.7136e+02	6.7785e+02	-1.5109e+03	2.4448e+03	-1.5347e+03	9.3122e+02	1.9774e+03	1.1047e+03	-1.7764e+03	-1.4931e+03	1.8704e+03	-6.2047e+02	-4.5269e+02	-2.4818e+03	-2.6027e+02	7.8603e+01	1.2718e+03	1.3307e+03	-2.3621e+02	1.1083e+03	-2.0212e+03	-1.0087e+03	-6.0946e+02	1.1820e+03	2.1882e+03	-8.5014e+02	2.1724e+03	4.8543e+02	-1.3063e+03	-1.2288e+03	3.9653e+01	-1.1447e+03	-1.3176e+03	-2.8852e+02	1.1475e+03	1.8317e+03	3.2934e+03	2.3735e+02	-5.3621e+03	-1.4297e+03	-1.2008e+03	-1.7988e+03	8.1672e+02	-4.4560e+02	-2.8571e+03	1.5270e+03	-1.0345e+03	1.4219e+03	6.1676e+02	-2.2208e+02	-9.0772e+01	1.1109e+03	1.1323e+03	-3.3287e+02	7.3344e+01	-2.3772e+02	-9.3870e+02	-2.0760e+03	9.1705e+02	4.1662e+02	1.1551e+03	-6.3537e+02	-1.9595e+03	-1.2284e+03	-2.7890e+03	-3.9894e+02	1.8413e+02	5.0506e+02	1.0141e+03	3.6176e+02	1.5042e+03	5.7933e+02	-2.6727e+03	1.3594e+03	2.0262e+03	8.9901e+02	1.3842e+03	3.3214e+03	1.2641e+03	-3.3274e+03	-3.0696e+03	6.4212e+02	-2.6960e+03	7.7388e+02	6.3264e+02	2.1365e+03	1.4784e+03	-1.2026e+03	-2.4966e+02	-4.0801e+02	1.8342e+03	1.9413e+03	2.9606e+03	4.1657e+02	-4.0987e+02	-3.4466e+03	-1.1453e+03	1.1467e+02	2.1612e+03	-1.9005e+03	-1.0035e+03	-6.1366e+02	-7.0974e+02	2.3456e+02	3.9130e+03	-2.1552e+02	4.6683e+02	3.4432e+03	-1.3986e+03	1.3545e+03	2.4172e+02	-3.9418e+02	-4.2840e+02	3.5893e+03	-4.0961e+02	2.1403e+03	-2.3664e+03	2.4956e+01	-1.7482e+02	5.7082e+02	2.6157e+03	-5.4642e+01	3.2985e+03	-3.6776e+03	-3.8684e+01	-3.6941e+03	2.0074e+03	-9.0942e+02	2.0526e+02	-1.7278e+03	9.5617e+02	3.5366e+02	-1.4230e+03	-1.0903e+03	5.8153e+01	-2.5662e+02	-1.3943e+03	1.2821e+03	-1.6076e+03	1.1281e+02	-2.6060e+03	-2.0859e+03	-1.1805e+03	2.1901e+02	-3.4546e+02	4.0493e+03
2.0000e+05	1.1433e+03	2.4054e+02	-1.0779e+02	-1.8951e+02	-6.1850e+02	-2.7583e+02	-1.5612e+03	1.4455e+02	-2.3422e+02	-2.1117e+02	-6.8532e+02	-1.0497e+02	-6.0878e+02	-1.9687e+02	-1.4049e+03	9.6626e+02	2.1050e+03	6.2126e+02	2.0531e+02	-1.6191e+03	6.5908e+02	5.9431e+02	-1.7628e+03	-2.3949e+02	-4.9101e+01	-9.8320e+02	-2.9191e+03	-1.2368e+03	1.2324e+03	4.7186e+02	-2.1210e+03	7.0720e+02	-1.0263e+03	-3.4501e+02	1.3527e+03	-2.0534e+02	-1.0665e+03	-9.9907e+02	-1.8808e+03	-5.2607e+02	-9.5053e+02	9.5203e+02	3.2763e+02	-1.2147e+03	5.9901e+02	6.6941e+02	-7.6552e+02	-6.9983e+01	-1.5251e+03	-7.5887e+02	-4.9451e+02	-1.2649e+03	-5.6630e+02	-1.7001e+03	1.7887e+02	-7.0917e+02	1.0131e+03	-1.8602e+02	7.8728e+02	-3.8084e+02	5.8687e+02	2.3991e+02	-1.5755e+03	-2.1156e+02	1.4318e+03	-2.3887e+02	-1.1215e+02	-1.6873e+03	-5.8410e+01	5.3706e+02	-8.9544e+02	-1.2243e+03	5.5078e+02	-1.2519e+02	6.0126e+01	3.2513e+02	-9.9054e+02	7.3257e+01	4.0185e+00	-2.0646e+03	-9.8871e+02	-5.4462e+02	5.4168e+02	-1.7535e+03	8.2958e+02	2.3586e+03	-1.2820e+03	1.4927e+03	2.3983e+03	-5.4315e+01	-3.6624e+02	-2.8811e+02	-1.5037e+03	-6.5890e+02	-2.2097e+03	-1.7135e+03	8.9418e+02	1.9986e+02	-1.6231e+02	-1.1935e+03	-1.7681e+02	-4.0566e+02	-8.0856e+02	-1.5530e+03	1.9114e+02	-1.1998e+02	-2.6223e+03	1.4983e+02	1.6523e+03	-1.0671e+03	-1.5051e+03	1.9443e+03	-5.6554e+02	-4.9167e+02	1.2724e+03	8.6509e+02	-3.6786e+02	2.0130e+03	-1.3960e+03	8.7365e+02	-2.7196e+03	5.1407e+02	4.5615e+02	-1.0312e+02	-4.8843e+02	4.1586e+02	1.5425e+02	1.4325e+03	3.1979e+02	3.4318e+02	-2.0072e+02	-5.3839e+02	-7.0086e+02	1.3805e+03	-7.0242e+02	-1.5127e+01	-1.7017e+03	-5.7888e+00	-1.3199e+03	8.8399e+02	-2.9640e+02	2.9569e+01	-1.9606e+02	1.7717e+03	-1.4360e+03	-6.5655e+02	1.7487e+02	-1.6737e+02	-2.0143e+03	-3.2916e+02	-6.3438e+02	1.0903e+02	1.2865e+03	-1.3693e+03	3.8570e+01	-5.2706e+02	-7.4397e+01	3.0946e+02	3.6497e+02	1.2149e+03	1.3915e+03	2.5759e+02	1.1714e+03	-4.0063e+01	-3.7125e+02	-2.5874e+03	1.8203e+03	1.8466e+02	1.0029e+03	-1.8742e+03	-9.3352e+02	7.8754e+02	3.5113e+01	1.1755e+03	5.9163e+02	-3.1558e+02	4.6261e+02	-7.4991e+02	-7.8369e+02	-1.2540e+02	-1.9703e+02	-1.0626e+03	-5.4725e+02	-1.5421e+03	-1.5306e+02	1.1299e+02	-1.1273e+03	3.4483e+02	-4.6901e+02	-3.1089e+02	7.2736e+02	1.0915e+03	-7.3565e+01	9.5758e+01	-4.9482e+02	-5.7121e+02	2.6938e+03	-2.4928e+03	4.9215e+02	-5.0359e+01
2.0000e+05	2.0838e+03	1.0550e+03	-1.4077e+03	-2.0302e+03	6.0886e+02	-1.1673e+03	-1.1651e+03	9.2069e+02	2.3671e+03	2.5517e+03	1.3695e+03	1.2856e+03	-2.3983e+03	-1.5717e+02	7.7991e+02	9.3869e+02	-2.3392e+03	6.3228e+02	-1.3832e+03	5.1127e+02	2.1551e+03	3.6694e+03	2.5777e+03	2.7653e+02	-1.7751e+03	1.1532e+03	1.7529e+03	-5.1871e+01	7.7896e+02	-1.5525e+03	-8.5709e+02	2.1401e+03	9.0064e+02	2.1901e+03	4.9445e+02	-2.9961e+03	-2.1740e+03	2.3017e+03	3.7678e+03	-7.9762e+02	-4.1890e+03	3.1600e+02	-2.1833e+03	-1.0125e+03	1.3195e+02	1.5166e+03	5.6144e+02	-1.4602e+03	1.1927e+02	-2.8016e+03	-1.5568e+03	3.6015e+01	2.5966e+03	9.6384e+02	-4.7405e+02	9.3999e+02	-2.5064e+03	2.7339e+03	-7.4512e+02	1.4525e+03	1.3083e+03	1.8481e+03	-2.6616e+03	-2.0197e+03	2.1277e+03	-9.7908e+02	-3.8777e+02	-1.7154e+03	-1.2009e+02	2.9497e+02	8.8715e+02	2.0938e+03	-1.0672e+03	6.8253e+02	-1.4573e+03	-1.0713e+03	-1.1756e+03	9.5411e+02	2.2442e+03	-1.3550e+03	1.4414e+03	1.6050e+02	-1.6344e+03	-1.3069e+03	-1.1064e+03	-7.9809e+02	-2.2125e+03	-8.2396e+02	5.5010e+02	2.0025e+03	2.9886e+03	7.0835e+02	-5.7121e+03	-1.0492e+03	-1.2632e+03	-1.4696e+03	8.3712e+02	-2.6391e+02	-2.9449e+03	1.8535e+03	-1.5709e+03	7.2974e+02	1.2783e+03	4.2466e+02	-4.0262e+02	1.6482e+02	2.5783e+02	-2.0805e+02	1.0307e+02	2.8122e+02	-1.0198e+03	-1.6910e+03	1.1878e+02	1.5537e+03	1.1148e+03	1.2863e+02	-2.5835e+03	-1.4753e+03	-3.6333e+03	-5.5777e+02	8.0917e+02	1.1370e+02	7.6579e+02	7.6019e+02	2.1184e+03	6.3339e+02	-2.5170e+03	1.0402e+03	2.3431e+03	5.8460e+02	1.8238e+03	3.8060e+03	1.1736e+03	-2.6915e+03	-2.9952e+03	9.1744e+02	-2.9024e+03	2.9003e+02	7.5878e+01	1.0331e+03	1.3709e+03	-4.7951e+02	1.7017e+02	2.1090e+02	2.4934e+03	1.6487e+03	4.2710e+03	1.0819e+03	-9.0545e+02	-3.7451e+03	-8.4664e+02	1.9083e+02	9.6083e+02	-1.4287e+03	-1.1317e+03	-3.1422e+02	-1.0449e+03	1.0351e+02	3.1458e+03	-9.2824e+02	5.3352e+02	2.8053e+03	-1.0639e+03	1.7180e+03	5.2768e+01	-4.9562e+02	-7.0006e+02	4.5071e+03	-1.2296e+03	1.8932e+03	-2.1491e+03	-7.2472e+02	-2.1628e+01	1.2248e+03	2.8013e+03	-4.9588e+02	2.9040e+03	-3.6020e+03	5.6336e+02	-3.5597e+03	3.2184e+03	6.1323e+02	5.6757e+02	-1.6038e+03	8.6358e+02	6.6570e+01	-1.4592e+03	-1.4553e+03	8.0122e+00	2.2029e+02	-2.7404e+03	8.9394e+02	-1.5110e+03	6.7746e+02	-1.6007e+03	-2.7101e+03	-1.5583e+03	2.1591e+02	-1.0482e+03	4.5222e+03
