2.0000e+05	7.6962e+04
2.0000e+05	7.7032e+04
2.0000e+05	7.7253e+04
2.0000e+05	7.8134e+04
2.0000e+05	7.9375e+04
2.0000e+05	8.1255e+04
2.0000e+05	8.3059e+04
2.0000e+05	8.4375e+04
2.0000e+05	8.6845e+04
2.0000e+05	8.9020e+04
2.0000e+05	9.1763e+04
2.0000e+05	9.5001e+04
2.0000e+05	9.7993e+04
2.0000e+05	1.0170e+05
2.0000e+05	1.0489e+05
2.0000e+05	1.0762e+05
2.0000e+05	1.1163e+05
2.0000e+05	1.1478e+05
2.0000e+05	1.1692e+05
2.0000e+05	1.2063e+05
2.0000e+05	1.2302e+05
2.0000e+05	1.2636e+05
2.0000e+05	1.2871e+05
2.0000e+05	1.3045e+05
2.0000e+05	1.3006e+05
2.0000e+05	1.2496e+05
2.0000e+05	1.2352e+05
2.0000e+05	1.2408e+05
2.0000e+05	1.2582e+05
2.0000e+05	1.2607e+05
2.0000e+05	1.2722e+05
2.0000e+05	1.2676e+05
2.0000e+05	1.2615e+05
2.0000e+05	1.2580e+05
2.0000e+05	1.2506e+05
2.0000e+05	1.2510e+05
2.0000e+05	1.2592e+05
2.0000e+05	1.2556e+05
2.0000e+05	1.2570e+05
2.0000e+05	1.2527e+05
2.0000e+05	1.2526e+05
2.0000e+05	1.2479e+05
2.0000e+05	1.2489e+05
2.0000e+05	1.2438e+05
2.0000e+05	1.2486e+05
2.0000e+05	1.2455e+05
2.0000e+05	1.2434e+05
2.0000e+05	1.2371e+05
2.0000e+05	1.2362e+05
2.0000e+05	1.2358e+05
2.0000e+05	1.2334e+05
2.0000e+05	1.2299e+05
2.0000e+05	1.2260e+05
2.0000e+05	1.2261e+05
2.0000e+05	1.2250e+05
2.0000e+05	1.2223e+05
2.0000e+05	1.2176e+05
2.0000e+05	1.2125e+05
2.0000e+05	1.2098e+05
2.0000e+05	1.2079e+05
2.0000e+05	1.2074e+05
2.0000e+05	1.2032e+05
2.0000e+05	1.2032e+05
2.0000e+05	1.1909e+05
2.0000e+05	1.1888e+05
2.0000e+05	1.1895e+05
2.0000e+05	1.1835e+05
2.0000e+05	1.1823e+05
2.0000e+05	1.1836e+05
2.0000e+05	1.1713e+05
2.0000e+05	1.1683e+05
2.0000e+05	1.1618e+05
2.0000e+05	1.1622e+05
2.0000e+05	1.1610e+05
2.0000e+05	1.1496e+05
2.0000e+05	1.1470e+05
2.0000e+05	1.1443e+05
2.0000e+05	1.1390e+05
2.0000e+05	1.1393e+05
2.0000e+05	1.1328e+05
2.0000e+05	1.1282e+05
2.0000e+05	1.1264e+05
2.0000e+05	1.1180e+05
2.0000e+05	1.1122e+05
2.0000e+05	1.1050e+05
2.0000e+05	1.1019e+05
2.0000e+05	1.1014e+05
2.0000e+05	1.0962e+05
2.0000e+05	1.0942e+05
2.0000e+05	1.0863e+05
2.0000e+05	1.0823e+05
2.0000e+05	1.0785e+05
2.0000e+05	1.0714e+05
2.0000e+05	1.0721e+05
2.0000e+05	1.0647e+05
2.0000e+05	1.0576e+05
2.0000e+05	1.0515e+05
2.0000e+05	1.0471e+05
2.0000e+05	1.0437e+05
2.0000e+05	1.0401e+05
2.0000e+05	1.0372e+05
2.0000e+05	1.0242e+05
2.0000e+05	1.0267e+05
2.0000e+05	1.0261e+05
2.0000e+05	1.0168e+05
2.0000e+05	1.0106e+05
2.0000e+05	1.0092e+05
2.0000e+05	9.9918e+04
2.0000e+05	9.9737e+04
2.0000e+05	9.9669e+04
2.0000e+05	9.9081e+04
2.0000e+05	9.8674e+04
2.0000e+05	9.8090e+04
2.0000e+05	9.7473e+04
2.0000e+05	9.6903e+04
2.0000e+05	9.6408e+04
2.0000e+05	9.6608e+04
2.0000e+05	9.5920e+04
2.0000e+05	9.5088e+04
2.0000e+05	9.4837e+04
2.0000e+05	9.4849e+04
2.0000e+05	9.4401e+04
2.0000e+05	9.3629e+04
2.0000e+05	9.3371e+04
2.0000e+05	9.2848e+04
2.0000e+05	9.2421e+04
2.0000e+05	9.2522e+04
2.0000e+05	9.1948e+04
2.0000e+05	9.1751e+04
2.0000e+05	9.0954e+04
2.0000e+05	9.0581e+04
2.0000e+05	9.0337e+04
2.0000e+05	8.9962e+04
2.0000e+05	8.9669e+04
2.0000e+05	8.9247e+04
2.0000e+05	8.8706e+04
2.0000e+05	8.8790e+04
2.0000e+05	8.8484e+04
2.0000e+05	8.8099e+04
2.0000e+05	8.7591e+04
2.0000e+05	8.7026e+04
2.0000e+05	8.6977e+04
2.0000e+05	8.6494e+04
2.0000e+05	8.6242e+04
2.0000e+05	8.6136e+04
2.0000e+05	8.5239e+04
2.0000e+05	8.5125e+04
2.0000e+05	8.5128e+04
2.0000e+05	8.4748e+04
2.0000e+05	8.3696e+04
2.0000e+05	8.4481e+04
2.0000e+05	8.4180e+04
2.0000e+05	8.3701e+04
2.0000e+05	8.3317e+04
2.0000e+05	8.2841e+04
2.0000e+05	8.2571e+04
2.0000e+05	8.2983e+04
2.0000e+05	8.1521e+04
2.0000e+05	8.2061e+04
2.0000e+05	8.1678e+04
2.0000e+05	8.1778e+04
2.0000e+05	8.1584e+04
2.0000e+05	8.1094e+04
2.0000e+05	8.0655e+04
2.0000e+05	7.9781e+04
2.0000e+05	8.0088e+04
2.0000e+05	8.0543e+04
2.0000e+05	7.9719e+04
2.0000e+05	7.9860e+04
2.0000e+05	8.0044e+04
2.0000e+05	7.9727e+04
2.0000e+05	7.9174e+04
2.0000e+05	7.9170e+04
2.0000e+05	7.8750e+04
2.0000e+05	7.8722e+04
2.0000e+05	7.8988e+04
2.0000e+05	7.8708e+04
2.0000e+05	7.8268e+04
2.0000e+05	7.8257e+04
2.0000e+05	7.8451e+04
2.0000e+05	7.7588e+04
2.0000e+05	7.7929e+04
2.0000e+05	7.7591e+04
2.0000e+05	7.7670e+04
2.0000e+05	7.7527e+04
2.0000e+05	7.8121e+04
2.0000e+05	7.7622e+04
2.0000e+05	7.7383e+04
2.0000e+05	7.7218e+04
2.0000e+05	7.7518e+04
2.0000e+05	7.7353e+04
2.0000e+05	7.7302e+04
2.0000e+05	7.6933e+04
2.0000e+05	7.6709e+04
2.0000e+05	7.6766e+04
2.0000e+05	7.6907e+04
2.0000e+05	7.6980e+04
2.0000e+05	7.6728e+04
2.0000e+05	7.6928e+04
2.0000e+05	7.6371e+04
