2.0000e+05	7.6545e+04
2.0000e+05	7.6974e+04
2.0000e+05	7.7542e+04
2.0000e+05	7.8009e+04
2.0000e+05	7.9171e+04
2.0000e+05	8.0760e+04
2.0000e+05	8.2352e+04
2.0000e+05	8.4558e+04
2.0000e+05	8.6754e+04
2.0000e+05	8.9202e+04
2.0000e+05	9.2179e+04
2.0000e+05	9.4667e+04
2.0000e+05	9.8268e+04
2.0000e+05	1.0106e+05
2.0000e+05	1.0467e+05
2.0000e+05	1.0878e+05
2.0000e+05	1.1161e+05
2.0000e+05	1.1432e+05
2.0000e+05	1.1774e+05
2.0000e+05	1.2010e+05
2.0000e+05	1.2339e+05
2.0000e+05	1.2589e+05
2.0000e+05	1.2866e+05
2.0000e+05	1.2985e+05
2.0000e+05	1.3026e+05
2.0000e+05	1.2559e+05
2.0000e+05	1.2313e+05
2.0000e+05	1.2374e+05
2.0000e+05	1.2565e+05
2.0000e+05	1.2706e+05
2.0000e+05	1.2706e+05
2.0000e+05	1.2653e+05
2.0000e+05	1.2602e+05
2.0000e+05	1.2520e+05
2.0000e+05	1.2518e+05
2.0000e+05	1.2554e+05
2.0000e+05	1.2541e+05
2.0000e+05	1.2563e+05
2.0000e+05	1.2541e+05
2.0000e+05	1.2567e+05
2.0000e+05	1.2414e+05
2.0000e+05	1.2544e+05
2.0000e+05	1.2544e+05
2.0000e+05	1.2395e+05
2.0000e+05	1.2405e+05
2.0000e+05	1.2459e+05
2.0000e+05	1.2438e+05
2.0000e+05	1.2418e+05
2.0000e+05	1.2377e+05
2.0000e+05	1.2332e+05
2.0000e+05	1.2337e+05
2.0000e+05	1.2316e+05
2.0000e+05	1.2297e+05
2.0000e+05	1.2218e+05
2.0000e+05	1.2180e+05
2.0000e+05	1.2218e+05
2.0000e+05	1.2161e+05
2.0000e+05	1.2178e+05
2.0000e+05	1.2153e+05
2.0000e+05	1.2095e+05
2.0000e+05	1.2049e+05
2.0000e+05	1.1988e+05
2.0000e+05	1.1974e+05
2.0000e+05	1.1929e+05
2.0000e+05	1.1942e+05
2.0000e+05	1.1924e+05
2.0000e+05	1.1811e+05
2.0000e+05	1.1813e+05
2.0000e+05	1.1798e+05
2.0000e+05	1.1716e+05
2.0000e+05	1.1645e+05
2.0000e+05	1.1690e+05
2.0000e+05	1.1636e+05
2.0000e+05	1.1584e+05
2.0000e+05	1.1531e+05
2.0000e+05	1.1477e+05
2.0000e+05	1.1483e+05
2.0000e+05	1.1391e+05
2.0000e+05	1.1345e+05
2.0000e+05	1.1277e+05
2.0000e+05	1.1285e+05
2.0000e+05	1.1314e+05
2.0000e+05	1.1212e+05
2.0000e+05	1.1104e+05
2.0000e+05	1.1158e+05
2.0000e+05	1.0982e+05
2.0000e+05	1.1000e+05
2.0000e+05	1.0923e+05
2.0000e+05	1.0910e+05
2.0000e+05	1.0870e+05
2.0000e+05	1.0798e+05
2.0000e+05	1.0764e+05
2.0000e+05	1.0758e+05
2.0000e+05	1.0655e+05
2.0000e+05	1.0635e+05
2.0000e+05	1.0564e+05
2.0000e+05	1.0468e+05
2.0000e+05	1.0487e+05
2.0000e+05	1.0478e+05
2.0000e+05	1.0415e+05
2.0000e+05	1.0269e+05
2.0000e+05	1.0362e+05
2.0000e+05	1.0287e+05
2.0000e+05	1.0188e+05
2.0000e+05	1.0201e+05
2.0000e+05	1.0144e+05
2.0000e+05	1.0056e+05
2.0000e+05	1.0067e+05
2.0000e+05	9.9949e+04
2.0000e+05	9.9007e+04
2.0000e+05	9.8872e+04
2.0000e+05	9.8992e+04
2.0000e+05	9.8480e+04
2.0000e+05	9.8168e+04
2.0000e+05	9.7484e+04
2.0000e+05	9.6457e+04
2.0000e+05	9.6218e+04
2.0000e+05	9.6317e+04
2.0000e+05	9.5048e+04
2.0000e+05	9.4894e+04
2.0000e+05	9.5040e+04
2.0000e+05	9.4305e+04
2.0000e+05	9.4200e+04
2.0000e+05	9.3246e+04
2.0000e+05	9.3231e+04
2.0000e+05	9.2450e+04
2.0000e+05	9.1954e+04
2.0000e+05	9.1797e+04
2.0000e+05	9.1508e+04
2.0000e+05	9.0835e+04
2.0000e+05	9.0578e+04
2.0000e+05	9.0173e+04
2.0000e+05	8.9964e+04
2.0000e+05	8.9784e+04
2.0000e+05	8.9732e+04
2.0000e+05	8.8847e+04
2.0000e+05	8.8333e+04
2.0000e+05	8.8049e+04
2.0000e+05	8.7794e+04
2.0000e+05	8.6877e+04
2.0000e+05	8.7344e+04
2.0000e+05	8.6308e+04
2.0000e+05	8.6786e+04
2.0000e+05	8.6434e+04
2.0000e+05	8.5799e+04
2.0000e+05	8.5311e+04
2.0000e+05	8.4947e+04
2.0000e+05	8.4604e+04
2.0000e+05	8.4987e+04
2.0000e+05	8.4010e+04
2.0000e+05	8.3973e+04
2.0000e+05	8.3262e+04
2.0000e+05	8.3533e+04
2.0000e+05	8.3438e+04
2.0000e+05	8.3088e+04
2.0000e+05	8.3151e+04
2.0000e+05	8.2496e+04
2.0000e+05	8.2278e+04
2.0000e+05	8.1763e+04
2.0000e+05	8.1855e+04
2.0000e+05	8.1669e+04
2.0000e+05	8.1789e+04
2.0000e+05	8.0491e+04
2.0000e+05	8.0093e+04
2.0000e+05	8.0983e+04
2.0000e+05	8.1243e+04
2.0000e+05	8.0104e+04
2.0000e+05	8.0223e+04
2.0000e+05	8.0248e+04
2.0000e+05	7.9359e+04
2.0000e+05	7.9453e+04
2.0000e+05	7.9620e+04
2.0000e+05	7.9522e+04
2.0000e+05	7.9009e+04
2.0000e+05	7.9126e+04
2.0000e+05	7.9200e+04
2.0000e+05	7.8576e+04
2.0000e+05	7.8543e+04
2.0000e+05	7.8501e+04
2.0000e+05	7.8168e+04
2.0000e+05	7.7960e+04
2.0000e+05	7.7487e+04
2.0000e+05	7.8075e+04
2.0000e+05	7.7698e+04
2.0000e+05	7.7265e+04
2.0000e+05	7.7718e+04
2.0000e+05	7.7732e+04
2.0000e+05	7.7581e+04
2.0000e+05	7.7059e+04
2.0000e+05	7.7211e+04
2.0000e+05	7.7193e+04
2.0000e+05	7.7380e+04
2.0000e+05	7.7146e+04
2.0000e+05	7.6755e+04
2.0000e+05	7.7356e+04
2.0000e+05	7.6974e+04
2.0000e+05	7.7145e+04
2.0000e+05	7.6521e+04
2.0000e+05	7.6787e+04
2.0000e+05	7.6589e+04
