2.0000e+04	3.8813e+01	-1.5324e+02	-9.3743e+01	1.5671e+02	9.8539e+01	-4.3429e+02	2.3120e+01	3.0754e+02	1.4914e+02	3.8449e+01	-5.1073e+02	-2.7606e+02	3.2366e+02	-2.7617e+02	7.8709e+01	-3.8845e+01	2.3883e+02	9.3694e+01	2.2040e+02	-1.1358e+02	7.7359e+02	2.5129e+02	2.0561e+01	8.9671e+02	-3.3758e+02	4.0359e+02	6.5312e+02	-5.6892e+02	-6.9893e+01	-2.6207e+02	2.8984e+02	2.6321e+02	2.5328e+02	-3.9707e+02	-2.5588e+02	-2.5481e+02	5.8373e+02	-9.8970e+01	4.1240e+02	3.1866e+02	7.4517e+01	4.7406e+02	-4.4216e+02	-1.7579e+02	-1.4384e+02	-5.0123e+02	1.8535e+01	4.9927e+02	2.7385e+02	-1.1901e+02	-9.1922e+02	5.1283e+02	-6.7104e+01	-2.1347e+02	-2.1214e+02	-1.8343e+02	-1.1920e+01	-1.8970e+02	9.9018e+01	4.6983e+02	-6.4333e+00	-1.4625e+02	-1.3859e+02	4.9780e+02	1.0141e+02	1.4634e+02	-4.5605e+02	4.8653e+02	8.2520e+02	-4.1074e+02	7.6611e+01	-5.9742e+01	-2.5672e+02	-6.4580e+01	1.7213e+02	6.7772e+02	-1.7115e+02	1.7953e+02	-1.1289e+02	-2.0011e+02	-5.9343e+02	-1.1024e+02	-7.8809e+02	6.5831e+02	-7.9212e+02	9.7702e+01	-2.9037e+02	2.2647e+02	2.5120e+02	4.5157e+02	1.3067e+02	-3.2137e+02	-9.1294e+01	5.3554e+02	4.5302e+02	2.8269e+01	5.8165e+00	1.8273e+02	-2.7014e+02	4.3894e+02	-2.6059e+01	3.6729e+02	-5.5556e+01	-4.1027e+02	1.5678e+01	-1.1155e+02	4.8220e+02	4.3846e+02	8.2997e+00	-3.5523e+02	-1.5421e+02	-1.5622e+02	2.7921e+02	3.1067e+02	6.2355e+01	2.7485e+02	6.5930e+01	2.5926e+02	1.9666e+01	4.0849e+02	5.2791e+01	2.0599e+02	1.6015e+02	-5.8498e+02	-2.3628e+01	-1.0784e+02	2.5077e+02	-5.6567e+02	-7.9694e+02	6.1919e+02	-9.9703e+01	4.1943e+02	-8.0288e+02	1.7265e+02	-4.3571e+02	4.0372e+02	4.1369e+01	4.3257e+00	-2.0201e+02	2.7982e+02	-1.5706e+02	-2.5678e+02	-8.3619e+02	1.3425e+02	-3.8153e+02	4.7489e+02	-1.0947e+02	2.9208e+01	1.0560e+02	-6.3431e+01	1.0857e+02	4.1858e+01	4.5641e+02	3.7690e+02	-1.1897e+02	-1.4709e+02	7.4278e+01	-3.9792e+01	-1.9356e+02	-5.0540e+01	-3.6500e+02	2.6067e+02	7.3647e+02	-3.7407e+02	5.6845e+02	2.9754e+02	2.0802e+02	-4.4822e+02	-4.1388e+02	1.3048e+02	2.3395e+02	3.6303e+02	3.2594e+02	-1.4547e+02	-1.9344e+02	2.3182e+02	2.1306e+02	4.9344e+02	7.7103e+02	1.2322e+02	-2.6539e+02	-1.7792e+02	4.8431e+02	-4.5519e+02	-3.0050e+02	3.9860e+02	-2.4251e+02	6.6040e+02	4.5588e+02	-5.1973e+01	2.6051e+02	-7.9813e+02	-1.6841e+02	2.0232e+02	-2.4124e+02	-8.7436e+01	3.9748e+02	4.9259e+02	-6.5617e+01	2.8602e+02
2.0000e+04	4.7530e+02	6.5312e+02	9.9857e+02	-2.1875e+02	1.7787e+02	1.3441e+02	-4.4018e+02	-2.4585e+02	-4.2401e+02	-4.8140e+02	6.5423e+02	-5.5900e+02	2.4625e+02	-4.1427e+02	-8.8215e+02	-4.6024e+02	1.5405e+02	-9.8929e+02	-3.4888e+02	-6.1117e+02	1.5231e+03	4.7437e+02	1.5605e+02	4.9021e+02	-1.7009e+02	-5.1818e+01	-2.0365e+02	-1.5042e+02	-1.9294e+02	6.2013e+02	-3.2757e+02	6.1076e+02	-3.1627e+01	5.9317e+02	-4.5541e+02	-5.8816e+01	3.3192e+02	7.1112e+02	8.0924e+01	1.9022e+02	-3.9566e+01	1.5079e+03	-9.6751e+02	2.4904e+02	5.2299e+02	1.1377e+03	7.9160e+02	-4.0482e+02	1.2917e+02	-9.2719e+02	-7.0156e+02	2.3927e+02	1.2175e+02	-2.1451e+02	-3.5072e+02	-1.0119e+01	4.2128e+02	5.1477e+02	-4.0082e+02	3.8438e+02	-5.7422e+02	-3.9375e+02	-3.8521e+02	-2.3179e+02	-3.3366e+02	1.8260e+02	-1.8634e+02	-6.2949e+02	-5.4936e+02	-2.5946e+02	1.6774e+02	7.7913e+00	-2.1364e+02	-1.5374e+02	-8.2416e+02	1.8617e+02	-7.8011e+02	-1.0824e+03	-1.1762e+02	9.4717e+01	-2.7041e+02	-2.7984e+02	-1.2506e+02	9.5139e+02	3.8269e+02	2.7113e+02	-1.5314e+03	-1.0877e+03	-1.3159e+02	-9.7607e+02	6.8538e+02	6.0386e+02	7.0206e+02	-6.4927e+02	6.6595e+02	2.7497e+02	9.5881e+02	-4.7907e+02	4.0281e+01	-5.3899e+02	2.7754e+02	-1.8782e+02	-1.3150e+02	1.1565e+03	-1.4334e+02	3.5375e+02	-9.9735e+01	-6.8067e+02	2.6038e+02	-4.8785e+02	1.4782e+02	4.8254e+02	1.1468e+03	-1.1615e+03	-1.0610e+03	1.4733e+01	5.9230e+02	8.0990e+02	1.2739e+03	-2.5470e+02	1.6598e+02	1.5613e+02	1.2901e+02	-8.2248e+02	-8.5367e+02	6.0100e+02	2.6054e+02	2.1547e+02	2.9354e+02	-8.9387e+02	-9.1171e+02	8.1561e+02	2.0749e+02	9.7991e+02	-5.5671e+02	-3.9188e+02	7.3054e+02	3.4599e+02	-2.5757e+02	-2.5017e+02	-1.8462e+02	-2.0973e+02	2.0617e+02	-4.0935e+02	-4.4579e+01	2.3470e+02	6.5819e+01	-1.2007e+02	1.0895e+03	7.0385e+02	-3.0722e+02	9.2806e+01	-6.4441e+01	1.1560e+02	9.9517e+02	1.4666e+02	-2.5157e+02	5.3748e+02	-1.4292e+02	-5.1445e+02	9.9388e+02	-1.5518e+02	6.2404e+02	4.6429e+02	5.3122e+02	-3.1346e+02	-6.5971e+02	3.0008e+02	6.0079e+02	-3.4679e+01	6.0240e+02	-2.2516e+02	-5.0802e+02	1.1397e+02	5.6337e+02	4.0391e+02	-6.1279e+02	-1.2680e+03	1.5600e+03	4.6541e+02	-3.9502e+02	-1.3844e+03	-1.6603e+02	7.0263e+02	-4.6589e+01	2.6669e+02	-7.3589e+02	-5.9110e+02	7.7176e+02	9.9832e+01	9.2997e+02	-2.0311e+02	1.1900e+02	2.7131e+01	8.1093e+02	-1.0134e+02	8.8441e+01	1.3664e+03	6.3391e+02	-4.6975e+02
4.0000e+04	-4.3802e+02	5.2567e+02	-1.4687e+02	-3.6406e+02	-5.0395e+02	-9.4416e+01	8.0756e+01	-1.9894e+02	2.6049e+02	5.6322e+02	-6.1933e+02	3.7002e+02	-2.6416e+02	-4.7147e+02	-2.1613e+02	8.1812e+02	2.3509e+02	1.2925e+02	1.6863e+02	-2.9427e+02	2.4059e+02	6.3684e+02	-2.1363e+02	1.1259e+03	-5.9851e+02	7.6118e+02	1.4212e+03	-2.8769e+02	-8.9413e+01	3.3553e+02	1.0541e+02	2.5459e+02	-1.6201e+01	-2.4862e+01	-3.6649e+02	4.6086e+02	1.0487e+03	4.1611e+02	4.1548e+02	9.0402e+02	3.1303e+01	-2.7495e+02	4.6923e+01	-2.7916e+02	-4.0693e+02	-2.9930e+02	6.9692e+01	9.7162e+02	8.1789e+02	-3.6736e+01	-9.6052e+02	1.9624e+02	4.9480e+02	-4.3049e+02	-4.7325e+02	-2.1596e+02	-1.4613e+02	-3.3310e+02	1.4624e+00	1.0181e+03	4.3326e+02	-1.2538e+02	-8.9665e+01	4.2852e+02	5.5461e+02	9.6979e+02	-9.4921e+02	8.7989e+02	1.2436e+03	-5.7818e+02	4.7005e+02	-1.1389e+02	-1.6779e+02	-1.8365e+02	1.0634e+02	9.9861e+02	-4.6292e+02	3.0461e+02	-4.1687e+02	-8.6844e+02	-3.0311e+02	1.1613e+02	-5.0797e+02	9.9287e+02	-1.2948e+03	-3.3161e+02	-2.7851e+02	2.6322e+01	7.9473e+02	5.6238e+02	-2.4059e+02	5.9248e+01	4.6748e+02	3.6288e+02	1.0684e+03	2.5893e+02	1.0206e+01	9.2299e+00	-6.6441e+02	6.8080e+02	-1.0154e+01	2.5660e+02	-1.3237e+02	-8.7956e+02	-1.0649e+02	-1.7862e+02	6.5445e+02	4.1500e+02	1.0667e+02	-5.7885e+01	8.4246e+02	-7.6760e+02	5.3658e+01	4.9731e+02	2.3034e+02	5.2381e+01	-1.1876e+01	1.4845e+02	-1.8657e+02	3.5210e+01	7.0568e+02	-3.6916e+02	7.9209e+02	-1.9367e+02	-8.5147e+01	-2.5129e+02	4.7479e+02	4.8886e+01	-9.2858e+02	4.6303e+02	-1.3891e+02	8.1423e+02	-6.2430e+02	1.2232e+02	-1.3099e+03	2.8553e+02	-2.2118e+01	-5.2008e+02	-9.1037e+02	5.3465e+02	-2.6331e+02	-1.0559e+03	-7.2429e+02	8.3700e+02	-4.2514e+02	6.1860e+02	-2.9211e+00	1.6439e+02	-4.2690e+02	-7.4951e+01	-2.3839e+02	-4.7427e+02	3.8095e+02	3.2699e+02	-3.2397e+02	-5.0281e+01	-4.2515e+02	5.1623e+02	-2.0000e+02	5.3701e+02	-8.1023e+02	1.1199e+02	5.3839e+02	-4.2462e+02	3.7479e+02	-9.0180e+01	9.8142e+02	-1.4635e+02	-1.7571e+02	-4.3275e+02	-1.1678e+02	1.8969e+02	7.0898e+02	6.8498e+01	-3.4098e+02	6.7428e+02	-4.2902e+01	4.0610e+02	1.3428e+03	2.7775e+00	-8.3924e+02	2.7179e+02	1.0206e+03	-1.0572e+03	2.1665e+01	9.8647e+01	-2.9181e+02	5.8766e+02	1.7594e+02	-1.9388e+02	-1.8450e+02	-5.9684e+02	-1.6427e+02	-3.8821e+02	-8.9098e+02	1.2391e+00	7.6438e+02	-2.2516e+01	1.1469e+02	5.1066e+02
4.0000e+04	-3.2709e+01	5.2856e+02	1.1494e+03	-6.4073e+02	7.9916e+00	1.0572e+02	1.3590e+02	-1.3187e+02	-1.2131e+01	-2.9754e+02	-2.1899e+02	-4.9525e+02	6.5334e+02	7.4550e+02	2.8239e+02	-5.9737e+02	6.7832e+02	-9.3624e+02	-7.0952e+01	-1.0873e+03	9.5497e+02	-1.5786e+02	1.0304e+02	-1.0815e+02	3.6974e+02	2.3785e+02	-5.5262e+02	8.4234e+02	-4.7902e+02	6.2369e+02	-9.3933e+02	1.6759e+02	-2.5211e+02	1.0868e+03	-6.3371e+02	-2.7963e+02	-4.1904e+02	7.1589e+02	1.4763e+01	-8.4503e+02	-3.7947e+01	8.3279e+02	-1.7239e+03	-5.1476e+02	8.7523e+02	7.6442e+02	1.3683e+03	-1.0037e+02	1.0163e+03	-1.1540e+03	-9.3997e+02	2.8840e+02	-2.9665e+02	-1.0239e+03	-8.9855e+02	-4.6248e+02	5.5571e+02	7.2337e+01	5.2251e+01	-2.8916e+02	-1.5829e+03	-7.2046e+02	-6.3145e+02	8.1883e+00	-1.8713e+01	2.8654e+02	-3.9009e+02	-1.1365e+03	4.9738e+02	2.7541e+02	-4.7714e+02	-9.6919e+02	4.6067e+02	-2.8351e+02	-5.2489e+02	2.3777e+02	-6.8084e+02	-1.1776e+03	-1.0136e+03	3.5467e+02	-2.5015e+02	5.3537e+02	-3.8290e+02	1.3375e+02	6.5124e+01	7.7152e+02	-1.4120e+03	-2.0058e+03	-1.9679e+02	-1.6656e+03	-1.6032e+01	7.8515e+01	7.7097e+02	-1.4478e+03	1.0652e+01	6.2700e+02	8.0242e+02	-1.1233e+03	8.1328e+01	-1.0936e+03	-9.4023e+01	-5.5832e+02	-2.6682e+02	3.5579e+02	-1.0335e+02	6.4258e+02	-1.0589e+02	-3.5954e+01	-1.0183e+02	-6.2505e+02	8.4416e+02	-7.5596e+02	4.1828e+02	-1.4687e+03	-1.8503e+03	4.1434e+02	8.0866e+01	9.8819e+02	2.5944e+03	5.4374e+02	2.5587e+02	9.3965e+01	4.7696e+01	-3.9427e+02	-1.4918e+03	1.4841e+02	5.5534e+02	-9.7860e+01	-4.6604e+02	-5.9264e+02	-2.3675e+02	2.3557e+02	-3.8589e+02	1.0717e+03	-1.0195e+03	-8.3883e+02	1.4979e+03	3.7495e+02	-6.7348e+02	-3.6196e+02	3.4665e+02	8.1132e+02	3.4102e+02	-2.9764e+02	-3.4396e+02	5.7885e+02	8.0859e+02	1.2456e+03	1.9092e+03	9.7063e+02	-1.1061e+03	1.7797e+01	6.6258e+02	-1.5481e+02	8.8798e+02	-4.4196e+02	5.8964e+02	1.1655e+03	7.4154e+01	2.0426e+02	1.6389e+03	-3.9634e+02	-3.1884e+02	5.1683e+00	7.7301e+02	-8.3303e+02	-1.3930e+03	2.8799e+02	1.1603e+03	6.2375e+02	-2.2071e+02	-1.6284e+02	-1.0639e+02	-2.1072e+02	1.2127e+03	1.1650e+03	-1.0538e+03	-1.7943e+03	7.8740e+02	6.6391e+02	4.1425e+02	-2.6957e+03	7.9577e+01	1.2216e+03	-3.8521e+02	1.3642e+03	2.3927e+01	-9.9112e+02	1.4759e+02	-1.6725e+03	6.7904e+02	-6.2557e+02	-1.4548e+02	-2.2487e+02	2.4585e+03	4.1547e+02	7.5977e+02	7.1991e+01	-2.0879e+02	-4.4679e+02
6.0000e+04	-7.6148e+02	2.2684e+02	3.7149e+02	-8.1816e+02	-6.8135e+02	-6.0054e+01	-3.5408e+02	-6.4251e+02	4.9854e+02	5.8164e+01	-3.1659e+02	9.2102e+01	-4.9395e+02	-5.2932e+02	-4.7441e+02	1.4275e+03	2.9245e+02	1.2364e+02	7.1518e+01	-4.0384e+01	6.4255e+01	1.0894e+03	-3.3848e+02	1.2880e+03	-1.0663e+03	9.2489e+02	1.3677e+03	-6.8094e+02	-4.5589e+02	2.9695e+02	7.1108e+01	4.5510e+01	-2.6675e+02	-3.4031e+02	-2.2658e+02	1.3647e+01	7.7656e+02	5.3461e+01	6.8166e+01	1.2322e+03	6.7550e+02	-5.4240e+02	3.8941e+02	-5.8360e+02	-1.3626e+02	-3.3714e+02	-2.8441e+02	4.0644e+02	1.1069e+03	-1.9533e+02	-9.9880e+02	2.1963e+02	9.1345e+02	-4.2421e+02	-1.8557e+02	-1.4798e+02	3.3941e+02	-3.1897e+02	2.0540e+02	9.5130e+02	7.4847e+02	-5.3685e+02	-2.1543e+02	5.3231e+02	5.0977e+02	1.0571e+03	-1.0126e+03	8.4141e+02	1.4383e+03	-8.6269e+02	1.1553e+02	-1.5674e+02	-4.7023e+02	-1.3865e+03	-8.9331e+01	1.0446e+03	-9.1842e+02	-5.9815e+02	-1.3532e+03	-6.2013e+02	-5.3277e+02	3.4017e+02	-5.3982e+02	9.3777e+02	-9.5715e+02	-4.0444e+02	-4.8395e+02	9.7061e+02	8.1735e+02	2.8455e+02	-8.6170e+02	3.5563e+02	5.6168e+02	2.6910e+02	1.5254e+03	5.2422e+01	-3.8148e+02	4.8846e+01	-3.5311e+02	3.0250e+02	-1.4817e+02	4.1643e+02	-6.6232e+02	-7.4471e+02	-5.4272e+02	-7.6711e+02	4.3279e+02	-3.7799e+01	2.0571e+02	-1.2582e+02	9.3596e+02	-1.0634e+03	-2.8408e+02	9.8533e+02	-1.4850e+02	-4.8462e+01	1.7350e+02	2.5759e+02	-5.8001e+02	-2.5310e+02	1.4392e+03	2.2564e+02	2.7112e+02	4.1713e+02	-1.4423e+02	-7.9792e+02	8.9863e+02	4.8874e+02	-6.4781e+02	-3.6561e+02	-2.4654e+02	7.3790e+02	-1.9303e+02	9.0127e+02	-1.0800e+03	4.2785e+02	7.8701e+01	5.6548e+01	-6.7715e+02	3.8128e+02	-1.0770e+03	-8.9363e+02	-4.5513e+02	1.0534e+03	-4.8285e+02	5.5725e+02	1.3047e+02	3.1739e+02	-1.4107e+03	-2.9966e+01	-9.2002e+02	-3.0219e+02	6.8651e+02	1.5575e+02	-1.8705e+02	-6.7075e+02	-3.2658e+02	1.0548e+03	6.9106e+01	4.5507e+02	-1.4855e+03	-8.6394e+01	1.5518e+02	-1.1842e+03	4.3894e+02	4.6632e+00	5.7292e+02	-8.2087e+02	3.5627e+00	-5.1960e+02	-1.1645e+03	-9.5508e+01	1.4651e+02	5.3113e+02	-1.1170e+03	1.8892e+02	1.2540e+02	-6.1076e+01	1.3011e+03	2.2645e+01	-9.8202e+02	2.2975e+02	7.8561e+02	-1.4149e+03	2.1926e+02	-1.0085e+03	-8.1262e+02	4.0080e+02	-1.6886e+02	-8.8647e+02	-2.6086e+02	-2.8761e+02	1.3180e+02	-5.8736e+02	-4.0818e+02	-3.3154e+02	6.6332e+02	-5.3589e+02	-3.2556e+02	3.7351e+02
6.0000e+04	-5.3986e+01	5.7558e+02	1.4493e+03	-6.2709e+02	-1.3570e+03	1.0269e+03	-4.4983e+01	9.6280e+02	8.9603e+01	-9.5342e+02	2.2166e+01	2.9642e+02	1.0791e+03	5.0625e+02	-1.9103e+02	-7.1334e+02	2.5759e+03	-5.4245e+02	-5.6922e+00	-1.5264e+03	1.2390e+03	-4.1512e+02	1.4492e+02	-6.1389e+02	3.9807e+02	1.1080e+03	-1.2370e+03	6.1329e+02	-2.3322e+02	3.3173e+02	-4.3285e+01	1.3177e+01	3.1358e+02	1.1611e+03	-2.0697e+02	-3.9917e+01	1.7557e+02	8.6690e+02	2.8021e+02	-1.3658e+03	-1.9413e+02	-1.5382e+02	-1.5589e+03	-9.0336e+02	9.6419e+02	-4.0133e+02	1.0995e+03	-1.1852e+03	8.7613e+02	-6.2708e+02	1.6947e+02	-2.5885e+02	1.5094e+03	-4.9103e+02	-1.1931e+03	-8.1547e+02	4.7829e+02	1.0803e+03	-7.6092e+02	-1.1908e+03	-1.7362e+03	-5.9399e+02	2.6426e+01	-6.4796e+02	1.4572e+02	-7.0455e+02	-5.2201e+02	-8.5081e+02	5.8191e+02	1.4681e+03	-9.4353e+02	-8.9925e+02	-6.2022e+01	-1.2106e+01	-4.4526e+02	-5.7442e+01	4.1941e+01	-1.7420e+03	-5.7767e+02	-2.7515e+02	-4.1853e+01	5.7713e+02	-1.4926e+03	1.6901e+03	2.9454e+02	1.5207e+03	-1.7432e+03	-2.8895e+03	-1.1714e+02	-1.1969e+03	1.8534e+01	4.8737e+02	4.7851e+02	-1.2043e+03	-2.1256e+02	7.0918e+02	1.4879e+03	-8.8559e+02	-1.2619e+02	-4.0408e+02	-7.8510e+02	-9.7395e+02	-1.6161e+03	5.1249e+02	8.0740e+02	1.2779e+03	-3.3547e+02	-2.6370e+02	1.0556e+02	-1.7072e+03	1.0186e+03	-4.0149e+02	6.4905e+02	-1.6519e+03	-2.2386e+03	7.1989e+02	3.0049e+02	1.2533e+03	2.3594e+03	-2.5610e+01	1.3315e+03	5.4616e+02	-9.2854e+02	-3.1149e+02	-2.1217e+03	-2.3357e+02	1.0708e+03	-4.3963e+01	4.9119e+02	-9.5249e+02	-1.1886e+03	2.3711e+02	-6.7631e+02	-2.7511e+01	-1.1284e+03	3.2646e+02	1.6348e+03	1.9807e+03	-1.3888e+03	9.6068e+01	2.5365e+02	1.2586e+03	1.8568e+02	-6.2504e+02	-5.9553e+02	5.6579e+02	1.6272e+03	1.0188e+03	1.2550e+03	1.9547e+03	-1.2362e+03	-3.7886e+02	-3.5569e+02	-2.9502e+02	1.0597e+03	-1.4832e+02	7.3433e+02	9.7879e+02	1.9530e+02	-1.3076e+02	5.7701e+02	-3.2073e+02	-2.8240e+01	-6.0036e+02	3.4856e+02	-3.8094e+02	-1.1879e+03	4.7265e+02	1.9763e+03	1.5195e+03	-8.0004e+02	-5.5741e+02	1.6608e+02	7.8922e+02	8.8484e+02	1.5498e+03	-1.3226e+03	-1.8073e+03	6.1249e+01	4.8233e+02	7.5636e+02	-1.4390e+03	2.1156e+02	1.6605e+03	4.8506e+02	1.7846e+03	-2.8418e+02	-1.8854e+03	-3.8645e+02	-1.2581e+03	8.6517e+02	-5.8608e+02	-1.1669e+02	-2.5256e+00	1.9797e+03	4.0172e+02	9.6278e+02	-5.0508e+02	-8.5508e+02	-9.3689e+02
8.0000e+04	1.9552e+02	2.5182e+02	3.2031e+02	-4.7255e+02	1.3961e+02	-6.1996e+01	-4.3635e+02	3.1600e+02	7.0492e+02	-2.1759e+02	-4.2387e+02	-4.4940e+00	-2.0825e+02	1.5203e+02	-1.6020e+02	1.6180e+03	5.5437e+02	5.1962e+02	-1.8548e+02	3.6571e+02	-3.9947e+01	9.4762e+02	-6.1253e+02	1.7966e+03	-9.7844e+02	1.0224e+03	1.9003e+03	-1.1835e+03	-1.6038e+02	-6.9504e+02	5.4072e+02	5.8921e+02	-7.4742e+01	-3.1698e+02	-1.0894e+03	3.8370e+02	6.2870e+02	3.7985e+02	7.1709e+02	7.4217e+02	7.5632e+02	-1.1640e+03	8.5779e+02	-1.4217e+02	-6.2815e+02	8.2832e+01	-2.2872e+02	3.8653e+02	1.6610e+03	4.0234e+02	-1.5694e+03	4.8979e+02	2.6240e+02	8.1901e+02	4.4300e+02	3.5008e+02	4.0821e+02	-1.9205e+02	6.8265e+02	8.0782e+02	1.2715e+03	-1.1718e+03	-9.5080e+02	3.3591e+02	9.1632e+01	5.5890e+02	-7.1202e+02	1.3178e+03	1.8445e+03	-6.8300e+02	3.3283e+01	-4.7570e+02	-7.3225e+02	-1.4685e+03	-8.0767e+02	9.3716e+02	-6.7893e+02	-8.5877e+02	-1.2612e+03	-3.0256e+02	-6.6701e+01	7.8471e+02	-9.5514e+02	1.3754e+03	-8.7006e+02	1.6787e+02	-1.9844e+02	1.0834e+03	1.3229e+03	6.8879e+02	5.0687e+01	7.0977e+02	5.4591e+02	6.2686e+02	1.4702e+03	-1.9808e+02	-6.0356e+02	-1.4969e+02	-6.9843e+02	3.3493e+02	2.9614e+01	1.1176e+03	-1.0493e+03	-6.2929e+02	-4.3525e+02	-4.7036e+02	1.1244e+02	1.2527e+02	4.5402e+02	-3.3098e+02	1.2782e+02	-9.8934e+02	-1.2069e+03	9.7135e+02	-2.3710e+02	-1.0024e+02	5.8827e+02	2.3186e+02	-8.4493e+02	-2.4463e+02	1.7792e+03	-7.5011e+01	-2.2167e+02	2.7622e+02	5.2212e+02	-8.2597e+02	8.0581e+02	5.7074e+02	-7.1720e+02	-6.3134e+02	-1.1156e+03	6.1961e+02	-3.8441e+02	8.6585e+02	-1.1114e+03	8.4392e+02	-1.1989e+02	-2.4407e+02	-8.0640e+02	9.4399e+01	-5.5283e+02	-8.9584e+02	-1.0738e+03	1.4147e+03	-1.7192e+02	3.7178e+02	5.2084e+02	4.1301e+02	-1.4687e+03	7.9480e+01	-1.2305e+03	6.9772e+01	3.8219e+02	-8.1897e+01	-1.3785e+02	-1.1862e+03	-2.5583e+02	1.0675e+03	-3.0261e+02	8.6129e+02	-1.0955e+03	-3.7024e+02	4.0776e+02	-1.1291e+03	5.0192e+02	-1.7477e+02	5.4810e+02	-7.2741e+02	-3.5295e+02	-7.9632e+02	-8.7872e+02	3.1684e+02	-6.2432e+02	5.0172e+02	-7.7539e+02	-2.7455e+02	-3.1523e+02	-1.1023e+02	1.7236e+03	2.0227e+02	1.4400e+01	8.3028e+01	1.1306e+03	-7.4573e+02	5.3817e+02	-5.6361e+02	-1.2767e+03	8.3231e+02	3.6568e+02	-5.2678e+02	-4.0923e+02	-2.9760e+02	5.8273e+02	-2.4773e+02	-6.1287e+02	-6.8357e+02	5.2374e+02	-1.0094e+03	2.5427e+01	5.1641e+02
8.0000e+04	7.7938e+02	6.3441e+02	1.7294e+03	4.6858e+01	-3.3226e+02	8.1756e+02	-7.1480e+02	1.3845e+03	-3.6478e+02	-1.6091e+03	-3.7223e+02	4.9320e+00	1.2411e+03	2.9356e+02	6.8234e+01	-8.5126e+02	2.6867e+03	-5.2896e+02	-3.6361e+02	-1.6366e+03	1.3875e+03	-6.9033e+02	-5.2980e+02	-8.4868e+02	5.1358e+02	1.0495e+03	-1.8422e+03	1.1579e+03	-9.8164e+02	1.1281e+03	1.2257e+03	2.5865e+01	6.5763e+02	2.5971e+03	4.4080e+01	-1.0951e+03	-8.5661e+02	8.7370e+02	-1.1216e+02	-1.7188e+03	3.6240e+02	-6.2116e+01	-1.6397e+03	-8.3888e+02	1.0239e+03	-1.3464e+03	1.7990e+03	-1.0639e+03	2.9222e+02	-2.6559e+02	-4.0754e+01	-6.8264e+02	1.1324e+03	6.2360e+02	-1.8317e+03	-8.4405e+02	6.6575e+02	1.9166e+03	-6.0646e+02	-6.8083e+02	-1.7216e+03	5.6987e+02	-7.2089e+02	-8.2467e+02	4.7916e+02	-5.7589e+02	-8.9303e+02	-1.3927e+03	2.1805e+02	1.4749e+03	-6.1720e+02	-1.2367e+03	-3.4528e+02	-4.2460e+02	-5.7338e+02	2.9908e+02	6.1399e+02	-1.7496e+03	-1.3872e+02	2.8121e+01	-2.4844e+01	-5.0752e+01	-1.3576e+03	1.8910e+03	4.3248e+02	2.1795e+03	-1.4679e+03	-2.9714e+03	-3.0455e+01	-4.7634e+02	-8.0423e+02	-1.6746e+02	1.0007e+03	-8.1089e+02	4.7058e+02	4.4565e+02	1.8727e+03	-1.7747e+03	-7.1711e+01	-1.0620e+03	-8.5723e+02	3.1884e+01	-1.9547e+03	9.4005e+02	3.3348e+01	1.7601e+03	2.2003e+02	6.3107e+02	2.4138e+02	-1.1142e+03	1.0920e+03	-3.5279e+02	4.1012e+02	-2.0618e+03	-1.3626e+03	8.8347e+02	1.1088e+03	9.0045e+02	1.3970e+03	6.6608e+02	7.6842e+02	1.3069e+03	-9.4951e+02	-3.4431e+01	-2.5513e+03	-5.8029e+02	1.1608e+03	5.1413e+02	6.6064e+02	-1.1343e+03	-1.1865e+03	5.1265e+02	-1.1093e+03	9.2458e+02	-1.4851e+03	7.1257e+02	1.1109e+03	1.9781e+03	-1.2446e+03	4.5709e+02	8.9010e+02	1.0415e+03	3.1855e+02	-1.5653e+03	-6.0053e+02	5.5172e+02	1.3522e+03	1.1942e+03	7.6489e+02	2.0947e+03	-1.4263e+03	-3.3994e+02	-4.9081e+02	-1.7601e+02	1.3741e+03	-6.0383e+02	9.2752e+01	-3.5728e+02	4.2229e+02	-2.6225e+02	6.0049e+02	-3.2972e+02	6.1086e+02	-1.4910e+03	1.2328e+02	-6.7108e+02	-4.2323e+02	7.5670e+01	2.7355e+03	1.9981e+03	-8.0641e+02	-6.1658e+02	4.6652e+02	1.3773e+03	7.2821e+02	1.4235e+03	-1.1090e+03	-9.7156e+02	4.1378e+01	1.1832e+03	1.6112e+03	-1.0801e+03	3.9984e+02	6.8019e+02	6.5869e+02	8.9537e+02	2.5707e+01	-2.0351e+03	-3.7862e+02	-1.3977e+03	-6.1559e+01	-4.2472e+02	-2.9049e+02	4.4661e+02	2.7648e+03	3.1899e+02	1.9423e+03	-5.6355e+02	4.8708e+02	-2.8582e+02
1.0000e+05	5.4738e+02	-5.5180e+01	1.2689e+02	-8.3563e+02	1.3613e+02	-7.4476e+02	-9.9809e+02	-1.9699e+02	1.1643e+03	-1.7454e+02	-3.4308e+02	2.5066e+02	3.6263e+02	3.2591e+02	-2.3704e+02	7.0833e+02	4.9467e+02	4.7649e+02	4.4825e+02	-3.8368e+01	-8.7269e+01	1.1817e+03	-5.7856e+02	2.4061e+03	-9.3006e+02	1.0576e+03	2.4002e+03	-8.7695e+02	2.8296e+02	-4.3414e+02	9.4320e+02	7.7415e+02	-3.5694e+02	-1.4374e+02	-1.4452e+03	4.8937e+02	1.2265e+03	6.2579e+02	1.1964e+03	2.5957e+02	9.4940e+02	-3.9701e+02	1.5030e+03	-1.3610e+01	-8.2879e+02	5.3018e+02	-2.9879e+02	8.3614e+02	1.2448e+03	4.9101e+02	-1.8930e+03	6.4764e+01	1.0115e+02	9.3397e+02	1.0058e+03	1.3613e+02	3.0138e+02	-3.0279e+02	4.5407e+02	1.7077e+03	1.3063e+03	-9.4777e+02	-3.0852e+02	6.8719e+02	-1.3757e+02	1.5522e+01	-7.7771e+02	1.2011e+03	1.7490e+03	-9.3595e+02	2.5971e+01	1.5744e+02	-4.1160e+02	-1.5850e+03	-6.7265e+02	1.4494e+03	-8.5375e+02	8.4648e+01	-1.5950e+03	-4.9689e+02	-3.8101e+02	4.8749e+02	-6.8062e+02	1.6102e+03	-9.5098e+02	-7.8434e+01	2.8084e+01	7.8465e+02	1.6460e+03	8.7351e+02	-9.1725e+01	9.8545e+02	8.6355e+02	1.2705e+03	1.2556e+03	-3.1900e+02	-3.4704e+02	-1.4762e+02	-9.8340e+02	2.4318e+02	2.4367e+01	8.4400e+02	-1.1373e+03	-3.1039e+02	-4.7051e+02	-3.2202e+02	9.7205e+02	6.0109e+02	4.1652e+02	1.7585e+01	1.2948e+02	-1.1160e+03	-1.7539e+03	7.7747e+02	-9.6313e+00	2.1026e+02	4.6744e+02	-4.9733e+02	-1.2844e+02	-2.0351e+02	8.2649e+02	2.0090e+02	1.6453e+01	5.1288e+02	2.3776e+02	-9.7558e+02	6.9098e+02	7.4983e+02	-8.1021e+02	-1.0065e+03	-1.1758e+03	4.8077e+02	-6.9305e+02	9.9105e+02	-1.1223e+03	8.7752e+02	9.7292e+01	3.5763e+02	-6.8838e+02	-2.2324e+02	-6.7107e+02	-4.6403e+02	-1.7424e+03	1.7079e+03	-1.7263e+02	7.0539e+02	2.3128e+02	1.7625e+02	-1.1414e+03	-2.1655e+02	-1.5734e+03	-2.8887e+02	-1.8952e+02	-1.8668e+02	-2.2771e+02	-7.9033e+02	-2.2857e+02	1.5726e+03	-1.2908e+02	1.5080e+03	-7.5182e+02	-1.0094e+03	6.0693e+02	-1.2551e+03	4.5628e+02	-5.4523e+02	7.1079e+01	-1.1615e+03	-6.8843e+01	-9.7530e+02	-8.8871e+02	-2.0871e+02	-8.0911e+02	3.2471e+02	1.8813e+01	-6.7174e+02	1.5988e+02	-5.0880e+01	1.8983e+03	-5.5704e+02	-3.2475e+02	-1.6909e+01	4.0538e+02	-2.5822e+02	5.5619e+02	-4.6085e+02	-6.6870e+02	4.0735e+02	3.9058e+02	-2.4432e+02	-2.9762e+02	-5.2104e+02	-6.8498e+01	-7.8852e+01	-8.5411e+02	-5.9307e+02	2.8816e+02	-1.0272e+03	-3.4290e+02	8.6525e+02
1.0000e+05	2.0017e+02	1.6369e+03	2.8157e+03	1.0228e+03	-1.0716e+02	4.8038e+02	-1.0214e+03	2.7572e+03	-4.7967e+01	-1.6499e+03	-5.5278e+02	-9.9398e+02	1.0167e+03	1.9355e+02	4.2822e+02	-1.0339e+03	3.6872e+03	-1.6006e+03	-1.4120e+02	-1.1462e+03	7.1365e+02	-9.8966e+02	-8.2786e+02	-4.1889e+02	-6.1510e+02	5.0699e+02	-2.1847e+03	8.5728e+02	-1.4021e+03	2.3213e+01	5.7884e+02	3.9055e+02	2.1313e+02	2.7076e+03	9.0116e+02	-2.2240e+03	-7.6302e+02	1.0182e+03	-2.6007e+02	-2.8093e+03	3.1697e+02	1.0930e+02	-2.4930e+03	-6.0070e+02	1.3858e+03	-2.5861e+03	1.7851e+03	-5.7136e+02	1.0980e+02	9.9671e+02	-9.0552e+01	-9.3294e+01	1.0634e+03	2.3302e+02	-2.1856e+03	-6.8661e+02	8.9183e+02	2.3717e+03	2.7406e+02	-1.2707e+03	-7.6139e+02	-2.5478e+02	-3.2291e+02	-9.0003e+02	-5.3771e+02	-5.3781e+02	-5.0552e+02	-1.0625e+03	-7.6929e+01	1.4404e+03	-1.2955e+03	-2.5547e+03	-6.3088e+02	3.5416e+01	-3.8357e+02	9.9930e+02	4.9810e+02	-1.3285e+03	-2.2882e+02	7.3000e+02	1.7895e+02	-1.6886e+02	-8.9293e+02	2.5110e+03	5.1283e+02	2.8963e+03	-2.0940e+03	-2.7067e+03	-5.0061e+02	-1.5082e+03	-8.2392e+02	1.6736e+02	2.4433e+03	-7.1683e+02	5.4744e+02	3.4687e+01	2.4972e+03	-2.0979e+03	-1.8620e+02	-1.6537e+03	6.2380e+02	3.2164e+02	-3.0514e+03	4.6375e+02	9.5100e+02	1.4306e+03	-5.5457e+02	-1.5140e+02	-3.1295e+02	-1.7325e+03	1.5341e+03	-9.2972e+02	-1.3556e+03	-2.9409e+03	-1.7396e+03	3.4606e+01	8.4413e+02	4.3387e+02	1.9381e+03	5.4148e+02	4.1951e+02	9.3661e+02	-1.3215e+03	-5.0390e+02	-2.4159e+03	-1.3583e+03	6.0527e+02	-3.2474e+01	1.0220e+03	-9.9344e+02	-1.1208e+03	-3.9171e+02	-2.1215e+03	5.9698e+02	-1.6756e+03	7.4093e+02	1.6992e+03	1.7371e+03	-5.6460e+02	9.7211e+02	1.2374e+03	2.2350e+02	-4.4039e+01	-1.1359e+03	4.0955e+02	3.7358e+02	1.6423e+03	1.9787e+03	5.3292e+02	2.4767e+03	-2.1687e+03	-2.5080e+02	-7.4509e+01	-1.1809e+02	6.6864e+02	-7.1027e+02	7.5183e+02	-7.4874e+02	1.0443e+03	-8.3088e+02	1.0635e+03	-7.9951e+02	-2.9450e+02	-1.5690e+03	8.9895e+02	-1.8685e+02	-1.2429e+03	-6.5236e+02	2.8643e+03	2.0600e+03	-1.0676e+03	-8.8638e+02	8.5090e+02	1.0790e+03	1.0801e+03	2.0933e+03	-3.2248e+02	5.4039e+02	-6.4626e+02	5.0039e+02	7.2380e+02	-1.2616e+03	3.6865e+02	5.4167e+02	1.1270e+03	-1.3517e+02	4.8919e+02	-1.8319e+03	8.1608e+02	-1.7784e+03	-3.3696e+02	-7.3945e+02	7.0867e+02	4.2094e+02	2.5381e+03	2.0297e+02	1.6368e+03	-5.6255e+02	-1.7847e+02	-3.9629e+02
1.2000e+05	-4.1557e+01	-1.6326e+02	-3.6059e+02	-6.0545e+02	-8.4597e+01	-6.3472e+02	-4.7861e+02	-2.9618e+02	1.4335e+03	-1.9713e+02	-3.7257e+02	6.6891e+02	3.4553e+02	-1.9815e+02	-3.3033e+02	5.7825e+02	-2.4214e+02	5.9357e+01	2.1948e+02	-3.9855e+02	-6.7250e+02	9.4753e+02	-9.8143e+02	2.7214e+03	-1.1201e+03	1.4433e+03	2.3922e+03	-4.9341e+02	5.0926e+02	-1.1177e+03	7.7017e+02	8.2520e+02	-3.8966e+02	5.1538e+01	-1.6248e+03	1.5165e+02	1.1210e+03	5.8062e+02	1.5316e+03	1.6691e+01	7.1992e+02	2.7240e+00	8.2029e+02	3.5863e+02	-1.4931e+03	1.4153e+02	7.9489e+00	7.5122e+02	8.9989e+02	3.0913e+02	-1.9525e+03	-3.9306e+01	6.9843e+02	2.0295e+02	8.0499e+02	-3.6615e+01	-1.7103e+02	-8.6818e+02	2.0565e+02	1.7446e+03	1.1315e+03	-1.0111e+03	-5.2235e+02	6.1053e+01	-2.1813e+02	-2.7739e+02	-8.0796e+02	1.3283e+03	1.8235e+03	-1.0920e+03	-7.9314e+02	-2.1467e+02	-2.4880e+02	-1.7326e+03	-8.4026e+02	1.4441e+03	-1.1078e+03	1.6803e+02	-9.3092e+02	-1.0308e+03	1.3231e+02	4.1300e+02	-1.1077e+03	1.2133e+03	-1.5828e+03	-3.8478e+02	5.3713e+02	3.3279e+02	1.8770e+03	8.2759e+02	1.9694e+02	6.2912e+02	1.4092e+03	1.0764e+03	8.3563e+02	-5.9425e+02	-3.5378e+02	2.9105e+02	-7.5469e+02	3.3364e+02	3.4115e+01	2.6454e+01	-4.5004e+02	-7.2414e+02	-4.6441e+02	-6.2543e+02	6.1575e+02	3.4453e+02	8.6447e+01	1.4082e+00	-8.6196e+01	-8.8879e+02	-1.7131e+03	1.4853e+03	-2.2327e+02	9.2180e+02	4.6087e+02	-3.2490e+01	-1.9768e+02	-9.8422e+02	1.3462e+03	2.9023e+02	-2.9592e+02	1.0556e+03	4.1992e+02	-6.4434e+02	1.7385e+02	3.3223e+02	-8.3653e+02	-9.5242e+02	-9.2329e+02	4.3689e+02	-6.4611e+02	9.4270e+02	-1.4540e+03	5.9733e+02	6.6758e+00	6.6116e+02	-8.6971e+02	-5.5385e+02	-4.6216e+02	-5.5085e+02	-1.6652e+03	1.9593e+03	-8.2414e+01	6.2477e+02	1.1602e+02	-1.6866e+02	-8.9233e+02	6.0566e+01	-1.6872e+03	-1.0688e+02	-4.6230e+02	-3.9997e+02	-4.9522e+00	-1.5958e+03	-2.4926e+02	1.6017e+03	1.4724e+02	1.2097e+03	-8.6520e+02	-1.0238e+03	7.0098e+02	-1.4540e+03	3.2992e+02	-1.1708e+03	-7.5084e+01	-1.2802e+03	-3.6239e+02	-6.5612e+02	-1.0107e+03	-7.4838e+02	-1.6934e+03	3.6829e+02	-1.9140e+02	-4.6099e+01	-1.8503e+02	3.6946e+02	1.5357e+03	-8.5174e+02	6.3532e+00	1.9593e+01	7.8298e+02	8.5628e+01	-2.9890e+02	-1.0126e+01	-1.2522e+03	6.8721e+02	-3.3414e+02	-1.0928e+03	2.3707e+02	-3.7640e+02	-3.6397e+02	8.1359e+01	-1.3870e+03	-1.3028e+03	2.8613e+02	-9.2987e+02	-3.9969e+02	7.9914e+02
1.2000e+05	-4.1196e+02	2.2685e+03	2.8904e+03	1.2641e+03	-2.6684e+02	8.4598e+02	-1.1122e+03	3.1687e+03	-5.6288e+02	-1.7286e+03	-4.1444e+02	-1.1266e+03	1.1959e+03	-2.7463e+02	5.6772e+02	-1.2655e+03	3.2620e+03	-8.4292e+02	-1.2677e+03	-2.3634e+03	1.4620e+03	-1.8578e+03	-7.8104e+02	-4.9817e+02	-3.9748e+02	7.1572e+02	-2.3634e+03	-1.5458e+01	-7.1441e+02	5.9103e+02	6.8659e+02	-5.4456e+01	3.7282e+02	1.9148e+03	6.1797e+02	-1.6818e+03	-1.1826e+03	1.6118e+03	-6.6750e+02	-3.2129e+03	9.7950e+02	-3.2364e+02	-1.6944e+03	-2.0191e+02	1.3181e+03	-2.5469e+03	1.2312e+03	-1.2814e+02	-1.7462e+03	1.4646e+03	8.8868e+01	-6.3844e+02	1.0224e+03	-6.4608e+01	-1.9796e+03	-8.5073e+02	7.9373e+02	2.6319e+03	3.6247e+02	-5.5496e+02	-1.2134e+03	-4.9588e+02	-4.5308e+02	-5.3343e+02	-2.9526e+02	-7.9270e+02	-9.1522e+02	-1.6973e+03	8.0037e+02	1.5861e+03	-2.0615e+02	-2.3558e+03	-5.1979e+02	2.5367e+02	4.2888e+02	6.4718e+02	9.2831e+02	-1.8571e+03	-1.7594e+02	7.8147e+02	7.6600e+02	3.0015e+01	-7.2381e+02	2.5630e+03	1.4149e+02	2.9509e+03	-1.7339e+03	-1.5917e+03	-3.2621e+02	-2.0311e+03	-1.9418e+03	1.4447e+03	3.4239e+03	-3.5596e+02	1.1356e+03	2.1790e+02	9.4954e+02	-2.9947e+03	-9.9970e+02	-1.3620e+03	2.8243e+03	8.3747e+02	-4.0006e+03	-6.5595e+02	3.3793e+02	1.2384e+03	-1.2016e+02	-5.6553e+02	-5.8245e+02	-1.9455e+03	1.4111e+03	-7.3210e+02	-1.7913e+03	-2.8114e+03	-2.2709e+03	-1.2477e+03	1.3082e+03	9.2686e+02	2.4626e+03	1.1797e+03	-9.2305e+01	7.2051e+02	-1.0885e+03	6.6913e+02	-2.2806e+03	-7.7354e+02	1.8938e+03	-2.2380e+02	1.8521e+03	-9.9524e+02	-1.2884e+03	5.1160e+01	-1.4475e+03	5.5934e+02	-2.5392e+03	1.2512e+03	1.5305e+03	2.2843e+03	-1.0378e+03	1.1476e+03	1.3199e+03	-5.0461e+01	-8.2793e+02	-6.0683e+02	1.5109e+02	4.5271e+02	1.3590e+03	1.3570e+03	-8.8951e+02	3.0354e+03	-2.5442e+03	-1.6615e+03	-9.6591e+01	-7.9235e+02	-1.1764e+01	-7.7614e+02	7.1494e+02	-1.2465e+03	3.9168e+02	-3.0513e+02	1.7738e+03	6.0038e+02	-1.0546e+03	-1.3986e+03	2.5321e+02	-2.3121e+03	-1.6560e+03	-6.3853e+02	2.2868e+03	2.0226e+03	-1.0687e+03	-4.8398e+02	1.0924e+02	3.5704e+02	1.0417e+03	1.5373e+03	6.0258e+01	-4.4681e+01	-8.4881e+02	5.7408e+02	3.2446e+02	-2.0122e+03	4.4329e+02	6.8821e+02	6.8698e+02	9.6982e+02	1.3630e+03	-1.8650e+03	7.2446e+02	-1.9259e+03	-5.9405e+02	-1.5504e+03	9.4655e+02	-1.3694e+02	1.4891e+03	1.4599e+02	1.8987e+03	-5.8173e+02	2.1705e+02	-2.5334e+02
1.4000e+05	-1.5664e+02	4.9322e+00	-6.8729e+01	4.6039e+01	5.8509e+01	-1.3867e+03	-9.5151e+02	-1.3203e+02	1.1204e+03	2.1315e+02	-3.7698e+01	6.5787e+02	2.9480e+02	-3.6962e+02	-6.5757e+02	3.9232e+02	-3.0458e+02	-8.8108e+01	8.3042e+01	6.3970e+01	-3.0196e+02	1.2298e+03	-6.1737e+02	2.5973e+03	-1.0132e+03	8.0913e+02	2.8422e+03	1.8725e+02	1.0534e+03	-9.0048e+02	2.2397e+02	2.6648e+02	-7.3191e+02	-4.6739e+02	-9.5910e+02	7.0760e+01	8.1190e+02	4.6037e+02	1.7040e+03	-2.2506e+02	9.5257e+02	-7.6006e+02	5.6557e+02	-1.7153e+02	-1.3240e+03	2.7976e+02	-5.3819e+02	7.3756e+02	8.3074e+02	2.0659e+02	-1.8753e+03	-4.0567e+02	4.2559e+02	4.2689e+02	8.2465e+02	-4.7810e+02	-1.4428e+02	-1.3362e+03	-4.6307e+02	1.9649e+03	1.1801e+03	-8.4001e+02	-2.7720e+02	-3.1980e+02	-5.3819e+02	-6.5450e+02	-7.2760e+02	1.7097e+03	1.6810e+03	-6.6596e+02	-9.7784e+02	6.8629e+01	-5.3251e+02	-6.0173e+02	-7.1508e+02	1.9642e+03	-9.0755e+02	4.2130e+02	-9.1158e+02	-1.0007e+03	-1.3128e+02	9.4486e+02	-1.1770e+03	1.2212e+03	-2.1675e+03	-4.0800e+02	6.0573e+02	3.9107e+02	1.6606e+03	8.4931e+02	3.5481e+02	8.2239e+00	2.1506e+03	1.4793e+03	5.4371e+02	-9.8168e+02	-5.1780e+01	-6.8390e+01	-8.2785e+02	-9.4221e+01	3.6456e+02	-4.5462e+02	-6.0622e+02	-3.6643e+02	-3.9959e+02	-2.0561e+02	1.5326e+02	-2.2907e+02	3.9015e+02	-4.2983e+02	-3.5956e+02	-4.4352e+02	-1.6221e+03	3.4030e+02	-4.3349e+02	9.1472e+02	5.4933e+02	-2.5487e+02	-7.4676e+02	-1.0524e+03	9.3667e+02	-7.2451e+02	-5.5599e+02	9.3672e+02	2.5695e+02	-5.8616e+02	-4.0560e+01	6.8385e+02	-1.4550e+03	-9.5032e+02	-5.0389e+02	8.7614e+01	-1.0359e+03	8.3852e+02	-9.1078e+02	2.6498e+02	-5.1131e+02	-2.6698e+01	-1.1505e+03	-7.0114e+01	1.0358e+01	-8.5361e+02	-2.0096e+03	2.2216e+03	-2.3947e+02	4.8100e+02	3.2127e+02	-3.7014e+02	-8.1970e+02	-6.5739e+02	-2.2528e+03	-6.3980e+02	-3.7066e+02	-5.1452e+02	-3.3095e+02	-1.7707e+03	6.1690e+01	1.8018e+03	-2.1306e+02	7.2878e+02	-1.3004e+03	-8.7767e+02	-3.6521e+02	-1.9852e+03	7.5053e+02	-1.0997e+03	6.9547e+02	-1.3670e+03	-2.1453e+02	-1.0296e+03	-6.2510e+02	-6.0961e+02	-1.9940e+03	-3.0020e+02	-6.9881e+02	-4.0751e+02	-3.5339e+02	-3.1699e+02	1.2925e+03	-5.5221e+02	3.5479e+02	1.9474e+02	1.0170e+03	5.8778e+02	-1.1668e+02	6.8631e+02	-1.4734e+03	-5.9169e+01	-1.1074e+03	-8.9916e+02	6.2867e+02	2.0021e+02	-3.8163e+02	9.6250e+00	-1.1949e+03	-5.9001e+02	4.6165e+02	-1.5246e+03	-8.6985e+02	1.0171e+03
1.4000e+05	-1.3173e+02	2.4504e+03	2.4377e+03	1.7265e+03	-8.3395e+01	9.2977e+02	-1.6642e+03	3.4486e+03	4.4113e+02	-1.8589e+03	3.7261e+02	-9.8525e+02	1.9854e+03	2.4968e+02	1.0393e+03	-2.4118e+03	3.2597e+03	-1.2941e+03	-6.0176e+02	-1.5919e+03	1.0680e+03	-1.6997e+03	-3.9577e+02	-1.8074e+03	-4.6643e+02	5.8994e+01	-2.6322e+03	-2.0356e+02	-4.8081e+02	6.6816e+02	9.9857e+02	-9.7993e+02	5.3021e+02	2.4705e+03	2.0812e+02	-1.2868e+03	-1.5614e+03	1.1527e+03	-1.6716e+02	-3.2857e+03	8.5311e+02	7.1857e+01	-1.9894e+03	-7.2101e+02	1.0178e+03	-2.5881e+03	4.8940e+02	-4.8254e+02	-1.4379e+03	1.9376e+03	-1.6788e+02	-2.4647e+02	8.4880e+02	-1.0017e+02	-1.2852e+03	-1.6172e+03	1.2951e+03	2.9428e+03	-8.4854e+02	-1.1356e+02	-2.6375e+03	-2.0785e+02	3.2247e+02	-3.3733e+02	-4.4736e+02	-4.7660e+02	-5.0549e+02	-1.3960e+03	1.2472e+03	1.7617e+03	-2.2188e+02	-3.4095e+03	-2.2180e+02	7.8438e+02	4.6473e+02	1.1518e+03	3.7255e+02	-1.9430e+03	-4.0614e+02	4.6179e+02	9.5120e+02	-3.4739e+01	4.1999e+02	2.4063e+03	8.0009e+02	2.3578e+03	-1.8666e+03	-1.1445e+03	-3.2289e+02	-1.2406e+03	-2.0719e+03	1.3372e+03	3.5916e+03	-3.0915e+02	1.4537e+03	1.5580e+02	1.2750e+03	-3.1857e+03	-1.0964e+03	-2.0059e+03	2.0073e+03	3.8138e+02	-2.6960e+03	-1.8677e+02	3.7112e+02	1.0643e+03	5.6854e+02	-1.1269e+03	-4.4100e+02	-1.7730e+03	1.0369e+03	-8.9134e+02	-2.0917e+03	-2.8868e+03	-3.2190e+03	-8.6313e+02	9.6241e+02	1.1638e+03	2.5850e+03	1.0395e+03	5.1605e+01	1.0178e+02	-4.6722e+02	1.0680e+03	-2.4160e+03	-2.9287e+01	2.8831e+03	-4.2334e+01	1.4415e+03	-5.0285e+02	-8.8326e+02	9.6988e+02	-1.4054e+03	5.8493e+02	-3.7405e+03	1.7891e+03	2.2457e+03	2.0255e+03	-1.5708e+03	3.6447e+02	5.8400e+02	6.5928e+02	3.7572e+02	1.3754e+02	1.7959e+02	2.9356e+02	1.9073e+03	2.0779e+03	-1.5063e+03	3.0798e+03	-2.4636e+03	-1.7939e+03	-2.0362e+02	-9.8627e+02	1.1082e+02	7.1896e+02	9.6198e+02	-2.0696e+03	-3.1655e+02	5.7980e+02	1.9963e+03	1.0747e+03	-9.9771e+02	-1.3177e+03	5.7943e+02	-2.3645e+03	-2.1467e+03	-1.0875e+03	2.2356e+03	2.1824e+03	-1.3297e+03	2.6157e+01	6.0561e+02	-5.2123e+02	9.9421e+02	1.2791e+03	-1.6457e+02	-4.7826e+02	-1.0604e+03	4.4737e+02	-5.8132e+02	-1.4924e+03	4.0254e+02	1.5477e+03	5.0185e+02	8.9599e+02	1.6669e+03	-2.1841e+03	7.9681e+02	-1.8792e+03	-3.8974e+02	-1.4246e+03	2.2212e+03	-1.1375e+02	8.7259e+02	1.1713e+02	1.0099e+03	3.8762e+02	1.0806e+02	-1.9737e+02
1.6000e+05	-4.1985e+02	-6.9324e+02	2.7157e+02	-2.9299e+02	2.0753e+02	-1.7678e+03	-1.9798e+02	6.0294e+02	1.9663e+03	6.7865e+02	-4.9046e+01	7.4277e+02	5.8425e+02	-2.6505e+02	4.7408e+02	5.4680e+00	-4.0265e+02	-1.9152e+02	6.2284e+01	-5.2699e+02	-1.0038e+02	1.5191e+03	-1.1181e+03	3.1658e+03	-1.1718e+03	1.4597e+03	3.2960e+03	7.2060e+02	9.8450e+02	-6.0391e+02	1.7156e+02	4.4279e+02	-6.9568e+02	-4.0763e+02	-1.1260e+03	2.9625e+02	1.1684e+03	6.5627e+02	1.7942e+03	-5.0975e+01	7.3912e+02	-3.1124e+02	7.9927e+02	-4.5628e+02	-9.1757e+02	8.8004e+02	-4.7587e+02	5.7922e+02	9.3020e+02	-1.1380e+02	-1.6269e+03	-9.1788e+02	5.8588e+02	6.3657e+02	1.1338e+03	-4.2729e+02	3.7008e+02	-1.5904e+03	-7.6592e+02	1.4895e+03	9.3658e+02	-1.2243e+03	-3.9905e+02	-1.7212e+02	-1.3208e+02	-5.7969e+02	-8.8467e+02	1.8211e+03	1.4382e+03	-4.5166e+02	-1.4750e+03	8.5513e+02	-6.5389e+02	7.2147e+01	-7.8862e+02	1.7468e+03	-9.6079e+02	4.1871e+02	-1.3107e+03	-1.6358e+02	-1.2196e+03	6.1117e+02	-1.0595e+03	1.3480e+03	-2.2210e+03	-1.1091e+03	5.2903e+02	3.3090e+02	1.5779e+03	7.2037e+02	6.5363e+02	-2.3660e+02	2.3350e+03	1.4909e+03	5.9859e+02	-7.3612e+02	7.8704e+02	-5.2830e+02	-1.0459e+03	1.5481e+02	4.7242e+02	-6.9320e+02	-1.3886e+02	-1.7592e+02	-1.9382e+02	-3.4591e+02	2.1533e+02	3.6714e+01	7.8696e+02	-7.5705e+02	-2.0994e+02	-5.0751e+02	-1.9905e+03	6.3117e+02	-3.9305e+02	6.5284e+02	1.0692e+02	-4.5361e+02	-1.4500e+03	-1.2679e+03	5.7125e+02	-8.3601e+02	-1.2065e+03	1.1552e+03	1.0838e+01	-9.2193e+02	-1.6642e+02	6.1322e+02	-8.7873e+02	-8.4989e+01	-9.0574e+02	-1.7565e+02	-1.5311e+03	8.7652e+02	-9.3339e+02	1.7917e+02	-8.1863e+01	-5.9397e+02	-1.2447e+03	1.7269e+02	-7.3385e+01	-9.1966e+02	-1.6695e+03	2.1088e+03	-1.0374e+02	2.8593e+01	2.7685e+02	-2.2138e+02	-6.3768e+02	-5.0156e+02	-2.6431e+03	-1.1692e+03	-4.2098e+02	-6.8124e+02	-4.8706e+02	-1.8923e+03	4.0058e+02	1.5626e+03	3.1557e+01	9.5369e+02	-1.2245e+03	-1.3695e+03	-5.4117e+02	-1.9265e+03	9.0088e+02	-1.3602e+03	9.8902e+02	-1.0172e+03	-1.2480e+02	-5.2523e+02	-8.5724e+02	-9.8752e+02	-1.1302e+03	-2.3598e+02	-5.8154e+02	-5.3785e+02	-6.7228e+02	-7.5132e+02	2.1822e+03	-8.4136e+02	1.0512e+03	6.4148e+01	8.1585e+02	7.1556e+02	3.7433e+02	5.6444e+02	-1.5529e+03	7.0969e+01	-1.7783e+03	-1.8569e+03	6.8375e+02	-1.9940e+01	-8.2553e+02	3.3412e+02	-6.3090e+02	-5.9588e+02	3.9655e+02	-1.3579e+03	-3.4121e+02	7.3894e+02
1.6000e+05	-1.1769e+03	1.2733e+03	2.6039e+03	1.7599e+03	-4.5200e+02	2.3155e+02	-1.5152e+03	3.3544e+03	1.4226e+03	-1.8890e+03	7.3942e+02	-1.6414e+03	2.3989e+03	-4.1046e+02	2.4803e+03	-3.2271e+03	3.4246e+03	-1.0322e+03	-6.4334e+02	-1.5665e+03	8.4712e+02	-1.3973e+03	-1.6568e+02	-1.9069e+03	-3.6583e+02	-1.6692e+02	-1.6921e+03	-4.0077e+02	-1.1719e+03	1.3637e+03	1.4585e+03	-1.0426e+03	3.4486e+02	1.9093e+03	6.1029e+02	-1.2213e+03	-2.9527e+03	2.1091e+03	2.6009e+02	-3.6360e+03	7.6748e+02	-4.9720e+02	-2.9036e+03	-7.2818e+02	2.4305e+02	-2.8778e+03	3.9044e+02	-2.4527e+02	-1.2833e+03	2.2502e+03	2.9886e+01	3.2626e+02	1.3336e+03	-6.2494e+01	-9.2732e+02	-1.8251e+03	4.8147e+02	2.5323e+03	-1.4361e+02	2.5853e+02	-3.1158e+03	-5.1169e+02	-1.0202e+02	-1.9818e+02	5.1838e+02	-2.7555e+02	-1.0187e+03	-1.8574e+03	1.0295e+03	1.9630e+03	-2.2533e+02	-3.1179e+03	-6.2372e+02	1.5097e+03	2.3938e+02	1.3602e+03	4.4044e+02	-1.9812e+03	-5.6439e+02	-3.5605e+02	1.0474e+03	5.0166e+02	-3.9900e+02	1.6090e+03	2.4883e+02	2.2625e+03	-3.4069e+02	-1.2168e+03	-4.4541e+02	-3.3797e+02	-2.0025e+03	2.4601e+03	2.8394e+03	-3.1871e+00	2.4033e+03	-1.8162e+01	1.2625e+03	-3.7385e+03	-1.0137e+03	-1.1572e+03	1.6989e+03	8.6434e+02	-2.4794e+03	5.4093e+02	5.1925e+02	1.6203e+03	8.6703e+02	-1.6169e+03	-1.3021e+02	-2.3779e+03	5.6129e+02	-1.2337e+03	-1.6715e+03	-3.4537e+03	-2.3496e+03	-1.8927e+03	4.6830e+02	1.0807e+03	3.1179e+03	1.9672e+03	1.0313e+01	1.0783e+03	-9.0941e+02	9.7800e+02	-3.2344e+03	5.4970e+01	3.5912e+03	-4.3118e+02	1.3376e+03	-1.1377e+01	-5.9480e+02	7.9968e+02	-2.2294e+03	1.8251e+03	-4.1529e+03	1.2867e+03	1.8197e+03	1.3895e+03	-1.1599e+03	5.5188e+02	9.4536e+02	-5.3250e+02	1.3245e+03	1.1554e+03	-6.3850e+02	3.4017e+00	2.2614e+03	3.0128e+03	-2.2856e+03	2.7648e+03	-2.0838e+03	-3.5393e+03	-7.4259e+02	-6.4924e+02	-4.1584e+02	1.5329e+03	7.4761e+02	-1.9862e+03	-8.3565e+01	1.2535e+03	1.6635e+03	1.3882e+03	-1.1872e+03	-9.5954e+02	-1.7355e+02	-2.1228e+03	-2.5581e+03	-7.6475e+02	2.3919e+03	1.5567e+03	-9.5773e+02	-2.0223e+03	2.3965e+02	-8.2395e+02	4.4209e+02	5.3961e+02	-1.9007e+02	-1.2487e+03	-1.7148e+03	5.2929e+02	-4.5394e+02	-1.3286e+03	1.4648e+02	1.7619e+03	4.9288e+02	1.1804e+03	7.5982e+02	-1.8685e+03	1.2253e+03	-8.7837e+02	2.6152e+02	-2.2079e+03	2.5609e+03	1.9550e+02	9.7982e+02	2.9406e+02	1.2422e+03	5.8003e+02	4.2940e+02	2.0556e+02
1.8000e+05	-7.4041e+02	-2.0349e+02	4.7336e+02	1.0950e+01	7.4620e+01	-1.6893e+03	-8.2696e+02	-1.3998e+02	1.7051e+03	4.3657e+02	-7.2120e+01	6.5520e+02	1.1209e+03	9.6226e+01	4.4416e+02	-3.7573e+02	3.7328e+02	-7.2410e+02	-2.8615e+02	-7.2114e+02	4.7694e+02	1.4908e+03	-8.8721e+02	3.3778e+03	-5.0144e+02	1.2643e+03	3.3262e+03	1.6634e+01	9.5567e+02	-6.6354e+02	2.6052e+02	-4.3236e+02	-7.7439e+02	-6.7662e+02	-1.5913e+03	7.6857e+02	1.2265e+03	3.4899e+02	1.1579e+03	-5.1046e+02	4.4123e+02	-2.7851e+02	4.1969e+02	-2.8723e+02	-4.8297e+02	5.9167e+02	1.7078e+02	-8.0757e+01	4.7152e+02	1.6518e+02	-1.5441e+03	-1.4929e+03	7.9545e+02	1.0832e+03	1.2467e+03	-3.0180e+02	3.2381e+02	-1.2351e+03	-5.7227e+02	1.0823e+03	1.1958e+03	-1.4619e+03	-3.6663e+02	-2.6327e+02	-2.5631e+02	-9.0631e+02	-9.1025e+02	2.0799e+03	1.4936e+03	-1.1870e+02	-1.3338e+03	6.4228e+02	-2.4642e+02	7.0245e+01	-1.1647e+03	1.4544e+03	-1.1480e+03	8.8993e+02	-1.5828e+03	-1.9100e+02	-1.2797e+03	7.5106e+02	-1.1032e+03	1.0362e+03	-1.4223e+03	-2.0528e+03	6.1509e+02	7.5737e+02	1.9691e+03	4.8098e+02	1.2175e+03	-6.1386e+02	2.7123e+03	1.2250e+03	1.1139e+03	-5.0336e+02	3.2021e+02	-5.5355e+02	-1.0801e+03	2.5529e+02	3.9818e+02	-5.5001e+02	-1.8568e+02	-3.3055e+02	-8.1917e+02	-7.8511e+02	-5.3972e+02	1.6312e+02	9.4958e+02	-1.3265e+03	-5.8544e+02	-9.9572e+01	-2.5284e+03	4.3225e+02	-1.0842e+03	4.8909e+02	-2.0684e+02	2.4631e+01	-1.6151e+03	-1.7448e+03	1.1495e+03	-8.5712e+02	-1.5402e+03	5.6581e+02	-3.9645e+02	-1.4600e+03	-1.7735e+01	6.0958e+02	-1.0685e+03	-2.9074e+02	-1.4162e+03	1.1903e+02	-1.1510e+03	4.6504e+02	-9.4975e+02	7.1544e+01	-3.2862e+02	-3.4735e+02	-1.3250e+03	2.4451e+02	-2.5515e+01	-4.3473e+02	-1.3579e+03	2.0200e+03	-3.3515e+02	8.9443e+01	7.3025e+02	3.6838e+02	-9.7804e+02	-8.3941e+02	-2.7574e+03	-1.0319e+03	-4.6427e+02	-8.3031e+02	-8.0059e+02	-2.1924e+03	2.5901e+02	1.2970e+03	-4.1305e+02	1.0739e+03	-1.0687e+03	-9.6614e+02	-2.0492e+02	-2.2960e+03	7.9864e+02	-1.7075e+03	1.5440e+03	-1.1982e+03	3.6557e+01	-6.2298e+02	-8.9966e+02	-4.0178e+02	-1.4056e+03	-8.3049e+02	-5.0205e+02	-6.5016e+01	-1.1343e+03	-6.7121e+02	2.6818e+03	-1.2042e+03	6.2851e+02	3.9457e+02	9.4295e+02	1.4111e+03	3.5457e+02	1.2970e+03	-1.0324e+03	3.5266e+01	-2.3463e+03	-1.8052e+03	7.8773e+01	4.3935e+02	-1.2098e+03	4.6275e+02	-2.7742e+02	-3.5732e+02	-1.8404e+01	-1.0765e+03	-1.5571e+02	7.6338e+02
1.8000e+05	-1.4406e+03	1.4649e+03	1.8632e+03	1.0962e+03	-6.0578e+02	1.0235e+03	-1.9379e+03	2.6323e+03	1.4223e+03	-2.5814e+03	-7.3377e+00	-1.2066e+03	2.9434e+03	-1.0077e+03	2.5512e+03	-4.1543e+03	3.2969e+03	-1.6742e+03	1.5441e+02	-1.3739e+03	6.5193e+02	-1.5528e+03	-2.1980e+02	-2.6074e+03	-4.7472e+01	-6.4277e+02	-2.2156e+03	1.3424e+03	-4.0902e+02	1.8225e+03	1.0375e+03	-1.4333e+03	7.2199e+02	1.3469e+03	3.0494e+02	-8.5802e+02	-3.7569e+03	1.5985e+03	3.5203e+02	-3.4815e+03	5.4210e+02	-5.4541e+02	-1.5910e+03	-4.6946e+02	-7.0368e+02	-2.9413e+03	4.0109e+01	4.8052e+02	-1.1279e+03	2.6133e+03	8.0962e+02	5.0461e+02	1.8293e+03	-5.8030e+02	-1.3047e+03	-1.8450e+03	6.5453e+02	2.4555e+03	-8.8880e+02	-3.3606e+02	-2.0044e+03	-5.4475e+02	-6.0902e+01	4.9178e+02	1.0063e+03	3.7618e+02	-1.6173e+03	-2.9509e+03	1.3271e+02	2.0925e+03	1.0583e+02	-3.2355e+03	-1.3314e+03	1.2938e+03	-1.6739e+02	1.0278e+03	-2.6952e+02	-1.9611e+03	-6.9468e+02	-1.7438e+03	-7.9255e+02	3.8073e+02	-3.2463e+02	2.6382e+03	1.0886e+03	1.3293e+03	3.2700e+02	-4.7083e+02	-8.8705e+01	-4.6609e+02	-2.0167e+03	2.2716e+03	3.4808e+03	-3.2489e+02	2.6890e+03	2.5002e+02	1.6386e+03	-3.7098e+03	-1.6558e+03	-2.4628e+02	1.2044e+03	8.7157e+02	-2.4445e+03	7.9160e+02	-2.7325e+02	2.6688e+03	-6.4428e+02	-1.1122e+03	-7.0064e+01	-2.7019e+03	5.2714e+02	-1.4253e+03	-2.5910e+03	-3.6316e+03	-2.7200e+03	-1.6176e+03	1.5385e+02	2.1111e+03	3.1156e+03	1.7082e+03	-4.6874e+02	9.1603e+02	-1.6080e+03	1.1252e+03	-3.7759e+03	-8.5455e+02	3.4687e+03	-3.2120e+02	1.2451e+03	3.6757e+02	-4.8179e+02	9.7404e+02	-2.6636e+03	1.5298e+03	-4.7131e+03	8.2472e+02	1.6806e+03	1.6286e+03	-1.0975e+03	1.1039e+03	4.5750e+02	-1.2042e+03	2.1979e+03	2.3018e+03	-1.1279e+02	7.5066e+02	2.9700e+03	3.7779e+03	-2.6580e+03	1.5232e+03	-1.8283e+03	-3.9759e+03	-8.3630e+01	-2.5415e+02	-3.7632e+02	1.5280e+03	7.7047e+02	-1.8517e+03	1.8212e+02	9.1662e+02	2.5007e+02	8.2391e+02	-1.6924e+03	-1.2189e+03	-6.9628e+02	-1.9530e+03	-1.6602e+03	-6.0787e+02	2.8269e+03	1.7403e+03	-1.3370e+03	-2.4262e+03	1.0068e+03	-5.0791e+02	1.0171e+03	7.3446e+02	-1.7805e+02	-1.7872e+03	-1.6345e+03	7.2258e+02	-3.5377e+02	-1.4876e+03	-9.7825e+02	2.2026e+03	6.1348e+02	8.7982e+02	1.2581e+03	-8.4825e+02	2.0203e+03	-1.5144e+03	-3.6792e+02	-1.6386e+03	1.7847e+03	8.6558e+02	1.7514e+03	-4.2550e+01	9.7120e+02	1.0947e+03	1.0587e+03	-4.0693e+02
2.0000e+05	-9.3830e+02	-1.4996e+02	3.5372e+02	4.2038e+02	-3.5624e+01	-1.7902e+03	-5.9220e+02	-4.4019e+02	1.5928e+03	8.5709e+02	5.0489e+02	1.0672e+03	1.1491e+03	3.6458e+02	1.0239e+03	1.5685e+02	9.0645e+01	-1.0233e+03	-3.0746e+02	-9.3635e+02	3.9227e+02	1.3328e+03	-4.3743e+02	3.4967e+03	-9.0827e+02	9.9470e+02	3.4880e+03	3.4654e+02	1.6629e+03	-6.4386e+02	3.1977e+02	-6.2560e+02	-8.8485e+02	-1.0791e+03	-2.1840e+03	8.7068e+02	1.2272e+03	6.4451e+02	1.2777e+03	-5.2969e+02	7.3705e+02	-3.0975e+02	3.8223e+02	1.4203e+02	-8.9364e+02	6.1697e+02	-5.1675e+02	-7.5075e+02	6.1129e+02	9.2618e+02	-1.2181e+03	-2.0099e+03	5.0605e+02	9.1031e+02	1.6806e+03	-8.1109e+01	1.0877e+02	-1.8542e+03	-7.5896e+02	1.3532e+03	9.9896e+02	-1.1448e+03	-6.9591e+02	-3.4891e+02	-3.4856e+02	-9.5675e+02	-9.8730e+02	2.2927e+03	1.2994e+03	2.1149e+01	-1.7067e+03	7.0490e+02	-2.3351e+02	-1.5972e+02	-1.5583e+03	4.6106e+02	-1.1869e+03	1.0719e+03	-1.4188e+03	-4.4263e+02	-9.7345e+02	1.5144e+03	-1.4006e+03	9.2114e+02	-1.5446e+03	-2.1096e+03	8.0663e+02	8.5684e+02	2.0731e+03	4.4823e+02	7.0949e+02	-4.9108e+02	3.0072e+03	1.2850e+03	1.0884e+03	-1.2581e+02	3.9809e+02	-7.2641e+02	-9.9162e+02	1.1025e+02	-8.2800e+01	-2.0038e+02	2.5789e+01	-4.3331e+02	-8.2405e+02	-2.4963e+02	-8.7016e+02	2.9554e+02	7.3107e+02	-1.3410e+03	-1.1990e+03	-8.9538e+02	-2.4968e+03	-2.3446e+02	-1.0106e+03	1.6897e+02	-1.2247e+03	1.0021e+02	-1.2503e+03	-1.6775e+03	1.3634e+03	-7.4862e+02	-1.9350e+03	3.6091e+02	-5.6578e+02	-1.7579e+03	2.1097e+01	1.2126e+03	-1.2749e+03	-2.2193e+02	-1.2673e+03	4.2390e+02	-9.7466e+02	4.7752e+01	-4.1581e+02	-3.2689e+02	-4.7178e+02	-6.9442e+02	-1.6547e+03	2.2040e+02	2.0329e+02	-1.1453e+02	-1.3082e+03	1.6450e+03	3.2355e+02	1.0953e+02	6.7276e+02	4.9993e+02	-1.0128e+03	-1.5267e+03	-2.5416e+03	-4.0702e+02	-5.1529e+02	-9.0433e+02	-1.0082e+03	-1.9721e+03	-1.1545e+02	1.3054e+03	-5.4527e+02	9.0222e+02	-1.3757e+03	-7.3953e+02	-6.9058e+02	-2.3685e+03	2.7394e+02	-1.8597e+03	2.2473e+03	-1.1483e+03	-1.6513e+02	-7.9408e+02	-1.0797e+02	1.3562e+01	-8.1669e+02	-5.9488e+02	-3.4376e+02	-3.0034e+01	-1.2240e+03	-1.1078e+03	2.7263e+03	-1.9841e+03	4.8992e+02	1.0275e+02	2.9847e+02	1.0958e+03	-2.0927e+02	7.4270e+02	-1.2523e+03	-1.5698e+02	-2.2593e+03	-1.3285e+03	2.0509e+02	6.4365e+02	-1.2708e+03	3.1786e+02	2.6869e+02	-4.0232e+02	2.4262e+02	-1.3200e+03	-3.4579e+02	9.6324e+02
2.0000e+05	-9.2185e+02	1.2358e+03	6.6930e+02	5.4657e+02	-8.8241e+02	8.0252e+02	-1.4900e+03	2.1845e+03	1.9053e+03	-3.1769e+03	7.1068e+01	-1.4048e+03	2.6674e+03	-2.4372e+03	2.8936e+03	-3.9080e+03	2.6042e+03	-1.4861e+03	2.8166e+02	-9.1141e+02	5.0238e+02	-1.8071e+03	-4.4093e+02	-2.5872e+03	4.8031e+02	-9.8799e+02	-2.2582e+03	2.3065e+03	-2.6385e+02	1.8755e+03	-1.9842e+02	-1.5020e+03	9.4460e+02	1.6763e+03	-4.8429e+02	-1.3224e+03	-4.1889e+03	1.2101e+03	-7.9109e+01	-4.3644e+03	4.9942e+02	-1.5785e+02	-1.4664e+03	9.3534e+01	-2.7573e+02	-3.4585e+03	7.3182e+02	4.9099e+02	-2.2262e+03	2.9368e+03	3.9967e+02	3.9827e+02	1.3677e+03	2.0511e+02	-1.5534e+03	-9.5786e+02	6.3096e+02	2.9372e+03	-1.2054e+03	-1.4097e+02	-2.0848e+03	-1.8488e+03	2.7638e+02	7.0660e+02	2.1060e+03	6.4059e+02	-1.8030e+03	-3.6209e+03	1.1753e+03	2.0854e+03	-9.2115e+01	-3.2986e+03	-8.6523e+02	2.1744e+03	-6.4005e+02	8.5372e+02	-6.5994e+02	-8.6149e+02	-3.0561e+02	-2.1868e+03	-5.3356e+02	5.4462e+01	-1.0927e+03	2.4357e+03	1.0111e+03	2.4157e+03	1.8340e+01	-1.1297e+02	1.3367e+02	-3.6193e+02	-2.5357e+03	2.2762e+03	2.8899e+03	3.6649e+02	3.3259e+03	1.8330e+02	2.1036e+03	-3.7944e+03	-1.3588e+03	-9.0841e+02	1.0663e+03	8.9775e+02	-2.2320e+03	7.8851e+02	-9.9512e+01	2.8619e+03	-1.0316e+03	-1.4370e+03	1.5797e+02	-3.7874e+03	3.5052e+02	-2.0786e+03	-3.7194e+03	-3.5229e+03	-2.2366e+03	-2.0742e+03	1.5925e+02	1.8040e+03	3.1600e+03	1.8552e+03	7.4717e+02	1.1492e+03	-9.1836e+02	1.9672e+03	-2.7627e+03	2.6475e+02	3.2782e+03	-4.0229e+02	1.2029e+03	5.8365e+02	-9.8022e+01	1.3518e+03	-1.5548e+03	1.2525e+03	-4.2343e+03	5.2165e+02	3.0958e+03	1.3323e+03	-1.3768e+03	8.8346e+02	-4.6359e+01	-8.6380e+02	2.5701e+03	1.9039e+03	-9.3772e+01	5.4728e+02	3.0869e+03	4.1473e+03	-4.0349e+03	6.2392e+02	-9.5299e+02	-4.4892e+03	-3.8204e+02	3.9670e+02	-9.7239e+02	1.2561e+03	-5.9321e+02	-1.5114e+03	-8.0031e+02	8.7895e+02	-1.8766e+02	-3.3039e+02	-1.9262e+03	-1.0401e+03	-1.4754e+03	-1.4560e+03	-1.8824e+03	-6.3852e+02	2.6460e+03	2.1196e+03	-6.8083e+02	-2.8308e+03	1.3815e+03	2.1055e+01	1.7990e+03	2.4214e+02	2.3923e+01	-2.0537e+03	-2.6301e+03	5.5691e+02	-4.2023e+02	-1.7825e+03	-5.8233e+02	1.2922e+03	7.0126e+02	1.3540e+03	1.1421e+03	-1.3304e+03	2.1992e+03	-1.0808e+03	1.5158e+02	-1.2150e+03	1.8813e+03	7.1214e+02	1.5585e+03	-4.9345e+02	1.0369e+02	1.3674e+03	1.0601e+03	-6.7745e+02
