2.0000e+05	7.6661e+04
2.0000e+05	7.6627e+04
2.0000e+05	7.7166e+04
2.0000e+05	7.8369e+04
2.0000e+05	7.9533e+04
2.0000e+05	8.1067e+04
2.0000e+05	8.2776e+04
2.0000e+05	8.4667e+04
2.0000e+05	8.6676e+04
2.0000e+05	8.9242e+04
2.0000e+05	9.2325e+04
2.0000e+05	9.4913e+04
2.0000e+05	9.7831e+04
2.0000e+05	1.0154e+05
2.0000e+05	1.0479e+05
2.0000e+05	1.0819e+05
2.0000e+05	1.1142e+05
2.0000e+05	1.1460e+05
2.0000e+05	1.1730e+05
2.0000e+05	1.2065e+05
2.0000e+05	1.2331e+05
2.0000e+05	1.2620e+05
2.0000e+05	1.2852e+05
2.0000e+05	1.3056e+05
2.0000e+05	1.2946e+05
2.0000e+05	1.2579e+05
2.0000e+05	1.2376e+05
2.0000e+05	1.2397e+05
2.0000e+05	1.2543e+05
2.0000e+05	1.2657e+05
2.0000e+05	1.2667e+05
2.0000e+05	1.2657e+05
2.0000e+05	1.2637e+05
2.0000e+05	1.2544e+05
2.0000e+05	1.2551e+05
2.0000e+05	1.2524e+05
2.0000e+05	1.2565e+05
2.0000e+05	1.2566e+05
2.0000e+05	1.2553e+05
2.0000e+05	1.2486e+05
2.0000e+05	1.2570e+05
2.0000e+05	1.2532e+05
2.0000e+05	1.2423e+05
2.0000e+05	1.2468e+05
2.0000e+05	1.2474e+05
2.0000e+05	1.2430e+05
2.0000e+05	1.2433e+05
2.0000e+05	1.2392e+05
2.0000e+05	1.2380e+05
2.0000e+05	1.2294e+05
2.0000e+05	1.2351e+05
2.0000e+05	1.2345e+05
2.0000e+05	1.2293e+05
2.0000e+05	1.2276e+05
2.0000e+05	1.2229e+05
2.0000e+05	1.2172e+05
2.0000e+05	1.2169e+05
2.0000e+05	1.2202e+05
2.0000e+05	1.2136e+05
2.0000e+05	1.2021e+05
2.0000e+05	1.2060e+05
2.0000e+05	1.2009e+05
2.0000e+05	1.1993e+05
2.0000e+05	1.1927e+05
2.0000e+05	1.1906e+05
2.0000e+05	1.1890e+05
2.0000e+05	1.1859e+05
2.0000e+05	1.1788e+05
2.0000e+05	1.1797e+05
2.0000e+05	1.1700e+05
2.0000e+05	1.1714e+05
2.0000e+05	1.1648e+05
2.0000e+05	1.1611e+05
2.0000e+05	1.1560e+05
2.0000e+05	1.1545e+05
2.0000e+05	1.1440e+05
2.0000e+05	1.1394e+05
2.0000e+05	1.1434e+05
2.0000e+05	1.1410e+05
2.0000e+05	1.1261e+05
2.0000e+05	1.1296e+05
2.0000e+05	1.1186e+05
2.0000e+05	1.1177e+05
2.0000e+05	1.1121e+05
2.0000e+05	1.1089e+05
2.0000e+05	1.1093e+05
2.0000e+05	1.1034e+05
2.0000e+05	1.0934e+05
2.0000e+05	1.0889e+05
2.0000e+05	1.0849e+05
2.0000e+05	1.0798e+05
2.0000e+05	1.0813e+05
2.0000e+05	1.0678e+05
2.0000e+05	1.0681e+05
2.0000e+05	1.0646e+05
2.0000e+05	1.0596e+05
2.0000e+05	1.0529e+05
2.0000e+05	1.0557e+05
2.0000e+05	1.0416e+05
2.0000e+05	1.0399e+05
2.0000e+05	1.0332e+05
2.0000e+05	1.0318e+05
2.0000e+05	1.0257e+05
2.0000e+05	1.0196e+05
2.0000e+05	1.0194e+05
2.0000e+05	1.0155e+05
2.0000e+05	1.0030e+05
2.0000e+05	1.0002e+05
2.0000e+05	1.0005e+05
2.0000e+05	9.9063e+04
2.0000e+05	9.9339e+04
2.0000e+05	9.8695e+04
2.0000e+05	9.8480e+04
2.0000e+05	9.7549e+04
2.0000e+05	9.7219e+04
2.0000e+05	9.6861e+04
2.0000e+05	9.6658e+04
2.0000e+05	9.5589e+04
2.0000e+05	9.5574e+04
2.0000e+05	9.4738e+04
2.0000e+05	9.4586e+04
2.0000e+05	9.4329e+04
2.0000e+05	9.3859e+04
2.0000e+05	9.3430e+04
2.0000e+05	9.2894e+04
2.0000e+05	9.3006e+04
2.0000e+05	9.2152e+04
2.0000e+05	9.2191e+04
2.0000e+05	9.1457e+04
2.0000e+05	9.0742e+04
2.0000e+05	9.0875e+04
2.0000e+05	9.0289e+04
2.0000e+05	9.0058e+04
2.0000e+05	8.9524e+04
2.0000e+05	8.9388e+04
2.0000e+05	8.9084e+04
2.0000e+05	8.8137e+04
2.0000e+05	8.8478e+04
2.0000e+05	8.7700e+04
2.0000e+05	8.7564e+04
2.0000e+05	8.7196e+04
2.0000e+05	8.6360e+04
2.0000e+05	8.6433e+04
2.0000e+05	8.6401e+04
2.0000e+05	8.5969e+04
2.0000e+05	8.5622e+04
2.0000e+05	8.5581e+04
2.0000e+05	8.4805e+04
2.0000e+05	8.4638e+04
2.0000e+05	8.4221e+04
2.0000e+05	8.4406e+04
2.0000e+05	8.3582e+04
2.0000e+05	8.3707e+04
2.0000e+05	8.2908e+04
2.0000e+05	8.2690e+04
2.0000e+05	8.2528e+04
2.0000e+05	8.2255e+04
2.0000e+05	8.2290e+04
2.0000e+05	8.1966e+04
2.0000e+05	8.1503e+04
2.0000e+05	8.1229e+04
2.0000e+05	8.1751e+04
2.0000e+05	8.1112e+04
2.0000e+05	8.0593e+04
2.0000e+05	8.0661e+04
2.0000e+05	8.0650e+04
2.0000e+05	8.0523e+04
2.0000e+05	7.9922e+04
2.0000e+05	8.0087e+04
2.0000e+05	7.9801e+04
2.0000e+05	7.9195e+04
2.0000e+05	7.9982e+04
2.0000e+05	7.9715e+04
2.0000e+05	7.8784e+04
2.0000e+05	7.8911e+04
2.0000e+05	7.8855e+04
2.0000e+05	7.8736e+04
2.0000e+05	7.8395e+04
2.0000e+05	7.8227e+04
2.0000e+05	7.8186e+04
2.0000e+05	7.8392e+04
2.0000e+05	7.7750e+04
2.0000e+05	7.7719e+04
2.0000e+05	7.7837e+04
2.0000e+05	7.7352e+04
2.0000e+05	7.7572e+04
2.0000e+05	7.7304e+04
2.0000e+05	7.7609e+04
2.0000e+05	7.7247e+04
2.0000e+05	7.7160e+04
2.0000e+05	7.7205e+04
2.0000e+05	7.7155e+04
2.0000e+05	7.6901e+04
2.0000e+05	7.7089e+04
2.0000e+05	7.6979e+04
2.0000e+05	7.7059e+04
2.0000e+05	7.6688e+04
2.0000e+05	7.6504e+04
2.0000e+05	7.6815e+04
2.0000e+05	7.6333e+04
