2.0000e+05	7.6470e+04
2.0000e+05	7.7435e+04
2.0000e+05	7.7665e+04
2.0000e+05	7.8348e+04
2.0000e+05	7.9608e+04
2.0000e+05	8.0915e+04
2.0000e+05	8.2393e+04
2.0000e+05	8.5049e+04
2.0000e+05	8.6645e+04
2.0000e+05	8.8895e+04
2.0000e+05	9.1908e+04
2.0000e+05	9.4852e+04
2.0000e+05	9.7964e+04
2.0000e+05	1.0184e+05
2.0000e+05	1.0447e+05
2.0000e+05	1.0785e+05
2.0000e+05	1.1209e+05
2.0000e+05	1.1468e+05
2.0000e+05	1.1706e+05
2.0000e+05	1.2097e+05
2.0000e+05	1.2302e+05
2.0000e+05	1.2572e+05
2.0000e+05	1.2857e+05
2.0000e+05	1.3052e+05
2.0000e+05	1.2979e+05
2.0000e+05	1.2480e+05
2.0000e+05	1.2340e+05
2.0000e+05	1.2395e+05
2.0000e+05	1.2554e+05
2.0000e+05	1.2654e+05
2.0000e+05	1.2714e+05
2.0000e+05	1.2621e+05
2.0000e+05	1.2642e+05
2.0000e+05	1.2553e+05
2.0000e+05	1.2467e+05
2.0000e+05	1.2561e+05
2.0000e+05	1.2568e+05
2.0000e+05	1.2490e+05
2.0000e+05	1.2539e+05
2.0000e+05	1.2610e+05
2.0000e+05	1.2536e+05
2.0000e+05	1.2490e+05
2.0000e+05	1.2480e+05
2.0000e+05	1.2442e+05
2.0000e+05	1.2400e+05
2.0000e+05	1.2464e+05
2.0000e+05	1.2326e+05
2.0000e+05	1.2422e+05
2.0000e+05	1.2416e+05
2.0000e+05	1.2379e+05
2.0000e+05	1.2328e+05
2.0000e+05	1.2300e+05
2.0000e+05	1.2218e+05
2.0000e+05	1.2274e+05
2.0000e+05	1.2247e+05
2.0000e+05	1.2216e+05
2.0000e+05	1.2180e+05
2.0000e+05	1.2115e+05
2.0000e+05	1.2098e+05
2.0000e+05	1.2110e+05
2.0000e+05	1.2048e+05
2.0000e+05	1.2066e+05
2.0000e+05	1.1996e+05
2.0000e+05	1.1978e+05
2.0000e+05	1.1879e+05
2.0000e+05	1.1958e+05
2.0000e+05	1.1885e+05
2.0000e+05	1.1734e+05
2.0000e+05	1.1758e+05
2.0000e+05	1.1751e+05
2.0000e+05	1.1677e+05
2.0000e+05	1.1650e+05
2.0000e+05	1.1568e+05
2.0000e+05	1.1592e+05
2.0000e+05	1.1523e+05
2.0000e+05	1.1543e+05
2.0000e+05	1.1433e+05
2.0000e+05	1.1401e+05
2.0000e+05	1.1350e+05
2.0000e+05	1.1276e+05
2.0000e+05	1.1251e+05
2.0000e+05	1.1265e+05
2.0000e+05	1.1226e+05
2.0000e+05	1.1141e+05
2.0000e+05	1.1097e+05
2.0000e+05	1.1104e+05
2.0000e+05	1.1018e+05
2.0000e+05	1.0956e+05
2.0000e+05	1.0870e+05
2.0000e+05	1.0829e+05
2.0000e+05	1.0823e+05
2.0000e+05	1.0763e+05
2.0000e+05	1.0715e+05
2.0000e+05	1.0708e+05
2.0000e+05	1.0593e+05
2.0000e+05	1.0580e+05
2.0000e+05	1.0600e+05
2.0000e+05	1.0491e+05
2.0000e+05	1.0405e+05
2.0000e+05	1.0371e+05
2.0000e+05	1.0354e+05
2.0000e+05	1.0298e+05
2.0000e+05	1.0282e+05
2.0000e+05	1.0218e+05
2.0000e+05	1.0156e+05
2.0000e+05	1.0094e+05
2.0000e+05	1.0079e+05
2.0000e+05	9.9575e+04
2.0000e+05	1.0027e+05
2.0000e+05	9.9633e+04
2.0000e+05	9.9983e+04
2.0000e+05	9.8774e+04
2.0000e+05	9.7857e+04
2.0000e+05	9.7340e+04
2.0000e+05	9.6613e+04
2.0000e+05	9.6250e+04
2.0000e+05	9.6115e+04
2.0000e+05	9.5791e+04
2.0000e+05	9.6268e+04
2.0000e+05	9.5396e+04
2.0000e+05	9.4432e+04
2.0000e+05	9.3906e+04
2.0000e+05	9.3431e+04
2.0000e+05	9.3912e+04
2.0000e+05	9.3620e+04
2.0000e+05	9.2782e+04
2.0000e+05	9.1674e+04
2.0000e+05	9.1499e+04
2.0000e+05	9.1436e+04
2.0000e+05	9.1377e+04
2.0000e+05	9.0442e+04
2.0000e+05	9.0390e+04
2.0000e+05	9.0075e+04
2.0000e+05	9.0219e+04
2.0000e+05	8.9220e+04
2.0000e+05	8.8894e+04
2.0000e+05	8.8890e+04
2.0000e+05	8.7654e+04
2.0000e+05	8.8329e+04
2.0000e+05	8.7284e+04
2.0000e+05	8.6611e+04
2.0000e+05	8.7063e+04
2.0000e+05	8.6975e+04
2.0000e+05	8.6719e+04
2.0000e+05	8.6040e+04
2.0000e+05	8.5458e+04
2.0000e+05	8.5671e+04
2.0000e+05	8.4370e+04
2.0000e+05	8.4685e+04
2.0000e+05	8.4358e+04
2.0000e+05	8.3524e+04
2.0000e+05	8.4496e+04
2.0000e+05	8.3292e+04
2.0000e+05	8.3484e+04
2.0000e+05	8.2992e+04
2.0000e+05	8.2655e+04
2.0000e+05	8.2038e+04
2.0000e+05	8.2468e+04
2.0000e+05	8.2488e+04
2.0000e+05	8.2023e+04
2.0000e+05	8.1444e+04
2.0000e+05	8.1778e+04
2.0000e+05	8.1208e+04
2.0000e+05	8.1216e+04
2.0000e+05	8.0255e+04
2.0000e+05	8.0689e+04
2.0000e+05	8.0408e+04
2.0000e+05	7.9871e+04
2.0000e+05	7.9609e+04
2.0000e+05	7.9604e+04
2.0000e+05	7.9383e+04
2.0000e+05	7.9653e+04
2.0000e+05	7.9820e+04
2.0000e+05	7.8660e+04
2.0000e+05	7.8537e+04
2.0000e+05	7.8448e+04
2.0000e+05	7.8586e+04
2.0000e+05	7.8291e+04
2.0000e+05	7.8369e+04
2.0000e+05	7.8470e+04
2.0000e+05	7.8023e+04
2.0000e+05	7.7721e+04
2.0000e+05	7.7993e+04
2.0000e+05	7.7523e+04
2.0000e+05	7.7500e+04
2.0000e+05	7.7196e+04
2.0000e+05	7.7520e+04
2.0000e+05	7.7084e+04
2.0000e+05	7.7446e+04
2.0000e+05	7.6901e+04
2.0000e+05	7.7086e+04
2.0000e+05	7.7315e+04
2.0000e+05	7.6925e+04
2.0000e+05	7.7238e+04
2.0000e+05	7.6734e+04
2.0000e+05	7.6616e+04
2.0000e+05	7.7016e+04
2.0000e+05	7.6873e+04
2.0000e+05	7.7047e+04
2.0000e+05	7.6677e+04
