2.0000e+04	-2.1518e+02	-4.6561e+02	-5.5269e+02	2.0454e+02	5.8239e+02	1.4248e+01	2.6678e+02	7.8137e+01	1.2183e+02	-2.3942e+02	7.7197e+01	-2.4486e+02	3.3875e+02	5.9968e+01	2.0287e+02	4.7690e+02	-7.6180e+01	1.1596e+02	-3.8396e+01	5.0060e+02	5.7388e+02	-1.4051e+02	2.5660e+02	3.8391e+02	2.0968e+02	-1.7420e+02	4.6775e+02	-1.7075e+02	3.3291e+02	5.7948e+02	1.9102e+02	3.9980e+00	1.6756e+02	2.1243e+02	-4.5294e+01	-2.2145e+01	4.5429e+02	4.4887e+01	1.0074e+02	-4.6027e+02	2.1559e+02	1.4705e+02	-1.4042e+02	1.5518e+02	-2.0007e+02	3.6741e+01	1.2184e+02	-2.0154e+02	-9.9634e+01	2.4778e+02	3.8729e+02	3.5417e+01	-3.1726e+02	5.4254e+02	2.8176e+02	-3.2055e+02	-4.0637e+02	1.7014e+02	3.6477e+02	1.4855e+02	1.0896e+02	3.2062e+02	4.3823e+02	8.1391e+01	2.8800e+02	-4.5251e+02	-5.3915e+02	4.7868e+02	2.4095e+02	-2.4641e+02	-1.8791e+02	-4.9797e+02	-5.7513e+02	-1.7389e+02	-1.4710e+02	3.6704e+01	1.9785e+00	1.3890e+02	-8.9571e+02	2.4876e+02	-3.9411e+02	-4.7768e+01	-4.7560e+02	-1.3034e+00	-3.7178e+02	-4.9673e+01	-1.9730e+02	-5.3952e+02	4.5099e+02	-3.2669e+02	-1.9277e+02	3.8685e+02	-5.8799e+02	-2.8242e+02	-8.2273e+02	-3.3440e+02	4.9536e+02	2.2490e+02	1.6787e+02	-1.8552e+02	2.5668e+02	1.0331e+01	7.7970e+01	-4.6925e+02	6.0427e+01	-7.2005e+01	-4.3199e+02	-2.9598e+01	2.7614e+02	1.4003e+02	1.8736e+02	1.0108e+02	-1.8599e+02	3.1343e+02	-5.1486e+02	6.3085e+02	-2.3799e+02	-9.6436e+01	-1.4618e+02	6.4299e+02	-2.2997e+02	-1.2962e+02	-4.4168e+02	-2.3796e+02	1.6216e+02	-5.4710e+02	-8.0785e+01	2.1871e+02	-1.7012e+02	-2.2889e+02	3.5879e+01	3.8432e+02	-7.4462e+01	-2.2354e+02	-1.7626e+02	3.3804e+02	-5.7287e+02	3.2826e+02	1.2592e+02	8.3818e+01	-2.6417e+02	2.6963e+02	3.2004e+02	-2.2911e+02	1.0922e+02	-9.8232e+01	5.1326e+02	2.4672e+02	9.4850e+01	-5.8928e+02	-5.1223e+02	-5.0525e+02	1.8319e+02	3.0953e+02	-2.0106e+02	-2.8108e+01	-2.3348e+02	6.6948e+01	-3.4796e+02	1.0873e+02	-3.3816e+02	1.2193e+02	-2.4627e+02	2.3878e+02	4.8882e+02	3.4154e+02	-1.6626e+02	-4.0983e+02	-3.5313e+01	6.3192e+02	-3.3864e+02	-1.8722e+02	4.3415e+02	5.0914e+02	6.7993e+02	-2.6840e+02	1.5496e+02	-1.7081e+02	-4.0918e+02	1.3620e+01	-2.8218e+02	1.5112e+02	-1.5714e+02	2.6687e+02	-3.4679e+02	2.9679e+02	7.3108e+02	1.1186e+02	1.0695e+02	-2.1142e+02	-3.5649e+02	1.2333e+02	-7.8409e+01	-7.1815e+02	2.9292e+02	-3.9371e+02	-1.7200e+02	-2.3004e+02	6.1785e+01	6.4934e+02
2.0000e+04	-1.3003e+02	3.1438e+02	-4.0041e+02	4.6111e+02	-9.3432e+01	2.6957e+01	-2.2994e+02	-4.0431e+02	-4.2791e+02	-8.0157e+02	-1.0521e+02	6.9583e+02	-1.0155e+03	-1.2673e+02	1.6172e+02	-1.1500e+03	6.4432e+02	9.6172e+02	1.0043e+02	3.4445e+02	9.2549e+01	2.8087e+02	-4.4669e+02	-9.1741e+02	8.6470e+02	-1.6964e+02	-2.3074e+02	-2.4864e+02	-8.8443e+01	-2.2824e+02	-4.6825e+02	-5.1353e+02	-4.8536e+02	6.2264e+01	1.2123e+03	4.6007e+02	-7.8057e+01	1.6712e+02	-1.5467e+02	-6.8715e+02	2.1172e+01	3.7478e+02	1.1850e+02	1.0262e+03	-3.3319e+02	-1.6365e+02	1.2645e+03	-1.8702e+02	1.2901e+02	7.0500e+02	-4.1644e+02	-4.4093e+02	4.4268e+02	-3.6645e+00	-7.0332e+02	9.1902e+02	-2.0876e+02	1.3357e+03	-4.8287e+02	-7.2724e+01	-8.7361e+02	-9.3106e+02	3.3628e+02	-3.8247e+02	2.2159e+01	5.6795e+02	-5.1848e+02	3.3262e+02	-8.6632e+02	6.8999e+02	-3.9500e+02	-1.1273e+02	-7.8973e+02	-6.3834e+02	-1.0960e+03	1.1670e+03	3.8605e+02	1.4769e+02	9.3812e+00	-6.4251e+02	-2.6219e+02	-1.5414e+02	-4.9079e+02	-2.7316e+02	5.4193e+02	6.3402e+02	-8.7385e+02	-1.2299e+03	-4.7677e+02	3.5524e+02	1.5101e+02	3.5994e+02	-9.0919e+02	8.6067e+02	2.1168e+02	-3.2410e+02	-6.6465e+02	-1.5230e+02	-3.2244e+02	-2.6928e+02	-4.2292e+02	2.9531e+02	-1.0356e+02	-4.3473e+02	-8.7656e+02	-3.8016e+02	8.3545e+01	-4.3192e-01	-1.3065e+03	4.2927e+02	4.6653e+02	-3.6699e+02	-2.3095e+02	3.1950e+01	-3.4427e+02	5.1580e+02	3.2412e+02	-4.2075e+02	1.5950e+02	7.7043e+01	-1.2632e+01	-4.3705e+02	1.6635e+02	-5.7070e+02	-1.1185e+03	1.5958e+03	-8.0209e+02	-1.0537e+02	2.0295e+02	1.2464e+03	1.6050e+02	1.7655e+02	-4.6721e+01	5.1879e-01	7.5007e+01	1.9619e+02	4.1516e+02	3.7825e+02	3.5769e+02	-7.1044e+02	4.7347e+01	-4.3311e+02	5.4442e+02	1.3377e+01	7.7434e+01	1.6216e+02	-1.3845e+03	-2.4331e+02	-7.3024e+02	-1.1566e+03	-6.8537e+02	2.1112e+02	-5.4937e+02	8.8729e+02	7.5001e+02	7.9010e+02	-4.8531e+02	8.4444e+02	-3.1693e+02	-6.6772e+02	-5.3257e+02	-4.4309e+02	-4.0082e+02	-6.7487e+02	-4.8602e+02	1.4349e+03	5.1879e+01	8.3300e+02	7.2101e+01	2.0168e+02	-3.0234e+02	3.0443e+02	5.2303e+02	7.1266e+02	4.6822e+02	2.3883e+02	-1.0741e+03	6.2216e+02	-9.8176e+01	-1.1345e+03	8.6961e+02	-7.7489e+02	5.1390e+01	-9.4791e+01	9.4649e+02	-6.3890e+02	8.4065e+02	5.2653e+01	-3.0818e+01	5.9058e+02	2.0103e+02	2.8878e+02	-7.2254e+02	5.4262e+02	2.6791e+02	5.2631e+02	-5.0961e+02	-6.3396e+02	-8.9593e+02	-5.1313e+02
4.0000e+04	1.1569e+02	-3.2421e+02	-6.3725e+02	-1.6625e+02	2.9220e+01	1.5590e+02	-3.1069e+02	-3.4070e+02	1.1117e+02	-7.2723e+02	3.9320e+02	4.4861e+02	7.8647e+02	-1.8191e+02	4.1749e+02	6.2220e+02	-1.2132e+02	5.1490e+02	-7.0529e+02	6.8050e+02	2.4878e+02	2.5877e+02	2.0956e+02	4.1171e+02	2.7452e+02	4.1279e+01	9.0368e+02	5.4933e+00	2.0717e+02	6.4100e+02	-4.0160e+02	-2.1399e+02	-3.6095e+02	5.9081e+02	-1.7226e+02	4.1368e+02	1.1475e+03	5.4739e+01	3.6681e+02	-1.5753e+02	5.0496e+02	-3.1331e+02	-3.0524e+02	-6.7982e+02	-2.3631e+02	2.6156e+02	4.3450e+02	-5.5134e+02	-5.0396e+02	3.8773e+02	-7.7576e+01	8.4441e+01	-8.1172e+02	6.0537e+02	2.6569e+02	3.4498e+02	2.0451e+02	4.2342e+02	5.9536e+02	4.3109e+02	5.1843e+02	1.1132e+03	1.5669e+02	-3.6305e+01	-9.9094e+01	1.9123e+02	-4.6470e+02	5.0564e+02	3.2414e+02	1.3359e+02	-7.9351e+02	-4.5075e+02	-1.1427e+03	2.2441e+02	2.9497e+01	-8.2536e+02	3.1724e+02	4.1112e+02	-8.3737e+02	6.0064e+02	-1.4001e+02	-5.1738e+02	-6.7484e+02	-2.1250e+02	-2.4694e+02	6.2274e+01	-1.4174e+02	-2.4086e+02	2.5717e+02	-6.7145e+01	-2.5918e+01	3.0256e+02	-7.4446e+02	-5.6357e+02	-9.2776e+02	-3.3334e+02	5.8617e+02	6.1479e+02	6.7219e+02	-1.7339e+02	4.1516e+02	-2.6567e+02	1.2415e+02	3.3299e+00	7.4077e+02	-4.5210e+02	-3.0822e+02	-6.6452e+02	-1.8262e+02	7.0115e+02	8.5951e+02	-5.9388e+02	-9.4064e+01	3.6397e+01	-3.2975e+02	7.8969e+02	-5.9050e+00	-7.9896e+02	-3.3053e+02	4.4588e+01	-5.4265e+02	-6.2013e+01	-2.2918e+02	-3.1535e+02	4.4921e+02	-9.0655e+02	5.1586e+02	4.7194e+02	7.6164e+02	-2.5676e+01	4.0287e+02	2.5039e+02	3.7208e+01	1.1332e+02	-2.3115e+02	5.1100e+02	-5.2305e+02	5.6199e+02	4.0152e+02	4.0617e+02	2.3843e+02	-4.0725e+02	5.7940e+01	-3.8746e+02	1.8520e+02	-3.2046e+02	3.3474e+02	-6.8888e+01	-2.0209e+02	-1.0823e+03	-5.7073e+02	-2.2694e+02	-7.4730e+01	-1.4344e+02	-5.6112e+02	-1.2771e+02	-4.9923e+01	-2.5997e+02	-2.3544e+02	-2.5681e+02	1.8424e+02	-5.5282e+01	-4.2417e+02	2.5083e+02	1.1739e+03	5.7820e+02	-3.3178e+02	-6.0664e+02	-1.2245e+02	3.1808e+02	-6.5594e+02	-3.5797e+02	8.3389e+02	3.7284e+02	6.0330e+02	-1.2690e+03	-1.0507e+02	6.3815e+02	-1.7421e+02	7.5653e+01	1.5968e+02	5.5237e+02	4.5316e+01	2.7496e+02	2.2155e+01	-8.1230e+02	1.2756e+03	2.8569e+02	5.1613e+02	-4.8082e+02	-4.7857e+02	-2.3472e+02	7.3381e+02	-5.7015e+02	3.9573e+02	-5.4180e+02	-5.6498e+02	2.2219e+02	2.9178e+02	1.2693e+03
4.0000e+04	2.5353e+02	4.5260e+01	6.2950e+02	-4.8550e+02	3.0547e+02	1.5615e+03	-3.0190e+00	-2.7013e+02	-1.9889e+02	-2.2598e+02	-2.3195e+02	7.8557e+02	-8.0085e+02	-1.4296e+02	2.8341e+02	-8.8960e+02	1.3143e+03	-5.9214e+01	1.2553e+02	2.7181e+02	2.2147e+02	-7.2954e+02	-9.9840e+02	-7.0407e+02	5.8503e+02	-9.3455e+02	-9.8866e+01	-1.1053e+03	-3.8089e+02	-2.1893e+02	-3.6393e+02	-4.6202e+02	-8.1881e+02	-2.3450e+02	1.5112e+03	1.3953e+02	-1.0079e+03	1.4994e+03	-7.0540e+02	-4.4745e+02	8.2947e+01	-8.5224e+01	-1.1016e+02	2.3880e+02	-5.8615e+02	-7.7159e+01	1.9222e+03	-7.2599e+02	-2.4426e+02	1.4693e+02	3.0441e+02	-6.6655e+02	4.4021e+02	-5.3243e+02	-1.2154e+03	7.1801e+02	-3.9649e+02	1.5470e+03	-1.0467e+03	-7.2219e+02	-1.4846e+03	-1.6203e+03	1.3343e+03	5.3183e+02	4.8833e+02	2.1925e+02	-5.9549e+02	1.5985e+03	-5.3020e+02	1.1697e+03	-5.4729e+02	-1.0277e+03	-1.2306e+03	-5.2740e+02	-1.8104e+03	2.2779e+03	1.0074e+03	1.1643e+03	-1.1198e+02	-9.1014e+02	4.8141e+02	1.1293e+03	-7.9972e+02	-3.2893e+02	4.5832e+02	1.3710e+03	-4.9606e+02	-5.8132e+02	-8.3057e+02	1.6055e+02	3.5175e+02	1.2361e+02	-8.7244e+02	-5.9443e+01	3.7569e+02	2.6918e+02	-5.2619e+02	2.3317e+02	-5.3754e+01	-1.3065e+03	-9.8037e+02	-4.0745e+02	-4.9336e+02	9.3026e+01	-1.3975e+03	-1.2115e+03	5.6996e+02	1.1335e+03	-1.7438e+03	-3.1001e+00	6.3668e+02	-6.8330e+02	2.4737e+02	3.9177e+02	-2.1697e+02	7.4197e+01	1.9905e+02	1.7217e+02	-6.6444e+01	7.3423e+02	-1.1169e+03	-4.5563e+02	1.0721e+02	3.0651e+02	-3.8690e+02	6.7567e+02	-1.0632e+03	7.7158e+02	-6.2724e+01	-4.5651e+01	1.2962e+03	-2.3060e+02	-4.3959e+02	-5.4830e+02	-4.0546e+01	-1.5493e+02	9.0344e+02	-1.2348e+02	7.2113e+02	-1.8458e+03	-1.5896e+02	-6.7014e+02	8.2338e+02	-1.7973e+02	4.2881e+02	3.6760e+02	-1.6358e+03	-1.5981e+02	-3.1709e+02	-5.5388e+02	-1.8513e+02	7.4588e+02	-6.8912e+02	4.1397e+02	-1.9330e+02	-2.1267e+02	5.3359e+02	1.7995e+02	2.1701e+02	-4.8757e+02	-8.3546e+02	-4.5838e+02	-4.8476e+02	-2.0836e+03	-1.8953e+02	1.8801e+03	-4.3715e+02	-5.3108e+02	-2.5601e+02	3.3304e+02	9.4978e+02	1.1529e+03	2.1228e+03	5.3510e+02	1.0598e+03	1.4777e+03	-9.0612e+02	-3.3430e+02	2.1190e+02	-1.0572e+03	1.0980e+03	-1.3478e+03	-3.4102e+02	-6.5962e+02	1.2226e+03	-4.2091e+02	1.8943e+03	-5.5968e+02	-2.8519e+02	1.6392e+03	3.6191e+02	-9.7283e+02	-1.0995e+03	5.7884e+02	-2.6208e+02	1.8126e+02	-8.9747e+02	-3.5894e+02	-8.0264e+02	-8.7988e+02
6.0000e+04	5.1058e+02	-4.2883e+02	-9.4383e+02	-3.8105e+02	-2.8927e+02	2.7772e+02	-3.6767e+02	-5.6987e+02	4.0356e+02	-1.3242e+03	7.2131e+01	-1.3638e+02	5.2638e+02	-8.2470e+02	4.9750e+02	6.2700e+02	-4.9457e+02	2.2963e+02	-9.6005e+02	1.1600e+03	4.0537e+02	5.7040e+01	6.4212e+01	5.7156e+02	-1.0500e+02	-9.7087e+01	1.1831e+03	3.8907e+01	2.8807e+02	6.3598e+02	-1.3103e+02	-7.8488e+01	-4.5794e+02	7.6816e+01	8.2540e+01	6.1945e+02	1.1279e+03	6.4492e+02	3.8180e+02	-2.8961e+02	3.5949e+02	1.0298e+02	1.1800e+01	-1.0731e+03	-4.8914e+02	4.7428e+02	3.2103e+01	-1.4697e+03	-1.3279e+02	4.1024e+02	7.9382e+01	-3.5032e+02	-8.0467e+02	2.5728e+02	3.8182e+02	9.6963e+01	3.2600e+02	5.4702e+02	1.2889e+03	3.9393e+02	4.8118e+02	1.3938e+03	-3.3266e+02	-6.6645e+02	-4.0773e+01	-1.4640e+02	-2.1609e+02	9.2256e+02	7.2209e+01	4.4002e+02	-7.8558e+02	-3.5763e+02	-1.5928e+03	-7.5590e+01	4.8322e+01	-6.8938e+02	2.3413e+02	2.1329e+02	-9.4825e+02	6.1532e+02	-4.0764e+01	-4.5371e+02	-6.5560e+02	-1.4133e+02	-1.9426e+02	2.8346e+01	-1.5985e+02	-1.7491e+02	1.2729e+02	-5.7750e+02	5.1467e+02	8.0810e+02	-3.7208e+02	-9.1865e+02	-1.1884e+03	2.3424e+02	4.1797e+02	9.2503e+02	1.2427e+02	-2.8426e+01	3.0123e+02	3.5218e+02	-1.3258e+02	-3.2510e+02	7.7522e+02	-5.0644e+02	-8.3827e+02	-1.0733e+03	-2.5844e+02	7.9639e+02	9.4061e+02	-3.7204e+02	1.5705e+02	-1.6687e+02	-4.8559e+02	2.9926e+02	-9.0610e+02	-1.3623e+03	-8.4855e+02	2.3754e+02	-1.1666e+03	1.0295e+02	2.0248e+02	-3.7812e+02	4.0747e+02	-6.0226e+02	6.8696e+02	4.3499e+02	8.4281e+02	-7.0188e+02	9.2271e+02	1.1129e+02	-2.5426e+02	4.6217e+02	1.9257e+02	1.6045e+02	-1.2203e+02	4.0508e+02	2.4683e+02	7.9926e+02	-6.6833e+01	-5.1893e+02	3.9213e+02	7.2405e+01	2.3823e+02	-4.8938e+02	4.0742e+02	-9.7618e+01	-1.7387e+02	-1.0312e+03	-1.0722e+03	1.7375e+02	-1.4208e+02	2.1801e+01	-7.6918e+02	1.3492e+02	-2.4412e+02	-3.0168e+01	-2.4149e+02	-5.1568e+02	1.6936e+02	1.3035e+02	-5.0245e+02	1.4199e+01	1.7479e+03	7.3394e+02	-3.3746e+01	-4.9029e+02	1.7302e+02	4.6993e+02	-2.6629e+02	-9.0085e+02	6.0945e+02	4.1769e+02	1.4462e+03	-1.3881e+03	3.8595e+02	5.7902e+02	-1.1231e+02	6.4358e+02	-3.8433e+02	1.0068e+03	6.0329e+02	3.8550e+02	-3.9696e+02	-1.4397e+03	7.8710e+02	8.9101e+01	4.0768e+02	-1.1026e+02	-4.0426e+02	-3.5259e+01	9.3412e+02	1.3635e+02	3.4431e+02	-6.7265e+02	-8.1668e+02	-3.0052e+01	4.0176e+01	9.8533e+02
6.0000e+04	3.9746e+02	1.1170e+01	5.9049e+02	-1.1187e+03	1.0531e+03	2.0020e+03	5.8398e+02	-7.7997e+02	-4.0350e+01	-1.0789e+03	2.3155e+02	1.7726e+02	-7.7964e+02	3.9299e+02	-2.3784e+02	-2.1054e+03	1.1827e+03	-1.4758e+03	2.4967e+02	9.3180e+02	7.1214e+02	-5.5431e+02	-9.1947e+02	-9.2342e+02	1.4058e+02	-1.6312e+03	-1.3457e+02	-1.6846e+03	-3.6192e+02	-4.0005e+02	-4.5310e+02	-5.7136e+02	-1.1180e+03	2.7232e+02	7.4095e+02	-9.2242e+00	-8.8322e+01	1.5822e+03	1.3495e+02	-1.3934e+03	3.1202e+02	2.5050e+02	-2.8063e+02	6.1483e+01	-6.7552e+02	-7.9055e+02	8.6373e+02	-5.8321e+02	-2.1155e+02	-1.1640e+03	1.3142e+03	-1.0717e+03	7.5714e+02	6.0210e+02	-3.9738e+02	1.2647e+03	-7.2703e+02	1.0432e+03	-1.6347e+03	-3.1347e+01	-1.6444e+03	-6.6094e+02	1.1541e+03	3.5833e+02	4.5744e+02	-2.4458e+02	-1.1965e+03	1.7217e+03	-1.7246e+02	6.6141e+02	-7.6158e+02	-1.0586e+03	-1.4154e+03	-9.0137e+02	-1.9314e+03	2.8996e+03	6.7852e+02	1.3337e+03	-6.9899e+02	-1.7989e+02	4.2278e+01	1.1354e+03	-8.6304e+02	4.4486e+02	-1.0247e+02	1.7495e+03	1.2099e+02	-8.1380e+02	-1.0647e+03	4.2948e+02	3.3829e+02	5.5588e+02	-8.8947e+02	-1.3618e+02	1.2119e+03	-5.2854e+02	-2.2798e+02	2.3377e+02	3.0604e+01	-2.1132e+03	-1.6849e+03	-1.7253e+02	3.8360e+02	7.9831e+01	-8.3809e+02	-1.5573e+03	5.6953e+02	1.9142e+03	-1.1880e+03	-1.9969e+02	8.6360e+02	-6.0801e+02	6.7753e+02	2.0061e+02	-4.7827e+02	-1.4869e+02	4.4376e+02	7.7875e+02	-1.2756e+03	1.0764e+03	-5.8742e+02	-9.2071e+02	5.8866e+02	-3.6818e+02	-1.3138e+03	5.8249e+02	-1.7726e+03	8.6679e+02	-1.5919e+03	1.3963e+01	1.7402e+03	-4.6800e+02	-1.5539e+03	2.9712e+02	-5.4333e+02	-4.1287e+02	5.8433e+02	1.0013e+03	5.1993e+02	-1.9288e+03	-4.4231e+02	-8.0741e+02	1.0550e+03	1.0342e+03	1.0441e+03	-1.2072e+02	-1.7485e+03	3.5283e+02	-3.7175e+02	-6.6036e+02	2.1000e+02	4.9178e+02	5.2018e+02	2.7323e+01	3.7656e+02	1.4588e+02	1.1880e+03	1.6787e+02	4.5831e+02	-3.6342e+02	-1.0662e+03	5.6666e+02	-4.1937e+02	-1.0600e+03	-2.2963e+02	2.5668e+03	-1.2283e+03	-1.2581e+03	-6.7664e+02	3.1156e+02	1.5930e+03	2.1587e+03	2.1598e+03	1.1537e+03	-3.2929e+02	6.8705e+02	-6.3804e+02	-8.6678e+02	7.3971e+02	-8.5351e+02	6.4787e+02	-7.3374e+02	-8.4669e+02	-5.0214e+02	1.8408e+03	-1.9368e+02	1.9991e+03	-1.7515e+02	3.5767e+01	1.8554e+03	2.6135e+02	-8.8649e+02	-7.8623e+02	1.2374e+03	3.8769e+02	-2.0319e+02	-7.3498e+02	7.4974e+02	-1.4767e+03	-1.0920e+03
8.0000e+04	5.5278e+02	-6.3183e+02	-9.5213e+02	-6.2509e+02	-2.5935e+02	1.2418e+02	-6.4295e+02	1.1370e+02	-1.2893e+02	-2.1344e+03	9.0029e+02	-3.7687e+02	3.6851e+02	-1.0426e+03	3.8996e+02	3.5422e+02	-1.3779e+02	7.3602e+00	-1.1789e+03	1.2530e+03	6.6016e+02	-8.4965e+00	2.0707e+02	3.5878e+01	7.7857e+01	7.4625e+01	1.1253e+03	1.6112e+02	1.6167e+02	2.5730e+02	-1.5792e+02	-1.6657e+02	-4.1954e+02	2.1724e+01	8.0817e+02	3.9157e+02	6.2307e+02	3.8341e+02	7.6505e+02	-4.4387e+02	6.1930e+01	5.0745e+02	-1.7484e+02	-7.1107e+02	-4.2401e+02	1.9789e+02	-3.6888e+02	-1.3606e+03	-3.1518e+02	-4.3587e+01	-8.3861e+01	-3.3512e+02	-7.1111e+02	6.6556e+02	8.0421e+00	8.9846e+00	7.1445e+01	8.0206e+02	1.7228e+03	6.1240e+02	2.2000e+02	1.5312e+03	-2.4209e+02	-1.0923e+03	-9.2206e+02	-6.1594e+02	-5.3805e+02	8.0953e+02	3.4756e+02	1.3759e+02	-5.8676e+02	-4.4862e+02	-1.3355e+03	-9.3478e+02	3.2595e+02	-1.2141e+03	-4.6986e+02	2.1294e+02	-9.8950e+02	5.9100e+02	-3.8829e+02	-3.4705e+02	-6.1312e+02	-2.8802e+02	-4.3553e+02	-4.4270e+01	-9.4775e+01	9.6070e+01	2.4451e+02	-1.2519e+03	9.0037e+02	5.2438e+02	-2.8812e+02	-7.9278e+02	-1.3806e+03	5.0122e+01	2.9995e+02	9.9217e+02	2.8430e+02	6.3842e+01	1.6591e+02	6.8603e+02	-5.2801e+02	-1.3482e+02	7.5319e+02	-1.1866e+02	-2.4158e+02	-1.5284e+03	-2.2179e+02	7.8154e+02	8.3580e+02	1.4146e+02	1.5175e+02	-4.1885e+02	9.1619e+01	4.2104e+02	-1.0102e+03	-1.5327e+03	-8.8802e+02	6.5000e+02	-9.2847e+02	-2.0984e+02	5.8094e+01	2.0362e+02	4.6055e+02	-5.0541e+02	4.2821e+02	4.5303e+02	1.1820e+03	-1.1457e+03	1.0431e+03	-1.4112e+02	6.4575e+01	-4.0497e+01	1.1541e+02	9.7606e+01	-9.1431e+01	2.6422e+02	1.6713e+02	4.7280e+02	-6.0781e+02	-1.2905e+02	6.0184e+02	4.6455e+02	7.8543e+02	-2.1781e+01	9.1551e+02	6.6447e+00	3.6038e+01	-1.1336e+03	-8.0579e+02	5.4438e+02	2.1055e+02	-4.7509e+02	-1.2525e+03	5.2144e+02	1.0045e+02	-7.8754e+02	-3.7069e+02	-6.5924e+02	-5.0700e+02	-2.5223e+02	-8.9673e+02	-7.6901e+02	1.3897e+03	8.4205e+02	-3.9202e+02	-9.0833e+02	5.0924e+02	1.1616e+02	4.7770e+01	-8.7375e+02	8.6624e+02	1.0154e+03	1.7214e+03	-1.8360e+03	9.8342e+02	1.9024e+02	-2.5192e+02	2.2655e+02	3.6496e+01	6.6915e+02	5.8337e+02	-2.0400e+02	-8.9475e+01	-1.1153e+03	9.2653e+02	3.8739e+01	5.3644e+02	-1.7262e+02	4.2073e+01	-4.4565e+02	5.7121e+02	1.1446e+02	-9.5183e+01	-2.8555e+02	-1.4993e+03	6.0596e+01	2.0574e+02	1.4103e+03
8.0000e+04	1.1044e+03	1.1928e+03	4.5805e+02	-1.1217e+03	1.0029e+03	2.2327e+03	2.9707e+02	-1.0646e+03	3.6169e+01	-5.3684e+02	-4.8249e+02	-2.8705e+02	-1.3260e+03	7.1653e+02	-7.9418e+01	-1.7741e+03	1.3107e+03	-9.9674e+02	8.6840e+02	5.3341e+02	3.7862e+02	9.7752e+01	-1.2515e+03	-2.5580e+02	-1.3656e+01	-9.8144e+02	3.2081e+02	-6.4780e+02	-8.8914e+02	-2.3071e+01	-1.3603e+03	-2.8804e+02	-9.5725e+02	4.1597e+02	8.4147e+02	-1.4176e+02	8.6078e+01	1.1323e+03	2.6739e+02	-1.2914e+03	2.5302e+02	4.8656e+02	-2.1549e+02	7.8817e+02	-2.6241e+02	-1.0905e+03	9.9619e+02	-1.6590e+02	2.5242e+02	-1.1422e+03	1.9136e+03	-1.0721e+03	2.2918e+03	-1.2022e+02	-1.1248e+03	1.5977e+03	-1.1575e+03	1.7024e+03	-3.0539e+03	-8.2381e+02	-6.8949e+02	-1.3029e+02	1.3493e+03	1.6128e+02	3.5275e+02	-3.1540e+02	-2.2856e+03	1.7899e+03	-1.7720e+02	2.6330e+02	-1.7700e+03	-2.1734e+02	-1.3368e+03	-1.5558e+03	-2.6848e+03	2.3406e+03	1.6516e+03	1.4048e+03	-5.7122e+02	1.3459e+02	-2.9195e+02	1.4843e+03	-7.9628e+02	7.4331e+02	8.8321e+02	2.6434e+03	3.9817e+02	-7.7550e+01	-9.6315e+02	3.6572e+02	-8.2485e+02	8.6112e+02	-3.5915e+02	2.1095e+02	2.7719e+02	-6.6837e+02	-1.7615e+02	-6.0208e+02	2.8578e+02	-2.4249e+03	-2.7747e+03	-3.9684e+02	3.4785e+02	1.2543e+03	-9.5050e+02	-1.3473e+03	8.7684e+02	2.1581e+03	-1.4997e+03	6.2576e+02	4.0650e+02	-7.2472e+02	-8.1097e+01	1.0125e+03	-2.0098e+02	7.0328e+01	-2.7578e+02	1.5548e+03	-7.6906e+02	4.5666e+02	-7.3934e+02	-8.5024e+02	6.4558e+02	-7.7031e+02	-7.2786e+02	1.6163e+03	-1.8601e+03	3.3794e+02	-1.8330e+03	6.3600e+02	1.6605e+03	-2.2497e+01	-1.2294e+02	-6.1817e+01	3.6326e+02	-3.5689e+02	2.2210e+02	1.5074e+03	1.2061e+03	-2.7794e+03	3.7475e+01	-1.2378e+03	1.5003e+03	9.6301e+02	1.1850e+03	3.0844e+02	-1.8718e+03	1.4743e+03	6.0951e+02	-1.5697e+03	1.1462e+02	-2.0030e+01	1.7921e+02	-6.4256e+02	7.8882e+02	3.8963e+02	1.0220e+03	2.0241e+02	-2.8681e+02	-4.0858e+02	-9.6086e+02	2.5554e+02	-9.7583e+01	-1.2095e+03	-8.5657e+02	2.0444e+03	-1.9558e+03	-1.0267e+03	-1.3025e+03	-1.5375e+02	1.2011e+03	3.1348e+03	1.5464e+03	3.7899e+02	-1.7650e+03	8.8646e+02	7.1083e+00	-3.6994e+02	-5.3512e+01	-1.2022e+03	4.3465e+02	-1.3915e+03	8.9020e+02	-1.8449e+03	2.1747e+03	-5.2475e+02	2.0443e+03	-5.8259e+02	1.3649e+03	1.0980e+03	4.2356e+02	-7.1150e+02	-8.3741e+02	1.5203e+03	-7.8511e+02	6.5528e+02	-7.7050e+02	1.6435e+03	-1.9342e+03	-5.2594e+02
1.0000e+05	5.9236e+02	-6.7761e+02	-8.6230e+01	-4.4213e+02	-1.1604e+02	9.1233e+01	-3.6974e+02	-3.0321e+02	2.3328e+02	-2.2165e+03	1.1452e+03	-1.5446e+02	1.0550e+02	-1.3046e+03	1.6572e+01	-1.9878e+02	-9.8106e+01	3.8199e+01	-1.7969e+03	1.2442e+03	1.0072e+03	-1.7789e+02	8.7289e+01	2.1337e+02	3.7840e+02	1.2795e+02	1.2731e+03	-2.6473e+02	2.0125e+01	7.0460e+02	-5.3802e+02	-6.3017e+02	-7.2778e+02	-1.2666e+02	4.9339e+02	1.1987e+02	1.2209e+02	-3.3119e+02	1.0180e+03	-8.4567e+02	4.6241e+01	9.0751e+02	-4.8148e+02	-1.2484e+02	-7.1049e+02	6.6012e+01	-1.4415e+03	-9.1893e+02	-7.6356e+02	3.4738e+02	-7.6832e+01	-5.1082e+02	-9.7310e+02	3.5309e+02	-1.2260e+02	-3.0460e+02	3.0654e+02	7.9359e+02	1.5088e+03	8.3634e+02	5.6957e+02	1.2607e+03	-1.3985e+03	-5.5581e+02	-1.2241e+03	-4.6832e+02	-1.0973e+03	1.4014e+03	4.0148e+02	3.9610e+02	-6.0233e+02	-6.3352e+02	-1.1037e+03	-9.5917e+02	4.1220e+01	-1.4634e+03	-9.7975e+02	1.5930e+02	-1.0182e+03	1.3053e+02	-4.4866e+02	-1.5873e+02	-1.2945e+03	-1.0160e+02	-9.6842e+02	6.2478e+00	-6.0977e+02	7.6219e+01	9.3640e+02	-8.9218e+02	8.5325e+02	5.3221e+02	-2.9521e+01	-1.3084e+03	-1.8057e+03	-1.3047e+02	5.3071e+02	8.8049e+02	3.6751e+02	-7.7670e+01	-4.0198e+02	1.0783e+03	-1.0300e+03	-3.2237e-01	5.6405e+02	-1.3785e+02	-4.4812e+02	-1.6691e+03	1.5850e+02	9.7345e+02	4.7514e+02	1.7282e+02	-7.3805e+02	5.1224e+01	-6.1031e+01	-4.5116e+01	-4.7959e+02	-9.3976e+02	-4.4100e+02	8.5685e+02	-1.7712e+03	-6.6977e+02	-3.2600e+02	3.7025e+02	7.4299e+02	-6.5475e+02	7.4328e+02	3.2634e+02	1.7243e+03	-1.4426e+03	1.2198e+03	-2.9500e+02	1.9617e+02	-1.3641e+01	-3.5797e+01	1.7431e+02	-4.1569e+02	4.7102e+02	4.4291e+02	3.1106e+02	-8.3138e+02	3.2799e+02	7.3839e+02	3.6096e+01	3.7667e+02	-1.9760e+02	9.4763e+02	4.3391e+01	-3.7435e+02	-8.8441e+02	-6.7053e+02	9.4834e+02	-1.6562e+02	-2.7534e+02	-1.1288e+03	-1.0185e+02	-9.9766e+01	-5.7376e+02	-8.0842e+02	-1.0239e+03	-6.1318e+02	1.8207e+01	-8.0185e+02	-9.3006e+02	1.3568e+03	6.7303e+02	-7.0843e+02	-7.4788e+02	-4.0009e+01	4.3773e+02	-1.9975e+02	-1.4713e+03	7.9030e+02	1.0622e+03	1.8661e+03	-2.1270e+03	6.4481e+02	4.4537e+02	-1.7589e+02	-8.7175e+01	3.5914e+02	9.5763e+02	7.5985e+02	-5.3949e+02	3.1533e+01	-1.0696e+03	5.5583e+02	4.0008e+02	4.2304e+02	4.7644e+02	1.0868e+03	-6.5590e+02	7.4805e+02	-8.5200e+01	6.8585e+02	-5.5411e+02	-1.1496e+03	1.3840e+02	-6.2148e+02	1.1516e+03
1.0000e+05	8.6068e+02	1.2926e+03	2.2505e+02	-7.1008e+02	1.4292e+03	3.1143e+03	2.1966e+02	-1.2454e+03	-7.3092e+01	-8.6296e+02	-3.5064e+02	-5.3372e+02	-2.4992e+03	-1.0504e+02	-3.4821e+02	-2.5857e+03	1.1802e+03	-7.4898e+02	5.4443e+02	5.8703e+02	1.9306e+02	2.9397e+02	-9.8702e+02	-1.4559e+03	-6.7700e+02	-1.1725e+03	5.5354e+02	7.4239e+02	-1.7268e+02	-3.3822e+02	-1.8810e+03	-2.3048e+02	-9.8215e+02	2.1134e+02	4.7823e+02	1.3952e+03	2.3633e+02	4.0317e+02	4.2679e+02	-1.4187e+03	-2.1124e+02	2.0017e+02	-1.1311e+02	6.6367e+02	8.2817e+02	-1.4095e+03	7.7430e+02	-1.0963e+03	6.7382e+01	-9.6143e+02	1.2899e+03	-2.0837e+02	2.4159e+03	-2.9496e+02	-1.4205e+03	1.5968e+03	-1.8945e+03	9.7668e+02	-2.5503e+03	-1.9744e+03	-2.7404e+02	-4.9547e+02	9.0066e+02	1.5826e+02	-1.9259e+02	-9.8840e+02	-2.4200e+03	2.0719e+03	3.6484e+02	-5.2926e+02	-1.6299e+03	-6.5164e+02	2.0695e+02	-1.9818e+03	-2.9716e+03	3.4887e+03	2.7252e+03	1.0117e+03	-1.3253e+03	-1.9378e+02	-1.2981e+03	1.7826e+03	-6.4014e+02	8.4812e+02	-3.2137e+00	2.8552e+03	-9.2634e+02	-4.7413e+02	-1.6159e+03	7.4996e+02	-4.6113e+02	-2.6699e+01	-1.2654e+02	-2.7987e+02	3.3887e+02	-8.8511e+02	2.8575e+01	-1.7449e+02	-5.3715e+01	-1.8734e+03	-3.1845e+03	-4.8486e+02	5.7097e+02	2.1528e+03	-9.8620e+02	-2.0672e+03	1.7035e+03	2.5948e+03	-2.0950e+03	2.8222e+02	4.2420e+02	-9.5736e+01	-4.2622e+01	6.2111e+02	-3.0968e+01	5.1611e+02	-9.0371e+02	2.0299e+03	-8.6268e+02	1.3586e+03	-1.4615e+03	-1.9872e+03	9.6542e+02	-6.6432e+01	-2.2230e+02	8.5018e+02	-2.0202e+03	8.3102e+02	-1.9140e+03	1.6575e+03	2.5329e+03	4.1980e+01	-6.0751e+02	1.1487e+03	-4.6380e+02	-3.7331e+02	2.5156e+02	1.7092e+03	2.5924e+02	-2.4643e+03	3.2063e+02	-1.1531e+03	1.7631e+03	3.4804e+02	8.8170e+02	-3.2549e+02	-1.6302e+03	3.7821e+02	6.9392e+02	-1.9038e+03	5.3692e+02	-4.6853e+02	-6.6836e+02	2.8480e+01	9.7272e+02	1.1595e+03	1.3225e+02	-7.7132e+02	2.8380e+02	-3.0925e+02	-1.7103e+03	6.7965e+01	-9.6870e+02	-1.7436e+03	-1.2436e+03	9.6111e+02	-1.9520e+03	2.3036e+02	-1.6459e+03	1.7570e+02	9.2048e+02	3.6515e+03	1.5249e+03	7.9348e+02	-1.7036e+03	1.0562e+03	1.5613e+02	-9.1415e+01	1.0942e+03	-5.4185e+01	1.8847e+02	-4.0393e+02	2.9654e+01	-2.3429e+03	2.3063e+03	-8.0985e+02	1.8442e+03	-9.7303e+02	1.7430e+03	7.8011e+02	4.7596e+01	-1.6189e+03	-1.0943e+03	3.4550e+03	-1.3489e+03	1.3565e+03	-1.5231e+03	2.1066e+03	-2.7031e+03	-2.9281e+02
1.2000e+05	6.7828e+02	-7.6987e+02	-1.3999e+02	-6.5736e+02	-4.7439e+02	6.0855e+01	-1.8665e+02	-2.0704e+02	2.8131e+01	-2.4138e+03	2.5297e+02	-2.0779e+02	3.7374e+02	-2.0229e+03	-4.0677e+02	-1.5784e+01	-2.0266e+02	-4.7648e+02	-1.6823e+03	7.5147e+02	7.7352e+02	-3.8235e+01	7.7986e+02	7.6326e+01	2.4301e+02	9.4927e+02	6.5356e+02	-5.3277e+02	-5.7247e+01	6.7213e+02	-1.0651e+03	-5.6701e+02	-9.7492e+02	4.4199e+02	-4.6390e+02	-5.1328e+02	-1.2973e+02	-1.1099e+02	8.8166e+02	-9.5288e+02	-5.7816e+02	5.5015e+02	-5.0646e+02	-3.0020e+02	-5.1567e+02	3.1506e+02	-1.8492e+03	-8.0408e+02	-8.7706e+02	5.1067e+02	1.3475e+02	-4.2267e+02	-1.7530e+03	-4.1572e+01	1.6248e+02	-7.7225e+02	9.7397e+02	8.5262e+02	1.9110e+03	1.0139e+03	6.3888e+01	1.2141e+03	-1.2091e+03	-3.9611e+02	-1.1274e+03	-5.4774e+02	-9.4663e+02	8.8390e+02	5.9549e+02	3.7342e+02	-2.8937e+02	-6.3445e+02	-8.8421e+02	-8.4789e+02	-2.3333e+02	-8.5531e+02	-6.5490e+02	-1.8583e+02	-1.1513e+03	-2.2022e+01	-1.7455e+03	-2.2395e+02	-1.0816e+03	-2.5244e+02	-5.7911e+02	2.9091e+02	-7.4268e+02	1.6387e+02	1.2853e+03	-1.1332e+03	1.1488e+03	4.6940e+02	-3.3894e+02	-1.2368e+03	-1.3542e+03	1.7492e+02	3.9033e+02	7.5912e+02	5.3174e+02	-2.2229e+02	-2.7912e+02	7.6173e+02	-7.9035e+02	-8.3418e+01	1.7443e+02	8.6280e+01	-4.7312e+02	-1.9537e+03	2.1043e+02	4.8401e+02	5.8720e+02	5.9295e+02	-3.5718e+02	-2.6762e+02	-2.4044e+02	-1.0494e+02	-7.9649e+02	-1.2229e+03	-7.3672e+02	1.1761e+03	-1.5883e+03	-3.3945e+02	-1.0538e+02	4.7250e+02	5.4230e+02	-9.3251e+02	1.0285e+03	8.7699e+02	2.0649e+03	-2.0220e+03	1.3763e+03	-7.9328e+02	5.2671e+02	-4.7242e+01	-3.4615e+02	-2.5871e+02	-6.4750e+02	7.7806e+02	2.8196e+02	3.0388e+02	-1.6221e+02	-4.1135e+02	7.9391e+02	-2.4956e+02	-2.5137e+02	2.2979e+02	3.5688e+02	-4.5332e+02	-8.3346e+02	-6.2090e+02	-1.2691e+03	6.0077e+02	-4.6758e+02	-8.1133e+02	-1.6977e+03	2.1569e+02	-4.1653e+02	-6.0565e+02	-8.7557e+02	-1.2496e+03	-9.1724e+02	-1.5866e+02	-4.9338e+02	-1.2809e+03	1.2705e+03	3.8027e+02	-8.0899e+02	-6.5161e+02	1.1166e+02	-3.0210e+01	-6.6266e+02	-1.1949e+03	1.3327e+03	1.6421e+03	2.1110e+03	-1.8861e+03	8.5933e+02	3.4434e+02	-2.3619e+02	-9.1444e+02	2.6902e+02	8.7093e+02	5.5512e+02	-7.3756e+02	-5.0078e+02	-1.0905e+03	4.1870e+00	3.3869e+02	3.2737e+02	1.6328e+01	7.4520e+02	-1.2153e+03	6.6612e+02	-3.3226e+02	8.7050e+02	-8.0859e+02	-1.4885e+03	-3.0690e+02	-4.4931e+02	6.7988e+02
1.2000e+05	1.7515e+03	2.0723e+03	4.6948e+02	4.5799e+02	1.6805e+03	3.1007e+03	2.8873e+02	-6.5197e+02	-5.0315e+02	-4.4131e+02	-8.4399e+02	-4.0900e+02	-2.3994e+03	-4.2879e+02	-9.5522e+02	-2.7004e+03	1.1189e+03	-7.3995e+01	6.8275e+02	1.1049e+03	-6.7784e+02	1.4691e+03	2.4381e+01	-1.1465e+03	-1.1659e+03	-2.3447e+02	1.1893e+03	-1.5239e+02	-5.1673e+02	-2.1349e+02	-9.6679e+02	2.3162e+02	-1.9438e+03	5.9324e+02	2.9522e+02	1.3602e+03	-5.3613e+01	-3.0196e+02	7.6677e+02	-2.3682e+03	-1.5598e+03	6.0944e+02	-2.1828e+02	4.3593e+02	5.7417e+02	-8.7781e+02	1.5263e+03	-8.5146e+02	-8.4739e+02	-8.5766e+02	1.0549e+03	-5.9951e+02	2.9613e+03	-1.1357e+03	-1.7399e+03	1.7304e+03	-2.1352e+03	1.2939e+03	-3.8984e+03	-1.0011e+03	-3.6998e+02	-1.1380e+03	8.8441e+02	2.5858e+02	8.6488e+02	-1.9620e+00	-2.6323e+03	3.0440e+03	5.3040e+02	-9.0293e+02	-2.0340e+03	-1.0605e+03	-1.1689e+02	-2.2162e+03	-3.2986e+03	3.4616e+03	4.0412e+03	4.0725e+02	-1.4650e+03	1.8958e+02	-7.9593e+02	2.0780e+03	-6.7315e+02	7.1076e+02	5.0809e+02	2.9330e+03	-1.5096e+03	-7.1519e+02	-1.7094e+03	-5.4730e+00	4.2089e+02	-1.6668e+02	-1.0632e+03	3.2644e-01	1.6316e+02	-1.2406e+02	6.2218e+01	-1.1637e+02	-7.4940e+02	-1.9364e+03	-3.0991e+03	-1.1712e+03	5.9200e+02	2.0878e+03	-1.7640e+02	-2.1598e+03	1.2873e+03	2.6090e+03	-2.0166e+03	1.1594e+03	8.5372e+02	-6.3707e+02	-5.0055e+02	7.7984e+02	-6.8549e+02	-3.1686e+02	-5.3311e+02	2.9457e+03	-2.5291e+03	7.8599e+02	-1.6042e+03	-2.4377e+02	1.1279e+03	-7.6702e+01	1.9201e+02	4.6902e+02	-1.5967e+03	7.4768e+02	-2.4224e+03	2.0925e+03	1.6192e+03	6.1980e+02	-1.3249e+03	2.5550e+02	-4.3666e+02	-1.0079e+03	5.3008e+02	1.2503e+03	-9.6898e+01	-2.8612e+03	2.0024e+02	-1.7442e+03	1.4419e+03	6.2263e+02	1.3962e+03	2.6375e+02	-2.5033e+03	3.0837e+02	1.0814e+03	-2.1872e+03	4.2959e+02	-2.8896e+02	-1.1607e+03	-7.2737e+02	-2.7129e+01	1.2410e+03	-8.7412e+01	-8.9905e+02	3.5437e+02	5.0093e+02	-6.8658e+02	4.1772e+02	-7.3300e+02	-2.3969e+03	-1.3201e+03	8.3718e+02	-1.2600e+03	7.1377e+02	3.7819e+01	1.0415e+02	1.7724e+03	2.8282e+03	1.9890e+03	1.5056e+03	-1.5446e+03	4.1906e+02	7.9357e+00	-4.9681e+02	6.8347e+02	5.2332e+02	1.5778e+02	-8.7649e+01	-5.3793e+02	-3.0207e+03	1.4396e+03	-1.7624e+03	1.4715e+03	-1.6804e+03	1.6934e+03	4.8933e+02	-7.8436e+02	-3.0421e+03	-1.4014e+03	3.0336e+03	-1.4011e+03	6.9653e+02	-2.7551e+03	1.4949e+03	-2.2198e+03	-1.7367e+02
1.4000e+05	5.9726e+02	-9.8213e+02	-6.3714e+02	-5.7351e+02	-4.3863e+02	-5.6209e+02	1.1678e+02	-3.7311e+02	1.0011e+02	-2.8329e+03	-1.3486e+01	8.4656e+01	7.3819e+02	-2.5991e+03	-1.8760e+02	6.5338e+02	5.1622e+02	-3.4766e+02	-1.6454e+03	5.8051e+02	-8.9256e+01	-6.3230e+01	3.2731e+02	-4.8956e+02	7.1053e+02	1.2766e+03	7.8554e+02	-9.8605e+02	-1.4097e+02	7.0475e+02	-4.1746e+02	-1.2431e+03	-4.2071e+02	7.4313e+02	-1.5604e+02	-6.7471e+02	3.4072e+01	-3.1702e+02	1.3728e+03	-1.5880e+03	-4.6459e+02	8.3027e+02	-8.0912e+02	1.0100e+02	-9.8734e+02	4.9622e+02	-1.3246e+03	-1.0000e+03	-9.6552e+02	6.4730e+02	-8.5324e+01	-3.1607e+02	-1.5324e+03	2.1690e+02	2.3154e+01	-6.6878e+02	1.2376e+03	4.3157e+02	1.6646e+03	7.4035e+02	-1.4853e+02	1.0515e+03	-1.3119e+03	-9.9193e+01	-1.5899e+03	-1.0914e+03	-1.0550e+03	1.1353e+02	1.3490e+03	2.7364e+02	-6.7542e+02	-3.9789e+02	-4.8082e+02	-7.5998e+02	-4.8298e+02	-6.9225e+02	-9.1300e+02	-1.0705e+02	-1.4093e+03	5.7389e+02	-2.0880e+03	-1.0758e+02	-1.0730e+03	-5.9158e+02	-7.1277e+02	7.5081e+02	-9.5205e+02	4.7371e+02	1.2096e+03	-1.0612e+03	1.4615e+03	1.6128e+02	-1.1923e+02	-1.4131e+03	-1.9656e+03	-7.2456e+02	4.4384e+02	5.7691e+02	3.9293e+02	-3.1694e+02	1.6334e+02	7.4287e+02	-6.2892e+02	-4.3139e+02	6.0569e+02	-4.1997e+02	-5.2657e+02	-1.6571e+03	3.1150e+02	-1.7579e+01	7.3409e+02	2.7048e+02	-2.8165e+02	-4.1823e+02	-4.4061e+02	-8.5444e+02	-7.0987e+02	-1.4788e+03	-1.0614e+03	1.7354e+03	-1.6881e+03	-6.7110e+02	-2.7302e+02	-1.1648e+01	6.7024e+02	-1.2728e+03	1.5576e+03	1.1057e+03	2.2801e+03	-2.3336e+03	1.7249e+03	-4.4248e+02	2.7467e+02	-5.0738e+01	-6.2096e+02	1.0649e+02	-3.9249e+02	7.4866e+02	6.6231e+02	3.7526e+02	-1.3986e+02	1.0596e+02	8.4690e+02	-4.9943e+02	-2.3805e+02	5.0359e+02	4.5615e+02	-7.8464e+02	-5.8412e+02	-6.9454e+02	-2.1892e+03	6.7632e+02	-4.5324e+02	-1.0727e+03	-1.9665e+03	2.3984e+02	3.9860e+01	-9.7897e+02	-1.0211e+03	-1.2589e+03	-7.8201e+02	3.2051e+02	-4.1644e+02	-1.2166e+03	5.0509e+02	1.0501e+03	-1.1183e+03	-1.3007e+03	-3.9816e+02	-7.8061e+01	2.4051e+02	-1.3663e+03	1.0090e+03	1.8127e+03	2.4978e+03	-1.4436e+03	1.0768e+03	2.5639e+02	-4.9000e+02	-9.3433e+02	2.0313e+02	9.8446e+02	-3.2254e+01	-2.4302e+02	-5.7842e+02	-1.3840e+03	-1.9213e+02	5.0969e+02	-2.3945e+01	-6.7490e+01	3.8394e+02	-1.6265e+03	7.3061e+02	-9.1439e+02	7.0202e+02	-8.9503e+02	-1.4549e+03	-6.9344e+02	-3.8837e+02	4.6398e+02
1.4000e+05	5.7693e+02	1.4453e+03	-2.5469e+02	-6.2658e+02	1.1595e+03	2.2557e+03	-1.9550e+02	-8.3249e+02	1.3639e+02	-2.6795e+02	-8.7455e+02	-1.1327e+03	-2.6643e+03	-6.8484e+02	-1.4723e+03	-2.5782e+03	9.9208e+02	1.7804e+02	1.3842e+03	1.6159e+03	-1.3820e+03	2.1547e+03	-9.9886e+02	5.1925e+02	-9.9567e+02	-4.1388e+02	1.7596e+03	1.9859e+02	-9.5977e+02	-1.7166e+02	-1.4126e+02	3.2563e+01	-1.9266e+03	1.7679e+03	2.7446e+02	2.1269e+03	-5.5701e+02	-6.6728e+02	2.3762e+03	-2.2943e+03	-1.1854e+03	8.6422e+02	4.1281e+02	8.3550e+02	5.8480e+02	-9.7326e+02	1.2479e+03	-6.0200e+02	-1.1062e+03	2.1045e+02	1.4635e+03	3.0492e+02	2.8310e+03	-4.8712e+02	-6.0824e+02	1.5426e+03	-2.5647e+03	1.8718e+03	-4.0218e+03	-1.1840e+03	9.0411e+02	-1.1877e+03	3.6408e+02	3.3927e+02	9.4360e+02	2.9025e+02	-2.5124e+03	2.9428e+03	2.8399e+02	-1.0714e+03	-2.6488e+03	-9.7886e+02	7.8369e+02	-2.3705e+03	-3.0912e+03	3.7229e+03	4.3747e+03	-1.0039e+02	-1.5770e+03	-2.8660e+02	-1.3794e+03	2.7616e+03	-1.3613e+02	9.8287e+02	3.4114e+02	3.0711e+03	-3.2856e+02	-1.5856e+03	-1.2258e+03	-2.4875e+01	1.2332e+03	3.0600e+02	-2.0531e+03	2.9084e+02	5.9668e+01	-8.1046e+02	-7.4937e+02	-7.6000e+02	-8.2834e+02	-1.4279e+03	-3.2355e+03	-6.8406e+02	1.6170e+02	3.6794e+03	1.1415e+02	-2.5849e+03	-9.5679e+02	2.7891e+03	-1.8091e+03	2.3317e+03	1.3692e+03	-6.4754e+02	-7.0998e+02	9.2154e+02	-8.0326e+02	-1.3904e+01	-5.1779e+02	2.6481e+03	-3.8332e+03	2.9169e+02	-1.5664e+03	8.2904e+01	1.7010e+03	8.8603e+01	1.1834e+03	3.9386e+02	-1.6348e+03	1.3628e+03	-2.9148e+03	2.6567e+03	6.6805e+02	-2.4747e+02	-1.8945e+03	8.9268e+02	3.4382e+02	-1.3461e+03	7.2283e+02	4.4497e+01	1.2686e+02	-3.8869e+03	-2.4937e+02	-1.7205e+03	1.5047e+03	5.6921e+02	1.7570e+03	-2.4305e+02	-3.0330e+03	-8.0413e+02	1.3770e+03	-3.8896e+02	-4.7898e+02	-9.8135e+01	-2.0062e+02	-1.0107e+03	-1.9174e+02	1.4597e+03	-2.3149e+02	-9.0126e+02	1.5176e+01	1.7719e+02	-1.8347e+03	6.4531e+02	-2.2352e+03	-2.1620e+03	6.8258e+01	6.3254e+01	-1.6073e+03	4.1036e+02	1.3971e+03	7.3201e+02	1.5217e+03	2.5876e+03	2.5357e+03	1.6746e+03	-2.0092e+03	6.3741e+02	-5.0991e+02	-1.7687e+03	7.2365e+02	7.4728e+02	5.2328e+02	-1.9449e+02	-4.8350e+01	-2.5807e+03	1.8573e+03	-1.9354e+03	1.7482e+03	-2.1152e+03	1.7228e+03	3.0327e+02	-6.0038e+02	-4.1393e+03	-1.0099e+03	1.4298e+03	-2.4523e+03	1.9036e+03	-2.6679e+03	8.9410e+02	-2.5341e+03	6.1770e+02
1.6000e+05	6.9384e+02	-6.5362e+02	-4.2384e+02	-3.4603e+01	1.5919e+02	-6.4569e+02	1.4182e+02	-8.2286e+02	9.6081e+01	-2.5105e+03	7.3605e+02	2.7385e+02	6.2272e+02	-3.3822e+03	-6.6088e+02	9.7614e+02	7.5947e+02	-5.1221e+02	-2.2629e+03	6.3469e+02	4.5213e+02	-1.3230e+02	2.0269e+02	-5.4200e+02	1.0781e+03	1.3705e+03	1.2676e+03	-6.9799e+02	-5.8038e+02	5.5533e+02	-9.8981e+01	-1.5177e+03	-8.4224e+02	1.0596e+03	-4.7502e+02	-9.2506e+02	-4.3398e+00	-4.6120e+02	1.6732e+03	-1.8614e+03	-6.5394e+02	4.4162e+02	-4.3097e+02	-2.7715e+02	-6.1465e+02	1.8598e+02	-1.0926e+03	-9.7404e+02	-1.3216e+03	8.1557e+02	-3.5691e+02	7.7539e+01	-1.2864e+03	3.1939e+02	4.2048e+02	-9.0953e+02	1.2303e+03	3.4711e+02	1.6072e+03	8.6585e+02	7.4795e+02	4.2297e+02	-1.1457e+03	-1.3622e+02	-1.5440e+03	-8.8385e+02	-7.4229e+02	4.5161e+00	1.4426e+03	1.3694e+02	-1.6084e+02	-3.2876e+02	-2.4501e+02	-5.6398e+02	4.9515e+02	-5.3282e+02	-8.6997e+02	-3.7642e+02	-1.5988e+03	1.6264e+02	-2.0512e+03	-4.8309e+02	-8.5248e+02	-8.3169e+02	-6.5676e+02	3.2783e+02	-6.0460e+02	6.3689e+02	1.0673e+03	-1.5077e+03	1.4314e+03	2.6465e+02	1.1366e+02	-1.4021e+03	-2.3730e+03	-2.2405e+02	7.0444e+02	5.6025e+02	3.5809e+02	-2.1554e+02	-1.3994e+02	6.1871e+02	-9.5014e+02	-1.3569e+02	1.2677e+03	-7.1125e+02	5.8398e+01	-1.4885e+03	2.0866e+02	-4.9903e+02	8.1397e+02	1.1632e+02	-2.6205e+02	-6.3878e+02	2.3818e+02	-1.3527e+03	-8.1099e+02	-1.4715e+03	-6.4052e+02	1.8806e+03	-1.3734e+03	-6.6961e+02	-4.1125e+02	1.6690e+02	7.6487e+02	-1.0755e+03	1.4400e+03	1.1359e+03	2.4735e+03	-2.1846e+03	1.6800e+03	-5.0106e+02	7.6028e+01	-7.3480e+01	-8.3713e+02	3.4594e+02	-3.2441e+02	-1.6853e+00	9.1076e+02	9.8444e+02	8.9553e+01	6.6725e+02	9.4063e+02	-1.0133e+03	-5.8510e+02	4.8675e+02	5.2598e+02	-6.5768e+02	-2.0857e+02	-2.3869e+01	-2.5595e+03	9.8450e+01	-5.8985e+02	-9.8618e+02	-2.2307e+03	-4.1022e+02	-5.1614e+02	-1.2243e+03	-1.3306e+03	-9.3552e+02	-1.0641e+03	2.4330e+02	-1.8957e+02	-9.0832e+02	3.0610e+02	5.4842e+02	-1.2305e+03	-1.0465e+03	-7.1248e+02	5.0742e+02	9.1663e+01	-9.4857e+02	5.4352e+02	1.9798e+03	2.5872e+03	-9.4310e+02	1.0402e+03	2.2138e+02	-2.3328e+02	-1.1546e+03	-6.8504e+01	1.1320e+03	-4.1682e+02	5.7718e+01	-2.8875e+02	-1.3384e+03	-2.9614e+01	3.8075e+02	2.1596e+02	1.7125e+02	2.6192e+02	-1.9153e+03	-5.6954e+01	-9.7788e+02	5.8886e+02	-1.0135e+03	-1.4964e+03	-6.5286e+02	-3.6326e+02	2.5359e+02
1.6000e+05	1.5547e+03	2.4591e+03	2.7636e+02	2.1828e+02	4.3749e+02	2.8199e+03	7.4664e+02	-1.9172e+03	3.2249e+02	-3.5261e+02	-8.9659e+02	-2.1348e+03	-3.2332e+03	-6.5549e+02	-1.2358e+03	-1.6762e+03	4.9184e+02	-1.2461e+02	2.0265e+03	2.4781e+03	-1.0560e+03	2.3688e+03	-5.8672e+02	1.3028e+03	-2.4351e+02	-1.1742e+03	1.6213e+03	-8.3973e+02	-9.1224e+02	-4.1692e+02	-1.0317e+03	6.7620e+02	-1.4281e+03	1.7683e+03	3.4125e+02	2.6483e+03	-5.8670e+02	-4.5779e+01	2.0224e+03	-2.2534e+03	-9.5935e+02	5.1177e+02	8.0474e+02	1.2439e+02	8.9907e+02	-1.2380e+03	5.8037e+02	-1.8050e+03	-1.7634e+03	1.0270e+03	1.7318e+03	1.4532e+03	2.2375e+03	-1.2225e+03	-3.6824e+02	1.0816e+03	-2.4188e+03	2.8793e+03	-3.9064e+03	-1.4537e+03	5.9007e+02	-1.8259e+03	3.6710e+02	-1.6532e+02	2.5316e+02	-1.6126e+01	-2.7011e+03	3.3032e+03	3.0793e+02	-1.6711e+03	-3.1495e+03	-1.2435e+03	1.4802e+03	-2.5486e+03	-3.9875e+03	2.7489e+03	3.9023e+03	6.7497e+02	-1.8650e+03	2.2062e+02	-1.2542e+03	2.9076e+03	4.9332e+02	-8.0653e+02	-3.3330e+01	2.2137e+03	4.3949e+02	-2.2809e+03	-8.5775e+02	-7.9800e+02	2.1840e+03	-5.1836e+02	-1.5711e+03	9.7853e+02	1.0718e+03	-1.2835e+03	-8.4880e+02	5.9268e+01	-1.4397e+03	-1.5669e+03	-2.9797e+03	-6.8829e+02	5.2435e+02	4.1117e+03	9.5590e+02	-3.9140e+03	-4.2038e+02	2.5582e+03	-1.3903e+03	3.2374e+03	2.3706e+03	-7.9337e+02	-3.2551e+02	2.0645e+03	-1.9295e+03	-1.1579e+03	-6.3823e+02	1.6824e+03	-3.9078e+03	3.5562e+02	-1.3191e+03	-7.1369e+01	2.2807e+03	6.7677e+02	1.0314e+03	3.8506e+02	-1.8970e+03	1.5297e+03	-3.6770e+03	2.8640e+03	-6.4370e+02	-3.5224e+02	-1.7250e+03	5.9752e+02	7.7245e+02	-1.0552e+03	1.3950e+03	-5.1630e+02	-2.9858e+02	-3.3130e+03	-1.9028e+02	-1.4766e+03	2.2331e+03	8.8778e+02	2.8105e+02	7.1952e+02	-3.4430e+03	-3.1150e+02	1.1497e+03	-2.7339e+02	-1.6004e+01	-7.8320e+02	5.6531e+01	-6.4133e+02	5.2491e+02	8.2660e+02	7.5478e+01	1.1160e+02	-5.2180e+02	4.0839e+02	-1.8503e+03	1.0525e+03	-2.4958e+03	-1.7678e+03	7.4154e+02	1.5811e+02	-8.0889e+02	7.5246e+02	1.7139e+03	1.0348e+03	2.2184e+03	1.1644e+03	2.6526e+03	1.3892e+03	-3.1604e+03	4.1794e+02	-1.7432e+02	-1.1453e+03	5.5410e+02	8.0584e+02	6.3308e+02	3.9337e+02	-6.9599e+02	-2.9522e+03	2.6547e+03	-7.4718e+02	1.7468e+03	-2.2361e+03	1.6010e+03	7.8476e+02	-5.8136e+02	-4.3172e+03	-1.1408e+03	9.8284e+02	-2.5880e+03	2.0542e+03	-3.7801e+03	8.5961e+02	-1.7809e+03	2.0039e+02
1.8000e+05	8.1140e+02	-6.7643e+02	-2.9436e+02	-4.2527e+02	7.7378e+01	-1.1269e+03	-5.1074e+01	-1.3326e+03	9.6930e+01	-2.6922e+03	8.2102e+02	1.5864e+02	2.6648e+02	-3.1152e+03	-5.6007e+02	9.4217e+02	9.1614e+02	-1.2826e+02	-2.1386e+03	5.3496e+02	1.0159e+03	-4.7820e+02	-1.9411e+02	-7.1107e+02	1.0751e+03	1.1145e+03	5.6101e+02	-7.3966e+02	-8.1913e+02	8.3862e+02	-8.6054e+02	-1.5963e+03	-5.4246e+02	5.3264e+02	-3.9607e+02	-3.0743e+02	-4.9245e+02	4.7119e+02	1.9604e+03	-1.8447e+03	-8.0815e+02	9.3153e+02	-8.6155e+02	-6.8684e+02	-5.1883e+02	3.9923e+02	-1.3790e+03	-1.2294e+03	-1.6797e+03	6.5158e+02	-3.9031e+02	3.4695e+01	-1.4958e+03	8.1887e+02	3.5900e+02	-6.3724e+02	9.9268e+02	-8.1645e-01	2.0474e+03	1.1073e+03	4.5544e+02	1.0575e+02	-1.1650e+03	-5.3777e+02	-1.7698e+03	-1.4565e+03	-1.2196e+03	-1.3835e+02	1.6780e+03	1.9184e+02	-2.5787e+02	-1.0939e+03	-7.1628e+02	-8.0583e+02	1.4173e+03	-3.1537e+02	-1.4146e+03	4.2563e+02	-1.6941e+03	-4.7804e+02	-1.3658e+03	-5.7778e+01	-1.5602e+03	-1.0267e+03	-8.4246e+02	-9.6518e+01	-4.8984e+02	2.2121e+02	5.5706e+02	-1.4405e+03	1.4452e+03	1.8982e+02	2.2614e+02	-1.4501e+03	-2.5024e+03	-3.0466e+02	3.6880e+02	8.2683e+02	2.7737e+02	-5.7455e+01	-9.0783e+02	1.0914e+03	-1.0383e+03	1.8609e+02	1.2702e+03	-1.1488e+03	-1.5214e+02	-1.4226e+03	-5.2876e+00	-4.8837e+02	9.6814e+02	-6.0878e+02	-3.0516e+02	-1.7790e+02	8.2243e+01	-1.1394e+03	-5.2971e+02	-1.3925e+03	-4.4740e+01	1.8387e+03	-1.2148e+03	-9.6078e+02	-2.8401e+02	-9.2370e+01	5.7037e+02	-1.1046e+03	1.2548e+03	1.3738e+03	2.2785e+03	-2.1716e+03	1.2824e+03	-9.0443e+02	1.7000e+02	-5.1841e+02	-5.3102e+02	2.9889e+02	-3.3787e+02	2.3248e+02	1.1652e+03	1.0330e+03	6.3695e+02	8.3238e+02	8.8041e+02	-7.8052e+02	-7.4688e+02	3.0147e+02	4.7297e+02	-6.0351e+02	-4.7272e+02	-4.9311e+02	-3.1943e+03	7.0011e+01	-4.8091e+02	-8.9904e+02	-2.2571e+03	-5.5592e+02	-3.7776e+02	-1.5562e+03	-1.6087e+03	-6.2740e+02	-9.5810e+02	1.1702e+02	-7.1908e+02	-1.1188e+03	1.4213e+02	3.7112e+02	-1.2415e+03	-7.8558e+02	-1.0858e+03	2.9170e+02	6.1513e+01	-1.5449e+03	7.6577e+01	1.6678e+03	2.7315e+03	-6.3352e+02	1.3764e+03	6.6646e+02	-1.1737e+02	-1.4790e+03	-1.2122e+02	1.1901e+03	-6.3778e+02	-5.3179e+01	-2.3750e+02	-1.3247e+03	-8.5841e+02	1.0598e+03	4.7004e+01	1.1282e+02	3.2957e+02	-2.0979e+03	-5.8891e+02	-9.4797e+02	5.8136e+02	-7.9381e+02	-1.6174e+03	-1.6507e+03	-7.1720e+02	2.6262e+02
1.8000e+05	2.2711e+03	2.1235e+03	7.0692e+02	-5.7346e+02	-3.3482e+02	3.9868e+03	8.9950e+02	-1.7703e+03	4.6935e+02	-4.1149e+02	-2.2450e+03	-1.9616e+03	-3.1376e+03	-3.2539e+02	-7.0091e+02	-1.9948e+03	1.3502e+03	-5.3567e+02	1.2749e+03	2.5434e+03	-8.2651e+02	1.4958e+03	-6.7730e+02	1.7141e+03	-1.1984e+03	-4.8172e+02	2.1298e+03	-4.7463e+02	-7.8909e+02	-2.8353e+02	-3.1327e+02	9.0176e+02	-2.2788e+03	1.3608e+03	4.8419e+02	3.2214e+03	2.3352e+02	-1.3713e+03	1.2782e+03	-1.3325e+03	-7.9621e+02	5.2643e+02	1.2145e+03	5.2667e+02	1.8712e+02	-1.3769e+03	1.0227e+03	-1.4021e+03	-2.9704e+03	5.2849e+02	9.5596e+02	1.3555e+03	2.3839e+03	-1.2805e+03	-8.5920e+01	5.8205e+02	-1.9143e+03	3.6285e+03	-3.8567e+03	-1.3592e+03	8.1524e+00	-2.6813e+03	1.2777e+03	6.1968e+02	-1.1466e+02	4.9028e+01	-2.1065e+03	4.4964e+03	-4.0825e+02	-2.1382e+03	-2.7011e+03	-2.0616e+03	1.4107e+03	-2.6501e+03	-4.1254e+03	2.2268e+03	4.5399e+03	8.6708e+02	-1.3737e+03	1.3649e+03	-2.1943e+03	3.5605e+03	6.1525e+02	-1.1043e+03	-3.2989e+02	2.4652e+03	3.5179e+02	-2.8821e+03	-8.2739e+02	-1.0615e+02	2.5174e+03	-8.9305e+02	-1.8065e+03	2.0007e+03	8.3240e+02	-1.8992e+03	-3.8870e+02	3.0504e+02	-1.7595e+03	-6.2465e+02	-2.5449e+03	-8.6670e+02	7.5034e+02	3.8338e+03	2.0653e+02	-4.1517e+03	2.2045e+01	2.1338e+03	-1.7403e+03	2.9764e+03	2.3778e+03	2.3590e+02	-1.2887e+03	1.4491e+03	-1.7678e+03	-4.7869e+02	-1.3205e+02	2.0583e+03	-3.3045e+03	9.1239e+02	-1.0032e+03	-2.7178e+02	3.6005e+03	1.4775e+03	6.5962e+02	5.3395e+02	-2.9282e+03	1.0255e+03	-3.2944e+03	2.6293e+03	-1.7733e+03	1.0802e+02	-1.7597e+03	4.3779e+01	1.4830e+03	-1.8427e+03	1.6245e+03	-2.1381e+01	-9.7102e+02	-2.8056e+03	6.1066e+02	-1.1566e+03	2.2389e+03	1.0981e+03	1.4321e+03	1.8518e+03	-4.1514e+03	8.1272e+02	8.6850e+02	1.4256e+02	6.9605e+02	-4.9686e+02	-9.9005e+02	-6.2090e+02	9.8998e+02	1.1285e+03	1.3081e+03	3.3530e+02	-7.8532e+02	1.5034e+03	-1.2288e+03	6.6206e+02	-2.2618e+03	-1.0540e+03	1.4479e+03	9.5647e+02	-5.3320e+02	9.0484e+02	1.8540e+03	1.1140e+03	2.7759e+03	1.0994e+03	1.9417e+03	1.0092e+03	-4.4277e+03	2.1166e+01	-8.0443e+01	-1.2166e+03	1.9993e+03	5.3924e+02	1.1641e+03	7.4063e+02	-7.6714e+01	-3.3043e+03	1.8345e+03	-1.7032e+03	2.5012e+03	-2.4315e+03	1.6421e+03	1.2556e+03	-4.0758e+01	-4.8755e+03	-6.5871e+02	6.0833e+02	-2.3334e+03	2.6782e+03	-3.5039e+03	1.6273e+03	-1.1075e+03	1.4704e+03
2.0000e+05	4.0144e+02	-1.8519e+02	-4.5293e+02	-5.6893e+02	-2.5528e+02	-1.4409e+03	-8.4110e+02	-1.3148e+03	4.5764e+02	-2.4404e+03	1.3482e+03	-1.6846e+02	4.5350e+02	-3.2776e+03	-7.8218e+02	7.3548e+02	1.6447e+03	-6.5418e+02	-1.9025e+03	4.4058e+02	6.5953e+02	-5.8988e+02	2.5284e+02	-1.0130e+03	1.2752e+03	1.0199e+03	3.4684e+01	-5.3394e+02	-3.9817e+02	8.5300e+02	-7.5388e+02	-1.1361e+03	-6.7940e+02	5.5473e+02	2.5941e+01	2.5338e+02	-9.5047e+02	6.5303e+02	2.2563e+03	-2.1289e+03	-2.5558e+02	8.9079e+02	-1.0670e+03	-1.5282e+02	-6.5138e+02	1.5469e+02	-1.5832e+03	-1.3470e+03	-1.4450e+03	8.6055e+02	-4.7781e+02	-3.4078e+02	-1.6802e+03	6.2799e+02	-5.0272e+01	-7.4300e+02	7.5738e+02	6.3165e+02	1.7197e+03	1.4437e+03	1.0083e+02	1.3833e+02	-7.7622e+02	-9.8680e+02	-1.8250e+03	-1.1309e+03	-1.6138e+03	-2.9757e+02	2.0017e+03	-3.1500e+02	1.9682e+02	-9.8837e+02	-5.9869e+02	-4.9635e+02	1.3645e+03	-1.0259e+03	-1.9677e+03	4.6899e+02	-2.0367e+03	-6.2949e+02	-1.3315e+03	-1.0914e+03	-1.6831e+03	-1.4663e+03	-1.0335e+03	-1.3839e+02	-8.4385e+02	-2.2375e+02	1.5989e+02	-1.8732e+03	1.0277e+03	-5.9347e+01	1.3683e+02	-1.3675e+03	-2.8069e+03	-4.3291e+02	8.4576e+02	8.1823e+02	2.9078e+02	4.6859e+01	-1.5976e+03	6.2497e+02	-1.2421e+03	5.5738e+02	1.0110e+03	-1.1337e+03	-4.5335e+02	-1.5943e+03	-2.4464e+02	-3.5624e+02	1.6913e+03	-9.0772e+02	-3.7230e+01	-2.2825e+02	-3.7314e+02	-1.8796e+03	-2.4396e+02	-2.0842e+03	1.6262e+02	1.4964e+03	-7.8430e+02	-1.0251e+03	-4.4823e+02	-7.3630e+01	7.2681e+02	-1.6458e+03	8.5105e+02	1.1083e+03	2.7402e+03	-2.3620e+03	8.1318e+02	-5.5886e+02	-5.6500e+01	-7.7081e+02	-6.6355e+02	-2.6710e+02	-5.9019e+02	-5.7113e+01	1.4903e+03	1.3129e+03	8.2945e+02	2.6806e+02	1.1631e+03	-4.4564e+02	-1.1759e+03	5.7143e+01	5.1591e+02	-6.3696e+02	-1.0507e+03	-4.2131e+02	-3.1981e+03	5.7548e+02	-1.1473e+03	-1.2759e+03	-2.0802e+03	-2.1185e+02	-4.5594e+02	-1.8159e+03	-1.5511e+03	-3.6509e+02	-6.6483e+02	5.5806e+02	-5.5098e+02	-1.1417e+03	7.6776e+02	3.1305e+02	-6.7387e+02	-5.9360e+02	-1.7739e+03	4.5912e+02	4.2783e+01	-1.2190e+03	3.9527e+02	1.5550e+03	3.1398e+03	-8.7700e+02	1.5685e+03	2.9868e+02	-2.4965e+01	-1.4356e+03	2.8679e+02	5.2369e+02	-1.2280e+03	-1.3426e+02	3.4653e+02	-6.7284e+02	-7.7741e+02	1.1662e+03	-6.7868e+01	5.1388e+02	3.0029e+02	-2.1525e+03	-7.1198e+02	-7.1561e+02	9.4388e+02	-9.5970e+02	-1.4604e+03	-1.6676e+03	-8.4859e+01	1.2095e+02
2.0000e+05	2.4663e+03	1.5906e+03	5.7206e+02	1.6979e+02	-9.2741e+02	4.1671e+03	4.8804e+02	-1.5941e+03	9.7275e+02	-2.0879e+02	-1.4586e+03	-1.9555e+03	-3.1685e+03	-5.3188e+02	-7.7579e+02	-1.5361e+03	1.8129e+03	-5.0591e+02	1.8207e+03	2.0732e+03	-2.0731e+02	1.6898e+03	-1.3237e+03	1.8227e+03	-6.2481e+02	-1.0904e+03	1.9727e+03	-2.5324e+02	-1.0343e+03	-1.5531e+03	1.5389e+02	1.2950e+03	-2.2701e+03	2.2718e+03	1.0302e+03	2.1226e+03	5.2861e+02	-1.6570e+03	8.2319e+02	-1.3979e+03	-1.4240e+03	1.2529e+03	6.0711e+02	9.5331e+00	-7.6104e+02	-9.1252e+02	1.1533e+03	-2.3033e+03	-3.0068e+03	4.4918e+01	1.2272e+03	2.0467e+03	1.1354e+03	-1.2337e+03	2.1186e+02	8.2306e+02	-1.0989e+03	3.5773e+03	-5.2049e+03	-1.2712e+03	-5.4468e+02	-2.1709e+03	1.5895e+03	7.1434e+02	-1.2872e+02	-1.3108e+03	-3.6029e+03	5.2858e+03	-5.3253e+02	-1.6125e+03	-2.9106e+03	-1.0198e+03	1.2181e+03	-3.1362e+03	-4.6443e+03	2.7366e+03	4.3468e+03	4.1124e+02	-1.5884e+03	1.5014e+03	-1.4771e+03	4.3940e+03	1.0546e+03	-1.2291e+03	-1.3335e+02	2.2468e+03	-1.8132e+02	-3.6433e+03	-1.1272e+03	-3.0479e+02	1.8795e+03	-6.8789e+01	-2.5839e+03	2.5083e+03	1.1010e+03	-9.6432e+02	-7.9649e+02	1.0505e+03	-1.7776e+03	4.0056e+01	-1.5741e+03	-1.2756e+03	4.1944e+02	4.5257e+03	5.4579e+02	-3.4645e+03	-6.2620e+02	2.0670e+03	-1.4621e+03	3.4139e+03	1.9464e+03	1.0685e+03	-8.5440e+02	1.8836e+03	-2.6248e+03	-1.0527e+03	-1.6450e+02	2.0449e+03	-3.9605e+03	7.1750e+02	-8.2384e+02	-6.4754e+02	2.7781e+03	2.2893e+03	1.6549e+02	1.4573e+03	-3.2570e+03	1.5114e+02	-4.2915e+03	2.7335e+03	-2.4300e+02	1.5732e+03	-1.6566e+03	2.6573e+02	2.5519e+03	-7.7475e+02	1.4549e+03	4.1697e+02	-7.1875e+00	-3.0080e+03	7.3801e+02	-6.9449e+02	2.7029e+03	6.6846e+02	1.6295e+03	2.1546e+03	-5.0220e+03	6.8041e+02	1.3272e+03	6.9386e+02	6.6572e+02	-1.0927e+03	-1.3545e+03	-2.4427e+02	1.5956e+03	1.1377e+03	8.7929e+02	9.3488e+02	-6.2764e+02	1.2940e+03	-1.7386e+03	4.7506e+02	-2.8755e+03	9.0920e+01	1.0574e+03	9.1079e+02	-4.5290e+02	6.8520e+02	1.7086e+03	1.2086e+03	2.8700e+03	2.0920e+03	1.5308e+03	4.3393e+02	-3.7607e+03	2.6709e+01	3.7400e+01	-7.0806e+02	2.0433e+03	7.2276e+02	1.2620e+03	1.0410e+03	-1.9367e+02	-3.7417e+03	1.4103e+03	-1.4492e+03	1.8890e+03	-2.6150e+03	1.7912e+03	8.3766e+01	6.6579e+02	-4.5794e+03	-5.6207e+02	8.6656e+02	-2.0759e+03	2.1122e+03	-3.6748e+03	1.7650e+03	-1.4377e+03	1.2149e+03
