2.0000e+04	-1.5457e+02	-1.3588e+02	-1.4064e+02	2.8696e+02	-9.4569e+01	-3.6097e+02	2.0357e+02	-6.6765e+01	-1.2701e+02	5.9441e+02	-2.9900e+02	-5.8007e+02	4.2920e+02	5.2433e+01	-4.4164e+01	-1.5311e+02	2.0847e+02	2.8107e+02	2.5989e+02	3.1145e+02	4.2241e+02	-2.8617e+02	-5.2429e+02	2.5149e+02	-8.7066e+02	3.1880e+01	6.1019e+02	-1.4707e+02	2.2052e+02	2.6845e+02	3.1597e+02	3.1631e+01	-2.4458e+02	3.3312e+02	1.3997e+01	-7.8342e+01	1.9882e+02	2.4785e+02	-3.9093e+02	-7.5707e+01	4.5006e+02	-8.0679e+02	6.6730e+01	4.4136e+02	-3.2590e+02	5.1763e+01	-4.1330e+02	-1.7067e+02	-1.7396e+02	-3.0704e+01	7.8475e+01	-3.0134e+02	-2.4018e+02	6.2758e+02	-4.8003e+02	1.8768e+02	-1.3165e+02	-4.9807e+02	3.3026e+02	3.2579e+02	-7.1234e+02	-2.9121e+02	1.3018e+01	-4.6704e+02	1.9725e+02	5.7537e+02	3.0735e+02	-6.5132e+01	-1.7464e+02	-1.9252e+02	-7.9243e+02	2.2169e+01	-1.9715e+02	-1.9226e+02	4.5380e+02	1.4226e+01	-3.3186e+02	-8.5173e+02	5.2607e+01	-3.1239e+02	2.3542e+02	3.1079e+02	-9.3007e+01	1.7426e+02	-2.8809e+01	-2.2778e+02	2.6481e+02	-4.5784e+01	-7.0008e+01	5.3298e+02	-1.2733e+02	-2.9909e+01	-2.4878e+02	-3.9797e+02	1.9908e+02	-1.6434e+02	1.1574e+02	-6.5058e+02	2.1539e+02	2.3497e+02	-2.8785e+02	1.2091e+02	-3.5602e+02	1.6052e+02	3.0806e+02	-2.4551e+02	-5.2553e+02	-1.3090e+02	1.6593e+01	1.4021e+02	2.4413e+02	5.6028e+02	-1.4393e+02	8.0038e+01	-1.2177e+02	-4.7091e+02	6.9683e+02	-2.5999e+02	3.2965e+02	5.1043e+02	-1.1868e+02	-6.1504e+02	6.8025e+02	-1.9569e+02	3.0401e+02	-1.2541e+02	2.1264e+02	6.1256e+02	-2.5855e+02	-1.3879e+02	-2.6102e+01	-2.7877e+02	2.8452e+02	-4.8014e+01	8.4985e+02	-1.4589e+02	3.5174e+02	-9.4996e+01	3.6340e+02	3.1003e+02	-2.5918e+01	1.8056e+01	-2.9659e+02	-2.1224e+02	-7.1504e+02	-3.1392e+02	-1.1048e+02	-2.1131e+01	4.0670e+02	-4.1805e+02	-1.7305e+02	-4.1109e+02	4.2379e+00	2.2387e+01	5.3000e+02	-1.9839e+02	-2.2767e+02	-1.6455e+02	-2.9058e+02	-2.0286e+02	5.1731e+02	-1.3757e+02	-6.3704e+01	4.5148e+02	-1.4246e+02	-1.9051e+02	-2.2218e+01	3.8021e+02	7.6305e+02	2.2462e+02	-1.6783e+02	2.2006e+01	-5.4846e+02	-1.4502e+02	1.9970e+02	-6.7242e+02	9.4292e+01	1.4276e+02	2.1239e+02	-2.2942e+02	5.9567e+02	2.8884e+02	-2.4749e+01	-9.2538e+01	-3.0087e+02	-4.6900e+02	5.2476e+02	2.3025e+02	-1.1600e+02	-6.3895e+02	5.7468e+01	-4.2236e+02	-7.2194e+01	-3.5042e+02	9.4714e+01	-3.0488e+02	1.0266e+01	-3.9206e+00	1.2005e+02	-2.5697e+02
2.0000e+04	-1.1867e+03	1.0177e+02	2.1413e+02	-8.0263e+02	1.5397e+02	5.7324e+02	-8.6429e+01	1.1299e+01	6.8877e+01	1.6850e+02	2.4547e+02	-1.5525e+02	7.6343e+02	-4.7565e+02	4.3336e+02	-5.7201e+02	4.1608e+02	7.5069e+01	2.7922e+01	7.8439e+02	-1.1499e+02	5.6442e+01	9.2991e+01	6.7640e+02	-5.3839e+02	-1.8846e+02	-3.1675e+00	2.3888e+02	-1.0805e+03	3.1229e+02	-3.0864e+02	4.0274e+02	6.3463e+02	3.1852e+02	8.1196e+02	4.6297e+02	-4.9096e+01	2.7061e+02	5.6083e+02	-6.4009e+02	1.3254e+03	4.8531e+02	4.2951e+00	8.3015e+02	2.3247e+02	-2.3416e+02	-1.0807e+03	-4.9418e+02	7.6137e+01	1.2782e+03	-6.3736e+01	4.4683e+01	-4.5434e+02	-5.7693e+02	4.6719e+02	3.5360e+02	-3.8787e+01	-2.1603e+02	-6.5091e+02	-9.5436e+01	-4.8102e+02	-5.8775e+02	-3.1232e+02	-2.4356e+02	3.4369e+02	-1.9765e+02	-3.3911e+02	2.6511e+02	-9.8657e+02	-1.0324e+02	-1.0420e+03	8.0780e+02	3.0608e+02	-6.0477e+02	-3.2501e+02	4.5875e+02	2.4205e+00	-2.4377e+02	-3.9920e+02	2.1079e+02	2.5264e+01	3.9147e+02	4.9604e+02	-2.1053e+02	-4.8295e+02	-8.7237e+02	2.6089e+02	-2.4045e+02	-3.1881e+02	7.4093e+02	8.6922e+02	2.3543e+02	-1.5967e+01	2.1262e+02	7.9624e+02	1.8660e+02	-4.3162e+02	-3.3441e+02	-5.4461e+02	9.1558e+01	7.7235e+02	-9.4225e+02	-2.4658e+02	4.0276e+02	-3.3448e+02	-2.9545e+02	-4.4653e+02	-4.3780e+02	-4.6108e+02	1.7180e+02	-2.3723e+02	-2.2344e+02	-6.7639e+01	-4.0432e+02	2.0438e+01	-3.4097e+02	-2.6093e+02	7.8810e+02	6.8314e+02	1.3893e+02	1.4838e+03	1.0645e+02	6.3173e+01	6.0543e+02	3.3594e+02	6.3349e+02	-9.4873e+02	-1.0426e+03	4.2903e+02	-1.3592e+02	-3.3547e+02	1.8592e+02	-1.2117e+02	-2.1066e+02	-9.7021e+01	-4.0863e+02	9.0106e+02	5.9251e+02	-3.9709e+02	-1.6991e+02	3.6355e+02	7.9411e+02	8.4869e+02	-7.8669e+02	-1.7202e+02	-7.1281e+01	1.7716e+03	-1.3686e+02	6.1576e+02	4.1113e+01	-4.6979e+02	6.0221e+02	2.6030e+02	-1.5432e+02	6.2300e+02	-1.2034e+02	-5.6551e+02	9.3232e+01	2.1277e+02	5.8453e+02	-1.2878e+03	-6.0082e+01	-1.7358e+03	-4.7539e+02	2.4615e+02	-5.1927e+02	6.6949e+02	-4.0268e+02	-7.2207e+02	1.2313e+02	6.3424e+02	-6.1409e+01	-8.1554e+02	-3.4743e+02	6.0828e+02	4.2612e+02	6.1842e+02	6.8254e+02	5.7100e+02	-4.0727e+02	9.8322e+02	-1.0774e+02	9.4249e+02	1.2663e+02	-2.3303e+02	-1.4872e+02	-9.6394e+02	-1.9548e+02	7.7658e+02	2.6790e+02	-3.3939e+02	-1.2735e+03	-1.6921e+01	3.2871e+02	7.7500e+01	-3.2377e+02	2.5816e+02	-2.3441e+02	-1.7448e+02	3.4949e+02
4.0000e+04	1.8025e+02	1.3944e+01	-3.7788e+02	-2.9187e+02	-1.3208e+02	-5.7724e+02	1.7504e+02	-1.6490e+02	4.4608e+02	6.0395e+02	-3.1201e+02	-4.5054e+02	6.0201e+02	3.0183e+02	3.3984e+01	1.1785e+02	1.1405e+02	5.0545e+02	5.7840e+02	6.2511e+02	1.1044e+03	-3.6999e+02	-1.0465e+03	1.0842e+03	-1.0242e+03	-8.9660e+01	1.2684e+02	2.7203e+02	4.0301e+02	-6.6038e+02	4.2550e+02	-2.9729e+02	-2.6421e+02	-2.4388e+02	-1.8587e+02	-2.7145e+02	4.9507e+02	-3.9435e+02	-4.6869e+02	-4.0646e+02	5.9545e+02	-4.5380e+02	-3.1858e+02	9.0179e+01	1.5736e+02	8.5938e+02	-7.0844e+02	-3.1890e+02	-2.9440e+02	-2.9026e+02	5.7153e+02	-7.8190e+02	7.3388e+01	2.7972e+02	-5.5334e+02	3.5055e+02	-3.1615e+02	-5.2427e+02	-1.4747e+02	3.9703e+02	-7.7897e+02	2.4185e+02	-2.3794e+02	-4.6540e+02	-1.7094e+02	1.7954e+02	8.7916e+02	7.2741e+01	-1.9180e+02	-7.5781e+01	-1.0625e+03	-3.1278e+02	-7.0292e+02	1.6734e+02	3.0815e+02	-2.1424e+02	-8.4846e+02	-8.7421e+02	3.7562e+02	-1.1268e+03	2.6315e+02	1.9594e+02	-1.7646e+02	2.3094e+02	2.9479e+02	-2.9121e+02	8.7742e+01	-1.4551e+02	2.2353e+02	8.3633e+02	5.3515e+01	5.8051e+02	2.1393e+02	-7.3009e+01	1.4013e+02	-5.1601e+02	5.9646e+01	-1.2874e+02	8.7793e+01	5.7172e+01	-3.4375e+02	-4.6827e+02	-6.1367e+01	2.7860e+02	1.8538e+02	-5.3835e+02	-8.1590e+02	-9.3535e+01	1.4392e+02	1.5048e+02	7.1651e+02	6.9389e+01	-2.6474e+02	3.5228e+02	2.4754e+01	-6.2417e+02	7.7811e+02	-4.9241e+02	4.4826e+02	9.5466e+01	5.8135e+01	-7.9714e+02	8.4873e+02	-7.2353e+02	4.7746e+02	-6.2533e+02	8.9946e+01	8.0934e+02	-1.0151e+03	8.8116e+01	9.0771e+01	-8.7406e+01	6.6267e+02	2.7148e+02	1.1673e+03	3.3768e+02	-2.9114e+02	-5.6574e+02	1.6231e+02	4.4735e+02	6.8601e+02	4.4775e+02	-7.7745e+02	-2.5971e+02	-9.2835e+02	2.8488e+02	-1.1547e+01	-1.5122e+02	-2.5624e+02	-6.1997e+02	-2.6478e+02	-6.6340e+02	1.8471e+02	-4.6467e+02	3.0512e+02	6.2633e+01	-1.6919e+02	-2.0553e+02	-3.3741e+02	-1.9025e+02	4.3093e+02	-6.6101e+02	2.9446e+01	1.1840e+02	3.2754e+02	-1.8185e+02	-2.8021e+02	4.6935e+02	7.6411e+02	2.9689e+02	1.8745e+02	-2.0330e+02	-1.0298e+03	-5.8817e+01	6.0776e+02	-3.3187e+02	7.2652e+01	-2.4454e+02	7.0892e+02	5.1161e+02	6.2490e+02	6.3645e+02	-2.1404e+02	1.6176e+02	1.4415e+02	-2.7451e+02	5.0474e+02	1.8103e+02	-2.2196e+02	-8.4476e+02	3.4635e+02	-6.1135e+02	8.8767e+01	-1.0252e+03	-1.5015e+02	-1.8530e+02	1.8040e+02	6.0923e+01	2.0113e+02	-1.2250e+02
4.0000e+04	4.9567e+01	-4.0184e+02	1.2854e+03	-1.6419e+03	7.0617e+02	9.4660e+02	-3.1740e+02	4.8184e+02	5.8877e+02	1.6102e+03	3.7397e+01	-5.3878e+02	1.3767e+03	-1.7288e+03	1.7509e+02	-1.3226e+03	-3.1639e+01	-3.2725e+02	-7.8135e+02	1.1843e+03	1.0989e+03	-3.6220e+02	-6.9513e+01	9.7880e+02	-8.6443e+02	-1.0814e+03	2.5427e+02	2.3715e+02	-1.7435e+03	-2.7668e+02	3.7345e+02	2.4903e+02	7.9122e+02	4.0132e+02	1.0515e+03	-7.6784e+02	-4.6893e+02	1.6914e+03	1.3331e+03	3.2807e+02	1.5914e+03	2.5763e+02	3.2834e+02	7.5478e+02	4.7779e+01	-6.2866e+02	-4.6442e+02	-7.2315e+02	-3.4788e+02	1.0709e+03	1.9083e+02	-4.3512e+02	-1.1490e+03	-1.9261e+02	-4.2217e+02	9.9667e+02	-4.9961e+01	-1.7341e+03	-8.4766e+02	-1.1800e+02	-2.0621e+02	-7.9349e+02	-6.0934e+02	-3.5116e+02	1.4796e+03	-1.2681e+03	-3.9755e+02	-6.8072e+02	-2.1766e+03	-1.6037e+02	-1.8363e+03	1.6835e+03	4.5293e+02	-5.6011e+02	-4.1012e+02	-7.4180e+02	1.6588e+02	-8.5584e+02	-8.1462e+02	9.5929e+02	-9.5305e+02	1.5756e+03	9.1675e+02	-9.0376e+02	-4.2777e+02	-1.2488e+03	-2.1659e+02	-9.4484e+02	-4.9824e+02	7.3010e+02	1.0117e+03	7.2972e+02	-6.9456e+02	-3.4347e+02	8.7079e+02	-3.3752e+02	-4.2630e+02	-1.3467e+03	-1.1307e+03	2.3954e+02	1.1142e+03	-6.8018e+02	-3.8078e+02	1.1800e+03	4.7085e+02	4.8524e+02	-4.2533e+02	-1.2619e+03	-1.3850e+03	1.3225e+02	3.0754e+02	-2.0320e+02	-1.2898e+02	-7.3161e+01	-2.1915e+02	-5.5026e+02	-7.8324e+02	6.9687e+02	-7.5888e+02	6.6968e+02	3.4887e+02	7.1017e+02	3.9251e+02	1.2769e+03	7.4332e+02	1.5963e+03	-6.0117e+02	-6.2336e+02	4.3694e+02	5.8941e+02	-4.8457e+02	1.2100e+03	7.3635e+01	-5.0182e+02	1.2478e+02	-1.2266e+03	-3.3532e+02	5.1969e+02	2.7304e+02	-5.2195e+02	-1.6774e+02	7.7340e+02	-4.9332e+02	-5.3782e+02	1.9680e+02	1.0928e+02	2.2878e+03	-9.4484e+02	9.8312e+02	-2.5563e+02	-1.4010e+03	5.3760e+02	-2.9349e+02	5.3905e+01	-5.5040e+02	8.1112e+02	-1.1175e+03	-4.1881e+02	2.7677e+01	-2.5735e+01	-1.4034e+03	1.2485e+03	-7.9355e+02	-1.8779e+03	4.7688e+02	2.1819e+02	-4.8007e+01	-1.5452e+02	2.3469e+02	-2.3853e+02	1.6136e+02	-1.3612e+01	-4.2628e+01	-3.0804e+02	-5.3347e+02	6.0168e+02	-1.3303e+02	5.2045e+02	-4.9441e+02	6.6441e+01	1.0983e+03	2.7199e+02	1.2515e+03	-1.9766e+02	-7.2670e+02	-1.1675e+02	-2.9676e+02	-1.2418e+03	2.9905e+02	-3.4372e+02	-4.5003e+02	-5.7746e+02	7.3599e+02	6.3627e+01	-4.5020e+02	6.4407e+02	1.8497e+02	-5.3087e+02	-6.0589e+02	1.0411e+03
6.0000e+04	-3.8819e+01	-1.2683e+02	-9.7183e+01	-7.5029e+02	-1.2851e+02	-3.0303e+02	6.5774e+02	-1.5730e+02	-3.3033e+02	5.0456e+02	2.9598e+02	-1.5168e+02	4.8554e+02	5.1848e+02	-3.1010e+02	3.1121e+02	2.9406e+02	1.6746e+02	5.9549e+02	8.5168e+02	6.0979e+02	-5.2212e+02	-9.5168e+02	1.1330e+03	-1.0872e+03	-5.0921e+02	7.4073e+02	7.6516e+01	4.4778e+02	6.8429e+01	8.4819e+02	-5.1640e+02	9.9846e+01	-5.5874e+02	-2.1599e+02	4.9942e+01	6.6241e+02	1.3390e+02	-1.1514e+03	-6.6531e+02	2.4078e+02	1.6670e+02	2.4887e+02	-2.4188e+02	4.1639e+02	7.7775e+02	-6.6531e+02	-1.5198e+02	-3.3682e+01	-2.9023e+02	3.4536e+02	-1.7512e+03	-7.8817e+02	-4.5675e+02	-4.8208e+02	5.9726e+02	-7.5647e+02	-1.0888e+03	5.4159e+02	7.8327e+02	-1.0638e+03	2.5368e+02	-4.8042e+02	-4.8317e+02	-1.4721e+02	4.7662e+02	1.0942e+03	7.9560e+01	-5.2927e+02	-2.0702e+02	-9.2274e+02	-6.5726e+02	-1.5504e+02	2.7273e+02	5.9832e+02	2.6229e+02	-1.3072e+03	-1.0082e+03	1.3707e+03	-9.3129e+02	-7.7837e+02	9.6926e+02	-1.5334e+02	8.1904e+02	6.6305e+02	2.6490e+02	1.1335e+02	4.6233e+01	4.5720e+02	9.9188e+02	-2.0798e+02	9.0250e+02	2.4557e+02	2.1172e+02	1.0117e+02	-3.1214e+02	-1.8539e+02	-4.2941e+02	8.5882e+01	-4.2928e+01	-5.8577e+02	-2.2194e+02	-2.1883e+01	5.6019e+02	3.7796e+02	-8.2692e+02	-1.0819e+03	5.3374e+02	4.5362e+01	-4.6747e+02	5.1446e+02	-4.6763e+01	-2.2862e+02	-1.7668e+02	3.8279e+02	-7.6524e+02	6.8202e+02	-9.3412e+02	8.3677e+02	-6.7996e+02	4.3532e+02	-4.6980e+02	1.0952e+03	-2.5515e+02	6.4799e+02	-3.1745e+02	6.1123e+02	1.1853e+03	-9.6588e+02	-4.1426e+02	-3.3713e+02	-4.7072e+02	6.8963e+02	-1.5910e+02	1.5578e+03	5.5230e+02	-1.4853e+02	-3.5399e+02	2.8773e+02	2.7569e+02	7.8183e+02	2.5945e+02	-9.7253e+02	4.1501e+01	-1.4157e+03	-2.9696e+02	3.3723e+02	1.4643e+02	-9.9015e+02	-6.3041e+02	-1.6008e+02	-8.4962e+02	1.7545e+01	-3.1365e+02	4.1086e+02	-8.8206e+02	-4.3863e+01	-3.6265e+02	1.6524e+02	-4.6096e+02	3.8628e+02	-9.5520e+02	6.8397e+01	1.1715e+02	1.0855e+03	-1.4972e+02	-4.9240e+02	3.2406e+02	6.5134e+02	1.0048e+03	6.7159e+02	-7.9932e+02	-9.6306e+02	-2.2971e+02	8.4321e+02	9.7791e+00	-8.9089e+01	-5.2387e+01	6.7505e+02	1.8412e+02	5.9956e+02	1.1550e+03	-8.5456e+02	-2.8236e+01	1.3840e+02	-8.4687e+02	7.2085e+02	-3.0605e+01	3.1954e+02	-8.4648e+02	-3.8487e+02	2.0350e+02	-1.7781e+02	-1.6513e+03	1.9193e+02	-4.1732e+02	8.1575e+02	3.7326e+02	4.0687e+02	6.0726e+02
6.0000e+04	-3.1755e+02	-7.4732e+02	4.1822e+01	-8.6855e+02	5.8124e+02	5.8545e+02	-1.1860e+02	8.2620e+02	1.0687e+02	1.4919e+03	8.5216e+02	-3.5165e+02	9.3420e+02	-1.7115e+03	-4.5434e+02	-1.0831e+03	-2.2390e+02	-3.7669e+02	-1.9849e+03	1.5150e+03	1.1215e+03	-2.5015e+01	-3.3650e+02	-9.1086e+02	-1.2265e+03	-9.7430e+02	6.2023e+02	-3.5053e+02	-1.4561e+03	-1.5726e+03	2.8842e+02	4.2730e+02	4.4252e+02	1.2104e+03	6.8895e+02	-7.9049e+02	-6.3035e+02	1.9316e+03	1.9282e+03	-1.0572e+03	1.5687e+03	1.0779e+03	2.2180e+02	1.5260e+03	2.2834e+02	-1.5054e+03	-9.1867e+01	-1.5466e+02	-3.0129e+02	9.0236e+01	2.4028e+02	-7.0790e+02	3.9946e+02	-2.4814e+02	-1.0323e+03	4.6821e+02	-2.7642e+02	-1.4287e+03	-1.6456e+03	-7.3389e+02	6.3180e+02	-8.0319e+02	-2.7611e+02	-1.0720e+02	8.2496e+02	-7.4017e+02	-1.0674e+03	-8.7004e+02	-2.3863e+03	-8.4096e+02	-2.2735e+03	2.0356e+03	3.6765e+02	-6.7228e+02	1.8385e+02	-8.1076e+02	-5.3101e+02	-3.1892e+02	-8.5745e+02	1.6657e+03	-1.0913e+03	2.0354e+03	5.9016e+02	-2.0178e+03	-5.8453e+02	-1.1387e+03	1.2186e+03	-7.1583e+02	-2.6091e+02	9.2888e+02	1.7138e+03	1.0958e+03	-4.7536e+02	-4.2838e+02	1.6466e+03	-1.1386e+03	-4.8553e+02	-8.1491e+02	-1.6072e+03	-4.3377e+02	9.8199e+02	-4.8213e+02	-8.2465e+02	1.7385e+03	-1.5713e+02	6.0756e+02	-6.6786e+02	-1.2868e+03	-1.6797e+03	3.2054e+02	3.9364e+01	5.0614e+01	-1.5587e+02	-2.3857e+02	-4.8020e+02	1.5679e+02	-3.1255e+02	6.0732e+02	7.7812e+02	8.7048e+02	5.4618e+01	7.3387e+02	-2.6778e+01	1.8274e+03	7.8710e+02	7.9394e+02	-3.1489e+02	4.0718e+02	4.3092e+02	4.0113e+02	-3.6562e+02	1.7750e+03	4.2973e+02	-7.2869e+02	1.0512e+03	-4.6358e+02	-1.7014e+02	9.9195e+02	-3.2782e+02	-6.2110e+02	5.7809e+02	6.0681e+02	-2.2520e+02	-7.7565e+02	1.0517e+03	-3.3221e+02	2.2568e+03	-5.9303e+02	7.6215e+02	-3.3840e+02	-1.7219e+03	4.0348e+01	-1.0398e+03	-6.2182e+02	-5.3964e+01	1.2093e+03	-6.7518e+02	-7.5105e+02	6.0215e+02	9.6562e+02	-1.7042e+03	3.3597e+02	-9.3852e+02	-2.3771e+03	4.8700e+02	-1.8046e+02	1.4222e+01	-6.6462e+02	-5.4327e+02	-1.0054e+03	-7.0957e+02	8.9891e+01	-2.8683e+02	-1.5131e+02	-1.7623e+02	9.5070e+02	4.3635e+01	1.1916e+03	-5.4147e+02	5.0166e+02	1.8323e+03	2.2939e+02	1.2127e+03	2.3004e+02	5.7991e+00	5.2217e+02	-2.1580e+02	-1.3928e+03	2.1572e+02	-9.3321e+02	-1.0540e+03	1.5097e+02	8.5293e+02	-2.7614e+02	-1.7249e+03	2.9346e+02	-4.3878e+02	-1.2037e+02	-1.6602e+03	1.5279e+03
8.0000e+04	-2.0976e+02	-5.9626e+01	2.7544e+02	-1.0988e+03	-1.3527e+02	-6.2932e+02	6.0719e+02	3.3994e+02	-6.6130e+02	7.5031e+02	7.8296e+02	-6.6970e+01	9.7254e+02	7.7877e+02	-2.8866e+02	4.5195e+02	7.3602e+02	-1.2721e+01	6.2425e+02	6.5284e+02	4.7699e+02	-9.5663e+01	-1.1370e+03	1.0676e+03	-1.3787e+03	-5.3729e+02	4.9734e+02	1.5774e+02	1.0183e+03	2.5824e+02	6.4375e+02	3.8215e+01	-5.3086e+02	-6.2872e+02	1.5707e+02	-1.3861e+02	5.0288e+02	-1.0061e+02	-1.4570e+03	-4.5166e+02	3.7889e+02	1.2825e+02	1.0913e+02	-5.8140e+02	4.4171e+02	1.2328e+03	-1.3745e+03	-3.4856e+02	-5.7240e+02	-3.2364e+02	2.3763e+02	-2.3859e+03	-4.2438e+02	-3.5925e+02	-2.6889e+02	4.9953e+02	-3.6139e+02	-1.0421e+03	1.1442e+03	1.3714e+03	-3.5917e+02	2.5044e+00	-2.9735e+02	-2.0953e+02	2.7359e+02	1.0318e+03	9.3867e+02	1.5550e+02	-7.7110e+02	-1.5467e+02	-7.7526e+02	-7.8773e+01	-1.6744e+02	1.3370e+02	4.8751e+02	4.6570e+01	-1.2789e+03	-6.8264e+02	1.9781e+03	-1.1084e+03	-4.4308e+02	8.2364e+02	-9.0502e+01	8.7466e+02	4.5674e+02	4.3308e+02	3.9305e+02	-4.8687e+02	6.1898e+02	1.0524e+03	5.5964e+00	1.7558e+03	2.9624e+02	2.8109e+02	5.0221e+02	-2.2750e+01	-8.3037e+02	-2.7313e+02	-3.2247e+02	2.4871e+02	-7.4311e+02	-3.9880e+02	-2.7483e+02	2.0925e+02	3.3273e+02	-8.2314e+02	-1.2093e+03	5.6928e+02	2.9613e+02	-2.4776e+00	3.6247e+02	2.6088e+02	-3.5592e+02	-1.1032e+02	4.5974e+02	-3.7500e+02	7.5583e+02	-1.3528e+03	1.1054e+03	-3.9535e+02	2.7592e+02	-6.4869e+02	7.5436e+02	1.1970e+02	4.6543e+02	-2.1789e+02	5.6376e+02	1.7745e+03	-1.0235e+03	-5.8996e+02	-6.3881e+02	-9.1591e+02	2.8639e+02	-2.1085e+02	1.6459e+03	4.7433e+02	-8.8364e+01	-5.6850e+02	8.5842e+02	4.6775e+02	7.5854e+02	2.4580e+02	-1.2927e+03	1.1113e+02	-1.5901e+03	3.0355e+01	1.5712e+02	4.6305e+02	-1.1055e+03	-1.0650e+03	4.4847e+02	-1.3325e+03	-3.0527e+02	-5.7156e+02	-3.2204e+02	-1.1413e+03	2.6917e+02	-7.1773e+02	7.1183e+01	-6.5038e+02	5.3397e+02	-7.4308e+02	1.8796e+02	-4.6828e+02	1.0094e+03	-1.9439e+02	-7.6728e+02	5.2757e+02	2.7119e+02	1.4144e+03	4.1648e+02	-3.3419e+02	-7.9292e+02	-2.5448e+02	8.5295e+02	-2.0026e+02	-5.2240e+02	-2.2115e+02	1.2334e+03	1.0900e+03	-1.4534e+02	1.0920e+03	-9.8920e+02	2.7236e+02	4.4161e+02	-1.2116e+03	5.4578e+02	1.8129e+02	-1.6081e+02	-8.8903e+02	-5.3862e+02	3.7223e+02	-2.1259e+02	-1.5177e+03	1.5086e+02	-8.4006e+01	1.4502e+03	3.9785e+02	6.6039e+02	2.5038e+02
8.0000e+04	-3.6777e+02	-2.1755e+02	-1.2950e+03	-5.5220e+02	8.8068e+02	7.2478e+02	1.6618e+02	4.8085e+02	-5.0866e+02	1.5362e+03	8.5837e+02	-6.4042e+02	1.4508e+03	-1.0387e+03	-6.9891e+02	-3.9615e+02	2.3280e+02	4.4099e+02	-1.3683e+03	1.7084e+02	8.3025e+02	3.1318e+02	3.5633e+02	-1.7870e+03	-5.8909e+02	-7.8535e+02	-3.2991e+01	-1.6355e+03	-1.3032e+03	-7.2704e+02	-5.0231e+00	7.1480e+02	7.9151e+02	1.4594e+03	9.1020e+02	-1.5076e+03	-4.9922e+02	1.4616e+03	1.4095e+03	-4.4525e+02	8.0172e+02	1.5868e+03	9.0192e+02	1.8323e+03	1.5106e+03	-2.1825e+03	2.2215e+02	-7.2273e+02	-8.3597e+02	9.1241e+02	5.1477e+02	6.4012e+02	-2.2584e+02	-7.9481e+02	-1.8013e+03	-5.3067e+02	-1.4716e+02	-2.4668e+02	-1.5003e+03	-1.3553e+03	1.0524e+03	1.0114e+01	-4.9696e+02	7.3126e+02	1.8066e+03	-3.3165e+02	-1.9782e+03	-8.2792e+02	-8.2598e+02	-1.1891e+03	-2.7170e+03	2.8392e+03	-1.0240e+02	-3.1491e+02	3.5516e+02	-1.4585e+03	-9.5881e+02	-4.4265e+02	-7.8076e+02	1.8251e+03	-5.2404e+02	1.6586e+03	1.0650e+03	-3.2432e+03	-1.0475e+02	-1.2411e+03	1.3924e+03	-9.9990e+02	-5.9356e+02	1.3236e+03	1.2675e+03	5.9314e+02	-4.3361e+01	-1.3344e+03	1.4363e+03	-1.0512e+03	-6.5035e+02	-9.7977e+02	-1.3746e+03	-4.2120e+02	8.8256e+02	-1.1234e+03	-1.5504e+03	1.9282e+03	-2.1260e+01	4.1651e+01	-7.4525e+02	-1.3375e+03	-1.7070e+03	6.6534e+02	-5.0978e+02	7.6446e+02	-7.0513e+02	-5.1143e+02	-8.1530e+02	4.5015e+02	4.0522e+02	6.9037e+00	1.2972e+03	1.2691e+02	4.4096e+02	4.3774e+02	-9.7731e+01	1.5904e+03	4.4345e+02	3.4345e+02	-1.1724e+02	1.8695e+03	3.9519e+02	-4.2150e+02	-5.4564e+02	1.6453e+03	5.2413e+02	1.2612e+02	3.0801e+02	-1.4100e+03	-7.8372e+02	6.2136e+02	-1.1183e+03	-3.4668e+02	-1.9649e+02	1.0735e+03	-3.0942e+02	-4.2707e+00	7.9283e+02	8.7065e+02	2.1809e+03	-1.4416e+03	1.3217e+02	-1.3641e+03	-1.6794e+03	7.3677e+02	-3.5046e+02	-1.4498e+03	-5.1051e+02	9.3774e+02	-4.2341e+02	-6.4896e+02	1.0101e+03	-1.9395e+02	-1.3694e+03	2.1942e+02	-6.7296e+02	-2.4282e+03	1.5516e+02	-7.3888e+02	2.7749e+02	7.7414e+02	-1.3034e+03	-4.6665e+02	2.9232e+02	6.0823e+02	-4.2201e+02	-5.3899e+02	-2.9003e+02	9.3760e+02	3.6649e+02	8.0416e+02	-5.2324e+02	5.7278e+02	1.5035e+03	8.6936e+02	1.0196e+03	9.4698e+02	3.6421e+02	-6.7788e+01	-1.0807e+02	-1.8819e+03	-1.5489e+01	-1.3204e+03	-1.2159e+03	-8.3314e+02	5.5085e+02	8.3343e+02	-2.4047e+03	1.6596e+01	-7.0197e+02	1.5110e+02	-1.3373e+03	1.8323e+03
1.0000e+05	-6.6017e+02	-1.6440e+02	3.2793e+01	-1.5688e+03	8.9323e+01	-5.4059e+02	7.2078e+02	5.0341e+02	-7.2385e+02	5.3221e+02	1.4147e+02	3.5087e-01	1.2562e+03	1.0012e+03	-2.8889e+02	-1.4639e+02	9.9943e+02	-6.0007e+02	-1.2775e+02	7.4780e+02	9.0976e+02	9.3086e+00	-1.1987e+03	7.7366e+02	-1.2560e+03	-4.4785e+02	4.2843e+02	5.3126e+02	1.0393e+03	3.2767e+02	9.6894e+02	-2.5054e+02	-7.9795e+02	-8.4011e+02	3.8990e+02	5.8251e+02	-3.1553e+02	2.4650e+02	-1.0791e+03	-4.2269e+02	5.4355e+01	-5.5893e+02	3.6775e+02	-1.4065e+03	4.5620e+02	1.7812e+03	-7.4238e+02	-1.1971e+02	-9.7754e+02	-1.8886e+02	5.3584e+02	-2.3951e+03	-5.2583e+02	-5.9657e+02	3.5947e+02	4.5593e+02	-5.2940e+02	-1.5936e+03	8.3354e+02	1.5401e+03	-7.7764e+02	6.0217e+02	-9.6182e+02	6.6327e+01	-4.1268e+02	1.4253e+03	9.7736e+02	-2.4465e+02	-5.0833e+02	-1.4679e+02	-1.8269e+02	8.4289e+01	-6.0203e+02	2.0560e+02	-2.8948e+02	4.6037e+02	-1.4324e+03	-6.6909e+02	2.0949e+03	-1.2958e+03	-5.0431e+02	9.1086e+02	-1.2890e+02	3.7818e+02	-1.9290e+01	4.1513e+02	2.6324e+02	-1.0965e+03	4.2516e+02	3.6372e+02	2.2057e+02	1.7709e+03	-1.9477e+02	6.5562e+02	3.1931e+02	4.5052e+02	-6.3877e+02	1.5315e+02	-8.4935e+02	1.4880e+02	-1.9061e+03	-5.7764e+01	7.3738e+01	1.2061e+02	3.4202e+02	-9.7363e+02	-1.3759e+03	-1.0989e+01	6.0646e+02	-1.2598e+02	4.9655e+02	3.3425e+02	-3.4808e+02	-7.6101e+02	-2.7915e+02	-1.1339e+02	4.9009e+01	-1.1352e+03	1.1902e+03	-4.0505e+02	-1.4756e+02	-1.2655e+03	3.9925e+02	7.8798e+02	9.4530e+02	1.2225e+02	7.8116e+02	2.0453e+03	-7.9624e+02	-1.3672e+03	-9.9659e+02	-9.1961e+02	3.0141e+02	-3.1693e+02	1.3897e+03	3.7115e+00	1.0854e+02	-3.1373e+02	1.0776e+03	7.5473e+02	4.7618e+02	7.7171e+02	-1.4414e+03	-2.2063e+02	-2.0261e+03	2.1166e+02	-6.7237e+01	2.2027e+02	-7.5879e+02	-1.7877e+03	3.0600e+02	-1.7766e+03	-1.0041e+02	-8.3641e+02	-2.4266e+02	-1.1188e+03	2.1180e+02	-2.3949e+02	-8.1744e+01	-1.9465e+02	2.4175e+02	-6.2455e+01	7.2430e+02	-4.9620e+02	6.3441e+02	6.3073e+01	-5.1551e+02	5.4657e+02	-1.2955e+02	1.2958e+03	9.3827e+02	-3.5269e+01	-6.1409e+02	-1.5019e+02	9.5252e+02	9.8695e+01	-4.3232e+02	-4.5755e+02	1.5238e+03	4.2579e+02	-3.6710e+02	1.0545e+03	-1.3151e+03	3.6758e+02	-7.2079e+01	-1.4422e+03	-1.0213e+01	5.2078e+02	-1.1876e+01	-5.4586e+02	-1.3388e+03	3.8447e+02	3.2301e+02	-1.3423e+03	-5.6742e+02	3.7414e+01	1.6704e+03	3.1656e+02	1.8101e+02	-1.3996e+02
1.0000e+05	5.5697e+02	-1.8027e+02	-6.0634e+02	-6.1968e+02	1.6593e+03	4.0641e+02	1.0726e+03	1.1030e+03	3.9543e+02	2.7644e+03	7.6185e+02	-1.3855e+02	1.2176e+03	1.4938e+01	-1.4042e+03	-5.5283e+01	8.0764e+02	4.9519e+02	-1.8221e+03	1.0526e+01	1.4272e+03	4.0812e+02	-9.8294e+01	-2.4965e+03	-1.7328e+03	-9.7497e+02	3.8251e+02	-1.9562e+03	-5.0755e+02	-1.5781e+03	-8.9335e+02	6.1106e+02	-1.0386e+01	2.1644e+03	4.0468e+01	-2.4727e+03	3.7380e+02	1.9268e+03	-6.5083e+02	-1.9841e+03	1.1635e+03	4.2227e+02	1.0725e+03	8.2090e+02	2.2715e+03	-2.8303e+03	2.6430e+02	-8.2142e+02	-2.9099e+02	3.8402e+02	6.4284e+02	2.4734e+01	-1.0006e+03	-6.8521e+02	-2.0936e+03	-6.3956e+02	-1.3678e+02	4.4742e+02	-1.3549e+03	-1.0340e+03	7.5776e+02	5.3650e+02	-6.9833e+02	4.9878e+02	1.1464e+03	-2.7606e+02	-2.6118e+03	-4.5587e+02	-8.9256e+02	-5.7168e+02	-3.0379e+03	2.6412e+03	3.2291e+02	2.6977e+01	-5.0046e+01	-1.5649e+03	-7.6448e+02	-6.5471e+02	8.7775e+02	1.1668e+03	-7.4898e+02	7.0570e+02	9.5215e+02	-3.5051e+03	-3.4801e+02	-5.3174e+02	6.3162e+02	-8.4312e+02	9.8482e+01	1.9295e+03	6.7463e+02	7.4321e+02	-7.4701e+01	-1.4183e+03	1.9783e+03	-1.8427e+03	-8.8504e+02	-7.2571e+02	-1.6933e+03	2.3532e+02	1.3249e+03	-1.8807e+03	-2.0242e+03	2.3853e+03	-5.0795e+02	2.4081e+01	-1.2548e+03	-2.3534e+03	-1.1546e+03	7.1681e+02	-1.0251e+03	8.2701e+02	-1.3321e+03	-3.9595e+02	-1.3594e+03	-7.9954e+00	6.4794e+02	-2.5725e+02	1.9082e+03	1.6716e+02	3.0584e+02	3.1281e+02	-1.8376e+02	2.6584e+03	2.1938e+02	3.0968e+02	5.3126e+02	1.9320e+03	6.4314e+02	-4.8334e+02	-4.1894e+02	8.7214e+02	-1.6054e+02	6.2327e+02	6.3124e+02	-1.1457e+03	-1.3167e+03	8.5326e+02	4.4325e+02	-5.3486e+02	-6.7895e+02	1.4965e+03	-1.4273e+03	-3.8348e+02	1.1394e+03	1.1899e+03	3.1998e+03	-1.8403e+03	-3.1547e+02	-1.7425e+03	-8.2198e+02	1.0534e+03	6.6956e+02	-1.0812e+03	-1.6906e+02	1.4021e+03	-4.7088e+02	-7.8044e+02	1.5234e+02	5.1519e+01	-1.6982e+03	-1.3735e+02	-1.2255e+03	-2.0362e+03	-7.1499e+02	-1.4295e+03	4.0471e+01	-2.0818e+02	-1.4578e+03	-1.1005e+03	-2.6814e+02	6.8532e+02	1.0436e+02	-1.2464e+03	7.0789e+02	8.0015e+02	6.7839e+02	-1.1140e+02	-1.0557e+03	1.2290e+03	2.5649e+03	6.9793e+02	8.6794e+02	8.7732e+02	1.3070e+02	2.1876e+02	7.6651e+02	-2.1776e+03	6.4274e+02	-2.2927e+03	-1.1931e+03	-1.1335e+03	7.1083e+02	7.9640e+02	-2.5095e+03	-4.8906e+02	-9.4987e+02	3.1666e+02	-1.5261e+03	2.2708e+03
1.2000e+05	-1.2185e+03	-4.1441e+02	2.8959e+02	-1.9439e+03	8.9884e+01	-5.8885e+02	6.6728e+01	-4.1050e+02	-1.7492e+03	4.8484e+02	9.2612e+02	-1.6046e+02	1.0185e+03	8.2071e+02	-2.2869e+02	-5.5142e+02	8.8770e+02	-4.4569e+02	-2.8918e+02	9.0888e+02	9.0023e+02	-4.7888e+02	-1.1466e+03	2.1523e+02	-2.1349e+03	-8.0552e+02	6.5166e+02	6.2059e+02	6.6858e+02	6.4653e+02	1.2331e+03	-2.6078e+02	-8.6062e+02	-7.6852e+02	7.7359e+02	9.6376e+02	-2.1122e+00	7.9302e+02	-6.2979e+02	-3.8879e+02	9.9513e+01	-1.1613e+02	-2.0856e+02	-8.3112e+02	7.7588e+02	1.2257e+03	-6.3511e+02	4.2025e+02	-6.1850e+02	-1.1267e+03	5.4225e+02	-2.6537e+03	-8.2061e+02	-2.6467e+02	5.0874e+02	-8.5856e+01	-8.7918e+02	-1.7214e+03	9.0711e+02	7.8849e+02	-1.2350e+03	1.0430e+03	-6.1413e+02	2.8511e+02	2.2409e+02	1.4366e+03	1.1540e+03	-4.3112e+02	-3.8439e+00	-3.5573e+02	4.6843e+02	5.5297e+02	-6.5297e+02	2.3302e+02	-3.8554e+02	7.7373e+02	-1.3010e+03	-3.4706e+02	1.6090e+03	-1.5816e+03	-6.3205e+02	1.7514e+02	-3.8224e+02	7.5767e+02	-1.6738e+02	3.9079e+02	1.2703e+02	-1.2145e+03	-2.5287e+02	5.9333e+00	1.2908e+02	1.3922e+03	-4.4744e+02	4.7431e+02	2.4823e+02	2.5446e+02	-1.0777e+03	4.4354e+02	-1.0196e+03	-6.6409e+01	-2.1005e+03	3.1196e+02	1.2314e+02	3.2045e+02	5.0533e+02	-1.1697e+03	-1.6558e+03	6.0275e+02	2.2668e+02	-1.0250e+02	1.9254e+02	1.9274e+02	-7.3529e+01	-2.2752e+02	3.5292e+01	-3.7662e+02	3.9623e+02	-1.3621e+03	7.7832e+02	-9.7280e+02	-8.8874e+02	-1.1287e+03	2.5890e+02	5.9986e+02	3.6279e+02	2.2139e+02	7.5371e+02	2.1370e+03	-8.7447e+02	-1.9079e+03	-1.1143e+03	-7.8542e+02	5.8859e+02	-2.5391e+02	1.3663e+03	1.1287e+02	4.3620e+02	-5.7533e+02	1.1208e+03	5.9597e+01	3.9150e+02	2.7892e+02	-1.3853e+03	-3.4664e+02	-2.1328e+03	-1.1337e+02	-6.0718e+02	2.8934e+02	-8.6680e+02	-1.8859e+03	2.0759e+02	-1.4273e+03	-1.1134e+02	-6.3346e+02	-1.7000e+02	-2.6637e+02	2.3505e+02	-2.9238e+02	-3.8984e+02	-4.5860e+02	-6.1304e+01	-3.3515e+01	7.4770e+02	5.6112e+01	6.2152e+02	3.5073e+01	-1.2027e+03	1.2687e+02	-2.9918e+02	7.0662e+02	7.6980e+02	-3.1252e+02	-1.7462e+03	-8.2876e+01	4.5392e+02	3.0407e+02	5.5396e+01	-3.1266e+02	1.4663e+03	6.4242e+02	-1.1832e+02	1.3231e+03	-1.9437e+03	2.5040e+02	-1.4167e+02	-2.1037e+03	-7.2278e+01	5.5955e+02	-1.9920e+02	-6.6798e+02	-1.0688e+03	2.3643e+02	3.1132e+02	-1.1601e+03	-3.8803e+02	2.3723e+02	1.3202e+03	3.4112e+02	-3.3380e+02	-2.2529e+02
1.2000e+05	-8.0849e+01	3.3775e+02	5.6573e+01	-1.4445e+03	1.8996e+03	1.1791e+03	1.1397e+03	1.2294e+03	-2.0718e+02	3.4666e+03	-3.4289e+01	-8.2480e+02	1.4852e+03	1.4509e+03	-2.3710e+03	-5.7910e+02	1.4218e+03	4.4650e+02	-1.7236e+03	1.7236e+02	1.2580e+03	5.1348e+02	-8.9028e+02	-2.9522e+03	-3.4134e+03	-1.2574e+03	4.7220e+02	-2.0321e+03	-8.6761e+02	-2.4631e+03	-6.5763e+02	-9.4513e+02	4.0592e+02	1.2010e+03	-8.0057e+02	-2.4133e+03	2.7668e+02	2.1320e+03	3.9676e+02	-1.7587e+03	4.8710e+02	-1.1074e+03	9.5282e+02	1.0246e+02	2.9271e+03	-3.1935e+03	2.9939e+02	-4.2351e+02	-5.5017e+02	-6.9620e+02	3.4906e+02	8.4857e+02	-1.3020e+03	-2.2138e+02	-2.6767e+03	-8.3497e+02	4.9145e+02	9.8730e+02	-7.2144e+02	-6.3558e+02	4.4913e+02	9.4725e+02	-9.8088e+02	6.2142e+02	1.7342e+03	-1.4717e+02	-2.3859e+03	-8.5038e+02	-1.4252e+03	-3.5131e+02	-3.0092e+03	1.8532e+03	4.7363e+02	9.6428e+02	-7.0644e+01	-1.3440e+03	-1.8430e+03	-1.3071e+03	7.7253e+02	7.8669e+02	-2.2745e+03	6.4245e+02	1.1190e+03	-3.2489e+03	-1.1134e+03	5.8400e+01	1.1407e+03	-4.7137e+02	1.7290e+02	2.0123e+03	2.6963e+02	5.1537e+02	-4.2283e+01	-1.0864e+03	1.4693e+03	-2.2424e+03	-9.0546e+02	-3.0617e+02	-3.6570e+01	-9.9969e+01	2.0483e+03	-1.5396e+03	-2.6388e+03	2.7115e+03	-6.6648e+02	-8.3188e+02	-1.2153e+03	-2.5666e+03	-9.8711e+02	1.0966e+03	-4.5241e+02	9.5672e+00	-2.3793e+03	-1.5637e+03	-1.7874e+03	-6.6508e+01	1.1020e+03	3.6288e+02	3.1881e+03	2.4156e+02	-2.8086e+02	5.1558e+02	-4.0359e+02	2.5814e+03	2.8721e+02	9.4787e+02	9.6117e+02	2.5828e+03	-5.6806e+01	2.0088e+02	-8.5356e+02	6.2725e+02	3.9554e+02	3.9597e+02	1.7786e+02	-7.2849e+02	-8.4071e+02	1.5530e+03	1.3727e+03	-1.6675e+03	-1.2035e+03	1.7760e+03	-9.3061e+02	-1.1258e+03	5.3221e+02	1.7131e+03	2.5675e+03	-1.0604e+03	-4.6586e+02	-2.0596e+03	-4.4686e+02	1.5211e+03	4.5719e+02	-1.1580e+03	-6.0710e+01	2.8787e+03	-5.5481e+02	-6.4402e+01	2.2238e+02	5.9730e+00	-1.3205e+03	-2.2606e+00	-1.6896e+03	-2.6950e+03	-5.8532e+02	-1.8174e+03	-9.2406e+02	-1.3071e+03	-1.9532e+03	-1.6326e+03	4.3899e+02	1.1624e+03	1.3777e+02	-1.7106e+03	8.1801e+01	8.4584e+02	2.4665e+03	5.2851e+02	-1.3668e+03	1.8195e+03	1.8485e+03	2.1031e+03	1.8635e+03	1.1287e+03	-4.1128e+02	-4.6321e+02	8.2038e+02	-1.9755e+03	1.2942e+03	-2.5963e+03	-6.1444e+02	-6.1938e+02	5.9799e+02	7.8663e+02	-3.2885e+03	-1.2931e+03	2.0724e+02	4.7856e+01	-1.6313e+03	1.6199e+03
1.4000e+05	-1.2217e+03	-8.0588e+02	2.5347e+02	-1.9634e+03	-7.2187e+02	-4.0951e+02	-1.6598e+02	-5.3540e+02	-2.0505e+03	3.2443e+02	3.2919e+02	-2.2664e+02	1.3257e+03	3.3787e+02	1.5395e+01	-4.0914e+02	2.5053e+02	4.5198e+02	-6.0803e+02	1.0280e+03	1.4138e+03	-3.4783e+02	-3.5296e+02	1.0244e+02	-2.2503e+03	-1.1910e+03	-2.1041e+02	2.3503e+02	4.0503e+02	5.7794e+02	1.4676e+03	-2.2874e+02	-1.0468e+03	-1.0471e+03	3.4964e+02	1.2463e+03	5.5043e+02	1.2289e+03	-2.6251e+02	-7.7027e+02	6.2939e+02	-3.2034e+02	-2.5902e+02	-1.3593e+03	8.4361e+02	7.5772e+02	-8.1472e+02	2.9660e+02	-6.6929e+02	-1.6683e+03	1.0734e+03	-2.7934e+03	-1.3510e+02	6.8852e+01	1.2021e+02	-2.6306e+02	-5.0708e+02	-1.4513e+03	5.6757e+02	3.3920e+02	-1.4309e+03	1.0453e+03	-1.1282e+03	4.4741e+01	8.4053e+02	1.4319e+03	9.5201e+02	-2.7329e+02	6.9125e+01	-2.8250e+01	-1.8421e+01	8.0660e+02	3.6015e+01	9.8648e+02	-1.0171e+01	4.8169e+02	-8.8860e+02	-8.2357e+01	1.1283e+03	-1.9973e+03	-3.7577e+02	-1.6001e+02	-5.1470e+01	-1.8124e+02	-3.0095e+02	5.2003e+02	7.6529e+01	-9.1504e+02	-2.2785e+02	1.9341e+01	8.8343e+01	1.5764e+03	-3.5577e+02	7.5522e+02	3.2139e+02	7.0257e+02	-8.9336e+02	1.6971e+02	-9.0211e+02	-2.7951e+02	-1.5806e+03	-5.5975e+01	-4.8622e+02	8.1563e+02	1.0101e+03	-1.4301e+03	-1.8449e+03	6.3986e+02	2.3097e+02	-5.4928e+02	3.3574e+02	3.1552e+02	-4.3955e+02	-4.4903e+02	-3.7542e+01	3.6558e+02	8.8765e+02	-8.2360e+02	2.0832e+02	-1.5284e+03	-1.4931e+03	-7.1314e+02	3.0771e+02	-6.2436e+01	-4.4995e+02	5.0291e+02	7.3286e+02	2.3281e+03	-8.1474e+02	-2.2219e+03	-9.1545e+02	-9.5815e+02	1.4493e+02	-2.0375e+02	1.7445e+03	5.9092e+02	4.9372e+02	-1.0997e+02	1.1135e+03	-4.5965e+02	7.8471e+02	2.7408e+02	-1.8492e+03	-8.0814e+02	-2.4060e+03	-1.7987e+02	-1.0770e+03	-1.3295e+02	-1.1920e+03	-2.2470e+03	3.0727e+02	-2.3767e+03	-4.7132e+02	-4.5457e+02	-5.6406e+02	-5.1509e+02	2.9578e+02	-8.8991e+01	-4.3636e+02	-2.1076e+02	-5.8305e+02	-3.5797e+02	6.3687e+02	-1.2188e+02	3.1077e+02	-6.5903e+02	-7.8193e+02	2.8548e+02	-1.1834e+02	1.6604e+03	9.7198e+02	-4.6456e+02	-2.2296e+03	-4.6717e+02	5.2895e+02	-9.1874e+01	-2.4784e+02	3.4726e+02	1.6680e+03	7.5069e+02	-3.2916e+02	1.2800e+03	-2.2568e+03	-3.9453e+02	1.1201e+02	-2.3001e+03	-9.3508e+02	5.2147e+01	-1.0996e+03	-6.4084e+01	-8.5604e+02	1.6365e+02	7.0012e+02	-1.4616e+03	-9.0453e+02	5.9356e+02	1.3582e+03	6.2406e+02	-6.7107e+02	-5.8874e+02
1.4000e+05	3.3994e+02	1.0149e+02	-3.5338e+02	-1.4096e+03	2.1615e+03	6.2564e+02	2.5902e+02	-6.2716e+02	-2.5550e+02	4.5724e+03	-1.1328e+02	-7.7978e+02	1.0527e+03	1.4596e+03	-3.1302e+03	-4.3956e+02	1.5947e+03	7.6311e+02	-1.8951e+03	2.3612e+02	1.0523e+03	1.3218e+03	-9.1896e+02	-2.9964e+03	-3.4930e+03	-1.7503e+03	-7.2303e+02	-2.5079e+03	-1.8106e+03	-2.0573e+03	-4.5516e+02	-3.5027e+02	1.0773e+03	4.1453e+02	-1.7745e+03	-2.7247e+03	1.0578e+03	2.5847e+03	3.6151e+01	-2.2803e+03	4.9391e+02	-2.1108e+03	7.8225e+02	5.2505e+02	2.4452e+03	-3.0935e+03	-7.1809e+01	6.2403e+02	-8.3127e+02	-1.5361e+03	9.1209e+01	-1.7983e+02	-5.0780e+02	4.4465e+02	-2.1540e+03	-1.2752e+03	1.2879e+02	9.5414e+02	-1.0158e+03	-9.6470e+02	-3.8880e+00	1.4043e+03	-4.8464e+02	1.1074e+02	1.8904e+03	-6.8298e+02	-3.0367e+03	-6.6942e+02	-1.5430e+03	-7.3146e+02	-3.3847e+03	2.3966e+03	-8.5639e+00	1.3714e+03	-5.1603e+02	-1.6742e+03	-1.4201e+03	-1.0923e+03	1.4653e+03	1.1704e+02	-1.9675e+03	-8.1287e+01	9.0652e+02	-2.2894e+03	-7.3112e+02	3.2950e+02	1.2307e+03	-1.9076e+02	8.2879e+01	1.5841e+03	4.6119e+02	6.4399e+02	8.4071e+02	-1.8055e+03	1.4239e+03	-3.2445e+03	-6.7506e+02	-2.7794e+02	9.4452e+02	-1.7814e+03	2.3559e+03	-1.8894e+03	-2.8722e+03	1.7580e+03	-6.9218e+02	-1.2451e+03	-1.2248e+02	-1.8370e+03	2.2072e+02	3.5211e+02	-7.8101e+02	-3.4048e+02	-2.3597e+03	-1.0980e+03	-1.6202e+03	-6.3461e+02	4.2029e+02	9.7501e+02	2.3041e+03	1.4694e+03	2.6008e+02	1.2438e+03	-8.4466e+00	2.2943e+03	6.6862e+02	2.1668e+03	1.4147e+03	2.7997e+03	-9.3448e+02	7.3864e+02	-5.0828e+02	8.5145e+02	-1.8492e+02	2.8692e+02	-5.0658e+02	-1.3231e+03	-1.4551e+02	1.4967e+03	1.2142e+03	-1.6786e+03	-4.1959e+02	2.0682e+03	-6.2300e+02	-1.2845e+03	3.7473e+02	3.1161e+03	1.4877e+03	-2.0498e+03	4.5826e+02	-2.7146e+03	3.4520e+02	1.2047e+03	-5.7874e+02	-1.5113e+03	5.3411e+02	3.1185e+03	-2.4076e+01	6.2802e+02	-2.0947e+01	1.3407e+03	-1.9802e+03	3.0203e+02	-1.2866e+03	-3.6255e+03	-7.3075e+02	-1.9650e+03	-1.3012e+03	-1.5317e+03	-1.8359e+03	-1.8783e+03	3.8501e+02	1.5599e+03	3.1661e+02	-2.1277e+03	1.3718e+02	4.9891e+02	1.9865e+03	6.6612e+02	-8.2526e+02	1.6401e+03	2.3455e+03	2.3748e+03	2.4483e+03	1.3423e+03	-8.1276e+02	-8.7850e+01	1.0295e+03	-7.4783e+02	1.7790e+03	-2.2937e+03	8.5845e+01	-1.0100e+03	1.2604e+03	2.4889e+02	-2.2607e+03	-1.2576e+03	1.0529e+02	-3.2939e+02	-3.3454e+02	1.2876e+03
1.6000e+05	-8.1428e+02	-1.2019e+03	6.0101e+02	-1.9104e+03	-1.3376e+03	-1.0667e+01	-1.9587e+02	-8.9086e+02	-2.0615e+03	5.3938e+02	2.8905e+02	-6.1534e+02	1.0604e+03	8.1524e+02	1.5973e+02	-3.0055e+02	8.4047e+02	2.1339e+02	-6.6258e+02	1.2624e+03	1.1253e+03	-6.5840e+02	4.7784e+01	3.2564e+02	-2.5076e+03	-5.6656e+02	-6.6120e+02	8.9614e+02	7.5505e+02	1.0967e+03	1.6701e+03	4.9886e+02	-6.7630e+02	-1.0286e+03	4.7627e+02	1.0879e+03	4.9667e+02	7.5793e+02	-6.9311e+02	-1.0509e+03	9.8828e+02	-2.2747e+02	-1.0618e+02	-1.1376e+03	1.3411e+03	4.5987e+02	-6.3486e+02	3.1593e+02	-1.1180e+03	-1.8259e+03	7.0795e+02	-2.7577e+03	-4.3692e+02	8.6540e+01	-1.6676e+02	-4.9369e+02	-4.2319e+02	-9.3912e+02	5.7546e+02	-4.6343e+02	-1.8770e+03	6.2473e+02	-1.1467e+03	4.2465e+02	8.0851e+02	1.3687e+03	8.4828e+02	-3.7238e+02	-5.7610e+02	9.6349e+01	-2.5841e+02	8.9726e+02	3.1397e+02	7.1892e+02	5.7272e+02	1.1591e+03	-8.2706e+02	-1.1866e+02	9.8138e+02	-1.6055e+03	-2.6692e+02	-5.7997e+01	-4.1369e+02	-1.5460e+02	-1.4484e+02	5.2416e+02	-4.8262e+02	-1.3288e+03	7.2106e+01	-6.8776e+02	8.6498e+01	1.6615e+03	2.7988e+02	1.1099e+03	2.4178e+02	6.4900e+02	-9.8891e+02	4.5352e+02	-7.9884e+02	-3.8675e+02	-1.5545e+03	-7.2149e+01	1.1507e+02	5.2419e+02	1.2377e+03	-1.5292e+03	-2.0814e+03	1.8387e+02	4.9805e+02	-4.7076e+02	5.0357e+02	1.1010e+02	-4.6150e+02	-1.2551e+03	3.6892e+02	6.6992e+02	8.0420e+02	-6.9870e+02	5.3307e+02	-1.6078e+03	-1.2549e+03	-6.0997e+02	-1.6012e+02	1.1858e+01	-4.2211e+02	4.7721e+02	1.3759e+03	1.7503e+03	-1.4470e+03	-2.5791e+03	-7.1249e+02	-3.7612e+02	-2.7961e+02	-5.3355e+02	2.0504e+03	4.3362e+02	-1.1607e+02	-6.4740e+02	1.5766e+03	-5.2264e+02	5.3092e+02	1.2362e+02	-2.2650e+03	-1.0078e+03	-2.7492e+03	-2.2445e+02	-1.0241e+03	-2.1366e+02	-1.5455e+03	-2.3694e+03	-2.4668e+02	-2.2843e+03	2.8778e+02	-1.1693e+03	-3.6698e+02	-3.3840e+02	-2.3103e+02	3.2259e+02	-4.0855e+02	3.2189e+01	-2.5754e+02	6.2185e+01	5.3642e+02	5.8930e+02	5.8665e+02	-7.3342e+02	-1.0570e+03	1.0623e+02	-2.7536e+02	1.7542e+03	1.2306e+03	-4.3088e+02	-2.7217e+03	3.4430e+02	5.2971e+02	5.3918e+01	-2.3373e+02	5.1553e+00	2.3828e+03	5.4964e+02	-3.9844e+02	1.3550e+03	-2.0666e+03	-1.3197e+03	6.0673e+02	-2.0889e+03	-1.4321e+03	-2.5793e+02	-9.5487e+02	-9.6363e+01	-3.0710e+02	1.5703e+02	-4.2928e+01	-1.3476e+03	-7.8796e+02	-4.2371e+01	1.0032e+03	2.4716e+02	-9.6350e+02	-8.5424e+02
1.6000e+05	2.8936e+02	-1.3103e+03	3.4986e+02	-8.2435e+02	1.4426e+03	1.7015e+03	1.2289e+02	-7.4456e+02	-1.3304e+03	4.9874e+03	3.0092e+02	-1.7690e+03	9.0383e+02	1.5849e+03	-2.5173e+03	-7.6424e+02	1.5303e+03	3.2769e+02	-1.5038e+03	1.8267e+02	1.5930e+03	2.3729e+03	-5.8909e+02	-3.7711e+03	-4.1921e+03	-2.2351e+03	-1.4270e+03	-3.1935e+03	-1.5525e+03	-2.0202e+03	-8.3327e+02	-1.5249e+03	1.5553e+03	4.6632e+02	-2.3768e+03	-2.7056e+03	1.1442e+03	2.1347e+03	-7.5093e+02	-3.1816e+03	-2.2379e+01	-3.2434e+03	1.2766e+03	8.0640e+02	1.6898e+03	-3.4462e+03	-5.7586e+02	1.7184e+03	-1.1244e+03	-1.6284e+03	-1.4122e+03	-1.7540e+02	-9.1555e+02	-7.8852e+01	-2.0576e+03	-6.0696e+02	-1.2014e+02	1.2670e+03	-1.0589e+03	-1.6423e+03	-4.4772e+02	1.8600e+03	-3.7981e+02	-4.4264e+01	2.2181e+03	-9.1739e+02	-2.4718e+03	-9.2559e+02	-1.4827e+03	-1.1499e+03	-3.3714e+03	2.9656e+03	3.3642e+02	1.7820e+03	-2.4074e+02	-2.8254e+03	-1.1418e+03	-8.1407e+02	2.2393e+03	-1.5507e+02	-1.1956e+03	-1.8014e+01	7.7763e+02	-2.1914e+03	-2.6124e+02	-6.3589e+02	2.0546e+03	-7.2352e+01	-2.6746e+01	5.0075e+02	2.5577e+02	1.7927e+02	1.9722e+03	-1.5966e+03	1.3048e+03	-3.6422e+03	-1.2064e+03	-3.0892e+02	1.3469e+03	-2.2491e+03	2.7359e+03	-2.5856e+03	-2.2142e+03	1.4498e+03	-1.0762e+03	-1.3962e+03	-6.6712e+02	-2.0747e+03	1.4995e+03	6.8857e+02	-4.0099e+02	-8.2407e+02	-2.8695e+03	-1.8191e+03	-1.8181e+03	-7.1260e+02	4.0590e+02	1.9045e+03	3.1494e+03	1.7557e+03	2.8853e+02	1.8125e+03	-4.0284e+02	1.2491e+03	2.5533e+02	2.2410e+03	1.5800e+03	3.2883e+03	-1.2256e+03	-7.6936e-01	-1.0278e+03	6.0166e+02	1.0534e+02	7.7909e+01	-8.4121e+02	-1.1430e+03	1.2779e+02	1.1495e+03	1.4032e+03	-1.3888e+03	-6.7688e+02	2.7443e+03	-3.2967e+02	-1.6077e+03	3.2048e+02	2.8382e+03	7.0037e+02	-1.4190e+03	7.2102e+02	-2.9800e+03	2.8731e+02	1.5060e+03	1.8038e+02	-1.3249e+03	8.7237e+02	3.8423e+03	-6.9228e+02	6.0956e+02	9.9042e+02	4.7052e+02	-2.3646e+03	-1.0061e+02	-1.4978e+03	-3.6450e+03	-5.7035e+02	-2.1914e+03	-1.5405e+03	-2.2021e+03	-1.2040e+03	-1.8231e+03	4.3515e+02	1.9838e+03	-8.8551e+02	-2.7487e+03	4.9651e+01	1.4458e+03	1.6061e+03	7.0971e+02	-1.9066e+03	1.5779e+03	1.8301e+03	2.0889e+03	3.0446e+03	1.4533e+03	-9.4492e+02	2.0666e+02	1.2601e+03	-1.5239e+03	1.8530e+03	-1.8798e+03	4.3640e+02	-5.7629e+02	5.0496e+02	5.6186e+02	-3.2627e+03	-1.5219e+03	-8.1660e+01	3.1211e+02	-3.6549e+02	5.3719e+02
1.8000e+05	-1.3013e+03	-1.1834e+03	3.5846e+02	-1.7296e+03	-1.0278e+03	7.6552e+02	-5.3057e+02	-1.1872e+03	-1.7392e+03	4.2532e+02	1.6667e+02	-6.4764e+02	1.6621e+03	3.1972e+02	4.1036e+02	-7.0039e+02	8.0081e+02	-3.1120e+02	-7.5160e+02	9.4308e+02	1.0544e+03	-5.3657e+02	8.2105e+02	2.1708e+02	-2.0260e+03	-1.1003e+03	2.9042e+02	9.0276e+02	5.5784e+02	1.9193e+03	2.0631e+03	7.4931e+02	-9.5018e+02	-1.6692e+03	9.6054e+02	1.2870e+03	7.6388e+02	1.0175e+03	-9.9435e+01	-2.5911e+02	6.8551e+02	-5.0394e+02	9.5957e+01	-1.1986e+03	1.4242e+03	8.3029e+01	-1.0259e+02	5.4875e+02	-1.4153e+03	-1.5269e+03	6.0898e+02	-2.2331e+03	-1.0116e+03	2.4072e+02	5.4818e+02	-4.9759e+02	-3.4770e+02	-1.1993e+03	8.3176e+02	-8.7362e+02	-1.9090e+03	6.0737e+02	-1.3885e+03	8.6034e+02	2.9740e+02	1.3820e+03	1.5757e+03	-6.4305e+02	-4.5942e+02	2.1717e+02	-7.6981e+02	8.4784e+02	-1.4152e+02	1.0475e+03	2.8209e+02	1.6994e+03	-4.6793e+02	3.5650e+02	1.3417e+03	-2.0477e+03	1.9080e+02	4.4968e+02	-6.3431e+02	-2.9748e+02	1.8591e+01	1.1294e+03	-8.6337e+02	-5.2962e+02	-9.2058e+00	-7.1816e+02	4.9688e+02	1.4213e+03	2.3897e+02	9.6332e+02	6.0848e+02	3.8678e+02	-7.9850e+02	3.7120e+02	-6.5192e+02	-4.2502e+02	-1.8463e+03	4.3661e+02	2.6780e+02	9.0327e+02	1.1793e+03	-1.4562e+03	-2.3850e+03	1.0667e+01	1.1748e+03	1.1548e+02	6.7575e+02	1.6582e+02	2.8129e+02	-1.5550e+03	4.8148e+02	7.9520e+02	1.2218e+03	-8.7527e+02	2.4485e+02	-1.2141e+03	-1.5363e+03	-1.2259e+03	-1.4338e+02	-2.9811e+00	-2.5244e+02	-1.2170e+01	1.6540e+03	2.1825e+03	-1.6518e+03	-2.5495e+03	-4.6708e+02	-4.6735e+02	-5.7459e+02	-7.3388e+02	1.9892e+03	1.0185e+03	-4.3243e+02	-3.0325e+02	1.0431e+03	-3.9699e+02	5.6637e+02	-6.3587e+02	-2.1334e+03	-1.1448e+03	-2.8256e+03	2.2443e+02	-9.2754e+02	-1.2306e+02	-1.4224e+03	-2.3739e+03	-9.7589e+02	-1.7043e+03	5.8612e+02	-1.2031e+03	-6.4357e+02	-2.7175e+02	-3.8151e+02	3.8538e+02	-1.0508e+03	5.2133e+02	-6.2017e+02	2.4058e+02	5.2001e+02	-2.7096e+02	1.0377e+03	-9.2761e+02	-9.2247e+02	5.5797e+01	-3.9754e+02	1.4543e+03	1.7365e+03	-3.9424e+02	-3.4653e+03	4.5937e+02	7.1771e+02	4.3294e+02	-1.8524e+02	-9.6207e+01	2.6537e+03	1.0691e+03	-2.5532e+02	1.3400e+03	-1.6877e+03	-6.3100e+02	2.2594e+02	-2.2362e+03	-6.0923e+02	-5.9651e+02	-1.1554e+03	-3.8677e+02	1.8940e+02	2.2262e+02	-5.1468e+02	-1.4175e+03	-8.3910e+02	4.9208e+02	8.4068e+02	-1.2491e+00	-1.2160e+03	-9.7666e+02
1.8000e+05	1.0982e+03	-1.0557e+03	4.2597e+01	-1.2923e+02	1.5896e+03	1.0543e+03	-1.0609e+02	-1.4425e+03	-1.2929e+03	6.0570e+03	-7.0742e+01	-2.2098e+03	1.3717e+03	1.7132e+03	-2.2552e+03	-1.5509e+03	1.4548e+03	5.7860e+02	-2.3606e+03	-2.2012e+02	1.8884e+03	1.9218e+03	-5.4798e+02	-4.6447e+03	-3.1329e+03	-1.7095e+03	-1.3513e+03	-3.6072e+03	-1.9997e+02	-1.7745e+03	-4.6315e+02	-6.3952e+02	1.9521e+03	-6.8948e-01	-2.4873e+03	-2.5312e+03	2.0195e+03	2.2286e+03	-9.5310e+02	-2.8110e+03	7.0686e+02	-2.5783e+03	8.1664e+02	1.5219e+03	2.1785e+03	-3.3527e+03	-7.3845e+02	1.8924e+03	-8.9663e+02	-1.1430e+03	-1.7309e+03	7.7472e+02	-1.1927e+03	4.6115e+02	-1.6386e+03	-1.8283e+01	9.9930e+01	1.8575e+03	-1.2189e+03	-4.9503e+02	3.2509e+01	1.6952e+03	-2.3850e+02	-3.5999e+02	1.8483e+03	-1.4232e+03	-2.0932e+03	-1.5958e+03	-1.1677e+03	-1.3605e+03	-3.5259e+03	2.3494e+03	-1.6559e+02	1.1114e+03	1.1486e+02	-3.2059e+03	-8.1518e+02	-6.3042e+02	2.4882e+03	-1.9581e+02	-1.4888e+03	-6.6437e+02	8.9487e+02	-2.2752e+03	-1.7256e+03	-8.0945e+02	9.8388e+02	-7.0473e+01	2.5601e+02	1.8682e+02	1.0002e+03	5.3175e+02	3.1629e+03	-1.7513e+03	2.0461e+03	-3.7528e+03	-7.3238e+02	-1.0547e+02	2.2796e+02	-1.4729e+03	2.0251e+03	-3.0426e+03	-2.5619e+03	7.7540e+02	-5.0933e+02	-2.8983e+03	-1.4542e+03	-2.3237e+03	2.3838e+03	8.6742e+02	-1.5077e+02	-1.0473e+03	-2.5123e+03	-2.0854e+03	-1.8161e+03	-1.1040e+03	2.1475e+02	9.2639e+02	2.9008e+03	2.0593e+03	1.6709e+03	9.4459e+02	-5.5758e+02	1.2713e+03	8.8866e+02	2.4993e+03	1.3149e+03	3.4465e+03	-9.5043e+02	7.4215e+02	-3.9081e+02	9.2603e+02	1.2686e+02	9.9450e+02	-4.4541e+02	-1.9443e+03	2.4655e+02	2.1970e+03	1.5477e+03	-1.7861e+03	-6.7164e+02	3.2002e+03	-7.6915e+02	-2.4328e+03	4.1679e+02	3.2310e+03	-2.9957e+02	-1.5966e+03	5.8279e+01	-3.6858e+03	7.7921e+02	7.7266e+02	3.3360e+02	-5.3905e+02	8.3045e+02	4.2457e+03	-1.2377e+03	6.3631e+02	1.0095e+03	1.2343e+03	-3.5222e+03	-1.8332e+02	-1.5807e+03	-4.4334e+03	-3.6247e-01	-2.4562e+03	-1.1717e+03	-1.4769e+03	-1.1731e+03	-9.6082e+02	1.1199e+03	9.4046e+02	-5.7925e+02	-3.4813e+03	-6.5587e+02	1.4318e+03	1.7001e+03	4.9252e+02	-2.0141e+03	1.2717e+03	2.0037e+03	1.4460e+03	3.1420e+03	8.9169e+02	-9.1164e+02	6.7440e+01	1.8284e+03	-1.3822e+03	1.3407e+03	-3.0255e+03	1.2642e+02	-8.8567e+02	6.7810e+02	7.1004e+02	-2.8366e+03	-1.8060e+03	-4.9711e+02	-2.9065e+02	-4.5802e+02	1.1071e+03
2.0000e+05	-1.3213e+03	-1.5990e+03	6.2325e+02	-1.3748e+03	-7.4912e+02	3.1639e+01	-8.7169e+02	-1.1747e+03	-1.8286e+03	5.1145e+02	-1.6059e+02	-1.4143e+03	1.5929e+03	5.7933e+02	2.3357e+02	-9.1416e+01	-4.6296e+01	-3.5863e+02	-2.9083e+02	1.2375e+03	1.3344e+03	-3.7058e+02	1.1541e+03	3.7727e+02	-2.3320e+03	-2.2622e+02	4.5182e+02	1.7809e+03	5.8520e+02	1.4814e+03	1.2526e+03	5.0003e+02	-9.9583e+02	-2.2437e+03	1.0614e+03	1.4052e+03	6.3913e+02	1.0986e+03	-5.6947e+02	-9.0185e+02	2.7901e+02	-5.3484e+02	-6.7228e+01	-1.2842e+03	9.8642e+02	-6.6761e+02	-7.4430e+01	5.2822e+02	-1.3208e+03	-1.3077e+03	5.3221e+02	-1.7028e+03	-1.3925e+03	3.1674e+02	5.9488e+02	4.3388e+02	-1.8573e+02	-1.4134e+03	1.1060e+03	-1.2279e+03	-1.5411e+03	7.1289e+02	-1.7481e+03	1.1877e+03	-4.2688e+02	1.1944e+03	1.7790e+03	-1.2696e+03	-6.0943e+02	6.3933e+02	-8.5030e+02	1.3752e+03	-8.4377e+02	6.5947e+02	2.2725e+02	1.6483e+03	3.7957e+02	9.2729e+02	1.9705e+03	-1.6867e+03	7.6508e+02	5.9043e+02	-5.7006e+02	1.3495e+02	-2.2431e+00	1.5391e+03	-7.2709e+02	-8.6802e+02	-3.7684e+02	-8.2666e+02	7.5850e+02	1.5320e+03	3.6481e+02	1.1633e+03	3.2133e+02	3.7267e+02	-1.1456e+03	7.7123e+02	-6.9409e+02	-6.8671e+02	-1.7561e+03	4.8089e+02	5.1855e+02	8.3484e+02	9.8859e+02	-1.5637e+03	-2.8706e+03	-1.1400e+00	1.3811e+03	3.3986e+02	1.0132e+03	-3.1982e+02	-3.9193e+02	-2.2541e+03	3.2913e+02	4.8076e+02	5.4076e+02	-1.0402e+03	3.7312e+02	-6.5956e+02	-1.9605e+03	-6.6105e+02	-1.4764e+02	-4.4242e+02	-4.2524e+02	-3.7817e+01	1.7065e+03	1.7893e+03	-1.7105e+03	-2.7912e+03	-2.4671e+02	-2.5657e+02	-5.7403e+02	-7.8668e+02	2.4724e+03	4.7834e+02	-3.4308e+02	1.6701e+01	3.8856e+02	-8.2276e+02	1.8239e+02	-8.2475e+02	-1.2180e+03	-1.3225e+03	-2.9453e+03	3.6693e+02	-6.5960e+02	1.7947e+02	-1.8047e+03	-2.4253e+03	-1.5232e+03	-8.4523e+02	4.8703e+02	-7.9816e+02	-1.1009e+03	1.8396e+01	-4.3850e+02	1.0670e+03	-1.3973e+03	8.5255e+02	-1.2452e+03	8.4987e+02	6.9022e+01	4.0605e+02	1.1656e+03	-1.1398e+03	-1.1410e+03	-3.4781e+02	-6.3480e+02	1.6287e+03	1.6414e+03	-4.6042e+02	-3.1951e+03	-2.6454e+02	9.3849e+02	9.3739e+02	-4.8266e+02	-5.3310e+02	2.1648e+03	1.5595e+03	-9.4184e+02	1.3267e+03	-1.3435e+03	-9.1764e+02	-1.6297e+02	-2.1444e+03	-5.3509e+02	-3.9500e+02	-7.0163e+02	-4.7894e+02	4.9143e+02	-2.4184e+01	-5.7714e+02	-1.7294e+03	-9.9356e+02	7.8619e+02	1.0553e+03	-1.4186e+01	-1.0377e+03	-4.7035e+02
2.0000e+05	2.0326e+03	-1.0699e+03	-5.1598e+02	3.4411e+02	8.6791e+02	8.5043e+02	6.8340e+02	-1.0232e+02	-9.1413e+02	5.6280e+03	8.3461e+02	-2.4246e+03	1.7753e+03	1.1531e+03	-2.1133e+03	-1.5470e+03	1.0692e+03	1.6781e+03	-2.7878e+03	-1.4740e+03	1.1787e+03	2.8540e+03	3.0697e+02	-3.3532e+03	-1.4762e+03	-1.6613e+03	-6.1194e+02	-2.9373e+03	2.4416e+02	-1.4564e+03	1.3880e+02	4.3226e+02	1.5716e+03	-8.3398e+02	-2.1056e+03	-2.3820e+03	2.2983e+03	1.6384e+03	-1.3523e+03	-2.3749e+03	1.3044e+02	-1.6171e+03	1.4815e+03	8.4445e+02	1.6377e+03	-3.0798e+03	-6.7701e+02	2.1291e+03	-3.4629e+02	-8.5276e+02	-1.9195e+03	7.0500e+02	-8.2057e+02	4.7005e+02	-1.6649e+03	5.6384e+02	1.1275e+03	1.6757e+03	-4.9891e+02	-5.4018e+02	-4.8272e+02	1.0571e+03	-2.9788e+02	-5.1752e+02	1.7805e+03	-1.4506e+03	-2.0174e+03	-1.8944e+03	-1.3325e+03	-9.6716e+02	-3.7926e+03	3.1127e+03	4.5480e+02	1.4988e+03	2.3663e+02	-3.5433e+03	-1.0148e+03	-6.6867e+02	3.1273e+03	-2.3423e+02	-1.4666e+03	-1.2710e+03	1.6860e+02	-1.4091e+03	-2.1990e+03	2.1109e+02	1.7704e+03	6.7271e+02	2.6941e+02	-2.7521e+02	1.1101e+03	4.0746e+01	3.7540e+03	-1.7576e+03	2.4597e+03	-3.2520e+03	-7.0890e+02	3.6131e+02	-5.8342e+02	-1.7405e+03	2.7392e+03	-2.4899e+03	-2.9949e+03	2.1425e+03	-2.2347e+02	-2.4999e+03	-2.0415e+03	-2.3546e+03	2.5492e+03	2.0287e+03	3.9112e+02	-2.1000e+03	-3.0261e+03	-1.7263e+03	-1.9061e+03	-1.3704e+03	-1.8226e+02	9.9749e+02	3.5884e+03	1.7648e+03	2.0669e+03	4.0973e+02	5.0404e+02	9.7467e+02	3.7481e+02	3.2372e+03	1.2130e+03	2.9712e+03	-1.4011e+03	1.4769e+03	-5.0358e+02	7.7739e+02	7.1817e+02	1.0762e+03	-1.1212e+03	-1.8362e+03	-1.1529e+02	9.5462e+02	2.1519e+03	-1.9666e+03	-1.4450e+03	2.2888e+03	-1.2187e+03	-2.5748e+03	4.2818e+02	3.5535e+03	-5.0670e+02	-1.0927e+03	3.3032e+02	-3.4422e+03	2.2209e+03	-6.5953e+02	3.2212e+02	-3.9153e+02	1.2008e+03	4.6101e+03	-5.8254e+02	1.1847e+03	1.4718e+03	1.9192e+03	-2.8126e+03	-5.3567e+02	-2.2539e+03	-4.5931e+03	-4.3013e+02	-1.7425e+03	-2.0325e+03	-1.1525e+03	-9.6606e+02	-7.9658e+02	9.8579e+02	4.5380e+02	-5.1177e+02	-4.5950e+03	1.0474e+02	2.4347e+03	1.7287e+03	4.3677e+02	-1.6869e+03	1.6932e+03	3.0595e+03	1.9399e+03	2.6079e+03	1.2052e+03	-4.9332e+02	5.1863e+02	2.2965e+03	-4.4805e+02	1.3122e+03	-2.2888e+03	7.9987e+02	-9.3836e+02	5.2805e+01	3.9299e+02	-3.1732e+03	-1.7042e+03	-2.5368e+02	2.4207e+01	-5.8993e+02	1.3047e+03
