2.0000e+04	-4.2170e+02	5.2499e+02	4.4063e+02	3.8217e+02	7.1077e+02	6.9014e+01	-5.0821e+01	4.8030e+01	1.4580e+02	-1.5883e+02	-4.8600e+02	2.4201e+02	2.1796e+02	2.0300e+02	3.3651e+02	2.4985e+02	1.4338e+02	8.6347e+00	-6.6251e+02	-2.8638e+02	-2.0555e+01	-6.3589e+01	-1.0223e+02	2.2497e+01	4.3275e+02	-1.2524e+02	-3.6080e+02	3.9509e+02	3.6810e+02	2.7703e+02	-9.9464e+01	-2.5265e+02	-4.0926e+02	1.7349e+02	-1.4834e+02	1.6210e+02	-2.0159e+01	-7.6641e+02	-1.5493e+02	-3.2628e+02	-3.6522e+01	-2.0617e+01	-1.0983e+03	3.4935e+01	-6.7185e+02	1.8191e+02	2.1338e+02	-1.3457e+02	6.8266e+01	-5.2298e+02	-1.7264e+02	1.8919e+01	2.3004e+02	7.1910e+01	-2.2460e+01	4.0412e+02	2.5401e+01	-4.9624e+01	1.5712e+02	-2.9487e+02	-4.9430e+02	-5.7327e+02	-2.4118e+02	-2.9603e+02	1.0469e+03	4.6632e+02	3.6561e+02	-7.2421e+02	-2.7911e+02	-1.1569e+02	-6.1615e+01	-2.2952e+02	-7.2768e+01	-7.3133e+02	-2.6152e+02	-3.6321e+02	7.3642e+02	-5.1658e+02	4.2607e+02	2.5786e+02	-2.4961e+02	-3.2260e+02	1.2050e+02	5.1785e+01	-7.0915e+01	6.4767e+02	2.0852e+02	1.6587e+02	-4.7487e+02	-2.7631e+01	5.2775e+02	-3.4259e+02	-6.7436e+02	3.0080e+02	8.2235e+01	-2.2504e+02	1.0273e+02	-3.8672e+01	-1.9419e+01	-8.5084e+02	3.8883e+02	-6.5673e+02	4.1874e+01	9.6843e+01	5.8257e+02	1.3773e+02	2.7312e+02	-4.9054e+02	6.2827e+01	3.4556e+02	-1.5360e+02	4.1814e+02	-5.7288e+01	-9.5726e+01	7.0694e+01	1.4387e+02	3.6967e+02	7.9373e+01	-4.1245e+02	6.3528e+02	-2.8143e+02	4.1850e+02	5.1298e+01	6.2397e+02	-2.4272e+02	5.4006e+01	-1.3008e+02	-2.1097e+02	3.5218e+02	-1.1992e+02	4.3824e+01	-1.0236e+03	6.7779e+02	-4.3034e+02	-4.2587e+02	4.7749e+02	8.2248e+01	-3.9282e+01	-5.2363e+02	2.1696e+02	-4.8098e+02	-2.0022e+02	1.2089e+02	-4.7997e+02	4.8916e+02	-4.2591e+02	-2.9721e+02	-1.5620e+01	-3.2353e+02	8.1625e+01	-2.0524e+02	-4.0150e+02	-6.0675e+01	6.6140e+00	-2.2884e+02	-1.3041e+02	1.5455e+02	6.2871e+01	-6.1945e+01	-1.0249e+01	-2.4982e+02	1.0642e+02	3.0856e+01	-3.2902e+02	-4.6411e+02	-5.3000e+02	5.7912e+02	1.4641e+02	-3.2876e+02	-1.9233e+02	-3.3264e+02	-3.4328e+02	-5.3652e+02	6.9475e+02	1.4167e+01	3.4150e+02	8.2145e+01	1.8922e+02	1.8919e+02	-6.8034e+01	-7.6719e+01	1.8877e+02	1.5951e+02	4.2930e+02	4.2131e+02	-2.7280e+02	-1.8011e+02	2.2183e+02	2.9651e+02	-2.4164e+02	-4.7904e+01	-2.1060e+02	2.4793e+02	8.5059e+02	3.7463e+02	7.2447e+02	3.5682e+02	-4.1881e+02	7.5782e+02	-5.1386e+02
2.0000e+04	4.6991e+02	-9.5564e+02	-5.7920e+02	-6.6224e+01	-1.5352e+03	4.5544e+02	6.7155e+02	-6.1380e+02	-2.3208e+02	4.2516e+02	5.1945e+02	-9.8110e+02	2.3670e+02	4.7154e+01	-9.7298e+01	-1.1002e+02	6.9071e+02	-1.1709e+03	2.2547e+02	1.7117e+02	-3.9121e+02	-2.3235e+02	4.0583e+02	-4.5417e+02	7.9120e+01	1.4654e+02	-6.7547e+02	6.7849e+02	-6.5951e+02	-9.0876e+02	7.4562e+02	-1.0051e+03	5.0400e+02	1.2925e+03	-2.5526e+02	-4.5476e+02	4.5802e+02	-1.7870e+01	-7.6291e+01	-1.4460e+03	1.0476e+02	-1.1424e+03	-7.9076e+02	-1.0607e+03	-1.8600e+02	-5.5347e+02	3.1403e+02	-7.4745e+02	-3.7867e+01	-1.4533e+02	3.4718e+02	4.6619e+02	-1.3083e+02	2.6505e+01	-7.0316e+02	5.1955e+01	-3.1398e+02	-1.0168e+03	-1.1615e+03	1.0731e+03	-5.0490e+02	-8.5037e+02	-1.2946e+03	-5.2428e+02	5.6298e+02	4.3383e+02	-7.0688e+02	3.8811e+02	5.2780e-01	-5.7954e+02	6.2688e+02	3.1402e+02	-7.0577e+02	-3.7754e+02	5.4181e+02	6.4225e+01	1.1837e+01	-1.6595e+02	3.0912e+02	4.6421e+02	-2.0929e+02	-1.7082e+02	-3.4505e+02	6.1124e+02	-2.8909e+02	4.7170e+02	-7.4537e+02	3.7890e+02	5.8848e+02	1.0726e+03	4.8873e+02	-2.7345e+02	-1.1203e+03	-4.7922e+01	-1.6344e+02	3.6224e+02	-5.5119e+02	-6.5395e+02	-6.7183e+02	-2.0020e+00	-7.0344e+02	-1.4366e+02	-2.4565e+02	-2.8323e+02	6.5145e+02	8.7785e+02	2.5737e+02	1.1376e+03	4.2827e+02	2.7787e+02	3.1904e+02	5.0650e+02	1.2277e+02	-3.9588e+02	-1.5129e+02	7.4231e+01	-8.1600e+02	-5.7264e+01	1.5182e+02	1.3840e+00	6.3861e+02	-7.9877e+02	-3.4972e+02	-8.4849e+02	-7.0403e+02	-9.1347e+02	-3.9237e+02	6.5677e+02	-6.7286e+02	3.1545e+02	6.5834e+02	-1.9992e+02	-1.1723e+02	-5.1673e+02	7.5048e+02	-6.2517e+02	3.2935e+02	-6.6075e+01	6.8644e+02	-2.2040e+02	-2.4789e+02	1.9976e+02	-7.5429e+02	4.6112e+01	5.4517e+02	-5.0993e+02	1.8966e+01	4.5018e+02	1.8633e+02	1.4750e+03	7.0519e+02	-2.6492e+02	-2.2303e+02	4.0126e+02	1.8863e+01	-5.9550e+02	-6.5642e+01	-5.9436e+02	-2.6131e+02	9.2011e+01	3.1032e+02	-4.6717e+02	-1.2715e+02	-8.3113e+02	4.9293e+02	-1.0565e+03	5.6060e+02	7.5432e+02	4.3532e+02	2.4611e+02	1.1416e+03	2.6756e+02	2.0900e+02	-2.7236e+02	-2.3461e+02	-6.6211e+02	4.6394e+02	-7.9847e+02	1.1449e+03	-6.6169e+02	7.4334e+02	-5.7944e+02	2.6430e+02	1.3441e+03	4.9206e+02	-1.2669e+02	-1.2712e+03	1.0291e+03	-2.4228e+02	-3.0134e+01	1.3265e+01	-9.5578e+01	-8.6913e+01	6.8282e+02	6.1985e+02	-8.8344e+02	-2.4998e+02	1.2147e+02	-2.3173e+02	3.8132e+02
4.0000e+04	-4.9333e+02	5.6312e+02	2.7554e+02	6.3251e+02	7.8447e+02	3.3761e+02	-3.1051e+02	-6.9051e+02	-1.7571e+02	3.9047e+02	-3.8117e+02	2.1951e+01	1.6661e+02	-4.5899e+02	2.5276e+02	4.0920e+02	-1.9428e+02	4.3209e+02	-8.9486e+02	-1.0250e+03	-3.8630e+02	-2.3789e+02	-4.3864e+02	-1.5755e+02	7.7658e+02	-7.3900e+01	-5.4688e+01	1.2927e+03	-3.4762e+02	-1.7002e+02	4.6873e+02	-1.1549e+02	-6.3967e+02	1.5294e+02	-6.5603e+01	7.2236e+01	8.3708e+00	6.0591e+01	-1.8699e+02	-4.3744e+02	-3.4245e+02	5.5361e+02	-2.0646e+03	-4.8368e+02	-1.5697e+03	3.1435e+01	2.3508e+02	4.6241e+02	6.1447e+02	-3.5837e+02	-6.9871e+02	-3.6585e+02	-1.5667e+02	-4.2835e+01	3.0782e+01	6.1732e+02	4.7084e+02	-5.0796e+02	-4.7240e+02	-9.8797e+02	-4.2149e+02	-7.6776e+02	-6.7600e+02	-1.7291e+02	9.6485e+02	9.6477e+01	2.7911e+02	-1.1497e+03	-1.3174e+02	-1.4177e+02	1.9217e+02	2.1520e+02	-1.6025e+02	-1.0228e+03	3.3119e+02	-3.4452e+01	8.4125e+02	-6.3020e+02	9.8018e+02	6.1481e+02	-3.3038e+02	1.5539e+02	8.2740e+01	2.0740e+02	-1.1367e+02	1.1044e+03	2.9920e+02	-2.4008e+02	-5.8412e+02	4.5623e+02	1.1093e+02	5.7815e+02	-7.1166e+02	2.7716e+02	3.3132e+02	-1.1149e+03	5.0994e+02	3.7184e+02	-2.2472e+02	-6.9868e+02	-6.0919e+01	-5.1307e+02	3.2789e+02	5.4575e+02	5.4067e+02	9.8504e+01	3.6019e+02	-5.7727e+02	4.7808e+02	9.4014e+02	2.6492e+02	8.8539e+02	-5.9041e+02	-3.4791e+02	8.5868e+01	6.6931e+01	1.6824e+02	-6.5662e+01	-5.4062e+01	6.9438e+02	-8.2549e+02	-3.2257e+02	-4.3827e+02	4.3558e+02	1.2868e+02	-1.3030e+02	-2.9165e+02	-1.2941e+02	8.1682e+01	-6.2142e+02	1.9459e+02	-7.9732e+02	2.3668e+02	-7.4845e+02	-4.9911e+02	1.8732e+02	3.3336e+02	-1.5227e+02	-5.6010e+02	5.5493e+02	-3.2724e+02	-5.4677e+02	6.4662e+00	-6.1296e+02	7.8811e+02	-8.3955e+02	4.0543e+02	2.2234e+01	2.7978e+02	1.2655e+02	-1.1243e+03	-6.1038e+02	-4.2831e+02	-8.6864e+01	-1.7951e+02	-2.7777e+02	-7.3272e+01	-2.1435e+02	-5.3988e+02	-3.6612e+02	-4.8858e+02	4.6925e+02	-2.0582e+02	-4.1366e+02	3.1655e+01	-1.1741e+03	7.8228e+02	5.2972e+02	-7.5357e+02	1.7260e+02	-7.2727e+01	-7.9060e+01	-7.1122e+01	7.4230e+01	1.6864e+02	-5.1044e+01	-9.5438e+02	3.1857e+02	4.2399e+02	1.4577e+01	-4.8735e+02	3.0766e+00	-1.9411e+02	6.7019e+02	-2.8936e+01	-6.2232e+02	-5.8798e+02	-4.4698e+01	-1.2581e+01	-1.2511e+03	-2.3876e+02	-6.1994e+02	-1.2347e+02	9.9004e+02	-4.8420e+01	9.9041e+02	-1.0425e+02	-5.3746e+02	6.4280e+02	-8.0100e+02
4.0000e+04	1.7601e+02	-2.8979e+02	-8.6972e+02	-5.5350e+02	-2.0746e+03	-2.9396e+02	8.3573e+02	-1.2253e+03	-2.0514e+00	2.1002e+02	6.1342e+02	-1.2937e+03	-8.8936e+02	-6.6455e+01	2.4270e+02	1.3112e+02	6.1730e+02	-2.0683e+02	-1.5281e+02	7.2140e+02	-2.8989e+02	1.1400e+03	1.1020e+03	-3.0133e+02	-8.9215e+02	6.4115e+02	-1.0500e+03	9.7605e+02	-1.7478e+03	-6.9523e+02	1.1117e+02	-5.6117e+02	1.6582e+03	5.3960e+02	2.5202e+02	6.1129e+02	-6.4379e+02	-2.3702e+02	-4.6925e+02	-9.7973e+02	-1.8881e+02	-9.5030e+02	2.7468e+02	-1.5552e+03	2.7091e+02	-2.6317e+02	6.4880e+02	-4.8805e+02	2.9687e+02	-4.3537e+02	2.3327e+02	1.3497e+03	-6.2751e+02	1.2400e+03	-7.5858e+02	-1.0023e+03	2.0247e+02	-4.1214e+02	-6.6928e+02	1.2363e+03	-1.0634e+03	6.6981e+02	-1.1360e+03	-6.6009e+02	5.7323e+02	5.6405e+02	-2.9917e+02	1.0230e+03	-4.4312e+02	6.2452e+02	6.6234e+02	-1.3272e+02	-3.3522e+02	-3.3116e+02	8.6176e+02	6.4237e+02	5.1086e+02	-5.6808e+02	2.6654e+02	5.2349e+02	6.2003e+02	-5.9634e+02	-1.9146e+03	5.6779e+02	-2.5046e+02	-2.6862e+02	-7.5459e+02	3.3983e+02	1.2964e+03	1.8857e+03	2.5352e+01	-2.1775e+02	-2.1078e+02	-1.7343e+01	-3.8662e+02	-1.4861e+02	-1.1180e+02	-1.2674e+01	1.4962e+02	-1.1761e+02	-3.6212e+02	-8.3277e+01	-8.8775e+02	-1.0287e+03	8.6851e+01	1.1292e+03	1.2792e+03	7.8246e+02	3.8338e+02	1.5590e+03	2.3272e+02	7.1520e+02	-2.8750e+02	-6.6759e+02	-4.7165e+02	3.1522e+02	-2.2339e+03	6.9834e+02	8.5398e+02	5.5295e+01	1.9167e+03	-1.9568e+03	-5.5280e+02	-4.6913e+02	-9.4008e+02	-1.8935e+03	-6.3161e+02	-3.8954e+01	-8.1484e+02	-2.2421e+02	9.7603e+01	-5.7141e+02	4.8529e+02	-5.1401e+02	5.4397e+02	-8.7805e+02	-2.3066e+02	4.2812e+02	2.1309e+02	-2.4783e+02	9.4006e+01	6.5020e+02	-5.6532e+02	-5.7420e+02	8.7117e+02	-4.1557e+02	5.3477e+02	6.5112e+02	6.1195e+02	1.0146e+03	4.1935e+02	-6.0769e+02	3.5009e+02	1.5011e+03	2.8149e+02	-9.4099e+01	-1.4205e+02	-1.2468e+03	-8.5388e+02	-1.9889e+02	-2.8362e+02	5.5897e+02	-4.2520e+02	-9.9764e+02	7.0084e+02	-1.1893e+03	1.1772e+03	1.2027e+03	8.9261e+02	1.0063e+02	3.0679e+01	6.4983e+02	-1.4112e+02	1.0372e+03	-5.8977e+01	-1.2479e+03	4.3237e+02	-1.5368e+03	1.0512e+03	-1.2178e+03	4.7398e+02	-7.0569e+02	-8.5329e+00	1.9414e+03	1.8153e+02	1.6757e+01	-1.4676e+03	1.5527e+03	-9.3811e+02	6.8041e+02	2.2668e+02	6.2195e+02	-3.6507e+02	1.1003e+03	1.3988e+03	-5.8643e+02	-1.4492e+03	-6.0547e+02	-8.5187e+02	4.7295e+02
6.0000e+04	-4.6869e+02	6.0580e+02	-2.6541e+02	6.5986e+02	9.5905e+02	-6.0183e+01	-9.8099e+02	-1.0581e+03	-4.4640e+01	6.9249e+02	-6.0339e+02	2.7359e+02	-2.6877e+02	-9.1795e+02	-3.8502e+01	9.0559e+02	-4.8360e+02	-2.4429e+02	-1.0241e+03	-1.2035e+03	-1.0046e+03	-3.5654e+02	-4.0985e+02	2.5192e+02	1.2286e+03	-3.9414e+02	2.9650e+01	7.7603e+02	-3.1069e+02	-4.8295e+02	9.6562e+01	9.1459e+01	-9.5738e+02	-4.1079e+02	1.1479e+02	2.9048e+02	-2.2767e+02	-3.6920e+02	-3.8010e+02	-2.7894e+02	-1.6016e+02	3.6165e+02	-2.2029e+03	-1.0562e+03	-1.6660e+03	2.1502e+02	-1.1979e+02	4.1283e+02	-1.3030e+01	1.7899e+02	-7.8534e+02	-1.1522e+03	-2.8303e+02	4.0986e+02	-2.0516e+02	4.8073e+02	1.3630e+02	-4.2905e+02	1.3420e+02	-8.9141e+02	-6.1699e+02	-8.7004e+02	-3.5121e+02	-7.6893e+01	7.8739e+02	-2.5270e+02	-4.8879e+02	-1.4265e+03	-2.7180e+02	-4.1220e+02	-1.1633e+02	-3.3260e+02	-4.0986e+02	-6.4340e+02	2.3133e+02	-9.0763e+01	3.8389e+02	-8.2951e+02	8.5205e+02	3.6629e+02	-7.9892e+01	5.2930e+02	5.6458e+02	-7.2992e+01	6.4819e+01	1.0510e+03	2.1331e+02	-8.0442e+02	-1.2977e+03	5.2914e+02	6.5023e+02	7.0275e+01	-7.5930e+02	4.0907e+02	6.1782e+02	-9.2954e+02	5.8466e+02	4.6323e+02	2.9395e+02	-7.3809e+02	-5.1053e+02	-3.6582e+02	1.1625e+02	-4.6150e+01	6.0713e+02	-1.5104e+02	5.4212e+02	-9.4069e+02	-6.9916e+02	1.3939e+03	9.0464e+02	5.1875e+02	-9.0180e+02	-5.5998e+01	4.6037e+00	-4.8797e+02	3.1846e+02	-3.3282e+02	-2.9624e+01	2.9543e+02	-1.6875e+03	-7.8073e+02	-4.2231e+02	2.6264e+02	5.8180e+02	-6.6424e+02	-6.2921e+02	1.0539e+02	-1.3324e+02	-7.4126e+02	3.5900e+02	-8.7596e+02	5.1542e+01	-5.3654e+02	-1.1367e+03	-2.8867e+02	5.4372e+02	-4.8752e+02	-4.4915e+02	1.3037e+02	-6.8960e+02	-4.3148e+02	-3.1101e+02	-5.2483e+02	2.7469e+02	-9.6660e+02	6.4239e+02	-3.1422e+02	5.0549e+02	-2.7648e+02	-7.7758e+02	-2.6047e+02	-5.5802e+02	-2.6809e+02	1.4138e+02	-1.0738e+03	-4.1497e+02	2.3863e+02	-1.0178e+03	5.8700e+02	-5.2975e+02	2.2708e+02	-1.1132e+02	1.7174e+02	1.8521e+02	-1.1033e+03	1.1428e+03	5.7664e+02	-1.6845e+03	-2.5742e+02	7.3007e+02	-4.3789e+02	-3.0773e+01	9.9113e+01	-6.6797e+02	-3.9163e+02	-8.9625e+02	3.5581e+02	-1.2553e+02	-6.8702e+02	-6.9264e+02	3.2585e+02	8.8653e+00	7.8763e+02	2.2751e+02	-4.1754e+02	-1.1102e+03	2.9157e+02	1.0005e+02	-9.9208e+02	-7.0203e+01	-4.8649e+02	-3.4422e+01	8.3479e+02	2.0829e+02	8.2888e+02	-7.8874e+02	-5.3132e+02	1.0748e+03	-4.0697e+02
6.0000e+04	-6.7176e+02	7.1337e+02	-3.9578e+02	-9.5476e+02	-2.2874e+03	-5.9179e+02	2.3156e+02	-1.0765e+03	1.5865e+03	8.5698e+02	2.4880e+02	-1.2829e+03	-5.0565e+02	-2.6158e+02	-1.5828e+02	4.4024e+01	1.0987e+03	9.8589e+02	-4.7357e+02	3.7197e+02	-1.0581e+03	6.5176e+02	1.0546e+03	-6.5371e+02	-8.4138e+02	-8.3773e+02	-1.5508e+03	1.0008e+03	-9.9059e+02	-6.9115e+02	2.5562e+02	-1.1689e+03	2.7344e+03	7.3512e+02	-3.8056e+01	9.2026e+02	-8.6564e+02	4.8827e+02	-4.4951e+01	-6.2631e+02	5.3204e+02	1.6551e+02	2.8563e+02	-1.3572e+03	2.5096e+02	-1.2472e+02	-1.1761e+03	5.4626e+02	4.5322e+02	-1.5411e+03	1.0779e+02	1.6178e+03	-3.6224e+02	7.8625e+02	-8.9136e+02	-9.1928e+02	5.2144e+02	4.9508e+02	-1.1284e+03	6.7541e+02	-1.3066e+03	4.0532e+02	-1.4243e+03	-8.1922e+02	1.3256e+03	1.3522e+03	5.9302e+02	1.2728e+03	-7.7064e+02	1.0368e+03	-1.3962e+02	-1.2033e+02	1.1032e+03	9.4081e+01	3.0359e+02	1.1509e+02	1.2777e+01	4.0714e+02	-1.8552e+02	4.1628e+02	7.7535e+02	-1.3555e+03	-2.0664e+03	-1.6383e+02	-1.8191e+02	-2.0719e+02	-3.2802e+02	7.3761e+02	3.6395e+01	1.3538e+03	-3.7904e+02	-9.4652e+02	-5.0450e+02	-1.0658e+03	-4.6500e+02	-8.5067e+02	-1.7621e+01	1.0128e+03	1.7654e+02	-1.2482e+03	2.4176e+02	2.2959e+02	-1.0488e+03	-1.5069e+03	3.9635e+02	1.4720e+03	1.9828e+03	6.3011e+02	-8.2218e+02	2.5155e+03	7.5865e+02	4.4469e+02	-1.3067e+02	-1.5337e+03	1.8325e+02	-8.2013e+01	-1.5614e+03	6.2509e+02	1.1804e+03	-4.1056e+02	1.5300e+03	-7.9258e+02	-1.3368e+03	-5.2228e+02	-6.4812e+02	-1.3401e+03	-1.0565e+03	3.6610e+02	3.9173e+02	-5.6004e+02	-9.7858e+02	-9.4665e+02	3.2348e+02	-6.9687e+02	-3.5757e+01	-3.1248e+02	-5.8052e+02	8.6411e+02	1.1664e+02	-9.7407e+01	-2.3452e+01	3.3571e+02	3.7256e+00	-2.0820e+02	-1.0784e+02	-1.2685e+03	7.0826e+02	1.3554e+03	5.9311e+02	1.0989e+03	7.5951e+02	-4.9973e+02	-6.5375e+01	5.4879e+02	6.5293e+02	4.3466e+02	1.7106e+02	-6.1465e+02	-6.3297e+02	-6.4259e+01	-1.8446e+03	5.6201e+02	-2.6741e+02	-1.0090e+03	6.2150e+02	-1.4605e+03	2.2842e+02	-6.5244e+02	1.4926e+03	8.7054e+02	-6.4590e+01	3.8343e+02	1.4404e+02	1.1962e+03	1.0475e+03	-1.2446e+03	1.6467e+02	-1.8471e+03	1.6768e+03	-1.6692e+03	9.8059e+02	-1.0162e+03	-1.8230e+02	1.4803e+03	2.3673e+03	4.0897e+02	-1.0384e+03	8.8813e+02	-1.2435e+03	5.2709e+02	-1.1158e+02	1.0955e+02	-1.0500e+03	1.1370e+03	1.0675e+03	-2.2153e+02	-2.3396e+03	-7.5254e+02	-9.1623e+02	-1.8897e+02
8.0000e+04	-7.7907e+02	8.0925e+02	-9.6030e+01	1.5482e+02	3.8830e+02	-3.8633e+02	-2.0562e+03	-1.2476e+03	7.3072e+01	9.8552e+01	-4.9683e+02	7.3832e+02	-2.6060e+02	-1.0177e+03	1.5491e+02	1.0266e+03	-1.2173e+02	-5.5696e+02	-7.0482e+02	-7.4264e+02	-1.6582e+03	-1.5417e+02	-7.9230e+02	7.6985e+02	1.6507e+03	-6.3057e+02	-1.7223e+02	4.4101e+02	4.7863e+02	-1.8618e+02	2.5657e+02	3.2702e+02	-9.0849e+02	-9.9306e+02	-5.8362e+01	2.7554e+02	3.0654e+02	-1.6176e+02	-7.3287e+02	5.4124e+02	-7.3912e+02	5.8820e+02	-2.4798e+03	-1.5335e+03	-1.0664e+03	2.7942e+02	9.5323e+00	3.0711e+02	-7.6584e+02	8.9758e+01	-7.2417e+02	-1.4398e+03	-1.0671e+03	9.1352e+02	1.9031e+02	7.3336e+02	2.4456e+02	-3.7122e+02	-2.6481e+02	-8.8378e+02	-4.4149e+02	-7.0030e+02	-3.4200e+02	1.2206e+02	7.7043e+02	-1.1394e+03	-1.0087e+02	-7.0853e+02	-8.5048e+02	-3.9579e+02	8.0832e+01	-3.3810e+02	-4.9801e+02	-5.8695e+02	-1.3029e+02	-4.4012e+02	4.9006e+02	-1.1693e+03	4.5557e+02	3.3488e+02	1.3240e+02	6.1601e+02	-4.3578e+01	-3.3265e+02	4.3137e+01	9.8388e+02	4.4602e+02	-9.0761e+02	-1.4644e+03	8.2861e+02	5.8498e+02	-2.1147e+02	-1.3969e+03	9.4868e+02	3.7427e+02	-1.0987e+03	5.6451e+02	5.4938e+02	2.0782e+02	-8.3703e+02	-4.8642e+02	2.8670e+01	2.3469e+02	-2.3266e+02	-1.1395e+02	-2.4204e+02	8.4773e+02	-7.3613e+02	-6.9882e+02	1.3100e+03	9.3308e+02	-2.6919e+02	-9.4410e+02	2.0897e+02	2.8896e+01	-7.0382e+02	-1.1187e+01	-5.2560e+02	9.4823e+01	1.9728e+02	-1.6366e+03	-7.1002e+02	-5.0028e+02	1.7727e+02	9.0701e+02	-4.9977e+02	-6.3864e+02	-1.3165e+01	4.5281e+02	-4.3950e+02	9.0743e+02	-8.7408e+02	5.5843e+01	-3.1282e+02	-1.7168e+03	-7.2868e+02	5.6392e+01	-1.0220e+03	-9.3313e+02	7.5874e+01	-1.1607e+03	-7.2971e+02	-2.2674e+02	-4.5706e+02	3.8947e+02	-1.4468e+03	1.2391e+02	-1.2271e+02	1.1095e+03	4.2715e+01	-6.6847e+02	-4.2716e+02	-1.0645e+03	-9.0406e+01	5.7217e+02	-8.9388e+02	-4.6463e+02	4.8495e+02	-1.1365e+03	3.1602e+02	-1.0693e+03	-3.5806e+02	-4.7252e+02	2.2172e+02	-1.6961e+02	-1.2003e+03	1.1621e+03	7.1367e+02	-2.1508e+03	1.7503e+02	1.0633e+03	1.2331e+01	5.9962e+02	8.3610e+00	-4.0861e+02	-4.2732e+02	-8.6352e+02	7.0962e+02	-5.8078e+02	-1.0736e+03	-7.0905e+02	2.9256e+02	2.2787e+02	9.3899e+02	3.6333e+02	-6.9872e+02	-1.1798e+03	2.9992e+02	4.1039e+02	-1.0478e+03	-1.5025e+02	-4.5973e+02	2.3148e+02	8.8404e+02	1.1320e+01	9.6128e+02	-4.0807e+02	-2.6533e+02	1.2675e+03	2.1577e+02
8.0000e+04	-8.4879e+02	1.2982e+03	-4.3882e+02	-8.0797e+02	-2.8604e+03	4.4473e+02	2.8511e+02	-1.3749e+03	1.6901e+03	1.6108e+03	1.1646e+03	-2.0234e+02	-8.9766e+02	1.5296e+03	7.4037e+01	-4.0966e+02	4.5471e+02	1.1743e+03	-2.1587e+02	5.2203e+02	-7.3562e+02	4.1099e+02	3.6781e+02	-6.2737e+02	-1.3641e+03	-6.4969e+02	-2.3610e+03	4.5604e+02	-9.6814e+02	-7.5486e+02	-3.5368e+02	-1.6256e+03	3.5976e+03	1.5965e+03	-6.2885e+01	8.7998e+02	-1.0342e+03	2.0931e+02	1.0176e+02	1.2708e+00	3.4831e+02	3.3120e+02	3.1928e+02	-7.6013e+02	-1.1135e+02	-3.8645e+02	-5.9318e+02	2.1632e+02	-1.6468e+02	-1.7945e+03	-9.4166e+02	1.2267e+03	-2.7913e+02	2.6507e+03	-1.7632e+03	-1.7761e+03	1.4179e+03	5.5009e+02	-9.1856e+02	3.5175e+02	-1.4331e+03	-3.6236e+02	-1.7787e+03	-9.3546e+02	1.6271e+03	9.6010e+02	9.4178e+02	9.3820e+01	8.7834e+01	9.1363e+02	-6.7076e+02	5.3234e+02	8.8928e+02	4.0126e+02	5.4137e+02	-3.4469e+02	2.4608e+02	2.6282e+02	-2.1893e+02	1.8088e+03	1.1968e+03	-1.4637e+03	-1.0340e+03	-3.0165e+02	7.1004e+01	-1.2807e+02	-3.9032e+02	4.4480e+02	2.6605e+02	1.6372e+03	2.9265e+02	-2.5473e+02	-3.6031e+01	-1.1453e+03	-6.2065e+02	-2.5045e+02	-9.4375e+02	8.3052e+02	2.5482e+01	-1.8430e+03	-3.0592e+02	-5.4499e+01	-1.8030e+03	-1.3886e+03	1.1228e+03	1.3430e+03	2.0100e+03	4.0756e+02	-1.0480e+03	3.1646e+03	1.4745e+03	1.7667e+03	6.0433e+02	-1.0834e+03	9.1062e+02	-8.5299e+01	-1.4011e+03	5.8266e+02	1.5186e+03	-1.3621e+03	1.7287e+03	-1.9255e+02	-1.9593e+03	-1.0935e+03	-1.5679e+03	-1.0562e+03	-7.1151e+02	9.1544e+02	1.3190e+03	-1.2735e+03	-3.0596e+02	-7.9718e+02	7.4752e+02	-2.1626e+03	1.0540e+03	-3.4893e+02	-4.9986e+02	1.3793e+03	6.8927e+02	7.4130e+02	1.7392e+01	3.9297e+02	3.8577e+02	-2.4114e+02	1.2618e+01	-2.0141e+03	2.0015e+03	1.9888e+03	-3.3477e+02	8.7113e+02	7.0642e+02	3.4564e+02	2.5258e+02	4.6511e+02	1.3873e+03	-1.7314e+01	5.2823e+02	-2.6311e+02	-7.9330e+02	-6.9340e+02	-1.4863e+03	-6.7004e+02	-2.6725e+02	-1.6823e+03	5.4055e-01	-2.0769e+03	-7.0148e+02	-1.1660e+03	1.3276e+03	1.0898e+03	-5.6972e+02	6.2450e+02	9.0960e+01	1.6794e+03	1.2249e+03	-3.2737e+02	1.2187e+03	-1.9223e+03	1.8592e+03	-1.9724e+03	5.0245e+02	-1.0926e+03	-1.0925e+03	6.4391e+02	2.1760e+03	-4.9843e+01	-6.0720e+02	1.6512e+02	-1.6205e+03	-3.2185e+02	-4.9221e+02	-2.6892e+02	-8.1938e+02	9.8399e+02	1.1805e+03	-7.2986e+02	-3.0308e+03	-1.0722e+03	-7.1719e+02	7.4058e+02
1.0000e+05	-9.5830e+02	7.6208e+02	-3.1475e+02	-5.7627e+01	6.0366e+01	-3.1261e+02	-2.5066e+03	-1.5876e+03	-3.5010e+01	-4.8193e+02	-2.1461e+02	6.7046e+01	-3.3670e+02	-1.5996e+03	-1.1679e+02	1.1802e+03	-6.5632e+00	-1.0835e+03	-1.2388e+03	5.2509e+01	-1.8086e+03	-4.9428e+02	-5.7727e+02	4.2725e+02	1.9823e+03	-4.9193e+02	-2.7236e+02	-2.8757e+02	5.3255e+02	5.6503e+02	5.5732e+02	3.0493e+02	-9.8828e+02	-1.3985e+03	-2.4180e+02	1.5175e+02	3.6896e+02	-4.6255e+01	-8.6677e+02	1.0987e+03	-4.4571e+02	2.1279e+02	-3.0487e+03	-2.0240e+03	-1.0062e+03	-1.6908e+01	-1.3605e+02	-3.9586e+02	-9.7674e+02	-1.5411e+02	-1.0955e+03	-2.0542e+03	-6.3997e+02	7.8482e+02	-4.3528e+02	5.0507e+02	5.9264e+02	-2.7444e+02	-3.9267e+02	-3.5991e+02	-9.1753e+02	-8.5127e+02	6.6484e+00	-2.4872e+02	6.6358e+02	-1.8419e+03	4.1500e+02	-9.4138e+02	-9.8303e+02	-4.7248e+02	-5.9676e+02	-4.3891e+02	1.1835e+02	-3.9921e+01	-4.5013e+02	-5.4624e+02	-2.2353e+02	-1.2333e+03	1.7729e+02	4.8007e+02	1.5674e+02	2.8638e+02	-3.7256e+02	-7.9102e+02	4.7285e+02	5.5505e+02	6.1026e+02	-6.3509e+02	-1.3192e+03	5.5865e+02	6.7465e+02	1.1767e+01	-1.1251e+03	7.2588e+02	4.6967e+02	-1.3011e+03	2.8433e+02	4.3338e+02	-5.5569e+01	-1.0286e+03	-9.4616e+02	6.0609e+02	2.6169e+02	-7.1572e+02	-1.0603e+03	-1.5083e+02	5.4193e+02	-7.4598e+02	-6.3346e+02	1.6048e+03	5.6265e+02	-4.1700e+02	-1.2553e+03	9.2944e+01	-8.0296e+01	-1.2106e+03	-1.8541e+01	-7.8698e+02	-2.1884e+02	-5.7493e+01	-1.9600e+03	-4.2917e+02	1.8382e+02	8.0648e+01	6.1336e+02	-9.1138e+02	-8.2235e+02	1.4389e+02	2.3390e+02	-3.8080e+02	9.0771e+02	-1.4226e+03	-5.0681e+01	1.7740e+02	-1.7967e+03	-5.5978e+02	-2.7114e+02	-7.7717e+02	-1.3622e+03	1.2069e+02	-1.0477e+03	-9.5693e+02	-4.4420e+02	-1.0811e+02	7.4628e+02	-8.1070e+02	-3.9088e+02	-1.7539e+02	8.5456e+02	-1.7635e+02	-9.6349e+02	-4.9022e+02	-1.0618e+03	-1.2419e+02	3.8621e+02	-4.5231e+02	-1.7760e+02	5.8082e+02	-1.3412e+03	-9.2169e+01	-1.3055e+03	-1.0075e+03	-5.9114e+02	8.2236e+01	-4.5324e+02	-1.4138e+03	9.6555e+02	3.3516e+02	-1.9420e+03	-1.8706e+02	1.4248e+03	-2.9135e+02	3.9145e+02	8.3311e+01	-4.6493e+02	-6.8992e+02	-1.1273e+03	9.7697e+02	-4.4629e+02	-1.3048e+03	-6.3452e+02	4.4078e+02	-1.8784e+02	8.5718e+02	-1.9301e+02	-1.0552e+03	-1.1621e+03	5.2083e+02	2.2889e+02	-1.0219e+03	-4.5977e+02	-7.3622e+02	6.5269e+02	1.6331e+03	-4.1578e+01	4.5601e+02	4.7265e+02	-6.0447e+02	1.0366e+03	7.7905e+01
1.0000e+05	-7.2313e+02	1.4711e+03	-1.6578e+03	-1.2725e+03	-3.4414e+03	1.2070e+03	4.6366e+02	-1.2588e+03	1.5755e+03	2.2091e+03	1.6684e+03	-2.2720e+02	-3.4015e+02	1.3450e+03	5.9933e+02	2.3870e+02	4.4162e+02	1.5848e+03	-2.6057e+02	-5.5091e+02	-1.1257e+03	2.0854e+02	5.6788e+02	1.1857e+02	-2.0483e+03	-9.7280e+02	-2.2534e+03	-9.0923e+02	-1.2003e+03	-1.3516e+03	-9.1935e+02	-1.5309e+03	3.2853e+03	1.9233e+03	-1.7795e+02	3.6243e+02	-1.4691e+03	4.3141e+02	8.4350e+02	3.0782e+01	9.4602e+01	1.6071e+03	4.5906e+02	-1.0217e+03	3.0989e+02	3.3636e+02	-1.8151e+03	-1.6467e+02	2.3224e+02	-1.2869e+03	-6.2115e+02	1.3805e+03	5.5251e+01	2.9510e+03	-1.9461e+03	-1.9799e+03	3.5900e+02	2.1163e-01	-3.3919e+02	7.0062e+02	-1.3730e+03	4.0064e+01	-1.5073e+03	-1.4852e+03	9.0418e+02	5.6766e+02	8.1139e+02	-2.0982e+02	1.0028e+02	5.4238e+02	-1.0587e+03	4.9544e+02	1.0726e+03	-5.9879e+02	5.8528e+02	-6.1010e+02	9.9776e+02	6.3665e+02	-7.4893e+02	2.0016e+03	1.0802e+03	-5.3459e+02	-3.1516e+02	-3.5394e+02	3.4853e+02	-4.1747e+01	-9.3910e+02	-6.7827e+01	6.0175e+02	1.7886e+03	-7.4052e+02	9.1400e+02	4.5420e+02	-6.7140e+02	-1.3647e+03	3.0437e+02	-6.0727e+02	8.8163e+02	1.3021e+03	-4.5545e+02	-6.2670e+01	5.2103e+02	-1.9867e+03	-1.5834e+03	1.3895e+03	1.2197e+03	1.2121e+03	-5.4771e+02	-1.5689e+03	2.8512e+03	1.6245e+03	1.4404e+03	2.4984e+02	-1.4239e+03	-1.1403e+02	1.5260e+03	-2.3193e+03	1.3642e+03	1.4009e+03	-1.0644e+03	1.7485e+03	2.2795e+02	-1.7225e+03	-1.0074e+03	-1.8721e+03	-1.2620e+03	-6.4958e+02	2.0139e+02	4.4188e+02	-8.0935e+02	7.6448e+02	-1.0209e+03	2.6833e+02	-2.4300e+03	2.1191e+03	6.3921e+01	4.4786e+01	2.2838e+03	1.4310e+02	2.0564e+02	9.5206e+01	-8.8124e+02	1.1290e+03	-1.8850e+02	-2.5948e+02	-1.7042e+03	3.4063e+03	2.5428e+03	-7.8889e+02	5.6563e+02	1.5966e+03	1.3047e+03	-1.3708e+03	2.2095e+02	1.1293e+03	-5.0907e+02	9.2444e+02	8.4299e+01	-6.3548e+02	-1.3517e+03	-1.9426e+03	-7.3635e+02	-2.4744e+02	-1.0837e+03	-1.1003e+02	-2.4739e+03	-2.1626e+03	-6.1688e+01	1.8762e+03	7.5461e+02	-2.8096e+02	4.7959e+02	1.2606e+01	1.3868e+03	1.7431e+03	-1.8042e+02	1.1137e+03	-1.2790e+03	1.9477e+03	-1.4304e+03	5.6789e+02	-1.9763e+03	-3.3204e+02	2.3472e+02	3.1822e+03	3.3910e+02	-5.4501e+02	4.1734e+02	-1.0366e+03	3.2003e+02	-6.5400e+02	-5.7904e+02	-1.1707e+03	1.7099e+03	4.3689e+02	-3.5986e+02	-2.5342e+03	-1.7270e+03	2.5050e+02	1.1853e+03
1.2000e+05	-1.2293e+03	4.6140e+02	-6.7400e+01	-1.7946e+02	-5.3931e+02	2.9708e+02	-2.2150e+03	-2.2686e+03	-3.9764e+02	-6.3518e+02	3.3162e+02	8.8980e+01	-3.9029e+02	-2.0531e+03	-2.0917e+02	9.2241e+02	-6.9514e+02	-1.1425e+03	-6.4703e+02	3.7278e-01	-1.9402e+03	1.1125e+02	-5.0648e+02	-2.4513e+01	1.6524e+03	-5.2382e+02	7.9511e+01	5.1747e+02	4.7760e+02	3.0558e+02	8.0842e+02	3.5543e+01	-5.7401e+02	-1.2383e+03	-1.9553e+02	6.0447e+02	7.9580e+02	-4.8345e+02	-7.3608e+02	4.5473e+02	-6.1872e+02	-7.4609e+00	-3.1106e+03	-2.4358e+03	-1.4972e+03	-1.9828e+02	4.3814e+02	1.5076e+02	-1.0475e+03	-3.3070e+02	-9.5984e+02	-1.8923e+03	-9.7141e+02	5.2019e+02	-1.1697e+03	8.3140e+01	1.8469e+02	1.3729e+02	-2.8291e+02	-4.2363e+02	-1.4652e+03	-8.2417e+02	-2.4094e+02	-3.6651e+02	1.1157e+03	-1.8606e+03	8.8922e+01	-4.8738e+02	-7.0742e+02	2.3643e+02	-7.2740e+02	-9.9139e+02	-3.5364e+02	-9.0964e+02	-7.2748e+02	-7.3747e+02	-3.4949e+02	-1.5448e+03	-3.8291e+01	7.4321e+02	6.8767e+02	7.2397e+02	-3.1906e+01	-9.0514e+02	9.9758e+02	5.1981e+02	2.8569e+02	-7.0256e+02	-1.6050e+03	6.8812e+02	8.7036e+02	-2.1138e+02	-8.7287e+02	8.2542e+02	2.1174e+02	-1.5505e+03	7.0769e+02	4.4417e+02	-3.7766e+02	-1.4494e+03	-9.8045e+02	6.8383e+02	3.7791e+02	-9.9039e+02	-1.0765e+03	4.7123e+01	6.1232e+02	-8.9298e+02	-8.4646e+02	1.2708e+03	-1.3231e+02	-8.8257e+02	-1.4827e+03	5.4755e+02	-2.1451e+02	-1.1774e+03	-2.2231e+02	-1.5415e+03	-2.2477e+02	-6.7122e+02	-1.5282e+03	7.9787e+01	4.4473e+02	-5.3482e+02	9.2036e+02	-7.1362e+02	-3.3408e+02	1.8888e+02	5.0024e+02	-8.4079e+01	1.2538e+03	-1.7340e+03	3.3245e+02	-2.5627e+02	-1.1893e+03	-1.0910e+03	2.6018e+02	-2.6540e+02	-1.2755e+03	-5.0781e+02	-5.7300e+02	-1.0861e+03	-1.0317e+03	1.8547e+02	7.1704e+02	-1.1632e+03	2.2441e+01	3.1685e+02	2.8869e+02	3.8457e+02	-8.2940e+02	-6.6177e+02	-8.9452e+02	-4.7347e+01	9.5998e+01	-8.5030e+02	-7.9475e+02	5.3637e+02	-1.9668e+03	-1.2173e+02	-1.5672e+03	-5.9677e+02	-8.9904e+02	6.4465e+02	-9.2256e+02	-1.6279e+03	1.3840e+03	5.6506e+02	-2.4931e+03	-3.3076e+02	8.3444e+02	-2.5025e+02	7.7696e+02	-9.8878e+01	1.0436e+02	-7.0708e+02	-1.8125e+03	1.0960e+03	-4.8993e+02	-1.8294e+03	-1.0728e+03	6.7908e+02	-5.8402e+00	8.2371e+02	3.0156e+02	-7.2888e+02	-1.9105e+03	7.0963e+02	2.0462e+02	-8.5037e+02	-3.4446e+02	-5.4086e+02	5.3234e+02	1.8167e+03	4.2256e+02	1.0381e+03	4.0662e+02	-7.2385e+02	1.0208e+03	4.9705e+02
1.2000e+05	-1.6743e+02	1.4031e+03	-1.2711e+03	-1.4439e+03	-3.0141e+03	6.8679e+02	2.8642e+02	-1.2196e+03	1.0595e+03	2.9746e+03	2.3411e+03	-9.9878e+02	3.6290e+02	1.5287e+03	7.0835e+02	-1.7108e+02	2.5314e+02	1.5057e+03	-1.1379e+02	-1.1784e+03	-9.3111e+02	3.4823e+02	-1.3787e+02	-1.8272e+02	-2.1555e+03	-8.5468e+02	-2.9190e+03	2.5249e+00	-9.1200e+02	-9.9521e+02	-4.3076e+02	-1.7343e+03	3.8580e+03	2.0735e+03	-7.6032e+02	-1.3031e+02	-2.8791e+03	1.9104e+02	1.2143e+03	-3.8152e+02	-1.1611e+02	1.5609e+03	1.2265e+02	-1.8447e+03	-2.2975e+02	2.8848e+02	-1.1616e+03	-9.1936e+02	1.0206e+03	-6.4697e+02	-1.2247e+03	1.0442e+03	6.5280e+02	2.9166e+03	-2.6214e+03	-2.4242e+03	4.7528e+02	-1.3284e+02	-1.1697e+03	4.9193e+02	-1.9226e+03	7.4736e+02	-1.8220e+03	-1.2732e+03	1.7911e+03	2.8506e+02	9.0534e+02	-5.6394e+02	7.0976e+02	6.9290e+02	-9.4621e+02	-5.6366e+02	7.6036e+02	-9.8090e+02	2.6068e+02	-5.7592e+02	1.0023e+03	9.6217e+02	1.4809e+01	1.9991e+03	6.1546e+02	-6.3863e+02	-2.9693e+02	-8.1236e+00	4.9844e+02	-9.3142e+02	-6.2583e+02	1.1576e+03	7.3109e+02	1.7647e+03	-1.8058e+03	1.6722e+03	5.4668e+02	-5.0561e+02	-1.1328e+03	7.2856e+02	7.9136e+01	7.7845e+02	1.9708e+03	-4.1138e+02	-1.8750e+02	6.7864e+02	-2.5411e+03	-2.1637e+03	1.1723e+03	9.3415e+02	3.0267e+02	-9.6224e+02	-2.0831e+03	3.4187e+03	1.3831e+03	1.9500e+03	-3.0583e+02	-1.9170e+03	3.2232e+02	2.2199e+03	-2.8103e+03	1.3360e+03	1.3666e+03	-1.5792e+03	1.9747e+03	-1.1881e+03	-1.8473e+03	-4.7590e+02	-2.2432e+03	-1.6464e+03	-1.2557e+03	3.9099e+02	1.2786e+03	-1.3253e+03	1.9318e+02	-4.7636e+02	-3.1540e+01	-2.8602e+03	1.9823e+03	9.2076e+01	-5.2792e+01	1.1074e+03	1.5510e+02	-3.4488e+02	1.2463e+02	-8.0403e+02	1.4224e+03	8.9556e+02	2.0425e+02	-1.9132e+03	3.2216e+03	2.7421e+03	-5.8529e+02	9.0850e+02	1.7686e+03	1.3214e+03	-8.5906e+02	-3.2547e+02	5.8123e+02	-8.6300e+02	8.7090e+02	-3.6238e+02	-1.8745e+03	-4.6426e+02	-3.2550e+03	-2.0905e+02	2.7232e+02	-2.0804e+03	1.3342e+02	-2.5802e+03	-1.4542e+03	2.6273e+02	2.1973e+03	9.2323e+02	-6.9994e+02	1.3287e+03	-1.0225e+03	6.7880e+02	2.1967e+03	-5.0813e+02	1.4409e+03	-1.9006e+03	2.1629e+03	-1.6275e+03	-6.1305e+01	-1.8120e+03	-5.4642e+02	5.6367e+02	3.0787e+03	3.6197e+02	-5.8300e+02	-7.2937e+02	-1.7549e+03	2.4074e+02	-4.1246e+02	-6.7983e+02	-1.3096e+03	1.6280e+03	9.2261e+02	-2.0115e+02	-1.4192e+03	-2.1654e+03	6.8493e+02	1.0866e+03
1.4000e+05	-2.0260e+03	5.2821e+02	-8.8673e+01	2.5769e+02	1.3521e+02	-1.9116e+02	-2.3326e+03	-2.0145e+03	-3.4289e+02	-5.1477e+02	4.6990e+02	-1.2585e+02	-1.3506e+03	-2.3813e+03	4.3019e+02	1.3699e+03	-3.6021e+02	-9.2136e+02	-3.1984e+02	-4.8573e+02	-1.7801e+03	6.4237e+02	-1.7230e+02	-7.7834e+01	1.1927e+03	-7.3585e+02	7.3735e+01	4.9378e+01	3.6667e+02	4.1510e+02	2.9452e+02	-7.4638e+01	-5.7546e+02	-1.3492e+03	-4.1066e+02	8.0922e+02	1.0194e+02	-1.0700e+03	-8.8960e+02	2.3528e+02	1.9040e+02	4.2337e+02	-3.1401e+03	-2.3177e+03	-1.8041e+03	-5.7021e+02	3.7826e+02	2.0830e+02	-8.2428e+02	-1.4741e+02	-1.2867e+03	-1.4508e+03	-1.3666e+03	9.8750e+01	-9.7317e+02	1.6014e+02	2.8905e+02	4.4973e+02	-6.1402e+02	9.2460e+01	-1.5837e+03	-3.3627e+02	-3.5706e+02	-6.7286e+02	5.3230e+02	-1.9518e+03	5.6155e+02	-1.3073e+03	2.4452e+02	1.9106e+02	-3.0722e+02	-1.1471e+03	-4.7825e+02	-9.3560e+02	-1.4261e+03	-1.2383e+03	-3.8637e+02	-1.4058e+03	-4.5482e+00	4.7565e+02	8.1477e+02	1.1365e+03	-6.0555e+02	-7.3086e+02	4.1421e+02	2.8447e+02	4.4757e+02	-6.7499e+02	-1.7197e+03	1.0780e+03	1.1815e+03	-2.6822e+02	-5.2860e+02	5.3175e+02	-7.1331e-01	-1.9442e+03	2.1475e+02	3.5538e+02	-2.9507e+02	-1.4502e+03	-1.5818e+03	2.2360e+02	5.1632e+02	-1.0109e+03	-6.3017e+02	2.5665e+01	1.8322e+02	-9.3475e+02	-9.4436e+02	1.3896e+03	9.8526e+01	-8.1756e+02	-7.7789e+02	9.2604e+02	-4.1042e+02	-1.7103e+03	-4.7939e+02	-1.5066e+03	3.0336e+02	-9.3896e+02	-1.1518e+03	-1.6243e+02	7.2507e+02	-2.9833e+02	7.1847e+02	-3.8592e+02	-1.8684e+02	5.8107e+02	8.9018e+02	-1.9826e+02	1.1451e+03	-2.2573e+03	7.2232e+00	-1.5079e+03	-1.1136e+03	-1.1352e+03	2.0735e+02	-3.7048e+02	-1.2645e+03	-1.1311e+03	-6.7627e+02	-4.5078e+02	-9.9599e+02	1.9225e+02	1.3578e+03	-5.3943e+02	3.9349e+02	1.7000e+02	4.1378e+02	3.3192e+02	-8.4854e+02	-8.4423e+02	-1.2400e+03	-8.4774e+01	-2.7150e+01	-1.2571e+03	-9.7599e+02	2.3409e+02	-1.5085e+03	5.1953e+02	-1.5919e+03	-8.8360e+02	-1.6723e+03	7.4127e+02	-1.3605e+03	-1.3282e+03	8.6726e+02	8.1945e+02	-2.3981e+03	-4.4671e+02	1.0611e+03	-1.0588e+03	5.9843e+02	-1.3450e+02	2.7993e+02	-4.3044e+02	-2.4103e+03	1.7078e+03	-1.0138e+03	-1.9288e+03	-1.1763e+03	1.0924e+03	-6.1998e+02	9.4037e+02	5.9546e+01	-1.5846e+03	-2.1174e+03	4.9537e+02	-2.9664e+02	-6.1329e+02	-9.5651e+02	-1.0699e+03	3.4193e+02	1.8446e+03	3.7914e+02	6.2846e+02	-1.0581e+02	-3.1357e+02	1.4567e+03	1.4974e+02
1.4000e+05	4.2576e+02	1.3951e+03	-1.8395e+03	-9.0457e+02	-2.7515e+03	-3.4242e+01	4.2515e+02	-6.0852e+02	1.1224e+03	4.4261e+03	2.7885e+03	-1.2140e+03	1.1138e+02	2.5094e+03	-2.4079e+02	-4.1851e+02	8.6577e+02	1.1434e+03	1.0218e+03	-8.8033e+02	-8.5421e+02	3.8781e+02	-2.9376e+02	-1.2090e+03	-2.5759e+03	-8.3977e+02	-2.1488e+03	1.8407e+02	-1.2575e+03	-4.7534e+02	-1.2988e+03	-2.6704e+03	3.5159e+03	2.2029e+03	-2.4821e+02	-9.5674e+02	-3.4671e+03	1.2866e+02	1.6708e+03	-6.0421e+02	6.7508e+02	1.0268e+03	-2.4044e+02	-1.9626e+03	-2.5832e+02	1.2778e+03	-9.5107e+02	4.0002e+01	1.1664e+03	-2.4371e+02	-1.5091e+03	7.1721e+02	1.3058e+03	2.6451e+03	-2.0956e+03	-3.3611e+03	1.8334e+02	4.6596e+02	-1.9556e+03	-6.3360e+02	-2.0396e+03	7.3099e+02	-1.8097e+03	-6.5381e+02	1.7015e+03	1.3842e+03	1.7735e+03	2.6277e+02	-1.4235e+02	-1.6872e+02	-2.2143e+02	-8.2085e+02	9.6505e+02	-6.4585e+02	5.6616e+02	2.8189e+01	1.2337e+03	-8.1849e+01	-7.8661e+00	2.1831e+03	9.6138e+02	-9.2058e+02	-4.8213e+02	-8.6554e+00	7.4331e+02	-1.1875e+03	-1.2815e+03	5.7929e+02	-2.7980e+02	1.6294e+03	-1.7872e+03	8.1077e+02	-1.0960e+02	-2.7615e+02	-1.1015e+03	1.0959e+03	-3.3148e+02	1.4434e+03	2.8711e+03	-3.4746e+02	1.2661e+03	1.1399e+03	-1.8275e+03	-1.4033e+03	2.3795e+03	6.6678e+02	6.4596e+02	-1.1292e+03	-1.8595e+03	2.7313e+03	8.7189e+02	1.8695e+03	-1.0140e+02	-3.0645e+03	5.1914e+02	2.2696e+03	-3.2894e+03	5.6821e+02	1.5158e+03	-1.6743e+03	3.5685e+03	-1.1681e+03	-2.1291e+03	-1.2438e+03	-1.4486e+03	-7.2599e+02	-1.8215e+03	1.8211e+03	1.9521e+03	-1.1420e+03	-2.0053e+02	-4.0224e+02	-3.0683e+00	-3.6181e+03	2.4175e+03	-2.1138e+02	9.0039e+02	1.1426e+03	-5.8530e+02	4.7451e+02	2.8928e+02	-4.8657e+02	2.3042e+03	1.7231e+03	1.9297e+02	-2.1485e+03	5.2061e+03	2.2918e+03	-7.4242e+02	8.0792e+02	2.9238e+03	1.6415e+03	-1.3029e+03	3.4680e+02	-2.0989e+02	-3.8411e+02	1.0575e+03	-3.2911e+02	-9.5612e+02	-9.7201e+01	-3.7972e+03	-5.0519e+02	2.5803e+02	-1.2407e+03	-5.4237e+01	-3.3247e+03	-1.6375e+03	3.3921e+02	1.6721e+03	1.2122e+03	-3.3655e+02	6.0642e+02	-3.2654e+02	1.1871e+02	1.5110e+03	-8.3934e+02	1.7009e+03	-1.5396e+03	1.4860e+03	-1.0205e+03	-5.5550e+02	-3.0155e+03	-5.7066e+02	2.8101e+02	2.6680e+03	-8.2693e+02	-6.0924e+02	-1.4114e+02	-1.1114e+03	5.8878e+02	-1.5445e+02	-4.1987e+02	-4.3294e+02	9.7025e+02	7.9668e+02	7.3062e+01	-1.2568e+03	-2.5481e+03	1.1812e+03	1.0743e+03
1.6000e+05	-1.7543e+03	5.1877e+02	5.6958e+02	1.1055e+02	2.3516e+02	-4.2244e+02	-1.6453e+03	-1.9531e+03	4.9014e+02	-8.1636e+02	7.6214e+02	8.2555e+01	-1.3150e+03	-2.6031e+03	3.0389e+02	1.6920e+03	-3.8902e+02	-7.8114e+02	-4.2673e+02	-4.3021e+02	-1.7895e+03	7.5103e+02	-3.6046e+02	-1.3354e+01	6.3561e+02	-1.1360e+03	1.6668e+01	-1.8066e+02	5.4972e+02	6.6125e+01	5.9280e+02	-1.5853e+02	-4.2208e+02	-1.6911e+03	-6.8126e+02	5.3082e+02	-5.8548e-01	-4.1608e+02	-5.5370e+02	3.5010e+02	2.9504e+02	2.8081e+02	-2.9877e+03	-2.2010e+03	-1.1248e+03	-2.8974e+02	4.0070e+02	7.7707e+02	-7.8452e+02	-1.2320e+02	-1.3408e+03	-1.2340e+03	-1.4792e+03	-1.6164e+02	-3.8852e+02	3.2171e+02	-5.4520e+01	3.2323e+02	-9.7942e+02	2.6421e+02	-1.5462e+03	-1.7340e+02	4.3263e+01	-7.2585e+02	3.5597e+02	-1.8650e+03	3.5189e+02	-1.3646e+03	3.0551e+02	3.9183e+02	-2.6070e+02	-8.6350e+02	-6.7505e+02	-1.5244e+03	-1.3275e+03	-9.0715e+02	-4.7818e+02	-1.6755e+03	-1.4109e+02	4.4216e+02	5.3223e+02	1.2410e+03	-5.6209e+02	-8.1056e+02	4.9740e+02	4.5734e+02	5.0950e+02	-5.2086e+02	-1.7927e+03	9.5347e+02	1.2898e+03	-7.7443e+02	-4.4572e+02	5.3100e+02	-2.1142e+02	-2.3140e+03	4.1595e+02	6.4506e+02	-3.5896e+02	-1.6177e+03	-1.1793e+03	2.3024e+01	2.8030e+02	-9.9327e+02	-5.4305e+01	-3.7339e+02	4.4296e+02	-8.4562e+02	-7.1538e+02	1.4951e+03	8.7528e+01	-6.9658e+02	-8.8674e+02	1.0896e+03	-3.5828e+02	-1.1054e+03	-4.9002e+02	-1.7275e+03	-2.9906e+02	-6.5421e+02	-1.2271e+03	-6.0420e+02	1.2891e+03	-3.0085e+02	9.1258e+02	-3.0717e+02	-5.8646e+02	5.6514e+02	9.3678e+02	4.5588e+01	8.2890e+02	-2.4572e+03	1.5319e+02	-1.9358e+03	-1.1045e+03	-6.8217e+02	-3.8175e+01	-5.6262e+02	-8.6371e+02	-1.4986e+03	-1.0626e+03	-5.7133e+02	-9.7540e+02	5.9202e+02	1.2562e+03	-2.0045e+02	-1.1729e+02	2.8746e+02	7.6480e-01	-1.9264e+02	-1.2412e+03	-8.0782e+02	-1.7024e+03	-2.5327e+02	-4.5846e+02	-1.2884e+03	-1.1617e+03	7.1407e+02	-1.4250e+03	1.2606e+03	-1.0282e+03	-7.4733e+02	-1.8688e+03	1.2034e+03	-1.4749e+03	-1.1899e+03	6.9297e+02	8.8539e+02	-1.8342e+03	-7.0478e+02	1.3289e+03	-1.3327e+03	5.0809e+02	-1.8606e+02	-4.7774e+01	-5.7935e+02	-2.1186e+03	1.4216e+03	-8.8839e+02	-2.3440e+03	-1.0564e+03	9.2591e+02	-3.4993e+02	1.1404e+03	3.2262e+02	-1.6605e+03	-2.2967e+03	9.9679e+02	-2.0401e+02	-1.3568e+02	-1.1417e+03	-8.1378e+02	3.5910e+02	1.9245e+03	9.4611e+02	7.6551e+02	-4.0762e+01	-7.9902e+01	1.2012e+03	3.2563e+02
1.6000e+05	1.0752e+03	9.4658e+02	-3.0482e+03	1.3791e+02	-4.4380e+03	1.7930e+02	-1.1247e+03	-1.1620e+03	9.6250e+02	4.5254e+03	2.8065e+03	-1.8192e+03	-4.1905e+02	3.4336e+03	6.8289e+02	-3.4078e+02	1.3750e+03	5.8834e+02	1.3268e+03	-5.0001e+02	-8.0531e+02	1.0981e+03	-9.9265e+02	-1.4446e+03	-1.4831e+03	-4.6522e+02	-9.3745e+02	-1.0893e+02	-2.0175e+03	-6.0750e+02	-1.7172e+03	-2.8283e+03	4.5459e+03	2.3980e+03	-1.0878e+03	-1.7948e+03	-2.6363e+03	1.5137e+02	1.3369e+03	-6.5583e+02	6.0783e+02	1.3546e+03	-5.8825e+01	-2.1501e+03	-1.1528e+03	9.7003e+02	-1.5810e+03	8.0350e+02	2.5917e+03	1.2397e+02	-1.6728e+03	3.3566e+02	9.3311e+02	1.4644e+03	-3.0259e+03	-3.2613e+03	4.0866e+02	2.2937e+02	-8.5219e+02	-1.7116e+02	-1.5140e+03	1.1369e+03	-1.3309e+03	-1.6891e+03	2.6557e+03	1.5091e+03	1.3233e+03	-3.5002e+02	3.0161e+02	-2.3015e+02	6.2471e+02	-8.8788e+02	8.2400e+02	-8.5257e+02	1.7836e+03	-3.0181e+02	1.5436e+03	-7.1055e+02	-8.1241e+02	2.8715e+03	8.8668e+02	-1.1445e+03	-6.8236e+02	-1.3554e+02	7.7729e+02	-8.7717e+02	-1.4138e+03	1.4126e+03	-8.2663e+02	2.1077e+03	-2.2019e+03	3.3172e+02	6.5351e+02	-7.0805e+02	-9.5757e+02	1.1169e+03	-5.0809e+02	1.9538e+03	4.5910e+03	-1.0942e+02	9.3412e+02	1.3773e+03	-2.0167e+03	-1.6497e+03	3.8905e+03	6.1241e+02	9.5706e+02	-2.0482e+03	-1.6969e+03	2.5171e+03	2.2484e+03	1.5316e+03	-4.3760e+02	-2.8927e+03	1.1026e+03	1.3990e+03	-3.7238e+03	7.4616e+02	1.2632e+03	-2.1078e+03	3.4575e+03	-1.5179e+03	-3.1969e+03	-1.0491e+03	-9.0987e+02	-9.1968e+02	-1.2076e+03	1.7524e+03	2.0105e+03	-1.2989e+03	-1.2678e+03	-6.0605e+02	4.2090e+02	-4.0135e+03	2.5285e+03	-6.5238e+01	-1.9113e+02	4.2251e+02	-1.1103e+02	-8.2585e+01	6.3357e+02	-1.3355e+02	1.7719e+03	2.1436e+03	-5.0878e+02	-2.3829e+03	5.4901e+03	3.1079e+03	-7.0693e+02	7.5842e+02	2.6342e+03	2.4078e+03	-8.9806e+02	-7.6521e+02	1.0372e+03	5.5211e+01	1.3668e+03	-2.3351e+02	-8.0800e+02	-4.1208e+02	-4.8867e+03	-2.4026e+02	6.3848e+02	-2.1967e+03	-7.7882e+01	-3.2936e+03	-1.3100e+03	-4.2025e+02	1.9887e+03	1.0563e+03	-6.2573e+02	1.1395e+03	9.1153e+02	-2.5254e+02	2.9893e+02	-3.7039e+02	7.4327e+02	-1.6397e+03	1.9084e+03	-1.3630e+03	5.3081e+01	-2.8956e+03	-2.7716e+02	3.6393e+02	2.9368e+03	-4.5302e+02	-9.1115e+02	-5.1343e+01	-7.6545e+02	8.8387e+02	-4.4751e+02	1.3938e+02	6.5833e+00	1.5153e+02	1.5988e+03	-8.1324e+01	-1.6280e+03	-2.3456e+03	1.2839e+03	1.7108e+03
1.8000e+05	-1.8140e+03	-2.9658e+02	1.1895e+03	-3.9898e+02	4.5830e+02	-9.7891e+01	-1.9462e+03	-1.4856e+03	3.4956e+02	-4.3803e+02	1.0669e+03	-6.4586e+02	-1.4574e+03	-2.3084e+03	-3.5532e+02	1.4725e+03	-2.8970e+01	-1.6078e+03	-6.1647e+02	-2.0515e+02	-1.6004e+03	1.3469e+03	-4.8443e+02	-6.9445e+02	2.0618e+02	-1.6231e+03	5.8185e+01	1.8387e+02	7.2014e+02	-3.5647e+02	5.9599e+02	-5.8544e+02	-5.9479e+02	-1.4093e+03	-4.8079e+02	4.1064e+02	-3.5426e+02	2.0801e+02	-5.8738e+02	1.5505e+02	1.8438e+02	1.4323e+02	-3.3210e+03	-1.9263e+03	-6.8712e+02	-3.1644e+02	9.2231e+02	1.2643e+03	-5.9816e+02	-4.3298e+02	-1.6293e+03	-1.6869e+03	-1.6684e+03	-7.3575e+01	-1.5006e+02	4.1654e+02	-2.1894e+01	1.2865e+02	-1.3700e+03	1.4694e+01	-1.2048e+03	-2.6374e+02	-2.6578e+01	-7.7539e+02	8.4451e+02	-1.4715e+03	-2.1903e+02	-1.4797e+03	1.4677e+02	1.3335e+02	2.7998e+02	-9.8087e+02	-2.7565e+02	-1.6762e+03	-1.5777e+03	-3.8359e+02	-7.5562e+02	-1.4802e+03	-7.4861e+02	1.9739e+02	5.2333e+02	1.2613e+03	-6.2719e+02	-1.0982e+03	8.1493e+02	4.1393e+02	3.7507e+02	-4.8003e+02	-1.8728e+03	1.6942e+03	1.7237e+02	-5.6364e+02	-3.0139e+02	1.0866e+02	-3.4286e+01	-2.4111e+03	-2.1252e+02	4.7492e+02	-4.1981e+02	-1.5717e+03	-9.5059e+02	1.2316e+02	8.9604e+02	-1.0102e+03	3.8097e+02	-6.7696e+01	2.6744e+02	-1.0364e+03	-5.3306e+02	1.3113e+03	-2.1775e+02	-6.4181e+02	-7.7636e+02	2.2883e+02	-1.4324e+02	-1.2791e+03	-8.5267e+01	-1.6499e+03	-2.6212e+02	-3.4615e+02	-1.5952e+03	-2.2203e+02	2.0492e+02	-1.3917e+02	2.2203e+02	-3.7762e+02	-1.0809e+03	2.7772e+02	1.0721e+03	-8.9238e+01	1.0780e+03	-2.2138e+03	2.4636e+02	-1.9680e+03	-9.6209e+02	-8.5782e+02	3.5859e+01	-8.4079e+02	-1.2597e+03	-1.5361e+03	-1.3729e+02	-6.4753e+02	-1.0964e+03	1.4358e+03	1.6175e+03	-5.3106e+02	2.8517e+02	7.0181e+01	-2.7768e+02	1.6494e+02	-8.8724e+02	-1.0162e+03	-1.3382e+03	-3.1725e+02	-5.4814e+01	-1.8260e+03	-1.1799e+03	1.0056e+02	-1.9366e+03	9.9173e+02	-1.3610e+03	-9.6159e+02	-2.3336e+03	1.3580e+03	-1.8001e+03	-4.2310e+02	2.3004e+02	6.1955e+02	-2.4237e+03	-8.9525e+02	1.6855e+03	-1.0094e+03	1.5564e+01	9.6841e+01	-5.2809e+02	-6.5992e+02	-2.1640e+03	1.4597e+03	-1.0671e+03	-2.2019e+03	-1.2976e+03	8.3420e+02	5.7239e+01	7.1747e+02	3.0306e+02	-1.8647e+03	-2.6040e+03	9.6135e+02	-8.0903e+02	-4.4284e+02	-1.4275e+03	-1.0418e+03	3.5557e+02	2.0913e+03	1.7676e+03	1.4320e+03	1.6979e+02	-2.3226e+02	1.2011e+03	3.5788e+02
1.8000e+05	4.5651e+02	1.4795e+03	-3.5105e+03	3.8220e+02	-3.7891e+03	1.1406e+02	-1.8499e+02	-1.1828e+03	8.8821e+02	2.9034e+03	2.8510e+03	-4.2503e+02	1.6137e+02	3.9932e+03	-7.2162e+02	-8.5875e+02	1.1061e+03	5.0415e+02	2.5834e+03	4.9175e+02	-2.1324e+03	9.6686e+02	-7.0424e+01	-1.6087e+03	-2.2043e+03	2.9380e+02	-1.8802e+03	2.7465e+02	-2.2814e+03	-1.8291e+01	-1.7723e+03	-2.8152e+03	5.2511e+03	1.3355e+03	-6.8339e+02	-2.9979e+03	-2.5639e+03	-4.7598e+02	1.3264e+03	2.2067e+02	1.5015e+02	2.1668e+03	7.1726e+02	-3.2490e+03	-2.5485e+03	-7.5323e+01	-2.8716e+03	-2.1322e+02	2.6312e+03	9.3733e+02	-1.2439e+03	-2.3455e+02	1.0858e+03	6.4409e+02	-3.0896e+03	-3.8159e+03	5.8436e+02	8.1703e+02	-9.5107e+02	-7.6935e+02	-1.6072e+03	8.5343e+02	-2.0722e+03	-1.6344e+03	2.8336e+03	8.3173e+02	6.6938e+02	3.0499e+02	1.5757e+03	2.5297e+02	1.1502e+03	-5.5434e+02	8.1510e+02	-8.7601e+02	8.1801e+02	-4.7175e+02	1.9540e+03	-4.3088e+02	-7.8059e+01	2.2471e+03	3.6035e+02	-4.0085e+02	-1.3475e+03	-1.6825e+02	6.3205e+02	-1.4450e+03	-2.0164e+03	1.5691e+03	-5.1343e+02	1.1159e+03	-1.3539e+03	7.0913e+02	6.8970e+02	3.0484e+02	-6.1429e+02	2.5991e+03	-7.4844e+02	2.7751e+03	5.0209e+03	1.0369e+03	1.2740e+03	1.4295e+03	-1.2806e+03	-1.8265e+03	3.1235e+03	1.3657e+03	1.2052e+03	-1.8439e+03	-5.6098e+02	3.8667e+03	2.3701e+03	2.5915e+03	1.0267e+02	-3.0513e+03	9.8959e+02	1.6286e+03	-3.8889e+03	3.8941e+02	1.2435e+03	-2.2729e+03	3.4735e+03	-1.7844e+03	-3.4784e+03	-9.9009e+02	-2.2934e+02	1.3681e+02	-1.0789e+03	2.0788e+03	2.2516e+03	-2.4808e+03	-8.3379e+02	-1.0236e+03	7.4877e+02	-4.2088e+03	2.9284e+03	2.7658e+01	-9.3777e+02	9.3031e+02	-1.6580e+03	2.7288e+02	6.9586e+02	-5.8924e+02	2.3018e+03	2.5416e+03	-2.4607e+02	-1.6746e+03	4.7112e+03	2.8996e+03	-6.4419e+02	6.4851e+02	2.5461e+03	1.1794e+03	-8.8972e+02	-1.5962e+03	2.2927e+02	7.0955e+02	2.1223e+03	2.3326e+01	-9.0917e+02	-1.8927e+02	-4.7253e+03	-3.4804e+02	6.7289e+02	-2.0666e+03	-1.2927e+03	-4.5355e+03	-1.4642e+03	1.9210e+01	1.9730e+03	1.0578e+03	-4.0463e+02	1.6400e+03	1.0479e+02	-4.4616e+02	-2.2168e+02	-2.0891e+01	2.9779e+02	-1.3425e+03	2.0942e+03	-1.6245e+03	-1.0062e+03	-1.7608e+03	-2.9871e+02	4.0715e+01	2.0686e+03	-2.9149e+02	-1.3435e+03	-1.5047e+02	1.6592e+02	1.4218e+03	-1.2822e+03	6.4243e+02	1.1937e+03	-6.6055e+02	1.1250e+03	4.2253e+02	-1.4525e+03	-2.7139e+03	9.3853e+02	2.1070e+03
2.0000e+05	-1.4174e+03	-4.8720e+02	6.7943e+02	-1.1561e+03	9.2602e+02	3.6670e+01	-2.0252e+03	-1.3494e+03	2.8881e+02	-6.5394e+02	3.5858e+02	-1.7122e+02	-1.6128e+03	-2.5023e+03	-4.2924e+02	7.6253e+02	3.2296e+02	-7.7682e+02	-7.5312e+02	1.7584e+02	-1.4589e+03	1.9128e+03	5.7803e+01	-1.1016e+03	1.3275e+02	-1.9871e+03	-3.3445e+02	3.7135e+02	1.3874e+03	9.7653e+01	4.3796e+02	-7.6323e+02	-9.7366e+02	-1.5679e+03	-7.4957e+02	-5.7411e+01	-1.6106e+02	2.7701e+02	-6.0426e+02	-4.9526e+02	2.8442e+01	-1.0990e+02	-3.0446e+03	-2.7773e+03	-9.1712e+02	6.9985e+02	4.4939e+02	1.5196e+03	-3.5443e+02	-3.1097e+01	-1.6886e+03	-2.2983e+03	-1.9217e+03	-8.0168e+01	-3.3285e+02	4.9450e+02	-1.4423e+02	6.7865e+01	-1.4351e+03	-6.2740e+02	-7.9614e+02	-3.4843e+02	-6.8264e-01	-5.4392e+02	1.1129e+03	-1.4512e+03	3.9241e+02	-1.1641e+03	3.6667e+02	4.2780e+02	9.4898e+02	-7.0119e+02	-2.5576e+02	-1.8963e+03	-1.5747e+03	-4.1983e+02	-3.1362e+02	-1.2143e+03	-1.5417e+03	-4.4129e+02	6.8944e+02	1.3562e+03	-7.7950e+02	-6.8459e+02	2.5989e+02	7.4720e+02	2.3047e+02	-4.8982e+02	-1.9658e+03	2.1841e+03	8.3602e+02	-1.2823e+02	-1.8718e+02	1.1435e+02	-2.3645e+01	-2.0146e+03	-3.1657e+02	6.7032e+02	-2.6258e+02	-1.9961e+03	-1.1507e+03	2.9496e+02	7.0154e+02	-1.2859e+02	6.7567e+02	-2.1897e+02	4.3576e+02	-8.6556e+02	-6.8988e+02	1.7815e+03	5.9472e+00	2.4613e+02	-1.2770e+03	3.8538e+02	-7.9664e+02	-2.0691e+03	-1.7994e+02	-1.8187e+03	-5.2644e+02	-7.6578e+02	-1.5003e+03	-9.0204e+01	-2.8502e+02	3.3479e+02	-4.1028e+02	2.1582e+02	-6.2662e+02	3.7705e+02	6.1570e+02	8.3454e+01	9.3837e+02	-2.0238e+03	5.0661e+02	-2.1887e+03	-1.3979e+03	-1.1544e+03	2.3817e+01	-1.5895e+02	-9.4658e+02	-1.6780e+03	-3.4282e+02	-6.9445e+02	-6.2556e+02	1.3580e+03	1.1264e+03	-1.1216e+03	-2.7898e+02	5.1376e+02	4.2932e+02	5.8890e+02	-1.1598e+03	-1.0067e+03	-1.8373e+03	-6.0455e+02	2.1941e+02	-2.0375e+03	-1.3735e+03	2.8015e+02	-2.5532e+03	6.5663e+02	-2.3786e+03	-7.6253e+02	-2.3217e+03	3.7321e+02	-1.4945e+03	-2.9770e+02	2.0751e+02	3.2021e+02	-2.2138e+03	-1.4210e+03	2.1698e+03	-1.4023e+03	-1.3205e+02	6.3117e+02	-6.6494e+02	-2.7784e+02	-2.7177e+03	1.1223e+03	-5.8496e+02	-2.1180e+03	-1.0131e+03	7.8592e+02	1.4038e+02	2.7844e+02	2.5223e+02	-1.7890e+03	-2.6085e+03	4.4392e+02	-9.2990e+02	-3.4446e+02	-1.0353e+03	-1.0271e+03	7.3607e+02	2.1166e+03	1.8892e+03	1.3285e+03	-7.0132e+02	1.1165e+02	1.0969e+03	3.1931e+02
2.0000e+05	5.5841e+02	1.9676e+03	-4.4600e+03	-1.9880e+02	-4.5895e+03	5.1968e+02	-1.5678e+03	-3.6312e+02	1.3932e+02	3.2769e+03	3.0821e+03	-3.0435e+02	3.4759e+02	3.2968e+03	-1.7576e+02	-1.1003e+03	7.2983e+02	2.2227e+02	2.7862e+03	3.0327e+02	-1.4874e+03	9.4586e+01	-4.1757e+02	-2.7240e+03	-2.5081e+03	-8.2954e+01	-2.2074e+03	1.3353e+02	-2.8830e+03	2.7551e+01	-1.4045e+03	-2.3400e+03	5.4262e+03	1.4755e+03	-8.9629e+02	-3.2222e+03	-2.5625e+03	-4.4185e+02	1.2981e+03	7.9588e+02	-2.6683e+02	1.9317e+03	-8.2775e+01	-3.4050e+03	-2.1424e+03	-4.1723e+02	-3.8015e+03	-8.2921e+02	2.8338e+03	1.4123e+03	-1.4380e+03	-2.8954e+02	1.3926e+03	1.3979e+03	-2.5418e+03	-4.4758e+03	5.6399e+02	2.8727e+02	-5.2670e+02	-1.7296e+03	-9.3569e+02	2.8351e+02	-1.8924e+03	-1.2069e+03	2.3238e+03	1.4906e+02	-3.4313e+02	3.9357e+02	3.7935e+02	-1.0028e+03	4.9387e+02	-1.2066e+03	1.5873e+03	5.7665e+02	8.4566e+02	-9.4917e+02	2.9989e+03	5.7357e+01	-4.1960e+02	2.4241e+03	2.2273e+02	-1.2745e+03	-1.8191e+02	2.1773e+02	6.3361e+02	-2.2755e+03	-1.8914e+03	6.7331e+02	-5.6501e+02	5.8862e+02	-2.3323e+02	1.7012e+02	9.3510e+02	-1.5209e+03	-2.7521e+02	2.0632e+03	-1.9609e+02	2.7244e+03	4.8640e+03	1.5316e+03	1.0966e+03	1.6793e+03	-6.8573e+02	-1.6418e+03	3.1847e+03	1.7755e+03	1.3283e+03	-1.6744e+03	2.6863e+01	3.7174e+03	2.5438e+03	3.0276e+03	5.8907e+02	-2.6042e+03	8.2557e+02	1.2220e+03	-3.6173e+03	9.8171e+02	3.2112e+02	-1.8244e+03	3.0660e+03	-1.6542e+03	-4.1124e+03	-1.1640e+03	-8.0908e+02	-1.1729e+02	4.7486e+02	2.0772e+03	2.2681e+03	-3.5334e+03	-8.0559e+02	-8.6755e+02	-2.3356e+02	-4.8680e+03	1.6916e+03	-7.7420e+02	-5.7877e+02	6.6629e+02	-1.6719e+03	7.8809e+02	6.1764e+02	-9.5180e+02	2.3296e+03	2.4126e+03	1.7170e+02	-1.3686e+03	3.8759e+03	1.9722e+03	-3.9411e+02	1.1222e+03	3.1471e+03	1.6203e+03	-1.1843e+03	-2.0770e+03	3.2484e+02	6.5900e+02	2.6229e+03	1.1648e+03	-1.6877e+03	2.1105e+02	-4.6096e+03	-2.5479e+02	7.4943e+02	-2.1144e+03	-1.2522e+03	-4.6159e+03	-2.5089e+03	-3.3168e+02	9.4175e+02	2.1746e+03	-3.5543e+02	1.2526e+03	-1.7117e+02	-7.0311e+02	1.0636e+02	-3.5215e+01	-1.6769e+02	-1.3456e+03	1.5976e+03	-1.2405e+03	-1.0486e+03	-1.4985e+03	-1.5245e+00	2.6717e+02	1.4215e+03	2.1890e+02	-1.9119e+03	-5.9795e+02	-5.4546e+02	1.1884e+03	-1.2998e+03	8.5350e+02	1.1530e+03	-6.9424e+02	1.2077e+03	1.3944e+02	-1.3319e+03	-1.6456e+03	8.3223e+02	2.5404e+03
