2.0000e+04	1.8479e+02	-5.6147e+02	-3.2291e+02	2.0045e+02	-2.0358e+02	-3.5682e+02	5.7668e+02	-3.3056e+02	6.5619e+02	-5.9562e+01	-1.6781e+02	-2.7133e+02	2.9058e+02	7.8630e+02	7.9365e+02	1.9006e+01	-1.8695e+02	-2.9223e+02	5.3847e+02	1.8050e+01	2.1749e+02	-8.7183e+01	1.2067e+02	-2.5928e+02	-4.9267e+02	-2.5489e+02	5.1550e+02	7.8449e+02	-1.1257e+02	-1.6106e+02	-4.0023e+02	-2.5791e+02	-1.3739e+02	-4.5383e+02	-1.1332e+02	-7.4508e+02	9.1162e+02	-6.7451e+02	5.6003e+02	-3.6842e+02	4.4142e+02	-2.4350e+02	-1.5249e+02	-2.0679e+02	1.5297e+01	3.2301e+02	4.8490e+02	1.0836e+02	-7.4379e+01	4.6106e+02	-8.6476e+02	2.4610e+02	-6.6684e+00	-9.3495e-01	5.7804e+02	2.2578e+02	-1.2786e+02	7.1967e+02	7.0508e+02	-6.6007e+02	4.4073e+02	7.2912e+01	3.5487e+01	-2.2321e+02	2.3686e+02	6.7726e+02	3.1342e+02	3.3535e+02	-7.5132e+00	1.8482e+02	-2.6137e+02	-1.9107e+02	-1.9761e+02	-1.3827e+02	2.9532e+01	4.2195e+00	-1.3735e+02	-4.0230e+02	-1.0395e+02	-3.0549e+02	-7.5544e+01	-1.6334e+01	-1.9034e+01	-2.5496e+02	2.6795e+02	1.6333e+02	5.7752e+01	-2.4640e+02	4.5120e+01	4.8609e+02	-1.8488e+02	1.6703e+02	6.1646e+01	2.1987e+01	-2.4170e+02	-2.6883e+02	-1.5166e+02	-1.5726e+02	1.9858e+02	2.0413e+02	2.0018e+02	-1.6530e+02	-5.0120e+02	4.1840e+02	-3.9831e+02	2.4870e+02	-2.7287e+02	2.0425e+01	4.4396e+02	3.0062e+01	-1.0659e+02	5.6886e+02	6.1218e+01	2.3632e+02	7.1139e+02	7.7229e+01	4.7679e+02	-6.9149e+02	-5.6823e+02	-1.7026e+02	-2.1130e+02	5.8683e+01	9.1278e+01	-3.6060e+02	-3.5169e+02	-7.2845e+00	1.9424e+02	-1.8103e+02	2.1580e+02	4.5688e+02	1.3052e+02	8.0734e+01	6.7168e+02	-4.1317e+02	1.5713e+02	1.6266e+02	-2.2220e+02	5.3538e+02	-5.9852e+02	-1.7230e+02	-1.7246e+02	8.0535e+01	-3.1167e+02	1.6913e+02	2.1908e+02	-2.3985e+02	-1.5017e+02	3.2312e+02	4.4425e+01	3.1851e+02	4.0182e+02	1.2681e+02	-4.7688e+02	-3.3268e+02	1.7396e+01	-1.9147e+01	-2.2592e+02	3.4938e+01	-1.2803e+01	8.0171e+01	-2.1826e+02	8.8594e+02	-2.5340e+02	-3.5825e+02	3.6800e+02	2.3171e+02	4.2958e+02	4.6294e+01	4.1384e+02	-3.4106e+02	-5.6648e+02	2.9095e+02	6.4507e+02	-1.7236e+02	1.9658e+01	-4.2061e+02	2.1547e+02	5.4978e+02	-1.9637e+02	-1.9978e+02	-2.7320e+02	-5.0192e+02	-2.8144e+02	-3.2487e+02	-1.9881e+01	-1.2969e+02	5.5132e+02	4.6167e+02	-1.6919e+02	-2.3084e+02	4.6895e+02	-2.2316e+02	1.8193e+02	-3.4679e+01	-2.4204e+02	5.5149e+01	-1.0627e+02	-3.4729e+02	6.2765e+02	2.7549e+02
2.0000e+04	5.6343e+02	1.1892e+02	-1.0093e+02	-1.8024e+02	2.7184e+02	1.1252e+02	-2.4315e+02	-7.6141e+02	3.9674e+02	-3.9080e+02	-1.9084e+02	-5.9676e+02	-1.3894e+02	-5.2502e+02	6.6389e+02	1.5149e+02	-9.3404e+01	6.1307e+02	-4.7360e+02	4.4114e+02	-1.6566e+02	-1.0886e+03	2.7396e+02	3.2388e+02	-7.3067e+02	1.5664e+03	4.3520e+02	7.0395e+02	8.4168e+01	2.0127e+03	8.4231e+02	1.1646e+02	5.1518e+02	2.6262e+02	6.2215e+02	-2.1546e+02	-6.7375e+02	1.6075e+01	1.4673e+01	-1.0645e+03	-1.5250e+02	-2.6544e+01	2.0469e+02	1.0950e+02	1.6294e+02	5.3343e+02	4.6975e+02	1.3914e+01	1.1800e+02	6.0340e+01	-1.8482e+02	1.3282e+02	-2.1708e+02	1.4897e+02	-3.9017e+02	2.3861e+02	3.8527e+02	-2.6987e+02	9.2017e+02	-1.2733e+03	1.2562e+03	2.3508e+02	6.1592e+02	1.0174e+03	1.4192e+01	4.2478e+01	2.4735e+01	-1.3729e+03	6.4494e+02	1.3616e+03	1.2247e+02	-2.0941e+02	4.2856e+02	3.8332e+01	5.3358e+02	5.1443e+02	-2.9580e+02	-2.2953e+02	1.1975e+02	-8.5715e+02	4.3058e+02	-5.8866e+02	4.2652e+02	-5.7249e+01	-7.2117e+02	4.4242e+02	3.6320e+02	2.1192e+02	4.7150e+02	-7.0252e+01	9.8983e+01	-1.1577e+02	3.8257e+01	-4.8262e+02	4.3183e+02	-1.8634e+01	5.3506e+02	-2.7535e+02	-1.0450e+02	2.2124e+02	-3.9367e+02	-3.5078e+02	1.9380e+02	9.9096e+01	-4.9806e+02	1.0604e+03	-2.7691e+02	1.3817e+02	-5.2717e+02	5.6705e+00	-1.7359e+02	3.2400e+02	9.1641e+01	7.2158e+01	-7.6237e+02	3.0971e+02	4.5345e+01	-3.3513e+01	3.3485e+02	-1.3896e+02	-1.6821e+02	-6.6825e+02	-1.3895e+02	7.1309e+02	-1.5730e+03	-3.7577e+02	-2.5296e+02	-7.7114e+02	4.4768e+02	3.6488e+02	-3.3743e+02	4.9099e+02	7.2302e+02	-6.7508e+02	3.8730e+02	-9.7809e+02	-1.6092e+02	3.5599e+02	8.4822e+01	1.5061e+03	-2.8147e+02	-4.6522e+02	-1.4581e+02	9.6461e+01	9.7106e+01	1.7456e+02	6.8820e+02	-2.0625e+00	-4.4153e+02	1.3897e+03	-6.8043e+02	-2.8161e+02	1.1425e+02	-4.2111e+02	-1.9833e+02	6.0851e+01	4.0945e+02	1.3959e+02	9.7455e+01	-2.6586e+01	1.6449e+03	-9.0612e+01	2.2533e+02	-9.6603e+02	6.3502e+02	-6.2966e+01	-8.6221e+02	-5.4802e+02	2.4784e+01	3.9570e+02	-3.6499e+02	5.3829e+02	-6.2564e+02	7.3742e+02	1.6083e+02	-8.5810e+02	3.0921e+02	4.9539e+02	3.4344e+02	-5.2603e+01	-1.9640e+02	5.7302e+02	5.9216e+02	7.8833e+02	-2.2390e+02	6.7508e+02	4.8759e+02	-9.0447e+02	-4.5206e+02	-8.4011e+02	-7.4733e+00	-8.8389e+02	-4.6981e+02	1.1884e+02	3.1467e+02	-8.8589e+02	-9.2786e+02	-1.0366e+03	3.6259e+02	8.3257e+01
4.0000e+04	-1.3996e+02	-5.5362e+02	-2.4709e+02	2.3512e+02	-2.1427e+02	-2.7258e+02	3.1095e+02	-1.3798e+02	3.9278e+02	-5.0032e+02	-1.0826e+02	-1.7322e+02	1.5574e+02	5.0461e+02	1.0499e+03	-1.8034e+02	-1.1336e+02	-4.5593e+01	8.3229e+02	-3.0662e+01	-8.6265e+00	3.8332e+02	3.7760e+01	-3.8052e+02	-4.5277e+02	-3.3560e+02	1.1940e+03	1.2072e+03	-2.3201e+01	-2.3451e+02	-7.0326e+02	-3.6394e+02	-1.7703e+02	-6.6933e+02	5.2260e+02	-3.2600e+02	1.1959e+03	-8.1329e+02	1.0706e+02	-3.9351e+02	1.0932e+02	-2.0425e+02	-2.8963e+02	1.5232e+01	1.6260e+02	6.2588e+01	8.0542e+02	-5.8797e+01	-6.1251e+01	3.8203e+02	-3.6186e+02	1.7585e+02	-2.9989e+02	-3.0161e+02	6.5681e+02	4.3316e+01	-4.3962e+01	8.7165e+02	1.2015e+03	-1.1051e+03	1.6118e+02	1.5983e+02	7.5324e+01	-8.1811e+02	3.8481e+02	8.3498e+02	6.1840e+02	6.8528e+02	-2.4464e+02	1.5981e+02	-3.3473e+02	-1.4315e+02	-2.7507e+02	-3.8246e+02	1.2989e+02	-2.3882e+02	-2.9368e+01	-8.6617e+02	-5.7447e+01	3.9551e+02	-4.4342e+02	-2.9569e+02	-1.0907e+02	3.7897e+02	1.1620e+03	6.0765e+02	-2.7199e+02	1.3154e+02	-5.0093e+02	3.9040e+02	-3.3520e+02	-6.5650e+02	1.1379e+02	-3.8164e+02	-2.4151e+02	-2.2610e+02	-2.7691e+02	-2.8981e+02	-5.4777e+02	5.1808e+02	-3.7076e+02	1.6532e+02	-1.9907e+02	2.6810e+02	-4.3592e+02	-5.4215e+01	-3.5825e+02	-3.6829e+02	-2.6291e+02	-2.3460e+01	-4.5108e+02	3.2983e+02	-5.8178e+02	3.3179e+02	1.2234e+03	9.8155e+01	3.0400e+02	-6.4491e+01	-7.9108e+02	4.0530e+01	-1.9915e+01	-1.1004e+02	3.8108e+02	-1.0889e+02	-1.0056e+03	-5.8608e+02	5.6059e+01	-3.0867e+02	-1.5117e+02	4.4985e+02	2.3664e+02	-1.8789e+02	5.3638e+02	1.8437e+02	2.3722e+02	1.0124e+02	-2.0694e+02	5.2611e+02	-6.8626e+02	4.5667e+02	-1.1817e+02	6.9067e+02	-1.2863e+02	-4.9792e+02	5.1698e+02	2.2848e+01	4.1638e+02	-2.5206e+02	-4.4322e+02	6.1604e+02	1.9627e+01	6.5562e+02	-8.0282e+02	-8.6469e+02	-2.1252e+02	2.1123e+02	-7.3538e+02	-1.4479e+02	-3.5608e+01	-7.5294e+02	-7.4415e+02	1.2687e+03	-3.6713e+02	-2.4973e+02	1.1066e+03	8.0169e+02	9.2084e+01	-5.2753e+02	3.7241e+02	-3.5318e+02	5.9116e+01	-1.7796e+02	4.4840e+02	-5.6491e+02	-2.3319e+01	-6.4044e+02	4.2406e+02	7.5175e+02	-5.2868e+02	-1.3081e+02	-3.8365e+02	-3.4090e+02	-1.4059e+02	-6.6118e+02	-4.5378e+02	-2.6019e+02	9.8139e+02	-5.0572e+02	-2.2647e+02	-5.7745e+02	9.7370e+02	-7.9338e+02	6.6743e+02	-2.3396e+02	1.3614e+02	-2.3902e+02	2.2503e+02	-2.9236e+02	9.1025e+01	4.4618e+02
4.0000e+04	3.4542e+01	2.1751e+02	5.0280e+02	-1.1462e+03	-4.9957e+02	2.4552e+01	-1.6089e+02	-1.6538e+03	-7.9810e+02	6.1150e+02	-2.0797e+02	-5.0274e+02	-8.6300e+02	-7.0200e+02	1.3245e+03	1.3859e+03	-1.1019e+03	-8.1890e+01	-1.1273e+03	2.9717e+02	-6.4682e+02	-1.2144e+03	2.1543e+02	1.0972e+03	-4.2216e+02	1.5159e+03	1.7603e+02	3.9638e+02	1.3321e+03	1.6076e+03	3.9625e+02	1.5655e+03	1.5768e+03	9.9769e+02	8.1890e+02	-6.8960e+02	-8.2851e+02	-1.3032e+03	2.8975e+01	-2.1931e+03	-2.3449e+02	-8.1474e+02	1.5521e+03	8.8156e+02	-9.2268e+02	1.5864e+02	1.1294e+02	-1.5294e+02	-4.9950e+02	1.5031e+02	4.5103e+01	-5.8649e+02	4.6842e+02	8.5823e+02	3.4944e+02	5.8624e+02	8.5707e+02	-6.7409e+01	1.0024e+03	-3.4989e+02	1.0527e+03	1.3160e+02	9.8552e+02	9.1583e+02	-8.4884e+02	-3.3945e+02	-3.3923e+02	-2.5712e+03	5.7811e+02	3.8944e+02	-5.0662e+02	-2.6616e+02	7.0060e+02	2.8213e+01	-1.3644e+01	1.3610e+03	-9.0953e+02	-5.2241e+02	-8.3003e+02	-7.0114e+02	2.6865e+02	-9.7312e+02	-1.1920e+02	1.9194e+02	-1.2424e+03	1.3264e+02	1.0153e+01	1.2115e+03	7.7082e+02	-3.1706e+02	-3.0379e+02	1.3872e+02	2.7615e+02	-8.8063e+02	-9.3575e+00	-5.4715e+02	2.6473e+02	-6.2818e+02	-9.3620e+02	-3.2566e+02	1.4647e+02	-8.9402e+02	5.8179e+02	-1.5486e+02	-5.4741e+02	1.5737e+03	2.2827e+02	-3.7497e+02	-9.7515e+02	-4.7273e+01	4.9355e+02	-2.1986e+01	3.6565e+02	-2.1986e+02	-6.2582e+02	2.3342e+02	5.4800e+02	2.4951e+02	5.9178e+02	2.6360e+02	-7.5407e+01	-1.5571e+03	-6.9742e+02	1.1883e+03	-1.2815e+03	-5.1430e+02	9.9374e+01	-1.7149e+03	2.9296e+02	5.3709e+02	5.9348e+02	1.5339e+03	8.6419e+02	-5.9296e+02	-6.9847e+01	-1.5593e+03	1.4242e+03	8.0255e+01	-1.0980e+03	1.6021e+03	-9.1115e+01	-1.8902e+01	5.9331e+02	-7.7765e+02	3.6631e+02	-8.0365e+02	1.2517e+03	3.4587e+02	2.1746e+02	1.6104e+03	-4.6901e+02	-9.0582e+02	-2.0209e+02	7.3354e+02	6.8202e+02	-1.4949e+02	1.0005e+03	6.7452e+02	1.5019e+01	-8.7732e+02	1.1225e+03	-6.6701e+02	-4.8155e+02	-1.1072e+03	4.1596e+02	-1.0161e+03	-8.5961e+02	-1.7512e+02	5.2085e+02	-4.1799e+01	2.0328e+02	1.3674e+03	-2.9077e+02	6.9465e+02	-6.6864e+01	-6.7095e+02	6.4230e+02	1.8073e+03	8.8662e+02	6.2625e+02	-5.9756e+02	2.4562e+02	1.1246e+03	7.8632e+02	-9.1954e+02	7.5247e+02	6.2134e+02	-1.8702e+03	-1.2873e+03	-6.4251e+02	7.2283e+01	-1.8868e+03	-1.3616e+02	7.9684e+01	1.1272e+03	-6.3045e+02	-6.9449e+02	-1.0577e+03	4.3287e+02	-1.3119e+02
6.0000e+04	1.6763e+02	-6.9639e+01	4.1992e+02	1.7541e+02	-1.2149e+01	-4.7740e+02	2.1065e+02	3.7279e+02	5.8450e+02	-9.9374e+02	2.4591e+02	-7.1972e+02	7.8378e+01	2.6239e+02	1.1056e+03	2.5212e+01	-3.7012e+02	6.4744e+01	1.3070e+03	4.1642e+01	1.7996e+01	1.0496e+03	-1.7150e+02	-4.5777e+02	-6.6365e+02	-1.3516e+03	1.4005e+03	9.6133e+02	-1.6354e+02	-3.7892e+02	-1.3345e+03	4.9005e+02	5.9378e+02	-1.0565e+03	5.7617e+02	-5.1120e+01	9.5589e+02	-8.9216e+02	-4.0937e+02	-1.8039e+02	-4.7553e+02	-2.3981e+02	-8.4611e+01	4.1095e+01	-3.6987e+02	-1.6665e+02	6.3485e+02	9.3117e+01	-3.3268e+02	5.9751e+02	-1.7712e+02	-2.4940e+02	-5.5915e+02	2.8135e+02	2.6989e+02	-8.5086e+02	-2.7611e+02	1.2036e+03	1.2410e+03	-8.8945e+02	-2.7735e+02	6.9758e+02	-2.2204e+02	-7.5215e+02	6.9989e+02	1.4233e+03	6.4907e+02	6.3935e+02	3.9063e+01	-9.0528e+01	-6.4109e+02	-5.1716e+02	-2.5377e+02	1.8416e+02	3.0434e+00	-1.5594e+02	7.6303e+02	-8.3302e+02	9.8375e+01	9.0243e+02	3.5361e+01	-5.5577e+02	-1.1050e+02	2.5538e+02	1.1791e+03	1.0668e+03	-4.0426e+02	-3.7336e+02	-2.1744e+01	2.5537e+02	-5.2213e+02	-5.7729e+02	5.0761e+02	-8.6460e+02	2.1783e+02	-1.4128e+02	2.4706e+02	-4.6137e+01	-1.1308e+03	2.2485e+02	-3.7209e+02	6.4122e+02	-4.3426e+02	1.9761e+02	-1.4539e+03	5.1394e+02	-7.8901e+01	-2.1783e+02	-7.3475e+01	-1.6761e+01	-6.1068e+02	8.9917e+02	-6.9133e+02	-2.6225e+02	1.8127e+03	1.6530e+02	4.7787e+02	-6.2180e+02	-7.5122e+02	-1.7797e+01	4.8326e+02	1.0600e+02	7.6656e+02	-4.6779e+02	-6.2189e+02	-5.0003e+02	-4.5312e+00	-9.8506e+00	-2.3315e+02	4.7325e+02	-1.2818e+02	-1.2207e+02	1.1020e+03	4.1723e+02	2.5590e+01	-2.7008e+02	1.2876e+02	1.7543e+02	-2.1628e+02	1.1100e+02	-3.7996e+02	7.2822e+02	-2.5605e+02	-5.3978e+02	1.8260e+02	6.0397e+02	5.2756e+02	-4.1106e+02	-2.6086e+02	7.4587e+02	-3.3911e+02	3.9592e+02	-4.0831e+02	-7.8963e+02	-4.1610e+02	5.2965e+02	-7.6754e+02	-4.5520e+02	-3.5021e+02	-6.6143e+02	-1.2532e+03	1.6613e+03	-9.3654e+02	-4.2389e+02	9.4679e+02	1.3479e+03	-4.6538e+02	-6.2119e+02	1.6168e+02	-6.8511e+02	4.9090e+02	4.1512e+01	1.9552e+02	-4.9004e+02	7.0457e+02	-7.7212e+02	3.7369e+02	2.2286e+02	-7.6879e+02	7.3325e+00	-3.4814e+02	-3.6734e+02	-2.6036e+02	-7.8868e+02	-6.5513e+02	5.2729e+02	9.2726e+02	-5.8290e+01	-3.9688e+02	-3.5436e+01	1.0582e+03	-6.4856e+02	1.0348e+03	-7.3000e+02	6.1169e+01	-3.9249e+02	-1.9046e+02	-1.7582e+02	4.8829e+02	2.1622e+02
6.0000e+04	-6.7047e+02	7.5254e+02	7.1803e+01	-5.5936e+02	-5.3313e+02	-5.0712e+02	-3.5475e+02	-1.6805e+03	-2.0656e+03	1.2287e+02	5.7596e+02	-2.4535e+02	-1.2009e+03	-3.1898e+01	1.9108e+03	1.9863e+03	-1.1050e+03	1.0116e+03	-1.3173e+03	-3.6203e+01	-1.0225e+02	-1.4000e+03	-2.0774e+02	4.9367e+00	-2.0904e+02	1.9040e+03	-4.7915e+02	6.4093e+02	5.0481e+02	1.4906e+03	7.8763e+02	2.1005e+03	1.7282e+03	1.1719e+03	1.7841e+03	-5.1831e+02	-1.8727e+03	-1.7898e+03	-1.2109e+03	-2.0231e+03	1.2339e+02	5.2912e+02	9.9747e+02	1.2260e+03	-1.3665e+03	9.1034e+02	4.1976e+01	-6.7459e+02	-9.5505e+02	-4.9869e+02	-7.4269e+01	-2.8874e+02	-2.9394e+02	1.2859e+03	1.0090e+02	8.1073e+02	8.3115e+02	4.9795e+01	7.2455e+02	-2.8352e+02	1.7245e+03	9.7537e+02	1.2005e+03	5.4620e+02	-7.2944e+02	3.3026e+02	3.0821e+02	-8.6823e+02	3.0163e+02	1.1495e+03	-1.3343e+03	5.2215e+02	1.2213e+03	1.4999e+02	-1.3434e+02	1.6718e+03	-1.6104e+03	1.9216e+02	-5.6061e+02	-5.1365e+02	-1.3736e+01	-2.0477e+03	6.1077e+02	2.2852e+02	-1.7818e+03	-8.1588e+02	4.0546e+02	1.6609e+03	1.5864e+03	-6.6334e+02	-9.2473e+02	5.5688e+02	-1.7421e+02	-7.2159e+02	-1.0302e+02	-1.6590e+03	7.6438e+02	-1.5211e+03	-1.5417e+03	-2.1189e+03	-6.1040e+02	-1.0914e+03	1.0455e+03	-2.1995e+02	-7.5551e+02	1.3781e+03	-3.1443e+02	-7.5503e+02	-6.6931e+02	-3.1597e+02	7.7378e+02	4.8909e+02	-2.9061e+02	-2.8083e+02	-1.1042e+02	1.8824e+03	1.4536e+03	7.8082e+02	1.3220e+03	2.7952e+02	-2.4165e+02	-4.9240e+02	-2.5079e+03	1.3882e+03	5.6739e+01	-2.9809e+02	-1.0783e+03	-2.2415e+03	1.7338e+02	2.5568e+02	2.9133e+02	9.8370e+02	2.1938e+03	-1.0470e+03	-1.3074e+03	-1.6201e+03	1.4742e+03	4.5306e+00	-1.8509e+03	1.6670e+03	-6.4738e+02	-5.0051e+01	4.6873e+02	-6.2901e+02	8.4804e+02	-3.0568e+02	1.8550e+03	4.4795e+02	-8.7995e+02	1.6835e+03	-8.5183e+02	-1.7606e+03	-1.2823e+03	7.3187e+02	4.8069e+02	3.3672e+02	9.2562e+02	-3.0144e+02	4.4145e+00	-1.3788e+03	1.4370e+03	-1.0690e+03	2.4746e+02	-1.9553e+03	2.9261e+02	-3.7655e+02	-9.9136e+02	6.7066e+02	-2.2274e+02	3.3902e+02	3.3996e+02	7.7584e+02	1.0645e+03	1.4251e+03	1.1081e+03	-3.8785e+02	2.2602e+02	7.6663e+02	3.8018e+02	6.5435e+02	-1.9367e+03	2.8843e+02	1.3637e+03	1.3788e+03	-7.2142e+02	8.4449e+02	-5.5624e+02	-1.4925e+03	-7.2695e+02	-1.2946e+03	-5.0813e+02	-1.6527e+03	-3.9467e+02	-1.0436e+02	1.3248e+03	-4.0928e+02	-2.6694e+02	-1.2882e+03	9.7151e+02	-7.7582e+02
8.0000e+04	6.5723e+01	-2.4778e+02	5.6545e+02	-9.0403e-01	-7.2378e+01	-6.7981e+02	8.4121e+02	4.5879e+02	5.4366e+02	-8.9846e+02	1.3258e+01	-9.3034e+02	6.9041e+01	2.0561e+02	1.6340e+03	-5.4114e+02	-1.6523e+02	-3.2075e+02	9.8718e+02	5.5768e+02	3.8951e+02	1.0739e+03	-2.4230e+02	-1.3081e+02	-7.1337e+02	-1.3804e+03	1.0647e+03	1.2515e+03	2.3395e+02	2.9852e+02	-1.7579e+03	1.2671e+02	9.6011e+02	-7.8407e+02	4.4293e+02	-1.2432e+02	1.2633e+03	-1.3582e+03	-7.4816e+02	1.1659e+02	-9.0387e+02	-1.6306e+02	-8.1970e+02	6.1592e+01	1.1521e+02	-3.6682e+02	4.6724e+02	-3.5652e+02	-1.8212e+02	4.4190e+02	-4.7465e+02	-1.2732e+02	-4.8463e+02	3.9143e+02	2.3552e+02	-3.2927e+02	-3.7297e+02	8.8907e+02	1.3101e+03	-1.0487e+03	-2.1509e+02	6.4789e+02	-5.5256e+02	-7.8601e+02	1.2578e+03	1.7215e+03	5.9529e+02	9.7446e+02	6.2049e+01	7.8407e+02	-1.0939e+03	-7.8545e+02	-3.1980e+02	-8.6535e+01	2.7897e+02	6.6423e+01	2.8047e+02	-7.3325e+02	2.8005e+02	1.0347e+03	2.7550e+02	-2.4703e+02	1.8478e+01	1.5252e+02	6.3818e+02	1.0178e+03	-1.4038e+02	-4.8877e+02	-4.0374e+02	1.9259e+02	-3.5231e+02	-2.8626e+02	7.0962e+02	-7.5133e+02	4.9798e+02	2.6958e+01	2.5399e+02	-1.2741e+02	-9.2581e+02	-1.3397e+02	-6.7106e+02	1.2667e+03	-2.6958e+02	8.4667e+02	-2.1033e+03	8.2639e+02	4.7000e+02	3.3228e+02	9.5908e+01	5.6460e+02	1.1940e+02	1.2657e+03	-7.1057e+02	-8.7095e+00	1.3902e+03	1.9694e+02	1.1584e+02	-4.2660e+02	-7.4488e+02	7.7784e+01	1.7975e+01	6.5187e+00	8.1088e+02	-1.1413e+03	-7.4812e+02	-6.8532e+02	9.3422e+01	-2.2093e+02	-5.5884e+02	2.9808e+02	-1.0319e+02	-2.1566e+02	1.0490e+03	3.5734e+02	-5.4812e+02	-9.1550e+01	7.4614e+02	7.8096e+02	-2.9852e+02	1.4733e+02	-5.4452e+02	3.1362e+02	-3.8767e+02	-8.5943e+02	2.9600e+02	8.0926e+02	-4.2671e+02	-2.5671e+02	-5.8076e+01	5.7054e+02	-8.3588e+02	6.0925e+02	-4.2179e+02	-9.0777e+02	-3.3431e+02	7.2533e+02	-7.6585e+02	-4.5615e+02	1.5243e+02	-9.9035e+02	-1.2370e+03	1.5779e+03	-1.2510e+03	3.3204e+02	7.7599e+02	1.3793e+03	-4.3519e+02	-5.2289e+01	1.9885e+02	-9.8135e+02	8.3920e+02	2.0103e+02	-3.9787e+00	-3.8242e+02	7.9716e+02	-1.1190e+03	-1.7334e+02	3.8563e+02	-1.0769e+03	7.5775e+01	-3.1556e+02	-5.2504e+02	-7.4735e+02	-7.9512e+02	7.4443e+01	-2.5518e+01	4.2572e+02	1.8539e+02	6.0817e+00	-1.2466e+02	1.1115e+03	-5.8001e+02	4.3212e+02	-1.3557e+03	-5.0878e+02	-3.8255e+02	-2.7902e+02	-5.7559e+02	4.6903e+02	9.9937e+01
8.0000e+04	-1.9850e+02	1.3130e+03	6.1984e+02	-3.2934e+02	-1.0458e+03	-3.0654e+02	-4.4007e+02	-1.3375e+03	-1.7894e+03	1.4398e+03	2.2959e+02	6.0712e+01	-1.8921e+03	-6.0931e+01	2.1944e+03	1.5472e+03	-5.7137e+02	1.4267e+03	-1.7673e+03	3.1953e+02	1.0382e+03	-1.4565e+03	-5.9220e+01	3.2390e+02	4.1435e+02	1.1803e+03	-5.2244e+02	3.4474e+01	3.4294e+02	1.2833e+03	1.2582e+03	1.4954e+03	1.8886e+03	1.5346e+03	2.7819e+03	-2.9330e+02	-2.6445e+03	-1.5422e+03	-1.9517e+03	-1.3476e+03	-5.1871e+02	3.3178e+02	1.0961e+03	6.3485e+02	-1.6537e+03	1.5396e+03	-1.3757e+02	-1.9059e+03	-9.4004e+02	3.5339e+00	3.8083e+02	1.4597e+02	-4.3662e+02	1.9227e+03	-7.0837e+02	8.6406e+02	8.6532e+02	1.7499e+02	-2.5753e+02	-3.6173e+02	4.9766e+02	1.0698e+03	7.2640e+02	1.0157e+03	-5.6078e+02	-4.5614e+02	-4.7031e+02	-6.1611e+02	5.9849e+02	7.3069e+02	-1.2111e+03	4.4198e+02	6.1110e+02	5.7811e+02	7.0867e+02	1.8028e+03	-9.1659e+02	-5.5211e+02	-1.8170e+01	-7.8770e+02	3.1287e+02	-2.1127e+03	-4.2195e+02	2.3506e+02	-2.9841e+03	-9.8661e+02	2.1894e+02	1.5079e+03	1.2804e+03	-1.3439e+02	-6.9009e+02	6.4996e+02	-1.9615e+03	-7.1851e+02	5.5520e+02	-1.8467e+03	4.2921e+02	-2.1459e+03	-1.1120e+03	-3.3118e+03	-1.2494e+03	-1.5163e+03	1.0078e+03	-8.0819e+02	-2.8071e+02	1.3491e+03	-4.5784e+02	-1.1423e+03	-1.6730e+03	-9.0963e+02	1.7479e+03	1.5025e+03	-3.9951e+02	-4.1407e+02	7.2935e+01	1.5958e+03	1.3026e+03	8.4423e+02	2.0709e+03	-4.6490e+02	-3.4020e+02	-7.1441e+02	-2.4657e+03	1.5546e+03	1.9907e+03	1.0161e+02	-9.2520e+02	-2.6672e+03	1.9868e+02	1.0983e+03	8.1364e+02	1.0727e+03	1.6596e+03	3.7119e+02	-1.2211e+03	-1.1592e+03	1.8050e+03	-7.6157e+02	-5.6674e+02	9.4560e+02	-1.1919e+03	9.9543e+02	1.0360e+03	-6.7856e+02	7.0401e+02	-7.5509e+02	1.3568e+03	6.9871e+02	-6.0711e+02	2.2868e+03	-7.7951e+02	-8.8347e+02	-1.2719e+03	1.1609e+03	3.3147e+02	1.5690e+02	1.4035e+03	-3.0824e+02	1.3478e+03	-8.9555e+02	2.3209e+03	-9.4255e+02	-5.2985e+02	-1.5428e+03	-3.3126e+02	-1.1002e+03	-7.3054e+02	6.8224e+02	3.1719e+02	-1.0075e+03	7.9219e+02	-7.8595e+01	1.7250e+03	2.4176e+03	8.1222e+02	-5.3673e+02	-1.7377e+02	9.0713e+01	1.1210e+01	3.4087e+02	-2.3119e+03	2.1871e+02	7.7468e+02	1.8623e+03	-8.0852e+02	6.9989e+02	-6.4743e+02	-1.3792e+03	-6.6410e+02	-1.7047e+03	-1.0995e+03	-1.8408e+03	-4.1168e+02	-4.7824e+02	1.8796e+03	1.7122e+02	6.4727e+02	-4.2856e+01	-1.5363e+01	-4.7301e+02
1.0000e+05	2.0871e+02	-7.4663e+02	3.4258e+02	4.4220e+02	-1.7069e+02	-5.2021e+02	9.7925e+02	5.4161e+02	9.5439e+02	-6.1983e+02	1.5143e+02	-8.1551e+02	-7.4875e+02	5.5725e+02	1.5720e+03	-7.1364e+02	-3.1104e+02	-8.7446e+02	8.6782e+02	8.1142e+02	4.4772e+02	8.5996e+02	-5.1978e+01	-1.1904e+02	-1.4887e+03	-1.5548e+03	1.2823e+03	1.2978e+03	-4.7018e+01	2.7608e+02	-1.8671e+03	2.5608e+02	-7.3955e+01	-4.3441e+02	-6.3741e+01	3.7717e+02	1.3298e+03	-1.7119e+03	-9.4078e+02	1.4405e+02	-3.8483e+02	-2.7598e+02	-1.0403e+03	2.2688e+02	2.3118e+02	-6.2219e+02	7.6343e+02	5.3133e+02	-7.1427e+02	5.4711e+02	-7.5401e+02	-8.5448e+01	1.4926e+02	2.3758e+02	4.3508e+02	-7.5918e+01	-2.0832e+02	9.4874e+02	1.9048e+03	-1.2519e+03	-4.1734e+02	3.7581e+02	2.5669e+02	-1.9434e+02	1.0696e+03	1.7895e+03	1.7576e+02	1.6030e+03	5.7032e+01	1.0891e+03	-1.1198e+03	-9.3320e+02	-1.2201e+02	-2.0668e+02	1.1150e+02	8.1377e+00	6.9473e+02	-6.2539e+02	4.4677e+02	8.5467e+02	7.1309e+02	-1.1441e+02	-6.7825e+02	6.9328e+02	5.3257e+02	1.2799e+03	-3.7454e+02	-2.0515e+02	-1.8923e+02	-2.8389e+02	3.4314e+02	-2.0122e+02	1.3943e+03	-8.1077e+02	3.4475e+02	-1.9770e+02	1.0626e+02	-5.9948e+02	-1.3952e+03	-5.4466e+01	-6.1861e+02	9.5194e+02	-1.5631e+02	1.0280e+03	-1.9367e+03	4.7483e+02	7.5496e+02	1.8731e+02	-2.9755e+02	7.0109e+02	1.8259e+02	1.7848e+03	-6.8802e+02	-1.0978e+02	1.5816e+03	9.1237e+01	-9.4658e+01	1.0855e+02	-1.3816e+02	-5.5859e+02	6.1708e+02	-1.8209e+01	3.4563e+02	-1.1398e+03	-1.0524e+03	-5.3451e+02	2.0566e+02	-2.8395e+02	-5.0063e+02	3.6812e+02	-1.3399e+02	-3.4865e+02	2.0345e+03	4.6350e+02	-4.3343e+02	-2.3945e+02	4.7366e+02	1.0170e+03	-3.3376e+02	-9.1777e+02	-7.8990e+02	1.7100e+02	-1.0465e+03	-9.7838e+02	1.0165e+03	1.3864e+03	-9.1559e+02	1.7959e+02	1.2379e+02	2.6611e+02	-9.7618e+02	7.7236e+02	-5.6915e+02	-1.1137e+03	-3.4437e+02	-2.9096e+02	-1.1935e+03	8.9266e+01	-3.9628e+02	-1.1141e+03	-1.6003e+03	2.3934e+03	-1.4121e+03	5.6641e+01	8.6094e+02	1.2470e+03	-6.1437e+02	-5.5846e+02	-3.1236e+02	-1.5048e+03	1.1369e+03	-8.8165e+01	2.9151e+02	-3.2157e+02	9.3333e+02	-1.0951e+03	4.2715e+02	-4.3762e+02	-1.4019e+03	6.1534e+01	-2.8872e+02	-4.8455e+02	-6.2809e+02	-6.9107e+02	7.1185e+02	-2.9123e+02	6.2496e+02	4.3626e+02	-2.6214e+02	-1.8075e+02	9.2758e+02	-7.3735e+02	-8.3869e+01	-8.2594e+02	-4.2094e+02	-6.9951e+02	2.1004e+01	-4.6435e+02	4.4407e+02	3.4489e+02
1.0000e+05	-1.2907e+03	1.5242e+03	7.1183e+02	-3.5572e+02	-1.5498e+03	-2.8556e+02	-1.0470e+03	-1.2473e+03	-4.2112e+03	2.1661e+03	6.7403e+02	-9.0204e+02	-2.3192e+03	-2.7463e+02	2.0348e+03	8.2019e+02	-1.0433e+03	1.7215e+03	-9.7725e+02	-3.8628e+01	2.9586e+02	-1.3079e+03	-2.9343e+02	-5.3430e+02	8.4606e+02	5.5589e+02	3.9078e+02	4.4888e+02	1.8145e+02	1.6791e+03	1.3928e+03	-8.2141e+00	2.9107e+03	1.4977e+03	3.4789e+03	-5.9481e+02	-3.4442e+03	-1.2920e+03	-2.1251e+03	-1.5890e+03	-1.0886e+03	-1.5853e+02	1.5572e+03	2.7578e+01	-2.0057e+03	1.9415e+03	-7.9395e+02	-1.4524e+02	-1.1366e+03	-1.4199e+03	5.8842e+02	3.2383e+02	-1.7081e+02	1.2755e+03	-1.3700e+03	1.0226e+03	7.7406e+02	-7.6211e+01	-6.3889e+02	-6.4475e+02	4.0261e+02	9.3796e+01	2.5411e+02	9.4766e+02	2.1075e+02	-1.4313e+02	-5.6899e+02	4.0479e+02	1.0167e+03	9.1362e+02	-1.8768e+03	7.8784e+02	6.9552e+02	9.4077e+02	4.4789e+02	2.2782e+03	-1.6638e+03	-1.9521e+02	6.6079e+02	-1.1373e+03	5.7651e+02	-1.5465e+03	-3.3276e+02	5.8032e+02	-3.9089e+03	-1.4444e+03	8.8895e+02	1.6875e+03	1.3614e+03	2.7060e+02	-1.0817e+03	1.3269e+03	-2.0301e+03	-3.6482e+02	2.6750e+02	-5.9769e+02	5.8786e+02	-1.6470e+03	-2.7638e+02	-3.3573e+03	-1.5394e+03	-1.7664e+03	7.0447e+02	-1.0439e+03	5.9675e+02	1.4909e+03	-6.8881e+02	-5.5210e+02	-1.9909e+03	-1.6124e+03	2.5282e+03	1.0582e+03	-1.2140e+03	-6.3844e+02	8.6994e+02	8.3718e+02	1.1228e+03	1.8700e+02	1.4346e+03	-1.7346e+03	6.6142e+02	-1.2277e+03	-2.5619e+03	7.6267e+02	1.5274e+03	9.3022e+02	-3.7314e+01	-2.3171e+03	5.0583e+02	1.3992e+03	1.2375e+03	1.5489e+02	1.4852e+03	-7.1126e+00	-1.7757e+03	-7.0362e+02	1.3190e+03	-2.8350e+02	-8.1441e+02	2.1523e+03	-1.0980e+03	3.5726e+02	1.6293e+03	-8.6134e+02	4.9377e+01	-6.6894e+01	1.8993e+03	4.7465e+02	-1.2076e+03	1.9042e+03	-5.3743e+02	-3.1935e+02	-1.3281e+03	6.1141e+02	6.6394e+02	2.0799e+02	2.8818e+03	-1.7545e+03	1.4629e+03	-6.3350e+02	2.6014e+03	-1.3490e+03	-5.7686e+02	-1.3708e+03	-7.0094e+02	-1.8546e+03	-2.4172e+02	9.5349e+02	5.0069e+02	-1.2208e+03	1.2045e+03	7.6785e+01	1.4739e+03	2.1763e+03	6.9853e+02	-9.0883e+02	-1.8479e+02	-2.9313e+02	3.7154e+02	2.1996e+02	-2.5966e+03	5.0951e+02	1.2235e+03	1.5552e+03	-1.1722e+03	1.9045e+02	4.4142e+02	-1.0926e+03	-1.6482e+03	-2.8659e+03	-9.7472e+02	-1.7028e+03	-4.0794e+01	-8.6960e+02	1.5843e+03	7.8417e+02	1.2006e+03	9.3329e+01	-1.0277e+03	-2.0963e+02
1.2000e+05	7.1806e+02	-5.7795e+02	2.5315e+02	2.4014e+01	-5.2249e+02	-3.9211e+02	1.0108e+03	2.8509e+02	1.0397e+03	-9.9804e+02	3.8013e+02	-4.8268e+02	-5.3604e+02	7.7377e+02	1.5790e+03	-7.4073e+02	-8.4464e+01	-1.1266e+03	2.6842e+02	3.5859e+00	8.8834e+02	6.1328e+02	1.0486e+02	-1.0475e+02	-8.9352e+02	-1.8856e+03	1.4390e+03	1.1655e+03	-2.9572e+02	2.5662e+02	-1.7796e+03	8.8270e+02	-8.4720e+01	-5.7871e+02	1.0793e+02	1.0116e+03	1.5930e+03	-1.9930e+03	-9.6202e+02	1.0739e+02	-3.7410e+02	-6.7583e+01	-1.2886e+03	3.3129e+02	4.7480e+02	-5.4699e+02	1.1545e+03	2.6724e+02	-5.6856e+02	9.0287e+02	-7.0809e+02	-1.2827e+02	5.3152e+02	4.9885e+02	3.5611e+02	2.1281e+02	3.0049e+02	6.1535e+02	2.0077e+03	-1.7122e+03	-8.6083e+02	8.2480e+02	6.0543e+01	2.9146e+02	1.6002e+03	2.0914e+03	6.4398e+02	1.5430e+03	-6.0389e+02	1.0873e+03	-1.6017e+03	-6.7060e+02	5.1014e+02	-5.4373e+02	-4.1246e+02	3.4683e+02	2.4012e+02	-7.0994e+02	-1.9484e+02	8.6958e+02	5.7451e+02	-3.9841e+02	-3.2774e+02	5.5442e+02	8.6361e+02	1.5468e+03	-5.7547e+02	2.4509e+02	-4.7652e+02	-3.0302e+02	3.7006e+02	-7.6537e+02	1.4892e+03	-8.8257e+02	2.1160e+02	-7.3360e+02	-3.0652e+02	-7.4338e+02	-1.2828e+03	3.5630e+01	-1.8297e+02	1.1347e+03	6.5038e+02	9.5785e+02	-1.9304e+03	4.5884e+02	6.7480e+02	4.8303e+02	-3.2203e+02	2.4771e+02	-2.8587e+02	1.5937e+03	-1.2254e+02	-6.2343e+02	1.8858e+03	4.2657e+02	-5.0086e+01	1.2402e+02	1.7824e+02	-4.7068e+02	5.3734e+02	-7.7446e+01	3.5106e+01	-1.5518e+03	-1.6188e+03	2.6172e+02	-5.2895e+02	-2.7149e+01	-2.2208e+02	2.0303e+02	-2.3294e+02	-3.5506e+02	2.3519e+03	7.4730e+01	-9.7350e+02	-7.7486e+02	1.1074e+03	9.6539e+02	-6.0365e+02	-6.6133e+02	-5.9645e+02	2.1880e+02	-1.3328e+03	-1.1913e+03	9.9968e+02	1.4670e+03	-1.5245e+03	1.8614e+01	-1.6025e+02	4.9597e+02	-1.0418e+03	3.3298e+02	-5.8056e+02	-5.7745e+02	7.2641e+01	-2.3800e+02	-9.8168e+02	2.3349e+02	-8.6222e+02	-1.2658e+03	-1.7354e+03	2.2739e+03	-1.0728e+03	-1.1273e+01	1.3356e+03	1.2057e+03	-8.3771e+02	-7.6682e+02	-4.7520e+02	-1.4086e+03	1.2747e+03	-3.0646e+02	1.8028e+02	6.9596e+02	1.2061e+03	-3.0456e+02	7.1246e+02	-3.1376e+02	-2.1469e+03	-1.1107e+02	-4.7640e+02	-1.0586e+02	-6.7719e+02	-1.3085e+03	3.5523e+02	-7.2954e+02	8.8427e+02	-1.7324e+02	-1.6798e+01	1.1025e+02	1.1730e+03	-5.7028e+02	-7.5935e+02	-9.1125e+02	-1.5918e+02	-1.1712e+03	-6.3706e+01	-6.0018e+02	-1.2539e+02	1.6194e+02
1.2000e+05	-1.4007e+03	1.9595e+03	3.2282e+02	-4.5958e+02	-1.2995e+03	1.5042e+02	-1.9748e+03	-1.6684e+03	-5.3301e+03	2.2722e+03	9.4057e+02	-1.7838e+03	-2.1551e+03	-1.5068e+02	2.0861e+03	-3.5750e+02	-1.8683e+03	1.6814e+03	-1.2201e+02	-3.1246e+02	6.9564e+02	-1.7421e+03	2.8544e+02	-4.1042e+02	6.2787e+02	1.7313e+03	-1.6663e+02	1.6888e+02	-7.3950e+02	1.6452e+03	-1.4245e+02	9.5557e+02	3.7970e+03	1.7089e+03	3.4853e+03	-1.0035e+03	-2.5519e+03	-1.9526e+03	-1.7985e+03	-4.6414e+02	-1.3533e+03	-6.0864e+02	1.6151e+03	1.2204e+03	-3.2405e+03	1.8378e+03	-1.4649e+03	-8.6112e+02	-1.5319e+03	-7.7274e+02	1.1205e+03	1.6219e+02	-5.6581e+02	2.3019e+03	-2.1946e+03	2.0210e+03	7.7772e+02	2.3841e+02	-1.2565e+03	-7.6246e+02	1.0452e+03	-1.5246e+02	4.6307e+02	1.0323e+03	-2.7527e+02	-1.4331e+02	-1.0061e+03	5.2712e+02	1.2124e+03	7.2857e+02	-2.2033e+03	6.8536e+02	7.8046e+02	6.3311e+02	2.8271e+02	2.9819e+03	-2.6103e+03	-8.2861e+02	1.1199e+03	-6.7978e+02	2.2419e+03	-1.4103e+03	2.2665e+02	1.2304e+03	-4.0841e+03	-1.4083e+03	7.3301e+02	1.3859e+03	2.5354e+03	3.1461e+02	-1.5938e+03	1.9462e+03	-2.1252e+03	-1.1971e+02	5.5073e+02	-2.2827e+02	-2.3792e+02	-2.6137e+03	-3.1116e+02	-2.8636e+03	-2.2665e+03	-2.1399e+03	6.4275e+02	-1.2352e+03	1.1051e+03	2.0091e+03	-6.9647e+02	-6.3453e+02	-1.3059e+03	-9.3773e+02	2.0464e+03	1.6917e+03	-1.3711e+03	-4.1967e+02	1.1187e+03	1.4753e+03	1.3212e+02	4.1784e+02	1.8921e+03	-1.6065e+03	8.0939e+02	-1.0014e+03	-3.3526e+03	9.2733e+02	1.7308e+03	5.3959e+02	5.1654e+02	-2.0332e+03	-2.2593e+02	1.1979e+03	1.0296e+03	-3.9917e+02	1.1571e+03	-7.3979e+02	-2.3574e+03	-4.5098e+02	1.5921e+03	4.4332e+02	-6.3196e+02	1.6703e+03	-3.5296e+02	4.0782e+02	-8.1910e+01	3.2601e+01	2.4449e+02	1.0069e+03	1.9695e+03	4.7148e+02	-4.4873e+02	2.1976e+03	-4.9742e+02	4.6456e+02	-5.7266e+02	5.5985e+02	1.2040e+03	2.8389e+02	1.8692e+03	-2.8084e+03	1.7438e+03	-7.2038e+02	2.3366e+03	-1.0510e+03	-5.4542e+02	-8.7476e+02	-1.5967e+03	-2.1884e+03	3.6905e+02	4.7663e+02	6.2452e+02	-2.3070e+02	9.9910e+01	3.4174e+01	2.1130e+03	2.0312e+03	-3.6481e+02	-1.1706e+03	-3.0525e+02	-1.6345e+03	-9.3028e+01	-1.3276e+02	-3.8530e+03	5.4627e+02	1.2685e+03	5.3938e+02	-6.9906e+02	4.5693e+02	8.4807e+02	-2.0184e+02	-1.1789e+03	-2.4186e+03	-1.5885e+03	-1.8415e+03	-3.1399e+02	-7.4463e+02	1.5867e+03	1.1595e+03	8.7104e+02	-1.0941e+02	-1.1435e+03	2.1594e+02
1.4000e+05	1.0271e+03	-5.6291e+02	9.1467e+01	-2.8060e+02	-6.2357e+02	-3.5716e+02	1.1837e+03	-1.0617e+02	1.2400e+03	-7.7467e+02	7.7220e+02	-5.2482e+02	-2.5887e+02	-2.4863e+01	1.2983e+03	-9.5252e+02	-6.3209e+02	-5.3935e+02	4.4701e+02	1.1154e+02	6.3216e+02	7.1042e+02	-4.6367e+01	-6.4444e+02	-8.7720e+02	-1.8227e+03	1.4677e+03	4.6963e+02	-4.4558e+02	-1.2576e+02	-1.8526e+03	1.2025e+03	4.9070e+02	2.6007e+02	-2.9850e+02	1.4650e+03	2.1692e+03	-1.3747e+03	-9.9317e+02	1.8228e+02	-1.6833e+02	-8.2312e+02	-1.7368e+03	5.6528e+00	1.3062e+03	-5.5914e+02	1.5688e+03	-2.6756e+02	-1.0162e+03	6.1007e+02	-1.1649e+03	4.0958e+02	1.4792e+02	1.8644e+02	7.5758e+02	2.1718e+02	6.8169e+02	5.1089e+02	1.8878e+03	-2.5084e+03	-1.9655e+02	5.2602e+02	7.7766e+00	5.4213e+02	1.1389e+03	2.4599e+03	1.0556e+03	1.3900e+03	-7.3389e+02	8.7341e+02	-1.9918e+03	-5.2665e+02	-8.0773e+01	-2.0994e+02	-3.2035e+02	7.7766e+01	5.7920e+02	-3.8129e+02	-1.3592e+02	7.0673e+02	3.2871e+02	-5.6835e+02	-3.8813e+02	6.1624e+02	1.1138e+03	1.8607e+03	-1.0283e+03	1.1005e+02	-1.1567e+03	-6.6172e+02	1.0207e+03	-6.2603e+02	1.4625e+03	-5.4731e+01	3.7411e+02	-5.2700e+02	5.9217e+00	-4.6554e+02	-9.9894e+02	3.4161e+02	-1.8291e+02	1.2482e+03	2.6106e+02	8.1825e+02	-2.7851e+03	4.5782e+02	7.7973e+02	1.0685e+03	-3.6256e+02	2.3637e+02	-6.4308e+02	1.2454e+03	4.4009e+02	-6.7657e+02	1.7518e+03	5.5404e+02	-6.2837e+01	1.8846e+02	5.6643e+02	-5.0923e+02	6.6865e+02	3.1032e+02	-1.5454e+02	-2.9832e+03	-2.1450e+03	4.4226e+02	-5.0923e+02	7.1813e+01	-5.8130e+02	-3.2718e+01	-1.7985e+01	-1.1442e+03	2.2801e+03	2.6662e+02	-1.4815e+03	-1.0684e+03	1.7414e+03	1.0307e+03	-4.8674e+02	-5.3069e+02	-3.4531e+02	4.9723e+02	-1.0935e+03	-6.2211e+02	9.1762e+02	1.5372e+03	-1.6851e+03	-2.1353e+02	-7.4757e+02	3.7756e+02	-7.9268e+02	5.5326e+02	-7.5781e+02	-1.0412e+03	8.4225e+01	-6.4475e+02	-4.4682e+02	8.3609e+01	-5.0257e+02	-2.5099e+02	-1.9629e+03	2.4497e+03	-5.2283e+02	3.4774e+02	1.8108e+03	1.2497e+03	-1.4029e+03	-6.3659e+02	-4.0188e+02	-1.4732e+03	1.2106e+03	-4.2208e+02	5.0353e+02	4.6995e+02	1.4388e+03	-1.2510e+01	1.0001e+03	-6.8518e+02	-2.5650e+03	3.4665e+02	-7.7174e+02	3.1892e+02	-1.1110e+03	-1.9639e+03	3.3333e+02	-1.0866e+03	7.6970e+02	-2.1388e+02	-2.6046e+02	1.9110e+02	1.0973e+03	-9.9993e+02	-7.2017e+02	-9.4912e+02	-4.2662e+02	-8.6208e+02	-2.0260e+02	-4.3524e+02	3.7595e+02	7.0466e+02
1.4000e+05	-1.6193e+03	1.8792e+03	-1.5390e+02	-3.8535e+02	-1.2086e+03	7.8322e+02	-1.7760e+03	-8.6192e+02	-5.6326e+03	2.8532e+03	9.4945e+02	-2.5527e+03	-2.2459e+03	-1.7746e+02	1.8158e+03	-9.6072e+02	-2.5859e+03	9.6765e+02	-7.2544e+02	6.6467e+02	4.5105e+02	-1.1608e+03	8.8552e+02	1.6927e+02	9.8103e+02	1.7888e+03	1.0407e+02	-3.8946e+02	-2.0036e+01	1.2877e+03	-1.8333e+02	8.9012e+02	3.6198e+03	2.3905e+03	3.1588e+03	-1.1787e+03	-1.9331e+03	-1.6604e+03	-3.0637e+03	2.2099e+01	-1.0338e+03	-7.1283e+02	2.6081e+03	1.3045e+03	-1.8849e+03	1.3737e+01	-1.7495e+03	-1.3256e+03	-1.8478e+03	-1.1842e+03	1.3714e+03	4.8256e+01	-1.8484e+03	1.9172e+03	-1.9458e+03	2.2578e+03	2.8510e+02	-5.4220e+02	-1.4881e+03	-1.0002e+03	1.8248e+03	-3.0427e+02	6.0047e+02	2.9120e+02	-8.8314e+02	-4.8746e+02	-7.8259e+02	9.9039e+02	-3.1495e+02	-5.3676e+02	-2.7148e+03	7.1878e+02	3.5333e+02	8.6239e+02	-7.8876e+02	2.6449e+03	-2.3073e+03	-5.4401e+02	1.5564e+03	-1.5537e+03	2.8128e+03	-9.8368e+02	2.6004e+02	1.3030e+03	-3.6660e+03	-8.5461e+02	5.8003e+02	1.2138e+03	1.9981e+03	-2.1861e+02	-3.3933e+02	2.2752e+03	-2.3718e+03	-7.2616e+02	5.5975e+02	-2.5686e+01	1.2641e+02	-3.1727e+03	-1.1483e+03	-2.1337e+03	-2.2479e+03	-2.2507e+03	3.8511e+02	-7.5880e+02	4.1190e+02	2.5805e+03	-1.9892e+02	-3.6243e+02	-1.3544e+03	-7.7804e+02	2.5964e+03	2.2151e+03	-2.0542e+03	-3.0743e+02	3.2809e+02	1.8653e+03	-4.6484e+02	1.9104e+02	1.2420e+03	-1.8973e+03	7.7982e+02	-1.7755e+03	-2.8714e+03	8.9534e+02	2.6173e+03	-9.9932e+02	4.5184e+02	-3.2215e+03	-6.0529e+02	1.2000e+03	1.2608e+03	-9.1718e+02	1.6542e+03	-5.3235e+02	-1.9894e+03	-3.0238e+02	1.4639e+03	3.6743e+02	-1.1663e+03	6.3728e+02	-1.2931e+02	1.3090e+03	4.2728e+02	-3.5244e+02	2.6204e+02	1.6207e+02	1.8901e+03	8.6816e+02	-5.3514e+02	3.8054e+03	-2.2799e+02	-3.3820e+02	-6.6419e+02	3.6494e+01	1.3796e+03	5.8227e+02	1.0157e+03	-3.1258e+03	1.5459e+03	-9.7921e+02	2.3249e+03	-1.4914e+03	3.2229e+02	-8.2292e+02	-1.6160e+03	-1.8578e+03	1.0781e+03	4.0034e+02	5.3123e+02	-2.3090e+02	1.0953e+03	-2.8221e+02	1.4101e+03	8.2515e+02	-1.0013e+03	-1.7586e+03	1.5230e+02	-1.8256e+03	5.1322e+01	-9.0483e+02	-3.1853e+03	1.1100e+03	4.1349e+02	6.7794e+02	-1.4771e+03	6.7454e+02	2.1255e+02	-2.3395e+02	-4.6478e+02	-2.2515e+03	-1.8925e+03	-1.6293e+03	-3.2794e+02	-3.5190e+02	1.4847e+03	1.5620e+03	1.4548e+03	-1.6793e+02	-8.6144e+02	-1.6306e+02
1.6000e+05	1.4049e+03	-6.1461e+02	1.6854e+02	-3.4491e+02	-9.7834e+02	-5.5549e+02	1.5879e+03	2.2584e+02	7.3358e+02	-7.4615e+02	1.1252e+03	-8.2785e+02	-2.0354e+02	7.9817e+02	1.2350e+03	-9.1521e+02	-2.5094e+02	-1.5244e+02	1.8935e+02	-2.3551e+02	7.8348e+02	9.3949e+02	1.1587e+02	-4.1975e+02	-4.7627e+02	-2.0574e+03	1.5565e+03	9.2364e+02	-1.6818e+02	-2.5637e+01	-1.5421e+03	1.3558e+03	3.6346e+02	-7.7421e+02	-4.3820e+00	1.6195e+03	2.4989e+03	-9.6608e+02	-1.0968e+03	1.0889e+02	1.1681e+02	-1.1183e+03	-1.3626e+03	-6.6063e+02	1.2901e+03	-2.7674e+02	1.7293e+03	-4.4526e+02	-9.0113e+02	1.3535e+03	-1.8300e+03	9.1013e+01	4.7657e+01	4.9916e+02	9.7185e+02	3.4064e+02	1.2827e+03	4.4277e+02	1.9705e+03	-2.5837e+03	7.5482e+01	2.8445e+02	1.0564e+02	9.6985e+02	1.2355e+03	2.6781e+03	1.2753e+03	1.3239e+03	-4.9998e+02	8.4363e+02	-1.9781e+03	-1.3298e+03	-6.9062e+02	-4.6963e+02	-5.6953e+02	4.2455e+02	3.2299e+02	-2.4908e+02	-2.5883e+02	7.9771e+02	-3.0532e+02	-7.3573e+02	-8.3286e+02	7.3710e+02	8.7203e+02	1.9564e+03	-1.2708e+03	2.2186e+02	-1.2526e+03	-2.7205e+02	1.1558e+03	-4.9764e+02	1.1032e+03	4.1842e+02	2.6835e+02	-7.4543e+02	-3.1271e+02	-1.3107e+03	-9.6998e+02	5.3022e+02	-1.5284e+02	1.0327e+03	9.0673e+02	1.0099e+03	-2.6110e+03	4.1070e+02	9.4406e+02	1.3933e+03	3.4554e+02	1.6114e+02	-4.1927e+02	1.2782e+03	4.1956e+02	-1.8168e+02	1.1702e+03	9.1753e+02	-6.4086e+02	-5.0632e+02	7.6730e+02	-1.1622e+03	-2.1394e+02	-2.5417e+02	3.1904e+02	-3.0812e+03	-1.4450e+03	5.0877e+02	-4.6166e+02	-1.2166e+02	-7.8901e+02	-3.6008e+01	-1.0601e+02	-9.5881e+02	2.2878e+03	2.0489e+02	-2.0384e+03	-8.7213e+02	2.2909e+03	9.3186e+02	-9.6096e+02	-3.8499e+02	-5.7620e+02	3.5205e+02	-1.4276e+03	-7.3856e+02	1.0295e+03	2.1929e+03	-1.3188e+03	6.9519e+01	-1.1018e+03	1.7450e+02	-9.1167e+02	7.8361e+02	-8.6903e+02	-1.0027e+03	-1.5023e+02	-7.0148e+02	-2.6768e+02	5.8953e+02	1.8563e+02	-5.9518e+02	-2.1216e+03	2.5452e+03	-4.7566e+02	7.0470e+02	1.6056e+03	1.4961e+03	-1.3344e+03	-8.2094e+02	3.8844e+02	-2.1645e+03	8.7475e+02	-6.8354e+02	5.2312e+02	6.1971e+02	1.7052e+03	3.1658e+02	1.3054e+03	-1.4340e+02	-2.4391e+03	8.6091e+01	-9.6353e+02	3.6563e+02	-1.2465e+03	-2.0687e+03	5.9959e+02	-1.3439e+03	7.2570e+02	-1.6125e+02	-2.7665e+02	6.3298e+02	1.1058e+03	-1.0435e+03	-6.7072e+02	-9.8880e+02	-5.8046e+02	-5.4912e+02	-2.7033e+02	-5.3319e+02	4.1263e+02	1.2292e+03
1.6000e+05	-2.0583e+03	1.9208e+03	2.4898e+02	9.9583e+02	-2.5763e+03	3.8226e+02	-1.5485e+03	-1.7092e+03	-5.3029e+03	3.0465e+03	1.2255e+03	-2.6820e+03	-1.9695e+03	-2.8051e+02	1.7063e+03	-1.7612e+03	-2.3243e+03	5.7922e+02	-8.3637e+02	2.0594e+02	1.5435e+03	-1.0911e+03	3.1648e+02	1.5877e+02	7.7821e+02	1.1412e+03	4.5633e+02	-3.4167e+02	8.1342e+02	2.1179e+03	-7.9714e+02	1.4682e+03	4.0711e+03	3.2321e+03	3.7587e+03	-2.1154e+03	-1.1132e+03	-8.0172e+02	-3.4159e+03	5.6538e+01	2.4513e+02	-4.4070e+02	2.0569e+03	1.5402e+03	-9.0583e+02	-9.8857e+02	-1.6091e+03	-2.0371e+03	-1.8296e+03	-1.0787e+03	1.1495e+03	-4.3838e+02	-2.0206e+03	1.6081e+03	-2.6489e+03	2.3859e+03	-5.5021e+01	-8.7209e+02	-1.8231e+03	-9.6746e+02	1.7060e+03	3.6454e+02	2.8191e+02	2.9273e+02	-1.6844e+03	-1.2132e+03	-1.5766e+03	1.3682e+03	-2.6892e+02	-7.6296e+02	-2.6632e+03	1.9938e+03	3.2479e+02	1.4585e+03	-1.0462e+03	2.3024e+03	-2.7020e+03	-6.5617e+02	1.4116e+03	-1.0940e+03	3.3894e+03	-1.1035e+03	5.1462e+02	1.8013e+03	-3.8439e+03	-1.1765e+03	8.3188e+02	2.1342e+03	1.8299e+03	-4.6464e+02	1.9165e+02	2.6523e+03	-2.1968e+03	-1.2423e+03	8.4811e+02	4.9887e+02	1.0805e+02	-3.2264e+03	-1.0258e+03	-2.6033e+03	-1.9824e+03	-1.6010e+03	-1.2920e+03	-8.6082e+02	5.4806e+02	1.0692e+03	3.9358e+02	-7.4012e+02	-1.6822e+03	-1.3895e+03	3.3981e+03	2.4714e+03	-1.5913e+03	-1.1546e+03	4.6584e+02	2.3638e+03	2.3130e+02	-1.0092e+02	1.4292e+03	-2.2430e+03	7.7765e+02	-1.8235e+03	-3.6046e+03	9.3170e+02	2.2199e+03	-7.5340e+02	-7.5651e+01	-2.9838e+03	-7.1202e+02	1.4447e+03	-7.1174e+01	-5.8211e+02	1.4108e+03	-7.4120e+02	-2.2540e+03	-7.5536e+02	-9.7434e+00	5.8078e+01	-2.7799e+02	6.6444e+02	-2.3950e+02	9.7620e+02	1.7117e+02	7.3590e+02	1.7349e+02	-1.6299e+02	1.9354e+03	9.5827e+02	6.3586e+02	4.3885e+03	-4.2425e+01	2.2626e+02	5.7614e+02	-3.0112e+02	1.2932e+03	9.2595e+02	1.1858e+03	-2.4691e+03	1.9936e+03	-3.0559e+02	2.3164e+03	-1.4315e+03	1.1673e+03	-1.4274e+03	-1.4150e+03	-1.6619e+03	1.8884e+03	-5.7886e+02	1.7564e+03	-8.8099e+02	1.6863e+03	2.6917e+02	2.0208e+03	1.1651e+02	-1.4251e+03	-1.2864e+03	-3.3039e+02	-1.2122e+03	3.4599e+02	1.0660e+02	-3.1703e+03	1.0597e+03	9.2066e+01	1.1397e+03	-1.4512e+03	-7.6748e+01	-1.0678e+02	-1.7193e+02	-7.0050e+02	-3.2372e+03	-2.8351e+03	-2.0333e+03	-9.6922e+02	-4.6427e+02	1.1276e+03	2.3444e+03	2.3629e+03	-2.4893e+02	-2.4766e+03	-1.1909e+03
1.8000e+05	1.7395e+03	-9.7594e+02	1.2407e+03	-4.5273e+02	-5.7319e+02	-7.5576e+02	1.5480e+03	-1.7324e+02	1.1051e+03	-7.7798e+02	2.9068e+02	-1.0426e+03	-7.4121e+01	2.8484e+02	1.0343e+03	-8.5776e+02	-6.6913e+02	-1.2676e+02	-3.7403e+02	-4.3745e+02	3.5746e+02	1.0660e+03	8.6108e+02	-9.3658e+02	-5.7168e+02	-1.3168e+03	1.4233e+03	5.6108e+02	-2.9577e+02	1.6750e+02	-1.8055e+03	1.3906e+03	-1.6401e+02	-9.9811e+02	6.3624e+01	1.7190e+03	2.5547e+03	-1.2383e+03	-2.0102e+03	-4.2663e+01	-2.2185e+02	-8.8646e+02	-2.0302e+03	-1.1754e+03	7.1042e+02	-6.9229e+00	1.6465e+03	-7.1632e+02	-1.0948e+03	1.2707e+03	-1.4252e+03	6.2462e+01	-3.6954e+02	1.4803e+03	9.5937e+02	7.9513e+02	1.2953e+03	-1.9264e+02	9.1504e+02	-2.9479e+03	5.6738e+02	-6.8889e+01	-2.3812e+02	1.0349e+03	9.9566e+02	2.0868e+03	9.9436e+02	9.0790e+02	-3.0225e+02	9.9259e+02	-2.2771e+03	-1.7205e+03	-8.3408e+02	-6.2118e+02	-8.3143e+01	2.2303e+02	5.9558e+02	-3.7747e+02	-2.9407e+02	3.8661e+02	-5.5819e+02	-4.4357e+02	-1.0231e+03	1.4637e+03	4.6666e+02	1.8514e+03	-1.2460e+03	2.4873e+02	-6.4300e+02	4.8331e+01	1.1585e+03	-8.7252e+02	1.1581e+03	1.0304e+03	-2.0328e+02	-8.7546e+02	-5.5138e+02	-1.7088e+03	-9.3399e+02	2.8240e+02	-2.5519e+02	9.8279e+02	1.0072e+03	8.2605e+02	-2.4820e+03	-1.9455e+02	7.0997e+02	1.2628e+03	3.5387e+02	2.3750e+02	-4.9104e+02	8.5550e+02	-2.0298e+02	-6.3383e+02	1.5621e+03	6.4405e+01	-5.7603e+02	-5.3890e+02	5.2578e+02	-1.1942e+03	-2.6183e+02	-3.3569e+02	7.8375e+02	-3.0170e+03	-1.7086e+03	7.1552e+02	-7.3517e+02	-3.7205e+02	-1.3982e+03	7.7949e+01	-3.8513e+02	-8.6753e+02	2.2750e+03	-4.7807e+02	-2.1453e+03	-1.6927e+03	1.8476e+03	8.6910e+02	-7.2809e+02	-2.4157e+02	-9.1973e+02	5.4584e+02	-1.8652e+03	-4.4008e+02	1.5219e+03	2.6745e+03	-1.7384e+03	2.5708e+02	-1.3143e+03	5.2924e+02	-1.0985e+03	2.2175e+02	-8.4483e+02	-1.2449e+03	-1.9047e+02	-1.0257e+03	3.8310e+02	8.0962e+02	-2.8119e+02	-1.2155e+03	-2.0821e+03	1.8912e+03	1.7033e+02	6.7773e+02	1.2717e+03	2.0012e+03	-1.6130e+03	-1.1322e+03	5.0149e+02	-1.8245e+03	1.5590e+03	-3.3761e+02	4.1265e+02	8.0989e+02	1.3877e+03	-5.9124e+01	7.2099e+02	-3.9181e+02	-2.8506e+03	1.9050e+02	-1.4249e+03	3.8582e+02	-1.3287e+03	-2.5237e+03	5.2059e+02	-1.7419e+03	-1.1217e+01	-7.7770e+02	1.0527e+03	4.4487e+02	1.4440e+03	-8.5394e+02	-4.0354e+02	-1.0303e+03	-2.2973e+02	-9.2463e+01	-1.2893e+02	-9.4173e+02	1.2869e+03	1.6160e+03
1.8000e+05	-2.5403e+03	7.7500e+02	6.4817e+02	1.5485e+03	-4.0557e+03	9.4705e+01	-6.7698e+02	-2.8045e+03	-5.1758e+03	4.0117e+03	1.5040e+03	-2.4537e+03	-1.2075e+03	-1.0195e+02	2.7496e+03	-2.8629e+03	-3.0188e+03	6.1775e+02	-1.5916e+03	3.6200e+02	2.1383e+03	-1.1614e+03	-1.5906e+02	1.0476e+02	9.4476e+01	9.4400e+02	8.1734e+02	-6.9974e-01	6.6155e+02	2.5331e+03	-1.4655e+03	1.5840e+03	3.4101e+03	2.9485e+03	4.3102e+03	-2.0663e+03	-1.6363e+03	-1.5184e+03	-3.0603e+03	-3.6785e+02	-3.4481e+02	-1.4987e+03	2.4549e+03	1.5276e+03	-9.9204e+02	-1.6272e+03	-1.7620e+03	-2.0619e+03	-1.9488e+03	-1.0853e+03	1.3533e+03	1.5937e+02	-1.3599e+03	2.0071e+03	-2.9361e+03	2.1038e+03	1.0834e+03	-8.4109e+02	-1.5240e+03	-1.1731e+03	1.7330e+03	6.8448e+02	1.8965e+02	9.9436e+02	-1.2409e+03	-9.6339e+02	-1.5254e+03	7.3303e+02	1.0635e+03	-6.4899e+02	-1.7534e+03	2.6467e+03	9.0083e+02	1.4184e+03	-1.2846e+03	1.9331e+03	-3.7065e+03	-1.0053e+03	1.1233e+03	-7.2633e+02	2.2237e+03	-2.3159e+03	5.4170e+02	1.7640e+03	-2.7057e+03	-8.1507e+02	2.3499e+02	2.3344e+03	2.3480e+03	-9.4243e+02	6.6443e+02	2.4384e+03	-2.2339e+03	-1.4318e+03	3.9747e+02	-2.5235e+02	-5.6855e+02	-2.7437e+03	-5.0154e+02	-2.6138e+03	-2.0159e+03	-1.3592e+03	-5.5695e+02	-1.0682e+03	-3.8539e+02	1.4998e+03	1.0952e+03	1.3139e+02	-2.5361e+03	-1.4831e+03	2.9400e+03	1.9831e+03	-2.0747e+03	-5.3761e+02	5.6849e+02	2.3260e+03	8.2215e+01	6.1537e+02	1.0796e+03	-1.9048e+03	1.1133e+02	-1.7036e+03	-3.7928e+03	6.7430e+02	3.2278e+03	-1.4878e+03	-1.0263e+03	-2.7859e+03	-9.6392e+02	2.6092e+03	-8.8174e+02	-4.8091e+02	2.1225e+03	-7.7483e+02	-2.0766e+03	-1.4191e+03	2.1455e+02	-1.3692e+02	5.9173e+02	9.5975e+02	-2.9168e+02	1.4156e+03	3.8173e+02	2.7316e+01	-4.8158e+02	1.7318e+03	9.6712e+02	7.2195e+02	2.7955e+02	3.6751e+03	5.1912e+02	-3.3078e+02	-2.2383e+02	-1.1506e+03	1.0884e+03	1.2812e+03	1.9536e+03	-2.1872e+03	1.4553e+03	2.6425e+02	1.7510e+03	-3.4882e+02	1.1741e+03	-5.7291e+02	1.6160e+02	-2.2057e+03	2.6297e+03	5.3891e+01	1.3460e+03	-1.1911e+03	1.2644e+03	1.3759e+03	2.0824e+03	1.1389e+03	-1.9314e+03	-1.3347e+03	2.2681e+02	-1.9623e+03	2.8248e+02	-9.3412e+02	-3.0807e+03	4.9324e+02	6.3692e+02	1.9418e+02	-9.0517e+02	-4.8646e+02	9.9312e+02	4.9439e+02	-4.4392e+01	-3.2015e+03	-2.3625e+03	-1.1581e+03	9.5257e+01	-8.7956e+02	9.9125e+02	2.4576e+03	2.2397e+03	2.1132e+02	-2.3602e+03	-1.5380e+03
2.0000e+05	1.2794e+03	-9.7686e+02	1.0927e+03	-2.3674e+02	1.6271e+02	-1.0945e+03	1.6935e+03	-2.6287e+02	1.3275e+03	-1.1422e+03	1.6425e+02	-1.3012e+03	-2.0844e+02	-5.0207e+00	1.2740e+03	-5.1082e+02	-4.6252e+01	-6.4805e+02	-7.5516e+02	-6.1338e+02	9.1956e+02	5.4178e+02	1.0506e+03	-9.2941e+02	-6.9481e+02	-1.2940e+03	1.2356e+03	6.0670e+02	-1.4017e+02	-1.2165e+02	-1.6456e+03	8.7819e+02	-5.2057e+02	-1.5669e+03	1.3767e+02	1.7925e+03	2.6969e+03	-5.9665e+02	-2.2391e+03	2.7422e+02	3.3805e+02	-5.1691e+02	-2.0069e+03	-1.2555e+03	1.0113e+02	-1.8462e+02	7.6128e+02	-5.5962e+02	-9.1565e+02	9.8407e+02	-1.5000e+03	-3.7606e+02	-2.4638e+02	1.1420e+03	6.4604e+02	8.3145e+02	1.5463e+03	-5.1083e+02	6.1151e+02	-3.4713e+03	4.9919e+02	-3.1256e+02	1.4638e+02	6.0556e+02	5.0064e+02	1.9805e+03	8.9163e+02	6.1897e+02	-5.4423e+02	5.6808e+02	-2.3839e+03	-1.5187e+03	-9.5610e+02	-4.3661e+01	-3.8098e+02	1.6634e+02	8.7098e+02	-8.6049e+02	-3.8952e+02	6.1845e+02	-4.1701e+01	-4.2448e+02	-7.5648e+02	1.2518e+03	2.8357e+02	2.1944e+03	-1.1000e+03	1.7838e+02	-8.3837e+02	1.1758e+02	6.9517e+02	-9.4996e+02	1.0673e+03	7.0716e+02	-7.9003e+01	-1.2878e+03	-1.1992e+02	-1.6344e+03	-1.1686e+03	4.9172e+02	2.9486e+02	6.9179e+02	1.0447e+03	7.5046e+02	-2.3372e+03	-3.0258e+02	4.9002e+02	1.3847e+03	-1.1605e+02	-2.8970e+02	-4.6687e+02	7.9293e+02	-1.0697e+02	-1.1909e+03	1.8603e+03	1.2036e+02	-5.8846e+02	-4.9031e+02	6.9120e+02	-1.0083e+03	-1.0483e+03	-1.2116e+02	5.7086e+02	-3.0768e+03	-1.7295e+03	4.4264e+02	-1.1498e+03	-2.1796e+02	-8.7393e+02	4.1212e+02	-5.7052e+02	-1.1994e+03	2.2475e+03	-2.3324e+02	-1.4844e+03	-2.0472e+03	1.7262e+03	1.2861e+03	-1.1732e+03	-8.6063e+01	-1.2422e+03	6.9201e+02	-2.1056e+03	-7.7323e+02	1.2865e+03	3.0006e+03	-1.5038e+03	8.8857e+01	-1.3183e+03	7.9552e+02	-7.1488e+02	3.3531e+02	-1.0902e+03	-1.5705e+03	-1.9553e+02	-7.3928e+02	-6.7537e+01	7.6325e+02	-1.7106e+02	-1.3019e+03	-1.3229e+03	2.0692e+03	1.0370e+03	1.2522e+03	1.3691e+03	2.1640e+03	-1.9390e+03	-1.2573e+03	1.0347e+03	-1.2952e+03	2.2053e+03	3.7048e+02	5.8632e+02	1.5573e+03	1.6766e+03	1.2367e+02	9.8771e+02	-4.0558e+02	-2.7857e+03	-3.0907e+02	-2.5700e+03	4.4868e+02	-1.8626e+03	-2.7172e+03	8.1579e+01	-1.9471e+03	-4.3926e+02	-1.3680e+03	5.4445e+02	-1.4944e+02	1.6125e+03	-8.8004e+02	-6.3054e+02	-1.2400e+03	4.2739e+02	-2.6453e+02	-4.5901e+02	-1.1288e+03	1.0684e+03	1.5342e+03
2.0000e+05	-3.1887e+03	1.1664e+03	5.9797e+02	2.7380e+03	-3.5918e+03	3.2619e+01	-1.1854e+03	-2.2021e+03	-6.5350e+03	4.1671e+03	1.7817e+03	-1.5309e+03	-5.1682e+02	4.4508e+02	2.5193e+03	-2.0541e+03	-3.8473e+03	-6.2850e+02	-1.2016e+03	9.3677e+02	1.6788e+03	-2.0323e+03	-1.4315e+02	1.2390e+03	3.3805e+02	1.0122e+03	2.6006e+02	1.2233e+02	4.6152e+02	1.8235e+03	-1.1330e+03	1.7409e+03	3.7787e+03	2.5398e+03	3.8708e+03	-2.5612e+03	-2.4778e+03	-2.1399e+03	-1.8096e+03	-5.7980e+02	-5.4756e+02	-7.8624e+02	2.5290e+03	1.4497e+03	-1.4465e+03	-1.2807e+03	-9.1655e+02	-1.0079e+03	-2.6933e+03	-2.1422e+03	5.9868e+02	-9.2417e+01	-1.1185e+03	1.6105e+03	-2.2414e+03	2.8253e+03	1.6336e+02	-9.7414e+02	-1.9208e+03	-1.1522e+03	1.1886e+03	1.2776e+03	-4.4968e+02	1.1755e+03	-6.7901e+02	-6.9773e+02	-1.8686e+03	6.8034e+02	1.7671e+03	-1.2005e+03	-2.2680e+03	2.7740e+03	6.5929e+02	1.3790e+03	-1.7806e+03	4.0330e+02	-3.5012e+03	2.0572e+02	1.6266e+03	-8.1218e+02	2.0261e+02	-2.4937e+03	-4.0029e+02	2.0307e+03	-3.1097e+03	-2.4068e+02	-6.3653e+01	3.0969e+03	2.2762e+03	-9.9177e+02	4.1473e+02	2.3186e+03	-2.1531e+03	-5.0830e+02	1.9804e+03	1.0442e+03	-1.1588e+03	-2.4051e+03	4.3796e+02	-3.0655e+03	-7.4901e+02	-1.3545e+03	-4.3159e+02	-7.7814e+02	3.6543e+02	7.9581e+02	1.6262e+03	1.2132e+03	-1.6754e+03	-1.6080e+03	3.7615e+03	6.2728e+02	-2.1159e+03	-2.5784e+02	7.9753e+02	3.6318e+03	-5.7073e+01	1.1162e+03	2.2366e+03	-1.2468e+03	-2.0524e+02	-1.6034e+03	-3.9780e+03	1.4541e+03	3.4028e+03	-1.7290e+03	3.1925e+02	-2.1520e+03	-9.6154e+02	3.3887e+03	9.1059e+01	-3.4600e+02	2.4203e+03	-6.9290e+02	-1.5323e+03	-7.6896e+02	-4.4965e+01	-4.3110e+02	5.0373e+02	6.2291e+02	-7.7342e+02	1.1289e+03	3.3377e+02	1.1478e+03	-5.1115e+02	1.8683e+03	7.9967e+02	7.5593e+02	1.0186e+02	4.6528e+03	6.7325e+02	2.6815e+02	3.5375e+02	-1.1786e+03	1.0496e+03	1.0649e+03	1.1836e+03	-2.7715e+03	1.9815e+03	1.7312e+02	1.7610e+03	3.0684e+02	5.5617e+02	-7.7595e+02	1.1762e+03	-1.3857e+03	2.6186e+03	-5.5727e+01	7.0448e+02	-1.1656e+03	1.5121e+03	9.8196e+02	1.3214e+03	5.4200e+02	-2.4936e+03	-2.2993e+03	-1.1412e+03	-2.3586e+03	3.2357e+02	-1.4714e+03	-2.8384e+03	-3.7405e+01	-3.3738e+02	4.0933e+02	-1.5461e+03	-2.6603e+01	1.0077e+03	-6.3567e+02	-7.1544e+02	-4.5246e+03	-1.9423e+03	-2.4045e+03	3.6373e+02	-1.8665e+03	9.1615e+02	2.2128e+03	1.4047e+03	-6.7533e+01	-2.9751e+03	-5.2938e+02
