2.0000e+04	-3.6467e+02	6.9558e+01	9.8963e+01	-5.7261e+01	-1.6943e+02	-1.3436e+02	-4.8572e+02	-4.8331e+01	-3.3605e+02	9.6777e+01	-4.6452e+02	-1.4260e+02	1.1939e+01	-2.7896e+02	1.0179e+02	-3.6093e+02	-9.8959e+01	5.8624e+02	3.2149e+02	2.9840e+02	-1.5887e+02	3.3277e+02	-2.5783e+02	-9.2880e+02	-6.4111e+02	9.6809e+00	-2.3600e+00	3.2284e+02	-2.7023e+02	1.5554e+02	-5.8459e+02	-2.9970e+02	7.3701e+01	-4.5625e+02	-3.3558e+02	-1.5456e+02	2.8498e+02	2.2628e+01	-1.4465e+02	-7.6817e+02	-6.9099e+02	-3.1190e+02	-9.6135e+01	-1.8705e+02	3.5606e+02	-3.4509e+02	-5.5506e+02	1.6800e+02	-4.4831e+02	-3.1181e+02	-9.9477e+00	3.2966e+02	7.9138e+01	4.4765e+02	-3.3941e+02	-3.5459e+01	-3.3873e+02	-2.3160e+02	-7.6800e+02	3.0061e+01	-8.0447e+02	5.2029e+01	-2.4108e+01	-2.4304e+02	2.0337e+02	-2.5093e+02	-5.5762e+02	3.9669e+02	-3.6767e+02	2.8319e+02	-1.7092e+01	-6.2442e+02	-1.9085e+02	5.2856e+02	-1.0044e+01	-3.6974e+02	1.5807e+02	-1.8068e+02	1.1244e+02	2.2102e+02	-6.7894e+02	-4.4980e+02	3.8408e+02	-1.4781e+02	-1.5788e+02	2.7269e+02	-2.0547e+02	6.9663e+01	-3.3316e+01	1.0681e+02	3.7780e+01	2.9104e+02	-2.5290e+02	2.0015e+02	2.1391e+01	-2.9826e+02	-5.1541e+02	-5.6875e+02	-4.6471e+02	-3.9810e+02	2.8911e+02	-7.5391e+02	-1.3163e+02	-4.3080e+02	3.6442e+02	-1.9459e+02	-7.5289e+02	-9.8909e+01	-1.4304e+02	1.2408e+02	-2.3869e+02	-3.5339e+02	2.6939e+02	-8.5240e+02	-9.8684e+02	1.7182e+02	-9.8513e+01	-7.0458e+01	-4.6507e+02	4.7881e+02	-2.3936e+02	4.5192e+02	-1.1341e+02	-2.3980e+02	-4.4592e+02	-3.1452e+01	1.3409e+02	1.6664e+02	1.9734e+02	3.1536e+02	-7.1149e+02	-4.7063e+02	-3.5559e+02	-4.8548e+02	-5.7703e+02	-3.2000e+02	7.8405e+01	7.5884e+01	1.9738e+02	-6.7192e+02	-3.9979e+02	-1.1609e+02	-2.4641e+02	-1.4403e+02	5.3136e+02	2.3149e+02	-1.2829e+02	4.9108e+02	-6.1683e+02	8.2997e+02	-3.6112e+02	-1.2547e+02	-3.2018e+02	1.6966e+02	-1.1867e+02	2.1968e+02	2.9113e+01	2.0292e+02	2.0257e+02	1.7909e+02	1.1027e+02	5.7056e+02	-4.0420e+02	1.7736e+02	2.0718e+01	-5.9221e+02	-4.3574e+02	3.2906e+02	3.0281e+02	-6.7392e+02	-5.2211e+01	2.2893e+02	1.7140e+02	-1.2934e+02	-2.2151e+00	-2.6810e+01	5.5535e+01	-4.9250e+02	4.8015e+01	-1.1902e+01	-4.2952e+02	-1.9100e+02	-9.0998e+01	-2.4290e+02	-1.8693e+02	1.9842e+02	5.9218e+01	-2.2504e+02	6.5019e+01	1.1218e+02	2.2348e+02	-4.9421e+01	-1.1142e+02	-3.2615e+02	-4.6806e+02	-5.5615e+02	-4.6891e+01	1.9990e+02	3.4737e+01	1.0528e+02
2.0000e+04	9.4874e+02	-3.8836e+02	1.1779e+02	5.1687e+02	5.5267e+02	-3.7161e+02	-5.1947e+02	-1.4291e+02	-4.7974e+02	-2.8182e+02	7.1935e+01	-3.3102e+02	-8.0230e+02	-2.0273e+02	-6.3736e+02	-5.5276e+01	-3.5504e+02	8.2511e+02	1.8299e+02	-6.7786e+02	6.1819e+01	-4.2546e+02	-3.9908e+02	5.5821e+02	1.9903e+02	7.4635e+00	-7.9153e+02	1.7364e+02	-3.5926e+02	6.0699e+01	8.5978e+02	-7.4317e+02	-7.1110e+02	-4.6905e+02	-7.4502e+02	-1.7972e+03	-7.7817e+02	-3.1808e+01	4.4348e+02	5.4618e+02	3.9814e+02	1.1882e+02	-3.5378e+02	-2.9322e+02	7.7328e+02	-2.2397e+02	7.6348e+02	-3.2270e+02	-4.5137e+01	1.1512e+02	-4.7184e+02	1.3951e+02	-6.0155e+02	5.0897e+02	1.3444e+02	-3.8721e+01	1.2439e+03	3.3331e+02	5.8592e+02	7.8837e+01	1.2174e+02	1.4763e+02	-8.6465e+02	3.5952e+02	3.8853e+02	-4.2960e+02	6.4490e+01	-6.1478e+02	-7.2878e+02	-9.0653e+01	3.0179e+02	1.0393e+03	-5.2448e+02	4.9266e+02	4.7451e+02	-1.2542e+03	5.7143e+01	-6.7100e+02	7.2259e+02	2.7939e+01	4.2041e+02	-4.0580e+02	3.6167e+02	1.0684e+03	4.1550e+02	-2.4142e+02	9.0848e+01	6.7034e+02	6.2335e+02	1.1085e+03	-3.2297e+02	-1.0357e+02	2.1768e+02	-5.2526e+02	1.7940e+02	8.7055e+02	2.6694e+02	1.7185e+01	4.1561e+02	5.5110e+02	-7.2520e+02	-9.2256e+02	-3.9353e+02	-1.3450e+02	-2.1122e+02	-3.4116e+02	7.6731e+01	1.0507e+03	8.1808e+02	-8.4057e+02	2.1929e+02	4.0607e+02	9.3173e+02	-4.8685e+02	-1.3073e+02	-4.6953e+02	-3.7041e+02	-5.3941e+02	1.0274e+03	-2.6403e+02	7.9717e+02	9.8353e+01	1.8439e+02	-3.8490e+02	-3.6377e+02	1.4664e+02	-6.9323e+02	-8.1704e+02	-2.5579e+02	-6.7304e+02	-7.4854e+01	2.2382e+03	3.4420e+02	-2.6287e+02	-5.8504e+02	1.2123e+02	-8.8772e+01	-1.0262e+02	-4.8642e+01	4.1835e+02	-4.8211e+02	7.1144e+02	1.8993e+02	4.0416e+02	5.3271e+02	-8.4658e+02	-6.1505e+02	4.4989e+02	5.4095e+02	9.5224e+02	-2.7305e+02	1.8530e+02	3.5672e+02	1.4253e+02	3.4471e+02	-3.0123e+02	1.7395e+03	-2.6557e+02	4.7941e+02	7.4854e+02	-2.4377e+02	-4.4561e+02	1.5758e+02	4.5002e+02	-6.7302e+00	3.0654e+02	-3.8752e+02	9.9337e+02	1.1735e+01	6.6185e+01	9.0789e+01	-7.7022e+02	-1.0681e+03	-6.4001e+02	2.0192e+00	-3.0197e+02	4.1634e+02	1.2823e+03	-9.0656e+02	-1.3234e+03	-2.2019e+01	-1.0997e+02	3.0878e+01	-1.4622e+02	2.1555e+02	9.2715e+01	-5.5972e+02	9.1867e+02	-2.9885e+02	3.8357e+02	2.9948e+02	-2.2501e+02	2.2943e+01	-1.6697e+03	5.0727e+02	-3.6872e+02	1.1269e+02	1.7681e+03	-4.3852e+02	-3.9198e+02
4.0000e+04	-7.9178e+02	1.4089e+02	-9.0457e+02	-6.2698e+02	-3.5686e+02	-3.5435e+02	-8.7297e+02	2.4488e+02	-7.5790e+02	-1.2788e+02	-1.3166e+02	3.1703e+02	1.4203e+02	-3.9219e+02	5.3818e+02	1.3312e+02	-5.6186e+00	7.1777e+02	2.9798e+02	3.1454e+02	-3.5366e+02	3.6127e+02	-6.0940e+02	-3.5824e+02	2.0789e+01	4.4112e+02	1.0150e+02	1.5996e+02	-2.3211e+02	3.6288e+02	-2.8899e+02	-5.1585e+02	2.2749e+02	-1.1881e+02	-3.6648e+02	3.1379e+02	1.0587e+02	-2.4037e+02	-6.1085e+02	-9.9987e+02	-1.1636e+03	-7.6889e+02	3.6112e+02	2.3820e+02	7.7080e+02	-8.2920e+02	-6.3018e+02	2.3138e+00	-5.0914e+02	-8.5818e+02	-2.1949e+02	6.1722e+02	-7.5719e+02	8.7026e+02	-7.5793e+02	-2.2296e+01	-2.0489e+02	-4.9655e+02	-5.4041e+02	1.0576e+02	-9.9517e+02	-3.2675e+02	-5.5737e+02	-9.0629e+02	3.0258e+01	-2.5518e+01	-1.1050e+03	2.3284e+02	-7.4783e+02	3.1184e+01	-1.8502e+02	-4.7479e+02	-1.2069e+03	7.0116e+02	-1.9542e+02	-8.9735e+02	6.4488e+02	-8.4696e+00	3.8809e+02	-1.2056e+02	-9.6134e+02	-4.8687e+02	6.8649e+02	-7.8639e+02	5.4180e+01	5.2098e+02	-8.4783e+02	4.7391e+01	-2.6565e+02	-1.2398e+02	2.6127e+02	-1.7098e+02	-2.1321e+02	5.8266e+01	3.8807e+02	-4.7199e+02	-6.3158e+02	-3.4767e+02	-8.2536e+02	-5.5350e+02	4.5646e+02	-8.8918e+02	-2.6999e+02	-3.9785e+02	7.6097e+02	-3.7618e+02	-8.1042e+02	-2.0823e+02	-5.5344e+02	-2.0727e+02	-1.1413e+02	-5.6169e+01	1.7824e+02	-1.7469e+02	-5.9455e+02	1.5589e+02	8.9289e+01	1.7197e+02	-9.9808e+02	3.2111e+02	2.2434e+02	9.9110e+02	9.7722e+01	-3.2662e+02	-1.1258e+03	2.7418e+02	-4.6888e+02	4.8855e+02	6.3243e+02	3.6371e+02	-1.3874e+03	-7.1658e+02	-4.7396e+02	-7.3473e+02	-5.7010e+02	-4.0114e+02	-2.7689e+02	-3.1094e+02	-1.9883e+02	-1.8474e+02	-2.0948e+02	5.0831e+02	-5.4948e+02	-1.2674e+02	1.0053e+03	2.1537e+02	-4.2464e+02	-1.9281e+01	-1.2074e+03	8.3654e+02	-2.8951e+02	-1.1064e+02	-1.6635e+02	-1.1522e+02	-3.7983e+02	1.6061e+02	1.9628e+02	3.8881e+02	7.7836e+02	-3.1560e+02	2.1368e+02	5.9507e+02	-4.5767e+02	3.3726e+02	2.8094e+02	-1.0736e+03	-6.0673e+02	9.5667e+01	-8.0534e+02	-8.4628e+02	3.7602e+01	7.7997e+01	2.2345e+02	1.5127e+02	-8.2830e+01	-6.0691e+01	-3.2186e+02	-4.0275e+02	-4.2016e+02	-7.9715e+01	-3.4690e+02	3.2299e+02	-8.9759e+02	-6.2875e+02	-2.6239e+02	-4.5706e+01	-2.4384e+02	-2.9379e+02	6.8874e+02	-8.2746e+01	1.5419e+02	5.9375e+01	-4.2766e+02	6.4831e+02	-5.9363e+02	-1.0233e+02	-3.4467e+02	1.2891e+01	1.5680e+02	6.8305e+02
4.0000e+04	2.0251e+03	-4.8938e+02	1.1654e+03	2.0352e+02	1.2519e+02	5.9971e+02	-8.2700e+02	-2.5772e+02	-2.9710e+02	-9.1058e+02	-1.9218e+02	6.2565e+01	-1.7100e+03	-5.3393e+02	-5.9924e+02	-1.2854e+03	5.1713e+02	1.7647e+03	1.0037e+03	-8.5871e+02	6.3458e+01	3.5630e+02	-2.0175e+02	1.4946e+03	1.4231e+03	-7.4239e+02	-4.4443e+02	-2.1262e+02	-1.0260e+03	1.5376e+03	9.8840e+02	-1.0693e+03	-1.2395e+03	-1.2105e+03	-4.9852e+02	-3.6647e+02	-2.3466e+03	6.6887e+02	1.9168e+03	1.6486e+03	5.9889e+02	1.0255e+02	-8.7745e+02	-1.7461e+02	8.6771e+02	-9.2916e+02	1.3674e+03	-3.8019e+02	8.9477e+00	7.4036e+02	-5.5277e+02	3.5091e+02	-6.3270e+02	6.8064e+02	2.9324e+02	-7.1804e+02	1.7679e+03	6.9733e+02	6.4040e+02	2.1563e+02	4.2508e+02	-2.8267e+01	-1.0079e+03	4.5595e+02	-5.4329e+02	-6.0060e+02	3.8657e+02	-6.7530e+02	-2.5789e+02	-7.8919e+01	-7.3555e+02	4.0677e+02	-1.6619e+02	1.6418e+03	1.1852e+03	-1.8285e+03	5.2754e+02	-5.1201e+02	8.3391e+02	-4.4594e+02	-9.9320e+01	7.8503e+01	1.8235e+03	1.1348e+03	6.9912e+02	1.2403e+02	6.1277e+02	1.1546e+03	7.8323e+02	8.1363e+02	-6.0117e+02	2.5117e+02	1.3268e+03	3.1211e+02	1.1769e+03	1.5945e+03	-3.4307e+02	-3.6203e+02	1.0395e+03	4.9525e+02	-9.6850e+02	-6.2144e+02	3.4590e+02	7.2653e+02	-2.4699e+02	6.5134e+02	-7.8266e+02	7.1400e+02	6.3517e+02	9.9482e+01	-1.1077e+02	-1.9123e+02	6.7847e+02	-3.3604e+01	6.3439e+02	-3.1351e+02	-7.0897e+02	-8.7782e+02	1.4780e+03	-1.9998e+02	1.0386e+03	-1.9005e+02	8.1737e+02	-9.8897e+02	-3.1659e+01	3.4676e+02	-1.4841e+03	-6.6257e+02	-4.3468e+02	-1.0689e+03	3.9286e+02	2.0209e+03	6.1800e+02	-4.8900e+02	-1.2396e+03	1.3974e+02	3.4263e+02	-4.8226e+02	-4.8616e+01	9.0143e+01	-2.4235e+02	2.8112e+02	-4.0592e+02	-2.5920e+02	1.5063e+03	-5.0179e+02	1.2033e+01	4.6442e+02	6.8967e+02	9.7124e+02	-2.8003e+02	3.0949e+02	9.1797e+02	4.6899e+02	7.7449e+02	5.9484e+02	9.5913e+02	-5.2905e+02	1.0527e+03	1.2632e+03	-8.9390e+02	4.5206e+02	-6.4755e+02	4.5851e+02	-3.0145e+02	-2.5263e+02	-4.8064e+02	8.0588e+02	1.5775e+02	5.5146e+02	4.6759e+02	-1.6829e+03	-9.5291e+02	-1.4657e+03	-1.3604e+01	-1.2690e+03	2.1056e+02	3.6308e+02	-8.7726e+02	-1.0234e+03	3.7017e+01	-8.6931e+02	9.7374e+01	3.0144e+02	-6.1689e+02	-4.9921e+02	-4.3110e+02	1.6423e+03	-4.5860e+02	1.7947e+02	-1.4182e+02	1.7558e+02	6.2065e+02	-2.0137e+03	1.1476e+02	-1.5051e+02	-3.0851e+02	7.0178e+02	-9.2705e+02	-2.6564e+02
6.0000e+04	-1.2968e+03	4.7051e+02	-1.0256e+03	-6.4782e+02	-2.6635e+02	-8.7077e+02	-7.6966e+02	4.6674e+02	-5.8938e+02	-1.3540e+02	-7.7606e+01	5.8534e+01	8.1343e+01	1.8207e+02	1.0852e+03	7.5448e+01	-6.6027e+02	7.4685e+02	-8.5571e+01	3.1561e+02	-4.6664e+02	3.5086e+02	-4.5444e+02	-5.6339e+02	-1.6986e+02	4.8955e+02	-2.4794e+02	3.1966e+02	-1.9588e+02	7.6808e+02	-1.2228e+02	-6.4095e+02	3.6080e+02	-6.1861e+02	-3.5011e+02	6.6745e+02	5.6345e+01	-3.4957e+02	-7.6550e+02	-1.1946e+03	-1.4083e+03	-5.1945e+02	1.3133e+01	6.9828e+02	7.5309e+02	-8.1116e+02	-9.0014e+02	-5.0819e+02	-9.8620e+02	-1.2069e+03	-2.9445e+02	6.1743e+02	-1.1355e+03	6.1265e+02	-5.9894e+02	-9.7002e+02	-2.1670e+02	-5.0050e+01	-2.3525e+01	1.7420e+02	-1.3150e+03	-1.3802e+02	-4.3856e+02	-8.6076e+02	1.8326e+02	-2.9137e+02	-1.3060e+03	-1.5528e+02	-3.4320e+02	4.5628e+02	-4.8513e+02	-6.3537e+02	-1.4060e+03	7.8802e+02	-6.8757e+02	-1.6882e+03	4.4750e+02	-1.1991e+02	5.2734e+02	-1.3158e+02	-8.5644e+01	-8.4332e+02	3.5199e+02	-1.2099e+03	-5.5413e+01	8.9185e+02	-7.4434e+01	-8.4759e+01	-4.9509e+01	-2.4070e+02	5.8684e+02	-3.0915e+02	-6.4336e+02	-5.3189e+02	2.0149e+02	-4.8403e+02	-5.0914e+02	-5.0211e+02	-1.4163e+03	-4.4908e+02	8.0412e+02	-1.0602e+03	-4.8126e+02	-8.1794e+02	1.0925e+03	-6.4413e+02	-1.1487e+03	5.6734e+02	-1.0365e+03	4.4348e+02	-1.2902e+02	-5.3159e+02	4.9065e+01	-1.7400e+02	-9.1602e+02	8.2225e+02	2.8266e+02	7.0340e+02	-7.6491e+02	7.2948e+02	5.2551e+02	6.2603e+02	7.2285e+02	-2.2770e+02	-1.0186e+03	6.4849e+02	1.2558e+02	2.3335e+02	6.8063e+02	7.6748e+02	-1.4777e+03	-9.4306e+02	-6.3334e+02	-8.3373e+02	-1.3165e+02	-7.7821e+02	-4.1286e+02	-1.1102e+02	-8.6575e+02	-6.6236e+01	-5.8193e+02	2.6162e+02	-2.9486e+01	-6.8843e+02	6.9008e+02	4.5371e+02	-7.6870e+02	1.0855e+02	-1.0328e+03	1.0576e+03	-1.4217e+02	3.0228e+01	-1.1796e+02	6.9821e+02	-5.5325e+02	-3.8479e+02	4.2498e+02	1.5215e+02	9.2607e+02	1.8544e+02	-2.1305e+02	6.1238e+01	3.1909e+02	2.7856e+02	1.2453e+02	-1.0284e+02	-7.2435e+02	1.0035e+03	-7.5896e+02	-7.5148e+02	8.9124e+01	3.4934e+02	-3.5403e+01	-3.8415e+00	-1.5640e+02	1.7035e+02	-6.6661e+02	-2.0641e+02	-1.7559e+01	-7.5710e+02	-4.9156e+02	9.6264e-01	-1.0823e+03	-5.2560e+02	-9.1585e+01	5.7481e+00	-2.0788e+02	-7.0846e+02	3.4242e+02	-1.3789e+01	-2.4263e+02	3.1424e+02	-6.0556e+02	5.2899e+02	-6.3397e+02	-7.7732e+01	-2.1627e+02	4.6088e+02	8.4138e+02	5.1283e+02
6.0000e+04	2.1026e+03	-1.1662e+03	6.6378e+02	1.0683e+02	-1.8643e+02	3.3049e+02	-7.5588e+02	-1.8839e+02	-2.0498e+02	-9.4453e+02	2.6745e+02	-9.8517e+01	-2.1256e+03	-4.9489e+02	-6.7887e+02	-9.6962e+02	4.2041e+01	1.9235e+03	2.6240e+01	-1.1436e+03	7.1176e+01	5.4094e+02	3.8007e+02	3.5006e+02	1.6119e+03	-1.4502e+02	7.7535e+02	4.2294e+02	-6.3714e+02	9.9980e+02	7.4479e+02	1.5186e+02	-8.0663e+02	-1.4161e+03	-8.5310e+02	4.5809e+02	-2.8353e+03	-5.3312e+01	1.5040e+03	1.5977e+03	-8.2693e+02	1.1001e+02	-2.9605e+02	-2.7355e+02	9.7037e+02	-1.7130e+03	1.2843e+03	4.7819e+02	-3.3744e+02	6.7943e+02	-8.0287e+02	2.2799e+02	-8.0776e+02	6.2379e+02	7.0704e+02	-1.1382e+03	1.6412e+03	1.7816e+02	1.4650e+03	6.6412e+02	1.1180e+03	6.4948e+02	-1.3981e+03	-3.9062e+02	-4.9393e+02	-1.5740e+02	2.4321e+02	-2.4573e+02	4.0566e+02	1.1072e+03	-1.0883e+03	9.7268e+02	-3.1189e+02	2.1335e+03	1.5274e+03	-1.5372e+03	3.8168e+02	-4.9114e+02	1.1813e+03	-3.8196e+02	-4.4099e+02	6.8327e+02	2.0489e+03	1.3104e+03	-2.9702e+02	-9.0200e+02	5.3734e+02	8.9038e+02	7.4985e+02	9.3127e+02	-1.0754e+03	1.0864e+03	1.4559e+03	6.4238e+02	1.5845e+03	2.0442e+03	-7.4366e+02	-1.4358e+03	1.1493e+03	7.1002e+02	-3.1468e+02	-1.1385e+03	9.3575e+02	1.1211e+03	1.5197e+02	1.9710e+03	-2.0211e+03	9.7747e+02	1.2994e+03	3.0469e+02	-5.9000e+02	-1.0559e+03	1.2470e+03	-8.3583e+01	9.5588e+02	-4.0942e+02	-1.3338e+03	-1.7838e+03	1.3880e+03	7.2629e+02	1.3119e+03	6.2943e+02	6.0529e+02	-4.3182e+02	6.7033e+02	1.2549e+02	-2.4618e+03	-2.8711e+02	-9.3290e+02	-1.1670e+03	1.7811e+03	1.3411e+03	1.4536e+03	2.5686e+01	-8.5249e+02	1.1916e+03	8.1105e+01	-8.1777e+02	3.3794e+01	-3.3093e+02	-4.6425e+02	-9.9160e+02	-5.7881e+02	-4.9947e+02	2.0379e+03	-1.1485e+03	-4.1623e+01	3.0963e+02	8.1392e+02	1.2969e+03	1.5479e+02	7.6014e+02	5.1883e+02	-5.0792e+01	1.1499e+03	-5.9816e+02	1.3432e+03	-5.5012e+02	1.3102e+03	2.1920e+03	-1.2748e+03	-2.0281e+02	-8.0924e+01	9.3513e+02	-4.4842e+02	-3.3038e+02	-9.7828e+02	1.7136e+03	2.1378e+02	1.3663e+03	3.6288e+02	-1.9652e+03	-1.2277e+03	-1.1717e+03	-2.1677e+02	-1.6435e+03	7.6443e+02	1.5347e+03	-5.3023e+02	-3.0698e+02	1.3755e+02	-1.4872e+03	4.1079e+02	9.1346e+02	-7.2010e+02	-4.2235e+02	-1.0493e+03	1.5405e+03	-6.0979e+02	5.6732e+02	-9.0292e+01	3.1848e+02	7.2257e+02	-2.0206e+03	-3.2834e+02	-6.6508e+02	-3.0663e+02	1.5506e+03	-6.6752e+02	-1.2469e+02
8.0000e+04	-1.6355e+02	1.1075e+03	-8.3805e+02	-1.0386e+03	-1.7591e+02	-6.5972e+02	-5.4780e+02	5.4096e+02	-4.2351e+01	-4.2024e+02	-8.1167e+02	6.2325e+02	-3.7195e+02	6.6906e+02	8.9662e+02	2.8420e+02	-1.3241e+03	5.7844e+02	-2.7989e+02	5.8974e+02	-9.6465e+02	6.1439e+02	2.5377e+01	-6.5957e+02	-1.4430e+01	4.9874e+02	3.4543e+01	-3.9364e+01	-2.5951e+02	-2.0192e+02	-5.3440e+02	-1.2808e+03	2.8490e+01	-1.0106e+03	-3.5627e+02	5.8844e+02	-3.0766e+02	-4.4539e+02	-8.0650e+02	-6.2841e+02	-1.9741e+03	-5.0832e+02	-3.2721e+02	1.1418e+03	3.1054e+02	-8.8187e+02	-1.3615e+03	-6.6343e+02	-8.7533e+02	-1.0382e+03	-9.2325e+02	2.8450e+01	-1.7878e+03	2.4914e+02	-1.2469e+03	-1.2281e+03	9.5983e+01	-5.6423e+02	5.2410e+02	-3.4933e+02	-7.8711e+02	-6.9346e+02	-2.3698e+02	-1.3007e+03	3.7060e+02	-8.8320e+01	-1.8104e+03	-4.0873e+02	1.0284e+02	5.8095e+02	-1.3907e+03	-7.0984e+02	-1.2759e+03	4.4787e+02	-5.0749e+02	-1.6070e+03	1.4907e+02	-1.3589e+02	1.1491e+02	1.4569e+02	-1.8308e+02	-4.5625e+02	7.5582e+02	-7.7535e+02	-1.4999e+01	9.2626e+02	3.0974e+02	-6.7442e+01	1.6191e+02	-5.5990e+02	6.0737e+02	-1.1144e+03	-4.3917e+02	-9.1307e+02	2.8416e+02	-1.0821e+03	-4.3675e+02	-5.0563e+02	-1.6306e+03	-9.3473e+02	5.2333e+02	-1.6766e+03	-6.1332e+02	-1.2723e+03	5.6818e+02	-2.4029e+02	-6.9384e+02	5.0260e+02	-1.0099e+03	3.1359e+02	-5.0787e+01	-3.2364e+02	4.2862e+01	-4.1997e+00	-1.5069e+03	5.6035e+02	-5.6056e+01	3.4287e+02	-1.0856e+03	6.0312e+02	4.5176e+02	-2.2052e+02	5.7193e+02	-4.4414e+02	-8.1181e+02	1.6719e+02	7.8038e+01	2.1267e+02	8.7957e+02	5.2725e+02	-2.7682e+03	-1.1158e+03	-2.5813e+02	-4.1354e+02	-4.4659e+02	-5.2763e+02	-4.1508e+02	-5.0493e+02	-1.1615e+03	1.6459e+02	-2.3356e+02	-1.2154e+02	1.6199e+02	-8.1069e+02	1.3925e+03	7.7607e+02	-9.4231e+02	7.0238e+01	-1.6636e+03	1.4379e+03	-3.9166e+02	-2.6437e+02	-4.6322e+02	3.7736e+01	-4.4764e+02	-9.6236e+02	5.4493e+02	-1.7797e+01	9.3919e+02	5.1669e+01	-6.1078e+02	2.5148e+02	1.5678e+02	-1.1958e+02	-5.5509e+02	-7.3175e+02	-1.4872e+03	7.1997e+02	-1.7537e+03	-7.3055e+02	-8.4178e+02	3.0767e+02	6.6037e+02	3.0641e+02	-6.6630e+02	6.7291e+01	-8.6559e+02	-6.3843e+02	-4.2452e+02	-9.7098e+00	-1.6153e+03	-4.2016e+02	-1.0024e+03	1.1670e+02	-7.6946e+02	-6.5171e+02	5.7245e+02	-7.2311e+02	4.9583e+02	-1.0150e+02	5.2495e+01	4.8241e+02	-1.0920e+03	1.0955e+01	1.5177e+01	8.2857e+01	-6.9652e+02	6.0666e+02	1.0040e+03	6.6928e+02
8.0000e+04	3.5698e+03	-2.0326e+03	1.5506e+03	5.5598e+02	3.5795e+02	-3.2744e+02	-9.4034e+02	-5.9457e+01	-6.7335e+02	-7.7200e+02	3.2926e+02	8.1443e+01	-2.0749e+03	-1.0158e+03	-7.0982e+02	-6.7136e+02	-2.2065e+02	2.8953e+03	2.5197e+02	-9.5608e+02	2.0740e+01	6.9725e+02	1.8865e+02	5.5697e+02	1.0854e+03	-1.1969e+02	9.0905e+02	4.4719e+02	-6.2535e+02	7.7900e+02	1.3844e+03	-7.5933e+01	-9.3100e+02	-1.1242e+03	-7.6742e+02	5.0748e+01	-2.2177e+03	-4.7222e+02	7.1995e+02	1.8877e+03	-7.0804e+02	-5.9718e+02	-2.0519e+02	-1.0025e+02	1.2187e+03	-1.2888e+03	1.3458e+03	4.7147e+02	-3.2221e+02	3.8714e+02	-9.9692e+01	3.3214e+02	-1.2179e+03	-2.1197e+02	7.3884e+02	-1.5815e+03	1.9382e+03	7.4940e+02	2.0907e+03	-2.8214e+02	2.1095e+03	1.5624e+03	-8.7762e+02	-5.9713e+02	-5.4730e+02	3.5833e+02	-5.2077e+02	6.4323e+02	1.1835e+02	7.8971e+02	-7.5001e+02	1.0162e+03	-3.4685e+02	1.8355e+03	2.2464e+02	-1.3110e+03	-7.1911e+02	6.5740e+02	1.5958e+03	-2.5682e+02	5.7054e+02	5.7176e+02	1.4540e+03	1.8238e+03	-4.9314e+02	3.0594e+02	-1.6621e+01	9.3119e+02	1.6117e+03	7.1019e+02	-1.7651e+03	4.5313e+02	1.8158e+03	5.0147e+01	1.4497e+03	1.9668e+03	9.5884e+01	-2.2471e+03	1.1003e+03	3.8564e+02	-4.2679e+02	-1.3262e+03	1.5245e+03	1.4431e+03	6.1402e+02	2.7358e+03	-2.5668e+03	6.4519e+02	1.1755e+03	2.4660e+02	-5.7286e+02	-2.4754e+03	2.0007e+03	-1.4706e+02	5.9942e+02	2.7278e+02	-7.8641e+02	-2.3505e+03	1.3865e+03	7.2703e+02	1.5892e+03	1.5350e+03	2.0013e+03	-2.9974e+02	1.2536e+03	4.3838e+02	-3.7503e+03	-7.8976e+02	2.0787e+02	-4.1955e+02	1.9234e+03	1.2124e+03	2.3591e+03	4.4905e+01	-1.4647e+02	9.2131e+02	-1.1867e+02	-1.5082e+03	5.7510e+02	-2.4076e+02	-2.8984e+02	-2.8340e+02	-1.1283e+02	-4.9888e+02	1.7992e+03	-1.5156e+03	-1.3400e+02	3.1694e+02	5.8647e+02	1.4935e+03	5.2827e+02	4.9330e+02	4.7029e+02	-1.8291e+02	1.6280e+03	-1.8468e+02	1.0078e+03	-1.8595e+02	1.9684e+03	2.5423e+03	-7.7730e+02	3.3865e+02	4.1393e+02	1.3363e+03	-1.5179e+01	-4.9443e+02	-7.5381e+02	1.9644e+03	3.5253e+02	1.9102e+03	-5.7909e+01	-2.3995e+03	-1.1302e+03	-8.9955e+02	1.7584e+02	-2.2975e+03	7.6991e+02	8.5055e+02	-8.8883e+02	1.2749e+02	-6.4109e+02	-1.9162e+03	1.0196e+03	1.2017e+03	-7.5068e+02	-1.9672e+03	-1.5680e+03	1.6015e+03	-1.0528e+03	-7.9203e+02	-1.7207e+01	3.6822e+02	8.0835e+02	-1.9638e+03	-4.6260e+02	-2.5257e+01	-6.4557e+02	6.5614e+02	-1.0930e+03	-9.5751e+02
1.0000e+05	-8.0212e+02	1.7222e+03	-5.7295e+02	-8.1139e+02	4.1029e+02	-1.0817e+03	-5.0665e+02	4.1560e+02	-1.5630e+02	-2.9731e+02	-5.6186e+02	-5.6499e+02	-1.2025e+03	7.3198e+02	4.3417e+02	7.0401e+02	-9.6637e+02	2.0951e+02	3.8170e+01	-4.4200e+02	-1.6425e+03	5.4261e+02	-2.7404e+02	-3.5671e+02	7.2886e+02	1.2841e+03	2.9425e+02	-2.2814e+01	-5.9637e+02	2.5038e+02	-7.3121e+02	-1.1930e+03	7.1233e+01	-6.1823e+02	-4.6986e+02	7.1837e+02	-5.8249e+02	-5.1031e+02	-8.6470e+02	-9.3905e+02	-2.8449e+03	-1.2928e+03	4.2032e+01	1.2220e+03	-4.0010e+02	-1.0338e+03	-1.7768e+03	-2.6107e+02	-1.0696e+03	-9.0395e+02	-1.3068e+03	-7.7226e+02	-1.5393e+03	2.9262e+02	-1.2046e+03	-1.1929e+03	-7.0307e+02	-1.7429e+02	2.4386e+02	-7.5699e+02	-4.3568e+02	-1.7799e+03	-4.2762e+02	-9.1079e+02	7.9909e+01	-6.0784e+02	-1.9060e+03	-7.8002e+02	-6.3581e+02	9.3853e+02	-1.2662e+03	-2.3646e+02	-1.5640e+03	2.0586e+02	-4.2074e+02	-1.7838e+03	1.7358e+02	-5.3763e+02	8.2845e+01	1.7381e+02	-3.4613e+02	-1.0482e+03	1.2330e+03	-9.1390e+02	-1.8840e+02	5.3892e+02	1.5500e+02	1.2217e+02	2.0229e+02	-2.3127e+02	2.9826e+02	-5.1108e+02	-2.5187e+02	-8.3837e+02	3.2462e+02	-8.3548e+02	-1.0819e+03	2.6649e+02	-1.3958e+03	-1.1968e+03	2.6812e+02	-1.9522e+03	-9.7984e+02	-1.3095e+03	3.7652e+02	-7.4066e+02	-8.3221e+02	6.7686e+02	-1.0954e+03	-1.7067e+02	-1.3123e+02	-8.2375e+02	-2.4251e+02	3.0541e+02	-1.5086e+03	3.3025e+02	-6.7139e+02	6.2945e+02	-8.2363e+02	2.4676e+02	3.7338e+00	-3.5074e+02	-7.8114e+01	-1.2570e+03	-9.6444e+02	-4.6325e+02	-3.0882e+01	4.3764e+02	8.6747e+02	-1.4183e+02	-3.0411e+03	-8.7144e+02	-6.0241e+02	-2.6293e+02	-5.9754e+02	-1.1104e+03	-8.2966e+02	-5.3662e+02	-1.4100e+03	1.8836e+02	2.9290e+02	-2.0319e+02	-5.2180e+02	-1.1575e+03	1.2805e+03	4.7342e+02	-4.9840e+02	-5.2113e+01	-1.7431e+03	1.5745e+03	3.8450e+00	-6.1134e+02	-4.7830e+02	-1.0269e+01	-7.6603e+02	-1.5017e+03	1.8705e+01	6.8709e+02	9.5711e+02	-3.2669e+02	-8.4895e+02	2.7325e+02	-4.4163e+01	-4.6568e+02	-5.1903e+02	-8.7504e+02	-1.6453e+03	4.8216e+02	-1.5968e+03	-5.7496e+02	-1.2341e+03	7.4001e+01	7.0893e+02	-1.3625e+01	7.1591e+01	3.9608e+02	-1.2743e+03	-7.2100e+02	-4.5960e+02	-1.3461e+02	-1.5818e+03	-3.8584e+02	-1.8267e+03	8.0145e+01	-5.4560e+02	-7.6221e+02	6.8605e+02	-5.2118e+02	1.1946e+02	3.4721e+02	3.1013e+02	3.0061e+02	-1.1747e+03	1.3758e+02	3.3792e+02	3.2375e+02	-6.7867e+01	4.5071e+01	8.9615e+02	6.0043e+02
1.0000e+05	3.2030e+03	-2.2411e+03	1.0969e+03	1.4803e+03	3.2572e+02	-9.9917e+02	-1.7313e+03	3.5870e+02	-2.4615e+02	-1.1163e+02	-5.5317e+02	-2.9700e+02	-1.2183e+03	-2.2180e+03	4.9008e+02	-1.2800e+03	3.0568e+02	3.4883e+03	5.4183e+02	-1.6991e+03	-6.1919e+02	8.4540e+02	1.6600e+02	3.4587e+02	1.3435e+03	-1.0364e+01	2.3336e+02	-3.1534e+01	-1.3480e+03	7.9267e+02	-5.5242e+01	-4.9480e+01	-8.4575e+02	-1.0130e+03	-6.5412e+02	-6.2424e+02	-9.5423e+02	-4.5525e+02	4.1555e+02	2.0708e+03	-5.9386e+02	-9.8896e+02	-6.4073e+02	2.7108e+02	1.0101e+03	-1.6262e+03	1.2903e+03	1.6830e+03	2.9046e+02	-1.6031e+02	-1.9284e+02	3.1814e+02	-2.8339e+03	-8.2518e+01	1.4062e+03	-1.5679e+03	1.6884e+03	1.3346e+03	2.5821e+03	3.6488e+02	2.3284e+03	1.6539e+03	-1.1917e+03	-4.5208e+02	-7.3702e+02	7.0021e+01	-4.2285e+02	1.0370e+03	7.5612e+01	8.2595e+02	-6.1147e+02	4.4721e+02	-6.2410e+02	1.6574e+03	1.8998e+02	-1.4659e+03	-1.2177e+03	2.6527e+02	2.2661e+03	2.4688e+02	6.9723e+02	1.2482e+03	2.0432e+03	1.1664e+03	-5.0570e+02	8.8260e+02	6.0992e+02	1.2973e+03	1.7726e+03	2.0858e+03	-3.0120e+03	2.9537e+02	9.6120e+02	3.2009e+02	2.2551e+03	2.3272e+03	-2.8638e+02	-2.1709e+03	1.1054e+03	3.8471e+02	-7.5067e+02	-1.4600e+03	1.3473e+03	2.3769e+03	1.6268e+03	3.2306e+03	-3.1024e+03	8.1507e+02	9.2751e+02	3.6505e+02	-8.5420e+02	-1.7805e+03	2.9908e+03	-4.8475e+02	2.2864e+02	1.9884e+02	-1.4878e+03	-1.8570e+03	1.8933e+03	5.6726e+02	1.8602e+03	2.0988e+03	1.8623e+03	-7.5782e+02	8.8270e+02	-7.1211e+01	-5.0308e+03	-1.3759e+03	1.2525e+02	-4.2132e+02	2.1808e+03	1.4818e+03	2.6615e+03	-5.7608e+02	8.0873e+02	1.1683e+03	1.6580e+02	-5.3185e+02	1.0856e+03	-8.1400e+02	-5.5038e+02	-5.4212e+02	-9.5371e+02	-8.8675e+02	2.0230e+03	-1.4424e+03	-1.2321e+03	7.6366e+02	6.4338e+02	7.5784e+02	3.1098e+02	1.8292e+03	3.6910e+02	1.4764e+03	2.0343e+03	7.1226e+02	1.8568e+03	1.7689e+02	1.6045e+03	4.0293e+03	-5.9033e+02	-2.5773e+02	-2.5596e+02	8.9941e+02	2.3001e+02	-5.6451e+01	-5.7706e+02	1.3055e+03	-5.4744e+02	3.0459e+03	6.5896e+01	-1.5228e+03	-9.1765e+02	-1.8805e+03	4.2317e+02	-2.3160e+03	1.4569e+03	1.3608e+03	-6.4981e+02	5.3471e+02	-1.4109e+03	-2.1693e+03	1.7278e+03	1.6021e+03	-7.8946e+02	-2.5964e+03	-1.1837e+03	9.6086e+02	-8.0605e+02	-7.0054e+02	-2.7685e+02	8.2005e+02	6.5486e+02	-2.8371e+03	-1.1758e+03	-4.9948e+02	-1.1383e+03	7.5242e+02	-1.3473e+03	-1.7698e+03
1.2000e+05	-1.0509e+03	1.3229e+03	-8.3185e+02	-3.4340e+02	2.4989e+02	-1.1168e+03	-7.2462e+02	4.6586e+02	1.9285e+02	-5.4962e+02	-7.0573e+02	-3.8706e+02	-1.3643e+03	9.9296e+02	1.9395e+02	4.0081e+02	-7.6423e+02	5.0711e+02	6.5640e+02	-8.9555e+02	-1.1665e+03	1.0694e+02	-1.3994e+02	-1.1122e+03	1.4507e+03	1.1486e+03	1.4045e+01	-2.4579e+02	-2.4468e+02	5.9516e+02	-8.7352e+02	-1.0954e+03	1.6632e+02	-8.9304e+02	-4.3120e+02	1.0837e+03	-4.5110e+02	-1.4351e+03	-6.3491e+02	-1.4738e+03	-2.8150e+03	-1.2280e+03	1.7645e+02	1.4968e+03	-9.0768e+02	-1.4042e+03	-1.9241e+03	2.5766e+00	-8.4740e+02	-8.6561e+02	-1.6426e+03	-1.1373e+03	-1.3042e+03	6.8831e+01	-1.4275e+03	-1.8880e+03	-1.0773e+03	-7.6973e+01	-2.2832e+01	-8.0216e+02	-3.6537e+02	-2.1783e+03	-1.1727e+03	-9.5035e+02	-5.9873e+01	-9.9296e+02	-2.0907e+03	-1.1375e+03	-5.5141e+02	5.7301e+02	-1.3574e+03	2.4881e+02	-1.9253e+03	2.3808e+01	-2.4962e+02	-1.7018e+03	-1.0012e+02	2.2673e+02	-6.1686e+02	1.5906e+02	-6.3201e+02	-2.3524e+02	1.4854e+03	-1.1210e+03	-3.0983e+02	4.0353e+02	-7.3764e+02	6.8155e+02	3.3770e+02	-3.0368e+02	-9.2746e+01	-7.8274e+02	2.3075e+02	-7.0199e+02	-5.1944e+02	-7.9529e+02	-6.2402e+02	4.8156e+02	-1.5933e+03	-8.1912e+02	7.0386e+02	-1.7790e+03	-9.9006e+02	-9.7873e+02	1.7040e+02	-1.2924e+03	-4.7057e+02	8.7531e+02	-1.7121e+03	-4.4651e+02	6.9942e+02	-1.0270e+03	-4.2646e+02	2.8339e+02	-1.7675e+03	3.2501e+02	-1.5248e+03	3.5902e+02	-1.0902e+03	3.1769e+02	-7.0004e+02	-1.5225e+02	-1.9363e+02	-1.1652e+03	-9.2564e+02	-6.6465e+02	5.3524e+01	2.0005e+02	1.0722e+03	-6.7262e+02	-3.0648e+03	-4.9372e+02	-9.9256e+02	-8.1056e+01	-8.9461e+02	-1.2840e+03	-7.5149e+02	-2.3837e+02	-1.7259e+03	2.5109e+02	1.4985e+02	-2.3256e+02	-6.7009e+01	-1.3487e+03	1.3335e+03	3.0173e+02	6.5727e+01	-8.3925e+01	-1.2772e+03	1.4298e+03	4.6580e+02	-2.8889e+02	-5.8541e+02	-6.3426e+02	-6.9462e+02	-1.8965e+03	2.1916e+02	2.3334e+02	9.5680e+02	1.6319e+02	-4.4637e+02	3.5435e+02	-2.7330e+01	-7.6831e+02	-4.3287e+02	-6.4285e+02	-1.8214e+03	2.0572e+02	-1.7211e+03	-2.5041e+02	-1.2856e+03	5.6777e+02	4.0608e+02	-1.7640e+02	-4.7772e+01	1.1426e+02	-9.8980e+02	-6.5699e+02	-7.5960e+02	2.4296e+02	-1.2209e+03	-3.2332e+02	-2.2475e+03	-1.1929e+02	-3.5124e+02	-5.5443e+02	7.0390e+01	-4.3625e+02	-3.4388e+02	2.4157e+02	5.2562e+02	-2.2911e+01	-1.0873e+03	1.9566e+01	3.7925e+02	3.6412e+02	-3.9769e+02	5.6224e+02	8.0568e+02	1.7516e+02
1.2000e+05	3.5232e+03	-1.8681e+03	9.5356e+02	1.6379e+03	6.1944e+02	-2.8943e+02	-1.0313e+03	4.1504e+02	-2.8620e+02	2.6552e+02	-3.5522e+02	-1.9787e+02	-7.8943e+02	-2.3825e+03	2.4170e+03	-1.3750e+03	6.4559e+02	1.7199e+03	2.8854e+02	-2.1448e+03	-3.4679e+02	8.1660e+02	-6.1544e+02	-3.9120e+02	6.7500e+02	-1.7832e+02	-8.7275e+01	-5.8974e+02	-1.1623e+03	4.7921e+02	-1.0181e+01	5.3316e+02	-1.5696e+03	-1.5715e+03	9.4480e+00	-8.4160e+02	-1.5392e+03	-4.2989e+02	1.0423e+02	2.9264e+03	-1.0394e+03	-1.5168e+03	-3.9985e+02	5.4043e+02	1.5497e+03	-2.7777e+03	1.4461e+03	7.5198e+02	5.2911e+02	-9.7493e+01	3.3239e+01	4.2054e+02	-2.1872e+03	3.9919e+02	1.7885e+03	-9.2887e+02	2.2000e+03	1.6260e+03	2.9182e+03	8.8770e+01	2.3904e+03	2.2396e+03	-2.4240e+03	-4.6307e+02	-9.1239e+02	5.4792e+02	-5.8408e+02	1.1409e+03	-1.9495e+02	1.2011e+03	-2.0002e+03	-2.1122e+02	1.4691e+02	1.9407e+03	-3.1020e+02	-1.1414e+03	-1.8576e+03	3.5520e+02	2.9083e+03	2.4627e+02	5.3052e+01	1.3247e+03	1.0541e+03	4.8552e+02	-5.8835e+02	1.4375e+03	1.1542e+03	1.1078e+03	2.6644e+03	2.9029e+03	-3.6729e+03	7.1971e+02	1.6763e+02	-2.9834e+01	2.8530e+03	3.2547e+03	-2.5769e+02	-1.8567e+03	2.3538e+02	1.0363e+03	-1.1300e+02	-1.7240e+03	1.2061e+03	1.7791e+03	6.8031e+02	2.8484e+03	-3.0000e+03	7.2651e+02	6.9423e+02	4.8601e+02	-7.3360e+02	-1.8310e+03	3.2273e+03	-1.7138e+02	-2.3453e+02	-2.0251e+02	-1.4898e+03	-1.8565e+03	1.6316e+03	7.7507e+02	1.4590e+03	2.6111e+03	2.1384e+03	-8.6949e+02	1.3106e+03	-1.2752e+02	-4.4102e+03	-1.9570e+03	8.2967e+02	6.4757e+02	2.2065e+03	1.5656e+03	3.3497e+03	-1.0565e+02	4.0472e+02	1.1783e+03	3.0047e+01	-6.5827e+02	1.9697e+03	-9.5581e+01	-1.5402e+03	-1.0856e+03	-1.4927e+03	-7.5553e+02	1.8721e+03	-1.2188e+03	-1.0659e+03	5.0869e+02	1.7638e+02	5.5516e+02	-3.9197e+02	2.5452e+03	2.7854e+02	1.1049e+03	2.6000e+03	6.0716e+02	2.2502e+03	-2.5078e+02	1.3440e+03	4.2838e+03	-9.8563e+02	5.9940e+02	-8.0833e+02	9.0546e+02	1.9920e+02	-4.1976e+02	-5.4337e+02	6.8462e+02	-1.1711e+03	2.4347e+03	7.8060e+02	-1.5122e+03	-1.4208e+03	-3.0152e+03	-4.0875e+01	-2.1464e+03	5.8329e+02	1.6036e+03	-5.6540e+02	-4.0535e+01	-1.2787e+03	-2.2728e+03	1.6447e+03	5.4949e+02	-1.5975e+02	-3.0026e+03	-1.8790e+03	6.8195e+02	-1.3493e+02	-1.2068e+03	-9.0475e+02	2.6515e+02	8.7045e+02	-3.3962e+03	-1.6372e+03	-1.0772e+03	-1.7244e+03	5.0842e+02	-1.8861e+03	-1.6905e+03
1.4000e+05	-1.5891e+03	1.8971e+03	-7.8132e+02	-5.3974e+02	1.6938e+02	-1.0635e+03	-1.2392e+03	3.3000e+02	-1.0112e+02	-1.4694e+02	-3.3289e+02	-6.2511e+02	-1.2762e+03	2.5761e+02	2.0101e+02	8.5815e+02	-9.6973e+02	1.1290e+03	2.7764e+02	-1.2078e+03	-1.5691e+03	2.2066e+02	-2.8112e+01	-1.4093e+03	1.5047e+03	1.0387e+03	4.3002e+01	1.2492e+02	-6.9640e+02	-2.1425e+02	-1.3016e+03	-1.3931e+03	6.3779e+02	-9.2773e+02	-3.7784e+02	1.4304e+03	-1.5638e+02	-1.8223e+03	-5.8804e+02	-1.1870e+03	-2.5087e+03	-9.9635e+02	-6.2620e+02	1.1717e+03	-1.5010e+03	-1.4248e+03	-2.1370e+03	6.1941e+02	-8.6910e+02	-9.4866e+02	-1.4882e+03	-5.9046e+02	-1.6218e+03	-2.8341e+02	-7.2199e+02	-1.8661e+03	-7.9867e+02	-4.5704e+02	3.8914e+02	-9.5237e+02	-9.1090e+02	-1.6465e+03	-7.1755e+02	-7.7968e+02	3.7871e+02	-8.2533e+02	-1.7020e+03	-1.4607e+03	-3.1670e+02	4.2332e+02	-1.5891e+03	5.4190e+02	-1.8511e+03	2.4086e+02	-7.6147e+02	-9.1337e+02	1.7262e+02	2.3067e+02	1.5238e+01	-9.3145e+01	4.1661e+02	-6.7422e+02	1.6084e+03	-1.5249e+03	-4.5073e+01	6.8545e+02	-8.2077e+02	1.2771e+03	2.3148e+02	3.9077e+02	-2.4128e+02	-3.5062e+02	7.9490e+02	-9.6982e+02	-4.1903e+02	-7.3295e+02	-6.7647e+02	5.3605e+02	-2.0705e+03	-1.1921e+03	9.7542e+02	-1.6180e+03	-7.8515e+02	-6.7521e+02	-2.0646e+02	-1.1680e+03	-1.9430e+01	1.4220e+03	-1.5658e+03	-5.5811e+02	2.3062e+02	-7.7817e+02	2.2001e+02	3.8786e+02	-1.7110e+03	5.4105e+02	-1.1087e+03	8.5548e+00	-1.1358e+03	2.7901e+02	-1.1993e+03	-9.2104e+01	-9.3013e+01	-1.0000e+03	-9.0964e+02	-7.6877e+02	3.8308e+01	2.9578e+01	1.0188e+03	-4.4747e+02	-2.7144e+03	-2.7469e+02	-8.1267e+02	3.9402e+00	-3.6664e+02	-1.5853e+03	-1.4597e+02	1.0228e+02	-2.2208e+03	-2.0900e+00	2.1480e+02	-3.0591e+02	6.5632e+01	-1.6857e+03	8.5720e+02	5.3932e+02	7.2161e+02	-3.4622e+02	-1.6277e+03	1.5526e+03	4.7046e+02	-1.0110e+02	-6.2224e+02	-1.0675e+03	-3.9035e+02	-1.6915e+03	4.0716e+02	-1.4926e+02	7.5824e+02	3.6373e+02	-4.4252e+02	4.7695e+02	-2.3639e+02	-1.4855e+03	-1.8550e+02	-8.4522e+02	-2.1371e+03	5.7062e+02	-1.6289e+03	1.1354e+02	-1.7213e+03	1.8113e+02	5.2453e+02	-1.5463e+02	-6.8059e+02	1.6463e+02	-3.9625e+02	-8.2398e+02	-9.8105e+02	4.7914e+02	-1.9860e+03	-8.9000e+02	-1.9601e+03	-1.7128e+02	-6.1637e+02	-6.7583e+02	6.3026e+01	-3.6350e+02	8.0731e+01	3.1653e+02	8.6274e+02	-2.2372e+01	-9.0735e+02	-7.2117e+00	3.8683e+02	-1.0684e+02	-5.0190e+02	5.5735e+02	5.3869e+02	-2.1160e+01
1.4000e+05	3.5545e+03	-2.7789e+03	1.4933e+03	1.2031e+03	5.2516e+02	4.1324e+02	-1.1045e+03	1.3287e+03	-1.1559e+03	-2.4411e+01	2.3684e+02	7.9115e+01	-9.6526e+02	-2.8405e+03	2.4867e+03	-1.3178e+03	5.8148e+02	1.4862e+03	-5.8182e+02	-2.0463e+03	-6.9359e+02	3.7164e+02	-5.2975e+02	8.9076e+02	-4.3231e+02	5.8556e+00	1.0778e+02	-6.5003e+02	-5.0655e+02	1.3561e+02	4.9463e+02	-8.4525e+01	-7.4001e+02	-1.0692e+03	2.3770e+02	-5.0331e+02	-1.5812e+03	-1.0244e+03	9.2953e+01	3.4151e+03	-6.5436e+02	3.6633e+02	2.2646e+02	7.5108e+02	1.7837e+03	-2.6736e+03	1.1812e+03	1.2908e+03	9.0804e+02	-1.5205e+03	-3.1056e+02	-2.1884e+02	-2.7891e+03	2.0170e+02	7.5694e+02	-1.0867e+03	2.0555e+03	1.5788e+03	3.5952e+03	-8.5589e+02	1.9360e+03	1.0542e+03	-1.9993e+03	-2.3753e+02	-4.1067e+02	-6.5008e+01	-9.6239e+02	1.8756e+03	-4.4313e+02	8.8346e+02	-1.2640e+03	-6.0676e+02	4.1426e+02	1.6569e+03	2.8522e+02	-2.1021e+02	-2.4938e+03	3.1738e+02	2.8357e+03	-7.2946e+02	4.8288e+02	2.1173e+03	3.1164e+02	-4.8043e+02	2.1676e+02	1.7132e+03	1.5866e+03	1.2898e+03	1.8942e+03	2.4082e+03	-3.3238e+03	1.9771e+02	-3.2323e+02	3.3271e+02	3.5949e+03	3.8172e+03	1.6074e+02	-1.1551e+03	3.4343e+01	1.9665e+03	-9.8244e+02	-1.4323e+03	1.7043e+03	2.0251e+03	3.1701e+02	2.3559e+03	-3.0416e+03	6.0875e+02	1.4126e+03	-2.2547e+02	-1.8017e+02	-1.6933e+03	3.2359e+03	-2.9095e+02	-7.4459e+02	-1.1552e+03	-1.1189e+03	-1.4958e+03	1.4382e+03	1.0740e+03	1.6118e+03	1.7329e+03	1.2007e+03	-1.3188e+03	1.7504e+03	5.6473e+02	-4.5097e+03	-1.4248e+03	2.3610e+02	4.6838e+01	2.4146e+03	1.6505e+03	3.7675e+03	7.2998e+02	-7.4956e+01	1.3333e+03	1.4509e+02	-9.8741e+02	2.5911e+03	-5.3823e+02	-1.4730e+03	-3.4822e+02	-1.4278e+03	-3.3007e+02	1.2016e+03	-1.1060e+03	-8.7615e+02	6.9626e+02	1.2436e+03	8.9692e+02	-4.8949e+02	2.5843e+03	1.8646e+02	-2.1560e+02	2.3590e+03	2.3163e+02	2.2365e+03	-1.1710e+02	1.3733e+03	4.4289e+03	-8.6269e+02	1.6134e+02	-1.1525e+03	8.0294e+02	-3.1316e+02	5.2579e+02	-1.4472e+03	4.5130e+02	-8.7112e+02	2.0549e+03	9.8325e+02	-1.7941e+03	-1.3417e+03	-3.4117e+03	3.1969e+02	-2.1137e+03	5.2837e+01	9.9353e+02	-1.8352e+02	1.9370e+02	-2.1238e+03	-1.7540e+03	2.0976e+03	1.3468e+03	-3.1395e+02	-3.2548e+03	-3.0576e+03	3.4740e+02	1.3203e+03	-4.9759e+02	-1.4311e+03	1.2869e+03	6.5866e+02	-2.6140e+03	-2.2721e+03	-5.3719e+02	-7.5584e+02	4.9298e+01	-1.5239e+03	-4.9117e+02
1.6000e+05	-2.5611e+03	2.0802e+03	-8.3607e+02	-8.2499e+02	3.8700e+02	-1.9118e+03	-9.6124e+02	3.6323e+02	-6.9677e+02	-2.0801e+02	-6.7380e+02	-1.3700e+02	-1.3306e+03	3.1592e+01	1.9458e+01	1.2020e+03	-1.6830e+03	1.5694e+03	-1.4369e+02	-1.2570e+03	-2.2073e+03	-8.5533e+01	-3.5408e+02	-1.5206e+03	1.2996e+03	1.1512e+03	-2.3531e+02	9.3152e+01	-1.2482e+03	-5.2645e+02	-1.5601e+03	-2.2852e+03	8.0449e+02	-1.1298e+03	-4.7162e+02	1.9217e+03	3.7645e-01	-1.5090e+03	-8.8138e+02	-1.5092e+03	-3.0053e+03	-1.0216e+03	-1.1625e+03	1.0525e+03	-1.3967e+03	-1.5243e+03	-1.5640e+03	6.1052e+02	-2.1911e+02	-5.3127e+02	-1.9714e+03	-8.8311e+02	-1.8657e+03	-4.9921e+02	-5.8549e+02	-1.9112e+03	-7.8991e+02	-9.3796e+02	2.5179e+02	-1.7571e+03	-1.4742e+03	-1.2608e+03	-3.9552e+02	-1.6837e+03	4.8543e+02	-1.0437e+03	-1.8758e+03	-1.6248e+03	-6.1918e+01	2.9493e+02	-2.1627e+03	4.2888e+02	-1.8106e+03	-9.9660e+01	-6.7471e+02	-1.1362e+03	4.8009e+02	-3.4235e+02	4.4993e+02	1.6315e+02	6.7724e+02	-1.5912e+02	1.5459e+03	-1.9825e+03	-3.9266e+02	1.0240e+03	-1.0585e+03	9.2143e+02	-4.5518e+02	8.9071e+02	5.0092e+01	-2.3912e+02	2.2719e+02	-6.1845e+02	4.4002e+02	-1.3074e+03	-6.5496e+02	6.4193e+02	-1.9487e+03	-1.0812e+03	7.5764e+02	-1.7033e+03	-1.4007e+02	-8.7591e+02	5.7607e+02	-7.0035e+02	-2.3067e+02	1.5155e+03	-1.5552e+03	-4.1845e+02	5.9272e+02	-6.8017e+02	4.9035e+02	-2.6855e+02	-1.9718e+03	8.5873e+02	-1.0622e+03	-3.0292e+02	-5.4214e+02	8.1872e+02	-1.7594e+03	-2.2218e+02	-1.7039e+02	-1.3017e+03	-2.6523e+02	-3.0838e+02	1.0167e+02	2.9502e+02	1.0033e+03	-4.9520e+02	-3.2893e+03	-6.7215e+02	-5.6197e+02	-2.1898e+02	-6.5355e+02	-2.5336e+03	-7.7965e+02	6.4588e+01	-1.9279e+03	-3.1412e+02	-7.2310e+00	-8.4059e+02	2.6316e+02	-2.1453e+03	7.5642e+02	9.1424e-01	8.1763e+02	-1.8553e+02	-1.5937e+03	1.4818e+03	7.1758e+02	-8.2129e+02	-4.4813e+02	-7.8784e+02	-6.6437e+02	-1.2023e+03	1.7583e+02	-1.8519e+02	3.8505e+02	8.2426e+01	-5.1954e+02	5.4389e+02	-2.7124e+02	-1.7127e+03	-4.1880e+02	-1.0794e+03	-2.0456e+03	9.6806e+02	-1.7137e+03	3.4063e+02	-1.1704e+03	2.8026e+02	2.6088e+02	-5.6886e+02	-4.5883e+02	4.0918e+02	-1.0864e+03	-1.5500e+03	-6.6298e+02	3.4651e+02	-2.2241e+03	-1.0690e+03	-2.0302e+03	4.9183e+01	-6.5116e+02	-5.1591e+02	-2.7073e+02	4.2262e+02	5.7653e+02	1.1541e+03	3.3633e+02	-4.3150e+02	-7.7818e+02	1.1367e+02	4.6018e+02	-9.5426e+01	-9.8263e+01	1.6543e+02	9.4865e+02	3.0181e+02
1.6000e+05	4.0498e+03	-2.1739e+03	8.0874e+02	1.2780e+03	6.2292e+02	6.2448e+02	-1.2574e+03	1.8826e+03	-1.6070e+03	4.5646e+02	5.1617e+01	-5.5237e+02	-6.0380e+02	-1.5064e+03	3.2001e+03	-6.8935e+02	9.6618e+02	1.6208e+03	9.3174e+02	-1.9687e+03	6.8771e+01	-3.9329e+02	-8.0416e+01	1.2098e+03	-4.3470e+02	2.2125e+02	1.5404e+02	-6.6955e+02	-9.8327e+02	4.0576e+02	4.3868e+01	-1.5958e+03	-6.9234e+02	-1.5743e+03	7.6098e+02	-5.6458e+02	-3.2999e+03	-7.6953e+02	2.0044e+02	3.7653e+03	-6.3475e+02	1.2850e+03	-4.6509e+02	8.7179e+02	2.1615e+03	-2.1796e+03	2.3666e+03	2.3595e+03	1.1539e+03	-1.3580e+03	-1.0768e+03	-1.1751e+03	-2.5852e+03	-3.4759e+02	6.6974e+02	-1.0383e+03	1.3668e+03	5.6704e+02	3.2611e+03	-1.0177e+03	1.9189e+03	1.0949e+03	-1.4317e+03	-3.2711e+02	1.4256e+02	2.6530e+02	-9.6361e+02	1.0733e+03	-3.6586e+02	2.0381e+03	-9.7531e+02	1.5497e+02	-4.2595e+02	2.5658e+03	1.6682e+02	1.1789e+02	-3.6220e+03	-1.0320e+02	3.2222e+03	-1.2260e+03	2.0664e+02	2.9964e+03	1.0602e+03	-1.1809e+03	4.6422e+02	1.4090e+03	1.4636e+03	2.2573e+03	1.8323e+03	2.4148e+03	-2.8274e+03	-7.5448e+02	-3.7658e+02	-2.0550e+02	4.2281e+03	3.9609e+03	5.9384e+02	-6.7836e+02	-4.0377e+02	1.6230e+03	-3.7036e+02	-1.6014e+03	2.1373e+03	2.3570e+03	-2.2147e+02	2.3743e+03	-1.7582e+03	3.7875e+02	9.1291e+02	6.8951e+02	-1.7447e+02	-2.5572e+03	2.2054e+03	3.2094e+02	-1.3149e+03	-9.5737e+02	-1.3000e+03	-1.8245e+03	1.3276e+03	3.9921e+02	6.4178e+02	1.6691e+03	1.8012e+03	-1.5437e+03	1.8157e+03	-3.4740e+02	-4.7529e+03	-1.2786e+03	6.1347e+02	2.6965e+02	2.5220e+03	1.9601e+03	3.2619e+03	1.8627e+03	-8.9161e+01	1.3847e+03	1.4115e+03	-1.4611e+03	3.5454e+03	-8.1941e+02	-2.0811e+03	-2.9615e+01	-1.1647e+03	2.7307e+02	1.1728e+03	-1.0320e+03	-8.1511e+02	1.4688e+03	1.0484e+03	1.4524e+03	-6.9238e+02	3.1402e+03	-1.0623e+02	2.9070e+02	3.1353e+03	1.0011e+03	2.4123e+03	-4.0799e+02	9.3401e+02	3.5959e+03	-1.5843e+03	-3.1897e+02	-1.0403e+02	1.6902e+03	-1.0594e+02	1.3440e+03	-2.1903e+03	8.4563e+02	-1.7143e+03	2.2010e+03	1.1540e+03	-1.5887e+03	-1.7620e+03	-2.8385e+03	3.7168e+02	-2.2122e+03	-2.5395e+02	-4.0211e+02	7.4569e+02	5.1610e+02	-3.1906e+03	-1.7214e+03	1.5918e+03	1.5210e+03	-6.3531e+02	-2.6904e+03	-2.0567e+03	4.8343e+02	1.0974e+03	-5.2127e+02	-1.4698e+03	1.3485e+03	1.9480e+02	-3.2410e+03	-3.0455e+03	-1.0061e+03	-9.0251e+02	2.1908e+02	-2.2187e+03	-1.2054e+03
1.8000e+05	-2.1668e+03	2.3723e+03	-1.6836e+03	-8.0415e+02	4.2908e+02	-1.9005e+03	-9.4891e+02	-4.6171e+01	-9.1635e+02	8.6281e+01	-8.9357e+02	-1.3608e+03	-1.2064e+03	-7.1397e+02	-2.1376e+02	1.3164e+03	-1.6036e+03	1.7000e+03	-6.8033e+02	-1.4413e+03	-2.0122e+03	-1.0896e+02	-4.2651e+02	-1.9348e+03	1.6336e+03	1.4358e+03	-2.5618e+02	-1.8039e+02	-1.2627e+03	-4.1693e+02	-1.4232e+03	-2.1889e+03	1.0964e+03	-1.0744e+03	-5.6227e+02	2.1122e+03	2.2473e+02	-9.4331e+02	-6.6260e+02	-1.6811e+03	-2.9713e+03	-7.1145e+02	-1.1136e+03	1.1263e+03	-1.1345e+03	-1.7128e+03	-1.4889e+03	1.4414e+02	-4.7088e+02	-7.4370e+02	-1.7668e+03	-4.5438e+02	-1.7977e+03	-3.6929e+02	-7.6543e+02	-1.5605e+03	-7.2232e+02	-1.3273e+03	3.5165e+02	-1.5806e+03	-1.7068e+03	-1.1194e+03	-6.7462e+02	-1.7971e+03	4.6896e+02	-1.0059e+03	-2.4533e+03	-1.6752e+03	2.2760e+02	4.8742e+01	-2.2113e+03	-1.6719e+02	-1.7223e+03	-1.0671e+02	-1.1426e+03	-1.2728e+03	3.8408e+01	-2.4198e+02	6.4398e+01	2.8060e+02	3.9192e+02	-4.6193e+01	5.1783e+02	-2.5173e+03	-1.4639e+02	7.1360e+02	-1.0675e+03	6.3660e+02	-1.0259e+03	1.5582e+03	4.9783e+02	7.1916e+02	3.0528e+02	-5.0115e+02	5.9479e+02	-1.0981e+03	-8.9585e+01	4.7240e+02	-1.7239e+03	-5.7370e+02	5.5179e+02	-1.7427e+03	-1.4730e+02	-8.4491e+02	-8.9807e+01	-7.2584e+02	-2.3430e+02	1.3582e+03	-2.0006e+03	1.8540e+02	2.8507e+02	-4.0947e+02	2.6055e+02	5.6189e+02	-1.6747e+03	1.0113e+03	-8.7907e+02	-9.8932e+01	-5.8571e+02	1.4568e+03	-1.3531e+03	-6.4339e+02	1.1630e+02	-1.0479e+03	4.6039e+01	-3.3655e+02	3.2991e+01	-3.6906e+02	4.4945e+02	-4.0186e+02	-2.9767e+03	-9.4808e+02	-6.3245e+02	-1.6410e+02	-4.7072e+02	-3.0426e+03	-8.2574e+02	-1.3005e+02	-1.8408e+03	-6.7019e+01	-4.9297e+02	-4.0728e+02	-5.6711e+02	-2.6764e+03	8.5557e+02	1.0455e+02	1.1428e+03	-2.1350e+02	-1.6590e+03	1.3413e+03	7.3528e+02	-1.4613e+03	-3.1223e+02	-9.2745e+02	-5.7770e+02	-1.5371e+03	-1.0152e+02	-4.1575e+02	2.1051e+02	6.7384e+01	-1.4529e+03	4.9428e+02	-4.9958e+02	-1.8395e+03	7.6592e+01	-1.3679e+03	-1.9625e+03	1.5752e+03	-1.5723e+03	2.9334e+02	-1.4826e+03	2.1974e+02	4.4715e+02	-7.5941e+02	-9.3136e+02	2.8523e+02	-1.5171e+03	-1.6218e+03	-9.2335e+02	-1.3393e+02	-2.7545e+03	-1.6238e+03	-2.1356e+03	-2.1397e+02	-7.5695e+02	-7.5274e+02	-4.3014e+02	2.0760e+02	9.1677e+02	1.7803e+02	3.5036e+02	-7.1332e+02	-1.3795e+03	-6.8528e+02	3.4602e+02	1.8987e+02	1.4111e+00	6.2927e+02	4.6672e+02	3.3416e+02
1.8000e+05	2.7260e+03	-2.0351e+03	1.5732e+02	1.2206e+03	1.4043e+03	1.7337e+03	-8.8874e+02	2.4441e+03	-1.6691e+03	-2.8496e+02	-3.3168e+02	2.5289e+02	-1.1212e+03	-1.6598e+03	2.8163e+03	-2.1803e+02	1.0016e+03	2.7704e+03	7.8934e+02	-1.9360e+03	1.9915e+02	-1.2165e+03	-1.1927e+03	2.1073e+03	-2.8444e+02	-1.0645e+02	-1.1222e+03	-5.2491e+02	-1.1177e+03	-1.3615e+02	-8.4005e+02	-1.0536e+03	-1.1944e+03	-2.1508e+03	4.9029e+02	-4.5380e+02	-3.9391e+03	-1.3722e+02	1.2896e+02	4.8614e+03	-7.9147e+02	1.6559e+03	-9.7981e+02	7.2898e+02	1.4775e+03	-2.5665e+03	2.3556e+03	2.9925e+03	2.0392e+03	-7.4373e+02	-4.1355e+02	-8.3486e+02	-3.3187e+03	-1.0986e+03	5.3212e+02	-8.8633e+02	5.4134e+02	1.1574e+03	2.5287e+03	-4.9462e+02	2.4691e+03	7.2361e+02	-2.0063e+02	-4.6751e+02	4.1582e+01	-2.0454e+02	-4.7038e+02	1.3788e+03	-8.7661e+02	1.3509e+03	-1.7173e+03	1.6127e+02	-9.1793e+02	2.9811e+03	2.0743e+02	4.6691e+02	-4.3056e+03	-3.7845e+02	3.9776e+03	-1.5252e+02	6.0590e+02	2.2265e+03	4.1185e+02	-1.1795e+03	3.2270e+01	4.6889e+02	1.7412e+03	2.4227e+03	1.4916e+03	2.4852e+03	-2.2792e+03	-1.1053e+03	-6.3492e+02	-2.7544e+01	5.0575e+03	4.5881e+03	-1.4504e+02	-6.3066e+02	3.0208e+02	1.6616e+03	4.6253e+01	-2.1908e+03	2.7774e+03	1.1074e+03	-2.9071e+02	2.9649e+03	-1.9256e+03	1.2660e+03	3.5236e+02	1.4932e+03	5.5064e+02	-2.8043e+03	2.3439e+03	-3.3944e+02	-7.2062e+02	-4.4939e+02	-6.7181e+02	-1.1369e+03	7.8379e+02	1.4517e+02	-1.0521e+01	1.8978e+03	2.0861e+03	-2.7718e+03	1.9428e+03	-2.0701e+02	-4.2404e+03	-2.1607e+03	8.5113e+02	6.1091e+02	1.6777e+03	2.3923e+03	3.6629e+03	1.5289e+03	2.1098e+02	1.2745e+03	1.1002e+03	-9.1605e+02	3.7476e+03	4.8765e+02	-2.3640e+03	-8.7535e+01	-1.2265e+03	2.1269e+02	4.3796e+02	-6.2915e+02	-1.1078e+03	8.4051e+02	6.7679e+02	1.4795e+03	-6.7721e+02	3.0669e+03	-7.6846e+02	1.3656e+03	3.2364e+03	5.3850e+02	2.3693e+03	-2.0581e+02	3.4741e+02	3.1582e+03	-1.4702e+03	4.3041e+02	-5.1024e+02	1.9145e+03	6.3350e+02	2.5208e+03	-1.4576e+03	-2.2605e+02	-2.0629e+03	2.6598e+03	1.2920e+03	-2.1668e+03	-2.7394e+03	-3.1857e+03	7.7032e+02	-1.6944e+03	-5.0205e+02	-9.2422e+02	1.8442e+03	1.9269e+03	-3.6613e+03	-1.6457e+03	1.2896e+03	1.8883e+03	-2.1541e+02	-4.1375e+03	-2.0383e+03	-7.6824e+01	2.2163e+02	-5.4722e+02	-2.2357e+03	1.3611e+03	2.4197e+01	-2.9511e+03	-2.4184e+03	-1.7339e+03	-2.5062e+02	3.7183e+02	-2.2867e+03	-4.6306e+02
2.0000e+05	-2.3703e+03	2.7153e+03	-1.9231e+03	-1.0317e+03	2.7515e+02	-2.5414e+03	-8.6066e+02	2.1197e+02	-7.9934e+02	4.6206e+02	-9.4182e+02	-1.5745e+03	-7.9942e+02	-4.2394e+02	-4.5726e+02	1.1483e+03	-1.4805e+03	1.7413e+03	-9.0324e+02	-1.2909e+03	-2.5688e+03	1.7678e+02	-2.0264e+02	-2.8802e+03	1.6905e+03	9.8453e+02	-7.4189e+02	-1.0004e+03	-1.6420e+03	-2.5075e+02	-6.9766e+02	-1.7598e+03	1.4778e+03	-7.8024e+02	-2.3741e+02	1.8487e+03	3.3732e+02	-7.3445e+02	-5.2224e+02	-1.6191e+03	-3.0319e+03	-6.1884e+02	-1.1901e+03	1.6961e+03	-1.0375e+03	-1.3993e+03	-1.7418e+03	1.1536e+02	-3.4429e+02	-1.0116e+02	-1.5141e+03	-6.8604e+02	-2.1597e+03	-1.7407e+01	-4.3453e+02	-1.7999e+03	-1.2174e+03	-1.1224e+03	-1.1743e+02	-1.3916e+03	-1.3562e+03	-2.0061e+03	-8.5046e+02	-1.8053e+03	1.8087e+02	-1.1452e+03	-2.8687e+03	-2.1198e+03	-2.7562e+02	-1.1271e+02	-2.6883e+03	1.6384e+02	-2.1603e+03	-7.5849e+02	-8.8589e+02	-7.5710e+02	3.5761e+02	-3.7331e+02	-7.5671e+02	5.6490e+02	1.2020e+02	3.9698e+02	9.9338e+02	-2.6425e+03	-1.9233e+02	2.6420e+02	-1.0735e+03	7.3962e+02	-6.7973e+02	1.6625e+03	1.4554e+03	7.3389e+02	2.8528e+02	-9.0389e+02	6.5193e+02	-9.7955e+02	-6.0901e+02	8.1628e+01	-1.6390e+03	-6.4642e+02	4.5345e+02	-1.9817e+03	-3.9458e+02	-1.1543e+03	-2.8060e+02	-1.3215e+03	-1.9709e+02	3.7365e+02	-2.1099e+03	2.6444e+02	3.9879e+02	-3.8721e+02	-5.6950e+02	-8.3708e+01	-2.6225e+03	6.2766e+02	-1.1080e+03	-2.4814e+01	-5.0714e+02	1.3930e+03	-1.4846e+03	-6.4148e+02	-5.3112e+02	-1.3183e+03	-6.5995e+02	-9.2619e+02	5.8462e+01	-1.3348e+02	6.7360e+02	6.0039e+01	-3.2236e+03	-7.5007e+02	-5.4574e+02	-3.3518e+02	-4.7238e+02	-2.4650e+03	-1.2705e+03	8.5261e+01	-1.7324e+03	2.2833e+02	-4.2658e+02	-3.4299e+02	-8.0678e+02	-3.0812e+03	6.2696e+02	3.1676e+02	1.2462e+03	-3.9904e+02	-1.9975e+03	1.1925e+03	3.2778e+02	-1.5667e+03	-1.0512e+02	-1.0840e+03	-6.2230e+02	-1.8460e+03	1.0161e+02	-8.6074e+02	3.4495e+02	-1.5924e+02	-1.1752e+03	-4.5440e+01	-7.8504e+02	-1.5456e+03	5.4551e+01	-1.8933e+03	-1.9115e+03	1.4964e+03	-1.7604e+03	-1.1869e+02	-1.8418e+03	1.6854e+02	7.7447e+02	-9.3805e+02	-4.1875e+02	2.8496e+02	-1.9257e+03	-1.5412e+03	-1.5210e+03	-5.4074e+02	-2.9446e+03	-2.0495e+03	-1.5878e+03	-2.9313e+01	-3.3300e+02	-1.2613e+03	-2.3122e+02	2.5695e+02	1.0660e+03	5.4532e+01	5.1655e+02	-5.3902e+02	-5.6373e+02	-2.1928e+02	4.2894e+02	7.8826e+01	5.6059e+02	3.4755e+02	9.2189e+01	1.0366e+02
2.0000e+05	2.9066e+03	-2.7149e+03	-2.6267e+02	1.6049e+03	7.7189e+02	1.8025e+03	-1.0280e+02	1.4468e+03	-2.1781e+03	-1.2440e+03	-3.9885e+01	4.7896e+02	-3.2040e+02	-1.7418e+03	1.9301e+03	4.8826e+02	1.5912e+03	3.2561e+03	5.2930e+02	-3.1262e+03	3.6343e+02	-1.3549e+03	-9.9386e+02	1.8450e+03	-4.4280e+02	7.8965e+02	-1.2991e+03	-1.1748e+03	-1.0481e+03	-7.2326e+02	-5.6483e+02	-2.8210e+03	-1.4466e+03	-2.5284e+03	-7.0725e+02	-5.4869e+02	-4.2494e+03	1.0588e+03	-3.3010e+01	4.9220e+03	-1.7551e+02	1.1629e+03	-1.0643e+03	1.3431e+03	-2.1999e+02	-2.6241e+03	2.9475e+03	2.4574e+03	2.5920e+03	-7.9869e+02	-4.1906e+02	-1.0201e+03	-3.1703e+03	-1.6318e+03	1.5425e+02	-1.2176e+03	2.3982e+02	1.1867e+03	2.2092e+03	-6.7569e+02	2.0386e+03	1.3119e+03	-6.1149e+02	-3.6820e+02	-9.6847e+02	-3.4467e+02	7.7285e+02	1.4046e+03	-6.6550e+02	9.9846e+02	-9.9601e+02	-9.4892e+02	-8.3701e+02	3.8387e+03	8.2760e+02	-4.8147e+02	-3.7935e+03	1.8033e+02	4.1129e+03	-5.7266e+02	2.4096e+02	1.5960e+03	6.2233e+02	-7.1835e+02	-1.0205e+03	8.5254e+02	1.3808e+03	2.1774e+03	1.1008e+03	1.9893e+03	-2.4952e+03	-1.1023e+03	3.5923e+01	1.4540e+02	4.8343e+03	4.6384e+03	-6.5772e+02	-1.2963e+03	-9.0695e+02	1.8929e+03	1.4407e+02	-2.6800e+03	2.4857e+03	1.8000e+03	-1.8543e+03	2.8465e+03	-2.5512e+03	1.8878e+03	7.3673e+02	5.0266e+02	-1.3670e+02	-3.1006e+03	2.7222e+03	2.0366e+01	-1.3935e+03	-5.4400e+02	-1.3395e+03	-2.0266e+03	-7.6425e+00	5.7112e+02	-1.1115e+03	1.4683e+03	1.6387e+03	-2.7494e+03	1.4485e+03	-5.8836e+02	-4.0807e+03	-2.9408e+03	1.0403e+03	6.2628e+02	2.4370e+03	2.7713e+03	4.8703e+03	2.2489e+03	5.7716e+02	1.3599e+03	1.4276e+03	-2.0273e+03	2.6707e+03	4.5245e+02	-2.7052e+03	-1.2595e+02	-1.8598e+03	-5.7741e+01	1.8913e+02	-5.3200e+02	-9.7999e+02	-9.1701e+01	6.7536e+02	2.6535e+03	-4.9311e+02	2.9844e+03	-3.0772e+02	1.3844e+03	3.5764e+03	-8.0783e+02	2.5268e+03	-7.1249e+02	5.0972e+02	3.4801e+03	-1.1885e+03	3.0732e+02	-5.8660e+02	1.8944e+03	3.3414e+02	2.4600e+03	-2.1037e+03	3.9176e+01	-3.2453e+03	2.4059e+03	1.5113e+03	-1.6140e+03	-2.5761e+03	-3.0283e+03	9.2109e+02	-2.0889e+03	-2.0508e+03	-1.6276e+03	1.8078e+03	2.7051e+03	-4.2808e+03	-9.6249e+02	1.1340e+03	1.9986e+03	-1.2304e+03	-3.3126e+03	-1.8385e+03	9.7154e+01	3.5432e+02	-3.7315e+02	-1.3366e+03	8.7521e+02	3.7314e+02	-2.6469e+03	-2.0542e+03	-2.9223e+03	1.4137e+02	1.1656e+03	-2.9623e+03	-7.7893e+02
