2.0000e+04	-1.9777e+02	-3.9988e+02	-2.4834e+02	-2.7969e+02	-6.3305e+01	-2.7770e+02	-9.5105e+01	-4.7290e+02	3.8442e+02	-6.3516e+02	-5.9400e+01	2.4114e+02	1.1992e+02	8.0837e+01	1.6151e+02	-5.4063e+01	-7.1668e+02	-2.9450e+02	9.9619e+01	1.4825e+02	2.1193e+02	6.3938e+01	-2.3857e+01	2.3684e+02	2.2761e+02	4.6025e+02	1.5991e+01	-1.1535e+02	8.2164e+01	-6.8804e+00	2.5888e+02	2.1740e+02	2.9365e+02	-8.9503e+00	1.2702e+02	-2.7258e+02	3.0215e+02	-5.1316e+02	2.1270e+02	5.3718e+02	1.0563e+03	9.3059e+01	-4.1331e+02	7.6906e+02	3.0574e+01	4.5979e+02	-2.7391e+02	-6.0911e+02	-2.7877e+02	-1.6982e+02	-3.0899e+02	3.4341e+02	-5.5664e+02	6.5378e+02	-3.6663e+02	5.3849e+02	6.6259e+02	1.6041e+02	9.5254e+01	-4.3851e+02	-5.0562e+02	3.5727e+02	-2.7897e+02	7.0928e+02	2.7902e+02	-3.4828e+02	4.5349e+02	-3.2657e+02	7.1306e+00	-6.4607e+02	4.3030e+01	-1.2622e+02	3.2321e+02	-9.9181e+01	-1.7756e+02	-3.4632e+02	1.7426e+02	-1.2539e+02	-6.0133e+01	1.3307e+02	2.8326e+01	-2.5782e+02	-3.5692e+02	-9.7310e+02	4.7226e+02	-1.1423e+02	3.3464e+02	4.5868e+02	-2.2173e+02	4.1541e+02	-7.2382e+02	-3.3250e+02	-2.0475e+02	-4.2015e+02	-2.2535e+02	-5.0994e+02	-3.6271e+02	2.9612e+02	3.1032e+02	1.1991e+02	-3.1543e+02	4.3887e+02	1.5416e+02	3.1749e+02	3.7371e+02	-2.2179e+02	1.5728e+01	-1.6304e+02	-2.7984e+02	1.6347e+02	2.3279e+02	3.0834e+02	2.1819e+02	2.0669e+01	1.6503e+02	4.3902e+02	1.8532e+02	4.8334e+02	-4.1192e+02	3.3056e+02	-1.4632e+02	3.6117e+02	1.9509e+02	-3.9780e+02	1.0938e+02	1.6930e+01	-5.5596e+02	4.3109e+02	-3.2438e+01	5.8849e+02	6.7517e+02	4.5236e+02	-9.1538e+01	2.7753e+01	3.1942e+02	-5.5739e+01	-3.4930e+02	-1.1460e+01	1.7494e+02	3.8772e+02	2.7192e+02	5.3902e+01	4.0264e+02	1.8687e+02	-7.3818e+02	-3.0482e+02	2.5029e+02	-3.0614e+02	-4.1952e+01	3.7986e+02	-3.6205e+01	-7.6016e+02	-3.9620e+02	7.2065e+02	5.9926e+02	9.4197e+02	3.2010e+02	-6.2616e+02	-2.7783e+02	-2.7184e+02	4.2882e+01	5.4696e+02	3.4701e+02	1.8943e+02	1.0536e+02	-3.2628e+00	-2.9431e+02	-1.4543e+02	3.7165e+02	-1.4735e+02	2.4921e+02	-2.7193e+02	4.7604e+01	1.9293e+02	-2.9020e+02	4.6581e+02	-5.9902e+01	1.0065e+01	-4.8112e+02	-1.6348e+01	-1.0253e+02	-3.9800e+02	4.2286e+01	1.5343e+02	-2.6752e+02	6.8160e+02	3.9714e+02	3.8859e+02	9.7249e+01	3.7893e+02	2.9928e+02	4.9093e+01	2.1554e+02	-2.4138e+02	4.8140e+02	5.9455e+02	2.3321e+02	-3.6470e+02	-8.3428e+01	8.2603e+02
2.0000e+04	-4.3961e+02	-3.1337e+01	-1.7450e+01	-9.5612e+02	5.5779e+02	1.8855e+02	5.0849e+02	-6.3936e+01	1.0160e+02	-5.5939e+02	1.1749e+03	-7.3189e+02	-7.6299e+02	-7.2572e+02	-3.5971e+02	3.7900e+02	5.9456e+02	1.1484e+03	5.1114e+02	6.8648e+01	-6.8519e+02	-1.8817e+02	-3.8207e+02	-8.3498e+02	-1.5902e+03	-1.9967e+02	-8.6834e+02	-5.2021e+02	-7.8686e+02	-2.6271e+01	5.9341e+02	-6.7560e+02	6.6812e+01	7.8616e+01	1.7459e+02	1.1616e+03	-2.3234e+02	1.6060e+02	1.6082e+02	5.4652e+02	2.0958e+02	-2.9027e+02	-4.2488e+02	1.7099e+02	-3.1062e+02	-6.3172e+02	1.0046e+03	-7.5801e+02	-8.0561e+02	3.3757e+02	-6.2644e+02	-2.5044e+02	7.0195e+02	-5.1950e+02	7.5911e+02	6.4448e+01	1.8930e+02	9.0698e+02	-6.3639e+02	3.5084e+02	-7.9793e+01	5.8662e+01	-1.7920e+02	-5.3612e+02	-9.2414e+01	-1.3719e+02	2.1442e+02	2.4852e+02	-5.3196e+01	-5.6416e+01	5.4788e+02	-2.9222e+02	1.0242e+03	4.0754e+02	-4.6589e+02	-1.3018e+02	-8.7749e+01	-9.3475e+01	1.2882e+03	2.8818e+02	-2.8258e+02	4.4133e+02	-1.4091e+02	-1.1520e+03	-8.6607e+02	-5.0370e+02	-6.8598e+02	-5.4492e+02	-7.0749e+02	9.2620e+02	6.0192e+02	-1.8730e+02	-7.4651e+02	4.1311e+01	1.0658e+03	4.4935e+02	6.1622e+02	4.1114e+02	8.5197e+02	-6.0181e+02	3.1754e+02	-1.0928e+03	-2.2786e+02	6.3410e+02	4.6754e+02	-5.4379e+02	3.2670e+00	4.7098e+01	-4.2581e+01	6.8171e+02	-7.9182e+02	3.0203e+02	2.7877e+02	-3.3848e+01	3.9087e+02	-1.1317e+03	-1.0700e+03	5.2595e+02	7.0881e+02	-2.9866e+02	-7.5800e+01	-3.9426e+01	-4.1161e+02	-1.1397e+03	-1.2758e+03	-1.5927e+03	3.8525e+02	6.6846e+02	-8.3542e+02	6.1237e+02	-4.6002e+02	-3.5076e+02	1.4066e+02	-2.3472e+02	-9.3312e+02	-1.4338e+02	-5.6336e+02	4.8498e+02	3.7952e+02	-4.4768e+02	3.0344e+02	4.5205e+02	3.7391e+01	4.6375e+02	-1.3909e+03	-3.8083e+02	1.3253e+03	5.6831e+02	6.0894e+02	2.8013e+02	-3.8117e+02	-7.4479e+02	5.1583e+02	3.5473e+02	3.9331e+02	-1.9049e+02	-3.3828e+02	2.6483e+02	1.9051e+01	-2.8883e+02	8.4369e+00	-5.5702e+02	2.8455e+02	-5.7247e+02	-1.1573e+02	-7.4377e+02	1.8619e+00	-1.2700e+02	3.5588e+02	9.9496e+02	-3.9960e+02	-1.4971e+03	8.7761e+02	-2.7290e+02	1.6759e+02	-8.3811e+02	3.9834e+02	-1.2988e+02	-1.0747e+03	-1.0256e+03	2.7400e+00	6.3661e+02	3.5078e+02	1.6491e+03	5.5134e+02	1.7382e+02	5.0316e+02	-3.6947e+02	-2.0240e+02	2.7126e+02	-1.3587e+02	2.0153e+02	8.5062e+02	4.2181e+02	9.7462e+02	-2.3035e+01	3.4165e+02	-7.0564e+02	-9.2148e+02	5.9328e+02
4.0000e+04	3.1175e+02	-8.5477e+02	-3.8723e+02	-5.1132e+02	-1.4872e+02	-1.7798e+02	-4.4805e+02	-8.0837e+02	-2.7847e+02	-8.8194e+02	-5.3996e+02	-1.5768e+02	5.5519e+02	1.4298e+02	7.4823e+02	-2.2467e+02	-7.5138e+02	-1.2363e+03	2.0709e+02	3.5805e+02	-1.2436e+02	3.5167e+01	6.5336e+02	6.8493e+02	4.8336e+02	6.8336e+02	8.9108e+02	2.3854e+02	-7.0775e+02	-2.0300e+02	7.2783e+02	2.4760e+02	1.0502e+03	-4.4688e+01	-1.0885e+01	-7.5036e+02	-4.0932e+01	-1.0609e+03	-4.9358e+02	-1.0088e+02	1.1084e+03	7.2922e+02	-4.3912e+02	5.0456e+02	4.3773e+01	1.0226e+03	-7.4172e+02	-1.1418e+03	4.4960e+01	-2.4744e+02	-3.0449e+02	5.6354e+02	-2.6927e+02	5.9331e+02	1.0772e+02	2.3728e+01	9.0253e+02	-4.9031e+02	-2.1116e+02	-1.0044e+03	-6.9181e+02	4.8030e+02	-7.1019e+01	1.0069e+03	-1.7563e+02	-3.3128e+02	1.7342e+02	-1.1052e+03	8.0922e+01	-4.2497e+02	8.8688e+00	-6.0153e+01	3.3015e+02	-1.5981e+02	4.3815e+02	-1.0540e+02	-4.0071e+02	-2.6497e+02	-8.5550e+01	-7.9462e+01	-1.1222e+02	6.6290e+01	-1.3893e+02	-6.2067e+02	3.3783e+02	-6.2407e+01	1.8037e+02	2.1691e+02	-4.9991e+02	2.0407e+02	-9.6497e+02	-1.0070e+03	-2.9749e+02	-6.8327e+02	2.3854e+02	-5.7063e+02	2.1065e+02	2.6651e+02	1.2128e+03	5.0498e+02	-3.8110e+02	-1.3908e+01	2.6125e+01	-1.0219e+02	5.1324e+02	-5.0075e+01	1.2588e+02	-2.4179e+02	-6.4261e+02	4.1176e+02	2.9435e+02	8.0146e+02	-4.4553e+01	-3.7904e+02	3.5794e+02	9.9038e+02	-3.3797e+01	4.9588e+02	-7.6629e+02	-7.2739e+01	-2.3483e+02	3.2229e+02	1.9399e+02	-9.6432e+02	-4.9934e+01	5.2455e+02	-4.8626e+02	3.9045e+02	-1.0136e+02	3.4392e+01	1.1957e+03	1.4753e+02	-4.2679e+02	-4.5624e+01	4.2446e+02	-3.5129e+00	-8.6599e+02	-3.7236e+02	8.1272e+01	5.2376e+00	-4.3567e+02	3.2917e+02	4.0676e+02	3.4029e+02	-1.2939e+03	1.0429e+02	2.1476e+02	-1.0693e+03	8.1350e+01	1.8706e+02	-5.0771e+02	-8.5828e+02	-3.3004e+02	5.4508e+02	6.7734e+02	1.0150e+03	5.5963e+02	-8.0098e+02	-6.4902e+02	-4.3563e+02	-4.4290e+02	3.4120e+02	-3.4956e+01	-3.3741e+02	-7.6805e+02	3.0707e+02	-6.8604e+02	-7.5915e+02	8.5999e+01	4.3868e+01	1.2320e+02	3.6162e+02	2.8148e+02	7.9762e+02	2.0265e+02	4.9993e+02	3.2891e+02	2.0024e+02	-5.0633e+02	1.6555e+02	-2.0076e+02	-3.5997e+02	8.0567e+01	-6.7405e+00	-7.2614e+02	4.0912e+02	8.9143e+02	7.4466e+02	1.9232e+02	-9.0244e+01	6.4465e+02	-1.4654e+02	7.4617e+02	-2.4412e+02	7.0786e+02	1.0568e+03	-2.4822e+02	-3.2128e+02	-4.8123e+02	5.5807e+02
4.0000e+04	-1.4498e+03	1.5870e+03	5.7995e+02	-1.5293e+03	1.7189e+02	3.1229e+02	1.5640e+03	-3.3909e+02	-6.6283e+02	3.6052e+01	1.3795e+03	-1.9470e+03	-9.7390e+02	1.0917e+02	-4.1064e+02	8.5366e+02	6.5333e+02	1.3548e+03	7.8615e+02	2.2125e+02	-6.2651e+02	2.6529e+02	7.8239e+02	-1.4937e+03	-8.7736e+02	1.7628e+02	1.6711e+02	-7.1798e+02	-1.5865e+03	1.9619e+02	7.4844e+01	-9.2344e+02	1.8006e+02	4.4609e+02	-7.5746e+02	7.7827e+02	1.6655e+02	2.8975e+02	-5.7418e+02	2.8098e+02	-1.0189e+02	1.2609e+03	-4.5929e+02	7.1974e+01	-1.1778e+01	-5.3643e+02	1.0424e+03	-4.9056e+02	-1.0096e+03	-7.4225e+01	-3.1212e+02	-5.6768e+02	1.1095e+03	-6.8461e+01	-1.1312e+03	-1.2783e+02	-1.5578e+02	5.1672e+02	-2.4753e+02	4.2468e+02	4.1571e+02	9.1949e+01	-2.8018e+02	-1.2464e+03	-3.2652e+02	-5.3793e+02	-1.7107e+02	9.0786e+02	4.3126e+02	-6.9666e+02	1.0607e+02	-6.1991e+02	9.2780e+02	4.8334e+02	-9.5525e+02	3.0066e+02	-1.7299e+02	-2.2014e+02	5.7357e+02	-1.6509e+02	-5.2415e+02	2.9192e+02	4.4780e+02	-1.8471e+03	-3.4869e+02	-1.3889e+03	2.4000e+02	-8.4089e+02	1.3611e+02	2.7412e+02	1.7163e+03	4.2240e+02	-5.4286e+02	1.2673e+02	9.2142e+02	-9.7632e+02	3.7071e+02	1.7218e+03	8.8916e+02	-7.5941e+02	4.5716e+02	-2.0945e+02	-3.6253e+02	2.6986e+02	-2.8345e+02	7.6501e+02	2.3015e+02	2.6623e+01	-3.0473e+02	2.2488e+02	-3.2590e+02	1.4617e+03	-6.4524e+02	-5.0681e+02	6.5578e+02	-9.3367e+02	-1.7659e+03	-6.1550e+02	1.8949e+03	6.0981e+02	2.5409e+02	-2.3940e+02	2.5587e+02	-2.0385e+03	-8.9106e+02	-3.6369e+02	-5.9432e+02	1.2853e+02	-1.7061e+03	4.4854e+02	6.9499e+02	1.0204e+03	-2.4506e+02	-1.4916e+03	-1.7783e+02	1.4156e+02	-8.8147e+02	-4.6183e+02	-1.5593e+02	-6.3811e+02	1.8367e+02	1.1318e+03	-9.0886e+02	-8.5957e+02	-1.3306e+03	-4.2295e+02	9.9746e+02	6.3468e+02	3.1592e+02	4.0266e+02	3.1736e+00	-1.8071e+03	3.2927e+02	5.8198e+02	9.5715e+02	5.0204e+02	-1.4228e+03	1.7099e+01	1.1419e+03	1.1101e+03	1.5315e+02	-3.9033e+02	1.0005e+03	-1.1777e+03	-7.8957e+02	-6.7795e+02	-3.3489e+01	7.3561e+01	2.8832e+02	1.4654e+03	-4.6540e+02	-9.7784e+02	6.2621e+02	4.8745e+02	-3.3232e+02	-6.9681e+02	-1.1671e+03	-3.0470e+02	-2.3024e+02	-1.2403e+03	-6.4541e+02	4.2842e+02	1.2346e+03	1.8322e+03	1.0590e+03	7.5915e+02	-1.9804e+02	-4.2150e+02	5.8810e+02	5.6927e+02	2.7741e+02	1.3849e+03	2.3235e+03	6.3101e+02	9.3852e+02	6.8444e+02	1.2474e+03	-1.1910e+03	-3.0490e+02	2.1736e+02
6.0000e+04	5.7501e+02	-3.8988e+02	-6.4071e+02	1.5003e+02	-4.9382e+02	3.1090e+02	-5.5898e+02	-5.1704e+02	9.6941e+00	-8.9216e+02	-7.4965e+02	-7.9874e+02	4.3315e+02	1.9223e+02	5.8343e+02	-3.4507e+01	-5.5432e+02	-1.0771e+03	1.4082e+02	-5.3971e+01	1.8886e+02	8.8172e+02	8.8775e+02	8.4043e+02	6.0998e+02	1.2500e+03	3.8283e+02	3.0660e+02	-4.2508e+02	1.2907e+02	8.3527e+02	6.5883e+00	9.2290e+02	5.1162e+02	-4.7868e+02	-6.3986e+02	-1.1890e+02	-5.5902e+02	-2.5243e+02	-1.1169e+02	7.9026e+02	1.0905e+03	-9.5292e+02	7.0956e+02	1.2099e+02	1.3721e+03	-8.5983e+02	-8.3505e+02	-7.5710e+01	-3.9329e+02	-8.0601e+02	-1.4441e+02	-5.8889e+02	6.4863e+02	3.1267e+02	-4.5506e+02	3.5063e+02	-2.0436e+02	-4.2427e+02	-1.7062e+03	-6.7062e+02	4.7871e+02	-1.7506e+02	7.4421e+02	-2.6342e+02	-9.4797e+02	8.3016e+01	-1.3126e+03	1.3490e+02	-3.1569e+02	-1.3497e+02	5.8005e+02	3.5446e+02	1.7560e+02	4.2246e+02	-1.2474e+02	-2.2056e+02	-5.0029e+02	-2.1979e+02	-5.5815e+02	2.7671e+00	-1.5803e+01	-9.8104e+01	-5.7793e+02	2.0954e+02	1.8009e+02	1.9431e+02	3.9685e+02	-9.4369e+02	9.8462e+01	-1.5730e+03	-1.4055e+03	-3.7800e+02	-1.1089e+03	-2.3335e+02	-6.7679e+02	8.0010e+02	2.4851e+02	1.2376e+03	-3.3874e+01	-4.5107e+01	-1.9692e+02	-4.4401e+02	5.6390e+02	2.8961e+02	-6.2629e+02	1.0549e+03	-3.5871e+02	-1.1852e+03	4.3928e+02	4.9645e+02	1.0221e+03	1.0915e+02	6.3421e+02	6.4769e+01	1.4134e+03	-8.2280e+02	6.3512e+02	-8.8667e+02	2.0600e+02	-5.8827e+01	6.1499e+02	6.7970e+01	-6.3423e+02	3.6795e+02	7.8714e+02	-4.9927e+02	6.7185e+02	1.1810e+02	2.8601e+01	1.5675e+03	6.1676e+02	-7.4048e+02	-2.9552e+02	8.5199e+02	1.3601e+02	-6.3535e+02	-3.0551e+02	4.7027e+02	9.3390e+01	-6.5616e+01	6.3916e+02	-9.1752e+01	7.8321e+02	-1.2122e+03	2.3744e+02	5.5142e+02	-3.7499e+02	-1.9896e+02	3.6599e+02	-7.1288e+02	-8.4026e+02	3.2200e+01	5.6300e+02	1.2017e+03	1.2360e+03	-3.6162e+02	4.2867e+00	9.1569e+01	-5.2813e+02	-3.4220e+02	2.1126e+02	-5.7874e+02	-8.5869e+01	-6.6514e+02	3.0944e+02	-7.1808e+02	-1.5544e+03	-2.5125e+01	-2.5225e-01	-1.5687e+01	3.0984e+02	8.1938e+02	2.1447e+02	-1.8284e+02	7.6572e+02	-6.1844e+02	5.7708e+02	-8.2067e+02	3.9047e+02	-4.8306e+02	-9.9891e+01	2.4621e+02	-2.2776e+02	-7.8772e+02	3.7548e+02	1.0403e+03	1.1215e+03	5.9505e+00	-3.2762e+02	4.6469e+01	-7.9834e+02	3.9242e+02	3.9630e+02	8.0481e+02	1.2983e+03	5.4760e+01	-6.1265e+02	-1.6219e+02	3.9455e+02
6.0000e+04	-1.2751e+03	2.6665e+03	-6.1435e+02	-1.6113e+03	2.4288e+02	-3.0645e+02	1.3063e+03	-1.1016e+03	-4.1020e+02	1.1075e+02	1.6330e+03	-1.5220e+03	-1.7741e+03	-3.9825e+02	-3.6519e+02	6.1777e+02	3.1588e+02	1.8157e+03	1.0226e+03	-1.9255e+02	-5.2205e+02	2.4872e+02	-2.4753e+02	-9.1470e+02	-8.1450e+02	9.5646e+02	6.4200e+02	-7.8945e+02	-1.4867e+03	6.3243e+02	1.8345e+02	-1.8098e+03	-7.9307e+02	1.0490e+03	-1.7798e+03	1.5274e+03	1.4981e+02	1.6085e+03	-1.0596e+03	4.8007e+02	-1.2034e+03	7.5611e+02	-7.9167e+02	3.6317e+02	-3.9543e+02	-6.2265e+02	1.4712e+03	-2.5273e+02	-1.0529e+03	-2.4611e+02	-5.5696e+02	-1.7753e+03	3.1782e+02	-3.5669e+02	-1.2938e+03	-1.0582e+02	3.9216e+01	-2.5407e+02	-1.4561e+02	1.2403e+03	1.3722e+03	1.1053e+03	-4.4186e+02	-1.7326e+03	-3.6535e+02	-4.3532e+02	-1.1207e+03	4.6241e+02	1.4726e+01	-1.7238e+03	1.8143e+02	-4.9695e+02	2.4725e+02	7.2144e+02	-1.6024e+03	-3.3212e+02	-2.0895e+02	-3.3418e+02	3.9026e+02	-3.9847e+02	-1.8688e+02	-2.7484e+02	-1.7122e+02	-1.7950e+03	-2.1200e+02	-1.3058e+03	-7.9405e+02	3.0513e+02	-1.3260e+02	-5.4850e+01	1.9419e+03	9.5394e+02	-9.8373e+02	6.7755e+02	1.7230e+02	-1.2209e+03	-1.3956e+02	1.7618e+03	1.2558e+03	-1.3782e+03	6.7750e+02	-9.4335e+02	-2.9243e+01	9.3484e+02	-1.3869e+03	9.6536e+02	1.3667e+02	-2.0198e+00	-5.2898e+02	6.2095e+02	4.3305e+02	1.0635e+03	-1.3505e+03	-1.0582e+03	1.1164e+03	-1.5999e+03	-1.2629e+03	-6.6787e+02	1.3399e+03	6.0986e+02	1.6684e+02	-3.4532e+02	-4.2958e+02	-2.4661e+03	-9.5438e+02	-2.5370e+02	-6.0004e+02	-8.6207e+01	-1.6321e+03	8.0992e+01	1.2822e+02	2.2719e+03	-3.8812e+02	-2.5410e+03	-5.9449e+02	1.0611e+03	-1.0374e+03	-1.3438e+02	-3.9960e+02	-5.5855e+02	1.9177e+02	3.9707e+02	-1.5770e+03	-7.4699e+02	-1.0866e+03	-6.1348e+02	1.0261e+03	1.1562e+03	6.5705e+01	1.5104e+03	5.0439e+02	-1.2930e+03	5.4127e+02	7.1879e+02	1.5864e+03	1.0087e+03	-6.4553e+02	-7.1949e+02	8.6948e+02	1.3073e+03	4.2419e+02	-1.0035e+03	3.4643e+02	-3.8542e+02	-1.3630e+03	-3.5885e+02	-1.0899e+03	-3.3849e+02	3.5029e+02	1.4355e+03	-2.9264e+02	-1.2341e+03	1.0012e+03	9.6642e+02	3.2497e+02	-5.3901e+02	-2.1602e+03	2.8188e+02	1.5703e+02	-5.7807e+02	-1.3228e+03	7.5469e+02	1.4310e+03	2.6864e+03	4.9177e+02	5.9390e+02	6.6866e+01	3.9466e+02	-3.9550e+02	4.8290e+02	1.0011e+03	1.4364e+03	2.6990e+03	4.0539e+02	1.1629e+03	6.4962e+02	1.5848e+03	-1.6156e+03	-2.2351e+02	7.3817e+01
8.0000e+04	6.4213e+02	-4.9768e+02	-1.1382e+03	7.6353e+01	-3.1088e+02	6.6288e+01	-2.5987e+02	-5.1054e+02	-3.0362e+02	-1.4941e+03	-1.0006e+03	-4.7425e+02	-8.1585e+01	7.3989e+02	3.7277e+02	3.4217e+02	-7.7215e+02	-8.2606e+02	4.3810e+02	1.9896e+02	4.6447e+02	4.8387e+02	6.1095e+02	1.4531e+03	6.8831e+02	1.3149e+03	9.3885e+02	-5.6459e+02	-8.9081e+02	2.6195e+02	6.4025e+02	8.6968e+01	8.5619e+02	8.3171e+02	-3.1107e+02	-2.6117e+02	2.0606e+02	-5.6008e+02	-2.6161e+02	-4.0741e+02	9.8037e+02	1.3421e+03	-8.1658e+02	1.1085e+03	4.6715e+02	1.3773e+03	-6.4255e+02	-1.2612e+03	-6.1446e+02	-1.8506e+02	-1.0648e+03	3.4108e+02	1.1319e+01	1.1592e+02	3.6511e+02	-1.1311e+02	-2.5804e+02	-3.4350e+01	-1.0446e+02	-1.7955e+03	-1.2787e+03	9.1639e+02	1.7852e+02	1.4508e+03	-8.8936e+01	-8.5832e+02	5.2203e+02	-1.1078e+03	-8.6138e+01	-8.2455e+01	-1.4950e+02	7.3155e+02	1.9912e+02	1.2524e+03	3.5728e+02	-9.8409e+01	-3.2385e+01	-7.7911e+02	-8.4448e+01	-4.9339e+02	-2.5119e+01	3.7336e+02	2.0775e+02	-1.2858e+03	3.4898e+02	-4.2617e+02	6.9543e+01	3.2908e+02	-7.1599e+02	7.2046e+01	-1.7890e+03	-8.2396e+02	-8.9663e+01	-1.2723e+03	-3.3919e+02	-2.0288e+02	9.9665e+02	2.9063e+02	9.6009e+02	2.9041e+02	-1.4223e+01	-3.0253e+01	-5.3200e+01	1.2101e+03	6.1878e+02	-2.0194e+02	7.9704e+02	-2.1778e+02	-1.8598e+03	4.9556e+02	3.2536e+02	1.7095e+03	-3.8583e+02	5.5754e+02	-8.1158e+02	9.5787e+02	-6.8827e+01	4.4443e+02	-1.1003e+03	1.5458e+02	1.1105e+02	1.1414e+02	-3.3909e+02	-1.0369e+03	2.1419e+02	1.0569e+03	-1.4714e+03	-6.2339e+00	-4.1176e+02	-6.8129e+02	1.2848e+03	-1.3672e+02	-6.4786e+02	-3.7136e+02	1.3606e+03	8.2602e+01	-3.0762e+02	-2.2321e+02	5.2599e+01	5.4735e+02	2.1495e+02	5.8824e+02	3.8825e+02	5.5051e+02	-9.0782e+02	6.4663e+02	3.1021e+02	-6.6856e+02	6.0328e+01	3.4898e+02	-7.8327e+02	-8.5188e+02	-5.4751e+02	7.8333e+02	1.3068e+03	3.5764e+02	-2.7303e+02	-2.5225e+02	-7.2135e+01	-8.2024e+02	-3.0198e+02	1.0810e+03	-6.6756e+02	-2.5502e+02	-5.6196e+02	4.9015e+02	-6.1852e+02	-1.3280e+03	-2.9188e+02	-4.7405e+02	8.9682e+00	4.5017e+02	1.1297e+03	7.8533e+02	-4.5911e+02	3.0164e+02	-3.0907e+02	8.8188e+02	-6.3757e+02	8.0024e+02	-5.9688e+02	-3.0051e+02	5.4877e+02	1.4732e+02	-2.5136e+02	8.2809e+02	1.2568e+03	3.2209e+02	5.9717e+02	-3.0215e+02	2.2252e+01	-5.0281e+02	8.8588e+02	6.6446e+02	8.0537e+02	7.9950e+02	2.1614e+02	-9.0999e+02	-5.7194e+02	-1.5031e+02
8.0000e+04	-1.5418e+03	2.3815e+03	-1.5593e+03	-2.5531e+03	5.5193e+02	-3.1137e+02	7.6810e+02	2.0351e+02	-2.3635e+02	3.3112e+02	1.3939e+03	-2.6341e+03	-1.7578e+03	-9.8269e+02	-6.3736e+02	7.1349e+02	9.3242e+02	2.2616e+03	9.0562e+02	-1.1207e+03	-3.9218e+02	2.3250e+02	-6.9836e+01	-6.2555e+02	-7.4100e+02	5.9245e+02	-8.1222e+02	-1.4001e+03	-1.9322e+03	-2.3372e+02	-1.0838e+03	-7.8243e+02	2.7475e+02	7.8271e+01	-1.8555e+03	1.9889e+03	-1.0497e+03	2.3062e+03	-1.9918e+03	6.4657e+02	-1.1441e+03	8.5989e+02	-1.0515e+03	8.8310e+02	-2.7562e+02	-5.6119e+02	1.1112e+03	4.7293e+01	-1.6926e+03	-1.0464e+03	-3.9690e+01	-1.4682e+03	-1.2462e+02	-8.2533e+02	-1.2238e+03	-2.2167e+02	-4.6069e+02	7.8996e+02	2.9482e+02	1.2172e+03	1.1586e+03	1.2497e+03	-3.5998e+02	-1.5485e+03	-1.1326e+03	3.6692e+02	-2.0903e+03	1.1399e+03	2.2058e+02	-2.2096e+03	-3.2766e+02	-4.5192e+02	4.8342e+02	1.0712e+03	-2.1495e+03	-3.5726e+02	-6.8409e+02	3.2054e+02	-4.3681e+02	-7.4614e+02	-8.5933e+02	3.8268e+02	2.7519e+02	-2.0896e+03	-1.5794e+03	-1.3167e+03	-4.2235e+02	3.1829e+02	-7.1804e+02	-4.8348e+01	2.3103e+03	1.1617e+03	-1.1368e+03	7.5808e+01	-6.1481e+02	-1.4087e+03	1.6162e+02	1.3415e+03	2.7290e+03	-2.3088e+03	1.5070e+03	-3.7775e+01	-5.0890e+02	7.6744e+02	-1.4028e+03	1.4193e+03	7.0139e+01	-5.2989e+02	-3.5643e+02	1.4770e+03	1.9471e+02	1.9700e+02	-1.7947e+03	-1.3178e+03	7.4369e+02	-3.9014e+02	-2.3304e+03	-5.5793e+02	1.5052e+03	1.4948e+03	9.7297e+02	7.1807e+00	-1.5911e+03	-2.5052e+03	-1.1220e+03	-1.0508e+03	-6.6587e+02	7.1073e+02	-1.5984e+03	1.2040e+03	2.8923e+02	1.1648e+03	-6.8429e+01	-2.8155e+03	-6.7367e+02	4.7660e+01	-7.1267e+02	8.5341e+02	-5.1254e+02	-7.7199e+02	-8.7386e+01	3.8101e+02	-2.3590e+03	4.1402e+02	-1.4160e+03	-5.5133e+02	7.9118e+02	1.2678e+03	-1.9176e+02	1.9963e+03	8.5169e+02	-1.1756e+03	-6.3056e+02	8.6441e+02	6.3329e+02	8.6307e+02	-4.9481e+02	-4.2452e+02	1.1522e+03	7.9351e+02	5.2253e+02	-6.0182e+02	3.0102e+02	-6.8775e+02	-1.2613e+03	-7.1808e+01	-1.6487e+03	-4.8529e+02	-1.8356e+02	1.1700e+03	4.0365e+02	-8.8786e+02	-1.4906e+02	3.3874e+02	7.6618e+01	-1.1192e+03	-2.0502e+03	3.0093e+02	-9.8824e+01	-9.4247e+02	-1.1363e+03	9.9302e+02	1.0577e+03	2.9189e+03	-1.7943e+02	7.5727e+02	-4.1657e+02	1.6301e+02	-9.7883e+02	6.5071e+02	1.1568e+03	1.4028e+03	2.1029e+03	5.0854e+02	1.5956e+03	1.0635e+03	1.2561e+03	-2.2631e+03	4.5583e+02	6.3708e+02
1.0000e+05	1.1381e+03	3.0642e+02	-8.6205e+02	-5.2253e+01	-5.1959e+02	4.3129e+02	-1.0979e+02	-2.1285e+02	-1.8336e+02	-1.2403e+03	-1.5361e+03	-4.6394e+02	4.8132e+01	2.7241e+02	9.1232e+02	2.2355e+02	-4.8277e+02	-7.4346e+02	7.6298e+02	2.5540e+02	1.0209e+03	5.4731e+02	6.2449e+02	9.2156e+02	4.3613e+02	1.3511e+03	8.9750e+02	-9.4359e+02	-1.0127e+03	-4.9846e+01	5.8363e+02	3.2807e+02	1.0592e+03	1.1093e+03	-2.5007e+01	-2.2369e+02	4.7645e+02	-9.3350e+02	1.3989e+02	-2.5241e+01	1.0803e+03	1.4698e+03	-8.5437e+02	1.2300e+03	2.8255e+02	1.5412e+03	-7.4736e+02	-1.7401e+03	-2.7802e+02	-4.9830e+02	-7.3615e+02	1.3710e+02	-2.8147e+02	-1.4575e+02	4.1164e+01	-5.0692e+02	-1.1094e+03	3.2506e+02	3.4329e+02	-1.3375e+03	-7.1225e+02	1.2900e+03	-2.7527e+02	1.5814e+03	5.8365e+01	-4.5815e+02	3.1085e+02	-9.8678e+02	-8.6507e+01	-6.8635e+01	7.5649e+01	8.4587e+02	1.0179e+02	1.7227e+03	3.0040e+02	3.8419e+01	-2.9194e+01	-4.9610e+02	-4.3599e+02	-2.3432e+02	1.6461e+02	9.5777e+02	2.1132e+02	-9.7489e+02	7.4050e+02	-5.2118e+02	7.8394e+02	2.9040e+01	-4.8289e+02	8.3330e+02	-2.0708e+03	-4.9079e+02	-3.9058e+01	-1.4822e+03	-3.4169e+02	-1.8441e+02	7.9295e+02	1.1356e+02	3.1579e+02	-8.6508e+01	4.5284e+02	-1.6550e+02	-4.9532e+02	1.0886e+03	5.9864e+02	3.8473e+02	1.0621e+03	-5.2951e+01	-1.7945e+03	2.5149e+02	-7.0544e+01	1.9634e+03	-8.1410e+02	-2.5796e+02	-6.8547e+02	1.6088e+03	-2.1320e+02	9.4101e+02	-1.4499e+03	2.3366e+02	3.2175e+02	1.7427e+02	-2.1705e+02	-4.5781e+02	-1.8344e+02	1.5708e+03	-1.0691e+03	5.4815e+01	-7.8499e+00	-8.3092e+02	3.4159e+02	-2.0657e+02	-7.6125e+02	4.0338e+02	1.7528e+03	5.6893e+02	-4.7286e+02	-2.4061e+02	4.2336e+01	9.8689e+02	4.7265e+02	1.3886e+03	4.4839e+02	-3.4887e+02	-1.3053e+03	7.7725e+02	-4.5164e+02	-7.3257e+02	-3.2498e+02	1.1432e+03	-6.7077e+02	-7.2689e+02	-9.1472e+02	6.4549e+02	5.0040e+02	6.7106e+02	-3.3750e+02	-5.7880e+02	-4.2160e+02	-4.4051e+02	-2.6581e+02	6.9666e+02	-1.3588e+03	-4.2998e+02	-5.7366e+02	1.1995e+02	-4.1822e+02	-1.4277e+03	1.2996e+02	-8.6452e+01	-1.7074e+02	3.8090e+02	1.5852e+03	7.5055e+02	-4.9672e+02	9.7962e+02	3.6724e+02	6.9278e+02	-4.5205e+02	7.5711e+02	-9.8909e+02	-3.4306e+02	9.8650e+02	2.8251e+02	-4.7821e+02	1.3527e+03	1.1510e+03	4.9675e+02	2.4142e+01	-4.8724e+02	1.1101e+02	-6.4464e+02	4.7957e+02	2.0033e+02	1.5742e+03	1.0006e+02	5.9000e+02	-1.0387e+03	-6.1607e+01	-1.3005e+02
1.0000e+05	-1.8690e+03	1.8373e+03	-2.0379e+03	-2.0604e+03	-4.7931e+02	-3.5912e+02	1.4272e+03	7.5468e+02	-5.8925e+02	-5.0319e+02	8.3148e+02	-1.2024e+03	-1.7583e+03	-3.1476e+02	-9.3022e+02	5.4989e+02	-1.3552e+02	1.5955e+03	3.5618e+02	-2.6166e+02	-8.9198e+02	-2.9508e+00	-6.2435e+02	-1.1378e+03	-1.5393e+03	1.3394e+03	-1.3135e+03	-8.4795e+02	-1.3462e+03	7.6050e+02	-3.9108e+02	-3.4696e+02	-1.3128e+02	-1.2854e+03	-1.3253e+03	2.0062e+03	-1.4873e+03	2.7221e+03	-2.1478e+03	1.4530e+03	-1.2110e+03	1.0953e+03	-1.2480e+03	9.0700e+02	-5.6173e+02	5.5747e+02	1.5666e+03	5.4603e+02	-2.1971e+03	-1.1337e+03	2.5394e+02	-1.7794e+03	-6.3760e+02	-1.4099e+03	-1.8726e+03	-3.0317e+02	-2.8201e+02	1.0095e+03	2.2345e+02	1.1340e+03	2.7521e+03	2.0545e+03	6.4776e+01	-7.6370e+02	-1.5988e+03	1.1175e+03	-1.9759e+03	5.1307e+02	-5.8312e+02	-2.3460e+03	-9.7857e+02	8.3900e+01	1.7872e+02	9.2034e+02	-1.8937e+03	-9.5488e+02	-7.4954e+02	-1.0084e+02	-9.6807e+02	-1.4193e+02	-1.8191e+03	2.7433e+02	2.8988e+02	-2.8246e+03	-4.4226e+02	-9.6313e+02	-1.6666e+02	2.2935e+02	-1.3191e+03	3.7819e+02	2.7076e+03	8.2385e+02	-1.6207e+01	1.4705e+02	-1.0942e+03	-1.4930e+03	9.2881e+02	2.0363e+03	2.2327e+03	-1.5701e+03	1.2242e+03	8.5663e+02	2.0624e+02	1.2199e+03	-1.1173e+03	1.2164e+03	-1.1520e+02	-1.4156e+03	-3.9977e+02	2.2368e+03	-2.8868e+02	3.9931e+02	-2.0120e+03	-1.6811e+03	5.0000e+02	-2.5767e+02	-2.5706e+03	-2.8856e+02	1.6322e+03	1.5098e+03	5.2526e+02	-3.2350e+02	-1.7275e+03	-1.6361e+03	-1.6993e+03	-1.2172e+03	-4.6030e+02	5.2850e+01	-1.4529e+03	3.7594e+02	1.1423e+03	5.7112e+02	-4.4272e+02	-2.5809e+03	-1.2947e+03	8.6393e+02	-1.6351e+03	1.4237e+03	-8.4902e+02	-7.9614e+02	2.6800e+02	-6.2192e+02	-2.9429e+03	2.5349e+02	-1.1543e+03	1.2346e+02	6.2919e+02	1.0510e+03	-5.6937e+02	3.0713e+03	1.1567e+03	-4.1259e+02	3.4342e+02	1.3509e+03	1.7265e+03	2.6785e+02	-3.5112e+02	4.1056e+02	2.9566e+02	5.5999e+02	5.6050e+02	-1.1235e+03	-8.0001e+01	-5.0330e+02	-2.2303e+03	6.5427e+02	-1.8061e+03	-6.2275e+02	-4.2646e+02	1.0120e+03	-1.4885e+03	-1.5698e+03	-4.3151e+02	3.6962e+02	3.5821e+02	-1.0324e+03	-1.7859e+03	-2.7825e+02	-6.1845e+02	-6.1850e+02	6.2156e+02	6.4292e+02	6.4458e+02	2.8323e+03	1.4816e+03	-4.5237e+02	6.4233e+02	-2.1196e+02	-1.2586e+03	-1.0197e+02	5.4969e+02	2.7315e+02	1.2828e+03	1.0485e+03	6.5799e+02	1.5088e+03	1.4910e+03	-2.6278e+03	3.8669e+02	1.8318e+03
1.2000e+05	1.2709e+03	-2.7846e+01	-1.2918e+03	-2.1491e+01	-8.8867e+02	8.7626e+02	-3.5670e+02	-2.7665e+02	-2.2213e+02	-1.6104e+03	-1.7670e+03	-5.6649e+02	1.2114e+02	7.3868e+02	7.1459e+02	2.9340e+02	-8.5531e+02	-8.2547e+02	4.3308e+02	-3.8983e+02	1.1437e+03	-4.1983e+01	-5.5593e+01	2.8433e+02	4.1515e+02	1.7672e+03	1.1097e+03	-5.5253e+02	-6.0530e+02	-1.8207e+02	5.5630e+02	6.8259e+02	1.0408e+03	1.2886e+03	-4.6488e+02	2.5740e+02	1.7451e+02	-3.1002e+02	3.1855e+02	2.7212e+02	1.3880e+03	1.1162e+03	-5.9016e+02	1.2443e+03	-2.6663e+01	1.8301e+03	-8.4483e+02	-1.3134e+03	-8.1042e+02	-1.1081e+02	-6.2889e+02	9.1967e+01	-5.6247e+02	-4.9131e+02	-4.5920e+01	-1.2190e+03	-1.4478e+03	6.5455e+01	-1.4217e+02	-1.2565e+03	-5.8058e+02	1.1839e+03	-2.7861e+02	1.8729e+03	4.5344e+02	-7.6894e+02	4.5349e+01	-1.1130e+03	-3.1881e+02	2.2179e+02	6.0808e+02	5.0779e+02	2.9455e+02	1.6514e+03	8.9847e+02	-4.3315e+02	2.9135e+02	-1.1598e+03	-4.9900e+02	2.6972e+02	-1.0109e+02	3.2863e+02	3.6935e+02	-7.0674e+02	3.6452e+02	2.6830e+01	1.5817e+03	-4.5310e+02	-4.1419e+02	2.1055e+02	-1.9961e+03	-1.4409e+03	1.2386e+02	-1.8434e+03	-7.1411e+02	-1.4819e+02	4.5285e+02	-5.6194e+00	4.0028e+02	1.0069e+00	4.5632e+02	-2.6576e+02	-5.2049e+02	5.8687e+02	6.3791e+01	4.9075e+02	1.1697e+03	-5.5762e+01	-1.9104e+03	2.0440e+02	-2.0125e+01	1.3288e+03	-6.4717e+02	-1.1455e+03	-5.9342e+02	1.8885e+03	-3.6100e+02	8.8698e+02	-1.5170e+03	-2.4712e+02	7.1952e+02	7.6882e+02	-1.4357e+02	-1.7501e+02	2.8112e+02	1.1951e+03	-1.2348e+03	-3.6515e+02	1.2398e+02	-1.1832e+03	3.1146e+02	-7.9209e+02	-1.1041e+03	3.0434e+02	1.8728e+03	4.2041e+02	-1.1732e+03	-2.2161e+02	-2.4202e+02	8.9030e+02	-4.0008e+02	1.4177e+03	5.1532e+02	-5.5643e+02	-1.6738e+03	1.0256e+03	-1.0768e+03	-7.8240e+02	1.0486e+01	1.3161e+03	-1.4285e+03	-1.8044e+02	-9.0631e+02	2.9111e+02	1.3787e+02	6.7111e+02	-4.0712e+02	-5.7356e+02	-1.6309e+02	-7.9509e+02	-3.5314e+02	3.5944e+02	-2.0815e+03	-6.5250e+01	-4.1815e+02	5.6520e+01	-7.5188e+02	-1.2409e+03	-2.6897e+02	-4.8967e+02	-1.3771e+02	3.7267e+02	2.2218e+03	6.9666e+02	-5.3492e+02	1.3462e+03	-1.6743e+02	2.1860e+02	-6.6886e+02	1.5631e+03	-7.2371e+02	-3.8657e+02	1.1185e+03	-1.5120e+01	-4.5553e+02	1.7846e+03	7.5993e+02	8.0645e+02	-2.2255e+02	-1.2123e+02	6.4781e+02	-3.1767e+02	1.1287e+03	9.5128e+02	2.3748e+03	-7.5338e+01	4.5171e+02	-1.3462e+03	-4.0393e+02	1.5516e+02
1.2000e+05	-1.3240e+03	1.7485e+03	-2.2832e+03	-1.2739e+03	7.1839e+02	2.3120e+02	1.2320e+03	1.0818e+03	5.5397e+02	-7.9398e+02	5.1240e+02	-7.3816e+02	-1.2419e+03	-6.8932e+02	-6.7707e+02	3.2228e+02	-2.5178e+02	2.1748e+03	-1.0255e+01	-3.7387e+02	-8.2047e+02	-3.2264e+02	-1.8827e+02	-1.5407e+03	-1.2938e+03	1.2227e+03	-2.0228e+03	-7.0665e+02	-1.6700e+03	1.4727e+03	-4.7458e+02	-9.7959e+02	1.1745e+02	-1.2908e+03	-1.7036e+03	2.2934e+03	-1.0065e+03	2.6713e+03	-2.0523e+03	5.1723e+02	-2.0533e+03	1.1640e+03	-1.4684e+03	3.0204e+02	-8.3419e+02	4.5705e+02	2.6923e+03	5.3084e+02	-3.1149e+03	-2.5923e+03	-2.3828e+02	-2.1906e+03	2.2303e+02	-1.5261e+03	-2.4929e+03	-8.2644e+02	1.3643e+02	1.0273e+03	8.3683e+01	-3.8477e+02	1.7763e+03	2.9831e+03	6.6378e+02	3.4952e+02	-1.3522e+03	7.0242e+02	-1.6553e+03	4.6647e+02	-2.4544e+02	-2.4603e+03	-9.9779e+02	-8.1848e+01	8.9256e+02	1.0570e+03	-2.1121e+03	-1.8144e+03	-4.3236e+02	-8.0805e+02	-7.6320e+02	2.5661e+02	-1.1582e+03	3.9091e+02	1.8624e+02	-2.3270e+03	-4.5722e+02	-4.1182e+02	-1.2920e+02	1.4034e+02	-8.3413e+02	5.4178e+02	3.0457e+03	1.5393e+02	9.4677e+01	-3.9606e+02	-1.0990e+03	-8.5613e+02	1.0155e+03	2.4524e+03	2.8112e+03	-3.0445e+03	6.9032e+02	8.7113e+02	-3.1669e+02	1.3572e+03	-2.1804e+03	1.0847e+03	8.7721e+02	-1.9670e+03	-2.0929e+02	1.6298e+03	4.7579e+02	1.2750e+03	-1.2528e+03	-1.6054e+03	1.1522e+03	-2.9554e+02	-2.2547e+03	-3.0425e+02	4.1612e+02	1.8100e+03	4.9337e+02	1.3364e+02	-1.9864e+03	-2.3641e+03	-1.5648e+03	-1.5282e+03	-5.6978e+02	1.5028e+02	-1.6214e+03	7.6264e+02	1.2365e+03	8.5337e+02	3.1997e+01	-2.3611e+03	-1.0924e+03	7.7541e+02	-1.5505e+03	2.2696e+03	-8.4934e+02	-1.2272e+03	2.9289e+02	-1.1322e+03	-2.4832e+03	-4.1821e+02	-1.5368e+03	7.5284e+02	5.8748e+02	1.6315e+03	-9.5750e+01	2.5287e+03	1.1079e+03	6.4602e+01	3.1886e+02	1.6138e+03	1.6546e+03	-3.8423e+02	-8.3480e+02	1.0933e+03	1.2018e+03	-3.0912e+02	1.8262e+03	-1.3102e+03	-1.1118e+02	-2.9334e+02	-1.6527e+03	7.8865e+02	-1.8576e+03	-6.4527e+02	4.7602e+01	4.4245e+02	-1.2108e+03	-1.7383e+03	4.1987e+02	1.0301e+02	6.3049e+02	-4.2075e+02	-1.6580e+03	5.6259e+01	-4.9356e+02	-7.1371e+00	6.0731e+02	8.2351e+02	6.3375e+02	2.8188e+03	1.4479e+03	5.9289e+02	-4.4871e+01	-3.2956e+02	-1.8364e+03	-1.0003e+03	5.2701e+02	2.8218e+02	2.5397e+03	1.1141e+03	2.5071e+03	1.3648e+03	1.9294e+03	-2.9031e+03	2.1881e+02	2.1808e+03
1.4000e+05	1.4138e+03	-4.7995e+02	-9.9071e+02	2.1763e+02	-9.6927e+02	1.0308e+03	-4.2049e+02	-8.0232e+02	-5.7179e+02	-1.6748e+03	-1.6940e+03	-5.9010e+02	3.1292e+02	9.1102e+02	8.1173e+02	4.9774e+02	-8.0348e+02	1.4874e+02	-3.5014e+02	-3.5262e+02	1.5254e+03	-2.1881e+02	1.3691e+02	3.4763e+02	1.1972e+03	1.8206e+03	5.5505e+02	-2.1715e+02	-4.0775e+02	-2.0024e+02	8.7517e+02	9.3832e+02	9.3754e+02	1.5257e+03	-1.0345e+03	-4.7068e+01	-2.1240e+02	-4.0905e+02	3.0832e+02	-3.1309e+01	2.0178e+03	1.0393e+03	-4.9139e+02	1.3000e+03	9.3236e+01	2.6733e+03	-7.9993e+02	-8.2190e+02	-1.0648e+03	-9.1570e+01	-7.5261e+02	-9.6456e-01	-3.7932e+02	-1.1582e+03	1.9916e+02	-1.1449e+03	-1.4308e+03	-1.8662e+02	1.5412e+01	-9.8767e+02	-7.3018e+02	1.3884e+03	-7.3836e+02	1.6587e+03	4.2378e+02	-6.4516e+02	-1.1568e+03	-1.8050e+03	-4.5760e+02	-2.8693e+02	1.1012e+03	3.8633e+02	5.1705e+02	1.6525e+03	4.7387e+02	-9.0736e+02	1.0911e+03	-1.0320e+03	-1.0780e+03	6.3866e+01	4.5295e+01	1.0716e+03	3.3218e+02	-7.6630e+02	6.4722e+02	-7.6437e+01	1.2406e+03	-8.8479e+02	2.5165e+01	-3.1339e+02	-2.4908e+03	-1.0892e+03	3.7550e+02	-2.0938e+03	-1.1762e+03	2.7679e+02	6.7192e+02	-6.6931e+01	8.5754e+02	3.4399e+02	1.7737e+02	-6.0689e+02	-1.2411e+03	7.6930e+02	1.9836e+02	4.5677e+02	1.0497e+03	-2.2221e+02	-2.3418e+03	1.1868e+02	1.9389e+02	1.2841e+03	-7.6528e+02	-8.0797e+02	-5.0054e+02	2.2292e+03	-6.6631e+02	1.0433e+03	-1.9088e+03	-5.6761e+02	6.6098e+02	4.7125e+02	-9.8287e+02	-5.6921e+02	6.0967e+02	6.4492e+02	-1.5349e+03	-5.1545e+02	4.1165e+02	-1.3986e+03	1.3693e+02	-1.6317e+03	-1.4257e+03	2.2101e+02	1.7443e+03	2.2955e+02	-1.5887e+03	-3.1126e+02	2.0823e+01	8.5779e+02	-4.2092e+02	1.5843e+03	5.2452e+01	-1.0126e+03	-1.8078e+03	1.5846e+03	-6.5808e+02	-9.9299e+02	9.8908e+01	1.0392e+03	-1.3274e+03	-6.5025e+02	-1.2124e+03	1.9951e+02	-6.5927e+01	2.8371e+02	-5.1176e+02	-5.0079e+02	-3.0835e+02	-9.5830e+02	-6.1226e+02	-5.6733e+02	-1.7520e+03	-6.0218e+02	-3.1022e+02	1.8911e+02	-3.3747e+02	-1.1182e+03	-6.6940e+02	-4.2937e+02	-6.2267e+02	4.1996e+02	2.2538e+03	3.2346e+02	8.3962e+01	9.5875e+02	-4.9010e+02	4.8465e+02	-1.7055e+02	6.5650e+02	-4.7554e+02	-1.2586e+03	1.5198e+03	6.9634e+01	-8.5078e+02	2.4440e+03	7.5233e+02	8.2133e+02	-1.9200e+02	1.1895e+02	3.6232e+02	-4.3039e+02	1.4818e+03	1.3876e+03	2.7995e+03	-3.6385e+02	3.5684e+02	-1.2525e+03	-5.0635e+02	-1.0895e+02
1.4000e+05	-1.0868e+02	6.5338e+02	-1.9941e+03	-6.2081e+02	1.7778e+03	-3.0007e+02	1.1857e+03	1.0119e+03	7.4018e+02	2.7857e+00	1.5651e+02	-1.0761e+03	-9.1066e+02	-9.6493e+02	-3.0583e+02	-1.7508e+02	-6.7753e+01	1.6147e+03	-1.4249e+02	-1.1255e+03	-1.0685e+03	-1.3446e+03	-1.1561e+03	-1.8838e+03	-1.0349e+03	8.0953e+02	-1.4335e+03	4.6292e+02	-1.8962e+03	7.2679e+02	-6.3667e+02	-1.8114e+03	-2.2145e+02	-5.5563e+02	-1.6476e+03	2.0335e+03	-6.6144e+02	2.5541e+03	-1.9794e+03	8.2317e+02	-1.8990e+03	1.1815e+03	-1.4417e+03	8.4674e+02	-6.7470e+01	1.3199e+02	2.1949e+03	5.4395e+02	-3.6439e+03	-2.0749e+03	3.7683e+02	-1.7098e+03	5.2416e+02	-2.7403e+03	-1.9825e+03	-5.6938e+02	-1.2020e+02	8.0101e+02	-1.0645e+02	-1.9836e+02	1.8853e+03	3.0820e+03	3.0853e+02	-8.1468e+01	-1.2937e+03	3.3247e+02	-1.6002e+03	5.0619e+02	-2.6948e+02	-1.6740e+03	-1.3765e+03	3.5454e+02	1.0539e+03	3.1538e+02	-1.5836e+03	-9.1002e+02	-4.2192e+02	-3.6908e+02	-4.5327e+02	-3.1226e+02	-8.4251e+02	3.9164e+02	1.1215e+01	-2.1593e+03	-3.1647e+02	-9.7120e+02	-5.8503e+02	-5.6576e+02	-8.8205e+01	5.5646e+02	3.6129e+03	4.7756e+02	-7.3415e+01	-4.1264e+02	-9.2899e+02	-8.5342e+01	5.0023e+02	2.2471e+03	2.4791e+03	-3.5133e+03	1.0427e+03	-2.0389e+02	3.0988e+02	2.1329e+03	-1.4830e+03	5.9446e+02	1.2413e+03	-2.1153e+03	5.0543e+01	1.5689e+03	6.9146e+02	1.5599e+03	-2.2922e+03	-1.5747e+03	9.8734e+02	-2.1049e+03	-1.1256e+03	3.7277e+02	7.8382e+02	2.0992e+03	8.4917e+02	-6.4021e+01	-1.3855e+03	-1.2946e+03	-1.3375e+03	-2.5668e+03	-3.0173e+02	-5.6741e+02	-1.8900e+03	8.4722e+02	1.5670e+03	8.2304e+02	-5.8687e+02	-2.6458e+03	-1.2862e+03	9.0536e+02	-2.4616e+03	1.9507e+03	-1.8852e+02	-6.2417e+02	7.7812e+02	-1.9283e+03	-3.2616e+03	-1.7704e+02	-9.3951e+02	-7.8775e+02	6.5887e+02	1.1803e+03	3.8364e+02	2.4510e+03	5.3708e+02	2.0166e+02	-3.2806e+02	1.5753e+03	8.7240e+02	-6.9446e+02	1.6510e+02	7.0301e+02	1.8129e+03	-3.7870e+02	2.5408e+03	-1.1543e+03	7.4459e+02	-1.0816e+03	-1.6322e+03	1.6182e+03	-1.5003e+03	-5.2844e+02	6.9760e+02	-1.7716e+02	-1.4904e+03	-1.6454e+03	7.2761e+02	5.6710e+01	2.1045e+02	-9.2110e+02	-1.3659e+03	-1.1268e+02	-9.8481e+02	4.3740e+02	9.7631e+02	1.1079e+02	1.0832e+03	2.9013e+03	1.0377e+03	-1.4091e+02	-5.9072e+02	-4.5946e+02	-1.6721e+03	-4.2355e+02	-3.8052e+02	-7.6268e+02	2.8589e+03	3.1129e+02	2.9193e+03	2.2599e+03	2.0190e+03	-2.6738e+03	1.3739e+02	2.4423e+03
1.6000e+05	1.3329e+03	-1.2334e+02	-9.1935e+02	2.7906e+02	-6.4704e+02	8.7844e+02	-3.8508e+02	-9.0254e+02	-1.2745e+02	-1.4214e+03	-1.9377e+03	-1.1636e+03	3.9669e+02	1.1408e+03	1.0103e+03	4.6134e+02	-3.2749e+02	2.4228e+02	-5.1714e+02	3.5685e+01	1.2102e+03	-5.4718e+02	-2.4917e+01	1.1910e+02	1.1922e+03	1.8705e+03	-2.3883e+02	-1.4930e+02	-9.1690e+02	-4.0396e+02	1.0955e+03	5.9209e+02	1.1522e+03	1.9494e+03	-1.1085e+03	-1.0729e+02	-4.2142e+02	-3.7621e+02	6.6158e+02	-2.4528e+02	1.3546e+03	1.0326e+03	-3.4768e+02	1.4009e+03	-5.2359e+02	2.9312e+03	-7.9021e+02	-1.1359e+03	-1.5657e+03	-6.1272e+02	-7.8229e+02	1.1239e+01	-2.6433e+02	-1.4998e+03	1.9033e+01	-1.2080e+03	-1.3692e+03	-5.2514e+02	-1.1037e+02	-1.3413e+03	-8.1776e+02	1.3313e+03	-7.3496e+02	1.2267e+03	3.2279e+02	-5.6741e+02	-1.1185e+03	-1.4517e+03	-4.1361e+02	-4.7469e+02	9.9800e+02	1.6941e+02	2.3026e+02	1.5533e+03	2.8083e+02	-1.0519e+03	7.5146e+02	-1.0094e+03	-8.2405e+02	-4.4403e+02	2.2975e+02	1.6808e+03	3.5408e+02	-5.9295e+02	6.3448e+02	-2.8084e+02	1.2919e+03	-1.6161e+03	1.7356e+02	-1.3827e+03	-2.3427e+03	-7.9219e+02	-8.9226e+01	-2.1092e+03	-1.1353e+03	7.7637e+02	8.0123e+02	-5.2606e+02	6.7101e+02	9.9900e+01	2.2711e+01	-4.9413e+02	-5.2669e+02	9.7377e+02	-3.4059e+02	5.7964e+02	1.0355e+03	-4.8969e+02	-2.3591e+03	3.2455e+02	1.3136e+02	1.2582e+03	-1.4842e+03	-6.0441e+02	-1.9241e+02	2.2123e+03	-7.9313e+01	1.0421e+03	-1.7768e+03	-8.5461e+02	2.0213e+02	7.5571e+01	-8.0650e+02	-1.1724e+03	3.5192e+02	6.5665e+02	-1.0549e+03	-4.9823e+02	3.9331e+02	-1.3263e+03	9.2684e+01	-1.4480e+03	-2.1784e+03	-1.6273e+02	1.5219e+03	1.7252e+02	-1.7503e+03	-3.8819e+01	-2.8400e+02	8.7430e+02	-1.0576e+02	1.5711e+03	4.0319e+02	-1.0230e+03	-2.2540e+03	1.0612e+03	-8.6026e+02	-7.2601e+02	-2.2550e+02	5.9951e+02	-1.3064e+03	-1.2361e+03	-4.0090e+02	5.7715e+02	9.9296e+01	2.5298e+02	-2.3528e+02	-8.0448e+02	-3.4339e+02	-1.1857e+03	-1.1581e+03	-6.1318e-01	-2.2169e+03	-4.1067e+02	-6.2929e+02	-1.6475e+02	5.9600e+01	-1.0304e+03	-1.2073e+03	-8.1147e+02	-3.1627e+02	2.9260e+02	2.3741e+03	4.0134e+02	-7.1280e+01	6.4137e+02	-5.0127e+02	9.0571e+02	-7.2635e+02	6.0770e+02	-4.9245e+02	-3.8654e+02	1.2515e+03	1.6695e+02	-7.7135e+02	2.0934e+03	1.1415e+03	1.4941e+02	-3.9787e+02	-9.6251e+01	2.1917e+01	-4.9266e+02	1.3854e+03	1.4413e+03	3.5726e+03	-9.4975e+02	3.4496e+02	-1.2645e+03	-6.2388e+02	-4.7918e+02
1.6000e+05	7.0797e+02	1.5424e+03	-1.2212e+03	-7.0139e+02	2.3475e+03	-1.0302e+03	6.4989e+02	1.1885e+03	5.2527e+02	9.8851e+02	-3.3945e+02	-5.9001e+02	-1.2676e+03	-1.5490e+03	1.0076e+02	6.8772e+02	-4.6360e+02	1.3695e+03	-6.1601e+02	-1.6003e+02	-8.9321e+02	-7.2210e+02	-5.9906e+02	-6.6795e+02	-7.6110e+02	4.8377e+02	-3.2582e+02	9.8054e+02	-2.8353e+03	1.6025e+03	5.9280e+01	-1.4411e+03	-2.6365e+02	-6.5433e+02	-1.4519e+03	1.6441e+03	-1.0405e+03	2.7364e+03	-1.6849e+03	7.8723e+02	-1.8580e+03	1.2430e+03	-1.3414e+03	4.9133e+02	-8.5741e+02	-2.2579e+02	1.7971e+03	1.0518e+03	-3.3449e+03	-2.1099e+03	-5.1759e+02	-1.2636e+03	1.1220e+03	-2.2732e+03	-2.7594e+03	-1.2978e+03	6.7804e+01	2.2170e+02	-3.4649e+02	-1.8578e+02	2.8376e+03	2.9159e+03	5.3434e+02	-4.7669e+02	-9.1884e+02	-2.3420e+02	-1.8222e+03	7.9488e+02	4.6088e+01	-1.6539e+03	-9.4148e+02	6.7659e+02	1.1024e+03	-1.3061e+02	-1.9825e+03	-1.1721e+03	-1.0071e+03	-2.6482e+02	-2.9430e+02	1.4021e+02	-9.0631e+02	-4.7773e+02	2.0148e+02	-1.8705e+03	-1.2414e+02	-5.3356e+02	-1.9432e+02	-1.6594e+03	-1.3828e+02	3.1893e+02	3.9198e+03	1.8944e+03	-1.1062e+03	-1.8219e+02	-1.2489e+02	-6.6042e+02	5.1657e+02	1.9918e+03	2.5599e+03	-3.2812e+03	1.0104e+03	-1.1812e+03	1.4437e+03	2.6477e+03	-2.5902e+03	7.0532e+02	1.1422e+03	-2.2878e+03	1.0907e+03	1.3611e+03	1.4281e+03	1.7311e+03	-1.1925e+03	-1.5866e+03	8.6442e+02	-3.1631e+03	-1.2817e+03	-1.7972e+02	2.1287e+03	1.4880e+03	8.0532e+01	7.9330e+01	-2.1639e+03	-1.1083e+03	-1.8163e+03	-2.7317e+03	5.4350e+02	-2.9504e+02	-2.8021e+03	8.8210e+02	1.9539e+03	5.6211e+02	-9.6308e+02	-2.2432e+03	-1.6517e+03	1.5714e+03	-1.4424e+03	1.7822e+03	7.0306e+02	-3.6611e+01	1.4734e+03	-2.1493e+03	-3.1504e+03	-2.7031e+02	-2.3607e+03	-1.1744e+03	3.9351e+02	1.6381e+03	-4.3573e+01	2.4824e+03	3.1651e+02	1.8343e+02	2.4801e+02	1.2278e+03	-2.2622e+02	-4.7499e+02	8.2203e+02	1.4921e+03	1.9493e+03	-3.5611e+02	2.8551e+03	-1.2537e+03	1.9825e+02	-8.3643e+02	-1.8526e+03	1.8194e+03	-1.9065e+03	-1.3305e+03	4.8725e+01	-1.3054e+02	-1.3831e+03	-2.5651e+03	1.0361e+03	-3.8346e+02	5.1055e+02	-1.8199e+02	-1.5012e+03	8.1810e+02	-1.0639e+03	8.2652e+02	2.0716e+03	9.1185e+02	2.1299e+03	3.4175e+03	1.0646e+03	-7.9632e+02	-1.0801e+03	-1.9752e+03	-1.6258e+03	-5.3453e+02	-1.7545e+02	-6.2807e+02	2.3783e+03	-7.1960e+02	3.7176e+03	2.2280e+03	2.6863e+03	-2.0882e+03	6.1896e+02	2.8058e+03
1.8000e+05	1.1372e+03	-1.2642e+02	-1.1800e+03	4.3534e+02	-5.7813e+02	1.1480e+03	-9.1416e+02	-4.4729e+02	-6.1256e+02	-1.4267e+03	-2.2030e+03	-6.0595e+02	6.8803e+02	1.1393e+03	1.1603e+03	6.0499e+02	-4.2363e+02	8.8710e+02	-4.5404e+02	-6.5143e+02	1.7943e+03	-1.0738e+03	-1.5978e+02	-3.6486e+02	9.0831e+02	2.2141e+03	-7.3830e+02	-4.2929e+02	-4.0460e+02	3.4841e+01	1.1201e+03	6.4813e+02	1.2907e+03	1.9404e+03	-1.3591e+03	-7.4603e+02	-7.7560e+02	-7.2511e+02	7.4554e+02	2.1480e+02	1.2131e+03	1.8671e+03	-2.7441e+02	1.4248e+03	-3.9412e+02	3.0652e+03	-7.6999e+02	-9.0055e+02	-1.3516e+03	-5.4828e+02	-7.4224e+02	3.5744e+02	2.3376e+02	-2.1160e+03	1.8165e+02	-1.2393e+03	-2.4183e+03	1.9253e+02	3.4850e+02	-1.2792e+03	-9.4997e+02	1.2647e+03	-1.0840e+03	8.4059e+02	6.3435e+02	-4.5197e+02	-1.1560e+03	-1.3713e+03	-7.5615e+02	-2.1678e+02	7.3604e+02	4.4916e+01	6.0705e+02	2.1758e+03	8.7712e+02	-7.5102e+02	7.3082e+02	-1.5155e+03	6.8906e+01	-7.3377e+02	-1.6704e+02	2.0275e+03	3.1054e+02	-9.4198e+02	4.5848e+01	5.6524e+02	1.0002e+03	-1.3641e+03	-1.8133e+02	-1.6138e+03	-2.7252e+03	-4.9563e+02	-2.0190e+02	-2.2769e+03	-9.2746e+02	7.7289e+02	1.0921e+03	-1.6614e+01	6.1615e+02	4.1869e+01	-4.3839e+00	-7.0371e+02	-5.6934e+02	1.5362e+03	-1.0955e+03	-3.8010e+01	8.6893e+02	-3.9683e+02	-2.1770e+03	-2.1135e+02	4.5390e+02	1.2881e+03	-1.5158e+03	-5.7579e+02	2.2380e+02	2.3945e+03	-3.7139e+02	1.3440e+03	-1.5916e+03	-1.1008e+03	3.2816e+00	5.4111e+02	-8.8150e+02	-1.7388e+03	8.7859e+02	5.2975e+02	-1.0288e+03	-1.0235e+03	6.3587e+02	-1.3059e+03	-2.6409e+01	-1.6562e+03	-2.5817e+03	2.4643e+02	1.5535e+03	5.2635e+02	-1.5002e+03	-1.1170e+02	-5.3375e+02	9.5847e+02	-5.6296e+01	1.7037e+03	3.0861e+02	-9.2249e+02	-3.2953e+03	1.3490e+03	-1.4369e+03	-7.5076e+02	-6.2238e+02	2.9312e+02	-2.1678e+03	-1.3652e+03	-1.3093e+02	6.2615e+02	-2.9181e+02	-1.5072e+02	-5.0129e+02	-6.4472e+02	-4.2313e+02	-1.0340e+03	-1.2373e+03	-4.5397e+02	-2.9432e+03	-3.2260e+02	-2.4729e+02	-4.1369e+02	-3.4986e+02	-8.2237e+02	-8.5799e+02	-1.4902e+03	-1.1108e+02	5.5222e+02	2.4900e+03	1.9406e+02	-3.3579e+02	6.3268e+02	-4.6933e+02	1.2066e+03	-6.4954e+02	5.9796e+02	-7.2156e+02	-7.3465e+02	6.2479e+02	2.9582e+02	-2.6004e+02	2.4634e+03	1.2524e+03	-4.3210e+01	3.9041e+02	-1.3208e+02	5.0860e+02	-2.7085e+02	1.0776e+03	8.0682e+02	3.5622e+03	-8.5748e+02	1.5698e+03	-1.3649e+03	-9.5918e+02	-5.4637e+02
1.8000e+05	1.3718e+03	-4.4013e+02	-8.5916e+02	-1.0111e+03	1.5777e+03	-1.7731e+03	4.6988e+02	1.6391e+03	1.3441e+03	1.0871e+03	-1.6739e+02	-1.2755e+02	-8.1750e+02	-1.0938e+03	1.3469e+02	7.5877e+02	-5.8561e+02	1.8054e+03	4.0968e+02	1.5348e+02	-9.2708e+01	-6.4718e+01	1.5842e+02	-4.4997e+02	-8.2221e+02	1.1612e+03	-6.1656e+02	5.7616e+01	-2.7032e+03	2.0568e+03	1.8728e+02	-2.2138e+03	-8.5236e+01	-6.3641e+01	-2.4101e+03	8.2141e+02	-1.2322e+03	3.5015e+03	-1.9915e+03	8.3126e+01	-1.6170e+03	1.3756e+03	-7.0732e+02	3.2695e+02	-3.4042e+02	-5.3379e+01	2.2157e+03	2.7779e+03	-4.2769e+03	-2.0320e+03	-1.0403e+03	-1.3368e+03	1.5762e+03	-1.7071e+03	-2.3552e+03	-1.6383e+03	5.6502e-01	5.3424e+02	3.7443e+02	-1.0774e+03	2.8139e+03	1.9077e+03	5.2880e+02	-9.1018e+01	-1.1821e+03	-3.0322e+02	-1.9498e+03	4.5954e+02	8.8232e+02	-9.8280e+02	-1.6508e+03	8.2309e+02	3.0438e+02	2.1208e+02	-2.1652e+03	-1.9391e+03	-1.2222e+02	1.4336e+02	3.2700e+02	2.6021e+02	-1.1533e+03	-1.3502e+03	2.7709e+01	-1.9657e+03	4.7387e+02	-3.7006e+02	1.4009e+01	-1.2085e+03	-5.0131e+02	6.1236e+02	3.2938e+03	1.7371e+03	-8.1838e+02	-4.3799e+02	-3.6923e+02	4.4592e+01	9.6696e+01	2.4118e+03	2.6450e+03	-3.0628e+03	7.8277e+01	-1.7112e+03	1.4792e+03	3.6738e+03	-3.3557e+03	8.3440e+02	1.1254e+03	-2.7549e+03	1.1114e+03	1.5600e+03	1.5155e+03	1.4670e+03	-1.2136e+03	-2.9550e+03	1.2258e+03	-3.6319e+03	-7.9227e+02	-6.7260e+02	3.0426e+03	2.1757e+03	-7.0848e+02	6.6717e+01	-3.0666e+03	5.2300e+01	-1.8012e+03	-3.5749e+03	6.2321e+02	-2.9570e+02	-3.0292e+03	6.1990e+02	1.9711e+03	9.3569e+01	-8.2138e+02	-2.9205e+03	-1.9281e+03	1.5525e+03	-1.1596e+03	6.5031e+02	3.5956e+02	-4.8596e+02	2.3507e+03	-2.3172e+03	-3.5923e+03	5.3981e+02	-2.1836e+03	-2.3345e+02	1.2775e+03	1.4990e+03	-5.7231e+02	2.0933e+03	4.8912e+02	-2.2497e+02	2.5252e+02	1.0536e+03	-1.3646e+02	-5.9764e+02	8.8932e+02	7.9831e+02	1.9739e+03	-1.1265e+03	2.1102e+03	-1.3010e+03	1.7146e+02	-4.8232e+02	-2.5155e+03	2.6714e+03	-1.2839e+03	-2.6754e+03	7.5045e+02	-3.1971e+02	-2.1369e+03	-2.9141e+03	1.5785e+03	6.4898e+01	1.7139e+03	-3.6164e+02	-1.2390e+03	1.2906e+03	-1.1719e+03	1.1804e+03	1.3156e+03	4.0307e+02	1.9477e+03	3.3718e+03	1.4539e+03	-3.6360e+02	-1.4892e+03	-1.9978e+03	-1.7385e+03	-3.5477e+02	3.6553e+02	-2.0251e+02	1.7735e+03	-9.3226e+02	3.0113e+03	1.3634e+03	2.1298e+03	-2.0000e+03	5.2998e+02	2.7150e+03
2.0000e+05	1.2104e+03	-1.3739e+02	-1.2231e+03	1.1869e+03	-4.7844e+02	1.1685e+03	-8.0746e+02	3.5039e+02	-7.4660e+02	-1.4095e+03	-2.3499e+03	-5.1789e+02	9.5748e+02	8.2711e+02	1.2854e+03	7.7340e+02	-1.1020e+03	1.1887e+03	-4.0673e+02	-9.8647e+02	1.4527e+03	-9.3714e+02	-3.6670e+02	-4.6201e+02	8.0412e+02	2.2983e+03	-1.0056e+03	-2.8365e+02	-1.9541e+02	-5.3987e+02	1.2610e+03	8.1908e+02	1.1594e+03	1.6337e+03	-1.7078e+03	-5.6808e+02	-1.2018e+03	-9.4608e+02	1.0528e+03	6.6005e+02	1.4418e+03	1.0334e+03	-6.3662e+02	1.0324e+03	-1.7585e+02	3.2931e+03	-8.9673e+02	-3.9091e+02	-1.4131e+03	-1.6143e+02	-9.4533e+02	4.1317e+02	6.9245e+02	-2.1173e+03	-4.1270e+01	-1.1612e+03	-2.0579e+03	2.1154e+02	5.9042e+02	-1.1388e+03	-1.5330e+03	1.4410e+03	-1.1260e+03	3.9140e+02	8.0237e+02	-7.1747e+02	-8.4500e+02	-1.1433e+03	-5.9507e+02	2.1046e+02	4.2275e+02	1.3235e+02	6.1146e+02	2.1530e+03	5.1397e+02	-7.2941e+02	4.4618e+02	-1.7690e+03	2.2234e+02	-3.2237e+02	-7.5701e+01	2.4243e+03	8.5958e+02	-9.0525e+02	-5.9780e+01	4.3306e+02	5.4695e+02	-1.3778e+03	-2.0596e+02	-1.4387e+03	-2.6442e+03	9.4192e+01	3.4670e+02	-2.1289e+03	-1.1105e+03	4.2110e+02	1.7071e+03	3.6357e+02	1.3831e+02	-6.6082e+01	-3.7029e+02	-1.4631e+02	-5.4444e+02	1.4330e+03	-1.2662e+03	-2.0491e+02	8.7240e+02	-7.1465e+02	-1.8453e+03	7.6893e+01	-4.1490e+02	1.3656e+03	-1.6546e+03	-7.9234e+02	-2.2248e+02	2.3092e+03	-2.1964e+02	1.5294e+03	-1.4437e+03	-5.9380e+02	-3.3944e+02	3.9879e+02	-5.6200e+02	-2.5105e+03	1.1398e+03	1.7938e+01	-1.0597e+03	-7.3154e+02	4.1925e+02	-1.1060e+03	5.5175e+02	-8.5090e+02	-2.3100e+03	3.5620e+02	1.6575e+03	3.8895e+01	-1.6392e+03	-5.6350e+01	-5.6335e+02	9.0580e+02	-1.5911e+02	1.6695e+03	3.4428e+02	-1.4701e+03	-2.7505e+03	8.3547e+02	-1.2673e+03	-7.4585e+02	1.5197e+02	3.6645e+02	-2.0290e+03	-9.2337e+02	-3.0667e+02	2.5154e+02	-5.4588e+02	-9.2416e+02	1.1584e+02	-1.1093e+03	-9.8779e+02	-9.4159e+02	-9.8607e+02	-1.3020e+02	-3.3491e+03	-6.9349e+02	-3.4393e+02	-5.5455e+02	-1.9691e+02	-1.1538e+03	-9.2270e+02	-1.7072e+03	9.6203e+01	6.2796e+02	2.7145e+03	4.4582e+02	-9.2023e+02	5.7712e+02	-2.0948e+02	1.2742e+03	-9.6279e+02	1.1985e+03	-7.2956e+02	-6.9840e+02	3.2222e+02	-1.1983e+02	-1.1373e+02	2.6057e+03	6.3155e+02	-4.7178e+02	4.9930e+02	-4.4971e+02	5.8776e+02	-6.0585e+02	6.5185e+02	6.7415e+01	3.0059e+03	-1.1470e+03	1.5870e+03	-2.3748e+03	-1.0402e+03	8.6841e+01
2.0000e+05	7.2392e+02	-3.3444e+02	-9.7008e+02	-1.9174e+03	1.9679e+03	-1.1598e+03	7.7399e+01	1.4340e+03	1.6846e+03	1.5316e+03	1.6620e+03	-1.4006e+02	-1.1140e+02	-7.9870e+02	1.0944e+03	1.1749e+03	-5.1139e+02	2.3344e+03	1.4465e+03	-1.0732e+02	-5.8971e+02	-7.9237e+02	-6.5024e+02	-4.9959e+02	-4.8201e+02	2.3802e+02	-6.6170e+02	2.0445e+02	-2.6951e+03	1.3798e+03	6.6309e+02	-1.7774e+03	3.6831e+02	-4.0738e+01	-2.2412e+03	6.7802e+02	-1.5472e+03	3.2411e+03	-2.2781e+03	4.5851e+02	-1.4937e+03	2.2022e+03	-1.4534e+03	9.3176e+01	-3.5087e+02	4.6175e+02	2.0574e+03	2.3201e+03	-4.4994e+03	-1.9892e+03	-6.3566e+02	-2.5100e+03	1.4692e+03	-1.3839e+03	-8.8112e+02	-2.2810e+03	-9.8231e+01	-2.4576e+02	8.9230e+02	-1.3305e+03	2.9533e+03	4.9714e+02	-1.5868e+02	-2.9604e+02	1.4456e+02	-7.3949e+02	-3.0138e+03	1.5562e+03	6.6455e+02	-1.2231e+03	-2.5914e+03	5.5426e+02	-7.7068e+02	-1.5337e+02	-7.7976e+02	-1.7747e+03	5.0559e+01	-7.2049e+01	3.1045e+01	-9.1884e+02	-1.4452e+03	-1.5464e+03	6.4862e+02	-2.4544e+03	9.8121e+02	-5.5278e+02	7.7277e+02	-1.0063e+03	-8.1106e+02	6.4723e+02	3.6606e+03	1.3124e+02	-8.0647e+02	-5.5166e+02	-1.2987e+02	-2.9218e+02	1.2688e+03	2.8690e+03	2.7277e+03	-2.1805e+03	4.8396e+02	-2.5051e+03	1.7442e+03	4.0500e+03	-2.3137e+03	8.9427e+02	4.4897e+02	-2.6601e+03	1.6395e+03	2.1905e+03	7.8232e+02	8.5658e+02	-1.2395e+03	-3.2323e+03	1.8912e+03	-3.6058e+03	-1.1004e+03	-8.3256e+02	3.0427e+03	3.2705e+03	-4.5794e+02	-4.7740e+02	-3.3078e+03	-4.9571e+02	-2.5807e+03	-4.2739e+03	3.0759e+02	-4.2111e+02	-3.0248e+03	9.7755e+02	2.0836e+03	5.3364e+02	-4.6972e+02	-3.2280e+03	-2.2235e+03	2.6604e+03	-2.2458e+03	9.3237e+02	-4.7998e+02	-1.6213e+03	3.1411e+03	-2.3132e+03	-3.2664e+03	-6.0173e+02	-2.6217e+03	1.1269e+03	1.6766e+03	1.8143e+03	-2.1746e+03	2.5384e+03	1.3824e+03	-6.6016e+02	3.3972e+01	7.6317e+02	-1.1036e+03	-2.5994e+02	-6.9054e+02	1.5717e+03	1.6209e+03	-1.8088e+03	2.3595e+03	-1.6274e+03	-9.3271e+01	-3.3756e+02	-2.0465e+03	2.0507e+03	-2.2594e+03	-2.0172e+03	6.4456e+02	-8.4963e+02	-2.4688e+03	-3.6636e+03	1.2613e+03	-3.2191e+02	2.1404e+03	1.8595e+02	-1.6236e+03	1.3652e+03	-8.0941e+02	5.7639e+02	1.6517e+03	2.8480e+00	1.8251e+03	2.7557e+03	1.5041e+03	-8.8811e+01	-2.5490e+03	-2.1771e+03	-1.6223e+03	-2.6253e+02	3.0522e+01	-8.5006e+02	2.0980e+03	-9.4188e+02	2.6894e+03	3.6198e+02	2.0136e+03	-1.6832e+03	4.8277e+02	2.6732e+03
