2.0000e+04	-1.1743e+03	5.2866e+02	9.1199e+02	-1.4849e+02	-6.2681e+02	-1.4484e+02	9.0537e+01	-9.7793e+00	1.6227e+01	-7.6920e+01	7.0953e+01	-2.0221e+02	-3.3244e+02	-1.3544e+02	3.8722e+01	-3.7603e+02	-1.0384e+02	2.6207e+02	1.8576e+01	4.8345e+01	-3.4783e+02	1.1964e+02	-1.7340e+01	4.2766e+01	-1.9213e+02	-5.3039e+02	2.5155e+01	-3.0055e+02	-1.4171e+02	-3.9159e+02	1.6970e+02	-5.5284e+00	3.1923e+02	5.2760e+02	-1.3800e+02	-2.8238e+02	-4.0979e+02	-1.4000e+02	3.6571e+02	-1.8676e+02	-8.8322e+02	2.6056e+02	-1.0327e+02	2.4663e+02	2.5383e+02	3.5128e+01	-2.5996e+02	-3.8256e+02	-4.4925e+02	-4.5821e+02	-5.4665e+02	1.7546e+02	-9.5674e+01	1.2396e+03	-1.3362e+02	-2.2494e+01	3.6293e+02	3.7044e+02	2.1693e+02	3.2733e+02	3.1195e+02	-4.6862e+02	-8.5536e+01	7.6191e+02	-2.9992e+02	-1.8703e+02	6.6652e+02	-1.8469e+02	-4.0359e+02	-1.9453e+02	4.0564e+02	1.5347e+02	3.2510e+02	1.1213e+02	-2.8942e+02	-2.5400e+02	1.2619e+02	5.2013e+02	1.7457e+02	-5.6269e+02	-9.9988e+01	1.7441e+02	4.4846e+02	2.8390e+02	-1.2962e+02	-1.7621e+01	7.2675e+02	1.7207e+02	-1.1682e+02	-1.3295e+02	3.6675e+01	4.4297e+02	-4.4370e+01	3.6897e+01	3.1957e+02	1.3668e+02	1.5876e+02	-4.0873e+02	-9.6215e+01	-2.6435e+02	2.7253e+01	-2.8727e+01	3.7374e+02	-5.3379e+02	2.6155e+02	-9.4613e+01	4.1179e+02	-3.5063e+02	2.2566e+02	7.0057e+01	4.7908e+02	-8.5636e+01	-8.8910e+01	2.4213e+02	3.7181e+02	1.8748e+02	-6.3448e+02	-8.1597e+00	1.1989e+02	2.1427e+02	1.5674e+02	5.7140e+02	-6.5663e+01	6.2950e+02	-3.8643e+02	-2.8537e+02	-6.7649e+01	1.0988e+02	8.1204e+02	-6.4078e+01	3.9746e+02	3.9592e+02	6.3389e+02	-4.3312e+02	8.8706e+01	-4.1614e+02	1.0513e+02	1.2676e+02	3.9595e+02	1.4085e+02	-2.4160e+02	6.0123e+02	1.3720e+02	-5.1680e+02	1.3217e+02	2.4134e+02	2.9839e+02	-1.2919e+02	1.6438e+02	1.7910e+02	-4.4801e+02	1.2929e+02	-2.5673e+02	4.8079e+02	4.9864e+02	6.7740e+02	7.9405e+01	-4.0575e+02	-2.5726e+02	1.0201e+03	-9.3377e+01	-8.4481e+01	1.4846e+02	-5.7308e+02	3.6316e+02	4.3764e+02	-1.9404e+02	-2.7916e+02	-1.2738e+02	1.0641e+02	2.7656e+02	-1.6822e+02	3.9135e+02	1.3359e+02	-1.5984e+02	-1.8179e+02	4.4300e+02	-4.6760e+01	9.5567e+00	4.2209e+02	2.4180e+02	1.5582e+02	-2.4552e+02	1.9759e+02	-2.4793e+01	-1.9009e+02	-4.0318e+02	2.0713e+02	3.4563e+02	1.2330e+02	-3.9157e+02	-9.0346e+00	4.6259e+02	-2.7577e+02	3.3796e+02	-2.9529e+02	-6.7723e+02	2.8478e+01	-7.2091e+01	4.8529e+02
2.0000e+04	3.1225e+02	9.6436e+02	-6.2234e+02	2.5396e+02	4.2575e+02	8.1317e+01	-7.2607e+01	1.2398e+03	7.9473e+02	5.8432e+02	2.4245e+02	1.9649e+02	8.3417e+01	4.7943e+02	-3.4309e+02	-4.7984e+02	5.5996e+02	1.0732e+02	1.2008e+02	-1.5032e+02	7.9938e+02	-5.3654e+02	-5.6159e+02	3.3842e+01	-7.3174e+02	-7.3743e+02	-1.7360e+02	6.4369e+02	2.1398e+02	-9.4839e+02	-4.7983e+01	4.3039e+02	-5.6380e+02	-1.5195e+02	-1.4695e+02	3.6429e+02	2.5746e+02	1.4047e+02	3.3020e+02	4.7216e+02	4.9243e+02	3.2720e+02	3.0515e+02	-1.4570e+02	5.0277e+02	-9.7533e+02	-4.7253e+02	-8.1039e+02	-1.4135e+03	-5.8397e+02	-3.0420e+02	-6.4154e+02	-1.9974e+02	-3.1280e+02	-1.2054e+02	-4.6194e+02	-2.8177e+02	-1.6144e+02	-7.1661e+02	1.7990e+03	4.5311e+02	-4.9371e+01	3.7506e+02	1.7213e+01	-1.2484e+03	1.8022e+02	2.2963e+02	1.3692e+03	5.7997e+02	-3.7274e+02	4.3463e+02	-7.2639e+02	-8.1287e+01	-9.4942e+02	1.9878e+02	1.9421e+01	4.7174e+02	3.3065e+02	5.6060e+02	1.9485e+02	7.1223e+02	-1.3970e+02	4.6118e+02	-9.0238e+02	7.7114e+02	1.2841e+02	6.6801e+02	1.8378e+02	-1.7935e+02	2.2454e+02	3.4784e+02	-2.9932e+02	5.4578e+02	2.0342e+02	1.3334e+03	-6.0089e+02	1.4239e+02	1.4100e+03	6.5907e+02	8.0314e+02	-3.9966e+02	3.4598e+02	-5.8431e+02	-7.6997e+02	-5.7643e+02	4.8504e+02	1.5497e+03	5.2574e+02	-1.8510e+03	-4.5453e+02	1.2690e+03	-1.8277e+02	1.6887e+02	4.4201e+02	-6.8922e+02	3.9868e+00	1.7534e+02	2.7867e+02	-2.2777e+02	6.6635e+02	4.0641e+02	-6.4071e+02	9.9383e+01	-5.3223e+02	-7.2630e+02	8.6505e+02	-5.3832e+02	3.1758e+02	1.7035e+01	4.1613e+02	5.0078e+01	-6.4955e+02	-8.9646e+01	-1.5319e+02	3.5940e+02	1.9672e+02	3.4853e+02	3.2366e+02	-3.3957e+02	8.0211e+01	-8.6499e+02	-6.3543e+02	1.2226e+02	7.7425e+02	-6.4884e+02	-5.8306e+00	-1.2904e+02	-2.6851e+02	-4.7298e+02	-5.2063e+02	1.0252e+03	-7.5603e+01	2.1971e+01	-7.2733e+01	1.0577e+02	1.4477e+02	-3.5830e+02	4.3638e+02	1.0818e+02	-5.0312e+02	-7.4816e+01	-1.8658e+02	-8.2535e+01	-2.5178e+02	4.8336e+02	-3.2593e+02	8.7518e+02	1.3894e+03	3.5933e+02	-6.7770e+02	-3.7145e+00	1.1198e+03	2.9749e+02	3.9648e+02	-9.5787e+01	1.7769e+02	5.3984e+02	-1.1488e+03	3.6314e+01	-2.4432e+02	3.0575e+02	7.4886e+02	-6.2121e+02	1.4762e+02	1.0529e+03	-6.3470e+02	-4.7912e+02	3.2222e+02	5.0632e+02	-1.0783e+03	-5.1472e+02	-8.9227e+02	1.2221e+03	-3.8962e+02	1.6795e+02	6.3353e+02	-1.1585e+02	3.2415e+02	4.9927e+02	-1.4463e+02
4.0000e+04	-1.6610e+03	4.7164e+02	1.4623e+03	-2.2977e+02	-4.8139e+02	-6.8159e+02	4.1892e+02	-6.0648e+01	-1.4453e+02	-4.4198e+01	-1.4236e+02	-2.8359e+02	-3.5132e+02	-4.3158e+02	-1.4699e+02	-3.5292e+02	-6.3066e+02	-9.7635e+01	3.6784e+02	9.3663e+01	-8.6000e+02	9.2589e+01	-4.8648e+02	4.2390e+02	-1.7338e+02	-1.4402e+03	-9.1731e+01	3.3826e+02	-4.3259e+02	-3.6930e+02	-1.9133e+02	-6.6868e+02	2.0317e+02	1.0815e+03	-9.8437e+02	-7.5450e+02	-4.7717e+02	-6.4291e+02	-1.7431e+01	-5.0198e+02	-8.8263e+02	4.9257e+02	5.6749e+02	-2.3574e+02	4.7972e+02	-2.9058e+02	1.6529e+02	-3.1375e+02	-9.5042e+02	-5.4052e+02	-2.2144e+02	2.9997e+02	2.4398e+02	2.1936e+03	-3.8487e+02	-1.8732e+02	7.2033e+02	6.0027e+02	1.5851e+02	2.1239e+02	3.1467e+02	-5.7921e+02	1.6299e+02	1.0520e+03	3.3933e+01	-6.4669e+01	4.0493e+02	1.0534e+02	-4.3984e+01	-8.6322e+02	3.5538e+02	5.5191e+02	8.8340e+02	-3.3720e+02	-1.1462e+03	2.0601e+02	-5.4267e+02	7.5999e+02	8.3834e+02	-8.2062e+02	-2.8510e+02	-6.6167e+01	3.5942e+02	2.5948e+02	-7.4298e+02	-3.8443e+02	1.2638e+03	4.8999e+02	-1.8015e+02	-1.5228e+02	-2.4248e+02	1.9013e+02	-2.7640e+02	-1.9498e+02	-1.4474e+02	9.2400e+01	3.4933e+01	-3.8848e+02	-4.4572e+02	-6.4506e+02	3.3522e+01	1.3321e+02	3.6751e+02	-6.6481e+02	3.5455e+02	8.1519e+01	4.8175e+02	-1.5460e+01	4.9506e+02	1.4483e+02	5.4326e+02	2.7190e+00	4.8626e+02	6.6274e+02	4.8713e+02	-4.0722e+01	-8.5228e+02	-9.9930e+01	-3.0931e+02	3.5875e+02	5.4217e+01	3.1442e+02	2.8480e+02	3.8273e+02	-7.6125e+02	2.0813e+02	-5.5217e+02	8.2197e+02	5.2417e+02	-9.5323e+01	7.0601e+02	1.0053e+03	9.4036e+02	-1.0113e+03	-4.8766e+02	-3.5006e+02	3.8190e+02	-6.9834e+02	9.8918e+02	-5.7422e+01	-4.1275e+02	3.7113e+02	3.5098e+02	-1.1010e+03	3.4133e+02	1.1214e+02	8.6817e+01	4.0600e+02	5.0034e+01	-3.4583e+00	-2.1686e+01	2.2991e+01	-6.6275e+02	7.1242e+02	9.4392e+02	3.1492e+02	5.6473e+02	6.8471e+01	-4.4448e+02	1.2933e+03	-5.0948e+02	5.0647e+02	-5.1436e+02	-4.9180e+02	3.5668e+02	5.0559e+02	1.3950e+01	-7.5483e+02	-5.2734e+02	9.6730e+01	5.5111e+02	-3.0977e+02	-2.4364e+02	-9.9276e+00	-4.8934e+02	2.8838e+02	5.4855e+02	-2.6259e+02	2.9281e+02	2.2999e+02	9.2505e+01	4.4804e+02	3.9140e+02	-8.1988e+01	3.5274e+02	1.5124e+02	-5.7878e+02	4.5770e+02	4.6685e+02	4.1556e+02	-5.7138e+02	-5.8810e+02	4.7365e+02	-5.8956e+00	4.5588e+02	-7.4762e+02	-9.4500e+02	7.3908e+02	2.0742e+02	6.5665e+02
4.0000e+04	-5.3051e+00	1.2940e+03	5.1166e+02	6.4167e+02	1.6623e+03	-3.1771e+02	2.6157e+02	1.8425e+03	7.6211e+02	-1.4625e+02	4.8002e+02	1.4949e+03	-5.8417e+01	6.5004e+02	-6.2227e+02	-1.5074e+03	1.6435e+03	8.8811e+02	4.7686e+02	-1.7727e+02	1.4126e+03	2.2085e+02	-1.0010e+03	1.3197e+03	-2.6934e+02	-9.1162e+02	4.0574e+02	1.9705e+03	6.1287e+02	-5.0807e+02	7.1679e+02	-8.5743e+01	-1.1334e+03	-1.0181e+03	6.3559e+02	-1.8288e+02	-3.1420e+02	4.2505e+02	1.9431e+02	6.7173e+01	1.3096e+02	1.0214e+03	5.7594e+02	-1.4442e+03	6.8089e+02	-1.3795e+03	1.3338e+02	-1.4209e+03	-2.0009e+03	-1.9041e+02	7.3494e+02	-9.6415e+02	-3.6609e+02	-2.2295e+02	3.3432e+02	-1.0781e+03	2.0432e+02	-5.6272e+02	-5.8460e+02	1.4819e+03	5.2086e+02	-1.3993e+02	7.2557e+02	-8.1153e+02	-2.0210e+03	-5.2958e+01	8.0113e+01	8.2118e+02	1.2795e+03	-1.5682e+03	1.0866e+03	-6.6093e+01	-3.1958e+02	-1.0453e+03	-9.1531e+01	-9.9289e+02	9.0180e+02	9.7139e+02	1.0883e+03	1.1715e+03	9.1140e+02	3.6439e+02	4.6041e+02	-7.1661e+02	-5.6469e+01	9.3741e+02	6.4642e+02	4.1030e+02	1.0918e+03	-2.7951e+02	-3.7454e+02	-6.7494e+02	8.7296e+02	-8.1368e+02	6.4273e+02	-1.9540e+02	1.5110e+03	1.6316e+03	2.1171e+02	7.6613e+01	-1.3053e+03	4.4961e+02	-1.3154e+03	-7.5887e+02	-1.2673e+03	4.4057e+02	1.7534e+03	3.8462e+02	-9.1483e+02	-8.7488e+02	4.0137e+02	6.3726e+01	1.7213e+02	1.1360e+03	-7.2019e+01	-2.8680e+02	-4.6874e+01	3.9956e+02	6.5032e+02	1.3030e+03	1.2602e+01	-1.7735e+02	-1.7384e+02	2.3206e+02	-6.8193e+02	-6.5294e+02	3.5534e+02	-7.7631e+01	-5.1891e+02	9.3739e+02	-9.5429e+02	2.5419e+02	-1.1391e+02	-2.5787e+02	1.7871e+02	-8.1287e+02	1.8160e+01	1.3083e+01	-1.1237e+03	1.0717e+03	-3.1362e+02	-4.4863e+02	1.1412e+03	9.3625e+02	-2.6747e+02	-3.4994e+02	5.6691e+01	-2.5372e+02	-5.6981e+02	3.5684e+02	1.0966e+03	-9.7436e+02	-5.9601e+02	-5.4906e+02	5.6296e+02	-4.2161e+02	-4.8641e+02	1.0037e+03	-7.5193e+02	-6.5814e+02	-1.6731e+02	-5.6153e+02	-4.2439e+02	-7.0945e+02	-1.5105e+02	-9.6245e+02	4.5580e+02	1.1128e+03	4.7964e+02	-8.7993e+02	-8.7620e+02	7.1949e+02	-5.0865e+02	9.3074e+02	2.8439e+02	-4.1235e+01	6.1863e+02	-5.8288e+02	4.8371e+01	5.6609e+02	-1.0184e+03	1.3397e+03	-6.3662e+02	1.2436e+03	1.2425e+03	-2.4370e+02	-3.8370e+02	2.3713e+02	3.0442e+02	-1.2911e+03	-5.1621e+02	-1.3441e+03	4.1058e+02	4.0433e+00	-7.2329e+02	9.4116e+02	-8.5869e+02	8.5030e+02	3.2829e+01	8.1918e+02
6.0000e+04	-1.6825e+03	1.5207e+02	1.0384e+03	-5.8678e+02	-4.5514e+02	-7.5258e+02	8.0523e+02	3.6570e+02	-8.4723e+02	-3.6231e+02	-4.6611e+02	-8.5869e+02	-8.0341e+02	-7.2739e+02	-6.2144e+02	-6.8974e+02	-1.0900e+03	-1.7920e+02	3.0139e+02	-2.4526e+02	-7.1514e+02	3.7633e+02	-6.9191e+02	2.1611e+02	-4.8559e+02	-1.6967e+03	4.7126e+01	7.7790e+01	-1.2913e+03	2.3939e+02	-1.6064e+02	-1.1121e+03	1.4639e+02	3.0993e+02	-5.3974e+02	-6.5029e+02	-5.6142e+02	-1.0770e+03	-6.4108e+02	-7.8065e+02	-1.5304e+03	5.3684e+02	4.5337e+02	-4.4942e+02	5.5724e+02	-5.7732e+02	1.0820e+03	-6.7448e+01	-5.9559e+02	-2.7116e+02	-2.2657e+02	-7.1782e+02	-1.9869e+02	1.8996e+03	-6.6074e+02	-2.0411e+02	1.1070e+03	1.1132e+03	4.6270e+02	5.4933e+02	2.6649e+01	-4.1648e+02	-1.9653e+02	5.1827e+02	-3.7359e+02	-3.4808e+02	-2.5186e+02	-4.2983e+02	2.0326e+02	-5.9802e+02	-7.4222e+02	3.6216e+02	1.0034e+03	3.3132e+01	-1.0031e+03	3.1479e+01	-7.2510e+02	1.3014e+03	2.6371e+02	-9.0912e+02	-8.4158e+02	-3.3158e+02	2.5068e+02	-4.6368e+02	-1.2376e+03	-8.5984e+02	1.2173e+03	2.4022e+02	-2.8367e+02	-4.1434e+01	-6.6146e+02	-8.3970e+01	-5.6452e+02	-4.1077e+02	6.5873e+01	-1.1482e+02	2.1457e+02	-7.4867e+02	-1.7359e+02	-1.3560e+03	-1.5234e+02	1.0347e+02	4.2942e+01	-3.8615e+02	-4.0299e+01	5.4445e+02	3.9471e+02	-1.9450e+02	7.6345e+02	-4.7050e+02	1.4302e+02	-1.4662e+02	5.6722e+02	4.4135e+02	6.7992e+02	2.6642e+02	-5.3008e+02	-1.8186e+02	-4.0906e+02	8.0252e+02	-5.5766e+02	5.6162e+02	-4.2112e+02	-2.0932e+02	-6.3453e+02	-1.9929e+01	-4.0942e+02	6.0678e+02	8.3588e+02	-2.1308e+02	5.7813e+02	6.6460e+02	4.0861e+02	-9.2295e+02	-8.0173e+02	-4.8187e+02	-2.7481e+02	-5.8827e+02	6.9929e+02	-1.7984e+02	-2.3578e+02	-5.3190e+01	3.5164e+02	-1.4963e+03	1.8494e+02	-7.2104e+02	-1.0633e+01	8.3344e+01	3.3832e+01	1.4085e+02	-6.7317e+01	-1.4760e+02	-2.6335e+01	3.6537e+02	1.0585e+03	-1.6663e+02	3.9351e+02	-4.6182e+02	-5.9618e+01	1.1925e+03	-7.1784e+02	6.4666e+02	-2.4825e+02	-6.3473e+02	2.4442e+02	6.0919e+02	-4.6984e+02	-1.1092e+03	-9.5242e+02	6.7857e+01	2.9451e+02	-3.9674e+02	3.6737e+02	-1.0541e+02	-1.9068e+02	7.2299e+01	5.6811e+02	-2.4994e+02	2.0720e+02	-2.3312e+01	-1.7783e+02	3.1179e+02	1.8638e+02	2.3441e+02	-2.7233e+01	4.5671e+02	3.4823e+02	5.7279e+02	3.3800e+02	6.1925e+02	-6.2321e+02	-1.2190e+03	4.1460e+02	-5.6925e+02	8.6405e+02	-1.1222e+03	-1.6617e+03	1.1395e+03	1.7765e+02	6.6109e+02
6.0000e+04	9.3982e+02	1.6953e+03	7.4529e+02	2.1441e+02	1.8187e+03	-7.4933e+02	1.4133e+00	2.1672e+03	8.9244e+02	-4.4422e+01	1.2668e+03	9.7559e+02	1.2602e+03	1.5869e+02	5.5648e+02	-1.8619e+03	1.5722e+03	1.2893e+03	9.4642e+02	2.9908e+01	1.6782e+03	-7.9739e+02	-1.2004e+03	1.5759e+03	-4.9011e+02	-8.0454e+01	1.3635e+02	1.5608e+03	1.5673e+03	1.6939e+02	6.2493e+02	-7.5972e+02	-1.4759e+03	-5.7283e+02	9.7933e+01	7.8529e+02	-2.0599e+02	1.0747e+03	-8.3761e+00	5.6734e+02	5.2625e+01	5.6794e+02	3.6169e+02	-1.3989e+03	1.2488e+03	-1.2102e+03	5.1505e+02	-1.5511e+03	-1.9438e+03	-2.9869e+01	7.1171e+02	-1.0180e+03	-1.4563e+03	5.6928e+01	5.7771e+02	-4.6884e+02	5.8830e+02	-5.3826e+02	-2.6986e+03	2.1231e+03	7.6944e+02	8.5690e+02	9.9060e+02	-1.4863e+03	-1.6453e+03	9.2280e+01	5.0385e+01	4.5910e+02	1.2889e+03	-2.1421e+03	1.5012e+03	-5.6738e+02	-3.6897e+02	-9.1025e+02	-1.7831e+02	-1.2660e+03	2.0267e+03	1.6926e+03	1.8038e+03	5.4448e+02	6.6044e+02	-1.0210e+02	6.6208e+02	-5.2094e+02	5.5219e+01	2.3281e+03	1.4217e+03	6.0502e+02	4.7937e+02	-1.2542e+03	-8.8109e+02	-1.3592e+03	3.2673e+02	-1.8317e+02	1.4725e+03	2.1925e+02	7.1605e+02	1.3501e+03	2.1375e+02	-5.1549e+02	-6.2583e+02	1.6923e+02	-6.0323e+02	-4.5392e+02	-7.1373e+02	1.2415e+03	7.6433e+02	6.7993e+02	3.6475e+02	-9.9304e+02	2.9901e+02	-3.5542e+02	1.0233e+03	1.3231e+03	2.2562e+02	6.7238e+02	-6.9791e+02	-4.7369e+02	1.1795e+03	1.6418e+03	-3.7741e+02	3.0785e+02	-6.9708e+02	-3.9389e+02	-1.2582e+03	-5.6134e+02	9.9327e+02	-5.1589e+02	-1.1889e+03	1.1269e+02	-8.5431e+00	-8.7519e+02	-9.2110e+02	1.3338e+02	-1.4084e+02	4.8609e+02	4.2080e+02	-7.6719e+02	-1.2681e+03	6.9622e+02	-1.0109e+03	6.8268e+01	7.5616e+02	2.3676e+03	-1.1681e+02	-1.4790e+02	2.0149e+02	-1.2362e+03	-1.9969e+02	2.7593e+02	9.0925e+02	-1.4575e+03	-1.6842e+03	-5.3238e+02	3.6258e+02	3.9104e+02	1.6802e+02	-9.3227e+01	-4.6326e+02	-2.6134e+02	6.4748e+02	-5.3600e+02	-5.2478e+02	-1.6223e+03	-3.7210e+02	-2.4086e+02	8.1087e+02	6.7612e+02	7.3933e+02	-8.3182e+02	-6.1641e+02	1.1847e+03	-6.5070e+02	1.1944e+03	-2.1437e+02	-1.7583e+02	8.9532e+01	-3.9762e+02	6.1496e+01	1.3007e+02	-1.1270e+03	9.2167e+02	-6.1584e+02	1.1763e+03	1.0682e+03	4.3727e+02	1.3173e+02	6.8602e+02	6.6289e+02	-1.6071e+03	-1.8832e+02	-2.5486e+03	9.7392e+02	5.1881e+02	-8.4367e+02	1.5398e+03	-5.7866e+02	4.9525e+02	-1.1243e+02	5.6691e+02
8.0000e+04	-2.0401e+03	4.8980e+02	1.2566e+03	-6.9356e+02	-5.7300e+02	-2.0603e+02	5.0047e+02	1.0112e+03	-1.3648e+01	-6.1605e+02	-3.2429e+02	-1.0909e+03	-5.6235e+02	-4.3105e+02	-6.6250e+02	-5.4063e+02	-1.4621e+03	2.8728e+02	3.3493e+02	-2.2802e+01	-9.8171e+02	8.1621e+02	-1.0993e+02	3.3885e+02	-4.3031e+02	-2.5656e+03	4.2311e+02	-3.5372e+02	-6.3894e+02	-9.5981e+01	-7.1981e+02	-7.8869e+02	-1.0966e+02	-6.8101e+01	-5.8191e+02	-6.7883e+02	-6.0986e+02	-7.3260e+02	-1.0734e+03	-5.1559e+02	-1.6690e+03	1.0173e+03	6.4747e+02	-8.8968e+02	1.0462e+02	-4.6419e+02	1.1765e+03	1.6638e+02	-3.3391e+02	-1.9536e+02	-6.5353e+02	-1.0153e+03	-8.5339e+01	1.0643e+03	-1.1509e+03	-2.1773e+02	1.0759e+03	1.2288e+03	4.3120e+02	3.4717e+02	3.4701e+02	-2.4417e+02	-4.7923e+02	1.1346e+03	-4.8503e+02	1.6623e+02	8.6563e+02	-2.3375e+02	6.4311e+02	2.1370e+02	-1.3355e+03	2.2506e+02	1.1413e+03	-1.8322e+02	-1.0315e+03	-9.4290e+01	-1.0346e+03	7.7878e+02	1.2529e+02	-1.1568e+03	-1.0444e+03	-8.8565e+02	4.5767e+02	-5.5226e+02	-1.2285e+03	-1.1495e+03	7.4217e+02	3.7873e+02	-4.9181e+02	1.9524e+02	-6.6742e+02	6.8606e+01	-3.9176e+02	-1.8365e+02	-4.3608e+01	2.5398e+02	2.9982e+02	-5.5788e+02	-3.8764e+02	-1.6584e+03	-8.0780e+02	-2.7504e+02	6.4664e+01	-8.2500e+02	2.5273e+01	6.2402e+02	4.6652e+02	-9.8042e+00	6.7933e+02	-5.1649e+02	-1.0278e+02	-4.1145e+02	-2.8487e+02	6.6119e+02	9.2950e+02	-1.0472e+02	-4.7339e+02	-2.7985e+02	-7.9216e+02	2.5261e+02	-1.0462e+03	9.6200e+02	-2.1116e+01	-7.6650e+02	-3.4907e+02	-1.9703e+01	-5.2236e+02	2.5498e+02	3.2535e+02	2.6637e+02	-2.9462e+01	9.2679e+02	7.6913e+02	-1.2074e+03	-3.7352e+02	-4.4000e+02	-1.7041e+02	-8.8327e+02	1.0123e+03	-4.6934e+01	-5.7924e+02	-2.8208e+02	-4.7277e+02	-1.0278e+03	2.9972e+02	-1.3007e+02	-9.2814e+01	-1.9272e+02	7.3230e+02	3.2286e+02	-4.8125e+02	-3.3897e+02	2.7573e+02	8.2658e+02	1.3177e+03	-3.9933e+01	6.8509e+02	-6.2427e+02	-2.7434e+02	8.2283e+02	-2.7956e+02	8.5901e+02	-2.2638e+02	-1.0154e+03	-2.4135e+02	4.6329e+02	-3.9995e+02	-6.4773e+02	-1.0889e+03	1.7668e+02	1.0620e+02	7.8728e+01	3.3211e+02	6.5395e+02	-1.9707e+02	-2.4513e+02	9.8213e+02	3.8711e+02	3.3036e+02	-7.7071e+01	-2.7525e+02	-1.2362e+02	-1.3729e+02	6.4277e+02	-3.5501e+02	-7.5791e+01	-2.8557e+00	6.5038e+02	-9.9282e+01	1.0822e+02	-7.2093e+02	-1.0887e+03	4.9222e+02	-5.0519e+02	8.7712e+02	-1.2946e+03	-2.2982e+03	1.3294e+03	1.3010e+01	4.4019e+02
8.0000e+04	8.7618e+02	1.5037e+03	4.6629e+02	4.9174e+02	1.3281e+03	-1.1164e+03	-1.4245e+01	1.1358e+03	1.2654e+03	-1.0820e+03	1.7980e+02	9.8139e+02	1.7545e+03	7.3595e+02	7.9508e+02	-2.3082e+03	2.2325e+03	1.3675e+03	8.5268e+02	-6.5855e+01	1.5108e+03	3.7460e+01	-1.2867e+03	1.0783e+03	3.1753e+01	3.0482e+02	7.3322e+02	1.6047e+03	7.8885e+02	6.8425e+02	-5.4479e+02	-7.9909e+01	-1.7561e+03	-9.4584e+01	1.2734e+02	1.6324e+03	-1.5685e+01	5.7103e+02	5.0293e+01	8.4605e+02	-1.3443e+02	-2.8487e+02	7.1463e+02	-1.2217e+03	1.6268e+03	-1.1038e+03	1.8022e+02	-8.8023e+02	-2.1423e+03	4.9850e+02	8.4103e+02	-5.0768e+02	-1.2674e+03	5.7002e+02	5.9074e+02	-2.8179e+02	7.2070e+02	-3.7857e+02	-2.1268e+03	1.4071e+03	2.1507e+03	1.3043e+03	1.0086e+03	-2.5684e+03	-1.5117e+03	1.2730e+03	2.2919e+02	6.5979e+02	1.1719e+03	-2.0255e+03	1.9535e+03	2.8379e+02	-7.3959e+02	-1.0426e+03	-4.3113e+02	-6.1208e+02	6.3596e+02	1.9389e+03	1.4510e+03	8.4310e+02	1.2832e+03	-5.6045e+02	8.9929e+02	3.5472e+02	1.6628e+02	1.8106e+03	1.1754e+03	5.3883e+02	1.2372e+03	-7.7311e+02	-4.6672e+02	-1.5022e+03	-6.7094e+02	-1.7328e+02	1.4084e+03	3.2988e+02	7.2549e+02	1.0995e+03	-1.9846e+02	-7.3463e+02	4.7730e+02	9.1312e+02	-3.0106e+02	-1.4952e+03	-1.6064e+02	1.8740e+03	5.2791e+02	-9.2208e+01	4.1033e+01	-1.5674e+03	-6.2407e+02	-4.7083e+02	4.1282e+02	1.8049e+03	-7.3544e+02	4.7844e+02	-1.1525e+03	-1.4635e+03	8.8237e+02	1.5091e+03	-4.6785e+02	3.9906e+02	-8.0967e+01	3.1017e+02	-1.2903e+03	-1.7392e+03	1.0781e+03	-9.9310e+02	-1.3063e+03	3.9593e+02	-2.9230e+02	-1.1473e+03	-1.1147e+03	2.4308e+02	7.6283e+01	-4.1221e+02	7.6809e+01	-8.7717e+02	-1.2705e+03	4.0996e+02	-1.2110e+03	-1.2358e+02	9.5895e+02	1.0852e+03	1.9221e+02	-4.8462e+02	-1.3286e+02	-2.9985e+03	-9.4285e+02	1.9587e+02	-1.6889e+02	-2.5258e+03	-1.8366e+03	-5.9789e+02	-3.4349e+02	5.0244e+02	-4.6789e+02	-2.7030e+01	-3.7559e+01	-6.4315e+02	8.2963e+02	-3.3983e+02	-5.7913e+02	-1.9761e+03	-7.6808e+02	-1.0925e+02	6.5295e+02	4.6108e+02	6.0681e+02	-9.3907e+02	-1.0370e+03	1.0888e+03	-8.0824e+02	1.9303e+03	2.9131e+01	-4.8339e+02	-2.3549e+02	1.1124e+03	1.8414e+02	7.9616e+02	-1.1120e+03	9.8787e+02	-5.0067e+02	1.1957e+03	1.5886e+03	1.0041e+03	1.1289e+02	7.1951e+02	-5.1514e+02	-1.9077e+03	-9.9263e+02	-1.9141e+03	8.7502e+02	1.1509e+03	-9.6153e+02	1.7036e+03	-1.2967e+03	1.0966e+03	5.6257e+02	1.8714e+03
1.0000e+05	-2.3308e+03	4.4228e+02	1.1177e+03	-9.6000e+02	-3.6747e+02	-2.8910e+02	2.4826e+02	1.3357e+03	-1.1461e+02	-2.8859e+02	-6.3274e+01	-1.2721e+03	-4.9885e+02	-5.7237e+02	-4.4224e+02	-1.4038e+03	-1.6837e+03	2.3850e+02	1.9583e+02	-3.9630e+02	-9.2186e+02	1.9928e+02	1.1705e+02	3.6449e+02	-8.6641e+02	-2.3995e+03	2.5901e+02	-4.0640e+02	-7.0749e+02	-3.7905e+02	-1.7109e+03	-5.7452e+02	2.8699e+01	-2.2068e+02	-3.4006e+02	-1.2555e+03	4.6090e+01	-2.9203e+02	-8.1423e+02	-2.6233e+02	-1.5848e+03	3.1298e+02	6.0786e+02	-7.0351e+02	1.5067e+02	-7.1857e+02	8.6369e+02	-1.6608e+02	-2.5057e+02	-7.1961e+02	-5.2275e+02	-1.0745e+03	-4.3208e+02	2.0740e+03	-1.3247e+03	-5.9809e+02	1.2435e+03	1.3041e+03	4.7040e+02	9.2456e+01	-3.0299e+02	1.3304e+02	-2.3773e+02	1.0682e+03	-9.9472e+02	-2.9699e+02	1.1623e+03	-2.5273e+02	8.6513e+02	-1.4473e+02	-1.2538e+03	7.9861e+02	1.0258e+03	-5.7367e+02	-7.2902e+02	-1.5060e+02	-8.7079e+02	1.2305e+03	-4.9664e+02	-1.1434e+03	-1.0962e+03	-1.4250e+03	3.1471e+01	-7.2451e+02	-1.2980e+03	-9.4242e+02	3.3018e+02	5.7149e+02	-2.6521e+02	-3.9061e+01	-2.5876e+02	-2.5692e+01	-6.7222e+01	-2.5445e+01	-1.1336e+02	2.4639e+02	-5.9590e+02	-2.5668e+02	3.0800e+02	-1.9106e+03	-1.2444e+02	-2.0192e+01	-7.2786e+02	-1.0088e+03	1.4889e+02	6.3341e+02	1.1162e+03	4.6560e+02	3.3687e+01	-4.1290e+02	-7.1486e+01	-4.4128e+02	-6.1392e+02	3.3791e+00	1.7496e+02	-3.6610e+02	-4.6380e+02	1.1932e+02	-1.0090e+03	1.0032e+02	-5.2808e+02	7.9171e+02	3.3397e+02	-9.0336e+02	-1.5946e+02	1.1909e+02	-7.8298e+02	2.7687e+01	2.7585e+02	1.2532e+02	-2.4061e+02	6.1971e+02	4.2188e+02	-1.0022e+03	2.8241e+02	-6.4191e+01	-2.0425e+02	-8.5638e+02	1.1022e+03	8.4783e+02	-5.3379e+02	-7.6092e+02	1.1083e+02	-1.1535e+03	-1.3764e+02	-3.8141e+02	1.0808e+02	-1.3788e+02	2.2313e+02	9.0605e+02	-5.6997e+02	-4.8867e+02	1.7110e+01	6.8159e+02	1.7072e+03	-4.6911e+02	9.1384e+02	-4.1712e+02	1.4477e+02	8.1735e+02	-5.8694e+02	6.2545e+02	-5.9968e+01	-1.0342e+03	-2.7272e+02	3.7418e+02	-4.1746e+02	-5.1181e+02	-1.0067e+03	-1.2427e+02	-6.4158e+00	3.6280e+02	3.9054e+02	5.7054e+02	1.6499e+02	-6.7480e+02	5.4969e+02	3.0932e+02	3.6334e+02	-3.6627e+02	-8.0217e+02	-3.0503e+02	1.4714e+02	8.6533e+02	-5.8518e+02	-3.7279e+02	8.1288e+02	1.6102e+02	-2.3023e+02	-1.5987e+02	-9.8654e+02	-1.0870e+03	3.6760e+02	-9.6184e+02	1.2213e+03	-1.7344e+03	-2.5991e+03	9.8395e+02	-2.1740e+02	6.7885e+01
1.0000e+05	1.4244e+03	7.7250e+02	9.7462e+02	7.9351e+02	1.5658e+03	-8.0722e+02	6.0469e+02	1.7390e+03	1.1769e+03	-8.4310e+02	3.4222e+02	1.2075e+03	2.3169e+03	8.6324e+02	-8.1665e+01	-3.2621e+03	2.4466e+03	1.2333e+03	1.0897e+03	-5.2142e+02	2.2151e+03	-1.3099e+02	-8.7685e+02	9.5518e+02	2.8403e+02	7.1560e+00	3.1907e+02	1.4410e+03	6.7404e+02	3.5850e+02	-3.9738e+02	-9.8293e+02	-1.4482e+03	-2.2950e+02	-5.5770e+01	7.6019e+02	-5.8505e+02	1.2401e+02	-1.0141e+02	5.2803e+02	-1.7115e+02	-2.6199e+02	1.7311e+03	-1.0041e+03	1.5509e+03	-2.2166e+03	1.4317e+02	-8.9688e+02	-2.3838e+03	6.3162e+02	2.9408e+02	-1.5459e+03	-1.8279e+03	7.8473e+02	-8.3836e+02	-2.2235e+02	-6.2292e-01	-1.3041e+03	-2.7215e+03	1.3643e+03	1.3597e+03	1.2000e+03	1.4477e+03	-2.6776e+03	-2.0722e+03	5.5203e+02	2.8139e+02	6.7683e+02	-1.4133e+02	-2.6908e+03	1.9478e+03	5.0094e+01	-2.5777e+01	-1.9534e+03	-6.6707e+02	-6.7625e+02	3.4462e+02	2.1649e+03	2.1559e+03	7.8263e+02	1.5912e+03	-6.0514e+02	1.2337e+03	2.2152e+02	4.3960e+02	2.3213e+03	6.7883e+02	4.3430e+01	1.7748e+03	-2.6390e+02	-2.9282e+02	-2.0127e+03	-6.1993e+02	9.6206e+01	1.7080e+03	-4.7818e+02	5.4401e+02	7.4263e+02	-1.4770e+03	-6.3611e+02	-2.2174e+02	1.4473e+03	1.4653e+00	-5.6677e+02	3.7767e+02	1.7811e+03	7.8691e+02	-8.8039e+02	-4.0296e+01	-8.0592e+02	-6.6755e+02	-1.0355e+03	-1.7409e+03	7.9562e+02	-9.0039e+02	-3.3087e+02	-9.8983e+02	-2.4978e+03	4.3119e+02	2.2096e+03	-5.0391e+01	9.3106e+02	-4.7294e+02	7.9961e+02	-1.1017e+03	-1.7024e+03	2.6819e+02	-1.3363e+03	-2.0040e+03	6.2939e+02	1.8255e+02	-8.0904e+02	-2.1133e+03	1.3606e+03	-7.3556e+02	-4.5566e+02	-4.0615e+02	-3.1413e+02	-1.7838e+03	4.3305e+02	-1.0563e+03	-1.9517e+02	8.0380e+02	9.1395e+02	3.7395e+02	-2.9235e+02	-1.7613e+02	-3.1187e+03	-4.6235e+02	-5.2986e+02	2.5894e+02	-2.9125e+03	-1.3642e+03	-5.0968e+02	3.8613e+01	1.5822e+03	-1.2492e+03	1.0557e+02	-4.9525e+02	-3.3550e+02	1.3752e+03	-3.8728e+02	2.3037e+02	-7.0950e+02	-6.0519e+02	-2.4981e+02	-1.1167e+02	6.1993e+02	6.3250e+02	-1.8753e+02	-1.4546e+03	1.1827e+03	-4.4643e+02	1.7647e+03	-1.0030e+03	3.9975e+02	-8.9476e+01	1.2523e+03	3.4487e+02	6.4864e+02	-1.6758e+03	1.7343e+03	-7.2763e+02	1.5631e+03	1.3312e+03	-2.3605e+02	3.9121e+02	1.7592e+03	-6.4981e+02	-2.5573e+03	-3.3151e+02	-1.9770e+03	-5.5771e+01	2.2352e+03	-1.5757e+03	1.3170e+03	-1.7565e+03	1.4992e+03	8.4287e+02	9.7036e+02
1.2000e+05	-2.2625e+03	2.9456e+02	7.8557e+02	-1.1189e+03	-4.9019e+02	-5.5644e+02	5.7745e+02	8.8928e+02	2.7832e+01	-1.0721e+03	-6.1512e+02	-7.8178e+02	-1.1169e+02	-5.4799e+02	-3.7075e+02	-1.3551e+03	-2.8594e+03	-3.5036e+02	6.5418e+01	-6.1398e+02	-6.1707e+02	1.2146e+02	9.1212e+01	-3.2650e+02	-7.2092e+02	-2.5257e+03	-5.1888e+02	-8.4747e+01	-2.9925e+02	-1.3081e+02	-1.8305e+03	-4.0033e+02	-1.6534e+02	-1.8518e+02	-2.0738e+01	-9.0003e+02	2.5391e+02	-3.9064e+02	-6.9953e+02	-5.7296e+02	-1.2427e+03	-2.4570e+02	6.0529e+02	-9.6332e+02	1.2442e+02	-5.4746e+02	5.2602e+02	1.3796e+02	-5.3084e+02	-5.2418e+02	-7.6191e+02	-1.0308e+03	1.8039e+02	1.4172e+03	-1.5108e+03	-5.6238e+02	8.4323e+02	9.1310e+02	5.6165e+02	3.8556e+02	-4.4232e+02	-9.1686e+02	8.0297e+01	1.3046e+03	-7.5008e+02	-3.9117e+02	7.7269e+02	-6.9755e+02	7.4480e+02	-5.3559e+02	-1.7603e+03	7.1684e+02	9.8909e+02	-4.2103e+02	-5.4776e+02	2.1664e+02	-1.0002e+03	9.9424e+02	-4.2691e+02	-1.3837e+03	-1.4904e+03	-1.8999e+03	2.8625e+02	-1.1991e+03	-1.4550e+03	-1.0656e+03	4.5906e+02	4.3160e+02	-7.6949e+02	-8.3288e+01	9.6406e+01	1.7648e+02	3.7481e+02	-1.0339e+02	-9.9757e+01	7.3652e+02	-9.0046e+02	-8.9827e+02	-6.7579e+01	-1.9500e+03	1.6631e+02	3.5309e+02	-2.1754e+02	-8.4948e+02	8.1202e+02	9.8940e+02	1.7450e+03	1.0105e+02	8.8313e+01	-6.0307e+02	-5.3651e+02	-7.2394e+02	-3.2538e+02	-1.5556e+02	-3.9297e+01	-1.1670e+03	-5.1937e+02	1.4823e+02	-1.6795e+03	4.0132e+02	-4.5609e+02	-2.3065e+01	7.6787e+02	-1.0072e+03	-5.2194e+02	-1.5037e+02	-9.9730e+02	1.4033e+02	-3.3277e+02	2.3071e+02	-2.0975e+02	1.9458e+02	1.0167e+03	-7.3108e+02	1.5218e+02	-3.2998e+02	-2.9528e+02	-1.3624e+03	8.3781e+02	8.7533e+02	-5.5658e+02	-8.2235e+02	-2.0354e+01	-9.5343e+02	4.3059e+01	-1.5679e+03	1.3282e+02	-3.2414e+02	2.4669e+02	7.6399e+02	-4.3355e+02	-4.1438e+02	1.7362e+02	1.3622e+03	1.6843e+03	-5.4454e+02	5.1679e+02	-5.4904e+01	3.1492e+01	1.3035e+03	-5.5687e+02	5.0562e+02	-1.8662e+01	-1.0515e+03	-1.4501e+01	5.8251e+02	-3.8106e+02	-5.9296e+02	-6.4582e+02	-5.3441e+02	-2.2292e+02	6.8467e+02	6.0274e+02	4.7039e+02	-6.9722e+01	-3.9559e+02	4.4664e+02	8.9969e+02	2.8569e+02	-7.7693e+02	-7.3446e+02	9.5410e+01	-1.1591e+02	1.3315e+03	-5.0096e+02	1.9211e+01	7.8495e+02	1.5965e+02	-7.8344e+02	-4.1270e+02	-1.2941e+03	-1.1724e+03	-1.6226e+02	-1.1067e+03	1.0707e+03	-1.7510e+03	-2.4454e+03	2.3461e+02	-1.3872e+02	2.5795e+02
1.2000e+05	9.2028e+02	1.7635e+03	1.1395e+03	1.0858e+03	1.8032e+03	-3.2769e+02	4.1190e+02	1.4883e+03	1.5077e+03	-9.5697e+02	5.9727e+02	1.1933e+03	1.4051e+03	1.4000e+03	8.8592e+02	-3.5866e+03	1.0834e+03	2.1757e+02	-2.5559e+02	-4.7555e+02	2.3079e+03	1.0386e+03	-4.7683e+02	3.3855e+01	5.4399e+02	-6.8416e+02	8.5164e+01	1.4258e+03	1.1629e+03	1.3254e+03	5.0398e+02	-9.6179e+02	-1.2353e+03	-1.7767e+02	4.8097e+02	1.3453e+03	-3.9358e+02	5.8524e+02	-1.0336e+03	1.1370e+03	-1.3288e+03	-7.4196e+02	1.1833e+03	-6.9164e+02	3.1274e+03	-1.0970e+03	-6.9938e+02	-1.4311e+03	-1.4601e+03	1.3294e+03	9.0942e+02	-2.5900e+03	-2.3355e+03	6.6343e+02	-4.3073e+02	9.0712e+02	-6.6404e+02	-1.4601e+03	-2.7571e+03	1.1253e+03	1.9683e+03	7.0552e+02	1.6137e+03	-2.1407e+03	-1.2667e+03	1.0511e+03	1.9018e+02	9.8551e+02	-4.6983e+02	-1.8663e+03	2.6292e+03	2.2053e+02	5.6024e+02	-7.9023e+02	-1.4059e+03	-5.3545e+02	3.4255e+02	1.9810e+03	2.7414e+03	-5.4582e+02	1.2950e+03	-1.2640e+03	1.3057e+03	-9.5439e+02	-1.8274e+02	1.9331e+03	1.2067e+03	-1.6806e+02	2.2607e+03	-2.7156e+02	2.9939e+02	-2.5294e+03	-4.9060e+02	8.0378e+02	1.1026e+03	-8.8615e+01	-9.2650e+02	1.5940e+03	-1.0114e+03	2.1236e+02	-2.4303e+02	1.0775e+03	-5.1371e+02	-9.7424e+02	-2.6112e+02	1.9385e+03	6.4617e+02	-5.5541e+02	-3.3852e+02	-1.0439e+03	-9.2075e+02	-8.0081e+02	-2.7084e+03	6.4057e+02	-1.5540e+03	-6.8692e+02	-7.0779e+02	-2.2619e+03	7.8515e+02	1.5404e+03	2.8906e+02	1.1295e+03	-1.4929e+02	5.2715e+02	1.3380e+02	-1.2742e+03	-1.2656e+02	2.0313e+02	-3.1945e+03	-8.7739e+02	4.9387e+02	-1.6217e+03	-2.4466e+03	-2.5128e+02	-7.2998e+02	-4.7965e+02	-1.2187e+03	2.1166e+02	-1.5485e+03	1.3923e+03	-3.7804e+02	2.2643e+02	1.3484e+03	1.3368e+03	4.3124e+02	-1.7606e+03	-7.7789e+02	-4.1270e+03	-7.3436e+02	1.5569e+02	-4.7716e+01	-3.0722e+03	-1.1065e+03	-1.2597e+03	3.3743e+02	1.3223e+03	-6.7082e+02	-6.4357e+02	-7.2220e+02	-9.3043e+02	1.6098e+03	-1.5364e+03	2.6677e+02	-2.2000e+02	-4.0631e+02	-1.9219e+02	-1.8837e+02	7.2194e+02	-8.8266e+00	-9.1635e+02	-1.6704e+03	6.7786e+02	2.4483e+01	1.4883e+03	-8.8068e+02	1.0831e+03	-3.9930e+02	1.8615e+03	-5.9628e+02	1.0577e+03	-6.0285e+02	1.3991e+03	-1.1860e+03	7.4137e+02	1.0193e+03	-2.1326e+02	5.4340e+02	1.7420e+03	-5.8243e+02	-2.7447e+03	-1.1613e+02	-1.3026e+03	3.0517e+02	2.3097e+03	-1.9509e+03	4.0601e+02	-1.1771e+03	1.5092e+03	4.7968e+01	1.1019e+03
1.4000e+05	-2.4449e+03	2.8797e+02	9.3959e+02	-5.0232e+02	-7.8750e+02	-8.3960e+02	2.5827e+01	3.7079e+02	3.0354e+02	-1.3375e+03	-6.6262e+02	-5.5328e+02	-1.0374e+03	-2.0060e+02	-1.8563e+02	-2.3337e+03	-2.9032e+03	-6.5624e+02	-3.3003e+02	-8.4993e+02	4.9944e+02	2.2819e+02	4.1947e+02	-7.1169e+02	-7.7003e+02	-2.1893e+03	-4.9502e+02	2.7241e+02	-4.5443e+02	2.5918e+02	-1.8229e+03	-5.8267e+02	4.6195e+02	-2.3856e+02	1.5441e+01	-5.9686e+02	-2.0486e+01	4.7571e+01	-8.5165e+02	-1.3942e+03	-1.6585e+03	-2.3144e+02	1.4114e+03	-8.1708e+02	2.2737e+02	-9.3180e+02	4.2343e+02	1.6956e+02	-4.6188e+02	-4.0731e+02	-1.2503e+03	-1.1878e+03	4.7179e+01	1.4182e+03	-1.6160e+03	4.5381e+01	1.1345e+03	5.0204e+02	3.7373e+02	-1.0404e+02	-2.7548e+02	-1.5490e+03	-3.5413e+02	8.9853e+02	-4.8213e+02	-1.5864e+02	5.6284e+02	-1.5737e+03	9.2649e+02	-1.0236e+03	-2.2949e+03	8.0078e+02	7.7081e+02	-4.0961e+02	-4.4925e+02	-1.0569e+01	-2.3258e+02	8.3689e+02	-5.9960e+02	-1.5189e+03	-1.8593e+03	-1.9102e+03	-3.7134e+02	-1.4541e+03	-1.5337e+03	-1.1451e+03	7.9749e+01	3.4799e+02	-5.5380e+02	3.1978e+02	1.7711e+02	5.4302e+02	4.9974e+02	-4.3433e+02	-9.1532e+01	1.7166e+02	-1.0930e+03	-1.2686e+03	-4.4848e+02	-2.2003e+03	4.4542e+02	1.4244e+00	-1.3652e+02	-5.7119e+02	7.1709e+02	7.6120e+02	1.6559e+03	3.7797e+02	-2.1380e+00	-3.7260e+02	-1.1083e+03	-8.1566e+02	-8.7422e+02	-4.2781e+02	-8.4508e+01	-1.0858e+03	-1.4834e+02	2.7048e+02	-1.8074e+03	9.2371e+01	-5.0852e+02	-3.7273e+01	4.6264e+02	-1.2202e+03	-3.7840e+02	-4.9733e+02	-1.3014e+03	-2.3558e+02	-5.8965e+02	-7.0752e+00	-9.1221e+02	4.6566e+02	9.9710e+02	-3.9649e+02	-4.5965e+01	-6.8797e+02	-3.3991e+02	-2.2438e+03	2.2209e+02	6.4546e+02	-5.6479e+02	-8.1960e+02	-3.3355e+02	-8.2480e+02	2.9214e+02	-1.7544e+03	1.1040e+03	-7.7215e+02	-5.3776e+01	6.1205e+02	-1.7022e+02	-1.4729e+02	5.1810e+02	1.5673e+03	2.3880e+03	-1.1443e+03	7.4734e+02	-1.0645e+03	2.0621e+02	1.7218e+03	-1.6778e+02	3.0348e+02	-1.0660e+02	-1.2018e+03	-2.8878e+02	9.4066e+02	-5.0605e+02	-8.0822e+02	-8.2541e+02	-1.0446e+03	-1.3338e+02	9.8985e+02	1.8448e+02	7.5509e+02	8.6101e+02	-6.0234e+02	2.1220e+02	1.2872e+03	-2.8732e+02	-8.0582e+02	-9.4196e+02	7.4011e+02	2.6300e+02	1.5618e+03	-1.6229e+02	8.1003e+02	1.1153e+03	1.9263e+02	-9.2819e+02	-1.3957e+02	-1.3431e+03	-1.0187e+03	-4.2721e+02	-1.2102e+03	8.7177e+02	-2.0080e+03	-2.9021e+03	2.1860e+02	2.0437e+02	7.6243e+02
1.4000e+05	1.2634e+03	1.9941e+03	8.0687e+02	1.9309e+02	1.8332e+03	-3.0368e+02	1.1289e+02	1.0176e+03	2.2127e+02	-1.7935e+03	4.7041e+02	1.5120e+03	1.5507e+03	2.6594e+03	3.1492e+02	-2.9641e+03	5.4067e+02	6.6199e+02	-5.5279e+02	-1.4809e+03	2.0818e+03	1.5649e+03	-8.9573e+02	3.6419e+02	9.6406e+02	-1.1166e+03	-2.1734e+02	1.3314e+03	7.3031e+02	1.6041e+03	-5.3024e+02	-9.2480e+02	-1.2622e+03	7.3395e+02	7.7747e+02	1.8556e+03	-5.8125e+02	2.1118e+03	-1.1762e+03	1.4504e+03	-1.5903e+03	-4.9391e+02	1.1747e+03	-1.7483e+03	2.8686e+03	3.4798e+02	-9.1758e+02	-2.3998e+03	-1.4195e+03	1.4499e+03	2.2613e+03	-3.2245e+03	-2.2576e+03	1.2532e+03	-1.3558e+03	1.3570e+02	-6.7138e+02	-1.9402e+03	-2.4334e+03	2.4885e+03	2.1631e+03	3.5949e+02	1.7255e+03	-2.4133e+03	-9.0377e+02	4.1515e+02	-6.8232e+02	1.7592e+03	-4.7914e-01	-1.8505e+03	2.7529e+03	1.3210e+02	9.1285e+02	-1.9842e+02	-1.1739e+03	-8.1977e+02	4.3461e+02	4.0557e+02	2.3023e+03	2.9893e+02	1.5784e+03	1.9834e+02	1.5416e+03	-7.0742e+02	-4.3438e+02	1.7981e+03	5.2179e+02	4.4862e+02	1.0609e+03	-1.9794e+02	1.0790e+03	-2.3839e+03	-7.3802e+02	-5.5143e+01	1.8911e+03	-1.8069e+02	-7.7432e+02	2.6099e+03	-1.0999e+03	4.3194e+02	-7.3385e+02	4.7617e+02	-1.6247e+02	-1.7744e+02	3.5807e+02	1.7506e+03	1.6163e+03	-2.2862e+02	4.1979e+02	-3.9200e+02	-1.3539e+03	-2.2787e+02	-1.3015e+03	1.1605e+03	-1.6779e+03	-4.3398e+02	-1.7451e+02	-3.1690e+03	2.3223e+02	2.5346e+03	2.9683e+02	-1.6855e+02	9.9845e+01	-2.5575e+02	1.8202e+00	-1.8559e+02	2.8028e+02	8.1406e+02	-3.0461e+03	-9.8388e+02	1.7124e+02	-1.0973e+03	-2.2576e+03	-5.2285e+02	-5.2487e+02	-2.0566e+02	-1.2318e+03	-6.3847e+02	-1.3232e+03	9.0945e+02	-2.2239e+02	1.1185e+03	1.5112e+03	1.5049e+03	-4.2084e+02	-1.1391e+03	-8.1440e+02	-4.1149e+03	3.8160e+02	1.1218e+03	-4.9474e+02	-3.3890e+03	-1.3365e+03	-1.4515e+03	9.8355e+02	1.4198e+03	-1.6288e+03	-1.0606e+03	-5.7496e+02	-3.3931e+02	1.2083e+03	-4.3533e+02	-5.1645e+02	-5.2587e+02	1.5331e+02	7.7089e+02	-7.1120e+02	1.0293e+03	-9.6921e+02	-1.4518e+03	-2.5268e+03	9.9661e+02	9.6568e+01	2.0401e+03	-1.4945e+03	3.4205e+02	-8.8515e+02	2.9183e+03	-4.0560e+02	2.3284e+03	-1.4721e+03	2.4399e+03	-2.2455e+03	9.7379e+01	6.2750e+02	-5.2660e+02	1.3791e+03	1.2926e+03	-1.9703e+02	-2.5262e+03	-9.9331e+02	-2.1816e+02	-6.6632e+01	2.7802e+03	-2.0989e+03	5.9920e+02	-2.0252e+03	1.6172e+03	5.4929e+02	1.8043e+03
1.6000e+05	-2.6619e+03	4.3191e+02	1.0115e+03	-1.7034e+02	-6.4736e+02	-1.0856e+03	-9.9642e+01	1.0151e+03	-8.0626e+02	-1.2690e+03	-4.7465e+02	-5.1800e+02	-1.3877e+03	-9.4019e+01	1.9675e+02	-2.7545e+03	-2.5117e+03	-9.6174e+02	3.4431e+02	-1.0665e+03	9.2210e+02	9.7056e+01	5.6637e+02	-6.2200e+02	-9.1695e+02	-2.3142e+03	-8.1280e+02	1.2041e+02	-4.3029e+01	3.3710e+02	-2.2181e+03	-6.1490e+02	5.7330e+02	1.8812e+02	-1.0548e+02	-9.8201e+02	2.4763e+02	-2.2944e+02	-6.8053e+02	-1.6744e+03	-1.7133e+03	-4.4897e+02	1.1869e+03	-9.6400e+02	-2.2687e+02	-8.8764e+02	4.6969e+02	3.3881e+02	-1.0584e+03	-8.7771e+02	-1.0706e+03	-6.9926e+02	6.1141e+02	2.5964e+03	-1.4498e+03	-3.7242e+02	8.1060e+02	1.0797e+03	3.7843e+02	-2.4000e+02	-4.5456e+02	-2.3510e+03	-6.1610e+02	6.8721e+02	9.7220e+01	-5.1179e+02	7.6018e+02	-1.0039e+03	1.1433e+03	-9.5825e+02	-2.1386e+03	5.9214e+02	8.6590e+02	-4.3630e+01	-3.9364e+02	-2.3244e+01	6.7290e+02	1.3594e+02	-4.8272e+02	-1.5978e+03	-2.2364e+03	-2.0468e+03	-8.8956e+01	-1.2925e+03	-1.8019e+03	-1.1468e+03	-4.3733e+02	5.7784e+02	-4.3614e+01	-5.9299e+02	2.4863e+02	7.7241e+02	-7.5861e+01	-4.7488e+02	-2.1784e+02	3.2644e+02	-1.1940e+03	-7.6560e+02	-1.9128e+02	-2.7288e+03	8.0938e+02	-1.3252e+02	-3.3757e+02	-5.4158e+02	3.1544e+02	7.7796e+02	1.7625e+03	5.6765e+02	-3.9897e+01	-4.3348e+02	-1.3138e+03	-7.7662e+02	-1.2578e+03	-1.0978e+02	6.8213e+01	-1.4613e+03	1.0912e+01	2.0275e+02	-1.8177e+03	5.4311e+01	-7.7987e+02	-1.0061e+02	7.2222e+02	-9.9698e+02	-1.9772e+02	-7.8354e+02	-5.1982e+02	-2.7078e+02	-8.4276e+02	4.2042e+02	-5.3814e+02	7.3062e+02	1.0138e+03	-9.5103e+01	-1.9235e+02	-5.2324e+02	-8.5482e+02	-3.1056e+03	-3.2826e+02	9.2262e+02	-4.0048e+02	-1.0870e+03	-7.1046e+02	-8.6101e+02	9.0927e+02	-1.5733e+03	1.2061e+03	-1.5058e+03	-2.4962e+02	7.0751e+02	-5.3593e+02	-5.7581e+01	9.2635e+02	9.1643e+02	3.0206e+03	-1.2321e+03	6.0884e+02	-1.2772e+03	-3.0271e+02	2.0946e+03	-1.3548e+02	9.6672e+02	-2.6003e+02	-1.1336e+03	-3.3421e+02	1.3275e+03	-2.6314e+02	-1.4328e+03	-6.2681e+02	-1.3232e+03	2.4109e+02	1.1189e+03	7.0857e+02	1.0759e+03	1.2612e+03	-2.1817e+02	-9.4377e+01	1.9451e+03	-2.9900e+02	-1.0013e+03	-1.4633e+03	2.0468e+02	-4.6306e+02	1.7695e+03	-4.8569e+02	4.5640e+02	1.4109e+03	3.3756e+02	-6.5072e+02	-1.7255e+02	-9.6072e+02	-5.3391e+02	-8.5356e+02	-6.7870e+02	9.8195e+02	-1.8566e+03	-2.5735e+03	3.0515e+02	2.4808e+02	9.0646e+02
1.6000e+05	2.9270e+02	2.0232e+03	1.5003e+03	3.9439e+02	1.1208e+03	1.4283e+02	4.4114e+02	5.1458e+02	-6.5977e+01	-9.9730e+02	1.3557e+03	-1.2822e+02	1.8720e+03	3.1519e+03	-3.5309e+01	-3.7952e+03	7.5224e+02	1.4443e+02	-4.7401e+02	-5.8316e+02	2.1768e+03	1.3379e+03	-9.8126e+02	1.0439e+03	1.5872e+03	-9.6660e+02	-1.1142e+03	1.4010e+03	3.5155e+02	1.7656e+03	-7.7151e+02	-4.6444e+02	-1.2687e+03	3.3361e+02	1.2099e+03	1.7975e+03	4.8534e+02	2.4512e+03	-1.6956e+03	-1.2999e+01	-3.2028e+02	-1.1923e+03	1.5295e+03	-1.5360e+03	2.7559e+03	2.2983e+02	-1.4690e+03	-2.9378e+03	-6.6349e+02	2.7055e+03	3.3565e+03	-3.4477e+03	-3.7090e+03	1.2715e+03	-1.6722e+03	4.0661e+02	-3.7804e+02	-1.9227e+03	-1.4623e+03	2.8115e+03	2.4023e+03	5.2967e+02	1.6420e+03	-3.0112e+03	-1.5100e+03	7.9033e+02	-2.0362e+01	1.6093e+03	-3.7360e+02	-1.7146e+03	3.1415e+03	3.1384e+02	7.3677e+01	-1.5377e+02	-8.7081e+02	-6.5821e+02	1.9142e+03	1.4829e+03	1.5490e+03	1.9394e+02	1.2737e+03	1.0657e+03	1.6645e+03	-1.1410e+03	-7.9062e+02	1.6447e+03	9.0962e+02	-5.5606e+02	1.2360e+03	4.2575e+02	2.2185e+03	-2.9297e+03	-5.9698e+02	8.0810e+02	1.6455e+03	-7.6188e+02	-1.0179e+03	2.6272e+03	-1.0514e+03	-2.7890e+02	-8.3597e+02	9.7648e+02	-1.1920e+02	-2.2474e+02	1.1099e+02	1.8064e+03	4.3227e+02	-2.7571e+02	3.6924e+02	-5.3659e+02	-2.2158e+03	5.9004e+01	-1.6515e+03	6.7933e+02	-1.0502e+03	-7.5862e+02	-4.2570e+02	-3.2204e+03	3.8445e+02	2.1997e+03	-1.6724e+02	6.0067e+02	3.7124e+01	1.9918e+02	1.4181e+02	1.3923e+03	-6.3402e+02	2.9896e+02	-1.9049e+03	-5.9387e+02	1.6026e+03	-4.6903e+02	-2.3488e+03	-2.4018e+02	-6.8897e+02	7.8232e+01	-8.7806e+02	-2.1201e+02	-1.6070e+03	1.6442e+03	-5.7478e+02	1.8760e+03	1.3634e+03	2.1761e+03	5.0485e+02	-1.5486e+03	1.2949e+01	-4.6917e+03	-4.2911e+02	1.1118e+03	-5.1386e+02	-3.8257e+03	-1.4503e+03	-1.1676e+03	1.3139e+03	1.0771e+03	-1.3280e+03	-4.3090e+02	-3.7542e+02	5.7527e+02	7.3101e+02	9.5208e+01	3.5100e+02	-4.5043e+02	1.0965e+03	8.5966e+02	-1.0508e+03	1.1116e+03	-7.0972e+02	-1.1207e+03	-2.6307e+03	3.2601e+02	-9.8123e+02	2.3420e+03	-2.1064e+03	1.9353e+02	-1.0287e+03	2.8402e+03	-1.0582e+03	2.5603e+03	-1.3672e+03	2.5667e+03	-2.8165e+03	-7.7317e+02	4.7072e+02	-3.3201e+02	9.0495e+02	1.7096e+03	-1.7809e+02	-3.4979e+03	-6.3997e+02	2.3293e+02	9.4576e+01	3.3031e+03	-2.6792e+03	-3.7709e+01	-3.5485e+02	1.5099e+03	2.0374e+03	1.7697e+03
1.8000e+05	-2.5727e+03	6.2440e+02	4.4395e+02	2.9624e+02	-6.3752e+02	-4.9947e+02	5.9547e+02	1.0648e+03	-6.1404e+02	-1.5600e+03	-1.1683e+03	-4.0442e+02	-1.2992e+03	-2.7617e+00	6.7799e+02	-2.7913e+03	-2.1381e+03	-1.1472e+03	2.2755e+02	-1.4384e+03	1.1302e+03	-2.4582e+02	7.5222e+02	-8.3090e+02	-1.2318e+03	-1.9932e+03	-1.0148e+03	-4.4777e+02	2.5879e+02	-3.9380e+02	-2.1779e+03	-1.1153e+03	6.3455e+02	3.0515e+02	1.5740e+02	-9.7786e+02	1.9441e+02	-1.7140e+02	-1.4587e+01	-1.6138e+03	-1.6894e+03	-2.0368e+02	1.6625e+03	-1.1591e+03	-1.4926e+02	-9.2473e+02	9.2956e+02	4.2050e+01	-7.5617e+02	-6.4232e+02	-1.4614e+03	-3.2662e+02	2.7901e+02	2.9253e+03	-2.0451e+03	-8.6326e+02	9.3585e+02	1.0239e+03	4.1110e+02	-4.1399e+02	-2.8122e+02	-2.7001e+03	-4.8665e+02	2.7968e+02	2.1593e+02	-9.3770e+02	8.6390e+02	-5.3175e+02	3.9946e+02	-4.8595e+02	-2.1204e+03	2.3899e+02	7.9372e+02	2.2046e+00	-1.9617e+01	1.1545e+02	6.8145e+02	4.8478e+02	-7.6620e+02	-1.2370e+03	-2.1390e+03	-2.5848e+03	1.1172e+02	-3.0459e+02	-1.3675e+03	-1.0415e+03	-8.5809e+02	1.6885e+02	-6.5809e+02	-8.7380e+02	4.0785e+02	7.2476e+02	-1.7653e+02	-4.2180e+02	1.6183e+02	2.2555e+02	-7.9709e+02	-1.1244e+03	5.3098e+01	-2.2349e+03	8.0873e+02	2.8590e+02	-3.9872e+02	-2.0433e+02	4.7356e+02	1.4840e+02	1.9971e+03	1.0623e+03	-4.1138e+02	-5.6988e+02	-1.1498e+03	-5.7029e+02	-1.5872e+03	-4.8912e+02	3.4516e+02	-1.4404e+03	-6.0825e+00	7.2174e+01	-1.6675e+03	-1.3686e+02	-1.8497e+02	-6.5421e+02	3.2775e+02	-4.8793e+02	-5.0583e+02	-7.3604e+02	6.2702e+01	-4.6738e+02	-7.1162e+02	4.8146e+02	-1.5668e+01	6.6880e+02	9.3398e+02	1.8373e+02	-3.4091e+02	-6.0544e+02	-5.0331e+02	-2.3541e+03	-1.7181e+02	5.3179e+02	-1.5777e+02	-6.3827e+02	-2.7763e+02	-4.0067e+01	6.0160e+02	-1.6508e+03	1.3348e+03	-1.9296e+03	-6.1794e+02	8.8016e+02	-4.6991e+02	-4.2427e+01	1.9351e+03	1.3926e+03	2.9487e+03	-1.3919e+03	8.9305e+01	-1.4530e+03	1.2359e+02	1.6380e+03	-4.1685e+02	5.4827e+02	5.7054e+02	-7.9537e+02	-6.7116e+02	9.5566e+02	2.0209e+02	-1.6259e+03	-9.5652e+02	-9.3533e+02	5.8794e+01	9.9195e+02	2.9379e+02	6.7988e+02	1.3472e+03	-4.0957e+02	-8.2450e+01	2.2037e+03	6.0995e+02	-1.0565e+03	-1.2053e+03	6.2897e+02	-3.1049e+02	2.3955e+03	-3.8091e+02	2.6806e+02	1.7203e+03	4.9746e+02	-5.4194e+02	-6.1113e+02	-9.8669e+02	-9.4078e+02	-1.0064e+03	-4.8211e+02	1.0224e+03	-1.5552e+03	-2.0482e+03	-3.7781e+02	-5.4078e+02	1.2287e+03
1.8000e+05	9.8697e+02	2.3789e+03	2.4713e+03	6.6505e+02	1.0497e+03	1.0472e+03	1.0471e+03	1.2550e+03	3.3243e+00	-3.0622e+01	1.7730e+03	-1.2108e+02	2.1256e+03	2.8335e+03	-1.6593e+02	-3.1233e+03	-5.5710e+02	-3.6923e+01	-1.3473e+03	-1.1593e+03	1.1695e+03	1.4936e+03	6.4150e+02	1.3987e+03	9.2148e+02	-1.2776e+03	-2.0044e+02	1.6598e+03	1.3806e+02	1.6721e+03	-6.0300e+02	-1.6547e+03	-2.8354e+03	4.1389e+02	2.2643e+03	1.8705e+03	8.4373e+02	2.6160e+03	-8.5263e+02	1.3056e+02	-9.5756e+02	-1.8115e+03	1.1109e+03	-1.7045e+03	3.2759e+03	-9.0654e+01	-1.5123e+03	-2.1479e+03	-1.3932e+03	3.3161e+03	3.8650e+03	-2.8776e+03	-3.5824e+03	7.4088e+02	-1.3493e+03	9.2425e+02	-9.8513e+02	-1.7978e+03	-1.3855e+03	2.4699e+03	2.2713e+03	-1.6433e+02	6.5042e+02	-2.7369e+03	-1.7861e+03	8.4159e+01	4.7749e+02	-3.6574e+02	-4.3339e+01	-7.6096e+02	3.4012e+03	-6.6340e+02	7.1955e+02	-9.4693e+02	-1.2738e+03	-4.4101e+02	2.2742e+03	1.6658e+03	1.4118e+03	1.2716e+03	1.3638e+03	1.1215e+03	2.0995e+03	-1.8934e+03	-1.0397e+03	2.2929e+03	4.8810e+02	-4.1509e+02	2.6220e+03	1.1950e+03	1.4027e+03	-3.0827e+03	-7.2002e+02	4.4760e+02	2.3786e+03	-8.9609e+02	-6.3501e+02	3.2206e+03	1.7707e+02	1.0774e+03	-8.1896e+02	3.7909e+02	-6.7289e+02	5.1882e+01	9.7404e+01	2.1768e+03	-2.1633e+01	-1.6021e+02	2.3942e+02	-5.0502e+02	-2.6656e+03	-3.3700e+01	-1.4845e+03	7.4176e+02	-1.4408e+03	-6.3308e+02	-3.8362e+01	-3.7910e+03	3.4496e+02	2.5851e+03	9.2859e+01	1.3526e+03	9.3834e+02	-3.6960e+02	2.5803e+02	1.2685e+03	-8.8860e+02	3.0380e+01	-2.9669e+03	6.0609e+02	1.1447e+03	7.0742e+01	-2.8879e+03	-1.6383e+02	2.0511e+02	4.0304e+02	-1.1545e+02	-6.1913e+02	-8.6133e+02	5.0156e+02	-4.6553e+02	2.3187e+03	1.0615e+03	1.1485e+03	2.0538e+03	-2.2562e+03	5.1338e+02	-4.6439e+03	-1.2324e+03	1.4100e+03	-6.9303e+02	-3.6679e+03	-8.1234e+02	-1.6862e+03	1.2936e+03	-1.4316e+01	-1.0519e+03	-7.4543e+02	-1.9856e+02	4.9645e+02	1.7850e+03	5.0735e+02	-1.0022e+03	1.8619e+02	1.5986e+03	3.3801e+02	-1.2723e+03	8.1899e+02	1.8314e+02	-2.1343e+02	-2.0877e+03	7.2727e+02	-1.2465e+03	1.7219e+03	-9.1065e+02	1.0026e+03	-8.7795e+02	3.0057e+03	-5.8730e+02	2.4661e+03	-1.6582e+03	2.4105e+03	-2.8061e+03	-3.6793e+02	6.9015e+02	-8.4061e+02	4.8894e+02	2.2948e+03	-3.3386e+02	-4.3695e+03	-4.0705e+02	5.6818e+02	-9.5353e+02	2.6941e+03	-1.5913e+03	-1.4180e+03	6.1160e+02	1.7144e+03	1.5519e+03	1.2165e+03
2.0000e+05	-2.1335e+03	-9.5970e+01	8.3446e+02	5.6058e+02	-7.4280e+02	-7.2505e+02	1.0458e+03	1.3989e+03	-7.4722e+02	-1.9986e+03	-1.8594e+03	-2.7489e+02	-1.0658e+03	8.2633e+01	1.1579e+03	-3.6236e+03	-2.0310e+03	-1.3314e+03	5.3338e+02	-1.3762e+03	1.0460e+03	-2.0570e+02	7.4883e+02	-1.2519e+03	-1.4955e+03	-1.6732e+03	-9.2969e+02	-5.0869e+02	4.5109e+02	-3.5476e+02	-2.1478e+03	-1.1674e+03	6.1408e+02	3.8525e+02	-6.1558e+01	-7.8172e+02	-2.1207e+02	6.9761e+02	-4.6899e+02	-1.9410e+03	-1.6669e+03	-2.0190e+02	1.4858e+03	-1.3153e+03	-2.2292e+02	-6.4828e+02	5.9720e+02	-3.0708e+02	-1.0321e+03	-7.6936e+02	-1.9134e+03	-4.6758e+02	7.3220e+02	3.3530e+03	-1.9761e+03	-6.7803e+02	8.2609e+02	1.0106e+03	4.5072e+02	-3.0266e+02	4.1178e+02	-2.8901e+03	-1.5876e+02	5.2276e+01	1.7906e+02	-4.5757e+02	8.2341e+02	-5.1880e+02	-2.2933e+02	-8.7385e+02	-2.2534e+03	6.2760e+02	5.5670e+02	-5.2997e+02	-1.9867e+01	6.0338e+02	5.8060e+02	2.4610e+02	-1.2299e+03	-1.5791e+03	-2.9675e+03	-2.5791e+03	2.1058e+02	-6.1305e+02	-1.1821e+03	-1.3683e+03	-8.1743e+02	1.4225e+02	-6.2362e+02	-2.4422e+01	5.0560e+02	8.7577e+02	-8.2237e+02	-5.7505e+02	-3.6285e+02	3.4736e+02	-9.8264e+02	-5.9725e+02	2.3641e+02	-2.3916e+03	1.6679e+03	5.1214e+02	-5.1010e+02	2.4029e+02	8.4321e+02	-1.1589e+02	2.1483e+03	1.3982e+03	-7.8528e+02	-9.5822e+02	-1.4848e+03	-3.8392e+02	-1.7672e+03	5.3952e+01	2.1665e+02	-1.8604e+03	7.3258e+02	-1.0710e+02	-1.3808e+03	-4.1088e+02	5.4059e+02	-7.3573e+02	6.9754e+02	-1.3929e+02	-1.0404e+03	-8.0549e+02	-1.4108e+02	-6.8363e+02	-7.1192e+02	-1.3425e+02	-6.5705e+02	3.3834e+02	9.5475e+02	-1.8459e+02	-1.3343e+02	-4.1134e+02	3.3400e+02	-2.1018e+03	-4.9496e+02	4.9637e+02	1.0544e+02	-2.1974e+02	2.3249e+02	1.5610e+01	4.4766e+02	-1.7903e+03	6.4815e+02	-2.4463e+03	-6.7720e+01	9.9833e+02	-4.9068e+02	2.4548e+02	1.9490e+03	1.9294e+03	3.4652e+03	-9.8824e+02	2.3016e+02	-1.7170e+03	4.3646e+02	2.1218e+03	-8.6661e+01	6.0310e+02	1.7764e+02	-1.0477e+03	-6.6736e+02	8.5155e+02	-8.0352e+02	-1.0808e+03	-8.6339e+02	-9.6833e+02	-4.0063e+02	3.2953e+02	1.8335e+02	6.9586e+02	1.3623e+03	-6.3940e+02	-4.8925e+01	2.1813e+03	7.3167e+02	-1.0824e+03	-8.5245e+02	7.6998e+02	-6.7426e+02	2.7312e+03	-3.9456e+02	4.7144e+02	1.3853e+03	4.5277e+02	-5.3393e+02	-3.1524e+02	-1.3783e+03	-7.4840e+02	-1.7325e+03	-2.2853e+01	9.5840e+02	-2.2039e+03	-2.6452e+03	-2.2008e+01	-5.4014e+02	5.5586e+02
2.0000e+05	1.9941e+02	1.8777e+03	2.2808e+03	1.6652e+03	1.7512e+03	8.9817e+02	2.3992e+02	1.3160e+03	-3.6402e+02	4.9737e+02	2.5240e+03	-1.5052e+02	2.0012e+03	3.3631e+03	-4.3329e+01	-3.2376e+03	-6.1767e+02	6.2923e+02	-1.8745e+03	-9.2865e+02	1.0273e+03	1.8307e+03	2.0013e+02	1.7700e+03	1.1534e+03	-8.9768e+02	-4.9973e+02	1.1715e+03	7.6531e+02	2.2838e+03	-2.3380e+02	-1.3025e+03	-2.4581e+03	-9.9254e+01	2.7054e+03	1.6159e+03	-1.1877e+01	3.3519e+03	-9.2835e+02	2.9350e+02	-5.8418e+02	-1.9555e+03	-1.8263e+02	-1.5307e+03	3.0242e+03	5.2086e+02	-1.2273e+03	-1.8879e+03	-1.4152e+03	3.4271e+03	3.4741e+03	-2.6715e+03	-3.9892e+03	6.1050e+02	-1.8218e+03	1.4615e+03	-1.9713e+03	-2.5338e+03	-1.5814e+03	2.8796e+03	3.4267e+03	-2.8446e+02	-1.7515e+02	-2.2555e+03	-1.0663e+03	7.2882e+02	7.7692e+02	-5.2197e+02	7.5061e+02	-3.8776e+02	3.7124e+03	-9.9187e+02	1.8983e+03	-1.2740e+03	-1.2386e+03	-1.1959e+03	1.3297e+03	1.6479e+03	2.4422e+03	2.7328e+02	1.0156e+03	2.2305e+03	1.6417e+03	-1.9437e+03	-1.4409e+03	2.4476e+03	8.2939e+01	-3.4792e+02	2.5036e+03	1.5509e+03	1.5401e+03	-3.5557e+03	-1.4060e+03	2.4029e+01	7.8814e+02	-1.7593e+03	-1.2112e+03	3.1659e+03	6.5845e+02	1.1035e+03	-2.1450e+03	8.4210e+02	-1.0364e+03	-1.3360e+02	-1.1927e+03	2.6584e+03	-5.5852e+02	-1.2379e+03	5.6609e+02	3.9559e+02	-2.6299e+03	8.7433e+02	-1.6665e+03	1.3747e+03	-4.4283e+02	-4.2451e+02	-7.1964e+02	-4.6011e+03	3.7041e+02	4.3747e+03	-1.6622e+02	1.8463e+03	1.0574e+03	1.0193e+02	6.9990e+02	5.2992e+02	-3.2077e+02	2.9597e+02	-4.2044e+03	6.1651e+02	1.4104e+03	6.7352e+02	-1.8888e+03	-4.0619e+02	-4.1309e+02	2.2488e+02	-1.0555e+03	-1.0563e+03	-6.2813e+02	-2.0896e+02	-1.6130e+02	2.3029e+03	2.3244e+02	1.1510e+03	1.8091e+03	-1.7441e+03	1.2771e+03	-5.1755e+03	3.4631e+01	1.4490e+03	-1.0784e+03	-4.2494e+03	-1.2227e+03	-1.0205e+03	2.2500e+03	-1.6131e+02	-1.4225e+03	-1.9091e+02	1.6092e+02	3.3122e+02	1.8460e+03	6.0384e+00	-5.5187e+02	-6.9808e+02	1.5872e+03	9.9570e+02	-1.7980e+03	1.4491e+03	-1.2119e+02	-8.4295e+02	-2.9790e+03	1.4739e+02	-1.0524e+03	1.1187e+03	-4.7206e+02	8.1687e+01	-1.2028e+03	3.2182e+03	-8.4362e+02	2.4406e+03	-1.7249e+03	2.9502e+03	-2.4027e+03	-2.9276e+02	1.4948e+03	-8.1536e+02	7.0173e+02	2.2595e+03	-1.1894e+03	-4.6741e+03	-3.9107e+02	7.9376e+02	-8.3042e+02	2.2986e+03	-1.7706e+03	-2.5882e+03	-2.3739e+02	1.1769e+03	1.3097e+03	-1.3927e+01
