2.0000e+05	8.5950e+04
2.0000e+05	8.6209e+04
2.0000e+05	8.6081e+04
2.0000e+05	8.7583e+04
2.0000e+05	8.7822e+04
2.0000e+05	8.8455e+04
2.0000e+05	9.0017e+04
2.0000e+05	9.1212e+04
2.0000e+05	9.2012e+04
2.0000e+05	9.3826e+04
2.0000e+05	9.5835e+04
2.0000e+05	9.7094e+04
2.0000e+05	9.9311e+04
2.0000e+05	1.0066e+05
2.0000e+05	1.0284e+05
2.0000e+05	1.0452e+05
2.0000e+05	1.0678e+05
2.0000e+05	1.0930e+05
2.0000e+05	1.1054e+05
2.0000e+05	1.1280e+05
2.0000e+05	1.1397e+05
2.0000e+05	1.1567e+05
2.0000e+05	1.1654e+05
2.0000e+05	1.1720e+05
2.0000e+05	1.1605e+05
2.0000e+05	1.1515e+05
2.0000e+05	1.1413e+05
2.0000e+05	1.1432e+05
2.0000e+05	1.1502e+05
2.0000e+05	1.1424e+05
2.0000e+05	1.1539e+05
2.0000e+05	1.1525e+05
2.0000e+05	1.1481e+05
2.0000e+05	1.1495e+05
2.0000e+05	1.1484e+05
2.0000e+05	1.1458e+05
2.0000e+05	1.1459e+05
2.0000e+05	1.1503e+05
2.0000e+05	1.1486e+05
2.0000e+05	1.1453e+05
2.0000e+05	1.1436e+05
2.0000e+05	1.1485e+05
2.0000e+05	1.1454e+05
2.0000e+05	1.1415e+05
2.0000e+05	1.1450e+05
2.0000e+05	1.1408e+05
2.0000e+05	1.1436e+05
2.0000e+05	1.1414e+05
2.0000e+05	1.1402e+05
2.0000e+05	1.1400e+05
2.0000e+05	1.1427e+05
2.0000e+05	1.1324e+05
2.0000e+05	1.1319e+05
2.0000e+05	1.1351e+05
2.0000e+05	1.1329e+05
2.0000e+05	1.1309e+05
2.0000e+05	1.1329e+05
2.0000e+05	1.1316e+05
2.0000e+05	1.1234e+05
2.0000e+05	1.1268e+05
2.0000e+05	1.1212e+05
2.0000e+05	1.1200e+05
2.0000e+05	1.1195e+05
2.0000e+05	1.1158e+05
2.0000e+05	1.1144e+05
2.0000e+05	1.1196e+05
2.0000e+05	1.1063e+05
2.0000e+05	1.1039e+05
2.0000e+05	1.1029e+05
2.0000e+05	1.1071e+05
2.0000e+05	1.1014e+05
2.0000e+05	1.1007e+05
2.0000e+05	1.0937e+05
2.0000e+05	1.0969e+05
2.0000e+05	1.0944e+05
2.0000e+05	1.0912e+05
2.0000e+05	1.0924e+05
2.0000e+05	1.0821e+05
2.0000e+05	1.0813e+05
2.0000e+05	1.0813e+05
2.0000e+05	1.0808e+05
2.0000e+05	1.0770e+05
2.0000e+05	1.0703e+05
2.0000e+05	1.0672e+05
2.0000e+05	1.0686e+05
2.0000e+05	1.0615e+05
2.0000e+05	1.0632e+05
2.0000e+05	1.0576e+05
2.0000e+05	1.0607e+05
2.0000e+05	1.0511e+05
2.0000e+05	1.0502e+05
2.0000e+05	1.0450e+05
2.0000e+05	1.0453e+05
2.0000e+05	1.0396e+05
2.0000e+05	1.0353e+05
2.0000e+05	1.0381e+05
2.0000e+05	1.0326e+05
2.0000e+05	1.0341e+05
2.0000e+05	1.0266e+05
2.0000e+05	1.0213e+05
2.0000e+05	1.0225e+05
2.0000e+05	1.0221e+05
2.0000e+05	1.0139e+05
2.0000e+05	1.0178e+05
2.0000e+05	1.0116e+05
2.0000e+05	1.0073e+05
2.0000e+05	1.0086e+05
2.0000e+05	1.0066e+05
2.0000e+05	1.0042e+05
2.0000e+05	9.9812e+04
2.0000e+05	9.9663e+04
2.0000e+05	9.9415e+04
2.0000e+05	9.9018e+04
2.0000e+05	9.8595e+04
2.0000e+05	9.8133e+04
2.0000e+05	9.7788e+04
2.0000e+05	9.8024e+04
2.0000e+05	9.7521e+04
2.0000e+05	9.8129e+04
2.0000e+05	9.7593e+04
2.0000e+05	9.6914e+04
2.0000e+05	9.6554e+04
2.0000e+05	9.6391e+04
2.0000e+05	9.6206e+04
2.0000e+05	9.6317e+04
2.0000e+05	9.5620e+04
2.0000e+05	9.5494e+04
2.0000e+05	9.4911e+04
2.0000e+05	9.5232e+04
2.0000e+05	9.4652e+04
2.0000e+05	9.4711e+04
2.0000e+05	9.4187e+04
2.0000e+05	9.3966e+04
2.0000e+05	9.4018e+04
2.0000e+05	9.3896e+04
2.0000e+05	9.3014e+04
2.0000e+05	9.3123e+04
2.0000e+05	9.2875e+04
2.0000e+05	9.2621e+04
2.0000e+05	9.2738e+04
2.0000e+05	9.2699e+04
2.0000e+05	9.2625e+04
2.0000e+05	9.1981e+04
2.0000e+05	9.1973e+04
2.0000e+05	9.2003e+04
2.0000e+05	9.1137e+04
2.0000e+05	9.1114e+04
2.0000e+05	9.0954e+04
2.0000e+05	9.1208e+04
2.0000e+05	9.0382e+04
2.0000e+05	9.0775e+04
2.0000e+05	8.9880e+04
2.0000e+05	9.0560e+04
2.0000e+05	9.0126e+04
2.0000e+05	8.9611e+04
2.0000e+05	8.9454e+04
2.0000e+05	8.9298e+04
2.0000e+05	8.9689e+04
2.0000e+05	8.9613e+04
2.0000e+05	8.9566e+04
2.0000e+05	8.8765e+04
2.0000e+05	8.9070e+04
2.0000e+05	8.8165e+04
2.0000e+05	8.8846e+04
2.0000e+05	8.8160e+04
2.0000e+05	8.8579e+04
2.0000e+05	8.8258e+04
2.0000e+05	8.8371e+04
2.0000e+05	8.8195e+04
2.0000e+05	8.7811e+04
2.0000e+05	8.7425e+04
2.0000e+05	8.7832e+04
2.0000e+05	8.7496e+04
2.0000e+05	8.7444e+04
2.0000e+05	8.7051e+04
2.0000e+05	8.7048e+04
2.0000e+05	8.7357e+04
2.0000e+05	8.7228e+04
2.0000e+05	8.7237e+04
2.0000e+05	8.6622e+04
2.0000e+05	8.6510e+04
2.0000e+05	8.6036e+04
2.0000e+05	8.6655e+04
2.0000e+05	8.6806e+04
2.0000e+05	8.7176e+04
2.0000e+05	8.6442e+04
2.0000e+05	8.6557e+04
2.0000e+05	8.6587e+04
2.0000e+05	8.6449e+04
2.0000e+05	8.5849e+04
2.0000e+05	8.6493e+04
2.0000e+05	8.6318e+04
2.0000e+05	8.5852e+04
2.0000e+05	8.6529e+04
2.0000e+05	8.6394e+04
2.0000e+05	8.6363e+04
2.0000e+05	8.5992e+04
2.0000e+05	8.6631e+04
2.0000e+05	8.6050e+04
2.0000e+05	8.5887e+04
