2.0000e+04	1.3154e+02	-4.9047e+02	-2.0495e+01	9.1843e+01	-2.0325e+01	-4.0288e+02	1.3810e+02	-4.7041e+02	-6.6437e+02	-2.4597e+02	6.9705e+01	9.6145e+01	4.8787e+02	3.7718e+02	-5.3512e+02	-4.0410e+02	3.4041e+02	-1.2155e+02	1.7095e+02	1.3996e+02	8.7826e+01	-3.8287e+02	-6.3834e+01	-2.7875e+02	-3.5521e+02	4.7523e+01	2.3519e+02	-4.6254e+02	-2.1060e+02	-8.5377e+01	2.1291e+02	-6.8240e+01	-1.7057e+02	-2.5728e+02	4.3706e+02	2.7753e+02	-2.8631e+02	-7.9603e+01	-2.0872e+02	-6.2307e+02	-5.6592e+02	6.4900e+02	2.6837e+02	2.5386e+00	1.8900e+01	-5.6272e+02	-1.5614e+02	-6.5473e+02	1.7347e+01	4.2081e+02	1.1800e+02	7.3543e+02	2.9214e+02	-4.1259e+01	4.3474e+02	3.7689e+01	-3.7178e+01	1.3097e+02	1.7516e+02	1.6192e+02	1.0158e+01	1.0474e+02	-4.7248e+02	7.9245e+01	2.3084e+02	-9.1391e+01	6.4812e+02	-6.0997e+02	-8.0527e+01	2.4693e+02	-3.8633e+02	-8.4676e+01	-2.5454e+02	1.0977e+02	5.8587e+01	-5.2530e+01	-1.7019e+02	1.1318e+02	-3.3948e+02	3.8936e+02	-4.6219e+02	5.7782e+02	1.0209e+02	-8.7730e+02	2.1016e+02	1.7119e+02	-3.1938e+02	-3.6328e+02	-4.5629e+02	-2.8074e+02	3.7469e+02	1.7816e+02	7.3903e+02	-2.6304e+02	-1.0509e+02	1.3814e+02	-1.6786e+02	7.4131e+00	3.6497e+02	-1.5264e+02	-3.6066e+02	9.5448e+01	-3.2951e+02	-1.3391e+01	7.3064e+02	3.6939e+01	-8.7094e+02	-5.1452e+00	1.5541e+02	-4.6679e+02	3.9521e+02	1.8700e+02	4.6813e+02	2.9591e+02	-3.7162e+02	1.2214e+01	-3.2646e+01	9.1717e+00	-2.9955e+02	4.6996e+02	-2.2693e+01	2.4362e+02	-9.3877e+01	-7.5851e+02	-6.3016e+02	-1.1964e+02	-5.0901e+02	-1.0161e+03	-1.5925e+02	8.7091e+02	2.3018e+01	-5.4722e+01	-4.9335e+02	4.9630e+01	8.4680e+02	1.8238e+02	-5.4961e+02	-8.6200e+02	-2.6088e+02	-4.6644e+02	3.0634e+01	2.7040e+01	4.7480e+02	-4.4017e+02	1.7360e+02	7.2336e+02	1.1327e+01	-4.7207e+02	-4.5523e+02	5.1674e+02	-1.2425e+02	-8.0083e+02	-3.8167e+02	-1.9130e+02	5.0252e+01	5.0894e+01	-3.7001e+02	-5.8629e+02	3.8488e+02	1.5576e+02	4.0067e+02	3.1491e+02	-5.2007e+02	4.4885e+02	1.3742e+02	-4.1291e+02	1.5169e+01	-4.3165e+02	4.0912e+02	2.7992e+02	-4.6911e+02	2.0491e+02	-2.2099e+02	-7.6540e+01	-4.5279e+02	4.9275e+02	3.8566e+02	7.2055e+01	2.9066e+02	6.9393e+02	5.1729e+02	4.3384e+02	9.4465e+01	5.8965e+02	-4.2033e+02	-1.0421e+02	2.5876e+02	-1.5185e+02	-2.7389e+02	-6.2850e+02	2.8377e+02	-2.5950e+02	-1.0379e+02	3.6348e+02	-5.3357e+02	8.5615e+01	3.8177e+02	5.0901e+02	9.7447e+02	-1.0744e+02
2.0000e+04	1.0572e+03	-5.1263e+02	2.9382e+02	-8.2150e+01	-9.6008e+02	2.0276e+02	-9.9754e+01	-2.6725e+02	-9.3747e+02	-3.2423e+01	-5.7369e+02	-8.8724e+02	-8.2278e+02	-3.1165e+02	-6.5018e+02	8.3393e+02	-7.7380e+02	-6.8369e+02	1.9396e+02	-5.4510e+01	3.1197e+02	4.2811e+02	6.9843e+02	9.6464e+02	7.4045e+02	7.8391e+02	7.8015e+02	-8.9069e+02	-4.4104e+02	9.9710e+02	3.6848e+02	4.5061e+02	2.5102e+02	9.5841e+02	-9.7785e+02	1.3780e+02	-5.0958e+02	3.3156e+02	3.9983e+02	5.4909e+01	1.6031e+02	-5.1629e+02	6.6224e+02	1.8609e+02	4.9923e+02	7.5440e+02	-2.9384e+02	1.8852e+01	-1.0779e+02	5.5622e+02	3.1884e+02	-4.3444e+02	3.9872e+02	9.1915e+02	2.7159e+02	-2.6140e+02	-1.3748e+03	8.1084e+02	-5.3167e+02	-6.0123e+01	-2.0824e+02	-1.0167e+02	6.5229e+02	-2.6342e+01	-7.5325e+01	1.9824e+02	8.6127e+02	-3.3378e+02	3.1962e+01	-5.6614e+01	-9.6428e+01	-5.2420e+02	-1.2270e+02	-9.2027e+00	-4.7068e+02	-1.5289e+03	2.6699e+02	-4.2848e+01	-5.6456e+02	-7.8182e+02	4.2590e+02	-5.1932e+02	6.9295e+02	-3.7941e+02	-5.4531e+02	6.1178e+02	-1.1530e+02	-1.2595e+03	3.9238e+02	1.4900e+02	5.7181e+02	4.3920e+02	-5.8407e+02	-7.1326e+02	-3.5596e+02	-3.0811e+02	-5.0182e+02	5.3184e+02	1.1473e+02	-6.8277e+02	1.0215e+03	1.6073e+02	7.0209e+02	-5.8241e+02	-7.2514e+02	-2.5265e+02	7.6690e+02	-1.9433e+02	-6.8322e+02	-1.7065e+02	-1.3725e+02	2.8854e+02	-1.2971e+02	1.4290e+03	1.2185e+03	-5.2650e+02	1.3825e+01	5.1038e+02	-3.4674e+02	-8.5540e+01	2.8107e+02	-7.5296e+02	-1.8132e+03	3.7287e+02	-7.2415e+01	-2.2511e+02	1.1693e+02	5.8748e+01	1.0294e+03	6.0532e+02	2.5444e+01	-5.9074e+02	6.9483e+01	3.9038e+01	-1.5354e+02	1.3152e+03	-6.7023e+02	-3.2803e+02	5.0752e+02	3.3329e+02	9.5355e+01	-1.6690e+02	-1.1624e+03	3.9049e+02	5.0938e+02	-1.9067e+02	2.0506e+02	-4.0039e+02	1.0991e+02	-3.8421e+02	-6.7098e+02	-8.9076e+02	-3.9337e+02	-1.9008e+02	-6.7285e+02	5.5036e+02	-1.8460e+02	-1.6462e+02	-3.8278e+02	-8.1733e+02	2.2774e+02	-3.8349e+02	-4.5116e+02	-4.4183e+02	-3.5206e+02	-1.8019e+02	-7.0724e+01	1.2077e+03	2.6428e+02	-7.0633e+02	3.9171e+02	1.4980e+02	9.1618e+01	3.5024e+02	-2.9244e+02	2.3511e+02	-3.7164e+01	7.1852e+02	2.7779e+02	4.6148e+02	5.2256e+02	3.1590e+02	2.6357e+02	3.9540e+02	1.2152e+03	-1.2790e+03	-3.9349e+01	-1.1009e+02	4.0912e+02	-7.5086e+02	2.1738e+02	-4.2184e+02	8.6309e+02	-8.4331e+02	1.1515e+02	6.6128e+02	-2.3894e+02	-1.7615e+02	-6.7461e+01	-3.7619e+02
4.0000e+04	3.7898e+02	-3.6033e+02	-3.3028e+02	1.6326e+02	2.5372e+02	-1.6445e+02	-4.5478e+01	-6.7730e+02	-4.8898e+02	-2.6203e+02	-2.9758e+02	1.3473e+02	5.0349e+02	4.1177e+02	-9.2516e+02	-9.5899e+02	7.1148e+02	1.7912e+02	-1.5830e+02	-5.3919e+02	1.4320e+02	-6.0621e+02	1.2746e+02	3.1142e+02	-5.8289e+02	-2.7343e+02	2.5352e+02	3.4578e+01	-3.3478e+02	8.5157e+01	-3.6859e+02	-1.6555e+02	-3.4154e+02	-1.6356e+01	8.7062e+02	2.4640e+02	-1.0718e+03	-3.6801e+01	1.5574e+02	-4.2722e+02	-9.7133e+02	2.6209e+02	7.5038e+02	-4.3044e+02	-3.1765e+01	-6.2419e+02	-4.0492e+02	-3.8777e+02	-1.0438e+01	5.3327e+02	1.3548e+02	9.8509e+01	4.5913e+02	6.7803e+02	2.9204e+02	-6.9277e+02	-2.1338e+02	-5.5380e+02	3.0875e+02	3.3039e+01	-3.4013e+01	-3.9581e+02	-8.3231e+02	1.6144e+02	2.1203e+02	-1.0121e+03	6.0762e+02	-4.5827e+01	-2.3097e+02	-7.4348e+00	-1.5707e+01	5.1275e+02	-3.5849e+02	4.2353e+02	2.7298e+02	4.0724e+02	-1.0018e+02	1.8604e+02	-7.6919e+02	2.1578e+02	-8.8336e+02	7.9197e+02	3.7068e+02	-4.9190e+02	-2.2546e+02	5.0525e+02	-2.5140e+02	-1.1605e+03	-2.9176e+02	-6.6854e+02	1.1165e+02	6.9062e+02	1.1586e+03	-9.4602e+02	1.6485e+01	-6.1894e+01	-1.8915e+01	7.9361e+02	2.1260e+02	-4.7209e+02	-3.4031e+02	1.8960e+02	-6.4176e+02	-3.5580e+02	5.5775e+02	2.4108e+02	-8.0138e+02	9.5879e+01	-1.3824e+02	-3.2890e+02	-3.6714e+02	2.6369e+02	2.7295e+02	-6.3287e-01	-4.6632e+02	2.0525e+02	6.2430e+02	3.8048e+02	4.4491e+02	-4.7223e+02	3.2475e+01	8.6017e+01	-5.4081e+02	-7.6008e+02	-1.0138e+03	-2.0128e+02	-3.6985e+02	-1.3061e+03	-1.4438e+02	1.3232e+03	-1.0168e+02	-1.8202e+02	-4.0140e+02	-3.3471e+02	3.4040e+01	2.8676e+02	-3.9592e+02	-6.3174e+02	-2.2202e+02	-7.4563e+02	4.2465e+02	-3.9701e+02	2.7981e+02	-5.7050e+02	6.2826e+02	5.4843e+02	1.6737e+02	-1.8376e+02	-1.1404e+03	4.6447e+02	-3.9336e+01	-6.8592e+02	-5.1462e+02	-6.2044e+02	-2.1241e+02	-4.9367e+00	-2.8961e+02	-7.6088e+02	2.8307e+02	6.1080e+02	9.9775e+01	9.5142e+01	-7.5245e+02	6.2926e+01	4.9388e+02	-3.7874e+02	1.8824e+02	-8.8242e+02	6.9332e+02	4.8630e+02	-5.7011e+02	-1.0516e+02	-1.2371e+02	-3.3966e+02	-1.1993e+02	5.3249e+02	2.4332e+02	1.7716e+02	9.1947e+02	8.0477e+02	9.6325e+01	-4.0333e+01	2.3544e+02	5.8988e+02	-7.1790e+02	-9.2542e+02	5.1894e+02	1.0929e+02	-3.9477e+01	-2.3690e+02	2.5439e+02	-6.3714e+02	1.0318e+02	-3.4584e+01	-1.1915e+03	-3.2068e+01	8.6822e+02	6.1348e+01	9.1821e+02	1.9435e+02
4.0000e+04	-8.3702e+01	3.1733e+02	1.0570e+03	4.0705e+01	-5.3083e+02	1.2837e+03	4.2156e+02	3.4788e+02	-8.7890e+02	-8.3705e+02	-2.7606e+01	-4.6092e+02	-5.7456e+02	-2.3367e+02	-1.5867e+02	2.0336e+02	4.4250e+01	-6.6478e+02	-2.3199e+02	-5.1187e+02	-5.0889e+02	4.7430e+02	1.0961e+03	1.0742e+03	6.0775e+02	7.8068e+01	1.0207e+03	-1.0839e+03	-1.1361e+03	1.0277e+03	5.4548e+02	-1.0600e+02	2.3159e+02	2.3363e+03	-1.3565e+03	5.4711e+02	-4.8676e+02	4.8803e+01	4.5323e+01	-2.5290e+02	-1.1251e+02	-1.3541e+03	-3.6312e+02	-4.0311e+02	-1.3973e+00	1.8642e+03	3.7636e+02	-6.3172e+02	-6.9770e+02	1.0555e+03	1.1469e+03	-1.7573e+01	-1.4417e+02	8.0615e+02	-4.6529e+02	-9.4092e+02	-1.7175e+03	2.2222e+02	-7.9667e+02	-7.8383e+02	-1.5612e+03	1.2908e+01	3.3894e+02	-8.1361e+02	-8.1423e+01	-7.6954e+02	1.2155e+03	-1.6797e+03	3.4314e+02	3.2008e+01	-1.2493e+01	-5.8450e+02	-8.0517e+02	-5.6157e+02	-9.1997e+02	-1.2344e+03	-3.8721e+02	-7.5287e+02	-6.5179e+02	3.3147e+01	-8.6262e+01	-6.2688e+02	7.3279e+01	1.0264e+02	9.3760e+02	1.1191e+03	1.7635e+02	-2.1523e+03	6.2550e+02	7.7457e+02	3.8457e+02	2.1991e+02	-1.2464e+02	-5.4982e+02	-2.0704e+02	-1.0173e+03	-8.2317e+02	2.0410e+02	-8.1668e+02	5.9701e+02	-7.4350e+01	-3.4876e+02	3.2785e+02	-1.4475e+03	-1.6241e+03	-1.4986e+03	1.5107e+03	8.9182e+02	-1.8376e+03	-1.3129e+03	1.5559e+02	6.4281e+02	-1.2277e+03	1.0177e+03	-8.1961e+01	-1.1606e+02	7.5811e+00	8.9628e+02	-6.9869e+02	-6.4873e+02	9.9712e+02	-1.8580e+03	-1.9567e+03	-4.1857e+02	-2.6938e+02	1.1603e+02	2.9006e+02	-2.2683e+02	8.4891e+02	5.0630e+02	5.2422e+02	-2.0933e+02	-1.6012e+03	-6.0309e+02	-9.5003e+02	2.0653e+03	-2.2458e+02	-1.5215e+01	1.1128e+03	6.7749e+02	-9.9634e+02	7.5569e+02	-1.1290e+03	1.5892e+02	-3.2539e+02	-5.9041e+01	3.0551e+02	-2.6116e+02	-4.6414e+02	9.4180e+02	-9.6860e+02	-1.7824e+03	5.2103e+02	-3.2236e+01	-9.5429e+02	1.5765e+02	-3.2961e+02	3.1836e+02	1.2650e+02	-1.4418e+03	-1.1923e+02	-9.0067e+02	-4.8153e+02	-9.4485e+02	-3.9833e+02	-8.6561e+02	-3.9147e+01	1.0758e+03	-5.0660e+02	-5.8501e+02	-2.9793e+02	2.1035e+02	8.1771e+02	1.8285e+02	5.3111e+02	-2.6218e+02	-1.4632e+02	2.0662e+02	-1.2869e+03	1.5128e+03	6.2979e+02	-5.8813e+02	1.0319e+03	1.6890e+02	1.4937e+03	-1.4650e+03	-5.1765e+02	-1.4913e+02	7.5585e+02	-9.9025e+02	1.5273e+01	-1.1563e+03	9.4164e+02	-3.1011e+02	3.4596e+02	3.4552e+02	-2.6469e+02	-5.4247e+02	-4.3761e+02	-2.9677e+02
6.0000e+04	2.6841e+02	-8.0604e+02	5.4257e+01	-2.4877e+01	-9.8897e+01	-7.0552e+02	-3.6035e+02	-9.0972e+02	-1.0200e+03	-6.0476e+02	-3.6018e+02	4.4962e+02	3.5808e+02	6.9542e+02	-1.1671e+03	-6.4608e+02	4.1367e+02	-3.0815e+02	3.1095e+01	-1.7058e+02	3.0565e+02	3.7844e+01	1.0036e+02	-3.0158e+00	-4.5246e+02	2.8348e+02	-4.6058e+02	-1.0150e+02	-3.7278e+01	1.9428e+01	-2.8680e+02	3.2468e+02	-8.6261e+02	8.0528e+02	8.9578e+02	6.6049e+02	-1.1867e+03	-7.8026e+01	5.8590e+02	-8.1349e+02	-1.1648e+03	5.4677e+02	5.5785e+02	3.6591e+01	-6.5324e+02	2.3394e+02	3.2482e+02	1.9274e+02	1.6238e+02	8.7175e+02	3.6524e+02	2.0882e+02	1.9833e+02	4.4118e+02	5.2809e+02	-1.1225e+03	1.0817e+02	-3.2519e+02	-1.2748e+02	6.4877e+02	-6.4731e+01	1.7387e+02	-7.6777e+02	-3.9118e+02	-7.3638e+01	-1.1095e+03	2.9199e+02	5.0026e+02	-5.0751e+01	-3.8272e+02	2.1293e+02	3.9792e+02	-7.0048e+02	3.0780e+02	-3.5718e+00	7.2274e+02	4.8650e+02	-1.3158e+02	-1.5519e+03	2.8601e+02	-5.0789e+02	7.6433e+02	3.8671e+02	-9.8257e+01	-4.9748e+02	6.3816e+02	2.1610e+02	-1.2931e+03	4.2074e+02	-4.5448e+02	7.2746e+02	6.6215e+02	6.3474e+02	-8.4032e+02	-3.9737e+02	1.5978e+02	1.1449e+02	9.4136e+02	2.4112e+02	-3.2740e+02	-2.2290e+02	5.3336e+02	-1.2859e+02	3.3881e+02	3.6755e+02	8.5629e+01	-1.2878e+03	5.1266e+02	-3.9508e+02	2.5807e+02	-4.4208e+02	3.5300e+02	5.4907e+02	5.8486e+02	-6.1554e+02	6.2434e+01	8.3073e+02	-1.4381e+02	4.7273e+02	-7.5739e+02	4.4807e+01	4.3729e+02	-4.0440e+02	-6.5790e+02	-1.0049e+03	2.3849e+02	-4.5737e+02	-1.3700e+03	-4.3175e+02	1.4319e+03	7.3442e+02	8.8620e+01	-3.5821e+02	-2.9479e+02	4.9737e+02	-2.1907e+02	-2.6033e+02	-6.8806e+02	1.0947e+02	-1.2946e+03	3.3944e+02	-4.5091e+01	-3.4425e+02	-1.1412e+03	7.2347e+02	9.0180e+02	-2.3007e+02	-5.3084e+02	-1.0896e+03	8.6022e+02	-1.9400e+02	-5.7913e+02	-2.3235e+02	-1.0480e+03	3.7829e+02	-1.4244e+02	-5.7159e+02	-6.2501e+02	5.5715e+02	6.9335e+02	3.2081e+02	1.8560e+02	-1.5826e+03	2.4198e+01	-5.0264e+02	2.7094e+01	4.0327e+02	-9.3336e+02	4.1710e+02	1.6903e+02	-5.7734e+02	-5.7778e+02	-1.0199e+02	-4.3442e+02	-4.5303e+02	1.0390e+03	2.6628e+02	-1.5080e+02	8.1073e+02	6.6599e+02	3.7195e+02	-3.8019e+02	-3.6605e+01	8.2089e+02	-1.2929e+03	-1.0262e+03	8.5337e+02	-6.7210e+02	5.1201e+02	-1.8796e+02	1.4543e+01	-3.6025e+02	2.8962e+02	1.2667e+02	-1.1788e+03	2.5152e+02	4.1857e+02	4.7339e+02	9.7470e+02	1.2326e+02
6.0000e+04	2.7646e+02	-6.6832e+02	1.1009e+03	8.7426e+02	-1.6490e+01	1.2967e+03	4.9517e+02	-9.7511e+01	-2.2211e+03	-2.6604e+02	-4.3479e+02	-1.4806e+02	-1.5059e+03	5.5409e+02	-1.0390e+02	5.0307e+02	-5.2832e+02	-1.2827e+03	4.7045e+02	-8.1243e+02	5.6457e+02	5.6485e+02	1.6031e+03	1.1151e+03	3.4445e+02	1.4650e+02	1.6717e+02	-7.6909e+02	-1.0801e+03	1.0555e+03	5.8608e+02	-6.2314e+02	2.6320e+02	2.6023e+03	-1.9559e+03	3.2381e+02	-6.9854e+02	1.4085e+02	1.3133e+03	4.2110e+02	4.2938e+02	-1.9245e+03	-1.8572e+02	-2.9881e+02	4.4597e+02	2.2313e+03	8.6297e+02	-6.0757e+02	-1.0822e+03	1.3319e+03	4.4309e+02	9.8026e+02	-9.9734e+01	-1.1623e+02	-7.7749e+02	-3.7239e+02	-1.1200e+03	-3.4512e+02	-3.8592e+02	-1.0160e+03	-9.4648e+02	-5.9670e+01	1.8997e+02	-1.7393e+03	5.0748e+02	-1.2112e+02	1.2117e+03	-1.6234e+03	1.0822e+03	4.6478e+02	-1.8499e+02	-3.5450e+02	-6.8614e+02	-5.1338e+02	-1.8948e+03	-1.6169e+03	-7.7891e+01	-1.1075e+03	1.0232e+02	-7.4894e+01	-1.1071e+02	-7.7010e+02	1.2590e+03	-6.7488e+02	8.1089e+02	1.1898e+03	-1.3157e+02	-2.8750e+03	-3.7151e+01	2.1558e+03	2.3747e+02	4.7331e+02	-6.4101e+02	-1.0416e+03	3.6835e+02	-1.1429e+03	1.1000e+02	4.6548e+02	-7.2874e+02	-2.1023e+02	1.0268e+03	-4.5657e+02	-1.6116e+02	-1.9124e+03	-1.9070e+03	-1.1066e+03	1.4780e+03	1.0231e+03	-2.0267e+03	-1.7726e+03	8.6143e+02	-6.5710e+01	-1.4443e+03	8.4621e+02	-1.3325e+02	2.0443e+02	-6.8290e+02	7.5285e+01	-1.3381e+02	5.7177e+02	1.7879e+03	-1.9120e+03	-2.0121e+03	-2.1666e+02	-5.0035e+02	2.1022e+01	-2.1557e+02	-8.3894e+02	4.3211e+02	2.3849e+00	8.2097e+02	-6.3655e+02	-9.4074e+02	5.3157e+02	2.1194e+02	1.1793e+03	-1.7010e+02	-8.3960e+02	1.5542e+03	3.6939e+02	-1.0619e+03	1.2856e+03	-1.7005e+03	2.5516e+02	6.4137e+02	-6.5187e+01	-7.5473e+02	-1.4247e+03	-6.1333e+02	5.3891e+02	-6.4093e+02	-2.9294e+03	1.1550e+03	-6.5761e+02	-1.4590e+03	5.1200e+01	-3.2630e+02	-8.8544e+02	1.8660e+02	-9.9904e+02	3.9553e+00	-3.2900e+02	-6.1659e+02	-2.1607e+03	-6.7470e+02	-8.4802e+02	-1.4500e+02	4.7952e+02	-7.5744e+02	-1.1275e+03	-2.8010e+02	1.1024e+03	1.3730e+03	-6.7027e+01	7.8004e+02	-4.6417e+02	-5.7998e+02	-1.0612e+02	-5.9870e+02	1.0726e+03	9.0777e+02	4.3789e+02	1.6475e+03	-4.5298e+02	3.0468e+03	-1.6098e+03	-6.0671e+02	3.8212e+02	4.1025e+02	3.1563e+01	1.5557e+02	-1.7448e+03	5.0903e+02	-4.0182e+02	5.8363e+02	1.2331e+03	-6.9466e+02	-2.3806e+02	-8.1172e+02	-4.0299e+02
8.0000e+04	2.2981e+02	-7.9176e+02	1.7139e+02	2.3211e+01	-6.0220e+02	-7.1544e+02	-1.4142e+00	-5.7136e+02	-8.4663e+02	-2.1978e+02	-7.8998e+02	6.6342e+02	3.1554e+02	9.4121e+02	-1.0145e+03	-1.1907e+03	4.0289e+01	-6.7789e+02	3.7136e+01	-8.3503e+02	4.1681e+02	1.0764e+02	-7.8462e+01	-2.4950e+02	-2.5197e+02	-6.9953e+01	-1.0042e+03	-5.2438e+02	1.4757e+02	1.8096e+02	2.6981e+02	5.1009e+02	-1.9799e+03	1.0054e+03	1.1172e+03	-1.2868e+02	-5.5615e+02	-7.9730e+01	3.1763e+02	-1.6932e+03	-6.1205e+02	3.0651e+02	6.2896e+02	2.6509e+02	-5.6577e+02	-8.3088e+01	3.8436e+02	2.3967e+02	-3.1147e+02	5.8321e+02	4.9388e+02	-3.1970e+01	1.5933e+01	-8.5432e+01	-1.0700e+02	-1.3239e+03	2.5119e+02	-4.8860e+02	2.6502e+02	6.7749e+02	-2.1129e+02	2.0864e+02	-1.4535e+03	-6.5322e+02	5.5157e+02	-9.3301e+02	1.1613e+02	1.3051e+03	6.2785e+02	-6.6374e+02	3.1852e+02	4.9552e+02	-8.1864e+02	2.4593e+02	5.7434e+02	5.8576e+02	2.9402e+02	3.2678e+02	-1.2830e+03	5.7624e+02	-7.2390e+02	1.0017e+03	5.0978e+02	-4.7771e+02	-3.5714e+02	3.8662e+02	1.8420e+02	-9.0452e+02	-3.2271e+01	-1.1500e+03	1.5152e+02	1.7784e+02	-9.3160e+01	-3.6836e+02	-2.5872e+02	-5.0663e+02	-2.9766e+02	8.8378e+02	-1.5144e+02	-1.0154e+02	-3.0238e+02	-3.4705e+01	-5.0445e+02	3.8089e+02	2.4482e+02	3.4376e+01	-1.0775e+03	5.7589e+02	-6.8119e+02	2.7398e+02	-6.6920e+02	-1.0201e+02	5.2688e+02	6.0093e+02	-1.0925e+03	-7.0761e+02	1.2212e+03	-5.6130e+02	6.7059e+02	-3.3158e+02	-8.1967e+00	5.1054e+02	-8.9758e+02	-6.4586e+02	-1.9160e+03	7.1533e+01	-1.5572e+02	-1.2753e+03	-6.0924e+02	1.1393e+03	1.1031e+03	1.7582e+02	-3.5059e+02	-2.0878e+02	8.8289e+02	-4.1902e+02	7.1657e+00	-1.2172e+03	3.3496e+02	-1.0210e+03	2.2303e+02	7.4612e+01	-7.3524e+02	-1.6102e+03	4.3578e+02	1.0050e+03	-1.1613e+02	-1.5477e+01	-1.2073e+03	1.6726e+03	-8.2705e+02	-2.2122e+02	-4.7917e+02	-1.0592e+03	-8.0250e+00	4.3285e+02	-1.0871e+02	-1.6686e+02	6.9290e+02	2.7825e+02	3.3505e+02	2.3904e+02	-1.8036e+03	3.3246e+02	-6.5275e+02	-9.8028e+01	3.1175e+02	-1.1190e+03	-6.2373e+02	5.8801e+02	4.5883e+00	-5.4848e+02	-6.8714e+02	2.3144e+02	-9.0785e+02	7.2753e+02	3.8734e+01	-5.4418e+02	9.3971e+01	7.5929e+02	-4.9184e+01	-4.1789e+01	2.3916e+02	4.8178e+02	-1.4700e+03	-1.6539e+03	6.9751e+02	-1.4302e+03	2.5471e+02	2.3544e+02	-1.0215e+01	-7.1150e+02	2.2378e+02	3.0825e+02	-1.8265e+03	-1.1531e+01	1.4053e+03	9.9428e+01	3.8226e+02	-1.4738e+02
8.0000e+04	1.2958e+02	-6.8541e+02	7.3493e+02	2.3152e+02	-2.9074e+02	1.6372e+03	1.4009e+03	-1.2653e+02	-1.5048e+03	1.5364e+02	2.7969e+02	6.0214e+02	-1.8104e+03	1.2197e+03	-4.3833e+02	2.7049e+02	3.8350e+02	-1.4903e+03	1.3393e+03	-7.3476e+02	1.3156e+03	-5.1441e+02	7.8847e+02	7.4311e+02	6.0522e+02	2.5071e+02	-3.5654e+02	-1.1291e+03	-4.1387e+02	1.8020e+03	-4.5492e+02	-6.3186e+02	1.3883e+03	3.0109e+03	-1.8245e+03	8.3885e+02	-1.4988e+03	1.4428e+02	9.9371e+02	6.3616e+02	6.4444e+02	-2.9076e+03	-3.5503e+02	-8.9983e+02	-2.4831e+02	2.3892e+03	2.2609e+03	-1.1754e+03	2.6381e+02	1.8858e+03	1.7382e+02	1.0801e+03	2.5567e+02	-3.7701e+02	-1.1628e+02	-5.0202e+02	-1.3929e+03	-5.0642e+01	-5.9395e+01	-9.7135e+02	-3.4240e+02	-4.5620e+02	2.6460e+02	-1.1486e+03	8.6555e+02	1.6871e+02	-1.7804e+02	-1.4652e+03	4.5518e+02	5.6964e+02	-1.8705e+02	-2.1434e+02	-1.1533e+03	-1.4554e+03	-1.2084e+03	-1.3793e+03	-1.3850e+02	-1.8825e+03	9.7287e+01	-3.2355e+02	-2.0084e+02	-1.1951e+03	4.7203e+01	-4.9618e+02	4.7246e+02	1.5177e+03	6.0386e+02	-2.4928e+03	-1.5524e+02	1.8711e+03	-8.4293e+01	4.8194e+02	-6.0506e+02	-1.4796e+03	3.1780e+02	-1.4725e+03	1.2428e+03	1.5147e+03	-1.3764e+03	1.4998e+02	8.3692e+02	-7.2871e+01	5.1899e+01	-2.4344e+03	-2.1995e+03	-4.4315e+01	1.4776e+03	1.1284e+03	-1.9774e+03	-1.3187e+03	4.2517e+02	-7.6751e+02	-2.3708e+03	7.6960e+01	-2.4976e+02	-3.6193e+02	-1.9621e+02	2.4237e+00	-1.5547e+02	1.3913e+03	1.7944e+03	-2.1227e+03	-2.0797e+03	-9.0164e+02	-7.4513e+02	-7.5864e+02	9.3832e+01	-1.7566e+03	1.2338e+03	-2.6439e+02	1.4984e+03	-1.7511e+03	-4.6198e+02	1.2830e+03	1.0258e+03	2.5145e+02	-7.1470e+02	-8.8967e+02	2.5188e+03	1.1124e+03	-8.4861e+01	7.9214e+02	-2.0635e+03	1.2634e+03	1.5271e+03	3.7702e+02	-1.1860e+03	-2.1914e+03	1.1203e+02	4.7232e+02	-1.0582e+03	-2.4948e+03	7.1949e+02	-1.0856e+03	-2.4719e+03	-2.8943e+01	4.3471e+00	-1.8638e+02	4.4678e+02	8.1928e+01	-1.7360e+02	-7.1108e+02	6.5335e+01	-2.0432e+03	-1.1883e+03	-1.7327e+03	-8.6102e+01	5.8736e+02	-1.6663e+02	-2.1031e+03	3.6533e+02	1.3359e+03	2.7363e+03	3.5980e+01	1.2694e+03	-3.8674e+02	-1.5321e+03	-1.8616e+02	5.9209e+02	-6.6841e+02	2.5349e+02	8.4584e+01	1.9990e+03	-5.5460e+02	2.6074e+03	-2.6083e+03	-7.1921e+02	7.0104e+02	8.1401e+01	-2.6065e+02	3.9949e+02	-3.1688e+02	9.8832e+02	-4.9995e+02	6.5160e+02	1.4543e+03	-1.3946e+03	-1.4832e+02	-1.0470e+03	-1.4070e+03
1.0000e+05	8.7189e+02	-8.6498e+02	2.2690e+02	3.0354e+02	-7.8274e+02	-1.1303e+03	-5.8702e+02	-8.2497e+02	-8.3492e+02	-5.1714e+02	-9.1644e+02	2.6353e+02	-2.2612e+02	6.5250e+02	-8.6386e+02	-8.5322e+02	-1.1866e+02	4.8138e+02	-2.0998e+02	-8.9276e+02	3.6637e+02	2.4065e+02	-1.2552e+02	1.5739e+02	-9.6423e+02	9.4178e+01	-8.7593e+02	-7.0320e+02	-2.6266e+02	-3.6397e+01	5.8305e+02	6.7199e+02	-1.8645e+03	9.5037e+02	1.4401e+03	2.7656e+02	-1.6466e+03	-6.3065e+02	2.9509e+01	-1.6009e+03	-1.9837e+02	1.1091e+03	7.9541e+02	7.4664e+02	-5.5609e+02	-4.8474e+02	4.2948e+02	3.1418e+02	-4.0174e+01	9.9098e+02	3.9660e+02	4.2313e+01	-2.4315e+02	-4.5314e+02	7.0180e+01	-1.5026e+03	-2.1047e+02	-8.4269e+02	-3.1666e+02	5.5716e+02	-7.3504e+02	-4.5634e+02	-1.3048e+03	-1.0023e+03	6.7009e+02	-1.1906e+03	1.1482e+03	1.6592e+03	3.3539e+02	-8.5291e+02	-3.6299e+02	2.0315e+02	-8.7146e+02	2.3160e+02	4.6086e+02	8.3800e+01	-1.8217e+01	-1.1597e+02	-8.3870e+02	5.1887e+02	-5.6015e+02	5.5759e+02	5.1302e+02	-1.7893e+02	-1.0321e+02	7.5064e+01	-1.0252e+01	-6.7889e+02	-1.9799e+02	-3.3142e+02	-3.5042e+02	-1.5212e+02	-9.8214e+02	-7.8990e+02	-1.6863e+02	-6.9633e+02	-1.1670e+03	1.1590e+03	1.2924e+02	-1.8810e+02	-6.4326e+02	-8.9906e+00	-6.2876e+02	5.6821e+02	-3.7138e+01	-1.5030e+02	-1.2813e+03	9.2878e+02	-7.1173e+02	1.9324e+02	-4.6764e+02	-2.1026e+02	9.6663e+02	5.4033e+02	-8.9791e+02	-3.9773e+02	1.3460e+03	-8.3946e+02	8.3047e+02	-5.3524e+02	-7.4902e+02	8.7797e+01	-7.6542e+02	-2.6387e+02	-1.8585e+03	1.6391e+02	5.0197e+02	-1.6300e+03	-4.0746e+02	1.5705e+03	3.0858e+02	5.0296e+02	-4.8715e+02	-4.7273e+02	4.1591e+02	-3.1790e+02	1.0019e+02	-7.6647e+02	-1.6572e+02	-6.5881e+02	3.5996e+02	3.1280e+02	-9.4192e+02	-1.4566e+03	1.8448e+02	3.6740e+02	2.2140e+02	1.9738e+01	-1.1934e+03	1.9374e+03	-6.1728e+02	-2.4018e+02	-2.2694e+02	-9.2427e+02	-3.2794e+02	2.9851e+01	-5.9855e+02	-6.3977e+02	7.5703e+02	9.7694e+01	4.5609e+01	1.9543e+02	-2.1394e+03	8.2711e+02	-7.9315e+02	3.0333e+02	2.5294e+02	-1.1900e+03	-7.8551e+02	2.9341e+02	2.9254e+02	-8.4383e+02	-8.6614e+02	7.7245e+02	-1.3068e+03	3.2925e+02	-1.2900e+02	-9.7859e+02	-4.4007e+02	6.1639e+02	-7.7185e+00	-3.2559e+02	3.1620e+02	-5.8563e+01	-9.3036e+02	-1.9641e+03	2.4670e+02	-1.6309e+03	7.3937e+02	2.4825e+02	-3.5810e+02	-9.7985e+02	-1.1006e+01	8.5291e+02	-1.8801e+03	-5.5743e+02	1.0593e+03	2.0503e+02	-1.0972e+02	-2.0095e+02
1.0000e+05	4.4361e+02	-3.7969e+02	1.1356e+03	4.5956e+02	2.9633e+02	1.2390e+03	6.7803e+02	5.7899e+02	-2.1833e+03	8.3916e+02	4.7070e+01	1.3912e+03	-2.1717e+03	1.6626e+03	-5.1700e+02	5.9592e+02	4.7354e+02	-1.5280e+03	1.3254e+03	-8.0027e+02	1.8522e+03	-8.8078e+02	5.7772e+02	1.5502e+03	5.4166e+02	-1.9753e+02	-1.3543e+02	-1.7202e+03	-4.4012e+02	1.6005e+03	-2.3070e+02	4.0418e+02	8.0167e+02	1.7235e+03	-1.2491e+03	3.3874e+02	-3.5966e+02	-4.5864e+02	9.2911e+02	3.1732e+02	1.4068e+03	-3.6259e+03	-1.6143e+03	-2.2573e+03	7.4858e+02	1.9337e+03	1.7342e+03	-2.4660e+03	-4.6678e+02	1.1505e+03	2.4787e+02	1.9150e+03	-1.1980e+03	-6.3696e+02	2.1569e+02	-1.2353e+03	-1.0661e+03	-1.6245e+02	1.8119e+02	-9.3560e+02	4.4870e+02	-4.3826e+02	6.2849e+02	-1.0425e+03	1.1883e+03	-4.3887e+02	6.0128e+02	-5.3414e+02	8.2577e+02	-1.6698e+02	-2.1977e+02	-2.4341e+02	-3.1736e+02	-2.1842e+03	-3.6819e+02	-7.9227e+02	2.9788e+02	-2.2752e+03	-4.0437e+02	-7.9390e+02	-6.7622e+02	-6.2340e+02	1.2088e+02	-1.4944e+03	-1.1969e+02	2.3318e+03	5.5883e+02	-2.4264e+03	-1.2003e+03	1.9129e+03	-1.5024e+01	1.4856e+02	-1.5560e+03	-1.4241e+03	3.8940e+02	-8.5150e+02	1.5537e+03	1.0015e+02	-1.1627e+03	-3.4863e+02	1.0596e+03	3.6736e+02	-3.3498e+02	-3.0004e+03	-3.0687e+03	3.6490e+01	1.6185e+03	1.3996e+03	-2.1432e+03	-1.4738e+03	1.6289e+03	-6.4810e+02	-2.2237e+03	2.3060e+01	6.4339e+02	-2.1119e+02	-4.9881e+02	1.3112e+02	9.5820e+00	2.1720e+03	2.4626e+03	-1.8803e+03	-1.7247e+03	-1.0312e+03	-4.7497e+02	-6.4235e+02	4.3154e+01	-2.2099e+03	1.7457e+03	1.0778e+02	2.6125e+03	-2.2998e+03	-8.9858e+02	1.4937e+03	6.0696e+02	2.3156e+02	-1.5875e+03	-5.1548e+02	2.0691e+03	1.9211e+03	9.4284e+02	1.4583e+03	-1.3311e+03	1.6311e+03	2.8831e+02	-3.0484e+02	-1.3288e+03	-3.0467e+03	1.0166e+03	-1.5734e+02	-7.6630e+02	-3.1738e+03	1.1343e+03	-1.4263e+03	-1.7638e+03	5.3328e+02	-5.5337e+02	1.2109e+03	1.6138e+03	7.7429e+02	-5.2083e+02	-2.2899e+02	-9.7505e+02	-1.7918e+03	-9.5275e+02	-1.7696e+03	-1.5069e+02	1.6006e+03	4.6090e+02	-1.1445e+03	-2.0709e+02	8.0406e+02	3.1916e+03	-4.4589e+02	2.4805e+03	-1.5221e+01	-1.5316e+03	8.1874e+02	8.3943e+02	-8.0649e+02	-8.8942e+01	2.2072e+02	1.8595e+03	-4.1483e+01	3.3401e+03	-2.5199e+03	-1.6338e+03	1.6380e+03	-6.8128e+01	4.4342e+02	-3.4358e+02	-2.1872e+02	1.3145e+03	-7.2227e+02	1.6852e+02	1.7120e+03	-5.7596e+02	7.3711e+02	-8.5720e+02	-1.2823e+03
1.2000e+05	7.2301e+02	-7.7321e+02	1.1805e+02	7.4324e+02	-1.0086e+03	-4.7426e+02	-8.7812e+02	-1.0155e+03	-3.3337e+02	-4.8217e+02	-5.2625e+02	4.1746e+02	1.4562e+02	9.5507e+02	-8.6552e+02	-9.7357e+02	-2.8705e+02	1.0538e+03	-4.1499e+02	-9.7015e+02	6.3945e+02	9.4325e+02	-3.0660e+02	5.5987e+02	-1.0742e+03	-3.6247e+01	-1.0417e+03	1.0091e+02	-2.0281e+02	-4.7515e+02	4.3452e+02	2.9530e+02	-2.3587e+03	5.7013e+02	1.5323e+03	5.2771e+02	-1.5087e+03	-8.2346e+02	3.2302e+02	-1.4359e+03	-4.9107e+02	1.1178e+03	1.7505e+03	6.6917e+02	-5.3056e+02	-6.8043e+02	-4.8062e+01	3.9446e+02	-2.8942e+01	5.7798e+02	-5.4135e+02	4.3220e+02	-4.8310e+02	-4.1224e+02	-2.2806e+02	-1.7893e+03	-1.6055e+02	-8.7534e+02	-1.0757e+02	3.2768e+02	-6.2528e+02	-4.7901e+02	-1.9811e+03	-1.6006e+03	1.1434e+03	-1.7522e+03	1.8389e+03	1.8409e+03	-9.2613e+01	-7.4140e+02	-3.6451e+01	2.3712e+02	-6.6890e+02	-6.9828e+01	4.9039e+02	1.9510e+02	3.6702e+02	-4.1596e+02	-8.2889e+02	1.2622e+03	-5.7657e+02	5.2566e+02	5.2620e+02	-8.0754e+02	-4.0481e+01	7.0539e+00	6.0108e+02	-3.9198e+02	3.2154e+02	-5.2502e+02	-4.9639e+02	2.9530e+01	-1.4451e+03	-5.9180e+02	-5.9556e+02	-9.6585e+02	-1.1908e+03	1.2697e+03	1.0450e+02	1.8918e+02	-8.3825e+02	5.5751e+02	-9.6853e+01	1.0707e+03	8.3836e+01	-5.9142e+02	-1.5441e+03	1.1311e+03	-1.0516e+03	2.0051e+02	-6.4885e+02	-1.5726e+02	7.1204e+02	7.6779e+02	-8.5465e+02	-7.3742e+02	1.6701e+03	-2.7257e+02	5.8777e+02	-3.8166e+02	-6.3112e+02	8.3064e+02	-7.2805e+02	-2.4133e+02	-9.2310e+02	5.3358e+02	5.0119e+02	-9.2453e+02	-3.5459e+02	2.2168e+03	2.6155e+02	7.1385e+02	-1.4490e+02	-3.4305e+02	5.7818e+02	-7.7360e+02	-4.6756e+02	-1.0399e+03	2.8832e+02	-9.8850e+02	1.0908e+02	5.2295e+02	-1.0345e+03	-1.5632e+03	-8.4779e+01	3.0175e+02	2.1762e+02	6.6964e+02	-1.6732e+03	1.7143e+03	-7.1786e+02	-5.4033e+02	-2.7959e+02	-1.0561e+03	-6.2564e+02	6.3949e+02	-8.6191e+02	-1.1540e+03	3.0045e+02	-2.4889e+02	6.6676e+02	2.7211e+02	-2.3921e+03	6.2914e+02	-9.0599e+02	8.7225e+02	7.5560e+02	-7.6370e+02	-8.7353e+02	-1.8695e+01	2.8273e+02	-6.8318e+02	-7.6201e+02	7.4832e+02	-1.2695e+03	2.9781e+02	-8.0600e+02	-7.7788e+02	2.6293e+01	6.0816e+02	-6.3003e+02	-8.0807e+02	1.8183e+02	2.1428e+02	-9.0718e+02	-2.1654e+03	2.2639e+02	-2.0146e+03	6.5467e+02	-3.7402e+02	-3.5677e+02	-1.3595e+03	-2.8090e+02	8.3962e+02	-1.1630e+03	-5.8343e+02	4.8531e+02	4.3428e+01	-6.0967e+02	-4.0853e+02
1.2000e+05	2.4045e+02	-7.1200e+02	1.0131e+03	2.0456e+02	-7.6229e+02	8.3366e+02	1.4602e+02	2.5690e+02	-1.7011e+03	1.1182e+03	-5.5049e+02	2.0172e+03	-3.1896e+03	1.3864e+03	-2.1128e+03	9.5245e+02	3.1618e+02	-1.4424e+03	1.3942e+03	-8.9388e+02	1.4742e+03	-8.6044e+02	1.4469e+03	1.1155e+03	-1.2013e+02	5.4941e+01	2.9943e+02	-1.7375e+03	-7.9516e+02	1.7892e+03	1.4887e+02	8.5770e+02	1.6140e+03	1.5314e+03	-2.3666e+03	9.8472e+01	9.6575e+01	4.4296e+01	8.0250e+02	3.1260e+01	7.0449e+02	-4.1223e+03	-6.7698e+02	-2.2593e+03	7.2759e+02	2.3885e+03	1.9070e+03	-3.0749e+03	3.4498e+02	6.2165e+02	5.0315e+02	1.2435e+03	-1.0702e+03	2.0416e+02	8.9396e+02	-1.9220e+03	-8.3325e+02	-5.4590e+02	2.3039e+02	-1.0268e+03	7.9366e+02	-1.0142e+03	1.3060e+02	-2.4789e+03	1.0570e+03	-5.9898e+02	8.4790e+02	-1.1337e+03	1.5381e+03	4.2568e+02	9.0850e+02	-4.4094e+02	3.1034e+02	-2.7036e+03	-3.6211e+02	-1.0431e+03	-9.9510e+02	-2.7174e+03	-1.7039e+03	-2.5540e+03	2.3973e+02	-9.3680e+01	3.8455e+02	-1.1911e+03	-1.8253e+02	2.2678e+03	7.5862e+02	-2.8730e+03	-1.6102e+03	1.7459e+03	3.1085e+02	-1.6258e+02	-1.8203e+03	-1.8077e+03	-3.9105e+02	1.2175e+02	1.6250e+03	6.4624e+02	-5.8195e+02	-3.0908e+02	1.1696e+03	4.5379e+01	-3.7398e+02	-2.7019e+03	-2.3603e+03	1.0132e+03	1.9052e+03	1.1723e+03	-2.7002e+03	-7.1717e+02	2.0502e+03	-7.7803e+02	-2.8693e+03	2.4797e+02	4.6225e+02	-7.6675e+02	-1.5379e+03	-5.2475e+02	-7.1388e+02	1.9610e+03	2.0048e+03	-2.3407e+03	-3.1662e+03	-2.0501e+03	-1.6610e+02	-8.4556e+02	-1.3509e+02	-2.5626e+03	9.4491e+02	-1.4480e+03	3.3090e+03	-2.4837e+03	-2.8204e+02	1.5570e+03	4.2150e+02	9.5536e+02	-1.6577e+03	-9.0976e+02	1.2092e+03	1.7270e+03	7.1639e+02	9.0532e+02	-1.3731e+03	2.2684e+03	1.1115e+03	8.0479e+01	-1.8283e+03	-3.0251e+03	4.2850e+02	-4.7421e+02	-3.4700e+02	-3.1410e+03	-7.0400e+00	-1.3750e+03	-2.3844e+03	-1.3404e+02	-5.1037e+02	1.3470e+03	1.5638e+03	6.7986e+01	-9.0052e+01	8.1016e+02	-2.5718e+02	-1.9753e+03	-1.4415e+03	-1.9005e+03	1.8069e+02	2.3863e+03	3.1692e+02	-1.5783e+03	8.7448e+02	6.9742e+02	3.0841e+03	3.3512e+01	3.3417e+03	4.3351e+02	-1.4492e+03	2.4301e+02	-3.1382e+01	-1.2429e+03	-3.9749e+02	4.7167e+01	1.2834e+03	-4.9667e+02	3.6612e+03	-2.3510e+03	-2.3815e+03	1.5665e+03	1.3161e+03	1.1161e+03	-6.6492e+02	1.6960e+01	1.4280e+03	1.4165e+02	8.4474e+02	1.3974e+03	-1.1901e+03	1.1650e+03	-9.3857e+02	-1.8391e+03
1.4000e+05	5.6501e+01	-1.2239e+03	-9.7971e+00	7.1558e+02	-4.5091e+02	-4.5203e+02	-1.5412e+03	-1.1575e+03	1.4094e+02	-2.8676e+02	-2.6761e+02	4.3218e+02	1.5729e+02	9.4681e+02	-1.1413e+03	-7.5172e+02	-2.8090e+02	1.4877e+03	-2.1722e+02	-1.0906e+03	6.7782e+02	1.3034e+03	-9.6596e+02	9.0035e+02	-8.9899e+02	-6.9556e+02	-9.2886e+02	3.9574e+02	3.0511e+01	-7.5661e+02	4.7340e+02	-2.1535e+01	-2.0303e+03	5.0985e+02	2.1157e+03	3.5104e+02	-1.7893e+03	-6.3050e+02	6.7517e+02	-1.1819e+03	-7.1278e+02	8.8305e+02	1.2332e+03	1.1313e+03	7.9450e+01	-4.7776e+02	9.2492e+01	6.1725e+02	2.2040e+02	1.0335e+03	-6.7586e+02	-3.1526e+00	-6.9988e+02	-7.2079e+02	-1.4619e+02	-2.0961e+03	-9.2933e+02	-6.9853e+02	-5.9568e+02	8.6431e+02	1.7130e+01	-3.4288e+02	-2.1761e+03	-1.5157e+03	1.7522e+03	-2.0404e+03	1.4461e+03	1.5492e+03	-2.3146e+02	-6.7973e+02	-8.9897e+01	-1.2203e+02	-9.0300e+02	1.4904e+02	1.7711e+02	1.2412e+02	7.7051e+00	7.1057e+01	-1.0210e+03	1.7900e+03	-7.6587e+02	3.5553e+02	8.5755e+02	-6.4868e+02	-4.9924e+01	3.1138e+02	6.2194e+02	-3.2077e+02	4.0555e+02	5.7988e-01	-8.2756e+02	4.3087e+02	-1.3574e+03	-3.3799e+02	-1.5732e+02	-6.5577e+02	-1.9201e+03	1.1573e+03	-3.5598e+02	1.0070e+03	-1.2885e+03	6.8445e+02	7.7987e+01	8.9319e+02	5.7059e+01	-3.4724e+02	-2.2147e+03	1.4899e+03	-1.1768e+03	3.3074e+02	-7.5693e+02	5.7731e+02	1.6951e+02	9.8423e+02	-5.3360e+02	-1.0671e+03	1.9423e+03	-1.1810e+02	7.7781e+02	-4.0306e+02	8.3567e+01	6.9014e+02	-9.4410e+02	-5.7214e+02	-1.6691e+03	2.8719e+02	1.2458e+03	-1.1107e+03	-5.2336e+02	1.9279e+03	-2.0490e+02	6.0406e+02	-7.6933e+02	-7.1071e+02	1.0060e+03	-9.3112e+02	-5.8102e+02	-6.0773e+02	1.6765e+02	-9.6034e+02	-6.7973e+02	6.6942e+02	-5.4460e+02	-1.0467e+03	-3.7252e+02	6.4686e+02	3.7331e+02	2.6213e+02	-1.5007e+03	1.4418e+03	-1.3366e+03	-8.2283e+02	-4.0030e+02	-1.1695e+03	-9.4891e+02	4.5560e+02	-4.8180e+02	-9.0321e+02	4.4667e+02	4.9004e+01	-9.8123e+01	-3.2870e+02	-2.9337e+03	7.2768e+02	-1.2448e+03	1.2192e+03	5.9837e+02	-7.0851e+02	-4.0851e+02	-2.9603e+02	4.6469e+02	-4.3103e+02	-8.4845e+02	9.9615e+02	-3.9091e+02	5.5539e+02	-6.9087e+02	-1.1170e+02	2.8236e+01	7.8449e+02	-1.0640e+03	-8.0892e+02	-5.3462e+02	6.2173e+02	-1.4595e+03	-2.1797e+03	-1.6760e+02	-2.2181e+03	6.8872e+02	-5.4808e+02	4.6273e+01	-1.4379e+03	2.7472e+02	1.8795e+02	-9.2801e+02	-5.5194e+02	1.5173e+02	5.5570e+02	-2.5577e+02	-2.6145e+02
1.4000e+05	-1.9340e+02	-7.0538e+02	3.9567e+02	-8.3871e+01	-9.3401e+02	1.2549e+03	3.5044e+02	-1.1832e+03	-1.4225e+03	9.1839e+02	-6.7823e+02	1.5773e+03	-2.8972e+03	2.9620e+02	-1.7407e+03	1.0761e+03	9.6006e+02	-1.5966e+03	9.7291e+02	-8.7002e+02	2.2387e+03	1.4459e+02	8.8064e+02	1.0828e+03	-2.8884e+02	-5.9386e+02	-3.3031e+02	-3.3624e+03	-5.6724e+02	2.2944e+03	9.7579e+02	-2.0001e+02	2.6912e+03	5.6220e+02	-1.9809e+03	9.5676e+02	3.9782e+02	3.2952e+02	5.1571e+01	8.6354e+02	1.2130e+03	-4.2782e+03	-4.3554e+01	-1.9585e+03	-2.3950e+02	3.3086e+03	1.8426e+03	-3.0025e+03	1.8204e+01	7.3138e+02	-1.7648e+02	1.9072e+03	-1.9428e+03	1.9938e+02	1.5552e+03	-1.3499e+03	-1.1941e+03	3.4510e+02	1.3428e+03	-1.2114e+03	1.1985e+03	-7.5766e+02	3.1613e+02	-1.9644e+03	2.0040e+03	6.7178e+02	8.3965e+02	-2.0072e+03	1.7014e+03	-3.0666e+02	2.0729e+02	-7.0991e+02	-1.1851e+03	-3.5498e+03	1.7145e+01	-1.2695e+03	-6.6983e+02	-2.8231e+03	-1.3052e+03	-3.0390e+03	-2.7187e+02	-1.1811e+02	-5.3301e+02	-1.7213e+03	4.3867e+02	1.8670e+03	1.1195e+03	-2.3089e+03	-1.8237e+03	2.3894e+03	1.0027e+03	-7.4621e+02	-1.3353e+03	-2.4018e+03	2.0839e+02	1.0247e+02	8.3697e+02	1.1599e+03	-6.1141e+02	-7.4214e+02	4.8634e+02	1.4912e+02	-5.4307e+02	-2.3724e+03	-2.6328e+03	1.1334e+03	1.8620e+03	1.4795e+03	-2.9176e+03	-5.6604e+02	1.5234e+03	-9.9123e+02	-2.6841e+03	-1.4228e+03	-4.4777e+01	-1.3898e+03	-2.9829e+03	-2.0256e+02	2.4517e+02	2.5533e+03	7.9135e+02	-1.2879e+03	-3.5868e+03	-2.3896e+03	3.3103e+02	2.2393e+02	-2.8862e+01	-3.1184e+03	1.3900e+03	-1.8072e+03	2.8223e+03	-3.0230e+03	-1.0793e+03	3.3650e+02	-3.4696e+02	8.3985e+02	-2.5882e+03	-6.7925e+00	2.2810e+03	1.5873e+03	3.2763e+02	8.2560e+02	-1.8075e+03	1.6775e+03	1.3851e+03	8.3604e+02	-1.8538e+03	-2.1484e+03	6.1079e+02	3.5111e+02	-4.0242e+02	-3.7248e+03	-9.0345e+02	-1.4959e+03	-2.0596e+03	-4.6737e+02	-1.1751e+03	1.1172e+03	1.2756e+03	6.5646e+02	-4.2762e+02	-1.3297e+02	-1.2108e+02	-2.7429e+03	-2.1820e+03	-2.1235e+03	7.9481e+02	3.4082e+03	1.9559e+02	-7.1585e+02	1.1399e+03	1.4165e+02	2.5215e+03	-4.3901e+02	3.1528e+03	8.6144e+02	-1.1761e+02	-1.9179e+02	-5.9750e+02	-6.3750e+02	-4.1903e+02	9.9862e+01	1.6560e+02	-6.8275e+02	4.9125e+03	-3.0673e+03	-3.1871e+03	1.7077e+03	1.3304e+03	3.7969e+02	-1.3054e+03	7.8553e+01	9.7751e+02	3.7138e+02	9.3338e+02	1.4159e+03	-4.2292e+02	8.6751e+02	-1.3352e+03	-1.3141e+03
1.6000e+05	-7.5072e+01	-1.3124e+03	-3.9236e+02	5.8856e+02	-6.7161e+02	-5.7188e+02	-2.0085e+03	-1.3428e+03	-2.4841e+02	-2.9836e+02	-3.6638e+02	2.0022e+02	2.3935e+02	1.5483e+03	-7.3159e+02	-1.3052e+03	-6.3704e+02	9.9179e+02	3.3575e+02	-1.0161e+03	9.0189e+02	9.7918e+02	-1.2884e+03	1.3282e+02	-1.4553e+03	-1.2061e+03	-8.6441e+02	6.3037e+01	2.0834e+02	-8.2847e+02	6.8105e+02	-7.0990e+01	-2.3240e+03	4.6693e+02	1.8646e+03	-2.5032e+02	-1.1994e+03	-9.6476e+02	5.7387e+02	-1.2642e+03	-3.3068e+02	8.5786e+02	9.1427e+02	1.2793e+03	4.1722e+02	-7.8753e+02	4.3362e+02	6.7741e+02	5.1633e+02	1.1112e+03	-7.1396e+02	-1.1948e+02	-3.8442e+02	-6.4105e+02	-5.3061e+02	-1.3528e+03	-9.9753e+02	-7.5230e+02	-7.8024e+02	5.2073e+02	-2.7330e+02	1.0887e+02	-2.2755e+03	-1.6225e+03	1.7309e+03	-2.4239e+03	1.1344e+03	1.6604e+03	5.2984e+01	-1.0371e+03	-8.4926e+02	-3.2770e+02	-1.1617e+03	-5.3302e+01	3.2678e+02	3.6384e+02	1.4315e+02	-3.1753e+02	-9.5855e+02	2.0044e+03	-4.0570e+02	1.7413e+02	7.3916e+02	-7.8428e+02	1.9870e+02	2.1728e+02	8.5241e+02	-2.3916e+02	-1.3768e+02	5.2467e+02	-7.2919e+02	7.3420e+02	-2.0905e+03	-5.3463e+02	-5.0539e+02	1.8675e+02	-1.6458e+03	1.2160e+03	-6.7538e+02	6.5833e+02	-1.1560e+03	1.3123e+03	3.1832e+02	1.2896e+03	-3.0704e+02	-3.4398e+02	-2.4389e+03	1.0332e+03	-1.1775e+03	6.5875e+02	-1.0910e+03	1.2918e+03	6.1673e+02	4.4584e+02	-8.1804e+02	-1.5371e+03	1.7980e+03	-4.3233e+02	4.1014e+02	-9.5183e+02	1.9977e+02	3.2605e+02	-9.1099e+02	-8.9881e+02	-1.6615e+03	6.6532e+02	1.7375e+03	-1.4734e+03	-4.4922e+02	1.7870e+03	-1.0354e+00	9.1986e+02	-8.3993e+02	-2.8246e+02	8.6782e+02	-6.5376e+02	-7.7548e+02	-8.6974e+02	4.1627e+02	-1.1235e+03	-7.1104e+02	1.0183e+03	-1.0336e+03	-6.8580e+02	3.6099e+02	5.0369e+02	1.1517e+02	2.7830e+02	-1.2495e+03	1.3791e+03	-1.4695e+03	-1.0970e+03	-6.4713e+02	-1.6943e+03	-3.6791e+02	2.0069e+02	-2.6264e+02	-5.8569e+02	7.5837e+02	2.9657e+02	-1.1414e+02	-7.1473e+02	-2.8835e+03	4.2401e+02	-1.2617e+03	9.9565e+02	6.1300e+02	-9.7993e+02	-1.6266e+02	-8.0943e+02	9.5164e+02	-1.1633e+03	-9.1458e+02	1.1401e+03	1.1109e+02	3.8802e+02	-9.3390e+02	1.1163e+00	1.0857e+02	1.4667e+03	-8.9800e+02	-8.7551e+02	-5.1699e+02	1.0370e+03	-1.3527e+03	-2.2182e+03	-3.7154e+02	-2.0751e+03	-2.6074e+02	-8.6993e+02	3.1663e+02	-1.7284e+03	9.2450e+02	2.5880e+02	-1.8623e+03	-2.6535e+02	2.8245e+02	8.0293e+02	7.4790e+02	-4.5571e+02
1.6000e+05	-7.9102e+02	-6.2655e+02	1.2943e+03	5.2257e+02	-4.5608e+02	1.2938e+03	3.3472e+02	-1.8175e+03	-1.0733e+03	1.0734e+03	-7.5282e+02	1.4873e+03	-2.5468e+03	1.8633e+03	-2.3783e+03	1.9085e+03	9.8489e+02	-1.4985e+03	6.4132e+02	-1.1362e+03	3.0379e+03	-3.7581e+02	1.8163e+03	1.2027e+03	-5.2317e+01	-5.5178e+02	1.3305e+01	-4.0834e+03	2.7349e+02	2.2984e+03	1.5066e+02	3.6807e+02	3.6562e+03	1.0248e+03	-1.5717e+03	1.3933e+03	-5.9834e+02	3.4230e+02	-9.0716e+02	1.2027e+03	1.1170e+03	-3.4981e+03	6.8895e+02	-2.1808e+03	-2.2530e+02	2.6891e+03	1.3788e+03	-2.2443e+03	7.2594e+02	1.4027e+03	1.2344e+03	2.0417e+03	-1.4061e+03	6.1902e+02	2.1191e+03	-1.5213e+03	-2.0128e+03	8.7565e+02	1.4058e+03	-1.3032e+03	3.6381e+02	-5.6023e+02	7.9685e+02	-2.3167e+03	2.4150e+03	1.1023e+03	8.3852e+02	-1.8185e+03	1.0128e+03	2.5465e+02	-1.6322e+02	6.2922e+01	-2.0084e+03	-4.4855e+03	1.7858e+01	-6.1515e+02	-5.7632e+02	-2.0178e+03	-1.0870e+03	-2.2410e+03	-5.5029e+02	-2.0359e+02	-9.1799e+02	-1.7405e+03	1.6399e+02	1.3593e+03	6.4935e+02	-2.7184e+03	-2.1075e+03	2.6823e+03	4.3569e+02	-9.3851e+02	-2.0473e+03	-2.2159e+03	2.1517e+02	-5.6007e+01	-9.1608e+01	1.4068e+03	-2.2401e+02	-1.1380e+03	-5.4886e+02	6.7648e+02	-1.2115e+03	-2.0499e+03	-2.5456e+03	1.2108e+03	1.8094e+03	8.9870e+02	-2.9739e+03	-7.0155e+01	7.9193e+02	-3.2102e+02	-3.7365e+03	-1.5632e+03	2.5543e+02	-1.4658e+03	-4.2451e+03	9.1088e+02	1.7388e+02	2.4215e+03	1.2595e+03	-8.7065e+02	-3.7804e+03	-2.9829e+03	1.3135e+03	-6.8033e+02	-2.3979e+02	-3.0686e+03	4.3859e+02	-1.4944e+03	3.1177e+03	-3.2071e+03	-9.6842e+02	1.0052e+03	-3.9092e+02	1.3428e+03	-2.5652e+03	1.2821e+02	2.9507e+03	2.1063e+03	4.1818e+02	9.8298e+02	-2.0267e+03	1.6063e+03	1.4132e+03	1.5692e+02	-1.7719e+03	-2.4222e+03	7.4188e+02	-7.7616e+02	-1.1733e+03	-3.2715e+03	-4.9284e+02	-1.5953e+03	-1.9962e+03	-7.4587e+02	-8.3283e+02	1.3349e+03	1.0623e+03	-1.3530e+02	-5.1307e+02	5.1903e+01	-1.1796e+02	-2.9109e+03	-2.0280e+03	-1.7010e+03	7.4781e+02	3.9655e+03	6.4943e+02	-3.4069e+02	1.2389e+03	-3.3088e+02	2.2332e+03	-1.2863e+02	2.7128e+03	1.8776e+03	1.1675e+03	9.7356e+00	-7.9260e+02	-5.6938e+02	-1.1363e+02	4.3122e+02	3.9683e+02	-1.2529e+03	4.4864e+03	-2.9100e+03	-4.1375e+03	2.2637e+03	1.8234e+03	3.2769e+02	-1.1138e+03	1.0333e+02	2.3735e+02	-5.8678e+01	7.2730e+02	2.6268e+03	-4.2307e+02	1.4463e+03	-1.4210e+02	-1.6877e+03
1.8000e+05	3.7470e+02	-1.2691e+03	-4.6731e+02	1.1284e+03	-3.8949e+02	-6.6973e+02	-2.3432e+03	-5.9503e+02	-6.8833e+02	-4.1195e+02	-2.7291e+01	4.6656e+02	1.8282e+02	9.9148e+02	-4.4868e+02	-8.1452e+02	-6.5082e+02	1.1682e+03	-9.9096e+00	-1.2081e+03	1.3879e+03	6.3228e+02	-1.3198e+03	-3.6492e+02	-1.2256e+03	-1.0662e+03	-6.7022e+02	-3.7661e+02	9.1780e+02	-7.6194e+02	1.1388e+03	4.4175e+02	-3.0242e+03	1.4344e+02	1.7757e+03	1.3110e+02	-1.4645e+03	-1.0333e+03	5.1091e+02	-9.7028e+02	-2.4629e+02	1.1399e+03	1.9800e+03	1.2980e+03	8.7391e+02	-2.8804e+02	5.4608e+02	4.5423e+02	6.0962e+02	8.8684e+02	-3.0495e+02	-5.2491e+02	-1.2409e+02	-6.2300e+02	-3.9376e+02	-1.4739e+03	-5.1603e+02	-3.6123e+02	-8.3429e+02	-1.7455e+01	-3.2968e+02	8.5455e+02	-2.3061e+03	-1.8555e+03	1.7234e+03	-2.5171e+03	1.0291e+03	1.2042e+03	-2.0047e+02	-1.5137e+02	-9.4405e+02	4.7971e+02	-1.0630e+03	-1.1213e+02	5.2153e+02	5.7353e+02	-5.1231e+00	-8.2489e+01	-1.4183e+03	1.6069e+03	-2.5779e+02	-3.1026e+01	5.0632e+02	-9.8687e+02	1.9955e+02	6.4812e+02	6.9584e+02	1.3191e+02	6.5086e+02	7.4121e+02	-2.1897e+02	4.5231e+02	-1.6441e+03	-3.9487e+02	-4.9315e+02	4.5033e+02	-2.1030e+03	9.5476e+02	-8.4445e+02	1.1790e+03	-1.4092e+03	1.2178e+03	-3.0038e+02	1.7168e+03	-6.6545e+02	3.0938e+01	-2.9429e+03	7.6888e+02	-5.8208e+02	3.2979e+02	-1.2747e+03	1.9786e+03	1.0831e+03	1.4083e+02	-5.8489e+02	-1.1123e+03	1.6711e+03	-7.1595e+02	2.9456e+02	-1.4130e+03	2.0022e+02	5.2633e+02	-1.1946e+03	-1.3435e+03	-2.0583e+03	-6.7268e+01	1.9022e+03	-7.2707e+02	-1.5779e+01	2.1532e+03	2.0972e+01	1.3818e+03	-1.4116e+03	-9.9054e+01	7.5115e+02	-1.1488e+03	-9.4694e+02	-3.7575e+02	4.9429e+02	-1.0512e+03	-7.5474e+02	4.5962e+01	-8.7322e+02	-6.2050e+02	7.8979e+02	7.7507e+02	1.0523e+03	3.8189e+02	-1.5891e+03	1.8926e+03	-1.3950e+03	-9.0557e+02	-7.6960e+01	-1.1939e+03	-2.6033e+01	4.1737e+02	-5.7646e+02	-6.5398e+02	1.3482e+03	-3.1618e+02	2.8469e+01	-5.7630e+02	-2.1586e+03	3.0488e+02	-1.4374e+03	1.1674e+03	9.8346e+02	-8.1988e+02	-2.4140e+02	-6.0111e+02	1.1888e+03	-1.2856e+03	-4.3856e+02	9.0366e+02	-1.7918e+02	9.0889e+02	-8.7330e+02	1.7197e+02	4.5696e+02	2.1333e+03	-1.0967e+03	-7.1982e+02	3.5443e+01	1.3286e+03	-1.0736e+03	-1.9214e+03	-2.7207e+02	-1.5261e+03	-1.0114e+03	-1.1120e+03	3.6537e+02	-2.3863e+03	1.2916e+03	6.8478e+02	-1.6204e+03	2.6985e+02	6.4961e+01	7.3589e+02	1.0678e+03	1.0713e+02
1.8000e+05	-9.6659e+01	-8.9660e+02	6.4217e+02	8.5547e+02	-9.5777e+02	1.3550e+03	-3.4869e+02	-2.6536e+03	-5.1371e+02	1.0971e+03	-6.5397e+02	1.0325e+03	-2.5029e+03	2.1480e+03	-1.4625e+03	2.1685e+03	1.7270e+03	-1.2190e+03	9.9144e+02	-5.9022e+02	1.8866e+03	-6.7706e+02	2.3099e+03	1.3780e+03	8.2261e+02	3.8627e+02	3.5046e+02	-4.3655e+03	1.3606e+03	2.2839e+03	1.3647e+03	5.6542e+02	4.0124e+03	2.2091e+03	-1.7090e+03	1.4591e+02	-6.7272e+02	-2.0893e+00	-1.6132e+03	9.6125e+02	1.3297e+03	-3.4284e+03	1.3203e+03	-1.3676e+03	-2.4176e+02	2.9779e+03	9.8663e+02	-1.6500e+03	-1.3469e+02	2.3931e+03	1.4855e+03	2.7673e+03	-2.7510e+03	-6.0899e+02	1.8194e+03	-1.9849e+03	-1.7422e+03	8.4471e+02	2.4074e+03	-1.0553e+03	-8.6080e+02	-1.2069e+01	8.1133e+02	-1.9361e+03	2.2196e+03	9.0645e+02	2.8618e+02	-1.8830e+03	5.0032e+02	3.3197e+02	9.3674e+02	4.7036e+02	-2.0233e+03	-3.8479e+03	-1.2960e+03	-6.1068e+02	-8.6150e+02	-1.9534e+03	-1.1779e+03	-1.1055e+03	-1.0420e+03	-2.3669e+02	-1.3088e+03	-1.8495e+03	5.0773e+02	4.9718e+02	9.6852e+02	-2.7947e+03	-2.7082e+03	3.6136e+03	4.5425e+02	1.1701e+02	-2.7761e+03	-2.0368e+03	1.9475e+02	6.3437e+02	-1.1239e+03	2.9242e+03	2.4918e+02	-4.7018e+02	-1.2034e+03	6.1012e+02	-1.4100e+03	-2.9417e+03	-2.5153e+03	6.8694e+01	2.0723e+03	-3.3301e+02	-3.5214e+03	3.1539e+02	-6.1373e+00	-5.7523e+02	-3.2513e+03	-2.2734e+03	7.2142e+02	-1.3600e+03	-4.4787e+03	8.5405e+02	-1.0295e+02	1.4883e+03	1.9373e+03	-1.2077e+03	-3.8155e+03	-3.0328e+03	9.9295e+02	-3.2455e+02	1.7152e+02	-3.1344e+03	6.7212e+02	-1.9776e+03	3.5461e+03	-2.8055e+03	-4.8036e+02	1.1642e+03	-5.9333e+02	1.0393e+03	-2.2806e+03	1.2486e+03	1.8926e+03	2.3328e+03	-2.9871e+01	1.0696e+03	-1.7728e+03	1.2178e+03	8.8996e+02	5.9686e+02	-5.2130e+02	-2.0719e+03	-1.5880e+02	-1.3275e+03	-1.7574e+02	-3.0847e+03	4.6551e+02	-9.3379e+02	-2.4282e+03	-1.2394e+03	-1.0078e+03	1.9939e+03	9.5363e+02	-4.2875e+02	9.6448e+02	-9.4983e+02	1.8260e+02	-2.0698e+03	-2.1380e+03	-2.9096e+03	1.2023e+03	4.4030e+03	1.1660e+03	-8.2010e+02	7.2084e+02	-7.3352e+02	1.4665e+03	1.9180e+02	2.8647e+03	2.2653e+03	1.9822e+03	1.0599e+02	-2.7461e+02	-4.5890e+02	-2.9670e+02	9.3055e+02	1.1275e+03	-1.2731e+03	5.1338e+03	-3.4103e+03	-3.1861e+03	2.7584e+03	2.3341e+03	-4.1488e+01	-1.1990e+03	-8.3074e+01	1.1841e+03	1.2044e+02	8.5599e+02	2.9168e+03	-8.1139e+02	1.8299e+03	-1.2605e+03	-5.4808e+02
2.0000e+05	5.2081e+02	-1.1047e+03	-8.2833e+02	2.7998e+02	-8.3427e+02	-9.9388e+02	-2.5973e+03	-6.9496e+02	-8.0016e+02	-4.9858e+02	-7.9524e+01	5.3869e+02	-4.6837e+02	6.1200e+02	-4.6769e+02	-9.3484e+02	-1.6226e+02	6.0485e+02	-1.1812e+02	-1.5921e+03	8.4899e+02	1.0459e+03	-1.8065e+03	-4.1588e+01	-9.8372e+02	-8.2085e+02	-4.5429e+02	-3.9732e+02	2.4707e+02	-5.4074e+02	8.9204e+02	7.7791e+02	-3.3807e+03	5.6693e+02	1.7112e+03	3.5643e+02	-3.6448e+02	-2.5824e+02	4.1276e+02	-1.5819e+03	-3.2698e+02	1.5713e+03	2.2799e+03	1.7687e+03	1.1962e+03	-5.6562e+02	3.1201e+02	6.1678e+02	8.3115e+02	1.1804e+03	5.1333e+01	-8.9348e+02	1.8334e+02	-2.2867e+02	-6.5018e+00	-1.2892e+03	-1.3225e+03	-2.9203e+02	-4.0712e+02	-5.0432e+01	1.6094e+02	1.3537e+03	-1.8978e+03	-6.9830e+02	1.4396e+03	-2.6688e+03	1.6564e+03	1.1644e+03	-8.8422e+02	-4.2313e+02	-4.3900e+02	-1.5688e+01	-1.4540e+03	-7.5296e+01	5.0631e+02	4.7177e+02	-8.1469e+01	2.7014e+02	-1.3178e+03	2.0120e+03	-4.8874e+02	-1.8876e+02	9.3977e+02	-6.9747e+02	3.0537e+02	6.3513e+02	1.1925e+02	-1.4900e+01	6.2466e+02	5.1401e+02	2.4241e+02	2.0348e+02	-1.7017e+03	-1.2892e+02	-8.6066e+02	6.6355e+02	-2.1667e+03	1.7174e+03	-2.6697e+02	7.8337e+02	-1.5453e+03	1.0442e+03	8.6628e+01	1.8763e+03	-6.8969e+02	6.7034e+02	-3.1720e+03	6.4855e+02	-6.1088e+02	5.2511e+02	-1.9750e+03	2.7025e+03	1.1163e+03	4.6181e+02	-1.0037e+03	-3.6274e+02	1.2986e+03	-8.6407e+02	-3.3807e+02	-1.5328e+03	2.9901e+02	9.6447e+02	-1.4922e+03	-1.4201e+03	-1.6509e+03	2.4532e+02	1.2914e+03	-1.2178e+03	4.9651e+02	1.7335e+03	3.2887e+02	1.2168e+03	-7.0034e+02	2.4073e+02	7.1954e+02	-1.2115e+03	-4.5338e+02	-4.5129e+02	8.4993e+02	-1.2083e+03	-1.3891e+03	5.8944e+02	-9.2102e+02	-8.4461e+02	1.4111e+03	6.1576e+02	8.3305e+02	-4.8079e+02	-1.7359e+03	2.6387e+03	-6.4381e+02	-7.2443e+02	3.5025e+02	-9.3129e+02	3.7193e+02	6.7175e+02	-2.3348e+02	-5.6487e+02	1.7193e+03	1.1667e+01	-2.9774e+02	-2.4699e+01	-1.7498e+03	5.0340e+02	-1.2381e+03	9.6279e+02	6.1820e+02	-6.6009e+02	-4.8488e+02	-6.0728e+02	1.1109e+03	-1.3466e+03	1.6814e+02	7.9840e+02	2.6982e+02	1.0105e+03	-7.4560e+02	-1.0932e+02	8.2495e+02	2.2968e+03	-1.6328e+03	-1.3358e+03	2.7923e+02	1.4008e+03	-1.4923e+03	-1.5011e+03	-3.9281e+02	-1.0890e+03	-8.4468e+02	-1.6259e+03	6.2219e+02	-1.5386e+03	1.3735e+03	1.4419e+03	-1.3072e+03	1.0766e+02	1.1226e+02	5.9486e+02	1.0127e+03	-3.1229e+02
2.0000e+05	3.4350e+02	-3.6890e+02	2.1377e+02	1.0784e+03	-1.2941e+03	2.0140e+03	-4.5930e+02	-2.7702e+03	-2.1776e+03	1.6244e+03	-4.3245e+02	2.8396e+02	-3.3225e+03	1.6730e+03	-2.2452e+03	1.9349e+03	9.9738e+02	-1.1720e+03	1.3196e+03	-7.3549e+02	1.7631e+03	-1.5912e+02	2.6088e+03	1.1548e+03	6.4091e+02	5.4468e+02	4.6847e+02	-4.8227e+03	2.6596e+03	3.1723e+03	1.7199e+03	7.3151e+02	4.8934e+03	2.0898e+03	-1.1112e+03	5.7857e+02	-7.4296e+02	3.2701e+02	-1.7700e+03	2.4119e+03	1.4870e+03	-3.4474e+03	5.2031e+02	-2.2901e+03	-1.3688e+03	3.6517e+03	1.3115e+03	-1.1625e+03	-1.6855e+02	2.7078e+03	1.2498e+03	3.7000e+03	-3.1343e+03	-5.5129e+02	1.0931e+03	-1.0762e+03	-8.9981e+02	2.4956e+03	2.4139e+03	-1.2265e+03	-1.0991e+03	-6.5191e+02	9.4493e+02	-1.6466e+03	3.5081e+03	1.9197e+03	-3.6615e+02	-1.0006e+03	1.7387e+02	5.9612e+02	1.1138e+03	1.4941e+02	-1.1088e+03	-3.9591e+03	-1.6219e+03	-1.3665e+03	-3.0989e+02	-2.1124e+03	3.7329e+01	-1.4363e+03	-9.9902e+02	-1.1015e+03	-1.3104e+03	-2.1809e+03	2.3335e+02	-9.5260e+01	1.0149e+03	-2.5153e+03	-3.0110e+03	4.3357e+03	7.1620e+02	-4.4616e+02	-2.5528e+03	-2.6204e+03	3.4587e+01	6.0622e+02	-9.5650e+02	2.2745e+03	-3.3115e+02	-7.5632e+02	-1.0974e+03	1.3573e+03	-1.3000e+03	-2.5324e+03	-2.4379e+03	7.9907e+02	2.1553e+03	-3.2562e+02	-3.5114e+03	3.5706e+02	2.8562e+02	-1.4511e+03	-3.9383e+03	-3.2658e+03	3.5399e+02	-1.4463e+03	-4.1996e+03	1.9321e+03	-3.5839e+01	1.3935e+03	2.0666e+03	-1.5001e+03	-3.3370e+03	-3.5561e+03	1.3337e+03	1.2755e+02	9.3827e+01	-2.7994e+03	2.1252e+02	-1.9871e+03	3.2444e+03	-2.2104e+03	-5.7188e+02	1.3974e+02	-2.2438e+02	8.3642e+01	-1.4987e+03	2.4989e+03	2.2032e+03	1.5371e+03	-7.8684e+02	7.6881e+02	-2.1058e+03	7.6560e+02	8.6970e+02	2.2095e+02	-1.0102e+03	-2.3850e+03	-4.7852e+02	-2.6012e+02	-5.8596e+01	-3.3888e+03	1.3836e+00	-1.5658e+02	-1.9157e+03	-1.8341e+03	6.6913e+02	2.1262e+03	1.2758e+03	-2.5768e+02	1.3503e+03	-9.9682e+02	-1.6092e+02	-1.9552e+03	-2.7801e+03	-2.3291e+03	1.2413e+03	4.3561e+03	9.6790e+02	-9.7764e+02	3.3409e+02	-1.3408e+03	2.1717e+03	-6.3428e+02	4.1944e+03	1.8982e+03	1.8853e+03	1.3252e+03	-2.3841e+02	-1.2134e+03	2.1582e+02	6.4986e+02	3.7475e+02	-1.2739e+03	4.0828e+03	-2.8234e+03	-3.8991e+03	3.6445e+03	1.1546e+03	5.3968e+02	-9.1554e+02	-4.4793e+02	2.1200e+03	5.5450e+02	1.4657e+02	3.1288e+03	-5.0948e+02	1.8024e+03	-1.6153e+03	-6.0967e+02
