2.0000e+05	8.6501e+04
2.0000e+05	8.6419e+04
2.0000e+05	8.6731e+04
2.0000e+05	8.7177e+04
2.0000e+05	8.7897e+04
2.0000e+05	8.8921e+04
2.0000e+05	8.9751e+04
2.0000e+05	9.0761e+04
2.0000e+05	9.1941e+04
2.0000e+05	9.3608e+04
2.0000e+05	9.5473e+04
2.0000e+05	9.6992e+04
2.0000e+05	9.9172e+04
2.0000e+05	1.0118e+05
2.0000e+05	1.0354e+05
2.0000e+05	1.0532e+05
2.0000e+05	1.0687e+05
2.0000e+05	1.0842e+05
2.0000e+05	1.1064e+05
2.0000e+05	1.1258e+05
2.0000e+05	1.1391e+05
2.0000e+05	1.1564e+05
2.0000e+05	1.1614e+05
2.0000e+05	1.1678e+05
2.0000e+05	1.1686e+05
2.0000e+05	1.1445e+05
2.0000e+05	1.1434e+05
2.0000e+05	1.1450e+05
2.0000e+05	1.1438e+05
2.0000e+05	1.1494e+05
2.0000e+05	1.1545e+05
2.0000e+05	1.1558e+05
2.0000e+05	1.1462e+05
2.0000e+05	1.1463e+05
2.0000e+05	1.1441e+05
2.0000e+05	1.1518e+05
2.0000e+05	1.1448e+05
2.0000e+05	1.1542e+05
2.0000e+05	1.1394e+05
2.0000e+05	1.1510e+05
2.0000e+05	1.1481e+05
2.0000e+05	1.1394e+05
2.0000e+05	1.1467e+05
2.0000e+05	1.1450e+05
2.0000e+05	1.1504e+05
2.0000e+05	1.1410e+05
2.0000e+05	1.1394e+05
2.0000e+05	1.1430e+05
2.0000e+05	1.1413e+05
2.0000e+05	1.1374e+05
2.0000e+05	1.1326e+05
2.0000e+05	1.1402e+05
2.0000e+05	1.1382e+05
2.0000e+05	1.1288e+05
2.0000e+05	1.1357e+05
2.0000e+05	1.1277e+05
2.0000e+05	1.1287e+05
2.0000e+05	1.1321e+05
2.0000e+05	1.1242e+05
2.0000e+05	1.1256e+05
2.0000e+05	1.1252e+05
2.0000e+05	1.1200e+05
2.0000e+05	1.1200e+05
2.0000e+05	1.1145e+05
2.0000e+05	1.1131e+05
2.0000e+05	1.1133e+05
2.0000e+05	1.1090e+05
2.0000e+05	1.1106e+05
2.0000e+05	1.1094e+05
2.0000e+05	1.1057e+05
2.0000e+05	1.1017e+05
2.0000e+05	1.0958e+05
2.0000e+05	1.1016e+05
2.0000e+05	1.0971e+05
2.0000e+05	1.0953e+05
2.0000e+05	1.0862e+05
2.0000e+05	1.0865e+05
2.0000e+05	1.0860e+05
2.0000e+05	1.0841e+05
2.0000e+05	1.0808e+05
2.0000e+05	1.0747e+05
2.0000e+05	1.0767e+05
2.0000e+05	1.0687e+05
2.0000e+05	1.0696e+05
2.0000e+05	1.0688e+05
2.0000e+05	1.0580e+05
2.0000e+05	1.0648e+05
2.0000e+05	1.0622e+05
2.0000e+05	1.0564e+05
2.0000e+05	1.0510e+05
2.0000e+05	1.0506e+05
2.0000e+05	1.0424e+05
2.0000e+05	1.0478e+05
2.0000e+05	1.0384e+05
2.0000e+05	1.0378e+05
2.0000e+05	1.0397e+05
2.0000e+05	1.0296e+05
2.0000e+05	1.0321e+05
2.0000e+05	1.0278e+05
2.0000e+05	1.0266e+05
2.0000e+05	1.0176e+05
2.0000e+05	1.0210e+05
2.0000e+05	1.0177e+05
2.0000e+05	1.0176e+05
2.0000e+05	1.0117e+05
2.0000e+05	1.0050e+05
2.0000e+05	1.0092e+05
2.0000e+05	1.0073e+05
2.0000e+05	1.0014e+05
2.0000e+05	9.9803e+04
2.0000e+05	9.9424e+04
2.0000e+05	9.8923e+04
2.0000e+05	9.8449e+04
2.0000e+05	9.8818e+04
2.0000e+05	9.8636e+04
2.0000e+05	9.8648e+04
2.0000e+05	9.8086e+04
2.0000e+05	9.7369e+04
2.0000e+05	9.7306e+04
2.0000e+05	9.7220e+04
2.0000e+05	9.7007e+04
2.0000e+05	9.6264e+04
2.0000e+05	9.6395e+04
2.0000e+05	9.6648e+04
2.0000e+05	9.5737e+04
2.0000e+05	9.5717e+04
2.0000e+05	9.5648e+04
2.0000e+05	9.4980e+04
2.0000e+05	9.5352e+04
2.0000e+05	9.4881e+04
2.0000e+05	9.4789e+04
2.0000e+05	9.4653e+04
2.0000e+05	9.4619e+04
2.0000e+05	9.3991e+04
2.0000e+05	9.3041e+04
2.0000e+05	9.3117e+04
2.0000e+05	9.3265e+04
2.0000e+05	9.3012e+04
2.0000e+05	9.2868e+04
2.0000e+05	9.2145e+04
2.0000e+05	9.2720e+04
2.0000e+05	9.2663e+04
2.0000e+05	9.1937e+04
2.0000e+05	9.1684e+04
2.0000e+05	9.1743e+04
2.0000e+05	9.1427e+04
2.0000e+05	9.1306e+04
2.0000e+05	9.1149e+04
2.0000e+05	9.0722e+04
2.0000e+05	9.0939e+04
2.0000e+05	9.0467e+04
2.0000e+05	9.0351e+04
2.0000e+05	9.0341e+04
2.0000e+05	9.0353e+04
2.0000e+05	9.0230e+04
2.0000e+05	8.9315e+04
2.0000e+05	8.9379e+04
2.0000e+05	8.9402e+04
2.0000e+05	8.9534e+04
2.0000e+05	8.8984e+04
2.0000e+05	8.9272e+04
2.0000e+05	8.8773e+04
2.0000e+05	8.8802e+04
2.0000e+05	8.8551e+04
2.0000e+05	8.8107e+04
2.0000e+05	8.8383e+04
2.0000e+05	8.7843e+04
2.0000e+05	8.8692e+04
2.0000e+05	8.8474e+04
2.0000e+05	8.7641e+04
2.0000e+05	8.7954e+04
2.0000e+05	8.7496e+04
2.0000e+05	8.7873e+04
2.0000e+05	8.7093e+04
2.0000e+05	8.7412e+04
2.0000e+05	8.6690e+04
2.0000e+05	8.7369e+04
2.0000e+05	8.6672e+04
2.0000e+05	8.6844e+04
2.0000e+05	8.6583e+04
2.0000e+05	8.7023e+04
2.0000e+05	8.7144e+04
2.0000e+05	8.7121e+04
2.0000e+05	8.6179e+04
2.0000e+05	8.6971e+04
2.0000e+05	8.6287e+04
2.0000e+05	8.6881e+04
2.0000e+05	8.6359e+04
2.0000e+05	8.6147e+04
2.0000e+05	8.6605e+04
2.0000e+05	8.6162e+04
2.0000e+05	8.6119e+04
2.0000e+05	8.6489e+04
2.0000e+05	8.5890e+04
2.0000e+05	8.6131e+04
2.0000e+05	8.6119e+04
2.0000e+05	8.6276e+04
2.0000e+05	8.5941e+04
2.0000e+05	8.6379e+04
2.0000e+05	8.5799e+04
