2.0000e+04	2.8552e+02	-5.6512e+02	1.0174e+02	6.3605e+02	1.0303e+02	3.4789e+02	-5.4812e+02	-9.0645e+02	-6.4085e+02	-2.5485e+02	-4.6576e+02	8.4387e+02	-2.7243e+02	4.7404e+01	-4.0473e+01	-8.0912e+01	4.1710e+02	2.6649e+02	-1.1728e+02	1.2643e+02	1.3653e+02	4.8223e+02	-5.0081e+01	7.5497e+01	1.1234e+02	1.1191e+02	9.8953e+01	5.3025e+02	-1.7840e+02	-4.5018e+02	4.1800e+02	9.9830e+01	-5.0995e+01	-5.0941e+02	4.5496e+02	-2.4907e+02	-3.2659e+02	1.2631e+01	-4.1150e+02	6.6528e+01	7.6549e+02	2.2983e+02	5.8851e+01	3.0307e+02	-2.7952e+02	4.2453e+02	1.7016e+01	-6.5519e+02	3.6856e+02	2.7467e+02	-2.6993e+00	3.3328e+02	-3.4599e+02	-4.4122e+02	7.8285e+02	4.5459e+02	-3.7982e+02	-2.5450e+02	1.9003e+02	9.0185e+01	2.6967e+02	-3.8750e+02	3.7892e+02	-8.0093e+01	1.3686e+02	9.3624e+01	-7.6695e+00	5.8719e+02	4.7568e+02	-5.8164e+02	-1.3704e+02	2.2789e+02	-2.0725e+02	3.9378e+02	4.0989e+02	2.5942e+02	1.9086e+00	7.4175e+01	8.4859e+02	-3.0404e+02	1.1385e+03	-6.8117e+01	5.7618e+02	3.4871e+02	3.2330e+02	6.6909e+02	1.3068e+02	-3.5468e+02	-3.3047e+02	7.6683e+01	-3.2747e+02	-1.9998e+01	2.4616e+02	-4.4867e+02	1.9158e+02	-3.6883e+02	4.1141e+01	-2.1002e+02	1.2882e+02	-3.3592e+02	-1.3556e+02	1.4446e+02	4.5834e+01	2.8521e+02	-1.5852e+02	7.5624e+02	-2.4833e+02	3.4395e+02	-5.0481e+02	-1.6894e+02	-4.9370e+02	4.9825e+02	9.7078e+00	-2.1394e+02	9.5551e+02	-3.7451e+02	3.8213e+01	1.8709e+02	-6.6844e+01	2.5453e+02	-2.3292e+02	-1.4161e+02	-2.8170e+02	-1.5171e+01	-2.6925e+02	7.4644e+02	5.3879e+01	-4.0586e+01	-3.4577e+02	3.5902e+02	-5.9928e+02	2.4356e+02	-4.2030e+02	-1.8583e+02	-4.2246e+02	-1.5733e+02	-1.0729e+02	1.2622e+03	-3.1216e+02	3.9146e+02	-1.8105e+02	5.2939e+02	1.4613e+02	4.6961e+02	-1.2944e+02	1.8151e+02	3.1144e+01	-4.1861e+02	3.9762e+01	2.8081e+02	-4.5350e+02	-1.1448e+02	-8.8307e+02	-1.6336e+01	-2.4031e+02	2.5477e+02	5.9538e+01	2.8400e+02	7.4185e+02	2.6180e+02	-3.0868e+02	-3.8716e+01	2.1664e+02	9.6722e+01	-4.6573e+02	-4.1097e+02	2.6079e+02	6.1045e+02	4.2087e+02	-5.1551e+02	6.5559e+01	-5.4975e+01	-3.0026e+01	-8.8163e+01	1.6578e+02	5.1744e+02	6.4398e+02	-4.2056e+02	-1.3004e+02	-4.9831e+01	5.1644e+01	2.2488e+02	2.0509e+02	-9.3791e+01	1.5311e+02	4.9614e+02	1.0961e+02	-9.7075e+01	-6.7164e+00	2.3269e+02	-2.1661e+02	4.8867e+02	-7.5048e+01	5.5516e+02	5.1676e+01	-4.2767e+02	2.8144e+01	1.5213e+02	1.3541e+02	1.2162e+02
2.0000e+04	-8.4373e+02	4.9849e+02	-1.2246e+01	-8.2188e+02	2.3766e+02	4.1094e+02	-4.1624e+02	3.8209e+02	-2.3124e+02	6.0198e+02	-8.8792e+02	-9.7342e+02	-8.7704e+02	3.2243e+02	-5.9965e+02	-5.1560e+01	6.3960e+02	-8.3355e+02	-5.7369e+02	-1.7803e+02	4.0451e+01	-1.1373e+03	1.0984e+03	2.2598e+02	7.1418e+02	8.4248e+02	7.8118e+02	3.2930e+01	-1.8475e+02	8.0174e+01	-1.0379e+03	6.8131e+02	-5.9270e+02	-1.9294e+02	3.4756e+00	-1.0881e+03	-8.7420e+02	5.2896e+02	-4.9359e+02	-3.5317e+02	-6.1097e+02	-6.6830e+02	-2.1493e+02	-3.1118e+02	3.1871e+02	5.6078e+02	-8.1376e+02	3.9768e+02	4.3863e+02	-4.2104e+02	-2.5912e+02	-4.1099e+02	1.0569e+03	5.5438e+02	-3.5589e+01	6.9918e+02	-1.4342e+02	-7.7086e+02	2.6957e+02	-4.1907e+02	4.2277e+02	3.6287e+02	-4.7577e+02	3.0652e+02	-1.4588e+03	-1.2825e+03	2.5216e+02	-1.3759e+02	-3.2846e+02	8.2116e+02	2.6857e+02	4.8543e+02	-7.1020e+02	-6.6043e+01	7.4410e+02	-3.5124e+02	-1.0560e+02	-3.3986e+02	-4.8606e+02	3.1766e+02	6.4760e+02	-8.7959e+02	-9.8234e+02	5.9755e+02	7.4096e+02	2.6828e+02	1.3091e+03	-3.1609e+01	3.3903e+02	-9.8245e+02	2.3449e+02	-1.5796e+02	-2.0147e+02	-8.5394e+02	-6.4153e+02	3.1899e+02	3.2026e+01	1.0209e+03	-9.3789e+02	-8.4889e+02	-7.4340e+02	1.0788e+02	1.7291e+02	7.9977e+02	1.2260e+03	2.5021e+02	-2.7260e+02	-4.7087e+02	-5.4624e+02	-4.5610e+02	1.4000e+02	-4.6652e+02	5.0302e+02	-7.1607e+01	1.0614e+03	1.2710e+03	8.0436e+02	-2.6351e+02	-3.9270e+01	-5.8415e+02	-5.7334e+02	-5.2188e+02	-1.0508e+03	-8.9007e+02	-5.6655e+02	-9.2535e+02	-2.4215e+02	1.5317e+02	5.9327e+02	-4.2800e+02	3.1991e+02	8.3345e+02	-1.7946e+02	-6.5795e+01	4.7544e+02	5.7033e+01	-4.4964e+01	-3.1267e+02	-1.2300e+01	9.4847e+02	4.4595e+02	-2.4470e+02	3.3174e+02	-1.6125e+02	-2.0920e+02	-1.0098e+02	-1.1076e+02	5.6911e+02	2.4103e+01	2.1858e+02	-1.8194e+02	8.4391e+01	-7.9442e+02	-2.2758e+01	-1.0089e+03	5.2714e+02	-4.1401e+02	-5.0309e+01	3.4626e+02	-9.3005e+02	1.4500e+02	-8.7702e+02	-1.2574e+02	9.2248e+02	4.3179e+02	-9.3213e+00	1.8045e+03	1.8283e+02	4.7764e+02	-6.0928e+02	2.4889e+02	6.9013e+02	4.3601e+02	-3.6474e+01	-4.0988e+02	-2.2790e+02	-6.1412e+02	-2.7111e+01	-3.7774e+02	-2.5471e+02	-1.0898e+02	-1.4436e+02	-8.4678e+01	-7.8044e+02	-7.0524e+02	3.1424e+01	3.9360e+02	2.4243e+02	3.7182e+02	5.8115e+02	4.9231e+02	1.1496e+03	5.1874e+01	-2.1466e+02	-2.1592e+02	-1.9375e+02	7.1667e+02	7.6362e+01	7.3221e+02	-5.9246e+02
4.0000e+04	7.6833e+02	-5.3391e+02	1.8839e+02	9.0096e+02	-1.0198e+02	4.9851e+01	-1.5894e+02	-1.0907e+03	-1.1981e+03	5.2072e+02	-9.1407e+02	1.2656e+03	2.2805e+02	-4.1999e+02	-5.4759e+01	1.5268e+02	2.8285e+02	2.2339e+02	5.0055e+00	1.5912e+02	-1.4582e+02	2.7127e+02	-3.7487e+02	-1.4044e+02	2.9734e+02	8.4556e+01	1.1218e+02	2.4981e+02	5.1760e+01	-2.5572e+02	3.1036e+02	2.1717e+02	-2.8584e+02	-1.2830e+03	1.1953e+02	-2.9304e+02	-7.5024e+02	3.1703e+01	-2.8293e+02	2.5948e+02	7.6506e+02	-3.7959e+02	-5.3061e+02	4.2926e+02	-4.0195e+02	1.6670e+02	-1.0899e+02	-4.3475e+02	5.8360e+02	1.6843e+02	7.0941e+01	-2.4882e+02	-2.4557e+02	-6.5965e+02	7.4034e+02	-3.2671e+02	-2.2291e+01	-5.9074e+02	1.2527e+01	-2.8673e+02	1.0941e+02	1.0430e+02	2.8245e+02	3.3352e+02	4.3552e+02	-5.9313e+01	4.5245e+02	1.1600e+03	-2.1723e+02	-3.4011e+02	-6.1904e+01	-2.3350e+02	-9.1273e+02	8.8854e+02	-2.1835e+02	5.4004e+01	3.4871e+00	1.9984e+02	1.2051e+03	-5.0106e+02	1.1184e+03	-9.2097e+02	1.4216e+03	-5.4863e+02	2.8865e+02	5.3592e+02	-1.9073e+02	-5.5100e+02	-6.3244e+01	4.5464e+02	-3.6447e+02	3.7604e+02	2.1381e+02	-8.1410e+02	4.1649e+02	-5.3166e+02	3.9033e+02	-7.6925e+02	2.7163e+02	-8.6099e+02	-3.2893e+02	-3.0301e+02	4.6911e+02	4.2946e+02	3.4506e+02	4.7696e+02	3.7309e+02	2.1991e+02	-5.0156e+02	-1.6154e+02	-2.8273e+02	3.7882e+02	2.1214e+02	-2.3843e+02	6.6224e+02	-1.3160e+02	2.5230e+02	1.2369e+02	-2.5197e+02	3.6153e+02	1.1356e+02	-3.5515e+02	-4.6110e+02	4.3969e+02	-6.3475e+02	9.4933e+02	-3.6179e+02	-6.1141e+02	-2.0808e+02	-3.2095e+02	-7.5456e+02	2.1793e+02	-6.0010e+02	-3.0689e+02	-6.3147e+02	-2.9981e+01	-4.4067e+02	1.2154e+03	-1.3813e+02	3.8967e+02	-4.5388e+02	5.5340e+02	-1.7172e+02	4.4092e+02	-7.5431e+01	-3.1249e+01	6.7735e+02	-6.0071e+02	-2.1463e+02	-4.2806e+01	-2.2072e+02	1.1952e+02	-7.8195e+02	-9.7725e+02	1.6082e+01	4.8248e+02	-1.9891e+02	-1.2146e+02	6.0809e+02	-4.6627e+02	-1.5536e+02	8.7435e+01	1.5309e+02	2.0992e+02	-4.8832e+02	-2.9975e+01	-9.1405e+01	5.3640e+02	-1.9503e+00	-5.9259e+02	-1.0026e+03	-1.5057e+01	4.7163e+02	-3.1163e+02	3.6959e+02	9.5275e+02	5.8332e+02	-1.6120e+02	-1.7477e+02	-1.6030e+01	6.2154e+02	6.5973e+02	-3.0750e+02	-3.4855e+01	-8.9243e+01	1.9391e+02	3.1345e+02	-5.3784e+02	4.1187e+02	2.6208e+02	1.3773e+02	6.3934e+02	-9.7109e+01	1.2681e+02	1.1633e+02	-5.5705e+02	-4.6734e+01	7.5694e+02	1.0501e+02	-3.1414e+02
4.0000e+04	-4.5084e+02	7.5242e+02	-1.6066e+02	-1.0767e+03	1.2808e+03	1.6804e+02	-1.0667e+02	-2.5440e+02	-4.5607e+02	7.1231e+02	-4.8368e+02	-6.4467e+02	-1.3219e+03	1.3871e+02	5.7416e+02	2.3912e+02	1.0014e+03	-1.6863e+03	-4.6227e+02	6.1898e+02	-2.4686e+02	-7.9318e+02	1.6487e+03	-2.9907e+02	2.6668e+02	8.0678e+02	-1.9606e+02	4.9038e+02	-4.2780e+02	-1.7840e+02	-1.4495e+03	1.4771e+02	-7.6229e+02	4.9442e+02	-4.4588e+02	-2.2098e+03	-7.6488e+02	-3.6674e+01	-7.1553e+02	5.8330e+02	-1.6116e+02	-4.8495e+02	-6.8521e+01	-3.4230e+02	8.8132e+02	1.5079e+01	1.1180e+02	3.6207e+02	2.6341e+02	3.9698e+02	-9.4973e+02	-1.1698e+03	5.5734e+02	-3.1616e+02	7.5569e+01	1.3760e+03	6.0010e+02	-1.0876e+03	1.0131e+03	-9.7749e+01	-1.6293e+02	2.5502e+02	-5.1068e+02	1.5855e+02	-2.1745e+03	-4.6565e+02	6.8246e+02	9.6128e+02	-7.5361e+02	2.3788e+02	-4.2211e+02	-3.5061e+02	-9.5569e+01	-1.5091e+03	-3.6485e+01	-2.9220e+02	-7.6422e+02	-1.5679e+03	-4.8337e+02	1.8761e+02	4.4736e+02	-3.6385e+02	-7.6221e+02	3.1764e+02	8.4097e+02	9.0736e+02	9.4753e+02	-6.1890e+02	2.6491e+01	-2.1406e+02	-2.4734e+01	2.5633e+02	1.6491e+02	-4.4383e+02	-8.3033e+02	1.7378e+02	4.3332e+02	6.6511e+02	-8.5222e+02	-6.9955e+02	-4.1894e+02	-2.6891e+02	-2.8658e+00	6.3579e+02	1.6240e+03	-8.4401e+02	-5.6898e+01	-3.6930e+02	-7.4837e+02	-5.5290e+02	-1.2429e+02	-9.4161e+02	6.4491e+02	7.5522e+02	4.6999e+02	1.8902e+03	4.5206e+02	-4.6139e+02	-7.3018e+02	-3.7595e+02	-1.2441e+03	-1.1271e+03	-1.0341e+03	-1.0359e+02	-9.1264e+02	-9.3912e+02	-5.8471e+02	-4.5700e+02	1.5269e+02	6.3719e+02	3.2767e+02	3.3184e+02	2.8086e+01	-2.7570e+02	2.1507e+02	-1.1537e+02	-7.1562e+02	6.0630e+02	9.4479e+00	5.3097e+02	1.1672e+03	4.0300e+02	6.8431e+02	-1.2201e+03	-3.2794e+02	-3.7169e+02	3.3089e+02	1.2678e+03	-4.0499e+02	1.4555e+03	-1.4195e+03	-2.8802e+02	-9.7931e+02	6.7815e+02	-6.1463e+02	3.9173e+02	-1.9009e+02	-1.3532e+02	5.9838e+02	-1.3306e+03	1.9259e+01	-1.1815e+03	-7.2250e+02	9.8940e+02	2.1943e+02	5.7814e+02	2.5514e+03	3.9635e+02	2.2549e+02	-1.2519e+03	1.5773e+02	6.2275e+02	-7.9344e+01	-1.2927e+03	-1.2688e+03	-5.4781e+02	-9.5255e+02	6.3494e+02	-1.6959e+03	-4.2795e+02	-1.4203e+02	-6.2330e+02	3.1022e+01	-1.9927e+03	-4.3758e+02	-2.8081e+02	2.9453e+02	9.4982e+02	6.9262e+02	1.9381e+02	1.3411e+03	1.5413e+03	9.6495e+01	-1.8637e+02	-1.5435e+02	5.6999e+02	-2.5363e+02	4.7528e+02	1.2374e+03	-3.2927e+02
6.0000e+04	8.9134e+02	-2.0570e+02	3.5476e+01	1.0001e+03	3.6033e+02	1.5609e+02	4.5370e+02	-8.4771e+02	-1.1764e+03	3.7868e+02	-5.5927e+02	1.1611e+03	-7.6980e+01	-3.3151e+02	-3.2601e+02	2.4190e+01	3.1897e+02	-2.8413e+02	6.4862e+01	-7.0143e+01	-7.0290e+02	4.5771e+02	-4.2129e+02	2.5626e+02	1.0007e+03	-3.1215e+02	1.9746e+02	8.4409e+01	3.6682e+02	-6.7924e+02	-1.6473e+02	6.4420e+02	4.1091e+02	-7.2728e+02	-1.3263e+02	-1.6652e+02	-7.1928e+02	3.0415e+02	-4.2767e+02	-5.3266e+02	1.0079e+03	-8.9333e+02	-6.5914e+02	4.7705e+02	-3.2272e+02	-4.9975e+01	-3.9944e+02	-3.4540e+02	4.6279e+02	-5.2273e+01	3.8576e+02	-5.7521e+02	9.4187e+01	-6.7517e+02	8.8146e+02	4.8338e+02	4.8342e+01	-7.8760e+02	-3.0092e+02	-3.8576e+02	-1.8495e+02	3.7689e+02	5.8003e+01	7.0558e+02	1.1113e+03	-7.7826e+02	2.5739e+02	1.6236e+03	1.8650e+02	-3.6174e+01	1.3331e+02	-3.9395e+01	-1.8504e+03	1.3042e+03	1.0928e+02	-6.5926e+02	1.9610e+02	2.7358e+02	1.5046e+03	-3.3710e+02	1.8320e+03	-4.1877e+02	1.1592e+03	-3.0551e+02	3.4568e+02	4.3048e+02	-5.6383e+02	-1.0348e+03	3.8326e+01	3.0407e+02	-3.3466e+02	6.5756e+02	-2.9637e+01	-1.3834e+03	8.1305e+02	-3.5008e+02	9.1381e+02	-9.4083e+02	7.2028e+02	-7.9356e+02	2.0009e+02	-2.7296e+02	4.7431e+02	-6.7751e+01	2.7032e+02	3.0463e+02	6.2491e+02	2.6395e+02	-4.1461e+02	-5.9516e+02	-3.9800e+02	-2.4886e+02	2.9629e+02	2.1901e+02	2.8157e+02	-4.7005e+02	2.3797e+02	-4.0545e+02	-5.6165e+02	9.8465e+02	1.5986e+02	-1.0025e+03	-3.7347e+02	5.6434e+02	-4.7456e+02	1.3288e+03	-3.3812e+02	-7.6930e+02	-2.0819e+02	-1.0796e+03	-1.0696e+03	1.4002e+02	-6.4895e+02	-5.8923e+02	-7.3008e+02	-2.6121e+01	-2.6871e+02	8.6802e+02	1.3760e+02	6.4839e+01	-1.2480e+02	6.8224e+02	-1.0346e+03	4.6517e+02	1.0068e+02	-2.3600e+02	5.4048e+02	-4.4299e+02	-1.7203e+02	2.4713e+02	-3.3400e+02	1.2435e+02	-9.4822e+02	-1.0276e+03	-3.0058e+01	6.1684e+02	7.0629e+01	-2.4395e+02	9.7845e+02	-2.9721e+02	-4.6039e+02	-6.3660e+02	5.8046e+02	9.1768e+02	-6.4873e+02	4.4335e+01	3.8534e+02	4.4388e+02	-5.2334e+02	-5.3339e+02	-5.7057e+02	2.7327e+02	5.7085e+02	-6.1189e+02	-1.1155e+02	1.1840e+03	1.1585e+03	-2.6352e+02	-1.2768e+02	-2.0624e+02	6.6569e+02	5.3719e+02	-1.2237e+03	2.2180e+02	-2.2305e+02	4.6523e+02	1.2305e+02	-6.1472e+02	7.3825e+02	2.4264e+02	1.3407e+02	8.2912e+02	1.6665e+02	-1.2243e+02	4.5845e+02	-1.2846e+02	-2.1270e+02	4.8700e+02	1.0402e+02	-4.7945e+01
6.0000e+04	-9.4105e+02	1.6011e+03	2.2684e+02	-1.3479e+03	8.0532e+02	9.5198e+02	-5.3412e+01	6.2191e+02	-1.0891e+03	7.6680e+02	-3.7713e+02	-8.7407e+02	-2.3885e+03	6.9860e+02	2.2274e+02	-1.2486e+02	1.3249e+03	-6.1239e+02	-8.3031e+02	1.0613e+03	-9.0800e+02	-8.8294e+02	5.1696e+02	-6.7326e+02	2.7815e+02	-9.6267e-01	-8.8405e+02	5.0975e+02	-4.1896e+02	-5.4468e+02	-1.7683e+03	1.1077e+03	-1.3088e+03	1.2407e+03	-2.7728e+02	-1.8612e+03	1.0365e+03	-1.5317e+02	-8.0537e+02	-1.4879e+02	1.7474e+02	-8.5969e+02	5.0162e+02	-3.4821e+02	8.1967e+02	-1.3877e+02	-7.0134e+02	-1.5135e+02	2.0447e+02	3.8254e+02	7.5071e+01	-2.2683e+03	4.4376e+01	-7.7495e+01	8.2426e+02	9.1178e+02	6.7339e+02	-1.2707e+03	1.1246e+03	3.5415e+02	-2.1072e+02	7.6617e+00	7.1395e+02	-5.2256e+02	-1.8750e+03	3.0777e+01	1.1297e+03	8.0016e+02	-6.0709e+02	5.2663e+02	-1.0517e+03	5.8629e+02	-6.6418e+02	-1.3678e+03	4.7586e+02	-2.0885e+03	-2.2884e+02	-1.3556e+03	-9.4883e+02	9.7513e+02	9.2613e+02	-7.5613e+02	-5.7866e+02	8.9378e+01	9.5492e+02	-2.9384e+01	1.4417e+03	-1.0090e+03	-1.3618e+02	7.1338e+02	-6.5028e+01	-1.2984e+03	6.3354e+02	-6.4689e+02	-5.3420e+02	6.6142e+02	6.8974e+02	1.4538e+03	-1.3789e+03	-4.1117e+02	-8.2738e+02	-1.5318e+03	-5.3811e+02	5.1101e+02	1.7393e+03	-5.3785e+02	-4.4064e+02	-4.5231e+02	-4.2196e+02	-3.7036e+01	4.2473e+02	-1.4556e+03	1.6287e+02	1.1729e+03	-8.6504e+02	9.2116e+02	1.6309e+03	-2.0135e+03	-2.4858e+02	2.1117e+02	-8.7137e+02	-1.4757e+03	-9.4201e+02	-8.9509e+02	-4.8620e+02	-1.3898e+03	8.0930e+01	-2.3933e+02	1.5369e+02	1.2252e+03	-3.2130e+02	-3.6789e+02	1.1856e+02	-7.0518e+02	-7.1637e+02	-4.9449e+02	-9.3829e+02	1.0771e+03	5.9535e+02	9.8372e+02	1.3739e+03	8.3977e+02	1.7417e+02	-3.9676e+02	-2.5259e+02	7.2543e+02	8.2105e+02	1.3800e+03	2.2985e+01	2.4091e+03	-2.2513e+03	4.3562e+02	-1.6552e+03	5.9787e+02	-3.3757e+02	2.6708e+02	3.2490e+02	1.2294e+02	3.9154e+02	-1.6812e+03	-1.4547e+02	-1.0523e+03	-1.1028e+03	1.4175e+03	1.4130e+01	6.2079e+02	2.0070e+03	4.2690e+02	1.1417e+03	-7.5244e+02	2.5038e+02	7.9498e+02	4.6910e+02	-1.1107e+03	-1.4689e+03	-1.1948e+03	-8.8142e+02	9.0136e+02	-1.0975e+03	9.1921e+02	1.1145e+03	-8.0008e+02	4.6187e+02	-1.9785e+03	-9.0440e+02	-2.7359e+02	4.8611e+02	1.5790e+03	-6.7945e+01	1.9392e+03	1.6501e+03	1.0573e+03	9.4249e+02	-5.9272e+02	1.0176e+02	1.1035e+03	-7.9862e+02	3.6485e+02	1.3633e+03	-3.5908e+01
8.0000e+04	9.2642e+02	3.3380e+02	1.2046e+03	1.4374e+03	2.8515e+02	2.9522e+02	-1.0888e+02	-5.3206e+02	-5.6092e+02	4.1740e+02	4.2180e+02	8.4550e+02	3.8512e+02	-1.8719e+02	-8.7430e+02	2.7629e+02	5.4307e+02	-1.3132e+03	5.4147e+02	-3.2585e+02	-1.7826e+02	-1.2194e+02	-4.4990e+02	9.5788e+02	1.7700e+03	-6.2824e+02	3.6885e+02	1.9106e+01	5.7912e+02	-8.9562e+02	-6.3183e+02	4.9475e+02	2.6974e+02	-1.3967e+03	-1.4895e+02	4.6579e+01	-6.0212e+02	9.4378e+02	-5.5496e+02	-7.6678e+02	8.1402e+02	-7.4029e+02	-6.2010e+02	4.5886e+02	4.2994e+02	-5.0885e+02	-7.1065e+01	-1.2655e+01	-2.2102e+02	-1.5101e+01	3.0397e+02	-9.4096e+02	1.1355e+02	3.5687e+02	1.6688e+03	3.7614e+02	-2.3795e+02	-8.5345e+02	-1.3419e+02	1.2367e+02	6.1363e+01	6.0665e+02	-1.4705e+02	1.0324e+03	1.4133e+03	-1.1053e+03	1.6267e+01	1.6605e+03	4.1170e+02	-4.3169e+02	4.4831e+02	-2.9190e+02	-1.4702e+03	1.9187e+03	-2.2719e+02	-2.6506e+02	7.5890e+02	6.3894e+02	1.2234e+03	-1.8717e+02	2.1428e+03	3.0358e+02	1.4296e+03	-3.5219e+02	7.3162e+02	4.8100e+02	-5.1837e+02	-1.1173e+03	2.9912e+01	1.5404e+02	-5.6803e+02	1.0421e+03	-2.5870e+02	-1.4122e+03	9.7679e+02	-2.7896e+01	1.2037e+03	-7.7834e+02	1.5327e+02	-6.5787e+02	-1.6196e+02	-5.1975e+02	9.5767e+02	1.3184e+02	2.8736e+02	1.4280e+01	1.0498e+03	2.2347e+02	-1.1954e+02	-1.3567e+03	-1.9745e+02	-5.1269e+02	5.5565e+02	3.9082e+02	4.5912e+02	-4.7509e+01	-4.2209e+01	-7.3975e+02	-6.2505e+02	1.1837e+03	6.2313e+00	-7.1905e+02	5.8908e+01	7.9593e+02	-4.3748e+02	1.2802e+03	-4.9629e+02	-6.3338e+02	-2.7446e+01	-9.3622e+02	-8.1932e+02	-8.3933e+01	-6.8915e+02	-3.2196e+02	-6.2078e+02	-5.0536e+02	2.5248e+02	7.3608e+02	-1.8638e+02	4.0351e+02	-5.8735e+02	1.5993e+02	-8.7738e+02	7.0208e+02	-1.5920e+02	2.0817e+02	7.5008e+02	-8.2628e+02	3.5041e+01	-4.2477e+01	-5.7301e+02	6.4909e+02	-9.8576e+02	-1.2583e+03	5.8696e+02	7.2424e+02	4.0796e+02	6.5821e+01	7.9937e+02	-5.5550e+02	-3.0825e+02	-9.9372e+02	2.6027e+02	1.2684e+03	-8.2155e+02	3.9713e+02	7.8790e+02	6.1983e+02	-1.6614e+02	2.2804e+02	-3.3655e+02	4.6491e+02	2.7261e+02	-9.5154e+02	-4.1004e+01	1.3246e+03	1.6373e+03	3.5468e+01	-7.8258e+01	3.6646e+01	3.8136e+02	6.9048e+02	-1.5498e+03	6.2215e+02	2.0176e+02	1.0055e+03	-4.0269e+02	-1.1471e+03	1.7579e+03	4.5171e+02	4.9037e+02	8.2930e+02	-4.0307e+02	-4.6417e+02	4.0676e+02	7.1529e+01	-3.1732e+02	2.1218e+02	1.4623e+02	2.3679e+01
8.0000e+04	-9.4673e+02	1.1007e+03	6.1834e+02	-2.0886e+03	-1.9256e+02	3.6941e+02	-4.6571e+02	8.8068e+02	-1.0634e+03	1.3072e+03	-4.4269e+02	-5.1117e+02	-2.7119e+03	2.3127e+02	-3.6972e+02	-3.9704e+02	1.8435e+03	-1.1078e+02	-3.9892e+02	1.8143e+03	-9.9657e+02	-7.0052e+02	1.4960e+03	-7.9028e+02	2.2277e+02	1.3102e+03	-1.9821e+01	-1.7333e+01	-5.5735e+02	-1.6738e+03	-2.4921e+03	1.2293e+03	-1.0338e+03	1.3072e+03	-3.8171e+01	-1.8444e+03	1.9124e+03	-2.1674e+02	-1.1951e+03	3.5431e+02	5.1133e+02	-6.9149e+02	-2.1097e+02	-7.6366e+02	9.8920e+02	2.4057e+02	-7.6106e+02	1.3542e+03	2.1278e+02	-1.2548e+02	1.2896e+02	-2.3665e+03	4.5717e+02	7.8763e+01	6.0987e+02	-2.8403e+02	1.1790e+03	-1.0818e+03	8.1739e+02	2.2215e+02	-1.7432e+02	-9.0447e+01	1.4849e+03	-1.2936e+03	-1.8798e+03	1.4296e+02	1.1822e+03	1.0258e+03	-9.1271e+02	1.3600e+03	-1.7720e+03	1.1358e+03	-6.1641e+02	-1.4061e+03	3.3383e+02	-1.9479e+03	-1.9959e+01	-5.5305e+02	2.3797e+02	5.7437e+02	1.0156e+03	1.5207e+02	-3.2013e+02	-2.0445e+02	1.3977e+03	7.3168e+02	2.1297e+03	-2.0489e+02	-1.1873e+02	5.7558e+02	-1.5919e+02	-1.6611e+03	4.2405e+02	-1.4229e+03	-1.4170e+03	9.1180e+02	3.6160e+02	-1.2058e+02	-2.0541e+03	-7.7057e+02	-4.7846e+02	-5.3916e+02	-2.8324e+02	-3.0321e+02	3.2004e+03	-4.9351e+02	1.2021e+02	-1.1335e+03	1.0946e+03	7.5483e+02	5.2776e+02	-1.0579e+03	6.4882e+02	1.7232e+03	-1.3496e+03	1.2610e+03	1.9886e+03	-1.7476e+03	-1.4496e+03	6.4041e+02	-1.2209e+03	-1.0551e+03	-7.7852e+02	-3.7684e+02	-1.6403e+03	-2.0327e+03	-2.3581e+02	-4.1653e+02	7.7380e+02	1.5061e+03	-4.4555e+02	-5.8842e+01	1.9938e+02	-1.3108e+03	-7.9285e+02	-8.6495e+02	-1.2573e+03	1.2548e+03	-4.0867e+02	1.1036e+03	2.6285e+03	9.6703e+02	7.8808e+02	-8.0275e+02	5.7710e+02	-1.5800e+02	1.4891e+03	1.4932e+03	-3.9028e+02	9.4315e+02	-1.7099e+03	1.2415e+03	-1.4351e+03	1.2942e+03	6.6997e+02	1.1192e+02	7.3796e+02	1.1322e+03	-1.3348e+02	-2.4137e+03	5.1962e+02	-1.0730e+03	-1.3398e+03	1.3054e+03	2.1311e+02	2.6550e+02	1.6673e+03	1.7540e+02	1.0352e+03	-1.5060e+03	1.0206e+03	3.4845e+02	6.6447e+02	-1.3468e+03	-2.0607e+03	-1.8994e+03	-6.8032e+02	7.0919e+02	-2.6637e+01	3.5041e+02	1.5902e+03	-1.1439e+03	-1.4813e+02	-1.8278e+03	-9.6790e+02	-1.5128e+03	9.1424e+02	1.3054e+03	1.6160e+02	2.1874e+03	1.3394e+03	2.9719e+01	1.1162e+03	-9.2561e+01	-1.3394e+02	1.5954e+03	-6.3740e+02	1.4190e+03	1.1290e+03	5.5968e+02
1.0000e+05	1.0995e+03	2.2752e+02	1.4205e+03	1.5258e+03	5.2272e+02	-2.5979e+02	4.0262e+02	-7.3825e+02	-9.8863e+02	4.6783e+02	5.8867e+01	1.1223e+03	4.0353e+00	-3.3726e+02	-5.7015e+01	-8.0177e+01	3.8909e+02	-1.6109e+03	3.7798e+02	-6.3986e+02	-2.1028e+01	-6.4646e+02	-3.1245e+02	1.2029e+03	1.9999e+03	4.9640e+01	6.2227e+02	-4.7277e+01	5.3540e+02	-3.9855e+02	-8.1077e+02	2.8086e+01	4.2806e+02	-1.7738e+03	1.1827e+02	4.2863e+02	-1.1449e+03	1.3355e+03	-3.0343e+02	-8.2095e+02	6.6014e+02	-7.8319e+02	-6.1463e+02	4.9673e+01	1.9644e+01	-2.0391e+02	-3.4441e+02	5.3663e+00	-5.7006e+02	-3.8794e+02	4.6442e+02	-5.3782e+02	6.4345e+02	1.9214e+02	1.2890e+03	6.4664e+02	-1.7451e+02	-1.3895e+03	-3.1837e+02	1.9841e+01	-3.0600e+02	6.6425e+02	-1.6132e+02	7.0069e+02	8.8402e+02	-7.7736e+02	-3.0879e+02	2.1771e+03	1.1119e+02	-6.3737e+02	5.8865e+02	4.3101e+01	-1.5005e+03	2.4688e+03	9.7095e+01	-5.3285e+02	6.6463e+02	-2.8588e+02	5.8227e+02	-7.3161e+02	1.9874e+03	1.6699e+01	2.2869e+03	-4.5043e+02	1.0452e+03	7.3799e+02	-7.3581e+02	-1.1274e+03	5.8446e+00	9.9932e+01	-4.4656e+02	6.6064e+02	-5.7729e+01	-1.2054e+03	1.0394e+03	2.5850e+02	1.2984e+03	-5.4913e+02	-3.1506e+02	-1.3104e+03	3.8724e+02	-8.2831e+02	1.2710e+03	-2.1544e+02	1.6603e+02	-2.2885e+02	2.3999e+02	-4.0630e+02	1.0413e+02	-1.4013e+03	-5.7506e+02	-1.4001e+02	3.0859e+02	5.2187e+02	3.2063e+02	-2.9891e+02	-1.7371e+02	-9.6525e+02	-1.3491e+03	1.6377e+03	-3.8764e+02	-8.7764e+02	-1.0412e+02	8.3373e+02	-8.3632e+02	1.3135e+03	-3.3291e+02	-6.7031e+02	1.2069e+02	-6.0242e+02	-9.1592e+02	-2.3845e+02	-4.1823e+02	-4.8215e+02	-2.9727e+02	-1.0409e+02	-1.7085e+02	4.6623e+02	2.4678e+02	2.8327e+02	-5.3315e+02	-1.1954e+01	-1.0286e+03	7.2438e+02	3.4365e+02	5.6965e+02	8.2508e+02	-7.5327e+02	-3.1085e+02	-1.1912e+02	-1.3570e+02	3.6557e+02	-1.3308e+03	-1.2037e+03	4.7306e+02	7.4885e+02	5.7652e+02	-3.9668e+02	7.0775e+02	-1.4580e+02	4.3527e+02	-9.8836e+02	5.9332e+02	1.5668e+03	-1.1190e+03	5.0246e+02	8.5314e+02	1.1367e+03	-2.7430e+02	9.3696e+02	-2.7121e+02	4.4844e+02	5.8131e+01	-1.4089e+03	-4.4850e+02	1.1814e+03	1.1374e+03	1.0570e+02	1.3521e+02	2.1282e+02	1.4196e+02	1.2138e+03	-1.8470e+03	4.1825e+02	1.2516e+02	7.2823e+02	-3.5723e+02	-1.1808e+03	1.6395e+03	4.3444e+02	3.4301e+02	2.9150e+02	-2.0544e+02	-1.0420e+03	6.0929e+02	-2.4082e+02	-3.2891e+02	4.5254e+02	1.7386e+02	5.7001e+00
1.0000e+05	-2.1002e+03	5.2434e+02	8.3641e+02	-2.2103e+03	3.6283e+02	2.3881e+02	5.2517e+02	6.4783e+02	-1.0117e+03	9.6348e+02	-6.8077e+02	-2.5742e+02	-1.8923e+03	8.0568e+02	-1.3667e+03	3.1195e+02	3.4915e+03	-9.6137e+02	-1.3393e+03	2.2347e+03	-3.6531e+02	-1.1847e+03	1.4352e+03	-5.0951e+02	8.3491e+01	9.5379e+02	-4.8141e+02	-1.1008e+03	-9.1226e+01	-2.6004e+03	-2.0972e+03	9.9576e+02	-1.0509e+03	2.6409e+03	-6.4432e+02	-1.6169e+03	1.4541e+03	-4.3950e+01	-2.7450e+03	9.2869e+02	-4.1877e+02	-3.2892e+02	-4.6752e+02	1.1253e+02	6.7360e+02	-4.0249e+02	4.3881e+01	4.7034e+02	-3.9521e+02	-1.2793e+02	-1.6784e+02	-2.3581e+03	5.4017e+02	4.8369e+02	3.0263e+02	-4.4697e+02	9.9408e+02	-7.4254e+02	8.3643e+02	7.3712e+02	-1.7737e+03	1.4675e+02	1.1215e+03	-1.3633e+03	-2.4322e+02	2.8020e+02	1.1875e+03	1.5588e+03	-4.3612e+02	9.5745e+02	-1.0380e+03	1.3262e+03	-1.2169e+03	-8.4047e+02	2.7052e+02	-2.1769e+03	-1.6708e+02	-1.6650e+03	8.8334e+02	9.5833e+02	1.7131e+00	-5.9740e+02	-5.1571e+02	2.8006e+02	1.5487e+03	4.5786e+02	2.5517e+03	3.9705e+02	5.1067e+02	4.9897e+01	2.5169e+01	-2.8548e+03	1.5002e+03	-2.1381e+03	-1.1323e+03	3.5471e+02	3.8033e+02	2.4912e+02	-2.1057e+03	-2.8070e+02	-4.3172e+02	-5.9779e+02	-1.1897e+02	4.4184e+01	3.6097e+03	-5.1450e+02	-1.6034e+02	-1.5722e+03	4.1037e+02	8.2924e+02	1.5880e+03	-2.4527e+02	1.2001e+03	1.6601e+03	-2.2260e+02	1.2105e+03	3.0794e+03	-1.9578e+03	-2.5279e+02	3.6988e+02	-8.9167e+02	-1.8759e+03	-9.2732e+02	-4.9349e+02	-2.0264e+03	-2.1067e+03	-3.5667e+02	-8.8996e+02	1.8531e+03	2.2714e+03	2.6647e+02	-8.2217e+02	-1.3063e+02	-1.1485e+03	-1.4573e+03	-1.2353e+03	-1.6817e+03	7.9028e+02	-2.4819e+02	6.3129e+02	3.0332e+03	1.0764e+03	6.7977e+02	-1.7369e+02	2.8146e+02	-2.8525e+02	1.5946e+03	6.6527e+02	6.3520e+02	3.4394e+02	-1.5587e+03	1.0300e+03	-2.6287e+03	1.4512e+03	-2.7446e+01	-9.8079e+02	8.8053e+02	1.4028e+03	-4.8101e+02	-2.5357e+03	2.2874e+02	-1.3750e+03	-1.5472e+02	1.3260e+03	-3.9414e+01	-9.0639e+01	1.1543e+03	-1.0662e+03	1.1910e+03	-1.4768e+03	7.9874e+01	2.6249e+02	7.9772e+02	-1.0620e+03	-1.8645e+03	-1.1993e+03	-5.4441e+02	2.3058e+03	7.4611e+02	8.0232e+02	2.4725e+03	-8.8246e+02	-3.5743e+02	-1.5337e+03	-2.3880e+02	-1.3120e+03	9.1688e+02	7.2445e+02	4.4358e+01	1.4553e+03	2.2323e+03	-1.0698e+02	6.9183e+02	-5.6108e+01	3.1347e+02	6.7090e+02	-1.8745e+01	1.1999e+03	-1.3273e+02	-2.5268e+02
1.2000e+05	9.9779e+02	1.9833e+02	1.6591e+03	1.6000e+03	7.4590e+02	-4.6875e+02	1.1154e+03	-2.7149e+02	-1.6026e+03	5.6420e+02	4.3330e+02	1.1720e+03	-1.4055e+02	-9.0889e+02	8.2739e+01	-1.4496e+02	8.9641e+02	-1.3116e+03	4.4915e+02	-8.8622e+02	2.4024e+02	-4.3184e+02	-9.3427e+02	1.2306e+03	2.1508e+03	3.2711e+02	4.7563e+02	-1.0265e+02	4.5252e+02	-9.2323e+01	-7.3244e+02	-1.1966e+02	3.4175e+02	-1.6178e+03	2.8982e+02	4.6802e+02	-1.3117e+03	1.3907e+03	-1.0886e+02	-8.4053e+02	1.5408e+02	-8.1542e+02	-6.2353e+02	6.1118e+02	-5.9446e+02	3.1162e+02	-4.1157e+02	-1.9052e+02	3.0483e+02	-9.6682e+02	6.9681e+02	-6.6335e+02	1.7951e+03	4.7366e+00	1.0503e+03	6.7947e+02	-1.2754e+02	-1.1396e+03	1.3167e+02	4.9579e+02	-7.4649e+02	7.0133e+02	-7.4263e+02	7.1484e+02	1.2260e+03	-4.2039e+01	1.6134e+02	2.3227e+03	7.0089e+02	-1.3237e+02	3.3901e+02	1.8099e+02	-2.1228e+03	2.4269e+03	-3.8484e+02	-3.7428e+02	1.0360e+03	-2.5280e+02	7.1472e+02	-8.0264e+02	2.3530e+03	5.6568e+02	2.6591e+03	-1.1462e+02	9.4946e+02	2.0258e+02	-1.1635e+03	-1.4241e+03	2.1608e+02	-2.4590e+02	-8.5649e+02	9.2366e+02	-4.9560e+02	-1.0932e+03	9.9266e+02	1.1721e+03	1.7939e+03	-8.6550e+02	-1.7585e+02	-1.4130e+03	1.0330e+03	-8.7364e+02	8.5667e+02	2.8985e+02	1.3297e+01	3.3434e+02	2.5799e+02	4.8854e+01	-4.4771e+02	-1.8558e+03	-7.5782e+02	-4.9346e+02	3.5602e+02	3.9258e+02	1.1822e+02	-7.1825e+02	-5.7507e+02	-1.1574e+03	-1.4980e+03	1.8925e+03	-6.1053e+02	-5.3165e+02	-2.0645e+02	1.4541e+03	-1.1124e+03	1.2054e+03	-2.4213e+02	-4.5738e+02	-3.5061e+02	-3.7341e+02	-7.8154e+02	-7.4767e+02	-8.8651e+02	-1.9803e+02	-2.6389e+02	-9.0693e+02	-1.4580e+02	2.7513e+01	1.6372e+02	4.7394e+02	-7.7706e+02	7.5244e+02	-1.1632e+03	7.9986e+02	2.9178e+02	5.0066e+02	8.7262e+02	-2.9428e+02	-9.9667e+01	-4.8942e+01	6.2852e+02	3.3025e+02	-1.5710e+03	-1.8088e+03	9.2906e+02	9.2810e+02	1.0312e+03	-7.2501e+02	4.2405e+02	-5.2291e+02	8.0892e+02	-8.4610e+02	3.4512e+02	1.8259e+03	-1.0015e+03	7.3494e+02	1.0523e+03	1.0623e+03	-4.6402e+02	1.0683e+03	-1.8566e+02	1.7974e+02	-7.9326e+02	-7.5259e+02	-8.9069e+02	1.4287e+03	1.2826e+03	-2.4893e+02	-6.0051e+02	7.4466e+01	1.3512e+01	1.5736e+03	-1.9149e+03	2.1357e+02	5.6975e+01	3.1587e+02	1.7197e+01	-1.2569e+03	1.2359e+03	3.6620e+02	7.8686e+02	2.4803e+02	1.9378e+02	-1.5074e+03	4.0733e+02	-4.2711e+02	-7.6675e+02	4.9062e+02	5.3891e+02	-2.5179e+02
1.2000e+05	-1.1758e+03	4.6608e+02	1.2406e+02	-2.2061e+03	6.0795e+02	9.5067e+02	8.7917e+02	1.4685e+03	-1.1419e+03	1.2237e+03	-9.9702e+02	-5.8971e+02	-1.8994e+03	1.7023e+03	-1.6511e+03	3.5962e+02	3.8322e+03	-1.9426e+03	-1.5409e+03	3.0357e+03	-1.0673e+03	-1.6418e+03	1.2840e+03	-2.0410e+03	4.1909e+02	9.7778e+02	-1.2655e+03	-1.7810e+03	1.0417e+02	-2.5960e+03	-2.3164e+03	1.2734e+03	-1.6024e+02	2.8404e+03	-1.0866e+03	-2.2560e+03	8.1708e+02	-1.8460e+02	-1.3875e+03	1.3806e+03	-1.3158e+03	-4.3841e+02	3.4376e+01	-2.3556e+02	-7.5752e+02	-4.1091e+02	-5.5682e+00	7.8832e+02	-1.7249e+03	-4.4208e+02	6.3462e+01	-2.5209e+03	2.1425e+03	1.1990e+03	2.0686e+02	-1.3943e+02	1.5527e+03	-1.3791e+03	1.0255e+03	-7.1892e+01	-2.4335e+03	2.0901e+02	8.3781e+02	-1.9018e+03	-5.5645e+02	1.0929e+03	1.7117e+03	2.0252e+03	-1.7313e+02	6.8885e+02	-1.3575e+03	1.2084e+03	-1.3988e+03	-1.1326e+02	2.6088e+02	-1.8410e+03	-3.9767e+02	-1.4400e+03	2.7392e+02	7.1612e+02	-4.0080e+02	-1.3719e+03	-3.4841e+02	7.6782e+02	1.0476e+03	7.0366e+02	3.0149e+03	4.2761e+01	1.5807e+02	-4.4521e+01	-4.5416e+02	-3.3122e+03	1.1217e+03	-1.9785e+03	-5.2977e+02	1.8218e+02	4.9054e+02	3.7547e+02	-3.3470e+03	-9.2870e+02	-4.3110e+02	-9.6676e+02	-2.1980e+02	7.5125e+02	2.8592e+03	-1.0149e+03	-9.4762e+02	-9.0814e+02	3.3028e+02	1.0129e+03	1.9986e+03	-1.3591e+02	1.4042e+03	1.6392e+03	-7.4354e+02	1.2553e+03	2.4351e+03	-1.6525e+03	-9.7549e+02	9.2434e+02	-1.6341e+02	-1.8978e+03	-6.6100e+02	-9.9561e+02	-1.5795e+03	-2.6547e+03	-1.0698e+03	-1.4041e+03	2.1919e+03	3.0999e+03	1.4630e+03	-3.4231e+02	-1.4146e+02	-1.9145e+03	-1.2473e+03	-1.4198e+03	-1.2325e+03	2.1004e+03	-7.1104e+02	6.9251e+02	2.7270e+03	9.8399e+02	1.1196e+02	-7.6119e+02	1.3972e+03	-5.0851e+02	7.0762e+02	-3.2565e+01	7.4736e+02	7.0427e+02	-1.6928e+03	-4.5004e+01	-3.5329e+03	1.2862e+03	2.5662e+02	-1.4625e+03	2.0365e+03	1.0425e+03	-6.6660e+02	-2.0104e+03	6.1252e+02	-1.1112e+03	-9.9695e+02	1.0465e+03	-6.8573e+02	4.1246e+02	5.9692e+02	-2.0173e+03	9.1341e+02	-1.7830e+03	1.2113e+03	5.4387e+02	1.1377e+03	-1.2688e+03	-2.2619e+03	-1.5753e+03	2.4091e+02	1.4791e+03	1.4392e+03	8.8226e+02	2.2350e+03	-9.7797e+02	4.8562e+02	-8.3294e+02	1.4110e+02	-9.9606e+02	3.8135e+02	8.3219e+02	3.8682e+02	2.0385e+03	2.1017e+03	-6.2938e+02	1.5068e+03	4.1858e+02	3.6622e+02	2.4020e+02	-4.4717e+02	4.3535e+02	-1.8567e+03	-2.1576e+02
1.4000e+05	8.2052e+02	8.3194e+01	2.4022e+03	2.0082e+03	1.0732e+03	-4.3242e+02	1.3098e+03	1.2950e+02	-1.5664e+03	7.8390e+01	6.1682e+02	7.6304e+02	-1.3396e+02	-1.0020e+03	-2.0754e+02	-1.6509e+02	5.5961e+02	-1.3441e+03	3.2910e+02	-2.3286e+02	-2.8630e+02	-1.1121e+03	-7.1163e+02	1.3745e+03	1.9671e+03	1.7509e+02	3.7615e+02	-3.3915e+02	5.6899e+02	-1.8383e+02	-8.6511e+02	-1.1375e+02	3.2042e+02	-1.1542e+03	3.8398e+02	4.3475e+02	-6.5514e+02	1.9833e+03	6.7013e+02	-1.0589e+03	6.1590e+02	-1.3294e+03	-6.8220e+02	7.5305e+02	-3.8148e+02	3.6611e+02	-1.1827e+03	-5.1771e+01	1.9598e+02	-5.8336e+02	3.5990e+02	-9.5094e+02	1.5401e+03	2.1965e+02	1.2602e+03	9.3074e+02	-3.3559e+02	-1.0251e+03	2.7835e+02	4.8424e+02	-3.6425e+01	1.1083e+03	-4.3365e+02	6.5739e+02	1.2506e+03	-4.7423e+02	8.3084e+02	1.9830e+03	1.0170e+03	2.6505e+02	4.1378e+02	-5.5959e+02	-2.2762e+03	2.5160e+03	-1.3015e+02	-8.8425e+02	1.7792e+03	5.8713e+01	8.3081e+02	-9.2115e+02	2.8919e+03	6.4334e+02	3.3732e+03	3.0335e+02	8.7227e+02	7.3449e+02	-1.7409e+03	-1.5307e+03	5.2973e+02	2.6310e+02	-7.2444e+02	4.1198e+02	-8.8147e+02	-1.0168e+03	6.1488e+02	7.7077e+02	1.4546e+03	-6.3336e+02	2.8947e+02	-1.4637e+03	1.2809e+03	-9.8269e+02	9.9007e+02	5.5898e+02	-3.3851e+02	3.1104e+02	-6.8111e+01	5.6098e+02	-6.9716e+02	-1.5702e+03	6.1503e+01	-4.6875e+02	1.8325e+01	4.0101e+02	-7.2369e+01	-5.1193e+02	-7.6616e+00	-1.0424e+03	-1.6186e+03	1.3918e+03	-1.5119e+02	-6.3790e+02	-5.9167e+02	1.5632e+03	-1.1184e+03	1.3580e+03	-2.6953e+02	-3.5316e+02	-4.1208e+02	-3.9734e+02	-9.5220e+02	-2.4773e+02	-6.2140e+02	-2.6681e+02	9.3087e+01	-1.0090e+03	-1.8338e+01	-1.8893e+01	6.1874e+01	8.7741e+01	-7.5708e+02	3.9759e+02	-8.0113e+02	5.9898e+02	7.6571e+02	5.5698e+02	7.6000e+02	1.4196e+02	3.5589e+02	6.1288e+01	4.3224e+02	1.0540e+02	-1.1831e+03	-1.7409e+03	1.1525e+03	8.4005e+02	1.2160e+03	-8.2376e+01	8.0307e+02	-7.7335e+01	1.1038e+03	-9.8601e+02	1.0923e+03	1.4447e+03	-1.5009e+03	1.6845e+03	1.3172e+03	1.0674e+03	-7.9216e+02	1.1939e+03	-3.0133e+02	2.5850e+02	-9.3172e+02	-1.0820e+03	-8.5407e+02	1.3169e+03	7.2826e+02	-9.9826e+00	2.0521e+02	1.0889e+02	-3.4516e+02	1.7763e+03	-2.3522e+03	6.7150e+02	-1.5514e+02	2.1434e+02	6.2260e+02	-1.0801e+03	1.6348e+03	3.8723e+02	1.8497e+03	7.1800e+02	4.4851e+02	-1.2310e+03	1.6694e+02	-8.7165e+02	-4.7434e+02	5.1330e+02	7.6351e+02	2.4614e+02
1.4000e+05	-7.7835e+02	9.7045e+02	-3.2591e+02	-1.8907e+03	4.4600e+02	1.7638e+03	9.3725e+02	9.1210e+02	-1.7945e+03	1.1931e+03	-3.9940e+02	-1.9823e+02	-2.3563e+03	1.2660e+03	-2.5927e+03	8.7862e+02	3.5391e+03	-1.7132e+03	-1.9267e+03	3.6891e+03	-1.0392e+03	-2.0271e+03	2.7543e+03	-1.1477e+03	4.9815e+02	1.0075e+03	-1.4822e+03	-1.4948e+03	-1.5528e+02	-2.7783e+03	-1.9866e+03	4.5519e+02	2.0377e+02	2.8897e+03	-6.8363e+02	-1.7635e+03	2.9585e+01	4.1894e+01	-1.9298e+03	1.0292e+03	-1.0282e+03	-7.9992e+02	-8.4885e+01	4.3711e+02	-3.6412e+02	3.9562e+02	6.1842e+02	1.0055e+03	-1.7676e+03	3.7531e+01	6.4300e+02	-2.6209e+03	3.2268e+03	2.1625e+02	-1.5535e+03	-2.5088e+02	1.5416e+03	-6.9421e+02	5.7112e+02	1.0541e+03	-3.3888e+03	1.2514e+03	2.6370e+02	-2.1036e+03	3.8429e+01	1.1744e+03	1.3785e+03	1.9461e+03	2.7391e+02	4.7498e+02	-1.0093e+02	2.3336e+03	-2.0214e+03	-1.1958e+02	5.0384e+02	-2.0807e+03	-6.8348e+02	-1.1809e+03	5.8079e+02	1.1433e+03	-7.0273e+01	-1.9962e+03	3.1339e+02	-7.4507e+02	2.9326e+02	7.5610e+02	2.2328e+03	7.3478e+02	2.3167e+02	-2.2754e+02	-7.1106e+02	-3.4251e+03	1.4653e+03	-1.3846e+03	-5.2570e+02	1.3849e+03	7.0056e+02	3.0668e+02	-5.0750e+03	-1.5868e+03	-6.8454e+02	-1.5704e+03	-5.6574e+02	1.0846e+03	2.3291e+03	5.1822e+01	-6.3904e+02	-1.6089e+03	3.4608e+02	1.6550e+03	1.3152e+03	5.0104e+02	9.1132e+02	2.3341e+03	-1.1966e+02	2.4694e+03	3.5383e+03	-1.9688e+03	-1.1607e+03	8.9471e+02	-6.3994e+02	-1.7719e+03	1.8208e+02	-6.4711e+02	-2.2087e+03	-1.6083e+03	-1.9318e+03	-6.0203e+02	2.0641e+03	2.8149e+03	1.2378e+03	3.3959e+02	-7.2069e+02	-2.0322e+03	-1.3958e+03	-1.3539e+03	-1.3862e+03	2.0528e+03	4.3056e+02	8.7755e+02	2.9981e+03	1.7235e+03	3.2944e+01	-2.2276e+03	2.2578e+03	-5.3351e+02	6.5880e+02	-5.4648e+02	8.7121e+02	6.6710e+02	-1.7887e+03	7.4165e+01	-4.0882e+03	1.0525e+03	2.0200e+02	-2.6526e+03	2.0002e+03	1.3060e+03	-5.9404e+02	-2.2058e+03	1.4200e+03	-1.1727e+03	5.9520e+02	1.0174e+03	1.0185e+03	9.7291e+02	4.8981e+02	-1.8294e+03	1.1422e+02	-2.3637e+03	1.2285e+03	1.1956e+02	2.0363e+03	-1.8378e+03	-2.8303e+03	-1.1955e+03	1.0778e+03	1.8699e+03	7.9025e+02	1.4251e+03	2.1033e+03	-1.4490e+03	3.5118e+02	-7.3021e+02	5.6147e+02	-1.0231e+03	5.9995e+02	1.7663e+03	5.3827e+01	1.8011e+03	1.6139e+03	-1.0100e+03	9.2065e+02	-7.5225e+02	-5.9541e+02	3.6107e+02	-7.4175e+01	6.0723e+02	-9.6064e+02	-1.8096e+02
1.6000e+05	8.5482e+02	1.1542e+02	2.4833e+03	2.5628e+03	8.0984e+02	-9.7003e+02	1.3246e+03	4.5500e+02	-1.8687e+03	-1.8827e+01	4.3053e+02	7.7717e+02	3.3140e+02	-9.8134e+02	2.4789e+01	3.5452e+02	5.2988e+02	-1.0410e+03	1.7706e+01	-7.3405e+02	-1.6439e+02	-1.0814e+03	-8.7732e+02	1.4241e+03	1.9175e+03	-4.9599e+01	6.7689e+01	-5.0053e+02	9.6870e+02	-4.3001e+02	-1.0944e+03	-5.4001e+02	4.2092e+02	-9.6659e+02	1.8746e+02	2.0006e+02	-2.9966e+02	2.0866e+03	8.1239e+02	-1.4452e+03	4.9281e+02	-1.1973e+03	-6.0987e+02	-1.5718e+02	-4.7479e+02	2.8651e+02	-8.9635e+02	-5.0689e+02	9.9450e+02	-7.6561e+02	7.0330e+02	-1.4113e+03	8.6054e+02	3.8881e+01	1.2452e+03	1.4402e+03	-7.6796e+02	-1.0903e+03	9.9106e+02	1.0002e+03	1.7328e+02	8.3535e+02	-8.3556e+02	7.9353e+02	1.7002e+03	-1.1758e+03	1.2042e+03	2.4146e+03	9.1833e+02	9.2729e+02	8.4606e+02	-9.5646e+02	-2.0629e+03	2.5876e+03	-5.8916e+02	-8.2133e+02	1.5887e+03	-2.1113e+02	5.7722e+02	-8.0148e+02	3.1192e+03	1.6773e+03	3.6009e+03	4.5006e+02	6.8911e+02	1.0581e+03	-1.3917e+03	-1.0801e+03	8.2896e+02	6.3057e+02	-9.5483e+02	9.8246e+02	-1.1618e+03	-1.3957e+03	1.2967e+03	1.0997e+03	1.0822e+03	-5.4836e+02	5.5069e+02	-1.6497e+03	1.2478e+03	-9.0188e+02	8.6578e+02	4.0952e+02	-3.3704e+02	-2.5036e+02	-5.6479e+02	3.4305e+02	-7.7424e+02	-1.3657e+03	5.3642e+02	-7.7576e+02	3.8593e+01	2.6324e+02	8.3066e+01	-9.7494e+02	-6.1413e+01	-1.0786e+03	-1.4693e+03	1.1760e+03	5.2056e+02	-3.5554e+02	-1.1057e+03	1.1285e+03	-9.1770e+02	1.5622e+03	7.2953e+00	7.2536e+00	-8.5697e+02	-4.8722e+02	-1.2898e+03	-2.7762e+02	-8.7233e+02	-8.8020e+01	-7.7196e+01	-1.0144e+03	-3.5030e+02	-2.1266e+02	4.0002e+02	2.9343e+02	-1.5995e+03	2.6608e+02	-1.4692e+03	1.1287e+03	7.0502e+02	9.8905e+02	1.2875e+03	6.0121e+00	4.0387e+02	-3.6634e+02	6.8341e+02	1.5046e+02	-1.4871e+03	-1.0750e+03	1.6742e+03	9.8230e+02	9.5819e+02	-4.6148e+02	6.4054e+02	5.5541e+01	1.1050e+03	-9.3777e+02	9.3553e+02	1.5230e+03	-2.1184e+03	2.3575e+03	1.0183e+03	1.1859e+03	-7.7355e+02	9.6677e+02	-5.8815e+02	3.1507e+02	-5.8090e+02	-8.2434e+02	-1.0642e+03	1.5532e+03	6.7627e+02	4.1938e+02	-3.3131e+02	-1.0930e+02	-3.2243e+02	2.2010e+03	-1.9362e+03	9.3418e+02	-6.3932e+02	4.4099e+02	7.3704e+02	-1.5586e+03	1.4287e+03	4.0347e+02	1.5604e+03	4.2404e+02	3.3542e+02	-1.4182e+03	2.0916e+02	-1.7785e+03	-3.3930e+02	7.0261e+02	4.8760e+02	-2.8753e+02
1.6000e+05	-1.7653e+02	8.2364e+02	7.1126e+01	-1.8740e+03	-8.3613e+01	1.2857e+03	1.0682e+03	2.1950e+03	-1.5871e+03	1.4370e+03	1.4137e+02	-1.0097e+03	-2.5912e+03	1.8436e+03	-3.1281e+03	1.2422e+03	2.6561e+03	-7.8641e+02	-2.8695e+03	3.5425e+03	-1.6533e+03	-1.2007e+03	2.4335e+03	-4.2301e+02	3.7054e+02	-2.7398e+02	-1.3505e+03	-1.4020e+03	-2.3769e-02	-1.8194e+03	-2.6715e+03	4.3541e+02	1.2617e+02	2.1426e+03	-1.3530e+03	-1.5617e+03	6.1876e+02	-4.6266e+02	-1.9574e+03	7.1108e+02	-9.0168e+02	-7.7116e+02	5.2721e+02	1.2960e+03	-5.5398e+02	-1.1403e+02	1.3032e+02	1.6185e+03	-2.4328e+03	-8.2501e+02	1.0996e+03	-2.4468e+03	2.8850e+03	-3.6148e+02	-1.0877e+03	-1.0048e+03	7.0806e+02	-7.4896e+01	3.8461e+02	2.1532e+03	-3.5923e+03	1.0314e+03	-2.1647e+02	-2.0115e+03	8.1306e+02	8.8475e+02	2.4994e+03	1.8730e+03	8.5320e+02	1.2840e+03	-6.9739e+02	2.1409e+03	-2.7290e+03	-6.1260e+02	4.1737e+02	-1.5838e+03	-1.4778e+03	-1.2884e+03	6.2762e+02	1.4774e+03	-5.2130e+02	-9.0426e+02	-8.3768e+02	-8.0486e+02	6.9014e+02	3.2546e+02	2.5721e+03	6.9633e+02	2.3811e+02	5.2353e+02	-1.1663e+03	-3.7518e+03	2.0775e+03	-2.3790e+03	-6.2014e+02	1.9489e+03	4.0296e+01	1.2713e+02	-4.9478e+03	-6.3381e+02	-1.0839e+03	-2.7044e+03	-9.1986e+02	1.0891e+03	1.9854e+03	2.8335e+02	-1.3169e+03	-1.3601e+03	-3.0813e+02	1.2693e+03	1.2926e+03	-2.0069e+03	1.4415e+03	2.0232e+03	-2.0603e+02	3.2807e+03	3.6791e+03	-1.9039e+03	-1.2205e+03	8.0480e+02	-1.7822e+03	-2.8000e+03	4.3511e+02	-6.2488e+02	-2.8423e+03	-7.8600e+02	-1.8173e+03	-4.0629e+02	2.0578e+03	3.3150e+03	1.6148e+03	1.3407e+03	-5.9464e+02	-2.1088e+03	-1.0547e+02	-1.5883e+03	-1.4508e+03	2.7562e+03	7.0661e+02	3.1428e+02	3.3594e+03	1.6673e+03	-7.1621e+02	-1.0560e+03	2.4889e+03	-5.7537e+02	9.3279e+01	3.3020e+02	4.1121e+02	1.9880e+02	-3.1570e+03	4.0176e+02	-4.5584e+03	1.8822e+03	-2.1085e+02	-3.5468e+03	1.6636e+03	1.1492e+03	-7.1647e+02	-1.9625e+03	1.8620e+03	-5.1750e+01	5.2146e+02	2.0571e+03	1.2146e+03	1.5150e+03	4.9832e+02	-1.1201e+03	-7.4112e+02	-2.7912e+03	7.2484e+02	-5.7515e+02	1.7059e+03	-2.0134e+03	-2.4831e+03	-1.1898e+03	1.5172e+03	1.7154e+03	8.2896e+02	8.0153e+02	3.1326e+03	-1.2351e+03	-6.3209e+01	-1.5556e+03	1.1484e+03	-9.5061e+02	-7.3148e+01	1.8299e+03	1.8221e+02	1.1942e+03	9.4650e+02	-9.7915e+02	1.1932e+03	1.1499e+03	3.3959e+01	-7.4899e+02	6.5486e+02	6.3438e+02	-1.3511e+03	-1.6488e+02
1.8000e+05	4.5744e+02	-4.0155e+01	2.0220e+03	2.6852e+03	9.5520e+02	-5.6336e+02	1.2459e+03	6.7106e+02	-2.1057e+03	-4.1447e+02	5.1186e+02	5.5755e+02	8.6673e+02	-6.8243e+02	4.9929e+02	5.5741e+02	5.6725e+02	-6.7230e+02	2.1254e+02	-9.9604e+02	2.9931e+02	-1.4469e+03	-7.2993e+02	8.8328e+02	2.3087e+03	-9.5089e+00	-1.6498e+02	-9.2726e+02	6.5031e+02	-1.2252e+03	-1.0605e+03	-4.3614e+02	2.4611e+02	-1.0830e+03	2.8788e+02	6.9543e+02	2.5279e+02	1.7004e+03	9.4320e+02	-1.4655e+03	-1.9163e+02	-1.2663e+03	-7.1033e+02	-2.1424e+02	-7.9122e+02	1.8948e+02	-9.4017e+02	-2.2462e+02	5.6259e+02	-6.7905e+02	3.7918e+02	-2.3505e+03	1.1373e+03	3.9194e+02	1.1700e+03	7.4080e+02	-1.2052e+02	-9.0901e+02	1.7275e+03	8.1943e+02	-3.1256e+02	9.0936e+02	-1.1963e+03	6.5806e+02	1.9635e+03	-1.5391e+03	1.9400e+03	2.5076e+03	8.0134e+02	4.3460e+02	2.9193e+02	-1.2155e+03	-2.5992e+03	2.7873e+03	-3.1190e+02	-7.8165e+02	1.2377e+03	-1.7670e+02	9.2609e+02	-1.2563e+03	2.8736e+03	1.8764e+03	3.9467e+03	1.3551e+03	1.6884e+02	1.0586e+03	-1.3750e+03	-1.6047e+03	2.7547e+02	3.1746e+02	-7.1821e+02	4.5637e+02	-1.2462e+03	-1.0232e+03	1.3406e+03	1.5078e+03	9.5799e+02	-1.9268e+02	1.9732e+02	-1.7734e+03	1.1948e+03	-1.1074e+03	3.8895e+02	6.3114e+02	-4.3148e+02	2.4445e+02	-6.9316e+02	-2.5780e+02	-5.9559e+02	-1.9676e+03	5.7565e+01	-1.0533e+03	-2.1229e+01	4.9568e+02	-3.1152e+02	-1.4425e+03	1.7485e+02	-1.2294e+03	-1.5450e+03	1.3465e+03	1.0458e+03	-4.9223e+02	-6.4382e+02	1.5677e+03	-4.0269e+02	1.1615e+03	4.7040e+02	1.7865e+02	-9.7945e+02	-1.1002e+03	-1.1429e+03	-3.8907e+02	-7.0536e+02	-4.2927e+02	-4.4123e+02	-1.4161e+03	-1.9157e+01	4.1457e+00	2.2802e+02	-1.4566e+02	-1.5715e+03	-2.2171e+02	-1.9794e+03	1.3060e+03	9.2725e+02	7.9063e+02	1.1989e+03	4.0319e+02	4.7895e+02	-1.0199e+03	4.9950e+02	3.7368e+02	-1.4028e+03	-1.6792e+03	1.1702e+03	5.2566e+02	5.0970e+02	-7.9287e+02	5.7131e+02	5.0073e+02	8.5421e+02	-7.3482e+02	8.0281e+02	1.8711e+03	-1.9054e+03	2.3620e+03	7.6398e+02	6.4472e+02	-1.0390e+03	6.2309e+02	-6.8341e+02	1.2016e+02	-1.6879e+03	-1.0951e+03	-1.2828e+03	1.6745e+03	3.9238e+02	4.2591e+02	-7.7182e+02	-3.2861e+02	-1.1129e+03	2.2449e+03	-1.4511e+03	1.0360e+03	-9.6080e+02	-3.0390e+02	7.5970e+02	-1.1325e+03	1.2951e+03	5.4911e+02	1.5816e+03	-3.4751e+02	4.7773e+02	-1.4450e+03	4.2575e+02	-2.1669e+03	-3.6842e+02	9.3808e+02	5.8399e+02	-3.7559e+02
1.8000e+05	1.4726e+01	1.3850e+03	6.7215e+01	-2.7150e+03	7.6592e+02	2.6696e+02	3.8604e+02	2.0548e+03	-1.8459e+03	2.0187e+03	-1.1128e+03	-4.8868e+02	-2.0213e+03	2.4417e+03	-2.0392e+03	1.2871e+03	2.8945e+03	1.8415e+01	-2.5864e+03	3.3187e+03	-1.1683e+03	-1.3572e+03	2.2948e+03	3.2227e+02	-2.9756e+02	-1.0118e+03	-1.5253e+03	-1.4404e+03	1.4996e+02	-1.3808e+03	-2.8545e+03	9.6183e+02	4.3094e+02	3.0432e+03	-7.0534e+02	-7.6243e+02	1.2137e+03	-1.6969e+02	-2.3827e+03	9.7436e+02	-4.5923e+02	-3.5342e+02	1.6891e+02	5.4223e+02	-1.0875e+03	3.3393e+02	-4.9139e+02	1.4021e+03	-1.5676e+03	-1.0840e+03	1.7970e+03	-3.5668e+03	2.2513e+03	1.5085e+02	-1.6377e+03	-9.6357e+02	2.6210e+02	2.4065e+02	-1.1618e+02	6.5812e+02	-3.4312e+03	7.5662e+02	-6.4238e+02	-2.9076e+03	1.1186e+03	1.4646e+03	2.7629e+03	1.2662e+03	1.5092e+03	3.0970e+02	-3.9827e+02	2.0047e+03	-1.7172e+03	-2.0196e+02	-5.7003e+02	-1.7930e+03	-8.0560e+02	-1.7205e+03	7.7909e+02	1.9759e+03	-1.2537e+03	-1.3520e+03	-1.9458e+03	-1.2803e+03	1.9961e+02	9.4250e+02	1.6872e+03	1.0522e+03	7.6909e+02	2.4361e+02	-8.0854e+02	-3.7746e+03	2.3035e+03	-2.7506e+03	-1.0482e+03	2.1153e+03	-2.5377e+02	-3.1585e+02	-4.0878e+03	-8.5621e+02	-5.8196e+02	-2.4374e+03	-7.4613e+02	1.2010e+03	1.8166e+03	3.9699e-01	-2.9378e+03	-2.2786e+03	6.1533e+02	1.2223e+03	2.1720e+03	-2.9367e+03	2.1345e+03	2.2331e+03	-3.9251e+02	3.7121e+03	3.2445e+03	-2.2591e+03	-1.4251e+03	9.5006e+02	-9.9183e+02	-2.8248e+03	4.9640e+02	-6.9850e+02	-2.4527e+03	-8.7591e+02	-2.9593e+03	5.1360e+01	1.9158e+03	3.5889e+03	2.0797e+03	1.5630e+03	-7.2554e+02	-2.4424e+03	-1.2319e+03	-1.1842e+03	-7.0484e+02	1.2994e+03	5.6002e+02	1.4898e+02	4.0971e+03	6.9879e+02	-1.9629e+03	-1.8109e+03	1.0603e+03	-9.1006e+02	5.6850e+02	-2.6754e+02	1.5596e+03	-3.0386e+02	-2.9810e+03	4.4996e+02	-4.2599e+03	1.1655e+03	7.4941e+02	-3.4561e+03	1.9204e+03	1.8276e+03	-7.7674e+02	-2.1552e+03	2.3116e+03	8.8537e+02	1.8471e+03	8.0784e+02	9.9872e+02	5.0106e+02	6.3042e+02	-1.1570e+03	1.0205e+02	-3.6212e+03	-1.7081e+02	-1.4697e+03	1.6232e+03	-2.2946e+03	-2.8549e+03	-3.1959e+03	1.4084e+03	2.4080e+03	1.0231e+03	1.0423e+03	3.6627e+03	-5.4145e+01	1.0351e+02	-3.7229e+02	2.4363e+02	-1.4438e+03	-4.3370e+02	1.4183e+03	-4.7532e+02	2.3088e+03	6.8391e+02	-8.2474e+02	1.2882e+03	-7.5169e+01	4.0887e+02	-7.3980e+02	9.6309e+01	-1.6018e+02	-1.4294e+03	7.8487e+02
2.0000e+05	6.2856e+02	-4.3200e+02	2.6754e+03	3.4612e+03	1.4006e+03	-1.2011e+03	1.8557e+03	5.3398e+02	-1.7352e+03	-5.9859e+02	9.6569e+02	1.5895e+01	1.2559e+03	-1.3696e+03	4.1817e+02	2.1124e+02	8.1573e+02	-9.8916e+02	3.0706e+02	-7.6619e+02	3.7211e+02	-1.6799e+03	-2.9509e+02	7.4580e+02	1.9342e+03	1.1924e+02	-1.2826e+02	-6.6610e+02	5.4965e+02	-1.0232e+03	-1.1412e+03	1.3144e+02	8.9468e+01	-4.7920e+02	6.8805e+02	1.2713e+03	-1.4741e+02	2.1910e+03	8.9884e+02	-1.4877e+03	1.2634e+02	-9.6380e+02	-6.1362e+02	-8.2704e+02	-4.4498e+02	1.4583e+02	-7.4620e+02	5.5764e+02	7.6498e+02	-1.3137e+03	6.6998e+02	-2.5348e+03	7.3797e+02	1.2117e+03	1.3169e+03	8.8188e+02	1.8450e+02	-7.7194e+02	1.7480e+03	8.7289e+02	-3.2302e+02	5.6984e+02	-8.2888e+02	6.0032e+02	1.6876e+03	-1.2456e+03	1.7680e+03	2.4909e+03	4.3487e+02	3.1357e+02	2.2531e+02	-1.3816e+03	-2.1908e+03	3.2692e+03	-1.0645e+03	-1.0850e+03	7.9149e+02	-4.8245e+02	1.1301e+03	-1.1240e+03	2.2452e+03	2.2897e+03	4.9370e+03	1.5261e+03	1.6303e+02	4.6106e+02	-1.3310e+03	-2.0338e+03	2.5724e+02	3.7586e+02	-7.7336e+02	7.2207e+02	-1.4167e+03	-1.1900e+03	1.8983e+03	1.5192e+03	9.4825e+02	-8.4225e+01	6.5142e+02	-1.2718e+03	1.0771e+03	-1.2781e+03	6.8417e+02	8.9995e+02	-3.7342e+02	2.0569e+02	-9.7820e+02	2.5891e+02	3.6759e+02	-2.3301e+03	-1.1851e+02	-1.2535e+03	2.5983e+02	4.5018e+02	-2.5872e+02	-1.3229e+03	-2.0343e+01	-7.2301e+02	-1.7216e+03	1.3503e+03	1.0740e+03	-2.3904e+02	-4.8508e+02	1.7109e+03	-3.9229e+02	1.5336e+03	2.0302e+02	3.4729e+02	-8.2736e+02	-1.0033e+03	-8.6038e+02	-2.3233e+02	-9.2685e+02	-1.0466e+02	-3.3702e+02	-1.5158e+03	1.8520e+02	-4.4976e+02	2.6925e+02	-3.3138e+02	-1.5407e+03	-5.2648e+02	-1.7614e+03	1.3617e+03	8.8913e+02	8.4871e+02	1.1263e+03	1.2257e+03	1.1760e+03	-9.1188e+02	5.6791e+02	8.5604e+02	-1.5639e+03	-2.1656e+03	8.0511e+02	2.2419e+02	4.5368e+02	-6.3768e+02	2.1946e+02	4.4636e+02	1.1612e+03	-5.3308e+02	6.3868e+02	1.2332e+03	-2.4275e+03	2.2201e+03	7.4237e+02	8.6384e+02	-1.1344e+03	6.1024e+02	-6.9211e+02	4.3011e+02	-2.1023e+03	-1.6753e+03	-1.4007e+03	1.2585e+03	6.2470e+02	6.5869e+02	8.6934e+01	-2.4117e+02	-3.9082e+02	1.6751e+03	-1.6414e+03	6.0533e+02	-8.5209e+02	7.7737e+01	8.8306e+02	-1.3650e+03	1.6221e+03	8.6152e+02	1.5078e+03	-1.1024e+03	9.8046e+02	-2.0318e+03	1.8251e+02	-2.3979e+03	-1.2621e+02	5.8008e+02	1.5313e+02	-1.2344e+03
2.0000e+05	-2.0055e+02	2.2918e+03	-1.3935e+03	-2.7959e+03	1.0700e+03	2.0464e+02	-3.3473e+02	2.3127e+03	-1.2759e+03	1.9880e+03	3.1873e+02	-2.4670e+02	-2.0631e+03	2.3107e+03	-1.1605e+03	2.0642e+03	2.9872e+03	-2.2241e+02	-2.0687e+03	3.8892e+03	-1.5631e+03	-1.6730e+03	1.8891e+03	3.0710e+02	5.1666e+02	-8.0354e+02	-1.3336e+03	-1.8314e+03	5.5951e+02	-1.8380e+03	-2.1942e+03	2.0854e+03	8.8178e+02	1.4956e+03	-1.3873e+03	-8.6322e+02	1.2614e+03	-3.0384e+00	-2.4551e+03	1.3466e+03	-5.5802e+02	-1.6728e+02	4.6776e+02	1.1333e+03	-1.0800e+03	7.8773e+02	-1.2183e+03	1.0122e+03	-1.8146e+03	-5.5335e+02	1.9355e+03	-5.0246e+03	2.2750e+03	-2.3042e+02	-1.2697e+03	-1.4210e+03	1.7726e+02	2.0943e+02	-5.1786e+02	2.3251e+02	-2.5675e+03	1.2493e+03	-2.1226e+02	-3.1756e+03	1.8695e+03	4.0962e+02	2.3947e+03	2.1408e+03	1.6398e+03	-5.0796e+02	1.8344e+02	6.9817e+02	-1.3220e+03	4.7756e+01	-8.4955e+02	-1.8450e+03	-1.2307e+03	-9.6228e+02	1.2238e+03	1.6148e+03	-6.2172e+02	-2.5274e+03	-1.8144e+03	-6.5043e+02	6.9416e+02	7.1102e+02	1.5036e+03	1.3677e+03	1.7731e+03	7.6014e+02	-1.9099e+03	-3.6660e+03	2.5301e+03	-2.8879e+03	-1.6984e+03	1.6397e+03	-1.0170e+03	1.2675e+02	-3.9665e+03	-1.0017e+03	-5.4753e+02	-2.6457e+03	-1.3921e+02	1.3845e+03	2.3186e+03	5.7417e+01	-2.5201e+03	-2.0682e+03	2.4325e+02	2.0010e+03	2.4290e+03	-2.7278e+03	1.9092e+03	3.2844e+03	-1.0425e+03	2.6847e+03	1.6909e+03	-2.2852e+03	-5.1021e+02	6.4466e+02	-9.7810e+02	-3.1132e+03	-4.6272e+01	-3.2994e+02	-2.6538e+03	-1.2089e+03	-3.6044e+03	-3.0989e+02	1.1662e+03	3.6951e+03	1.3780e+03	1.0884e+03	-1.2442e+03	-1.8040e+03	-3.4991e+02	-7.8266e+02	-1.2543e+02	1.9238e+03	1.2202e+03	-2.8926e+01	3.8694e+03	1.5821e+03	-1.5488e+03	1.2991e+02	1.2840e+03	-9.0872e+02	-2.8742e+01	-1.7219e+02	1.3347e+03	-1.6659e+02	-3.7043e+03	2.8594e+02	-4.5348e+03	7.9551e+02	2.1530e+02	-2.6520e+03	1.6474e+03	1.4570e+03	-9.6662e+02	-2.8348e+03	2.6679e+03	1.0909e+03	1.2262e+03	8.1263e+02	5.8076e+02	3.0138e+02	1.5386e+02	-6.4029e+02	9.5685e+02	-3.9714e+03	-1.0056e+02	-1.3195e+03	1.6114e+03	-1.7354e+03	-2.9655e+03	-4.1329e+03	1.4625e+03	1.1826e+03	1.3775e+03	8.2443e+02	2.7142e+03	1.0336e+02	9.2116e+02	-1.9296e+02	-5.4309e+02	-1.4667e+03	-1.0674e+03	1.6195e+03	-1.7429e+02	2.8656e+03	6.8606e+02	-2.2714e+02	1.7850e+02	3.3046e+02	6.6186e+02	7.1990e+02	-3.6251e+01	-1.1216e+03	-1.5847e+03	1.5087e+03
