4000	0	0	1142
4000	0.1	0	1242
4000	0.2	0	1142
4000	0.3	0	1266
4000	0.4	0	1340
4000	0.5	0	1370
4000	0.6	0	1452
4000	0.7	0	1534
4000	0.8	0	1706
4000	0.9	0	1886
4000	1	0	1953
4000	1.1	0	2257
4000	1.2	0	2563
4000	1.3	0	3001
4000	1.4	0	3498
4000	1.5	0	3982
4000	1.6	0	5071
4000	1.7	0	6333
4000	1.8	0	7684
4000	1.9	0	9705
4000	2	0	11988
4000	2.1	0	14848
4000	2.2	0	17170
4000	2.3	0	18803
4000	2.4	0	18353
4000	2.5	0	17169
4000	2.6	0	16661
4000	2.7	0	16635
4000	2.8	0	17183
4000	2.9	0	17276
4000	3	0	17375
4000	3.1	0	17689
4000	3.2	0	17726
4000	3.3	0	17248
4000	3.4	0	17424
4000	3.5	0	17715
4000	3.6	0	17629
4000	3.7	0	17687
4000	3.8	0	17779
4000	3.9	0	17706
4000	4	0	17322
4000	4.1	0	17721
4000	4.2	0	17747
4000	4.3	0	17570
4000	4.4	0	17703
4000	4.5	0	17474
4000	4.6	0	17434
4000	4.7	0	17227
4000	4.8	0	17327
4000	4.9	0	17217
4000	5	0	17326
4000	5.1	0	17293
4000	5.2	0	17078
4000	5.3	0	16635
4000	5.4	0	16234
4000	5.5	0	15296
4000	5.6	0	14539
4000	5.7	0	14028
4000	5.8	0	13070
4000	5.9	0	12321
4000	6	0	11285
4000	6.1	0	10278
4000	6.2	0	9601
4000	6.3	0	8821
4000	6.4	0	7979
4000	6.5	0	7454
4000	6.6	0	6766
4000	6.7	0	6180
4000	6.8	0	5611
4000	6.9	0	5325
4000	7	0	4862
4000	7.1	0	4536
4000	7.2	0	4202
4000	7.3	0	3992
4000	7.4	0	3720
4000	7.5	0	3487
4000	7.6	0	3230
4000	7.7	0	3126
4000	7.8	0	2945
4000	7.9	0	2822
4000	8	0	2685
4000	8.1	0	2539
4000	8.2	0	2319
4000	8.3	0	2305
4000	8.4	0	2269
4000	8.5	0	2098
4000	8.6	0	2047
4000	8.7	0	1959
4000	8.8	0	1897
4000	8.9	0	1762
4000	9	0	1781
4000	9.1	0	1770
4000	9.2	0	1754
4000	9.3	0	1698
4000	9.4	0	1590
4000	9.5	0	1513
4000	9.6	0	1545
4000	9.7	0	1503
4000	9.8	0	1417
4000	9.9	0	1376
4000	10	0	1388
4000	10.1	0	1366
4000	10.2	0	1282
4000	10.3	0	1327
4000	10.4	0	1270
4000	10.5	0	1259
4000	10.6	0	1219
4000	10.7	0	1265
4000	10.8	0	1242
4000	10.9	0	1236
4000	11	0	1148
4000	11.1	0	1163
4000	11.2	0	1181
4000	11.3	0	1157
4000	11.4	0	1137
4000	11.5	0	1098
4000	11.6	0	1109
4000	11.7	0	1073
4000	11.8	0	1140
4000	11.9	0	1088
4000	12	0	1050
4000	12.1	0	1109
4000	12.2	0	1156
4000	12.3	0	1093
4000	12.4	0	1181
4000	12.5	0	1119
4000	12.6	0	1128
4000	12.7	0	1138
4000	12.8	0	1091
4000	12.9	0	1158
4000	13	0	1127
4000	13.1	0	1120
4000	13.2	0	1135
4000	13.3	0	1118
4000	13.4	0	1141
4000	13.5	0	1138
4000	13.6	0	1083
4000	13.7	0	1117
4000	13.8	0	1108
4000	13.9	0	1116
4000	14	0	1102
4000	14.1	0	1107
4000	14.2	0	1196
4000	14.3	0	1156
4000	14.4	0	1170
4000	14.5	0	1141
4000	14.6	0	1142
4000	14.7	0	1095
4000	14.8	0	1151
4000	14.9	0	1134
4000	15	0	1135
4000	15.1	0	1151
4000	15.2	0	1091
4000	15.3	0	1117
4000	15.4	0	1086
4000	15.5	0	1103
4000	15.6	0	1094
4000	15.7	0	1117
4000	15.8	0	1151
4000	15.9	0	1235
4000	16	0	1096
4000	16.1	0	1107
4000	16.2	0	1050
4000	16.3	0	1152
4000	16.4	0	1123
4000	16.5	0	1182
4000	16.6	0	1154
4000	16.7	0	1153
4000	16.8	0	1077
4000	16.9	0	1172
4000	17	0	1102
4000	17.1	0	1206
4000	17.2	0	1084
4000	17.3	0	1111
4000	17.4	0	1185
4000	17.5	0	1101
4000	17.6	0	1207
4000	17.7	0	1102
4000	17.8	0	1121
4000	17.9	0	1160
4000	18	0	1082
4000	18.1	0	1163
4000	18.2	0	1205
4000	18.3	0	1189
4000	18.4	0	1172
4000	18.5	0	1116
4000	18.6	0	1191
4000	18.7	0	1136
4000	18.8	0	1191
4000	18.9	0	1123
4000	19	0	1148
4000	19.1	0	1155
4000	19.2	0	1173
4000	19.3	0	1180
4000	19.4	0	1143
4000	19.5	0	1185
4000	19.6	0	1167
4000	19.7	0	1206
4000	19.8	0	1174
4000	19.9	0	1206
8000	0	0	1168
8000	0.1	0	1197
8000	0.2	0	1204
8000	0.3	0	1281
8000	0.4	0	1331
8000	0.5	0	1370
8000	0.6	0	1457
8000	0.7	0	1537
8000	0.8	0	1606
8000	0.9	0	1770
8000	1	0	2005
8000	1.1	0	2217
8000	1.2	0	2574
8000	1.3	0	3037
8000	1.4	0	3342
8000	1.5	0	4103
8000	1.6	0	4963
8000	1.7	0	6108
8000	1.8	0	7640
8000	1.9	0	9839
8000	2	0	12119
8000	2.1	0	14559
8000	2.2	0	17070
8000	2.3	0	18600
8000	2.4	0	18376
8000	2.5	0	17159
8000	2.6	0	16786
8000	2.7	0	16677
8000	2.8	0	17038
8000	2.9	0	17254
8000	3	0	17511
8000	3.1	0	17642
8000	3.2	0	17474
8000	3.3	0	17618
8000	3.4	0	17562
8000	3.5	0	17568
8000	3.6	0	17331
8000	3.7	0	17463
8000	3.8	0	17777
8000	3.9	0	17705
8000	4	0	17746
8000	4.1	0	17693
8000	4.2	0	17593
8000	4.3	0	17649
8000	4.4	0	17634
8000	4.5	0	17489
8000	4.6	0	17491
8000	4.7	0	17339
8000	4.8	0	17316
8000	4.9	0	17439
8000	5	0	17333
8000	5.1	0	17067
8000	5.2	0	16974
8000	5.3	0	16570
8000	5.4	0	16030
8000	5.5	0	15469
8000	5.6	0	14969
8000	5.7	0	14020
8000	5.8	0	13067
8000	5.9	0	12279
8000	6	0	11407
8000	6.1	0	10402
8000	6.2	0	9468
8000	6.3	0	8837
8000	6.4	0	8141
8000	6.5	0	7395
8000	6.6	0	6778
8000	6.7	0	6222
8000	6.8	0	5740
8000	6.9	0	5260
8000	7	0	5012
8000	7.1	0	4586
8000	7.2	0	4272
8000	7.3	0	4006
8000	7.4	0	3807
8000	7.5	0	3469
8000	7.6	0	3276
8000	7.7	0	3176
8000	7.8	0	2920
8000	7.9	0	2841
8000	8	0	2710
8000	8.1	0	2590
8000	8.2	0	2452
8000	8.3	0	2233
8000	8.4	0	2237
8000	8.5	0	2174
8000	8.6	0	2111
8000	8.7	0	1978
8000	8.8	0	1872
8000	8.9	0	1885
8000	9	0	1810
8000	9.1	0	1725
8000	9.2	0	1706
8000	9.3	0	1577
8000	9.4	0	1542
8000	9.5	0	1590
8000	9.6	0	1537
8000	9.7	0	1382
8000	9.8	0	1469
8000	9.9	0	1441
8000	10	0	1364
8000	10.1	0	1375
8000	10.2	0	1359
8000	10.3	0	1274
8000	10.4	0	1255
8000	10.5	0	1354
8000	10.6	0	1275
8000	10.7	0	1241
8000	10.8	0	1187
8000	10.9	0	1253
8000	11	0	1191
8000	11.1	0	1177
8000	11.2	0	1092
8000	11.3	0	1146
8000	11.4	0	1137
8000	11.5	0	1128
8000	11.6	0	1151
8000	11.7	0	1151
8000	11.8	0	1076
8000	11.9	0	1144
8000	12	0	1095
8000	12.1	0	1071
8000	12.2	0	1178
8000	12.3	0	1138
8000	12.4	0	1136
8000	12.5	0	1112
8000	12.6	0	1163
8000	12.7	0	1090
8000	12.8	0	1109
8000	12.9	0	1141
8000	13	0	1131
8000	13.1	0	1152
8000	13.2	0	1082
8000	13.3	0	1138
8000	13.4	0	1109
8000	13.5	0	1192
8000	13.6	0	1089
8000	13.7	0	1105
8000	13.8	0	1101
8000	13.9	0	1154
8000	14	0	1201
8000	14.1	0	1110
8000	14.2	0	1085
8000	14.3	0	1151
8000	14.4	0	1080
8000	14.5	0	1101
8000	14.6	0	1088
8000	14.7	0	1080
8000	14.8	0	1130
8000	14.9	0	1161
8000	15	0	1068
8000	15.1	0	1103
8000	15.2	0	1122
8000	15.3	0	1011
8000	15.4	0	1144
8000	15.5	0	1074
8000	15.6	0	1072
8000	15.7	0	1129
8000	15.8	0	1124
8000	15.9	0	1106
8000	16	0	1095
8000	16.1	0	1131
8000	16.2	0	1164
8000	16.3	0	1087
8000	16.4	0	1177
8000	16.5	0	1149
8000	16.6	0	1170
8000	16.7	0	1183
8000	16.8	0	1103
8000	16.9	0	1118
8000	17	0	1145
8000	17.1	0	1081
8000	17.2	0	1141
8000	17.3	0	1102
8000	17.4	0	1125
8000	17.5	0	1102
8000	17.6	0	1124
8000	17.7	0	1130
8000	17.8	0	1090
8000	17.9	0	1144
8000	18	0	1167
8000	18.1	0	1175
8000	18.2	0	1221
8000	18.3	0	1161
8000	18.4	0	1086
8000	18.5	0	1153
8000	18.6	0	1157
8000	18.7	0	1154
8000	18.8	0	1098
8000	18.9	0	1152
8000	19	0	1131
8000	19.1	0	1194
8000	19.2	0	1154
8000	19.3	0	1170
8000	19.4	0	1211
8000	19.5	0	1176
8000	19.6	0	1140
8000	19.7	0	1154
8000	19.8	0	1188
8000	19.9	0	1200
12000	0	0	1177
12000	0.1	0	1226
12000	0.2	0	1265
12000	0.3	0	1294
12000	0.4	0	1312
12000	0.5	0	1387
12000	0.6	0	1486
12000	0.7	0	1638
12000	0.8	0	1673
12000	0.9	0	1849
12000	1	0	1994
12000	1.1	0	2220
12000	1.2	0	2505
12000	1.3	0	2913
12000	1.4	0	3370
12000	1.5	0	4084
12000	1.6	0	4890
12000	1.7	0	6109
12000	1.8	0	7611
12000	1.9	0	9572
12000	2	0	11873
12000	2.1	0	14689
12000	2.2	0	17127
12000	2.3	0	18748
12000	2.4	0	18345
12000	2.5	0	17157
12000	2.6	0	16696
12000	2.7	0	16625
12000	2.8	0	17093
12000	2.9	0	17321
12000	3	0	17688
12000	3.1	0	17512
12000	3.2	0	17499
12000	3.3	0	17661
12000	3.4	0	17621
12000	3.5	0	17529
12000	3.6	0	17614
12000	3.7	0	17690
12000	3.8	0	17422
12000	3.9	0	17829
12000	4	0	17563
12000	4.1	0	17457
12000	4.2	0	17629
12000	4.3	0	17491
12000	4.4	0	17736
12000	4.5	0	17662
12000	4.6	0	17544
12000	4.7	0	17117
12000	4.8	0	17206
12000	4.9	0	17195
12000	5	0	17453
12000	5.1	0	17234
12000	5.2	0	16945
12000	5.3	0	16418
12000	5.4	0	16097
12000	5.5	0	15329
12000	5.6	0	14719
12000	5.7	0	14053
12000	5.8	0	13119
12000	5.9	0	12186
12000	6	0	11387
12000	6.1	0	10401
12000	6.2	0	9550
12000	6.3	0	8723
12000	6.4	0	8109
12000	6.5	0	7366
12000	6.6	0	6837
12000	6.7	0	6044
12000	6.8	0	5737
12000	6.9	0	5311
12000	7	0	4891
12000	7.1	0	4607
12000	7.2	0	4297
12000	7.3	0	3988
12000	7.4	0	3708
12000	7.5	0	3588
12000	7.6	0	3229
12000	7.7	0	3124
12000	7.8	0	3030
12000	7.9	0	2830
12000	8	0	2695
12000	8.1	0	2519
12000	8.2	0	2455
12000	8.3	0	2432
12000	8.4	0	2284
12000	8.5	0	2137
12000	8.6	0	2112
12000	8.7	0	1971
12000	8.8	0	1907
12000	8.9	0	1834
12000	9	0	1816
12000	9.1	0	1723
12000	9.2	0	1700
12000	9.3	0	1661
12000	9.4	0	1491
12000	9.5	0	1566
12000	9.6	0	1536
12000	9.7	0	1430
12000	9.8	0	1403
12000	9.9	0	1312
12000	10	0	1410
12000	10.1	0	1439
12000	10.2	0	1324
12000	10.3	0	1332
12000	10.4	0	1244
12000	10.5	0	1256
12000	10.6	0	1236
12000	10.7	0	1262
12000	10.8	0	1152
12000	10.9	0	1213
12000	11	0	1235
12000	11.1	0	1169
12000	11.2	0	1186
12000	11.3	0	1230
12000	11.4	0	1148
12000	11.5	0	1197
12000	11.6	0	1179
12000	11.7	0	1160
12000	11.8	0	1165
12000	11.9	0	1104
12000	12	0	1137
12000	12.1	0	1173
12000	12.2	0	1103
12000	12.3	0	1115
12000	12.4	0	1130
12000	12.5	0	1129
12000	12.6	0	1169
12000	12.7	0	1125
12000	12.8	0	1119
12000	12.9	0	1080
12000	13	0	1163
12000	13.1	0	1141
12000	13.2	0	1115
12000	13.3	0	1179
12000	13.4	0	1089
12000	13.5	0	1119
12000	13.6	0	1141
12000	13.7	0	1107
12000	13.8	0	1148
12000	13.9	0	1144
12000	14	0	1092
12000	14.1	0	1119
12000	14.2	0	1074
12000	14.3	0	1155
12000	14.4	0	1115
12000	14.5	0	1153
12000	14.6	0	1149
12000	14.7	0	1139
12000	14.8	0	1144
12000	14.9	0	1117
12000	15	0	1152
12000	15.1	0	1171
12000	15.2	0	1112
12000	15.3	0	1116
12000	15.4	0	1105
12000	15.5	0	1134
12000	15.6	0	1145
12000	15.7	0	1064
12000	15.8	0	1122
12000	15.9	0	1115
12000	16	0	1097
12000	16.1	0	1085
12000	16.2	0	1132
12000	16.3	0	1152
12000	16.4	0	1122
12000	16.5	0	1139
12000	16.6	0	1137
12000	16.7	0	1123
12000	16.8	0	1148
12000	16.9	0	1164
12000	17	0	1109
12000	17.1	0	1173
12000	17.2	0	1146
12000	17.3	0	1138
12000	17.4	0	1095
12000	17.5	0	1134
12000	17.6	0	1170
12000	17.7	0	1192
12000	17.8	0	1175
12000	17.9	0	1143
12000	18	0	1205
12000	18.1	0	1223
12000	18.2	0	1120
12000	18.3	0	1175
12000	18.4	0	1161
12000	18.5	0	1209
12000	18.6	0	1191
12000	18.7	0	1131
12000	18.8	0	1138
12000	18.9	0	1100
12000	19	0	1141
12000	19.1	0	1118
12000	19.2	0	1155
12000	19.3	0	1196
12000	19.4	0	1133
12000	19.5	0	1155
12000	19.6	0	1132
12000	19.7	0	1163
12000	19.8	0	1180
12000	19.9	0	1232
16000	0	0	1200
16000	0.1	0	1247
16000	0.2	0	1216
16000	0.3	0	1240
16000	0.4	0	1345
16000	0.5	0	1407
16000	0.6	0	1426
16000	0.7	0	1525
16000	0.8	0	1723
16000	0.9	0	1758
16000	1	0	2064
16000	1.1	0	2218
16000	1.2	0	2616
16000	1.3	0	2966
16000	1.4	0	3299
16000	1.5	0	4176
16000	1.6	0	5030
16000	1.7	0	6074
16000	1.8	0	7850
16000	1.9	0	9564
16000	2	0	11950
16000	2.1	0	14617
16000	2.2	0	17026
16000	2.3	0	18658
16000	2.4	0	18310
16000	2.5	0	17106
16000	2.6	0	16915
16000	2.7	0	16804
16000	2.8	0	17039
16000	2.9	0	17159
16000	3	0	17698
16000	3.1	0	17491
16000	3.2	0	17551
16000	3.3	0	17634
16000	3.4	0	17563
16000	3.5	0	17802
16000	3.6	0	17598
16000	3.7	0	17803
16000	3.8	0	17843
16000	3.9	0	17505
16000	4	0	17645
16000	4.1	0	17618
16000	4.2	0	17633
16000	4.3	0	17605
16000	4.4	0	17531
16000	4.5	0	17651
16000	4.6	0	17422
16000	4.7	0	17336
16000	4.8	0	17538
16000	4.9	0	17271
16000	5	0	17181
16000	5.1	0	17259
16000	5.2	0	16898
16000	5.3	0	16627
16000	5.4	0	16107
16000	5.5	0	15608
16000	5.6	0	14608
16000	5.7	0	14145
16000	5.8	0	12901
16000	5.9	0	11977
16000	6	0	11390
16000	6.1	0	10451
16000	6.2	0	9421
16000	6.3	0	8670
16000	6.4	0	7894
16000	6.5	0	7345
16000	6.6	0	6703
16000	6.7	0	6162
16000	6.8	0	5728
16000	6.9	0	5267
16000	7	0	4878
16000	7.1	0	4485
16000	7.2	0	4192
16000	7.3	0	3984
16000	7.4	0	3785
16000	7.5	0	3465
16000	7.6	0	3312
16000	7.7	0	3000
16000	7.8	0	3031
16000	7.9	0	2796
16000	8	0	2737
16000	8.1	0	2511
16000	8.2	0	2352
16000	8.3	0	2194
16000	8.4	0	2228
16000	8.5	0	2123
16000	8.6	0	2037
16000	8.7	0	2016
16000	8.8	0	1874
16000	8.9	0	1846
16000	9	0	1713
16000	9.1	0	1703
16000	9.2	0	1719
16000	9.3	0	1641
16000	9.4	0	1663
16000	9.5	0	1626
16000	9.6	0	1543
16000	9.7	0	1448
16000	9.8	0	1435
16000	9.9	0	1367
16000	10	0	1436
16000	10.1	0	1349
16000	10.2	0	1256
16000	10.3	0	1294
16000	10.4	0	1305
16000	10.5	0	1228
16000	10.6	0	1248
16000	10.7	0	1160
16000	10.8	0	1226
16000	10.9	0	1200
16000	11	0	1192
16000	11.1	0	1208
16000	11.2	0	1162
16000	11.3	0	1141
16000	11.4	0	1153
16000	11.5	0	1153
16000	11.6	0	1115
16000	11.7	0	1089
16000	11.8	0	1072
16000	11.9	0	1146
16000	12	0	1116
16000	12.1	0	1160
16000	12.2	0	1079
16000	12.3	0	1098
16000	12.4	0	1196
16000	12.5	0	1115
16000	12.6	0	1150
16000	12.7	0	1141
16000	12.8	0	1080
16000	12.9	0	1145
16000	13	0	1134
16000	13.1	0	1134
16000	13.2	0	1153
16000	13.3	0	1110
16000	13.4	0	1121
16000	13.5	0	1126
16000	13.6	0	1169
16000	13.7	0	1101
16000	13.8	0	1129
16000	13.9	0	1101
16000	14	0	1178
16000	14.1	0	1104
16000	14.2	0	1119
16000	14.3	0	1113
16000	14.4	0	1210
16000	14.5	0	1142
16000	14.6	0	1079
16000	14.7	0	1233
16000	14.8	0	1138
16000	14.9	0	1162
16000	15	0	1134
16000	15.1	0	1133
16000	15.2	0	1106
16000	15.3	0	1076
16000	15.4	0	1137
16000	15.5	0	1093
16000	15.6	0	1150
16000	15.7	0	1137
16000	15.8	0	1141
16000	15.9	0	1155
16000	16	0	1151
16000	16.1	0	1192
16000	16.2	0	1102
16000	16.3	0	1180
16000	16.4	0	1173
16000	16.5	0	1096
16000	16.6	0	1155
16000	16.7	0	1194
16000	16.8	0	1134
16000	16.9	0	1132
16000	17	0	1158
16000	17.1	0	1130
16000	17.2	0	1100
16000	17.3	0	1153
16000	17.4	0	1137
16000	17.5	0	1147
16000	17.6	0	1165
16000	17.7	0	1189
16000	17.8	0	1203
16000	17.9	0	1166
16000	18	0	1163
16000	18.1	0	1159
16000	18.2	0	1167
16000	18.3	0	1156
16000	18.4	0	1163
16000	18.5	0	1155
16000	18.6	0	1107
16000	18.7	0	1118
16000	18.8	0	1195
16000	18.9	0	1163
16000	19	0	1171
16000	19.1	0	1121
16000	19.2	0	1184
16000	19.3	0	1156
16000	19.4	0	1163
16000	19.5	0	1132
16000	19.6	0	1174
16000	19.7	0	1171
16000	19.8	0	1220
16000	19.9	0	1162
20000	0	0	1192
20000	0.1	0	1163
20000	0.2	0	1231
20000	0.3	0	1276
20000	0.4	0	1359
20000	0.5	0	1380
20000	0.6	0	1440
20000	0.7	0	1555
20000	0.8	0	1631
20000	0.9	0	1776
20000	1	0	1968
20000	1.1	0	2220
20000	1.2	0	2482
20000	1.3	0	2857
20000	1.4	0	3456
20000	1.5	0	4074
20000	1.6	0	5004
20000	1.7	0	6195
20000	1.8	0	7678
20000	1.9	0	9602
20000	2	0	12091
20000	2.1	0	14665
20000	2.2	0	17059
20000	2.3	0	18499
20000	2.4	0	18430
20000	2.5	0	16998
20000	2.6	0	16844
20000	2.7	0	16855
20000	2.8	0	17127
20000	2.9	0	17166
20000	3	0	17434
20000	3.1	0	17592
20000	3.2	0	17452
20000	3.3	0	17547
20000	3.4	0	17652
20000	3.5	0	17524
20000	3.6	0	17748
20000	3.7	0	17551
20000	3.8	0	17651
20000	3.9	0	17628
20000	4	0	17790
20000	4.1	0	17491
20000	4.2	0	17434
20000	4.3	0	17852
20000	4.4	0	17539
20000	4.5	0	17377
20000	4.6	0	17396
20000	4.7	0	17454
20000	4.8	0	17252
20000	4.9	0	17448
20000	5	0	17407
20000	5.1	0	17126
20000	5.2	0	17201
20000	5.3	0	16532
20000	5.4	0	16029
20000	5.5	0	15550
20000	5.6	0	14723
20000	5.7	0	14023
20000	5.8	0	13140
20000	5.9	0	12386
20000	6	0	11253
20000	6.1	0	10439
20000	6.2	0	9565
20000	6.3	0	8838
20000	6.4	0	8080
20000	6.5	0	7376
20000	6.6	0	6676
20000	6.7	0	6181
20000	6.8	0	5740
20000	6.9	0	5191
20000	7	0	4946
20000	7.1	0	4427
20000	7.2	0	4290
20000	7.3	0	3987
20000	7.4	0	3674
20000	7.5	0	3386
20000	7.6	0	3341
20000	7.7	0	3134
20000	7.8	0	2941
20000	7.9	0	2775
20000	8	0	2602
20000	8.1	0	2562
20000	8.2	0	2496
20000	8.3	0	2356
20000	8.4	0	2248
20000	8.5	0	2174
20000	8.6	0	2009
20000	8.7	0	1974
20000	8.8	0	1878
20000	8.9	0	1912
20000	9	0	1795
20000	9.1	0	1797
20000	9.2	0	1590
20000	9.3	0	1678
20000	9.4	0	1579
20000	9.5	0	1506
20000	9.6	0	1562
20000	9.7	0	1468
20000	9.8	0	1378
20000	9.9	0	1409
20000	10	0	1348
20000	10.1	0	1282
20000	10.2	0	1357
20000	10.3	0	1315
20000	10.4	0	1197
20000	10.5	0	1243
20000	10.6	0	1204
20000	10.7	0	1237
20000	10.8	0	1238
20000	10.9	0	1187
20000	11	0	1199
20000	11.1	0	1132
20000	11.2	0	1117
20000	11.3	0	1155
20000	11.4	0	1161
20000	11.5	0	1141
20000	11.6	0	1164
20000	11.7	0	1158
20000	11.8	0	1164
20000	11.9	0	1119
20000	12	0	1122
20000	12.1	0	1138
20000	12.2	0	1131
20000	12.3	0	1071
20000	12.4	0	1147
20000	12.5	0	1109
20000	12.6	0	1121
20000	12.7	0	1169
20000	12.8	0	1054
20000	12.9	0	1121
20000	13	0	1081
20000	13.1	0	1097
20000	13.2	0	1122
20000	13.3	0	1121
20000	13.4	0	1147
20000	13.5	0	1161
20000	13.6	0	1101
20000	13.7	0	1111
20000	13.8	0	1130
20000	13.9	0	1118
20000	14	0	1160
20000	14.1	0	1160
20000	14.2	0	1097
20000	14.3	0	1158
20000	14.4	0	1167
20000	14.5	0	1220
20000	14.6	0	1161
20000	14.7	0	1153
20000	14.8	0	1096
20000	14.9	0	1164
20000	15	0	1114
20000	15.1	0	1164
20000	15.2	0	1158
20000	15.3	0	1151
20000	15.4	0	1103
20000	15.5	0	1124
20000	15.6	0	1104
20000	15.7	0	1155
20000	15.8	0	1158
20000	15.9	0	1110
20000	16	0	1117
20000	16.1	0	1113
20000	16.2	0	1179
20000	16.3	0	1150
20000	16.4	0	1107
20000	16.5	0	1142
20000	16.6	0	1116
20000	16.7	0	1121
20000	16.8	0	1188
20000	16.9	0	1078
20000	17	0	1186
20000	17.1	0	1165
20000	17.2	0	1100
20000	17.3	0	1141
20000	17.4	0	1184
20000	17.5	0	1154
20000	17.6	0	1112
20000	17.7	0	1104
20000	17.8	0	1160
20000	17.9	0	1175
20000	18	0	1176
20000	18.1	0	1198
20000	18.2	0	1093
20000	18.3	0	1139
20000	18.4	0	1155
20000	18.5	0	1175
20000	18.6	0	1145
20000	18.7	0	1197
20000	18.8	0	1173
20000	18.9	0	1132
20000	19	0	1167
20000	19.1	0	1182
20000	19.2	0	1137
20000	19.3	0	1164
20000	19.4	0	1188
20000	19.5	0	1238
20000	19.6	0	1154
20000	19.7	0	1156
20000	19.8	0	1184
20000	19.9	0	1273
