1000	0	-697
1000	0.2	-935
1000	0.4	-1175
1000	0.6	-1212
1000	0.8	-904
1000	1	-652
1000	1.2	-288
1000	1.4	-296
1000	1.6	-375
1000	1.8	-366
1000	2	-604
1000	2.2	-534
1000	2.4	-366
1000	2.6	-77
1000	2.8	267
1000	3	449
1000	3.2	163
1000	3.4	-240
1000	3.6	-809
1000	3.8	-1064
1000	4	-1174
1000	4.2	-844
1000	4.4	-265
1000	4.6	235
1000	4.8	695
1000	5	488
1000	5.2	115
1000	5.4	-475
1000	5.6	-611
1000	5.8	-831
1000	6	-538
1000	6.2	129
1000	6.4	776
1000	6.6	1001
1000	6.8	1143
1000	7	716
1000	7.2	204
1000	7.4	-31
1000	7.6	-239
1000	7.8	-234
1000	8	-148
1000	8.2	191
1000	8.4	224
1000	8.6	-6
1000	8.8	-110
1000	9	-631
1000	9.2	-966
1000	9.4	-1141
1000	9.6	-1034
1000	9.8	-955
1000	10	-619
1000	10.2	-447
1000	10.4	-498
1000	10.6	-608
1000	10.8	-1008
1000	11	-1310
1000	11.2	-1067
1000	11.4	-383
1000	11.6	683
1000	11.8	1610
1000	12	2086
1000	12.2	1584
1000	12.4	858
1000	12.6	-218
1000	12.8	-1468
1000	13	-2264
1000	13.2	-2653
1000	13.4	-1978
1000	13.6	-1028
1000	13.8	29
1000	14	924
1000	14.2	1059
1000	14.4	781
1000	14.6	174
1000	14.8	191
1000	15	892
1000	15.2	2488
1000	15.4	4299
1000	15.6	4525
1000	15.8	3390
1000	16	2213
1000	16.2	1106
1000	16.4	504
1000	16.6	267
1000	16.8	302
1000	17	377
1000	17.2	464
1000	17.4	444
1000	17.6	317
1000	17.8	77
1000	18	-59
1000	18.2	-341
1000	18.4	-479
1000	18.6	-609
1000	18.8	-402
1000	19	-302
1000	19.2	-98
1000	19.4	-10
1000	19.6	-108
1000	19.8	-352
