1000	0	2327
1000	0.2	2635
1000	0.4	2974
1000	0.6	3096
1000	0.8	3200
1000	1	3148
1000	1.2	3070
1000	1.4	3313
1000	1.6	3313
1000	1.8	3448
1000	2	3645
1000	2.2	3904
1000	2.4	4253
1000	2.6	4220
1000	2.8	4296
1000	3	4236
1000	3.2	4195
1000	3.4	4253
1000	3.6	4258
1000	3.8	4614
1000	4	4923
1000	4.2	5037
1000	4.4	4927
1000	4.6	4744
1000	4.8	4838
1000	5	4461
1000	5.2	4244
1000	5.4	4365
1000	5.6	4440
1000	5.8	4625
1000	6	4695
1000	6.2	4811
1000	6.4	4856
1000	6.6	4708
1000	6.8	4340
1000	7	3996
1000	7.2	3755
1000	7.4	3631
1000	7.6	3529
1000	7.8	3628
1000	8	3553
1000	8.2	3427
1000	8.4	3431
1000	8.6	3415
1000	8.8	3390
1000	9	3556
1000	9.2	3757
1000	9.4	4038
1000	9.6	4267
1000	9.8	4452
1000	10	4656
1000	10.2	4840
1000	10.4	5145
1000	10.6	5447
1000	10.8	6024
1000	11	6447
1000	11.2	6979
1000	11.4	6985
1000	11.6	7270
1000	11.8	7483
1000	12	7352
1000	12.2	6640
1000	12.4	6259
1000	12.6	6126
1000	12.8	6743
1000	13	7605
1000	13.2	8602
1000	13.4	9125
1000	13.6	9545
1000	13.8	9766
1000	14	10213
1000	14.2	10453
1000	14.4	10723
1000	14.6	11318
1000	14.8	11767
1000	15	12587
1000	15.2	12288
1000	15.4	11637
1000	15.6	10248
1000	15.8	8051
1000	16	5740
1000	16.2	4309
1000	16.4	3740
1000	16.6	3448
1000	16.8	3004
1000	17	2900
1000	17.2	2520
1000	17.4	2334
1000	17.6	2080
1000	17.8	1979
1000	18	1860
1000	18.2	1943
1000	18.4	2112
1000	18.6	2180
1000	18.8	2233
1000	19	2202
1000	19.2	2230
1000	19.4	2251
1000	19.6	2240
1000	19.8	2134
