4000	0	0	1213
4000	0.1	0	1277
4000	0.2	0	1294
4000	0.3	0	1347
4000	0.4	0	1388
4000	0.5	0	1437
4000	0.6	0	1540
4000	0.7	0	1551
4000	0.8	0	1765
4000	0.9	0	1909
4000	1	0	2045
4000	1.1	0	2251
4000	1.2	0	2575
4000	1.3	0	2877
4000	1.4	0	3366
4000	1.5	0	4032
4000	1.6	0	4747
4000	1.7	0	5658
4000	1.8	0	6925
4000	1.9	0	8964
4000	2	0	11053
4000	2.1	0	14303
4000	2.2	0	17142
4000	2.3	0	19423
4000	2.4	0	18920
4000	2.5	0	17238
4000	2.6	0	16806
4000	2.7	0	16549
4000	2.8	0	17009
4000	2.9	0	16898
4000	3	0	17223
4000	3.1	0	17417
4000	3.2	0	17411
4000	3.3	0	17291
4000	3.4	0	17127
4000	3.5	0	17226
4000	3.6	0	17175
4000	3.7	0	17208
4000	3.8	0	17289
4000	3.9	0	17186
4000	4	0	17281
4000	4.1	0	17157
4000	4.2	0	17412
4000	4.3	0	17071
4000	4.4	0	17377
4000	4.5	0	17072
4000	4.6	0	17378
4000	4.7	0	17002
4000	4.8	0	17224
4000	4.9	0	17149
4000	5	0	17090
4000	5.1	0	17228
4000	5.2	0	16923
4000	5.3	0	16834
4000	5.4	0	16168
4000	5.5	0	15554
4000	5.6	0	14939
4000	5.7	0	14227
4000	5.8	0	13091
4000	5.9	0	12158
4000	6	0	11345
4000	6.1	0	10484
4000	6.2	0	9674
4000	6.3	0	8713
4000	6.4	0	8097
4000	6.5	0	7427
4000	6.6	0	6866
4000	6.7	0	6296
4000	6.8	0	5843
4000	6.9	0	5366
4000	7	0	4949
4000	7.1	0	4646
4000	7.2	0	4325
4000	7.3	0	4019
4000	7.4	0	3735
4000	7.5	0	3761
4000	7.6	0	3344
4000	7.7	0	3243
4000	7.8	0	3057
4000	7.9	0	2892
4000	8	0	2677
4000	8.1	0	2628
4000	8.2	0	2495
4000	8.3	0	2385
4000	8.4	0	2296
4000	8.5	0	2208
4000	8.6	0	2176
4000	8.7	0	2070
4000	8.8	0	2013
4000	8.9	0	1903
4000	9	0	1938
4000	9.1	0	1837
4000	9.2	0	1781
4000	9.3	0	1767
4000	9.4	0	1624
4000	9.5	0	1604
4000	9.6	0	1608
4000	9.7	0	1538
4000	9.8	0	1501
4000	9.9	0	1487
4000	10	0	1463
4000	10.1	0	1441
4000	10.2	0	1377
4000	10.3	0	1344
4000	10.4	0	1310
4000	10.5	0	1364
4000	10.6	0	1308
4000	10.7	0	1287
4000	10.8	0	1258
4000	10.9	0	1247
4000	11	0	1165
4000	11.1	0	1267
4000	11.2	0	1230
4000	11.3	0	1218
4000	11.4	0	1184
4000	11.5	0	1186
4000	11.6	0	1196
4000	11.7	0	1234
4000	11.8	0	1172
4000	11.9	0	1156
4000	12	0	1187
4000	12.1	0	1171
4000	12.2	0	1138
4000	12.3	0	1182
4000	12.4	0	1207
4000	12.5	0	1169
4000	12.6	0	1153
4000	12.7	0	1193
4000	12.8	0	1177
4000	12.9	0	1103
4000	13	0	1169
4000	13.1	0	1201
4000	13.2	0	1182
4000	13.3	0	1145
4000	13.4	0	1177
4000	13.5	0	1142
4000	13.6	0	1179
4000	13.7	0	1103
4000	13.8	0	1184
4000	13.9	0	1116
4000	14	0	1222
4000	14.1	0	1237
4000	14.2	0	1166
4000	14.3	0	1193
4000	14.4	0	1140
4000	14.5	0	1152
4000	14.6	0	1184
4000	14.7	0	1180
4000	14.8	0	1138
4000	14.9	0	1174
4000	15	0	1200
4000	15.1	0	1127
4000	15.2	0	1214
4000	15.3	0	1135
4000	15.4	0	1165
4000	15.5	0	1171
4000	15.6	0	1192
4000	15.7	0	1181
4000	15.8	0	1182
4000	15.9	0	1208
4000	16	0	1199
4000	16.1	0	1162
4000	16.2	0	1192
4000	16.3	0	1166
4000	16.4	0	1267
4000	16.5	0	1198
4000	16.6	0	1156
4000	16.7	0	1196
4000	16.8	0	1199
4000	16.9	0	1131
4000	17	0	1194
4000	17.1	0	1213
4000	17.2	0	1181
4000	17.3	0	1191
4000	17.4	0	1163
4000	17.5	0	1160
4000	17.6	0	1167
4000	17.7	0	1186
4000	17.8	0	1196
4000	17.9	0	1176
4000	18	0	1128
4000	18.1	0	1172
4000	18.2	0	1181
4000	18.3	0	1182
4000	18.4	0	1218
4000	18.5	0	1209
4000	18.6	0	1168
4000	18.7	0	1185
4000	18.8	0	1163
4000	18.9	0	1251
4000	19	0	1190
4000	19.1	0	1232
4000	19.2	0	1245
4000	19.3	0	1193
4000	19.4	0	1214
4000	19.5	0	1241
4000	19.6	0	1257
4000	19.7	0	1213
4000	19.8	0	1172
4000	19.9	0	1239
8000	0	0	1170
8000	0.1	0	1260
8000	0.2	0	1193
8000	0.3	0	1298
8000	0.4	0	1402
8000	0.5	0	1396
8000	0.6	0	1450
8000	0.7	0	1527
8000	0.8	0	1714
8000	0.9	0	1912
8000	1	0	2062
8000	1.1	0	2297
8000	1.2	0	2454
8000	1.3	0	2790
8000	1.4	0	3362
8000	1.5	0	3983
8000	1.6	0	4641
8000	1.7	0	5763
8000	1.8	0	7018
8000	1.9	0	8950
8000	2	0	11250
8000	2.1	0	14226
8000	2.2	0	17294
8000	2.3	0	19226
8000	2.4	0	18697
8000	2.5	0	17494
8000	2.6	0	16740
8000	2.7	0	16760
8000	2.8	0	17023
8000	2.9	0	16970
8000	3	0	17262
8000	3.1	0	17541
8000	3.2	0	17262
8000	3.3	0	17235
8000	3.4	0	17278
8000	3.5	0	17115
8000	3.6	0	17311
8000	3.7	0	17211
8000	3.8	0	17252
8000	3.9	0	17364
8000	4	0	17058
8000	4.1	0	17233
8000	4.2	0	17416
8000	4.3	0	17324
8000	4.4	0	17331
8000	4.5	0	17021
8000	4.6	0	17201
8000	4.7	0	17110
8000	4.8	0	17113
8000	4.9	0	17155
8000	5	0	17441
8000	5.1	0	17033
8000	5.2	0	16889
8000	5.3	0	16642
8000	5.4	0	16256
8000	5.5	0	15507
8000	5.6	0	14957
8000	5.7	0	14266
8000	5.8	0	13153
8000	5.9	0	12252
8000	6	0	11232
8000	6.1	0	10349
8000	6.2	0	9778
8000	6.3	0	8756
8000	6.4	0	8080
8000	6.5	0	7395
8000	6.6	0	6835
8000	6.7	0	6286
8000	6.8	0	5769
8000	6.9	0	5411
8000	7	0	4842
8000	7.1	0	4600
8000	7.2	0	4275
8000	7.3	0	4079
8000	7.4	0	3699
8000	7.5	0	3613
8000	7.6	0	3347
8000	7.7	0	3211
8000	7.8	0	3039
8000	7.9	0	2951
8000	8	0	2650
8000	8.1	0	2566
8000	8.2	0	2514
8000	8.3	0	2340
8000	8.4	0	2332
8000	8.5	0	2254
8000	8.6	0	2249
8000	8.7	0	2004
8000	8.8	0	1935
8000	8.9	0	1885
8000	9	0	1801
8000	9.1	0	1767
8000	9.2	0	1768
8000	9.3	0	1706
8000	9.4	0	1658
8000	9.5	0	1556
8000	9.6	0	1567
8000	9.7	0	1492
8000	9.8	0	1526
8000	9.9	0	1472
8000	10	0	1419
8000	10.1	0	1385
8000	10.2	0	1435
8000	10.3	0	1282
8000	10.4	0	1353
8000	10.5	0	1302
8000	10.6	0	1269
8000	10.7	0	1299
8000	10.8	0	1327
8000	10.9	0	1247
8000	11	0	1206
8000	11.1	0	1264
8000	11.2	0	1306
8000	11.3	0	1227
8000	11.4	0	1233
8000	11.5	0	1207
8000	11.6	0	1175
8000	11.7	0	1160
8000	11.8	0	1141
8000	11.9	0	1145
8000	12	0	1135
8000	12.1	0	1244
8000	12.2	0	1239
8000	12.3	0	1142
8000	12.4	0	1171
8000	12.5	0	1249
8000	12.6	0	1197
8000	12.7	0	1224
8000	12.8	0	1160
8000	12.9	0	1198
8000	13	0	1218
8000	13.1	0	1240
8000	13.2	0	1173
8000	13.3	0	1205
8000	13.4	0	1162
8000	13.5	0	1233
8000	13.6	0	1145
8000	13.7	0	1178
8000	13.8	0	1213
8000	13.9	0	1210
8000	14	0	1161
8000	14.1	0	1202
8000	14.2	0	1168
8000	14.3	0	1239
8000	14.4	0	1179
8000	14.5	0	1140
8000	14.6	0	1196
8000	14.7	0	1105
8000	14.8	0	1122
8000	14.9	0	1196
8000	15	0	1127
8000	15.1	0	1162
8000	15.2	0	1168
8000	15.3	0	1231
8000	15.4	0	1173
8000	15.5	0	1209
8000	15.6	0	1177
8000	15.7	0	1123
8000	15.8	0	1193
8000	15.9	0	1196
8000	16	0	1152
8000	16.1	0	1142
8000	16.2	0	1146
8000	16.3	0	1190
8000	16.4	0	1165
8000	16.5	0	1220
8000	16.6	0	1146
8000	16.7	0	1243
8000	16.8	0	1199
8000	16.9	0	1162
8000	17	0	1174
8000	17.1	0	1140
8000	17.2	0	1223
8000	17.3	0	1151
8000	17.4	0	1193
8000	17.5	0	1197
8000	17.6	0	1204
8000	17.7	0	1270
8000	17.8	0	1211
8000	17.9	0	1215
8000	18	0	1153
8000	18.1	0	1195
8000	18.2	0	1235
8000	18.3	0	1213
8000	18.4	0	1194
8000	18.5	0	1218
8000	18.6	0	1220
8000	18.7	0	1206
8000	18.8	0	1223
8000	18.9	0	1169
8000	19	0	1183
8000	19.1	0	1193
8000	19.2	0	1214
8000	19.3	0	1206
8000	19.4	0	1228
8000	19.5	0	1272
8000	19.6	0	1280
8000	19.7	0	1285
8000	19.8	0	1269
8000	19.9	0	1216
12000	0	0	1232
12000	0.1	0	1227
12000	0.2	0	1268
12000	0.3	0	1286
12000	0.4	0	1377
12000	0.5	0	1403
12000	0.6	0	1449
12000	0.7	0	1619
12000	0.8	0	1743
12000	0.9	0	1834
12000	1	0	1991
12000	1.1	0	2294
12000	1.2	0	2555
12000	1.3	0	2855
12000	1.4	0	3331
12000	1.5	0	3892
12000	1.6	0	4649
12000	1.7	0	5711
12000	1.8	0	7181
12000	1.9	0	8764
12000	2	0	11227
12000	2.1	0	14180
12000	2.2	0	17359
12000	2.3	0	19221
12000	2.4	0	18790
12000	2.5	0	17376
12000	2.6	0	16749
12000	2.7	0	16668
12000	2.8	0	16688
12000	2.9	0	17246
12000	3	0	17179
12000	3.1	0	17306
12000	3.2	0	17356
12000	3.3	0	17446
12000	3.4	0	17253
12000	3.5	0	17201
12000	3.6	0	16963
12000	3.7	0	17518
12000	3.8	0	17152
12000	3.9	0	17184
12000	4	0	17217
12000	4.1	0	17177
12000	4.2	0	17292
12000	4.3	0	17335
12000	4.4	0	17297
12000	4.5	0	17207
12000	4.6	0	17182
12000	4.7	0	17172
12000	4.8	0	17269
12000	4.9	0	17172
12000	5	0	17143
12000	5.1	0	17333
12000	5.2	0	16935
12000	5.3	0	16727
12000	5.4	0	16164
12000	5.5	0	15759
12000	5.6	0	14851
12000	5.7	0	14081
12000	5.8	0	13224
12000	5.9	0	12136
12000	6	0	11527
12000	6.1	0	10422
12000	6.2	0	9608
12000	6.3	0	8705
12000	6.4	0	8006
12000	6.5	0	7359
12000	6.6	0	6684
12000	6.7	0	6323
12000	6.8	0	5782
12000	6.9	0	5302
12000	7	0	5010
12000	7.1	0	4671
12000	7.2	0	4316
12000	7.3	0	3977
12000	7.4	0	3658
12000	7.5	0	3611
12000	7.6	0	3341
12000	7.7	0	3326
12000	7.8	0	3006
12000	7.9	0	2910
12000	8	0	2781
12000	8.1	0	2661
12000	8.2	0	2530
12000	8.3	0	2375
12000	8.4	0	2312
12000	8.5	0	2181
12000	8.6	0	2208
12000	8.7	0	2130
12000	8.8	0	2002
12000	8.9	0	1969
12000	9	0	1864
12000	9.1	0	1764
12000	9.2	0	1755
12000	9.3	0	1637
12000	9.4	0	1707
12000	9.5	0	1588
12000	9.6	0	1594
12000	9.7	0	1537
12000	9.8	0	1606
12000	9.9	0	1482
12000	10	0	1471
12000	10.1	0	1445
12000	10.2	0	1402
12000	10.3	0	1368
12000	10.4	0	1376
12000	10.5	0	1317
12000	10.6	0	1294
12000	10.7	0	1268
12000	10.8	0	1250
12000	10.9	0	1282
12000	11	0	1200
12000	11.1	0	1229
12000	11.2	0	1259
12000	11.3	0	1157
12000	11.4	0	1193
12000	11.5	0	1184
12000	11.6	0	1219
12000	11.7	0	1210
12000	11.8	0	1138
12000	11.9	0	1222
12000	12	0	1226
12000	12.1	0	1145
12000	12.2	0	1148
12000	12.3	0	1229
12000	12.4	0	1169
12000	12.5	0	1150
12000	12.6	0	1244
12000	12.7	0	1181
12000	12.8	0	1148
12000	12.9	0	1068
12000	13	0	1192
12000	13.1	0	1222
12000	13.2	0	1169
12000	13.3	0	1242
12000	13.4	0	1176
12000	13.5	0	1182
12000	13.6	0	1127
12000	13.7	0	1207
12000	13.8	0	1203
12000	13.9	0	1203
12000	14	0	1190
12000	14.1	0	1237
12000	14.2	0	1143
12000	14.3	0	1241
12000	14.4	0	1175
12000	14.5	0	1102
12000	14.6	0	1153
12000	14.7	0	1140
12000	14.8	0	1185
12000	14.9	0	1197
12000	15	0	1185
12000	15.1	0	1210
12000	15.2	0	1184
12000	15.3	0	1131
12000	15.4	0	1139
12000	15.5	0	1213
12000	15.6	0	1160
12000	15.7	0	1235
12000	15.8	0	1132
12000	15.9	0	1188
12000	16	0	1134
12000	16.1	0	1206
12000	16.2	0	1208
12000	16.3	0	1187
12000	16.4	0	1186
12000	16.5	0	1214
12000	16.6	0	1138
12000	16.7	0	1228
12000	16.8	0	1167
12000	16.9	0	1204
12000	17	0	1175
12000	17.1	0	1159
12000	17.2	0	1224
12000	17.3	0	1102
12000	17.4	0	1147
12000	17.5	0	1129
12000	17.6	0	1212
12000	17.7	0	1174
12000	17.8	0	1191
12000	17.9	0	1235
12000	18	0	1224
12000	18.1	0	1236
12000	18.2	0	1133
12000	18.3	0	1244
12000	18.4	0	1170
12000	18.5	0	1201
12000	18.6	0	1154
12000	18.7	0	1186
12000	18.8	0	1140
12000	18.9	0	1151
12000	19	0	1236
12000	19.1	0	1261
12000	19.2	0	1203
12000	19.3	0	1186
12000	19.4	0	1189
12000	19.5	0	1155
12000	19.6	0	1245
12000	19.7	0	1294
12000	19.8	0	1223
12000	19.9	0	1271
16000	0	0	1288
16000	0.1	0	1222
16000	0.2	0	1278
16000	0.3	0	1333
16000	0.4	0	1402
16000	0.5	0	1402
16000	0.6	0	1482
16000	0.7	0	1492
16000	0.8	0	1686
16000	0.9	0	1848
16000	1	0	2013
16000	1.1	0	2321
16000	1.2	0	2524
16000	1.3	0	2841
16000	1.4	0	3389
16000	1.5	0	3836
16000	1.6	0	4690
16000	1.7	0	5727
16000	1.8	0	7002
16000	1.9	0	8951
16000	2	0	11055
16000	2.1	0	14267
16000	2.2	0	17446
16000	2.3	0	18777
16000	2.4	0	18929
16000	2.5	0	17126
16000	2.6	0	16722
16000	2.7	0	16750
16000	2.8	0	16855
16000	2.9	0	17031
16000	3	0	17185
16000	3.1	0	17476
16000	3.2	0	17263
16000	3.3	0	17383
16000	3.4	0	17336
16000	3.5	0	17040
16000	3.6	0	17308
16000	3.7	0	17295
16000	3.8	0	17176
16000	3.9	0	17276
16000	4	0	17262
16000	4.1	0	17292
16000	4.2	0	16979
16000	4.3	0	17493
16000	4.4	0	17190
16000	4.5	0	17230
16000	4.6	0	17406
16000	4.7	0	16964
16000	4.8	0	17076
16000	4.9	0	17144
16000	5	0	17504
16000	5.1	0	17158
16000	5.2	0	16973
16000	5.3	0	16555
16000	5.4	0	16198
16000	5.5	0	15532
16000	5.6	0	14999
16000	5.7	0	14151
16000	5.8	0	13266
16000	5.9	0	12413
16000	6	0	11427
16000	6.1	0	10214
16000	6.2	0	9538
16000	6.3	0	8778
16000	6.4	0	8071
16000	6.5	0	7494
16000	6.6	0	6805
16000	6.7	0	6263
16000	6.8	0	5847
16000	6.9	0	5298
16000	7	0	4951
16000	7.1	0	4625
16000	7.2	0	4186
16000	7.3	0	4067
16000	7.4	0	3773
16000	7.5	0	3608
16000	7.6	0	3297
16000	7.7	0	3225
16000	7.8	0	3099
16000	7.9	0	2889
16000	8	0	2813
16000	8.1	0	2590
16000	8.2	0	2515
16000	8.3	0	2295
16000	8.4	0	2327
16000	8.5	0	2188
16000	8.6	0	2101
16000	8.7	0	1974
16000	8.8	0	2052
16000	8.9	0	1927
16000	9	0	1888
16000	9.1	0	1819
16000	9.2	0	1737
16000	9.3	0	1670
16000	9.4	0	1659
16000	9.5	0	1604
16000	9.6	0	1624
16000	9.7	0	1594
16000	9.8	0	1573
16000	9.9	0	1416
16000	10	0	1520
16000	10.1	0	1359
16000	10.2	0	1370
16000	10.3	0	1414
16000	10.4	0	1345
16000	10.5	0	1313
16000	10.6	0	1284
16000	10.7	0	1242
16000	10.8	0	1304
16000	10.9	0	1298
16000	11	0	1260
16000	11.1	0	1259
16000	11.2	0	1196
16000	11.3	0	1274
16000	11.4	0	1183
16000	11.5	0	1214
16000	11.6	0	1179
16000	11.7	0	1198
16000	11.8	0	1176
16000	11.9	0	1172
16000	12	0	1245
16000	12.1	0	1170
16000	12.2	0	1223
16000	12.3	0	1172
16000	12.4	0	1173
16000	12.5	0	1183
16000	12.6	0	1128
16000	12.7	0	1169
16000	12.8	0	1139
16000	12.9	0	1163
16000	13	0	1161
16000	13.1	0	1210
16000	13.2	0	1164
16000	13.3	0	1184
16000	13.4	0	1199
16000	13.5	0	1233
16000	13.6	0	1185
16000	13.7	0	1177
16000	13.8	0	1121
16000	13.9	0	1133
16000	14	0	1185
16000	14.1	0	1161
16000	14.2	0	1191
16000	14.3	0	1228
16000	14.4	0	1161
16000	14.5	0	1262
16000	14.6	0	1163
16000	14.7	0	1138
16000	14.8	0	1144
16000	14.9	0	1195
16000	15	0	1103
16000	15.1	0	1197
16000	15.2	0	1179
16000	15.3	0	1214
16000	15.4	0	1175
16000	15.5	0	1164
16000	15.6	0	1151
16000	15.7	0	1201
16000	15.8	0	1158
16000	15.9	0	1140
16000	16	0	1163
16000	16.1	0	1188
16000	16.2	0	1172
16000	16.3	0	1241
16000	16.4	0	1150
16000	16.5	0	1188
16000	16.6	0	1154
16000	16.7	0	1173
16000	16.8	0	1292
16000	16.9	0	1174
16000	17	0	1275
16000	17.1	0	1217
16000	17.2	0	1189
16000	17.3	0	1208
16000	17.4	0	1244
16000	17.5	0	1167
16000	17.6	0	1270
16000	17.7	0	1202
16000	17.8	0	1202
16000	17.9	0	1206
16000	18	0	1255
16000	18.1	0	1155
16000	18.2	0	1216
16000	18.3	0	1213
16000	18.4	0	1191
16000	18.5	0	1223
16000	18.6	0	1235
16000	18.7	0	1231
16000	18.8	0	1171
16000	18.9	0	1221
16000	19	0	1235
16000	19.1	0	1202
16000	19.2	0	1228
16000	19.3	0	1241
16000	19.4	0	1235
16000	19.5	0	1195
16000	19.6	0	1266
16000	19.7	0	1225
16000	19.8	0	1146
16000	19.9	0	1210
20000	0	0	1260
20000	0.1	0	1293
20000	0.2	0	1305
20000	0.3	0	1225
20000	0.4	0	1338
20000	0.5	0	1454
20000	0.6	0	1529
20000	0.7	0	1578
20000	0.8	0	1720
20000	0.9	0	1856
20000	1	0	2030
20000	1.1	0	2332
20000	1.2	0	2516
20000	1.3	0	2903
20000	1.4	0	3378
20000	1.5	0	3874
20000	1.6	0	4547
20000	1.7	0	5709
20000	1.8	0	7017
20000	1.9	0	8921
20000	2	0	11324
20000	2.1	0	14134
20000	2.2	0	17191
20000	2.3	0	19194
20000	2.4	0	19172
20000	2.5	0	17539
20000	2.6	0	16588
20000	2.7	0	16753
20000	2.8	0	16919
20000	2.9	0	17207
20000	3	0	17208
20000	3.1	0	17550
20000	3.2	0	17150
20000	3.3	0	17514
20000	3.4	0	17109
20000	3.5	0	17165
20000	3.6	0	17276
20000	3.7	0	17374
20000	3.8	0	17085
20000	3.9	0	17462
20000	4	0	17138
20000	4.1	0	17188
20000	4.2	0	17200
20000	4.3	0	17299
20000	4.4	0	17261
20000	4.5	0	17144
20000	4.6	0	17300
20000	4.7	0	17047
20000	4.8	0	17037
20000	4.9	0	17151
20000	5	0	17349
20000	5.1	0	17120
20000	5.2	0	17004
20000	5.3	0	16653
20000	5.4	0	16112
20000	5.5	0	15597
20000	5.6	0	14971
20000	5.7	0	13974
20000	5.8	0	13355
20000	5.9	0	12011
20000	6	0	11319
20000	6.1	0	10365
20000	6.2	0	9612
20000	6.3	0	8807
20000	6.4	0	8000
20000	6.5	0	7452
20000	6.6	0	6765
20000	6.7	0	6281
20000	6.8	0	5733
20000	6.9	0	5282
20000	7	0	5017
20000	7.1	0	4572
20000	7.2	0	4226
20000	7.3	0	4089
20000	7.4	0	3763
20000	7.5	0	3535
20000	7.6	0	3447
20000	7.7	0	3134
20000	7.8	0	3068
20000	7.9	0	2865
20000	8	0	2882
20000	8.1	0	2583
20000	8.2	0	2467
20000	8.3	0	2468
20000	8.4	0	2339
20000	8.5	0	2283
20000	8.6	0	2129
20000	8.7	0	2024
20000	8.8	0	1975
20000	8.9	0	1921
20000	9	0	1801
20000	9.1	0	1776
20000	9.2	0	1815
20000	9.3	0	1735
20000	9.4	0	1671
20000	9.5	0	1566
20000	9.6	0	1576
20000	9.7	0	1547
20000	9.8	0	1551
20000	9.9	0	1473
20000	10	0	1393
20000	10.1	0	1430
20000	10.2	0	1427
20000	10.3	0	1463
20000	10.4	0	1369
20000	10.5	0	1295
20000	10.6	0	1284
20000	10.7	0	1239
20000	10.8	0	1197
20000	10.9	0	1290
20000	11	0	1260
20000	11.1	0	1224
20000	11.2	0	1180
20000	11.3	0	1180
20000	11.4	0	1156
20000	11.5	0	1181
20000	11.6	0	1168
20000	11.7	0	1120
20000	11.8	0	1202
20000	11.9	0	1185
20000	12	0	1169
20000	12.1	0	1184
20000	12.2	0	1197
20000	12.3	0	1148
20000	12.4	0	1184
20000	12.5	0	1172
20000	12.6	0	1164
20000	12.7	0	1105
20000	12.8	0	1178
20000	12.9	0	1204
20000	13	0	1176
20000	13.1	0	1233
20000	13.2	0	1112
20000	13.3	0	1200
20000	13.4	0	1154
20000	13.5	0	1140
20000	13.6	0	1183
20000	13.7	0	1223
20000	13.8	0	1214
20000	13.9	0	1153
20000	14	0	1161
20000	14.1	0	1159
20000	14.2	0	1160
20000	14.3	0	1254
20000	14.4	0	1175
20000	14.5	0	1231
20000	14.6	0	1195
20000	14.7	0	1232
20000	14.8	0	1228
20000	14.9	0	1238
20000	15	0	1154
20000	15.1	0	1256
20000	15.2	0	1185
20000	15.3	0	1214
20000	15.4	0	1177
20000	15.5	0	1165
20000	15.6	0	1199
20000	15.7	0	1182
20000	15.8	0	1203
20000	15.9	0	1251
20000	16	0	1182
20000	16.1	0	1162
20000	16.2	0	1168
20000	16.3	0	1177
20000	16.4	0	1138
20000	16.5	0	1164
20000	16.6	0	1201
20000	16.7	0	1153
20000	16.8	0	1179
20000	16.9	0	1198
20000	17	0	1155
20000	17.1	0	1201
20000	17.2	0	1169
20000	17.3	0	1119
20000	17.4	0	1209
20000	17.5	0	1226
20000	17.6	0	1178
20000	17.7	0	1225
20000	17.8	0	1154
20000	17.9	0	1256
20000	18	0	1131
20000	18.1	0	1202
20000	18.2	0	1185
20000	18.3	0	1254
20000	18.4	0	1191
20000	18.5	0	1207
20000	18.6	0	1194
20000	18.7	0	1163
20000	18.8	0	1162
20000	18.9	0	1210
20000	19	0	1203
20000	19.1	0	1234
20000	19.2	0	1235
20000	19.3	0	1198
20000	19.4	0	1263
20000	19.5	0	1230
20000	19.6	0	1230
20000	19.7	0	1257
20000	19.8	0	1195
20000	19.9	0	1163
