4000	0	0	1237
4000	0.1	0	1150
4000	0.2	0	1200
4000	0.3	0	1278
4000	0.4	0	1259
4000	0.5	0	1335
4000	0.6	0	1501
4000	0.7	0	1515
4000	0.8	0	1598
4000	0.9	0	1689
4000	1	0	2054
4000	1.1	0	2106
4000	1.2	0	2412
4000	1.3	0	2790
4000	1.4	0	3147
4000	1.5	0	3579
4000	1.6	0	4297
4000	1.7	0	5229
4000	1.8	0	6422
4000	1.9	0	7955
4000	2	0	10385
4000	2.1	0	13364
4000	2.2	0	16550
4000	2.3	0	19016
4000	2.4	0	19292
4000	2.5	0	18190
4000	2.6	0	17264
4000	2.7	0	17448
4000	2.8	0	17273
4000	2.9	0	17715
4000	3	0	17672
4000	3.1	0	17777
4000	3.2	0	17728
4000	3.3	0	17932
4000	3.4	0	17787
4000	3.5	0	17815
4000	3.6	0	17632
4000	3.7	0	17629
4000	3.8	0	17946
4000	3.9	0	17732
4000	4	0	17572
4000	4.1	0	17776
4000	4.2	0	17566
4000	4.3	0	17756
4000	4.4	0	17800
4000	4.5	0	17779
4000	4.6	0	17551
4000	4.7	0	17648
4000	4.8	0	17522
4000	4.9	0	17826
4000	5	0	17675
4000	5.1	0	17728
4000	5.2	0	17325
4000	5.3	0	17104
4000	5.4	0	16347
4000	5.5	0	15599
4000	5.6	0	14875
4000	5.7	0	13976
4000	5.8	0	12874
4000	5.9	0	11875
4000	6	0	11010
4000	6.1	0	9983
4000	6.2	0	9467
4000	6.3	0	8251
4000	6.4	0	7713
4000	6.5	0	7035
4000	6.6	0	6450
4000	6.7	0	6025
4000	6.8	0	5440
4000	6.9	0	5192
4000	7	0	4830
4000	7.1	0	4463
4000	7.2	0	4204
4000	7.3	0	3907
4000	7.4	0	3610
4000	7.5	0	3470
4000	7.6	0	3290
4000	7.7	0	3094
4000	7.8	0	3125
4000	7.9	0	2857
4000	8	0	2746
4000	8.1	0	2566
4000	8.2	0	2385
4000	8.3	0	2350
4000	8.4	0	2339
4000	8.5	0	2161
4000	8.6	0	2094
4000	8.7	0	1960
4000	8.8	0	2001
4000	8.9	0	1907
4000	9	0	1876
4000	9.1	0	1834
4000	9.2	0	1728
4000	9.3	0	1700
4000	9.4	0	1621
4000	9.5	0	1616
4000	9.6	0	1517
4000	9.7	0	1486
4000	9.8	0	1464
4000	9.9	0	1477
4000	10	0	1457
4000	10.1	0	1471
4000	10.2	0	1424
4000	10.3	0	1299
4000	10.4	0	1329
4000	10.5	0	1257
4000	10.6	0	1262
4000	10.7	0	1284
4000	10.8	0	1265
4000	10.9	0	1209
4000	11	0	1253
4000	11.1	0	1156
4000	11.2	0	1186
4000	11.3	0	1129
4000	11.4	0	1237
4000	11.5	0	1215
4000	11.6	0	1140
4000	11.7	0	1109
4000	11.8	0	1125
4000	11.9	0	1116
4000	12	0	1154
4000	12.1	0	1150
4000	12.2	0	1138
4000	12.3	0	1126
4000	12.4	0	1172
4000	12.5	0	1164
4000	12.6	0	1142
4000	12.7	0	1186
4000	12.8	0	1195
4000	12.9	0	1167
4000	13	0	1151
4000	13.1	0	1164
4000	13.2	0	1112
4000	13.3	0	1136
4000	13.4	0	1117
4000	13.5	0	1181
4000	13.6	0	1135
4000	13.7	0	1224
4000	13.8	0	1064
4000	13.9	0	1178
4000	14	0	1158
4000	14.1	0	1144
4000	14.2	0	1144
4000	14.3	0	1162
4000	14.4	0	1162
4000	14.5	0	1169
4000	14.6	0	1173
4000	14.7	0	1152
4000	14.8	0	1137
4000	14.9	0	1086
4000	15	0	1196
4000	15.1	0	1169
4000	15.2	0	1154
4000	15.3	0	1130
4000	15.4	0	1171
4000	15.5	0	1150
4000	15.6	0	1169
4000	15.7	0	1112
4000	15.8	0	1111
4000	15.9	0	1122
4000	16	0	1154
4000	16.1	0	1159
4000	16.2	0	1172
4000	16.3	0	1066
4000	16.4	0	1158
4000	16.5	0	1160
4000	16.6	0	1212
4000	16.7	0	1150
4000	16.8	0	1139
4000	16.9	0	1207
4000	17	0	1078
4000	17.1	0	1164
4000	17.2	0	1141
4000	17.3	0	1082
4000	17.4	0	1117
4000	17.5	0	1191
4000	17.6	0	1143
4000	17.7	0	1166
4000	17.8	0	1182
4000	17.9	0	1174
4000	18	0	1140
4000	18.1	0	1206
4000	18.2	0	1164
4000	18.3	0	1157
4000	18.4	0	1177
4000	18.5	0	1167
4000	18.6	0	1232
4000	18.7	0	1148
4000	18.8	0	1222
4000	18.9	0	1213
4000	19	0	1229
4000	19.1	0	1191
4000	19.2	0	1165
4000	19.3	0	1162
4000	19.4	0	1126
4000	19.5	0	1204
4000	19.6	0	1218
4000	19.7	0	1226
4000	19.8	0	1209
4000	19.9	0	1161
8000	0	0	1202
8000	0.1	0	1226
8000	0.2	0	1194
8000	0.3	0	1216
8000	0.4	0	1301
8000	0.5	0	1354
8000	0.6	0	1459
8000	0.7	0	1466
8000	0.8	0	1533
8000	0.9	0	1829
8000	1	0	1938
8000	1.1	0	2106
8000	1.2	0	2372
8000	1.3	0	2732
8000	1.4	0	3183
8000	1.5	0	3786
8000	1.6	0	4370
8000	1.7	0	5266
8000	1.8	0	6486
8000	1.9	0	8063
8000	2	0	10318
8000	2.1	0	13097
8000	2.2	0	16512
8000	2.3	0	18807
8000	2.4	0	19417
8000	2.5	0	18159
8000	2.6	0	17251
8000	2.7	0	17156
8000	2.8	0	17461
8000	2.9	0	17523
8000	3	0	17768
8000	3.1	0	17997
8000	3.2	0	17754
8000	3.3	0	17781
8000	3.4	0	17587
8000	3.5	0	17668
8000	3.6	0	17571
8000	3.7	0	17866
8000	3.8	0	17777
8000	3.9	0	17761
8000	4	0	17973
8000	4.1	0	17656
8000	4.2	0	17724
8000	4.3	0	17869
8000	4.4	0	17846
8000	4.5	0	17613
8000	4.6	0	17878
8000	4.7	0	17803
8000	4.8	0	17502
8000	4.9	0	17558
8000	5	0	17939
8000	5.1	0	17883
8000	5.2	0	17396
8000	5.3	0	17205
8000	5.4	0	16415
8000	5.5	0	15699
8000	5.6	0	14900
8000	5.7	0	13732
8000	5.8	0	12942
8000	5.9	0	12056
8000	6	0	10933
8000	6.1	0	10043
8000	6.2	0	9223
8000	6.3	0	8471
8000	6.4	0	7620
8000	6.5	0	7111
8000	6.6	0	6409
8000	6.7	0	6013
8000	6.8	0	5583
8000	6.9	0	5127
8000	7	0	4722
8000	7.1	0	4488
8000	7.2	0	4292
8000	7.3	0	3947
8000	7.4	0	3716
8000	7.5	0	3394
8000	7.6	0	3306
8000	7.7	0	3128
8000	7.8	0	2978
8000	7.9	0	2836
8000	8	0	2726
8000	8.1	0	2559
8000	8.2	0	2433
8000	8.3	0	2433
8000	8.4	0	2265
8000	8.5	0	2140
8000	8.6	0	2011
8000	8.7	0	2005
8000	8.8	0	1874
8000	8.9	0	1902
8000	9	0	1777
8000	9.1	0	1794
8000	9.2	0	1669
8000	9.3	0	1683
8000	9.4	0	1658
8000	9.5	0	1603
8000	9.6	0	1524
8000	9.7	0	1525
8000	9.8	0	1452
8000	9.9	0	1423
8000	10	0	1413
8000	10.1	0	1338
8000	10.2	0	1322
8000	10.3	0	1364
8000	10.4	0	1277
8000	10.5	0	1304
8000	10.6	0	1278
8000	10.7	0	1210
8000	10.8	0	1230
8000	10.9	0	1277
8000	11	0	1257
8000	11.1	0	1199
8000	11.2	0	1223
8000	11.3	0	1228
8000	11.4	0	1195
8000	11.5	0	1216
8000	11.6	0	1144
8000	11.7	0	1167
8000	11.8	0	1165
8000	11.9	0	1138
8000	12	0	1128
8000	12.1	0	1114
8000	12.2	0	1191
8000	12.3	0	1195
8000	12.4	0	1158
8000	12.5	0	1209
8000	12.6	0	1141
8000	12.7	0	1176
8000	12.8	0	1222
8000	12.9	0	1134
8000	13	0	1160
8000	13.1	0	1162
8000	13.2	0	1133
8000	13.3	0	1126
8000	13.4	0	1214
8000	13.5	0	1121
8000	13.6	0	1135
8000	13.7	0	1102
8000	13.8	0	1183
8000	13.9	0	1124
8000	14	0	1174
8000	14.1	0	1148
8000	14.2	0	1131
8000	14.3	0	1140
8000	14.4	0	1161
8000	14.5	0	1189
8000	14.6	0	1176
8000	14.7	0	1199
8000	14.8	0	1138
8000	14.9	0	1153
8000	15	0	1067
8000	15.1	0	1127
8000	15.2	0	1135
8000	15.3	0	1139
8000	15.4	0	1113
8000	15.5	0	1169
8000	15.6	0	1157
8000	15.7	0	1119
8000	15.8	0	1118
8000	15.9	0	1198
8000	16	0	1163
8000	16.1	0	1163
8000	16.2	0	1155
8000	16.3	0	1169
8000	16.4	0	1107
8000	16.5	0	1166
8000	16.6	0	1156
8000	16.7	0	1219
8000	16.8	0	1166
8000	16.9	0	1126
8000	17	0	1171
8000	17.1	0	1119
8000	17.2	0	1206
8000	17.3	0	1134
8000	17.4	0	1155
8000	17.5	0	1111
8000	17.6	0	1131
8000	17.7	0	1163
8000	17.8	0	1192
8000	17.9	0	1131
8000	18	0	1115
8000	18.1	0	1156
8000	18.2	0	1115
8000	18.3	0	1118
8000	18.4	0	1188
8000	18.5	0	1205
8000	18.6	0	1186
8000	18.7	0	1170
8000	18.8	0	1178
8000	18.9	0	1130
8000	19	0	1111
8000	19.1	0	1134
8000	19.2	0	1151
8000	19.3	0	1186
8000	19.4	0	1168
8000	19.5	0	1181
8000	19.6	0	1214
8000	19.7	0	1157
8000	19.8	0	1178
8000	19.9	0	1134
12000	0	0	1157
12000	0.1	0	1301
12000	0.2	0	1271
12000	0.3	0	1291
12000	0.4	0	1315
12000	0.5	0	1335
12000	0.6	0	1458
12000	0.7	0	1549
12000	0.8	0	1637
12000	0.9	0	1751
12000	1	0	1914
12000	1.1	0	2106
12000	1.2	0	2365
12000	1.3	0	2774
12000	1.4	0	3136
12000	1.5	0	3695
12000	1.6	0	4303
12000	1.7	0	5253
12000	1.8	0	6459
12000	1.9	0	8175
12000	2	0	10281
12000	2.1	0	13082
12000	2.2	0	16383
12000	2.3	0	18955
12000	2.4	0	19460
12000	2.5	0	18100
12000	2.6	0	17304
12000	2.7	0	17160
12000	2.8	0	17365
12000	2.9	0	17467
12000	3	0	17675
12000	3.1	0	17958
12000	3.2	0	17749
12000	3.3	0	17844
12000	3.4	0	17623
12000	3.5	0	17830
12000	3.6	0	17493
12000	3.7	0	17836
12000	3.8	0	17739
12000	3.9	0	17684
12000	4	0	17676
12000	4.1	0	18016
12000	4.2	0	17810
12000	4.3	0	17555
12000	4.4	0	17990
12000	4.5	0	17685
12000	4.6	0	17653
12000	4.7	0	17682
12000	4.8	0	17748
12000	4.9	0	17615
12000	5	0	17832
12000	5.1	0	17760
12000	5.2	0	17375
12000	5.3	0	17122
12000	5.4	0	16576
12000	5.5	0	15413
12000	5.6	0	14914
12000	5.7	0	13873
12000	5.8	0	12938
12000	5.9	0	11894
12000	6	0	10954
12000	6.1	0	10038
12000	6.2	0	9270
12000	6.3	0	8426
12000	6.4	0	7718
12000	6.5	0	7080
12000	6.6	0	6558
12000	6.7	0	5963
12000	6.8	0	5594
12000	6.9	0	5107
12000	7	0	4739
12000	7.1	0	4528
12000	7.2	0	4144
12000	7.3	0	3913
12000	7.4	0	3746
12000	7.5	0	3461
12000	7.6	0	3409
12000	7.7	0	3225
12000	7.8	0	3011
12000	7.9	0	2773
12000	8	0	2572
12000	8.1	0	2617
12000	8.2	0	2534
12000	8.3	0	2287
12000	8.4	0	2230
12000	8.5	0	2145
12000	8.6	0	2073
12000	8.7	0	1992
12000	8.8	0	1910
12000	8.9	0	1790
12000	9	0	1789
12000	9.1	0	1815
12000	9.2	0	1749
12000	9.3	0	1683
12000	9.4	0	1599
12000	9.5	0	1627
12000	9.6	0	1551
12000	9.7	0	1508
12000	9.8	0	1511
12000	9.9	0	1369
12000	10	0	1436
12000	10.1	0	1339
12000	10.2	0	1342
12000	10.3	0	1320
12000	10.4	0	1298
12000	10.5	0	1353
12000	10.6	0	1268
12000	10.7	0	1298
12000	10.8	0	1184
12000	10.9	0	1260
12000	11	0	1214
12000	11.1	0	1211
12000	11.2	0	1254
12000	11.3	0	1158
12000	11.4	0	1116
12000	11.5	0	1152
12000	11.6	0	1174
12000	11.7	0	1193
12000	11.8	0	1190
12000	11.9	0	1163
12000	12	0	1158
12000	12.1	0	1203
12000	12.2	0	1074
12000	12.3	0	1135
12000	12.4	0	1208
12000	12.5	0	1144
12000	12.6	0	1132
12000	12.7	0	1099
12000	12.8	0	1160
12000	12.9	0	1174
12000	13	0	1144
12000	13.1	0	1134
12000	13.2	0	1202
12000	13.3	0	1115
12000	13.4	0	1121
12000	13.5	0	1148
12000	13.6	0	1156
12000	13.7	0	1143
12000	13.8	0	1126
12000	13.9	0	1171
12000	14	0	1178
12000	14.1	0	1148
12000	14.2	0	1172
12000	14.3	0	1093
12000	14.4	0	1153
12000	14.5	0	1168
12000	14.6	0	1112
12000	14.7	0	1133
12000	14.8	0	1113
12000	14.9	0	1152
12000	15	0	1186
12000	15.1	0	1137
12000	15.2	0	1142
12000	15.3	0	1139
12000	15.4	0	1162
12000	15.5	0	1180
12000	15.6	0	1151
12000	15.7	0	1102
12000	15.8	0	1185
12000	15.9	0	1191
12000	16	0	1175
12000	16.1	0	1123
12000	16.2	0	1201
12000	16.3	0	1197
12000	16.4	0	1146
12000	16.5	0	1148
12000	16.6	0	1149
12000	16.7	0	1193
12000	16.8	0	1082
12000	16.9	0	1181
12000	17	0	1137
12000	17.1	0	1213
12000	17.2	0	1185
12000	17.3	0	1203
12000	17.4	0	1107
12000	17.5	0	1177
12000	17.6	0	1153
12000	17.7	0	1194
12000	17.8	0	1112
12000	17.9	0	1185
12000	18	0	1154
12000	18.1	0	1194
12000	18.2	0	1167
12000	18.3	0	1171
12000	18.4	0	1163
12000	18.5	0	1119
12000	18.6	0	1235
12000	18.7	0	1159
12000	18.8	0	1127
12000	18.9	0	1183
12000	19	0	1176
12000	19.1	0	1132
12000	19.2	0	1123
12000	19.3	0	1189
12000	19.4	0	1266
12000	19.5	0	1185
12000	19.6	0	1173
12000	19.7	0	1179
12000	19.8	0	1198
12000	19.9	0	1211
16000	0	0	1191
16000	0.1	0	1186
16000	0.2	0	1249
16000	0.3	0	1234
16000	0.4	0	1277
16000	0.5	0	1365
16000	0.6	0	1411
16000	0.7	0	1570
16000	0.8	0	1611
16000	0.9	0	1834
16000	1	0	1969
16000	1.1	0	2189
16000	1.2	0	2359
16000	1.3	0	2794
16000	1.4	0	3132
16000	1.5	0	3580
16000	1.6	0	4419
16000	1.7	0	5255
16000	1.8	0	6495
16000	1.9	0	7993
16000	2	0	10527
16000	2.1	0	12946
16000	2.2	0	16506
16000	2.3	0	18880
16000	2.4	0	19265
16000	2.5	0	18178
16000	2.6	0	17189
16000	2.7	0	17299
16000	2.8	0	17574
16000	2.9	0	17521
16000	3	0	17786
16000	3.1	0	17592
16000	3.2	0	17767
16000	3.3	0	17981
16000	3.4	0	17632
16000	3.5	0	17597
16000	3.6	0	17860
16000	3.7	0	17522
16000	3.8	0	17918
16000	3.9	0	17852
16000	4	0	17701
16000	4.1	0	17678
16000	4.2	0	17666
16000	4.3	0	17813
16000	4.4	0	17812
16000	4.5	0	17748
16000	4.6	0	17695
16000	4.7	0	17615
16000	4.8	0	17666
16000	4.9	0	17793
16000	5	0	17773
16000	5.1	0	17814
16000	5.2	0	17483
16000	5.3	0	17013
16000	5.4	0	16347
16000	5.5	0	15580
16000	5.6	0	14798
16000	5.7	0	13927
16000	5.8	0	12858
16000	5.9	0	11781
16000	6	0	10969
16000	6.1	0	9895
16000	6.2	0	9242
16000	6.3	0	8448
16000	6.4	0	7834
16000	6.5	0	7024
16000	6.6	0	6488
16000	6.7	0	6058
16000	6.8	0	5591
16000	6.9	0	5136
16000	7	0	4765
16000	7.1	0	4504
16000	7.2	0	4201
16000	7.3	0	4003
16000	7.4	0	3794
16000	7.5	0	3468
16000	7.6	0	3325
16000	7.7	0	3143
16000	7.8	0	2903
16000	7.9	0	2854
16000	8	0	2713
16000	8.1	0	2508
16000	8.2	0	2498
16000	8.3	0	2306
16000	8.4	0	2232
16000	8.5	0	2182
16000	8.6	0	2031
16000	8.7	0	2090
16000	8.8	0	1986
16000	8.9	0	1891
16000	9	0	1816
16000	9.1	0	1752
16000	9.2	0	1713
16000	9.3	0	1654
16000	9.4	0	1653
16000	9.5	0	1607
16000	9.6	0	1565
16000	9.7	0	1491
16000	9.8	0	1463
16000	9.9	0	1406
16000	10	0	1405
16000	10.1	0	1312
16000	10.2	0	1339
16000	10.3	0	1377
16000	10.4	0	1342
16000	10.5	0	1281
16000	10.6	0	1248
16000	10.7	0	1210
16000	10.8	0	1280
16000	10.9	0	1229
16000	11	0	1267
16000	11.1	0	1163
16000	11.2	0	1169
16000	11.3	0	1191
16000	11.4	0	1189
16000	11.5	0	1150
16000	11.6	0	1156
16000	11.7	0	1159
16000	11.8	0	1131
16000	11.9	0	1122
16000	12	0	1129
16000	12.1	0	1130
16000	12.2	0	1209
16000	12.3	0	1133
16000	12.4	0	1170
16000	12.5	0	1229
16000	12.6	0	1143
16000	12.7	0	1145
16000	12.8	0	1159
16000	12.9	0	1158
16000	13	0	1199
16000	13.1	0	1231
16000	13.2	0	1170
16000	13.3	0	1181
16000	13.4	0	1194
16000	13.5	0	1162
16000	13.6	0	1118
16000	13.7	0	1184
16000	13.8	0	1188
16000	13.9	0	1228
16000	14	0	1158
16000	14.1	0	1115
16000	14.2	0	1192
16000	14.3	0	1131
16000	14.4	0	1133
16000	14.5	0	1134
16000	14.6	0	1134
16000	14.7	0	1150
16000	14.8	0	1146
16000	14.9	0	1176
16000	15	0	1163
16000	15.1	0	1126
16000	15.2	0	1132
16000	15.3	0	1141
16000	15.4	0	1147
16000	15.5	0	1231
16000	15.6	0	1194
16000	15.7	0	1126
16000	15.8	0	1165
16000	15.9	0	1165
16000	16	0	1151
16000	16.1	0	1167
16000	16.2	0	1146
16000	16.3	0	1166
16000	16.4	0	1139
16000	16.5	0	1116
16000	16.6	0	1154
16000	16.7	0	1217
16000	16.8	0	1142
16000	16.9	0	1179
16000	17	0	1129
16000	17.1	0	1091
16000	17.2	0	1226
16000	17.3	0	1122
16000	17.4	0	1159
16000	17.5	0	1206
16000	17.6	0	1175
16000	17.7	0	1196
16000	17.8	0	1158
16000	17.9	0	1164
16000	18	0	1174
16000	18.1	0	1105
16000	18.2	0	1167
16000	18.3	0	1148
16000	18.4	0	1100
16000	18.5	0	1189
16000	18.6	0	1144
16000	18.7	0	1166
16000	18.8	0	1171
16000	18.9	0	1238
16000	19	0	1192
16000	19.1	0	1156
16000	19.2	0	1156
16000	19.3	0	1173
16000	19.4	0	1116
16000	19.5	0	1130
16000	19.6	0	1207
16000	19.7	0	1227
16000	19.8	0	1196
16000	19.9	0	1135
20000	0	0	1229
20000	0.1	0	1214
20000	0.2	0	1242
20000	0.3	0	1293
20000	0.4	0	1353
20000	0.5	0	1391
20000	0.6	0	1489
20000	0.7	0	1571
20000	0.8	0	1591
20000	0.9	0	1780
20000	1	0	1967
20000	1.1	0	2117
20000	1.2	0	2443
20000	1.3	0	2710
20000	1.4	0	3023
20000	1.5	0	3498
20000	1.6	0	4291
20000	1.7	0	5144
20000	1.8	0	6415
20000	1.9	0	8077
20000	2	0	10344
20000	2.1	0	13324
20000	2.2	0	16378
20000	2.3	0	19326
20000	2.4	0	19399
20000	2.5	0	18316
20000	2.6	0	17533
20000	2.7	0	17209
20000	2.8	0	17307
20000	2.9	0	17667
20000	3	0	17515
20000	3.1	0	17875
20000	3.2	0	17905
20000	3.3	0	17772
20000	3.4	0	17665
20000	3.5	0	17752
20000	3.6	0	17574
20000	3.7	0	17935
20000	3.8	0	17791
20000	3.9	0	17702
20000	4	0	17769
20000	4.1	0	17580
20000	4.2	0	17830
20000	4.3	0	17917
20000	4.4	0	17900
20000	4.5	0	17590
20000	4.6	0	17601
20000	4.7	0	17824
20000	4.8	0	17678
20000	4.9	0	17613
20000	5	0	17706
20000	5.1	0	17730
20000	5.2	0	17612
20000	5.3	0	17097
20000	5.4	0	16273
20000	5.5	0	15426
20000	5.6	0	14932
20000	5.7	0	13873
20000	5.8	0	12909
20000	5.9	0	11836
20000	6	0	10941
20000	6.1	0	10161
20000	6.2	0	9288
20000	6.3	0	8393
20000	6.4	0	7597
20000	6.5	0	6997
20000	6.6	0	6604
20000	6.7	0	6073
20000	6.8	0	5474
20000	6.9	0	5092
20000	7	0	4849
20000	7.1	0	4568
20000	7.2	0	4199
20000	7.3	0	3898
20000	7.4	0	3700
20000	7.5	0	3517
20000	7.6	0	3287
20000	7.7	0	3059
20000	7.8	0	2962
20000	7.9	0	2896
20000	8	0	2756
20000	8.1	0	2559
20000	8.2	0	2410
20000	8.3	0	2295
20000	8.4	0	2210
20000	8.5	0	2074
20000	8.6	0	2089
20000	8.7	0	1978
20000	8.8	0	1974
20000	8.9	0	1902
20000	9	0	1813
20000	9.1	0	1700
20000	9.2	0	1747
20000	9.3	0	1693
20000	9.4	0	1667
20000	9.5	0	1518
20000	9.6	0	1560
20000	9.7	0	1470
20000	9.8	0	1436
20000	9.9	0	1377
20000	10	0	1338
20000	10.1	0	1469
20000	10.2	0	1355
20000	10.3	0	1371
20000	10.4	0	1252
20000	10.5	0	1310
20000	10.6	0	1312
20000	10.7	0	1230
20000	10.8	0	1283
20000	10.9	0	1207
20000	11	0	1225
20000	11.1	0	1184
20000	11.2	0	1162
20000	11.3	0	1200
20000	11.4	0	1160
20000	11.5	0	1199
20000	11.6	0	1193
20000	11.7	0	1169
20000	11.8	0	1145
20000	11.9	0	1108
20000	12	0	1123
20000	12.1	0	1183
20000	12.2	0	1150
20000	12.3	0	1108
20000	12.4	0	1118
20000	12.5	0	1190
20000	12.6	0	1121
20000	12.7	0	1174
20000	12.8	0	1110
20000	12.9	0	1126
20000	13	0	1122
20000	13.1	0	1171
20000	13.2	0	1161
20000	13.3	0	1168
20000	13.4	0	1143
20000	13.5	0	1167
20000	13.6	0	1193
20000	13.7	0	1188
20000	13.8	0	1099
20000	13.9	0	1203
20000	14	0	1141
20000	14.1	0	1155
20000	14.2	0	1147
20000	14.3	0	1122
20000	14.4	0	1143
20000	14.5	0	1103
20000	14.6	0	1172
20000	14.7	0	1148
20000	14.8	0	1120
20000	14.9	0	1131
20000	15	0	1159
20000	15.1	0	1128
20000	15.2	0	1104
20000	15.3	0	1220
20000	15.4	0	1164
20000	15.5	0	1181
20000	15.6	0	1165
20000	15.7	0	1155
20000	15.8	0	1187
20000	15.9	0	1144
20000	16	0	1163
20000	16.1	0	1149
20000	16.2	0	1104
20000	16.3	0	1183
20000	16.4	0	1198
20000	16.5	0	1142
20000	16.6	0	1129
20000	16.7	0	1095
20000	16.8	0	1187
20000	16.9	0	1082
20000	17	0	1201
20000	17.1	0	1128
20000	17.2	0	1173
20000	17.3	0	1148
20000	17.4	0	1108
20000	17.5	0	1153
20000	17.6	0	1137
20000	17.7	0	1137
20000	17.8	0	1168
20000	17.9	0	1156
20000	18	0	1174
20000	18.1	0	1105
20000	18.2	0	1223
20000	18.3	0	1191
20000	18.4	0	1141
20000	18.5	0	1117
20000	18.6	0	1191
20000	18.7	0	1174
20000	18.8	0	1203
20000	18.9	0	1221
20000	19	0	1154
20000	19.1	0	1110
20000	19.2	0	1179
20000	19.3	0	1185
20000	19.4	0	1204
20000	19.5	0	1240
20000	19.6	0	1223
20000	19.7	0	1163
20000	19.8	0	1176
20000	19.9	0	1200
