2.0000e+05	8.9656e+04
2.0000e+05	8.9206e+04
2.0000e+05	8.9964e+04
2.0000e+05	9.0069e+04
2.0000e+05	9.0779e+04
2.0000e+05	9.1445e+04
2.0000e+05	9.2073e+04
2.0000e+05	9.3311e+04
2.0000e+05	9.4090e+04
2.0000e+05	9.5353e+04
2.0000e+05	9.6316e+04
2.0000e+05	9.7436e+04
2.0000e+05	9.9598e+04
2.0000e+05	1.0046e+05
2.0000e+05	1.0246e+05
2.0000e+05	1.0327e+05
2.0000e+05	1.0552e+05
2.0000e+05	1.0724e+05
2.0000e+05	1.0828e+05
2.0000e+05	1.0956e+05
2.0000e+05	1.1082e+05
2.0000e+05	1.1176e+05
2.0000e+05	1.1213e+05
2.0000e+05	1.1288e+05
2.0000e+05	1.1278e+05
2.0000e+05	1.1093e+05
2.0000e+05	1.1080e+05
2.0000e+05	1.1122e+05
2.0000e+05	1.1088e+05
2.0000e+05	1.1074e+05
2.0000e+05	1.1131e+05
2.0000e+05	1.1151e+05
2.0000e+05	1.1119e+05
2.0000e+05	1.1115e+05
2.0000e+05	1.1161e+05
2.0000e+05	1.1100e+05
2.0000e+05	1.1095e+05
2.0000e+05	1.1105e+05
2.0000e+05	1.1149e+05
2.0000e+05	1.1138e+05
2.0000e+05	1.1107e+05
2.0000e+05	1.1072e+05
2.0000e+05	1.1099e+05
2.0000e+05	1.1084e+05
2.0000e+05	1.1152e+05
2.0000e+05	1.1073e+05
2.0000e+05	1.1048e+05
2.0000e+05	1.1117e+05
2.0000e+05	1.1066e+05
2.0000e+05	1.1040e+05
2.0000e+05	1.1076e+05
2.0000e+05	1.1068e+05
2.0000e+05	1.0993e+05
2.0000e+05	1.1066e+05
2.0000e+05	1.1000e+05
2.0000e+05	1.1023e+05
2.0000e+05	1.1049e+05
2.0000e+05	1.1017e+05
2.0000e+05	1.0908e+05
2.0000e+05	1.0972e+05
2.0000e+05	1.0910e+05
2.0000e+05	1.0989e+05
2.0000e+05	1.0982e+05
2.0000e+05	1.0875e+05
2.0000e+05	1.0899e+05
2.0000e+05	1.0872e+05
2.0000e+05	1.0867e+05
2.0000e+05	1.0842e+05
2.0000e+05	1.0841e+05
2.0000e+05	1.0826e+05
2.0000e+05	1.0816e+05
2.0000e+05	1.0751e+05
2.0000e+05	1.0783e+05
2.0000e+05	1.0779e+05
2.0000e+05	1.0677e+05
2.0000e+05	1.0672e+05
2.0000e+05	1.0733e+05
2.0000e+05	1.0697e+05
2.0000e+05	1.0648e+05
2.0000e+05	1.0630e+05
2.0000e+05	1.0627e+05
2.0000e+05	1.0592e+05
2.0000e+05	1.0559e+05
2.0000e+05	1.0554e+05
2.0000e+05	1.0515e+05
2.0000e+05	1.0495e+05
2.0000e+05	1.0429e+05
2.0000e+05	1.0477e+05
2.0000e+05	1.0466e+05
2.0000e+05	1.0442e+05
2.0000e+05	1.0352e+05
2.0000e+05	1.0311e+05
2.0000e+05	1.0402e+05
2.0000e+05	1.0363e+05
2.0000e+05	1.0282e+05
2.0000e+05	1.0306e+05
2.0000e+05	1.0251e+05
2.0000e+05	1.0217e+05
2.0000e+05	1.0232e+05
2.0000e+05	1.0193e+05
2.0000e+05	1.0157e+05
2.0000e+05	1.0181e+05
2.0000e+05	1.0070e+05
2.0000e+05	1.0140e+05
2.0000e+05	1.0104e+05
2.0000e+05	1.0113e+05
2.0000e+05	1.0028e+05
2.0000e+05	1.0056e+05
2.0000e+05	1.0024e+05
2.0000e+05	1.0002e+05
2.0000e+05	9.9791e+04
2.0000e+05	9.9146e+04
2.0000e+05	9.8992e+04
2.0000e+05	9.8877e+04
2.0000e+05	9.9088e+04
2.0000e+05	9.8508e+04
2.0000e+05	9.8731e+04
2.0000e+05	9.8074e+04
2.0000e+05	9.8100e+04
2.0000e+05	9.7712e+04
2.0000e+05	9.7380e+04
2.0000e+05	9.7408e+04
2.0000e+05	9.6958e+04
2.0000e+05	9.6859e+04
2.0000e+05	9.7183e+04
2.0000e+05	9.6763e+04
2.0000e+05	9.6313e+04
2.0000e+05	9.6547e+04
2.0000e+05	9.6128e+04
2.0000e+05	9.6070e+04
2.0000e+05	9.5670e+04
2.0000e+05	9.5527e+04
2.0000e+05	9.5480e+04
2.0000e+05	9.5221e+04
2.0000e+05	9.5386e+04
2.0000e+05	9.5368e+04
2.0000e+05	9.4833e+04
2.0000e+05	9.5157e+04
2.0000e+05	9.4434e+04
2.0000e+05	9.4067e+04
2.0000e+05	9.4287e+04
2.0000e+05	9.4190e+04
2.0000e+05	9.4280e+04
2.0000e+05	9.3341e+04
2.0000e+05	9.3528e+04
2.0000e+05	9.3687e+04
2.0000e+05	9.3781e+04
2.0000e+05	9.2738e+04
2.0000e+05	9.2866e+04
2.0000e+05	9.3302e+04
2.0000e+05	9.2953e+04
2.0000e+05	9.2585e+04
2.0000e+05	9.2670e+04
2.0000e+05	9.2300e+04
2.0000e+05	9.1752e+04
2.0000e+05	9.1727e+04
2.0000e+05	9.2077e+04
2.0000e+05	9.2145e+04
2.0000e+05	9.1686e+04
2.0000e+05	9.1577e+04
2.0000e+05	9.1932e+04
2.0000e+05	9.1395e+04
2.0000e+05	9.1487e+04
2.0000e+05	9.1188e+04
2.0000e+05	9.0768e+04
2.0000e+05	9.0608e+04
2.0000e+05	9.1194e+04
2.0000e+05	9.0582e+04
2.0000e+05	9.0560e+04
2.0000e+05	9.0900e+04
2.0000e+05	9.0380e+04
2.0000e+05	9.0048e+04
2.0000e+05	9.0586e+04
2.0000e+05	9.0634e+04
2.0000e+05	9.0556e+04
2.0000e+05	9.0106e+04
2.0000e+05	9.0190e+04
2.0000e+05	9.0124e+04
2.0000e+05	8.9576e+04
2.0000e+05	8.9311e+04
2.0000e+05	8.9958e+04
2.0000e+05	8.9670e+04
2.0000e+05	8.9944e+04
2.0000e+05	8.9769e+04
2.0000e+05	8.9896e+04
2.0000e+05	8.9643e+04
2.0000e+05	8.9365e+04
2.0000e+05	8.9013e+04
2.0000e+05	8.9167e+04
2.0000e+05	8.9436e+04
2.0000e+05	8.9830e+04
2.0000e+05	8.9493e+04
2.0000e+05	8.9344e+04
2.0000e+05	8.8976e+04
2.0000e+05	8.9529e+04
2.0000e+05	8.9249e+04
2.0000e+05	8.9899e+04
2.0000e+05	8.9526e+04
2.0000e+05	8.9371e+04
2.0000e+05	8.9279e+04
