2.0000e+05	8.8728e+04
2.0000e+05	8.9013e+04
2.0000e+05	9.0002e+04
2.0000e+05	9.0199e+04
2.0000e+05	9.0627e+04
2.0000e+05	9.1119e+04
2.0000e+05	9.2360e+04
2.0000e+05	9.3284e+04
2.0000e+05	9.3436e+04
2.0000e+05	9.5026e+04
2.0000e+05	9.7174e+04
2.0000e+05	9.8005e+04
2.0000e+05	9.9128e+04
2.0000e+05	1.0061e+05
2.0000e+05	1.0222e+05
2.0000e+05	1.0366e+05
2.0000e+05	1.0583e+05
2.0000e+05	1.0687e+05
2.0000e+05	1.0782e+05
2.0000e+05	1.0964e+05
2.0000e+05	1.1074e+05
2.0000e+05	1.1139e+05
2.0000e+05	1.1303e+05
2.0000e+05	1.1295e+05
2.0000e+05	1.1210e+05
2.0000e+05	1.1108e+05
2.0000e+05	1.1062e+05
2.0000e+05	1.1109e+05
2.0000e+05	1.1146e+05
2.0000e+05	1.1117e+05
2.0000e+05	1.1106e+05
2.0000e+05	1.1153e+05
2.0000e+05	1.1128e+05
2.0000e+05	1.1119e+05
2.0000e+05	1.1138e+05
2.0000e+05	1.1099e+05
2.0000e+05	1.1123e+05
2.0000e+05	1.1126e+05
2.0000e+05	1.1078e+05
2.0000e+05	1.1153e+05
2.0000e+05	1.1084e+05
2.0000e+05	1.1206e+05
2.0000e+05	1.1064e+05
2.0000e+05	1.1091e+05
2.0000e+05	1.1111e+05
2.0000e+05	1.1107e+05
2.0000e+05	1.1020e+05
2.0000e+05	1.1129e+05
2.0000e+05	1.1085e+05
2.0000e+05	1.1055e+05
2.0000e+05	1.1075e+05
2.0000e+05	1.1073e+05
2.0000e+05	1.0992e+05
2.0000e+05	1.1031e+05
2.0000e+05	1.1038e+05
2.0000e+05	1.1091e+05
2.0000e+05	1.1030e+05
2.0000e+05	1.0982e+05
2.0000e+05	1.0958e+05
2.0000e+05	1.0995e+05
2.0000e+05	1.0935e+05
2.0000e+05	1.0922e+05
2.0000e+05	1.0941e+05
2.0000e+05	1.0962e+05
2.0000e+05	1.0889e+05
2.0000e+05	1.0890e+05
2.0000e+05	1.0808e+05
2.0000e+05	1.0874e+05
2.0000e+05	1.0832e+05
2.0000e+05	1.0820e+05
2.0000e+05	1.0793e+05
2.0000e+05	1.0734e+05
2.0000e+05	1.0812e+05
2.0000e+05	1.0738e+05
2.0000e+05	1.0764e+05
2.0000e+05	1.0679e+05
2.0000e+05	1.0682e+05
2.0000e+05	1.0684e+05
2.0000e+05	1.0646e+05
2.0000e+05	1.0582e+05
2.0000e+05	1.0542e+05
2.0000e+05	1.0622e+05
2.0000e+05	1.0566e+05
2.0000e+05	1.0536e+05
2.0000e+05	1.0527e+05
2.0000e+05	1.0495e+05
2.0000e+05	1.0492e+05
2.0000e+05	1.0503e+05
2.0000e+05	1.0421e+05
2.0000e+05	1.0427e+05
2.0000e+05	1.0386e+05
2.0000e+05	1.0404e+05
2.0000e+05	1.0378e+05
2.0000e+05	1.0330e+05
2.0000e+05	1.0308e+05
2.0000e+05	1.0291e+05
2.0000e+05	1.0265e+05
2.0000e+05	1.0238e+05
2.0000e+05	1.0192e+05
2.0000e+05	1.0178e+05
2.0000e+05	1.0211e+05
2.0000e+05	1.0118e+05
2.0000e+05	1.0153e+05
2.0000e+05	1.0114e+05
2.0000e+05	1.0120e+05
2.0000e+05	1.0070e+05
2.0000e+05	1.0041e+05
2.0000e+05	1.0016e+05
2.0000e+05	1.0044e+05
2.0000e+05	9.9631e+04
2.0000e+05	9.9424e+04
2.0000e+05	9.8824e+04
2.0000e+05	9.9357e+04
2.0000e+05	9.8802e+04
2.0000e+05	9.8885e+04
2.0000e+05	9.9175e+04
2.0000e+05	9.8457e+04
2.0000e+05	9.8208e+04
2.0000e+05	9.7380e+04
2.0000e+05	9.8305e+04
2.0000e+05	9.7951e+04
2.0000e+05	9.7119e+04
2.0000e+05	9.7696e+04
2.0000e+05	9.6432e+04
2.0000e+05	9.7181e+04
2.0000e+05	9.7126e+04
2.0000e+05	9.6253e+04
2.0000e+05	9.6346e+04
2.0000e+05	9.5821e+04
2.0000e+05	9.5054e+04
2.0000e+05	9.5996e+04
2.0000e+05	9.6393e+04
2.0000e+05	9.5697e+04
2.0000e+05	9.5602e+04
2.0000e+05	9.4824e+04
2.0000e+05	9.5279e+04
2.0000e+05	9.4957e+04
2.0000e+05	9.4389e+04
2.0000e+05	9.4229e+04
2.0000e+05	9.4754e+04
2.0000e+05	9.3842e+04
2.0000e+05	9.3826e+04
2.0000e+05	9.3717e+04
2.0000e+05	9.3786e+04
2.0000e+05	9.3501e+04
2.0000e+05	9.3438e+04
2.0000e+05	9.3335e+04
2.0000e+05	9.2915e+04
2.0000e+05	9.2921e+04
2.0000e+05	9.3278e+04
2.0000e+05	9.2893e+04
2.0000e+05	9.2971e+04
2.0000e+05	9.2098e+04
2.0000e+05	9.2110e+04
2.0000e+05	9.2389e+04
2.0000e+05	9.2284e+04
2.0000e+05	9.2308e+04
2.0000e+05	9.1732e+04
2.0000e+05	9.1781e+04
2.0000e+05	9.1895e+04
2.0000e+05	9.1536e+04
2.0000e+05	9.1492e+04
2.0000e+05	9.1523e+04
2.0000e+05	9.1467e+04
2.0000e+05	9.1069e+04
2.0000e+05	9.0732e+04
2.0000e+05	9.0875e+04
2.0000e+05	9.0569e+04
2.0000e+05	9.0308e+04
2.0000e+05	9.0352e+04
2.0000e+05	9.0787e+04
2.0000e+05	9.0470e+04
2.0000e+05	9.0547e+04
2.0000e+05	9.0743e+04
2.0000e+05	9.0581e+04
2.0000e+05	8.9856e+04
2.0000e+05	8.9630e+04
2.0000e+05	9.0149e+04
2.0000e+05	8.9840e+04
2.0000e+05	9.0469e+04
2.0000e+05	8.9772e+04
2.0000e+05	8.9852e+04
2.0000e+05	8.9554e+04
2.0000e+05	8.9605e+04
2.0000e+05	8.9662e+04
2.0000e+05	8.9267e+04
2.0000e+05	9.0155e+04
2.0000e+05	8.9681e+04
2.0000e+05	8.9519e+04
2.0000e+05	8.9424e+04
2.0000e+05	8.9630e+04
2.0000e+05	8.9546e+04
2.0000e+05	8.8968e+04
2.0000e+05	8.9859e+04
2.0000e+05	8.8705e+04
2.0000e+05	8.9581e+04
2.0000e+05	8.9208e+04
2.0000e+05	8.9517e+04
2.0000e+05	8.9207e+04
2.0000e+05	8.9231e+04
