2.0000e+04	-7.6818e+02	-2.9971e+00	3.2481e+02	2.7144e+02	1.4285e+01	2.8650e+02	-2.5216e+02	2.8999e+01	-4.2617e+01	3.7313e+02	-5.1690e+01	-4.3296e+02	-5.9237e+02	-9.8977e+01	-5.8639e+02	4.5244e+02	1.9390e+02	3.6299e+02	-1.3587e+02	1.3659e+02	1.2863e+02	-6.2093e+02	-8.4980e+01	1.5949e+02	-1.1569e+02	-3.7097e+02	-1.5332e+02	-3.7189e+01	-4.7614e+02	-3.3785e+01	-1.2710e+02	6.1135e+02	-3.0714e+02	-6.3169e+00	-1.9741e+02	7.8963e+02	6.6531e+02	-1.8298e+02	2.8053e+02	3.6308e+02	-2.8038e+02	-2.6724e+01	-1.5250e+02	6.1471e+02	-5.9862e+01	3.4044e+02	3.0135e+01	4.1086e+01	-6.1334e+01	4.6481e+01	1.8189e+02	-2.0719e+02	-2.7887e+02	-6.4775e+02	-4.1424e+02	6.1100e+02	6.6068e+02	3.2503e+02	-1.6973e+02	-7.5334e+02	-3.8222e+01	3.5618e+02	4.1820e+02	-7.6223e+01	-1.1255e+02	6.1578e+02	-8.6409e+01	-1.8115e+00	4.5893e+02	-1.9486e+02	-2.6904e+02	3.2487e+02	2.7437e+02	1.3561e+02	-6.3913e+02	-3.2332e+00	2.9310e+02	1.5442e+02	-2.0645e+01	-2.1978e+02	-2.2041e+02	-3.9842e+02	4.6895e+02	1.6252e+00	1.4097e+02	-2.1583e+02	5.3796e+01	-2.6817e+01	-2.7450e+02	7.5886e+01	5.7442e+00	1.7112e+02	-1.1882e+02	1.4763e+02	-6.1931e+02	4.7912e+01	-1.3675e+02	-1.5830e+02	-6.0898e+02	-1.6142e+02	-2.5474e+02	1.1523e+02	3.6900e+01	2.4356e+02	-2.3192e+02	-6.3691e+02	-4.5048e+02	-2.4601e+01	2.2117e+02	-3.2532e+02	-1.6007e+02	1.0048e+02	-2.8487e+02	1.1792e+02	-3.0243e+02	-9.5262e+01	1.8770e+02	2.3751e+02	4.0722e+02	-1.0285e+02	3.0967e+01	4.4134e+02	3.3894e+01	-5.2785e+01	1.1592e+01	1.5381e+01	-2.7129e+02	4.2357e+02	4.1906e+02	-4.1289e+02	-3.4398e+01	7.6534e+01	5.1875e+02	2.1752e+02	-8.1374e+02	-1.1623e+02	5.2219e+01	9.0758e+01	-1.7650e+02	-1.8210e+00	5.1239e+02	2.1473e+02	-1.6990e+02	-5.3951e+02	-1.1851e+02	1.5947e+02	3.2018e+01	-3.5450e+01	-2.2246e+02	-4.8701e+02	7.6649e+01	-1.6727e+01	-2.0509e+02	-2.0939e+02	7.7574e+02	1.5735e+02	2.7829e+02	3.4848e+02	2.1404e+02	2.2166e+02	7.9353e+02	3.9592e+02	2.6146e+02	8.1817e+01	-1.4904e+02	6.9923e+02	3.5113e+02	7.4954e+01	4.0621e+02	2.6273e+02	-1.1595e+01	-3.1316e+02	3.0590e+02	5.0342e+00	4.0080e+00	-4.9305e+02	3.5229e+02	-6.5986e+01	-1.1037e+02	-3.2630e+02	-8.9015e+02	1.8122e+02	-2.2660e+02	-5.2408e+01	-1.4157e+02	9.9767e+02	-1.6677e+02	-2.7360e+02	-3.1263e+02	7.5012e+02	-8.7230e+01	4.1868e+02	-1.7378e+02	-3.5218e+02	-2.5161e+02	3.4080e+02	-4.5959e+02	1.6956e+02	-2.3356e+02	1.1114e+02
2.0000e+04	-8.8519e+02	-1.0880e+03	-1.9160e+02	-1.0699e+02	-4.1154e+01	6.0308e+02	-8.4522e+02	2.4353e+02	-2.9627e+02	4.4543e+02	1.0420e+03	-6.6159e+02	-4.6247e+02	8.1286e+01	-4.7524e+02	2.5948e+01	-5.2424e+02	2.1614e+02	-5.2825e+02	5.4361e+02	2.5634e+02	-1.7952e+02	-6.1107e+02	-5.4021e+02	-6.2003e+02	-5.9629e+01	-7.3751e+02	-6.7702e+02	-2.5509e+02	-3.1418e+02	-7.3578e+02	-6.5683e+02	-2.6751e+02	1.7283e+02	-9.2579e+01	-6.3139e+02	5.7976e+02	-5.6140e+02	-6.0486e+02	1.0030e+03	-7.6174e+02	4.6593e+02	-4.3032e+02	6.4293e+02	-2.0591e+02	-1.1498e+03	-1.0918e+01	3.5981e+02	4.8728e+01	1.3126e+02	-5.5666e+02	2.1693e+02	5.5247e+02	4.0857e+02	-2.6787e+02	-5.0433e+02	3.7492e+02	2.6521e+02	-6.7060e+02	1.2015e+02	5.9429e+02	2.9348e+02	-1.1910e+02	-8.5385e+01	1.7695e+02	9.2103e+01	-3.3021e+02	2.5145e+02	7.3391e+02	-8.1994e+02	2.9602e+02	1.2354e+02	9.8652e+02	-3.1751e+02	-4.9026e+02	5.2061e+02	-1.4039e+02	-8.8717e+02	-7.4561e+01	3.2512e+02	1.1029e+00	-2.1548e+02	-6.5199e+02	3.5519e+02	4.4582e+01	7.1244e+02	3.1255e+02	1.1164e+02	-7.0630e+02	6.5597e+02	2.7600e+02	7.5087e+02	-5.2829e+02	8.7974e+02	-1.0479e+03	1.7326e+02	-2.3670e+02	-9.6696e+02	4.3487e+02	9.0888e+02	3.7373e+02	-5.9558e+02	1.2210e+03	-1.3153e+02	-2.3231e+02	-8.2734e+00	-6.0211e+02	-1.9540e+02	6.8749e+02	-2.6356e+02	-2.9162e+02	-3.9761e+02	-3.9015e+02	-1.3752e+01	5.6919e+02	4.2748e+02	2.2637e+02	1.5785e+02	4.4313e+02	5.7282e+02	4.6739e+02	-1.7360e+02	-3.5669e+02	-1.2940e+02	-5.1118e+01	6.3267e+02	2.1671e+02	-6.6823e+01	6.4047e+02	-4.7392e+02	-2.6463e+02	-1.3050e+02	-2.0154e+02	-7.1455e+02	5.6947e+02	-3.3147e+02	6.2986e+01	-4.5862e+02	-8.3795e+02	-9.4056e+01	6.1172e+02	4.7394e+02	-3.7590e+01	6.0932e+02	1.0554e+03	2.9560e+02	-1.0607e+03	4.2212e+02	4.3613e+02	-3.9912e+02	-6.6775e+01	2.9061e+02	8.0027e+02	2.9733e+01	-9.6328e+02	3.9038e+02	3.5301e+02	5.1424e+02	2.1322e+02	6.5374e+02	2.1425e+02	5.3132e+01	-1.0381e+02	-6.0868e+02	6.3275e+02	-3.2501e+02	-4.3168e+02	-4.3839e+02	1.8156e+02	4.1523e+02	4.7839e+02	-3.2677e+02	-2.7176e+02	-3.4807e+02	-5.8183e+02	-1.0089e+03	-2.7295e+02	-2.1067e+02	3.3443e+02	8.5724e+02	-5.9234e+02	6.8288e+02	-3.4035e+02	-4.9288e+01	3.0540e+02	1.2772e+03	-1.4452e+02	-2.9178e+01	1.0119e+03	3.1092e+02	-6.2772e+01	3.9007e+02	9.4314e+01	-7.8674e+01	-4.5615e+02	-2.7472e+02	-2.9767e+01	2.0054e+02	-1.5473e+02	1.1948e+02
4.0000e+04	-6.5537e+02	3.1341e+02	-2.9100e+01	8.5253e+02	2.3167e+02	4.1265e+02	-3.2038e+02	1.7665e+02	7.7017e+02	3.4202e+02	-2.4205e+02	-3.8002e+02	-5.5826e+02	-9.3887e+02	-8.0010e+02	6.1052e+02	-8.6872e+01	1.0362e+03	-4.1338e+02	3.0537e+02	-1.0319e+01	-3.1724e+02	-1.9229e+02	5.6215e+02	2.7860e+02	-6.8853e+02	2.3261e+02	-3.0839e+02	-2.2331e+02	-2.9088e+02	2.7206e+02	6.8318e+02	-9.0327e+02	-4.7658e+02	1.7393e+02	9.0971e+02	4.8297e+02	2.9281e+02	3.4466e+02	2.2796e+02	1.6494e+02	-1.3267e+02	1.3844e+02	1.9425e+02	-9.5239e+01	6.4830e+02	-5.6835e+02	-1.3074e+02	3.4554e+02	4.0730e+01	-6.2361e+02	-5.3807e+02	-6.5462e+02	-1.2012e+03	-1.4192e+02	8.9194e+02	7.6254e+02	-4.2311e+02	3.7882e+02	-1.4644e+03	-8.1704e+02	8.5042e+02	5.4123e+02	2.1789e+02	-3.1847e+02	3.9052e+02	1.2224e+02	3.2628e+02	3.9876e+02	-9.3141e+01	1.7752e+01	3.5698e+02	1.8889e+01	-2.4183e+02	-9.9270e+02	-4.2807e+02	1.1650e+01	8.8274e+01	-5.7855e+02	-2.1753e+02	-2.5879e+02	-3.8090e+02	1.8248e+02	-5.0155e+02	-2.5882e+01	-6.2401e+02	-2.2436e+02	3.6870e+02	-1.9407e+02	3.4142e+02	-6.3398e+02	-2.6853e+02	-2.8040e+02	4.9834e+02	-9.1310e+02	-4.4451e+02	1.9725e+02	-3.2844e+02	-2.0083e+02	4.7886e+02	-4.6731e+02	6.8651e+02	7.1520e+02	1.9613e+02	-1.8448e+02	-3.7394e+02	-5.5294e+02	9.4516e+01	2.2875e+02	-5.6333e+02	1.3851e+02	-2.3484e+02	-4.0957e+02	-4.7292e+01	-7.2391e+02	-1.6781e+01	2.4428e+02	5.0130e+02	6.6753e+02	-5.0166e+02	1.4845e+02	-1.1630e+02	3.3485e+01	-9.9753e+01	-5.4679e+01	6.4917e+01	-4.2679e+02	5.5885e+02	2.1992e+02	-5.1080e+02	-2.7879e+02	3.9456e+02	3.9988e+02	-1.3963e+02	-6.4953e+02	-2.9310e+02	1.7085e+02	-4.1064e+02	-6.1147e+02	-3.1798e+01	5.7820e+02	1.8282e+02	-3.5091e+02	-6.4345e+02	8.3190e+01	-2.6417e+02	7.3124e+02	-1.7915e+02	-8.5359e+01	-7.0433e+02	-1.2327e+02	-3.6285e+02	2.1297e+02	-8.1429e+02	8.7436e+02	1.1062e+02	9.7585e+01	-4.1346e+02	3.4685e+02	-3.3551e+02	7.0395e+02	-2.2237e+01	-3.7296e+02	-6.1809e+02	-7.5680e+02	4.7382e+02	1.6348e+02	-4.1438e+02	2.1061e+02	-2.3789e+02	-3.8350e+02	-1.3854e+03	2.1940e+02	4.7797e+02	-4.2515e+02	-4.7891e+02	4.2819e+02	8.0841e+01	5.3307e+01	-8.2621e+01	-9.9761e+02	-1.7512e+02	3.0385e+01	-2.1367e+02	-6.5111e+02	8.6663e+02	1.9495e+02	-4.3619e+02	3.4050e+02	2.1550e+02	-3.4710e+02	-1.8838e+02	-4.3293e+02	-1.0214e+02	-2.9523e+02	6.7385e+02	-2.0402e+01	-4.9222e+01	-7.2774e+02	5.1023e+01
4.0000e+04	-1.0975e+03	-8.4344e+02	-1.0207e+03	-6.3443e+02	-7.0615e+01	-8.5135e+02	-7.3471e+02	-1.8009e+02	-4.4853e+02	-3.1864e+01	1.2152e+03	-2.4517e+02	-9.0605e+02	-5.3994e+02	-3.5782e+02	1.5175e+03	-7.8313e+02	-3.8540e+02	-3.4595e+02	6.6413e+01	-5.0383e+02	-4.7805e+02	-6.9031e+02	1.1175e+02	-3.5921e+02	-1.5009e+02	-6.2830e+02	1.3285e+02	-3.0401e+02	-5.3761e+02	-2.7571e+02	-8.1804e+02	-9.2493e+02	-9.6561e+01	3.0363e+02	-3.9050e+02	5.3575e+02	2.3727e+02	-9.8994e-01	1.3874e+03	-2.4654e+02	5.4957e+02	-3.5778e+02	-2.8257e+02	-9.9158e+02	-1.3201e+03	-1.5065e+02	-5.2545e+02	4.2159e+02	7.9937e+02	3.0550e+02	-2.2956e+01	9.5075e+02	1.2201e+03	-2.0644e+02	-1.4061e+02	8.6987e+02	3.9845e+02	-9.7884e+02	6.1095e+02	4.9122e+02	5.9820e+02	-3.4635e+02	-5.7198e+02	1.2588e+03	5.5347e+02	4.5120e+02	-1.0566e+03	6.4012e+02	-1.2723e+03	-1.0884e+03	-9.8417e+02	4.1109e+02	1.2020e+02	-2.7759e+02	5.0003e+02	8.9839e+02	-9.7100e+02	7.4340e+02	3.8947e+02	-7.4984e+02	5.3362e+01	1.0026e+02	1.1382e+02	-1.5508e+02	3.7345e+02	1.0705e+03	6.1899e+02	-3.3245e+02	8.4347e+02	4.6145e+02	1.2316e+02	-1.0588e+03	1.1884e+02	-7.4979e+02	-6.8584e+02	-3.7097e+02	-9.1997e+02	9.6820e+02	7.0586e+02	4.1002e+01	5.9943e+01	1.2964e+03	6.1145e+02	1.1430e+02	-7.1271e+02	-1.0458e+03	3.6002e+02	1.2635e+03	1.5851e+02	-1.0703e+02	-1.0862e+03	-9.8635e+02	-5.3185e+02	-5.1498e+02	6.7235e+02	9.2608e+02	1.3706e+02	6.7635e+02	1.1592e+03	4.4351e+02	-1.7170e+03	-7.3628e+01	5.7375e+01	-5.0556e+02	5.2046e+02	-2.5612e+02	3.6923e+02	7.3758e+02	-8.6894e+01	-4.5412e+02	4.7488e+02	-1.7141e+02	-1.1728e+03	8.0421e+02	1.8269e+02	6.7283e+02	-4.2117e+02	-7.2516e+02	-3.4326e+02	-2.7105e+02	1.5839e+01	-6.0647e+02	1.7270e+02	1.6140e+03	2.3458e+02	-1.1599e+03	4.6213e+02	3.0938e+02	-3.5265e+02	-5.1585e+02	-1.9432e+02	9.3862e+02	5.9980e+02	-4.6884e+02	1.1518e+03	5.0487e+02	6.3785e+01	1.3613e+02	1.3143e+03	6.1493e+02	-3.4279e+02	-5.1493e+02	-2.9860e+02	5.0610e+02	2.9645e+02	-1.3592e+03	-1.0999e+02	3.8940e+02	-1.1884e+02	1.4208e+02	1.7709e+02	-4.6404e+02	-4.3234e+02	-3.1414e+02	-8.8394e+02	5.8577e+02	1.3627e+03	-7.8452e+01	1.0175e+03	-9.9536e+02	3.4939e+02	-7.7060e+02	2.6725e+01	9.0027e+02	2.1391e+03	1.1992e+02	5.7501e+02	5.0660e+02	9.8562e+02	7.5220e+02	-4.2826e+02	4.0286e+02	6.2811e+02	6.5410e+02	-2.6288e+02	6.1616e+02	1.7173e+03	8.1906e+02	-4.1841e+02
6.0000e+04	-8.1330e+02	6.6914e+01	-2.5060e+02	8.5818e+02	4.6963e+02	-1.0495e+02	-2.0187e+02	-2.4234e+02	3.8660e+02	1.0119e+03	-4.7052e+02	-5.4829e+02	-5.7039e+02	-1.0931e+03	-8.4034e+02	4.1613e+02	2.6005e+02	9.4811e+02	-3.5255e+02	3.8351e+02	4.0009e+02	-1.4911e+01	1.0208e+03	1.1959e+03	6.5825e+02	-4.9680e+02	5.7633e+02	-6.5722e+02	2.2773e+02	3.5656e+01	-2.6846e+02	7.6125e+02	-1.1198e+03	-1.3663e+01	6.7131e+02	8.4363e+02	6.1984e+02	6.1110e+01	8.0254e+02	-1.7749e+02	1.2157e+02	1.9378e+02	1.8535e+02	2.0596e+02	-3.2656e+02	4.1374e+02	-1.4204e+03	-1.3528e+02	9.6938e+02	5.3252e+01	-1.1476e+03	-6.4730e+02	-9.0386e+02	-7.6635e+02	1.6442e+02	3.7875e+02	4.4254e+02	-2.2777e+02	5.7467e+02	-1.6884e+03	-8.4722e+02	7.8734e+02	6.9850e+01	5.5117e+02	-1.1702e+02	3.8527e+02	8.0788e+02	5.0775e+02	-7.6037e+01	-1.8876e+01	4.6032e+02	1.6393e+02	3.9690e+02	-1.1919e+02	-8.8086e+02	-7.0106e+02	8.4642e+01	4.2646e+02	-6.1222e+02	-4.3255e+02	-4.5437e+02	-1.2292e+02	1.2657e+02	-1.0559e+03	-3.4922e+02	-8.6479e+02	5.9443e+01	4.9033e+02	-5.1862e+02	5.3913e+02	-4.7541e+02	-1.1134e+02	-2.9718e+02	1.0857e+03	-1.1099e+03	-2.4055e+02	-1.9301e+02	-8.7414e+02	-6.1663e+02	6.1463e+02	-5.4707e+02	4.1009e+02	6.9739e+02	-2.3144e+02	-2.1453e+02	-9.1778e+02	-3.7802e+02	1.0823e+02	-9.0070e+01	-8.6635e+02	-1.8108e+02	1.3618e+02	-3.3224e+02	-1.0034e+02	-2.9370e+02	-8.4676e+01	5.8633e+02	4.0809e+02	2.0610e+02	-8.1553e+02	5.0142e+02	4.2642e+02	2.2718e+02	-3.0136e+01	-3.9224e+02	-1.8096e+02	-1.8245e+02	2.9684e+02	2.3274e+02	-8.0450e+02	-6.7256e+02	7.8072e+02	5.6447e+02	-6.2291e+02	-1.1899e+03	-4.6646e+02	3.4953e+02	-1.8961e+02	-1.9980e+02	-2.8125e+02	8.0596e+02	3.6624e+02	-5.4091e+02	-4.9069e+02	-6.2455e+02	-5.1425e+02	3.5975e+02	4.8035e+00	-7.3832e+02	-9.5729e+02	-3.9984e+02	-4.3409e+02	5.8694e+02	-7.8627e+02	8.5984e+02	3.5356e+02	2.5465e+01	1.4228e+01	9.1293e+02	-1.7610e+02	6.9048e+02	5.9479e+02	-5.6466e+02	-3.0679e+02	-3.9184e+02	8.1772e+02	3.3274e+02	-2.7836e+02	2.4413e+02	-5.1319e+02	-5.6988e+02	-1.4254e+03	3.0691e+02	-2.6905e+01	7.9072e+00	-3.5891e+02	9.1827e+02	-2.3235e+02	2.5083e+02	-4.2572e+02	-1.4174e+03	-4.8890e+02	5.2677e+01	-1.7317e+02	3.0152e+02	1.1998e+03	1.9050e+02	-6.0438e+02	2.6395e+02	-2.4752e+02	-1.2961e+02	-3.6100e+02	-8.2534e+02	4.2481e+02	-5.2655e+02	6.8890e+02	8.2172e+01	3.1093e+02	2.0533e+01	6.8117e+02
6.0000e+04	-3.2461e+02	-1.3210e+03	-3.5644e+02	-9.1337e+02	1.5986e+02	-8.9890e+02	-1.9061e+03	-6.9327e+02	-5.3450e+02	-1.5336e+02	1.0831e+03	-4.0184e+02	-1.0166e+03	-6.4669e+02	-5.6261e+02	1.8337e+03	-1.4045e+03	-2.9383e+02	3.8974e+02	-2.8305e+02	-5.8863e+02	-6.8586e+02	3.0505e+02	2.7997e+02	-1.0116e+03	7.6504e+02	-2.6898e+02	2.1509e+02	-3.5918e+02	-1.2297e+03	9.5001e+01	-1.3117e+03	2.8778e+02	-8.1575e+02	2.8767e+02	-2.9164e+02	1.2663e+03	5.5838e+02	-6.1906e+02	8.1417e+02	-5.5190e+02	3.5906e+02	-3.9995e+02	-3.8342e+02	-6.8541e+02	-9.8327e+02	-4.1059e+01	-3.8539e+02	3.4866e+02	4.6619e+02	3.7964e+02	3.6372e+02	1.5947e+03	1.5172e+03	4.9411e+02	4.3331e+02	-1.0446e+03	-8.8834e+01	6.2787e+01	-5.9349e+01	-8.1024e+01	7.6487e+02	4.3878e+02	-9.2763e+02	1.2922e+03	-2.2926e+02	3.6611e+02	-1.0245e+03	7.3421e+02	-1.6586e+03	-4.2669e+02	-4.7685e+02	4.2740e+02	4.3224e+00	-5.9058e+02	1.5153e+03	6.7035e+02	-7.0152e+02	-8.5920e+02	4.4494e+02	-9.1073e+02	2.2152e+02	-9.7138e+01	-1.5772e+02	-2.4310e+02	-4.6144e+02	1.2672e+03	9.7434e+02	-5.4569e+02	1.0628e+03	3.1882e+02	6.1474e+02	-1.3582e+03	-5.1675e+02	-6.4132e+02	-7.2060e+02	-1.2292e+03	-8.8139e+02	1.3089e+03	7.9693e+02	-1.2731e+03	-3.2393e+02	1.5566e+03	-2.6485e+02	1.2501e+02	-4.7884e+02	-1.3396e+03	6.9599e+02	3.7786e+01	3.5264e+02	-5.6363e+02	-1.6655e+03	-2.9655e+02	-6.2662e+01	4.3546e+01	1.0757e+03	1.3538e+03	4.3761e+02	-2.6325e+02	1.7550e+03	4.5783e+02	1.4616e+01	-2.8924e+02	-1.2726e+02	-1.3275e+03	1.3048e+03	-6.9154e+02	-3.4392e+02	-1.3323e+02	3.0071e+01	1.9116e+02	4.0476e+02	-1.0031e+03	-1.3543e+03	9.6217e+02	4.6548e+01	-1.2902e+01	3.8533e+02	-7.9257e+02	-1.0368e+03	-8.3821e+02	4.6144e+02	-1.2773e+03	7.4909e+02	2.1028e+03	-4.8779e+01	-1.8985e+03	-5.3494e+02	-7.1868e+02	-1.0245e+03	-1.0420e+02	7.3117e+02	6.8288e+02	7.8025e+02	-9.9524e+02	1.1808e+03	1.0288e+03	2.7248e+02	3.5988e+02	2.2400e+03	6.8952e+02	-8.2335e+02	-1.5856e+03	-5.7883e+02	5.0197e+02	-2.2859e+02	-2.1567e+03	4.5735e+02	5.5158e+02	-3.5858e+02	4.5249e+02	1.1872e+03	-1.4036e+03	-8.7569e+02	-3.1445e+02	-8.3328e+02	-4.8146e+02	2.4155e+03	-6.3229e+02	6.0325e+02	-1.4651e+03	4.5032e+01	-1.7124e+03	1.7862e+02	5.5953e+02	2.2427e+03	1.1802e+03	1.3389e+03	1.3937e+03	5.8012e+02	5.6495e+02	-1.3309e+03	5.0055e+02	6.3890e+02	1.0512e+03	-2.2150e+02	9.7920e+02	1.3306e+03	6.6029e+02	-6.7172e+02
8.0000e+04	1.5975e+02	4.1703e+02	-1.8715e+02	1.0018e+03	9.5889e+02	-9.4368e+02	-8.6474e+02	-3.0005e+02	3.5530e+02	8.3442e+02	-8.6330e+02	-1.0537e+03	-6.5613e+02	-7.6059e+02	-1.4406e+03	1.9689e+02	4.7911e+02	8.1347e+02	-4.4278e+02	8.2607e+02	9.7945e+01	-2.6301e+02	1.6352e+03	1.7312e+03	2.8119e+02	-8.2903e+02	5.2895e+02	-2.5790e+02	1.1406e+02	-9.0275e+01	-3.5239e+02	9.3964e+02	-1.5794e+03	-6.0481e+00	2.9913e+02	6.0955e+02	8.6858e+02	3.0318e+02	7.9251e+02	3.2530e+02	5.1882e+02	5.7336e+02	6.5890e+02	-6.5558e+01	-2.8202e+02	3.2588e+02	-1.7817e+03	-6.4635e+02	6.5877e+02	6.5851e+01	-1.3982e+03	-1.0470e+03	-4.1481e+02	-8.4652e+02	2.4259e+02	3.8873e+00	2.8078e+02	-7.8601e+00	5.3384e+02	-1.6117e+03	-1.3369e+03	7.8178e+02	4.4673e+02	9.8332e+02	-1.1959e+02	-2.6474e+02	1.3263e+03	5.1761e+02	9.2271e+01	6.6489e+02	6.0872e+02	3.5440e+02	2.8607e+02	-1.4335e+02	-1.0266e+03	-6.5300e+02	-4.8225e+02	2.4584e+02	-9.2537e+02	2.9611e+02	-5.2643e+02	-2.5034e+02	4.9546e+02	-5.5293e+02	-3.8575e+02	5.3543e+01	1.3867e+02	5.0414e+02	-2.3985e+02	7.2870e+02	-6.7914e+02	4.0663e+02	-5.1161e+02	8.7443e+02	-1.4338e+03	-4.6027e+02	-5.3736e+02	-2.4361e+02	-4.1901e+02	1.2780e+03	-5.7461e+02	4.1617e+02	1.0699e+03	-4.5508e+02	-6.0066e+02	-9.1631e+02	-5.2076e+02	1.3636e+02	-5.7126e+01	-9.6005e+02	-1.2446e+02	-7.6724e+01	-1.2444e+02	2.0950e+02	-2.1674e+02	-1.7054e+02	1.0161e+03	-4.1883e+01	2.9537e+02	-1.1302e+03	6.1000e+02	1.6088e+02	4.8323e+02	-5.6605e+00	-3.3871e+02	-8.9031e+01	-5.2301e+02	8.8221e+01	-5.4764e+02	-9.4478e+02	-1.3580e+03	6.4656e+01	8.7105e+02	4.5406e+02	-8.0499e+02	-2.6493e+02	5.7965e+02	2.5519e+02	-5.7760e+02	-7.5616e+02	5.9573e+02	5.9188e+02	-6.6654e+02	-5.1920e+02	-2.2935e+02	-3.2250e+02	5.1917e+02	1.8502e+02	-6.4278e+02	-1.2621e+03	-3.3435e+02	-1.0058e+03	-9.4386e+01	-8.5738e+02	1.0104e+03	2.7898e+02	4.9821e+01	-8.5847e+01	1.0387e+03	-1.2961e+02	1.0941e+03	9.9737e+02	-3.0660e+02	-2.0942e+02	-8.1852e+02	8.2547e+02	4.6327e+02	-1.7908e+02	9.4462e+02	-6.6524e+02	7.3530e+00	-1.7299e+03	-3.5824e+02	-3.3081e+02	4.6886e+02	-1.5753e+02	1.2596e+03	-5.7969e+02	8.3920e+02	4.7791e+02	-1.3478e+03	-4.9499e+02	4.1214e+02	-1.8441e+02	2.1678e+02	1.1162e+03	5.2746e+02	-1.1380e+03	6.0668e+02	2.0174e+02	-4.6921e+02	-5.9814e+02	-8.1254e+02	6.8122e+02	-4.9969e+02	3.1350e+02	-2.3667e+02	3.5644e+02	7.7267e+02	6.3708e+02
8.0000e+04	-2.7687e+02	-1.8954e+03	1.8096e+02	-3.5258e+02	4.6000e+02	-4.0921e+01	-6.7468e+02	1.0824e+02	-7.0976e+01	6.9023e+02	6.1425e+02	-1.2085e+03	-8.8754e+02	-7.3756e+02	-1.0942e+02	2.7582e+03	-1.0253e+03	-5.8868e+02	1.8661e+02	-5.7518e+02	-1.1551e+03	-2.9436e+02	-2.6908e+02	1.1203e+03	-4.8641e+02	1.0875e+03	8.4625e+02	1.2750e+03	-6.6244e+02	-1.3891e+03	-9.2184e+01	-3.8348e+02	7.8643e+02	6.7319e+02	-6.4654e+01	-1.4164e+03	1.4035e+03	9.6247e+02	-6.0878e+02	6.5180e+02	-1.0041e+02	-7.6912e+02	-8.0495e+02	-6.7260e+02	-4.3062e+02	-1.6652e+03	2.3147e+02	-1.1444e+02	4.4475e+02	-1.8313e+02	3.6446e+02	1.3266e+02	2.3028e+03	1.0462e+03	1.1525e+03	8.7462e+02	-1.1704e+03	1.7523e+03	9.7298e+01	-1.1166e+02	5.1057e+01	8.9445e+02	3.3192e+02	-6.0332e+02	7.8726e+02	-8.9350e+01	-3.0335e+02	-6.2210e+02	1.3789e+03	-1.2887e+03	-7.8662e+02	-7.9646e+02	1.1391e+03	1.7460e+02	3.8147e+02	2.0261e+03	1.2960e+02	-1.2818e+03	-8.0994e+02	2.5314e+02	-2.1354e+03	-6.4890e+02	-3.8526e+02	-3.0368e+02	-9.0541e+02	-1.6277e+03	1.7112e+03	1.3080e+03	-3.4766e+02	3.4006e+02	-2.6240e+02	6.4565e+02	-1.6854e+03	-3.8744e+02	-4.3801e+02	3.0181e+02	-2.1182e+03	-4.7402e+02	1.3162e+03	6.0350e+02	-9.1567e+02	1.8896e+01	2.0803e+03	-7.4636e+01	2.9718e+02	4.0990e+02	-3.1764e+03	8.4078e-01	-1.0063e+03	1.0504e+03	-1.2354e+03	-7.4423e+02	-7.2408e+02	-5.4090e+02	-1.7248e+02	1.0410e+03	1.9423e+02	-1.3366e+02	-5.1894e+02	1.2626e+03	-4.6053e+02	-2.0929e+02	-1.8735e+02	1.0814e+02	-1.6952e+03	1.7090e+03	-1.3471e+02	4.1761e+02	-6.9726e+02	-8.5996e+01	-7.0390e+01	1.7254e+02	3.2970e+02	-2.1402e+03	4.7896e+02	-4.9339e+02	-8.9974e+02	-2.4614e+02	-1.9264e+02	-1.1667e+03	-6.9887e+02	8.2404e+02	-8.7810e+02	9.2160e+02	1.4513e+03	8.8561e+01	-2.0140e+03	-8.9265e+02	5.8869e+02	2.3181e+02	-2.8682e+02	1.9515e+03	1.0872e+03	8.8215e+02	-2.1531e+03	1.3138e+03	9.1564e+02	-7.5361e+02	1.4652e+03	2.4530e+03	3.0616e+02	-7.7018e+02	-2.1403e+03	-6.0034e+02	3.9898e+02	-3.2409e+01	-1.5343e+03	9.6234e+02	8.6866e+02	-1.0250e+03	-7.2218e+02	1.5635e+03	-7.1321e+02	1.6418e+02	-4.7684e+02	-4.0197e+02	-7.8417e+02	3.1352e+03	-6.2066e+02	1.3371e+03	-2.0916e+03	-1.0331e+02	-1.8226e+03	-1.6982e+01	5.0126e+02	1.6278e+03	4.8777e+02	1.7750e+03	2.6598e+03	1.0783e+02	1.0154e+03	-3.2624e+01	-4.3407e+02	-2.7592e+01	1.1373e+03	2.6085e+02	1.1522e+03	1.7157e+03	5.6160e+02	-1.4843e+02
1.0000e+05	2.1145e+01	9.2741e+02	5.0293e+01	1.4741e+03	4.5815e+02	-7.5109e+02	-1.0648e+03	-3.5038e+02	6.2321e+02	-5.6584e+01	-6.8278e+02	-9.8617e+02	-4.4746e+02	-1.2110e+03	-1.8963e+03	2.5391e+02	5.2156e+02	9.4838e+02	-6.1765e+02	5.2332e+02	7.7699e+01	2.3349e+02	2.0287e+03	1.3985e+03	7.4290e+02	-5.5671e+02	4.6073e+02	9.0836e+00	-5.4120e+00	-2.6861e+02	-1.8155e+02	1.5560e+03	-2.0043e+03	1.1683e+02	2.6895e+01	7.6826e+02	1.4114e+03	2.4689e+02	1.4762e+03	-7.8295e+01	4.7807e+02	7.9419e+02	1.1430e+03	-1.7813e+01	-4.4202e+02	5.5158e+02	-1.5365e+03	-1.1349e+03	2.8500e+02	1.2091e+03	-1.8308e+03	-7.3569e+02	-6.8481e+02	-8.5986e+02	-1.4351e+01	5.6078e+02	3.5406e+02	-4.0238e+02	7.1629e+02	-1.1746e+03	-1.8397e+03	1.0928e+03	4.7305e+02	1.4747e+03	-2.2171e+02	-3.0547e+02	1.4627e+03	6.2666e+02	6.0220e+02	7.2388e+02	8.6339e+02	2.9658e+02	5.1368e+01	5.8238e+02	-7.5179e+02	-2.8132e+02	-3.9822e+02	3.4088e+02	-6.6834e+02	7.7777e+02	-2.5291e+02	-4.2195e+02	1.1044e+03	-4.6153e+02	-1.0683e+03	5.9087e+02	1.2624e+02	1.4050e+02	-5.4088e+02	5.4018e+02	-4.3509e+02	6.0150e+02	-2.5982e+02	1.6112e+03	-1.4692e+03	-7.5605e+02	-4.1828e+02	-3.8400e+02	-9.2557e+02	1.5679e+03	-4.2206e+02	5.7843e+02	7.9500e+02	-5.2648e+02	-1.0698e+03	-8.8595e+02	-4.4050e+02	5.5503e+01	5.5649e+02	-1.0145e+03	-2.0467e+01	-1.8347e+02	-4.6036e+02	-4.1501e+01	-5.8389e+01	2.5474e+02	1.0442e+03	4.2685e+02	2.6411e+02	-1.5314e+03	1.0669e+03	1.7516e+02	6.1274e+02	-2.9544e+02	-1.9556e+02	-4.5702e+02	-4.0104e+02	6.5549e+01	-2.2080e+02	-9.5168e+02	-1.7473e+03	3.1550e+02	1.1538e+03	7.1015e+02	-4.2844e+02	5.0447e+01	6.0890e+02	3.1177e+02	-6.8170e+02	-1.4711e+03	6.7886e+02	6.9785e+02	-5.5725e+02	-4.5909e+02	2.0984e+02	-5.2324e+02	1.7951e+02	4.4073e+02	-7.5629e+02	-1.7460e+03	-1.5102e+03	-8.4511e+02	-3.6436e+02	-6.5290e+02	6.0618e+02	4.5715e+02	6.3103e+02	3.8880e+02	8.7639e+02	-3.5273e+02	9.3428e+02	8.6237e+01	-1.4380e+02	-2.2300e+02	-3.5736e+02	7.1594e+02	2.5580e+02	1.5422e+02	8.0673e+02	-1.0261e+03	7.8885e+01	-1.3061e+03	-3.8718e+02	-1.2900e+02	6.4220e+02	-1.2632e+02	1.0549e+03	-7.7480e+02	6.7646e+02	1.9621e+01	-1.2695e+03	3.7255e+01	5.8343e+02	-3.3630e+02	2.8356e+02	1.3675e+03	1.3815e+02	-2.0938e+03	8.0134e+02	4.5386e+02	-4.8417e+02	-6.1430e+02	-8.5819e+02	1.1228e+03	-4.9576e+02	1.1283e+02	4.1741e+02	4.5119e+02	5.7172e+02	1.9926e+02
1.0000e+05	-8.0216e+02	-1.0788e+03	7.4856e+02	-9.5894e+02	1.6015e+03	-9.6579e+02	5.4476e+00	3.7961e+02	4.1236e+02	6.5025e+02	1.0810e+03	-7.7009e+02	-1.3607e+03	-6.1321e+02	-5.5023e+02	2.8789e+03	-1.1805e+03	-1.0011e+03	9.2928e+02	-9.9878e+02	-1.2125e+03	2.4634e+02	-9.8209e+02	5.4373e+02	-7.0785e+02	8.9557e+02	3.8549e+02	1.5492e+03	6.9839e+02	-1.6600e+03	-6.2057e+02	3.0770e+02	1.1896e+02	1.3690e+02	6.5301e+02	-1.7106e+02	7.7314e+02	1.1829e+03	-8.8246e+02	-9.1924e+01	-1.0600e+03	-8.6774e+02	-6.5714e+02	-2.3239e+02	-6.0149e+02	-1.8538e+03	-1.6294e+02	1.8414e+02	-2.3994e+02	-3.1378e+02	8.7079e+02	6.2622e+01	2.2857e+03	2.7026e+02	1.3124e+03	3.8422e+02	-1.3510e+03	3.8336e+02	7.1860e+02	8.2466e+02	6.8847e+02	-9.9390e-02	-3.4005e+02	-1.5194e+02	2.8236e+02	-3.6787e+02	-7.2798e+02	-3.1413e+02	8.9363e+02	-1.0791e+03	-1.1011e+03	-3.6533e+02	1.3235e+03	3.6979e+02	6.3831e+02	2.1180e+03	1.0854e+03	-6.4790e+02	6.6301e+02	-1.4514e+03	-6.6845e+02	-1.3840e+03	1.9125e+02	-1.3453e+02	-7.7705e+02	-2.8448e+03	1.7795e+03	1.7998e+03	9.8171e+02	-1.0959e+03	-3.1976e+02	5.5654e+02	-1.5444e+03	-3.4062e+02	-5.4943e+02	9.1412e+02	-2.1386e+03	-4.6226e+02	7.2654e+02	2.1732e+02	-9.5901e+02	-9.2043e+02	1.7348e+03	1.2395e+03	5.2967e+02	6.1332e+02	-3.0628e+03	8.2929e+02	3.5715e+02	1.0936e+03	-1.4321e+03	-4.1506e+02	-4.8560e+02	-1.5262e+03	-1.1275e+03	1.2890e+03	2.8353e+02	-1.2433e+03	-8.6080e+02	1.1038e+03	-2.2659e+02	2.5631e+02	1.4766e+02	-9.2480e+02	-3.1803e+03	2.0220e+03	-3.0021e+02	-4.6325e+02	-1.2997e+03	-5.4189e+02	2.5936e+02	-2.9748e+02	1.8236e+02	-2.7527e+03	-9.7576e+02	1.4580e+02	-9.5130e+02	1.0521e+02	1.1818e+02	-1.4951e+03	-1.0971e+03	1.5984e+03	-1.3577e+03	1.4156e+03	1.5560e+03	-4.9793e+02	-2.9841e+03	-2.1860e+03	-1.7782e+02	9.3821e+02	-4.4204e+02	1.5081e+03	2.0390e+03	1.3203e+03	-3.0408e+03	1.2652e+03	1.5975e+03	-1.1543e+03	1.8030e+03	1.6419e+03	1.0278e+03	-5.2531e+02	-1.8150e+03	-1.1600e+02	-8.1181e+01	7.0789e+02	-1.0908e+03	7.2202e+02	6.9216e+02	-1.7702e+03	-1.2758e+03	1.6982e+03	-9.3983e+02	-1.4949e+01	-1.0384e+03	4.7687e+02	-1.1958e+02	3.6494e+03	-1.1802e+03	7.7470e+02	-1.7612e+03	-5.7583e+02	-1.7673e+03	-4.3062e+02	8.9141e+02	2.3659e+03	6.3062e+02	1.8991e+03	3.0366e+03	-7.4238e+02	1.0325e+03	-2.7327e+02	8.9717e+02	1.4865e+02	1.8186e+03	-2.1878e+02	1.3888e+03	7.0100e+02	5.4897e+02	1.2577e+02
1.2000e+05	2.8482e+02	1.5344e+02	1.9947e+02	1.6793e+03	4.3030e+02	-5.9455e+02	-6.4310e+02	-3.2930e+02	3.2055e+02	3.6099e+02	-5.5108e+02	-8.4784e+02	-3.5854e+02	-1.5755e+03	-2.5214e+03	6.4050e+02	4.6257e+02	9.3917e+02	-4.7929e+02	3.4360e+02	2.2870e+02	3.1661e+02	1.7932e+03	1.6630e+03	7.3317e+02	-5.4794e+02	4.1025e+01	3.6353e+02	-1.8257e+02	-2.9515e+02	-4.8152e+02	1.3876e+03	-2.3509e+03	7.7444e+01	-2.5213e+02	8.1884e+02	5.7162e+02	-1.9659e+02	1.3118e+03	4.4292e+02	3.4898e+02	4.1390e+02	1.0549e+03	-2.2847e+02	-5.5607e+02	4.3481e+02	-1.1796e+03	-1.4610e+03	-3.1506e+02	8.7748e+02	-1.7835e+03	-1.2460e+03	-6.0749e+02	-8.9679e+02	4.9500e+02	8.4322e+01	6.2247e+01	-2.3341e+02	8.6562e+02	-1.0266e+03	-8.2848e+02	1.5637e+03	2.5092e+02	3.6245e+02	-2.3054e+02	-5.8359e+02	1.1529e+03	4.4703e+02	5.3122e+02	6.3806e+02	8.3706e+02	3.0562e+02	3.4366e+01	9.5557e+02	-3.4177e+02	-6.5146e+02	-6.5763e+02	-8.5385e+01	-6.1250e+02	7.6484e+02	6.9515e+01	-3.0317e+02	1.5089e+03	-4.0745e+02	-1.7283e+03	8.2605e+02	2.8528e+02	-9.1054e+02	-2.1543e+02	4.3125e+02	-1.4088e+02	3.7394e+02	-6.9532e+01	1.9657e+03	-1.5634e+03	-1.5305e+03	1.1395e+02	-6.2386e+02	-1.0094e+03	1.6824e+03	-5.2728e+02	2.6476e+02	6.8091e+02	-3.1365e+02	-8.1244e+02	-9.2614e+02	-1.6433e+02	8.9536e+02	5.9342e+01	-1.1805e+03	2.3958e+02	-7.0030e+01	-6.1239e+02	1.9355e+01	-2.9495e+02	3.3247e+02	1.3546e+03	7.0930e+02	-3.4193e+01	-1.9791e+03	1.0600e+03	-2.3592e+02	8.3912e+02	-2.6609e+02	-8.7946e+02	-3.3050e+02	-1.5775e+02	-1.8020e+02	-6.2632e+02	-5.9548e+02	-2.0508e+03	5.5992e+02	1.2017e+03	1.0565e+03	-7.4272e+02	-1.6391e+02	3.9888e+02	4.5201e+02	-2.6938e+02	-1.6893e+03	5.9922e+02	2.6183e+02	-9.0947e+02	3.8490e+02	-1.1565e+01	-9.3558e+02	3.4193e+02	9.5918e+02	-6.8288e+02	-1.7147e+03	-9.9844e+02	-6.9403e+02	-8.9002e+02	-9.0850e+02	1.0364e+03	3.2804e+02	9.4398e+02	1.9795e+02	1.3831e+03	-4.1914e+02	1.0757e+03	2.2105e+02	1.1351e+02	-1.0657e+02	-3.3613e+02	5.4057e+02	1.6669e+02	1.1883e+03	5.0864e+02	-4.2938e+02	-7.0124e+02	-1.5572e+03	-9.0605e+02	-4.7368e+02	3.2805e+02	-1.8660e+02	8.8170e+02	-1.1337e+03	3.6603e+02	-6.9404e+02	-1.3996e+03	-7.0736e+02	6.0657e+02	-8.1037e+02	-3.6767e+02	8.1196e+02	1.0153e+02	-1.9314e+03	1.0023e+03	7.2679e+02	-2.0479e+02	-3.4651e+02	-1.1287e+03	1.7317e+02	-5.1354e+02	1.0019e+03	3.9761e+02	6.9638e+02	3.8882e+02	2.1308e+02
1.2000e+05	-7.5717e+02	-1.5074e+03	2.8742e+02	-1.6218e+03	2.2333e+03	-1.4252e+03	-4.9289e+02	1.6638e+01	7.5382e+02	1.7728e+03	1.8289e+03	-1.1849e+03	-1.4801e+03	8.1589e+02	-4.5485e+02	2.1553e+03	-1.1187e+03	-1.7272e+03	1.1693e+03	-1.2287e+03	-1.4138e+03	-2.5133e+02	-1.2627e+03	-2.5551e+02	-1.0345e+03	2.5001e+02	-2.4573e+02	8.3891e+02	9.5917e+02	-1.8424e+03	1.0889e+02	8.2811e+02	-5.4914e+02	6.9146e+02	7.5172e+02	1.0205e+03	1.5661e+02	1.4686e+03	-6.4350e+02	4.0736e+01	-1.7575e+03	5.0130e+02	-1.1448e+03	-5.2890e+02	-1.2681e+02	-1.5840e+03	3.2670e+02	9.9188e+02	2.0848e+02	-1.1963e+03	4.9367e+02	5.3329e+02	3.2574e+03	7.6894e+01	1.0792e+03	5.7241e+02	-2.9123e+02	2.1368e+02	1.0189e+03	7.6147e+02	2.9412e+02	-5.9170e+02	1.1786e+02	-8.5105e+02	8.1799e+02	8.2396e+01	-1.4462e+03	2.4318e+02	1.4580e+03	-1.4711e+03	-7.5422e+02	-9.2037e+02	7.8115e+02	1.9177e+03	2.3933e+02	1.7874e+03	9.3546e+02	-5.6065e+02	-7.5495e+02	-1.1867e+03	-6.0312e+02	-6.5403e+02	1.5154e+03	3.6685e+02	-1.3547e+02	-3.2112e+03	2.2215e+03	2.4144e+03	9.8125e+02	-1.7524e+03	-9.0354e+02	7.5796e+01	-1.4570e+03	-3.8903e+02	-6.0892e+02	1.3785e+03	-1.5386e+03	3.6924e+02	1.0578e+03	-3.1557e+01	-1.3796e+03	-9.7712e+02	2.4135e+03	1.3466e+03	2.7653e+02	-1.0380e+02	-1.4085e+03	1.1048e+03	9.7860e+01	1.2218e+03	-1.3480e+03	-1.2353e+03	-2.8412e+00	-2.1127e+03	-1.1068e+03	1.2935e+03	9.5785e+02	-9.8408e+02	-2.0154e+02	1.2841e+03	7.9448e+02	1.8608e+02	7.1651e+02	-7.9751e+02	-3.0752e+03	1.3259e+03	-1.0793e+02	-1.4585e+03	-9.6032e+02	3.0215e+02	-6.6577e+02	-5.0337e+02	3.4995e+02	-3.4095e+03	-1.3253e+03	-5.9661e+02	-1.0727e+03	4.6764e+01	-3.5244e+02	-5.7902e+02	-4.4527e+02	2.0848e+03	-1.4992e+03	1.4347e+03	2.5656e+03	-6.7901e+02	-3.4026e+03	-2.8279e+03	-5.8030e+02	7.9701e+02	-6.0542e+02	1.1624e+03	2.8032e+03	1.8078e+03	-2.5281e+03	1.2409e+03	1.5666e+03	-1.6726e+03	1.6940e+03	1.2278e+03	1.5384e+03	-4.5603e+02	-1.4773e+03	6.1376e+02	-5.3203e+02	1.2579e+03	-4.6388e+02	3.7397e+02	9.3102e+02	-1.6549e+03	-1.8918e+03	2.0825e+03	-1.2863e+03	-1.0285e+03	-1.5919e+03	4.9893e+02	3.9060e+02	4.2249e+03	-1.9039e+03	1.7655e+03	-1.1992e+03	-1.2972e+03	-2.4412e+03	-7.6096e+02	3.8884e+02	1.6890e+03	5.9472e+02	2.8797e+03	3.6389e+03	-9.5912e+02	1.6131e+03	-1.9175e+02	8.0723e+02	-7.5930e+02	1.4640e+03	-9.9609e+01	1.2116e+03	6.2897e+02	9.0711e+02	7.5389e+02
1.4000e+05	6.0995e+02	-1.1420e+02	-2.7313e+02	1.8393e+03	7.3054e+02	-2.9326e+02	-1.0915e+03	1.4000e+02	4.8680e+01	6.7353e+02	-5.9965e+02	-7.9479e+02	-2.6600e+02	-1.7358e+03	-2.2746e+03	1.3048e+03	5.6935e+02	1.5618e+03	-5.2069e+02	4.5020e+02	8.0226e+02	-3.9135e+02	1.6676e+03	1.4057e+03	7.7672e+01	-1.1136e+03	2.4286e+02	1.1647e+03	1.7425e+02	-7.6287e+02	-6.5282e+02	1.8835e+03	-2.5957e+03	-3.3549e+02	6.0531e+01	1.2966e+03	7.7497e+02	1.0786e+02	9.7524e+02	3.5264e+02	-2.6960e+02	8.0255e+01	7.5999e+02	-7.3867e+01	-3.1178e+02	5.2331e+02	-1.1676e+03	-1.1256e+03	-2.1883e+02	9.8467e+02	-1.7339e+03	-1.2151e+03	-7.9229e+02	-7.3423e+02	6.1529e+01	1.8202e+02	1.2625e+02	-2.0884e+02	8.1729e+02	-1.2873e+03	-1.0253e+03	1.8164e+03	3.3474e+02	2.9676e+02	-4.0073e+01	-7.1841e+02	1.3924e+03	2.4796e+02	4.1346e+02	1.1420e+03	8.7257e+01	2.6950e+02	-4.3220e+01	1.5982e+03	-7.6179e+02	-9.9402e+02	-7.7013e+02	2.5378e+02	-5.4392e+02	7.2627e+02	-2.9492e+02	-1.2786e+02	1.5837e+03	-1.1313e+03	-1.8700e+03	8.7155e+02	1.0126e+03	-8.2442e+02	2.5166e+02	1.1872e+03	-4.0228e+02	8.5461e+02	2.9052e+02	1.8741e+03	-1.4775e+03	-1.9208e+03	3.0504e+02	-7.4860e+02	-1.3263e+03	1.9412e+03	-1.1274e+03	5.6157e+01	6.1788e+02	-4.9872e+02	-6.7910e+02	-9.3102e+02	5.8957e+02	1.2386e+03	-2.7373e+02	-1.3526e+03	-1.6192e+02	-9.3592e+01	-1.1363e+03	7.5927e+01	-3.9623e+02	4.9174e+02	1.4330e+03	6.6154e+02	-1.5948e+01	-1.5968e+03	1.2410e+03	-2.2878e+02	8.3047e+02	-5.7438e+02	-1.0152e+03	-4.1915e+02	-2.1964e+02	-9.1644e+02	-6.1495e+02	-6.9616e+02	-2.6516e+03	5.9817e+02	1.3475e+03	1.3805e+03	-7.6872e+02	-3.8413e+02	-3.9309e+02	4.0562e+02	-5.4633e+02	-1.9740e+03	8.9992e+02	3.5443e+02	-1.5204e+03	3.7307e+02	-1.8765e+02	-9.3774e+02	4.4305e+02	7.6018e+02	-9.0166e+02	-1.3692e+03	-2.3215e+02	-6.3724e+01	-1.0142e+03	-5.5759e+02	6.3814e+02	1.2125e+03	6.6737e+02	4.5197e+02	8.9780e+02	-7.7796e+02	1.4420e+03	1.0203e+03	2.1625e+02	-5.8663e+02	-7.1076e+02	6.1304e+02	9.1656e+01	1.5322e+03	1.2528e+03	-4.5879e+02	-5.7731e+02	-2.0550e+03	-1.0208e+03	-6.6974e+02	9.6684e+01	-1.6951e+02	1.0423e+03	-1.7043e+03	2.7706e+02	-7.9144e+02	-1.8178e+03	-7.5528e+02	1.1971e+03	-5.4419e+02	-2.6935e+02	4.2242e+02	1.2987e+02	-2.0558e+03	1.2636e+03	1.4783e+03	-3.6478e+01	-9.0480e+02	-1.5199e+03	4.5444e+02	-6.3699e+02	1.3986e+03	-3.0662e+02	7.1904e+02	-3.4504e+01	3.6428e+02
1.4000e+05	-6.9082e+02	-1.9515e+03	8.6189e+02	-9.2777e+02	2.8212e+03	-2.0783e+03	-2.5229e+02	-7.4556e+02	8.2832e+02	1.4438e+03	1.3659e+03	-1.7989e+03	-1.4105e+03	2.0796e+02	3.7122e+02	2.5134e+03	-3.1721e+02	-2.3541e+03	6.5545e+02	-1.3959e+02	-2.3091e+03	-6.5280e+02	-3.8461e+02	4.3176e+02	-9.7746e+02	9.7023e+02	9.4025e+02	1.0119e+03	4.5373e+02	-2.2219e+03	-6.7838e+02	4.9378e+02	-7.3496e+02	7.6074e+02	7.2793e+02	1.5299e+03	4.4555e+02	4.3207e+02	-3.7567e+02	-2.9949e+02	-2.1856e+03	3.9258e+02	1.8043e+02	-7.2855e+01	3.8139e+02	-1.6725e+03	-1.7592e+02	7.9701e+02	9.2810e+02	-1.7825e+03	7.3157e+02	1.1522e+03	3.4622e+03	-9.6734e+02	1.4563e+03	4.3052e+02	-1.2349e+03	4.6643e+02	9.3871e+02	4.6276e+01	8.4448e+02	-1.3694e+03	-5.5830e+01	-3.1790e+02	1.2431e+02	5.0611e+02	-1.1758e+03	5.3625e+02	2.3227e+03	-1.5188e+03	-5.6918e+02	-2.5593e+02	2.7220e+02	2.2600e+03	1.3700e+02	1.5991e+03	-7.4898e+01	-6.2710e+02	1.2004e+03	-4.1647e+02	-4.4015e+02	-2.1161e+02	1.9061e+03	8.4602e+02	3.2192e+02	-3.3770e+03	2.6359e+03	2.5395e+03	8.6285e+02	-7.9365e+02	-1.5478e+03	-4.8114e+02	-1.3388e+03	3.0957e+02	-5.9174e+02	1.4796e+03	-1.4818e+03	4.7681e+02	5.5265e+02	1.1773e+03	-2.0473e+03	-8.0991e+02	2.2764e+03	1.7409e+03	1.1992e+03	-4.5214e+01	-7.4953e+02	1.1092e+03	4.6201e+02	1.5069e+03	-1.0296e+03	-5.2941e+02	3.2710e+01	-1.9086e+03	-1.1320e+02	2.3221e+03	1.1693e+03	-1.1218e+03	-1.0823e+03	-1.4969e+02	1.1523e+03	7.0274e+02	1.0591e+03	-8.5274e+02	-4.3462e+03	6.8810e+02	-2.4441e+02	-9.9307e+02	-5.7417e+02	1.0387e+03	-1.3784e+03	-7.8057e+01	5.7321e+02	-3.0294e+03	-1.3927e+03	-1.2648e+03	-1.6340e+03	-3.0023e+02	1.5360e+01	-1.0403e+03	2.3345e+02	2.4493e+03	-1.0044e+03	2.0853e+03	3.0981e+03	-1.2498e+03	-3.0032e+03	-2.7367e+03	-2.0713e+01	8.0928e+02	-4.6367e+02	1.2888e+03	2.7225e+03	2.2676e+03	-1.9390e+03	1.0260e+03	1.4495e+03	-1.9793e+03	1.2884e+03	9.0445e+02	2.1204e+03	-5.5474e+02	-1.9602e+03	3.7899e+02	-6.3541e+02	6.6765e+02	4.2147e+02	1.5501e+03	6.0911e+02	-1.8740e+03	-2.2808e+03	2.6740e+03	-1.4352e+03	-1.6943e+03	-1.2021e+03	1.3138e+02	3.4658e+02	4.4804e+03	-2.0706e+03	2.0493e+03	-2.7692e+02	-1.4827e+03	-2.6173e+03	-5.8017e+02	2.2024e+02	1.8639e+03	1.1091e+03	2.6813e+03	3.6906e+03	-1.7882e+03	1.3206e+03	2.4153e+02	1.0705e+03	-2.5447e+02	9.4663e+02	6.7466e+02	3.9796e+02	4.5016e+01	1.0588e+03	7.9149e+02
1.6000e+05	1.5328e+03	4.9342e+02	1.0002e+02	2.2239e+03	1.0932e+03	-1.4619e+02	-1.0760e+03	-3.8297e+02	6.4868e+02	6.2432e+02	-2.8275e+02	-3.7054e+02	-2.0000e+02	-2.2586e+03	-3.0723e+03	1.7964e+03	6.2974e+02	1.3603e+03	-6.9880e+02	-3.0174e+02	8.1486e+02	-3.3400e+02	1.7059e+03	1.0355e+03	4.0733e+02	-1.0222e+03	-6.3020e+01	1.2731e+03	5.3046e+02	-3.0367e+02	-8.6055e+02	2.5826e+03	-2.6771e+03	-4.0025e+02	2.3104e+02	1.2549e+03	1.2936e+03	3.1531e+02	1.1804e+03	4.5090e+02	1.0473e+02	5.9296e+02	9.7871e+02	-9.3573e+02	-3.9204e+02	7.6788e+02	-8.3803e+02	-1.1528e+03	-4.2712e+02	1.3482e+03	-1.7736e+03	-5.7051e+02	-6.3951e+02	-6.5817e+02	2.9771e+01	-3.6371e+01	2.5536e+02	-5.7786e+02	9.2396e+02	-1.3609e+03	-7.4079e+02	2.0278e+03	-2.4255e+02	1.4681e+02	1.3288e+02	-6.9902e+02	1.2833e+03	2.4994e+02	-2.7719e+01	1.4383e+03	5.8959e+02	-1.1128e+00	-6.7980e+02	2.2470e+03	-3.4332e+02	-5.7690e+02	-4.6129e+02	4.9903e+02	-1.9677e+02	8.4674e+02	-7.8689e+02	-2.7049e+01	9.4331e+02	-1.0489e+03	-2.5628e+03	6.1142e+02	1.1233e+03	-2.9270e+02	3.9730e+02	1.1672e+03	-5.6769e+02	9.8729e+02	5.9606e+02	2.2515e+03	-1.3875e+03	-1.7729e+03	-8.8308e+01	-5.4063e+02	-1.6350e+03	2.1203e+03	-1.4583e+03	8.5202e+01	6.1833e+02	-9.5777e+02	-1.1730e+03	-2.0828e+02	-3.6499e+01	1.4592e+03	-1.2278e+03	-1.2955e+03	-5.2283e+02	4.7118e+02	-1.0697e+03	3.0532e+02	1.0029e+02	4.5191e+02	1.3275e+03	6.6000e+02	-4.6885e+02	-1.8435e+03	1.5648e+03	-5.8160e+01	8.5585e+02	-5.9772e+02	-1.0512e+03	2.0040e+02	-4.7545e+01	-1.3848e+03	-9.3716e+02	-4.2399e+02	-1.9000e+03	6.4967e+02	1.0330e+03	1.7341e+03	-5.1449e+02	-5.3787e+02	-6.7310e+02	-2.3485e+02	5.3210e+01	-1.9041e+03	1.6799e+03	4.5137e+01	-1.7642e+03	-1.3162e+02	-3.3001e+02	-6.5419e+02	1.0797e+03	1.4792e+03	-1.0997e+03	-6.9914e+02	4.1498e+02	7.6394e+02	-8.1779e+02	-4.1515e+02	1.5661e+03	1.0344e+03	5.0948e+02	1.0352e+03	5.8860e+02	-1.4638e+03	1.6428e+03	8.8579e+02	-1.6899e+02	-4.9042e+02	-7.1463e+02	8.4626e+02	2.3317e+02	1.3049e+03	1.3498e+03	1.4488e+02	-5.9459e+02	-2.1385e+03	-1.3395e+03	4.1407e+01	4.5540e+02	3.9931e+02	4.4587e+02	-2.0642e+03	4.5771e+02	-5.2595e+02	-1.6782e+03	-4.3106e+02	1.1930e+03	-5.9194e+02	-9.1267e+01	7.7100e+02	-3.0484e+02	-2.2106e+03	8.3242e+02	1.5985e+03	-6.4161e+02	-8.7301e+02	-1.0882e+03	-6.4479e+01	-5.9817e+01	1.3459e+03	-4.6272e+02	6.6166e+02	3.9039e+02	7.4455e+02
1.6000e+05	-7.9919e+02	-2.5674e+03	6.0396e+02	-3.3729e+02	3.4604e+03	-2.1275e+03	-9.4218e+02	-1.6596e+03	1.2790e+02	1.2001e+03	1.7608e+03	-2.2969e+03	-1.1001e+03	-3.5960e+02	-3.3713e+02	2.8987e+03	-6.0776e+01	-1.7183e+03	1.0371e+03	-8.3609e+02	-2.5102e+03	-1.0332e+03	-5.4606e+02	9.4509e+02	-1.4663e+03	1.5662e+03	1.3888e+03	6.0285e+02	8.0941e+02	-2.1931e+03	-9.8853e+02	4.2475e+02	-1.4049e+03	9.5378e+01	-4.5413e+02	3.8873e+02	4.0080e+01	1.7790e+03	3.5019e+02	1.8152e+02	-1.9676e+03	2.4176e+02	2.1601e+02	-1.1358e+02	1.0226e+03	-2.1947e+03	-7.0737e+02	1.0721e+03	4.5096e+02	-1.3416e+03	1.2560e+02	2.7880e+03	3.4314e+03	-9.9425e+02	1.9447e+03	3.5960e+02	-1.3519e+03	-6.4437e+02	8.9099e+02	4.1149e+02	1.1648e+03	-2.6555e+03	7.4615e+02	-1.1565e+02	8.6664e+02	7.8523e+02	-4.0810e+02	3.7466e+02	2.0480e+03	-1.8691e+03	-8.4837e+02	-5.8217e+02	6.7941e+01	3.2614e+03	-2.9981e+02	1.9263e+03	-1.1267e+01	-7.8744e+02	6.8247e+02	3.7008e+02	1.1644e+02	4.7088e+02	1.9912e+03	2.3524e+03	7.8638e+02	-3.9026e+03	2.8748e+03	3.0502e+03	9.1005e+02	-1.0628e+03	-2.3662e+03	-9.7550e+02	-1.0207e+03	-6.9554e+02	-2.0539e+03	2.9440e+02	-7.4035e+02	2.2255e+02	1.4520e+03	-2.7361e+02	-2.1743e+03	-9.1210e+02	2.1186e+03	1.2395e+03	4.2533e+02	1.2239e+02	-3.2678e+02	1.4345e+03	-5.2696e+02	1.7386e+03	-1.7578e+03	2.6562e+02	-3.1128e+02	-2.2081e+03	-5.7966e+02	2.4344e+03	1.1122e+03	2.0537e+02	-2.5278e+02	1.6107e+02	2.3628e+03	-8.9899e+02	1.6417e+03	-5.8910e+02	-3.5024e+03	8.6490e+01	-6.5951e+02	-1.9755e+03	-6.7446e+02	5.7400e+02	-1.6432e+03	-1.5224e+02	7.4074e+02	-3.3973e+03	-2.5781e+03	1.9158e+02	-1.9599e+03	-7.3719e+02	-2.7187e+02	-8.6667e+02	-5.2817e+02	1.9546e+03	-1.6218e+03	2.4987e+03	2.2800e+03	-4.9196e+02	-2.8068e+03	-2.2326e+03	-8.4153e+02	1.8703e+03	-4.3797e+02	1.5926e+03	2.8474e+03	2.8097e+03	-2.5603e+03	9.7430e+02	1.3676e+03	-8.1885e+02	1.3423e+03	1.1450e+03	7.6796e+02	1.0304e+02	-1.7618e+03	5.5954e+02	-1.1742e+03	1.9229e+02	7.5094e+02	1.4843e+03	1.4674e+03	-1.2005e+03	-1.9040e+03	2.3221e+03	-1.7542e+03	-2.3462e+03	-8.3368e+02	4.7805e+02	1.0892e+03	4.0527e+03	-2.9159e+03	2.2327e+03	6.6828e+01	-1.8405e+03	-1.9400e+03	-9.1894e+02	5.4728e+02	1.0878e+03	1.8447e+03	2.1285e+03	2.7817e+03	-8.6200e+02	9.3612e+02	-4.3319e+01	9.8975e+02	1.1230e+03	9.5366e+02	7.6437e+02	-1.2185e+02	9.3043e+01	1.0463e+03	2.1299e+03
1.8000e+05	1.3674e+03	7.8948e+02	1.2922e+02	1.9108e+03	8.5790e+02	-5.1861e+00	-9.6064e+02	-1.8114e+02	1.0740e+03	8.7913e+02	-3.4149e+02	-2.2934e+02	-1.0863e+03	-2.0578e+03	-3.1552e+03	1.8240e+03	3.0452e+02	1.5527e+03	-9.9067e+02	-4.1409e+02	8.4235e+02	-2.9633e+02	1.4735e+03	5.9594e+02	7.1428e+02	-9.3319e+02	-6.1554e+02	8.4064e+02	5.0358e+02	-8.2134e+02	-1.0532e+03	2.3508e+03	-2.4516e+03	-1.5482e+02	5.6824e+02	1.1100e+03	1.2609e+03	3.3004e+02	1.2906e+03	1.1315e+03	-1.7129e+01	4.1132e+01	1.5730e+03	-8.3851e+02	-6.0225e+02	1.2666e+03	-8.0586e+02	-1.4071e+03	7.6548e+01	1.9941e+03	-9.6407e+02	-1.5313e+02	-2.7289e+02	-2.1481e+02	-3.2379e+02	-6.5373e+02	7.1012e+02	-1.0139e+03	1.0105e+03	-1.0072e+03	-4.4844e+02	1.7899e+03	-1.3766e+02	1.3167e+02	9.2045e+02	-7.1132e+02	1.6011e+03	-5.3350e+02	-6.4038e+01	1.1655e+03	1.1097e+03	1.5853e+02	-7.5885e+01	1.7030e+03	-7.3574e+02	-3.4383e+02	3.0768e+01	6.7647e+02	-6.3161e+02	9.4328e+02	-1.5215e+03	3.7816e+02	7.7846e+02	-9.0078e+02	-2.4672e+03	2.6805e+02	1.0783e+03	-2.2500e+01	4.1739e+02	1.1863e+03	-1.2010e+03	7.9384e+02	-6.5136e+01	2.0972e+03	-1.3012e+03	-2.1286e+03	6.3244e+02	-2.3738e+02	-1.3891e+03	2.9914e+03	-1.1955e+03	1.2717e+02	9.5348e+02	-9.5010e+02	-8.7712e+02	-1.4699e+02	8.0847e+01	1.4840e+03	-1.6152e+03	-1.5436e+03	-9.2525e+02	7.0597e+02	-6.8576e+02	-1.0119e+02	2.7896e+02	3.3838e+02	1.5458e+03	4.7877e+02	-3.3436e+02	-2.5743e+03	1.5775e+03	-1.8541e+02	1.2725e+03	-8.0683e+02	-1.1329e+03	3.0476e+02	-4.0441e+01	-9.2055e+02	-8.9742e+02	-5.6515e+02	-1.7674e+03	6.3086e+02	1.5673e+03	1.5640e+03	-7.2900e+02	-7.0999e+02	-1.2347e+02	3.7918e+00	8.8945e+00	-2.0235e+03	1.3865e+03	-4.2222e+02	-1.7603e+03	5.7166e+02	-6.3201e+02	-6.1448e+02	1.3066e+03	1.4549e+03	-2.0877e+03	-5.7147e+02	4.4147e+02	8.2950e+02	-6.2679e+02	-3.4972e+02	2.0504e+03	1.1099e+03	1.0175e+03	7.8366e+02	3.8203e+02	-9.3516e+02	1.4435e+03	7.6927e+02	-5.2341e+02	-1.1240e+03	-9.5242e+02	3.5179e+02	1.9712e+02	1.7587e+03	1.8475e+03	-4.5420e+02	-5.9046e+02	-2.0580e+03	-1.2118e+03	3.8606e+02	7.5221e+02	6.6626e+02	2.0648e+02	-2.2368e+03	5.8366e+02	-3.5808e+02	-1.7145e+03	-3.5626e+02	1.3805e+03	-6.2219e+02	-8.4769e+00	1.0289e+03	-5.9690e+02	-2.0241e+03	1.7507e+03	1.3599e+03	-3.5708e+02	-8.9172e+02	-1.2953e+03	-8.9231e+02	-7.7470e+02	1.1991e+03	1.2025e+02	6.5584e+02	3.2854e+02	1.1709e+03
1.8000e+05	-1.7541e+03	-1.8515e+03	1.3792e+02	-3.9788e+02	2.9537e+03	-1.3789e+03	-1.2225e+03	-2.8926e+03	1.3774e+02	1.1913e+03	1.5436e+03	-2.7653e+03	1.5512e+02	-7.2946e+02	-7.3577e+02	2.8126e+03	-4.2340e+02	-1.5362e+03	1.2842e+03	-1.5925e+03	-1.8408e+03	-8.8373e+02	-4.8732e+01	1.3312e+03	-1.5074e+03	1.6064e+03	6.2445e+02	5.2803e+02	1.3007e+03	-2.3499e+03	-2.1682e+03	9.0939e+02	-2.0896e+03	-1.4636e+02	-4.2949e+02	-1.1523e+02	-1.2251e+02	1.9714e+03	-5.3844e+02	3.8152e+02	-3.0886e+03	1.6328e+01	-4.6527e+02	1.7247e+02	1.1711e+03	-2.2063e+03	-1.3946e+03	1.2931e+03	-5.0076e+02	-1.1637e+03	-1.2772e+02	2.8405e+03	3.6968e+03	2.1801e+02	2.0824e+03	1.0068e+03	-6.2283e+02	-6.7431e+02	4.6538e+02	-3.2049e+00	7.2875e+02	-1.6654e+03	1.0587e+03	5.7003e+02	8.4588e+02	1.2209e+03	-7.4276e+02	6.1215e+02	7.6641e+02	-2.1027e+03	-5.0184e+02	-1.2604e+03	9.1959e+02	3.1764e+03	1.1466e+03	1.8016e+03	3.0942e+02	-1.1927e+03	1.5245e+03	6.7481e+02	4.4494e+02	2.0488e+02	1.6816e+03	2.1593e+03	1.3597e+03	-3.9017e+03	3.2169e+03	3.6845e+03	1.8788e+03	-7.4005e+02	-2.2806e+03	-4.9637e+02	-5.1841e+02	-1.4959e+03	-1.8992e+03	4.2761e+02	1.2429e+02	3.4306e+02	1.0234e+03	4.1133e+02	-1.9364e+03	-8.9612e+02	1.7890e+03	1.4483e+03	1.2751e+03	3.1309e+01	-1.3877e+03	1.5255e+03	-2.4913e+02	2.6757e+03	-1.9544e+03	-3.4469e+02	-3.5510e+02	-1.9645e+03	-3.2455e+02	1.3642e+03	1.1041e+03	4.3708e+02	-2.2287e+02	8.5006e+01	1.9479e+03	-4.8887e+02	1.7503e+03	-6.5593e+02	-4.4681e+03	-1.6279e+02	-1.0455e+03	-2.0961e+03	-7.2051e+02	3.4539e+02	-2.2072e+03	2.9577e+02	1.2756e+03	-3.0959e+03	-2.4796e+03	2.3318e+02	-1.6001e+03	-9.9117e+02	1.1960e+03	-1.3615e+03	2.8649e+02	2.1433e+03	-1.4282e+03	1.9210e+03	9.7136e+02	-8.0302e+02	-2.4133e+03	-2.4729e+03	4.7069e+01	1.4348e+03	-8.0653e+02	7.7517e+02	2.5399e+03	2.5683e+03	-3.3850e+03	6.8144e+02	1.0005e+03	-6.8250e+02	1.0538e+03	4.1478e+02	2.0948e+03	3.1800e+02	-1.5445e+03	-1.4209e+02	-5.5629e+02	3.7883e+02	1.2335e+03	1.4354e+03	1.4520e+03	-1.5152e+03	-2.2167e+03	1.3990e+03	-1.9803e+03	-2.2434e+03	7.6865e+01	6.3721e+02	1.8607e+02	4.9795e+03	-2.8192e+03	1.3924e+03	-1.1213e+03	-1.3835e+03	-3.1342e+03	-1.7860e+03	-5.6733e+02	1.1134e+03	3.1351e+03	2.4117e+03	2.9498e+03	-1.6317e+03	7.2638e+02	-8.1052e+02	7.4864e+02	9.9595e+02	7.2981e+02	6.9181e+01	-6.1048e+02	-1.2709e+03	1.4462e+03	2.5748e+03
2.0000e+05	1.2303e+03	1.0464e+03	-2.0388e+02	1.5676e+03	1.1558e+03	2.3043e+02	-1.3675e+03	-7.0717e+01	6.7641e+02	1.2981e+03	-9.0610e+02	-4.1124e+02	-5.0815e+02	-2.3666e+03	-2.7925e+03	1.8950e+03	-1.6365e+02	1.6320e+03	-7.9973e+02	-8.7883e+02	5.4864e+02	-5.6027e+02	1.2078e+03	9.6541e+02	1.1355e+03	-7.2158e+02	-9.6108e+02	8.4224e+02	1.0140e+02	-1.1878e+03	-6.4289e+02	2.9369e+03	-2.7925e+03	-4.2462e+02	4.1316e+02	1.1511e+03	8.5705e+02	2.8236e+02	1.3508e+03	1.1357e+03	1.1448e+02	-5.8151e+02	1.6771e+03	-1.1006e+03	-9.4518e+02	1.9680e+03	-9.7005e+02	-1.1051e+03	1.4112e+02	2.0467e+03	-7.1095e+02	-1.2066e+02	-3.5376e+02	4.7131e+01	-3.9442e+02	-1.3130e+03	5.8073e+02	-8.1200e+02	9.8427e+02	-6.1572e+02	-8.6128e+02	1.7691e+03	-2.7293e+02	-1.0786e+02	1.2967e+03	-8.4931e+02	2.0199e+03	-6.2557e+02	4.7179e+02	7.9410e+02	1.2084e+03	7.8882e+02	-5.3966e+02	1.4220e+03	-6.7335e+02	-1.8206e+02	5.6267e+02	1.6297e+02	-3.1598e+01	1.0997e+03	-1.4455e+03	1.2108e+02	2.9398e+02	-1.2627e+03	-2.4082e+03	4.4634e+02	1.1794e+03	-3.6963e+01	3.0315e+02	1.3602e+03	-1.3865e+03	2.2437e+02	7.5473e+02	2.9537e+03	-7.5665e+02	-2.2838e+03	1.1734e+03	-2.1719e+02	-1.7688e+03	3.1638e+03	-1.0348e+03	1.9672e+02	1.7050e+03	-1.3375e+03	-8.5139e+02	2.4431e+02	-1.3939e+02	1.2185e+03	-1.0150e+03	-1.9327e+03	-1.1849e+03	2.4511e+02	-4.4949e+02	-1.5146e+01	-5.4984e+01	-1.5912e+02	1.3573e+03	2.9480e+02	-3.8124e+02	-3.1613e+03	2.2169e+03	-2.0878e+02	1.5387e+03	-2.9271e+02	-7.2431e+02	2.9299e+02	3.4653e+00	-9.8164e+02	-3.8794e+02	-9.7216e+02	-1.3837e+03	1.3510e+03	1.5037e+03	1.4079e+03	-3.4898e+02	-6.7207e+02	-6.0571e+02	1.6810e+02	-3.1692e+02	-1.7301e+03	1.2209e+03	-3.8226e+02	-2.5959e+03	2.9330e+02	-6.2691e+02	-7.4978e+02	1.2835e+03	1.3088e+03	-2.1061e+03	-7.8056e+02	5.4670e+02	6.1312e+02	-1.5315e+03	-2.4016e+02	2.3113e+03	1.2862e+03	1.1471e+03	9.6940e+02	7.7034e+02	-8.9437e+02	1.1865e+03	5.9848e+01	-5.4746e+02	-5.8227e+02	-1.0691e+03	5.3601e+02	-7.1408e+02	1.7850e+03	2.3368e+03	-8.3801e+01	-1.5270e+02	-2.5382e+03	-8.6492e+02	3.9703e+02	-1.2023e+02	6.6636e+02	7.7636e+01	-2.3080e+03	6.4086e+02	-5.4923e+02	-1.8210e+03	-2.2197e+02	1.7219e+03	-1.0156e+03	-8.5922e+01	2.7069e+02	-3.5857e+02	-2.0502e+03	2.0892e+03	1.7243e+03	-1.1745e+03	-1.0552e+03	-1.1611e+03	-1.2363e+03	-1.1546e+03	5.8490e+02	5.7178e+02	7.6430e+02	2.2879e+02	9.2222e+02
2.0000e+05	-1.3006e+03	-2.1078e+03	1.0815e+02	-2.6004e+02	3.7352e+03	-1.5538e+03	-1.3668e+03	-2.9735e+03	1.1873e+03	5.9018e+02	6.8300e+02	-2.3074e+03	1.1185e+03	-9.9343e+02	-1.1853e+03	2.5057e+03	-1.0161e+03	-7.0112e+02	1.5709e+03	-1.7668e+03	-2.1321e+03	-4.8758e+02	-1.0430e+03	2.7544e+03	-1.4262e+03	1.8312e+03	8.7949e+02	6.6725e+02	8.8570e+02	-3.4349e+03	-2.0937e+03	1.1310e+03	-2.0987e+03	6.8755e+02	-5.0515e+02	-9.7653e+02	-6.9820e+02	2.2859e+03	-1.2406e+03	2.0113e+02	-2.9675e+03	-3.4487e+02	-5.7730e+02	-7.2453e+02	1.5420e+03	-2.5418e+03	-1.2556e+03	2.0306e+03	-1.1227e+03	-1.6040e+03	3.2409e+02	2.7858e+03	4.9940e+03	5.1549e+02	2.7742e+03	1.2276e+03	-1.3158e+03	-9.6034e+02	7.2425e+02	5.0936e+02	1.5230e+03	-2.2478e+03	7.8311e+02	9.4652e+02	4.9007e+02	2.4764e+03	-6.1568e+02	4.9514e+02	1.1395e+03	-2.5539e+03	-3.4055e+02	-1.1194e+03	7.7582e+02	3.8264e+03	2.3403e+03	1.6975e+03	9.4733e+02	-1.0795e+03	2.7282e+03	1.8954e+03	1.3632e+03	3.6682e+00	2.1371e+03	2.4464e+03	1.0083e+03	-3.6746e+03	4.4003e+03	3.3238e+03	1.6083e+03	-3.2138e+02	-3.6325e+03	-3.0889e+02	-5.3351e+02	-1.6860e+03	-8.2715e+02	1.0440e+02	8.0965e+02	1.3999e+02	1.5782e+03	6.5869e+02	-1.2627e+03	-1.6192e+03	1.1673e+03	1.1530e+03	1.7393e+03	3.7215e+02	-1.2234e+03	2.8714e+03	-5.3876e+02	3.1189e+03	-2.1871e+03	-9.1616e+02	-7.7991e+02	-1.7295e+03	4.6338e+02	1.8246e+03	1.1790e+03	2.7485e+02	1.5424e+02	2.2701e+02	2.0512e+03	-7.3508e+02	9.5932e+02	-5.0256e+02	-4.9266e+03	8.1105e+02	-1.0598e+03	-2.9489e+03	4.1462e+02	6.0238e+02	-1.9055e+03	9.4984e+02	1.1681e+03	-3.0691e+03	-2.4363e+03	9.6774e+02	-1.2857e+03	-1.2720e+03	1.4200e+03	-1.0458e+03	5.7785e+02	2.3548e+03	-1.9149e+03	2.1522e+03	-9.7316e+02	8.4693e+01	-3.1486e+03	-2.4125e+03	8.5290e+01	8.1692e+02	-9.0091e+02	3.3318e+02	3.4582e+03	1.5136e+03	-3.4288e+03	6.9040e+01	1.0014e+03	-1.5325e+03	1.5996e+03	7.4766e+01	2.5796e+03	5.9105e+02	-9.0025e+02	-9.7236e+02	-5.4273e+02	3.5258e+02	1.4997e+03	1.0586e+03	1.1415e+02	-1.6326e+03	-2.3588e+03	2.1614e+03	-2.7890e+03	-2.3598e+03	-1.0854e+03	2.9428e+02	2.5025e+02	4.1467e+03	-2.1952e+03	4.5562e+02	-1.5245e+03	-1.2393e+03	-3.2104e+03	-1.2082e+03	-6.9012e+02	-1.3032e+01	2.9434e+03	1.6692e+03	4.1051e+03	-9.2986e+02	1.3632e+03	-7.9817e+02	1.1378e+03	1.1940e+03	9.6175e+02	-4.6506e+02	-1.6815e+03	-1.4782e+03	2.2238e+03	2.9706e+03
