2.0000e+04	-8.7971e+02	1.5120e+02	4.0853e+02	1.0876e+02	2.8619e+02	2.7853e+02	-3.4058e+01	3.8487e+02	2.4296e+02	-1.2439e+02	1.2485e+02	-2.2052e+02	-1.7502e+02	-1.9364e+02	-3.8477e+02	3.6945e+02	1.8361e+02	3.9852e+02	-2.7632e+02	5.3642e+02	-3.0707e+02	-2.2488e+02	-6.6018e+01	8.0661e+01	1.7560e+02	7.0192e+02	2.0819e+02	3.2348e+02	-1.5862e+02	-5.4816e+02	-6.7376e+02	-3.9603e+02	-3.3654e+02	9.7216e+01	1.9303e+02	-2.0118e+02	1.3274e+02	-2.1930e+02	-3.7060e+02	2.9773e+02	-8.8770e+01	-5.9410e+02	-4.0156e+01	4.4837e+01	3.0832e+02	1.4653e+02	-2.6014e+02	1.9380e+02	1.2695e+02	-1.7138e+02	-7.5965e+02	2.4301e+02	1.2657e+02	-2.6861e+02	-2.6259e+02	-1.9291e+02	7.3680e+02	2.0726e+02	1.0998e+02	-2.5413e+02	-1.7190e+02	2.6779e+02	1.0307e+02	4.6551e+02	-4.4845e+02	1.4752e+02	-1.2155e+02	-9.0751e+02	-8.7918e+01	1.9187e+02	3.4008e+02	2.3202e+02	-5.6231e+02	2.9524e+02	2.1168e+02	2.8403e+02	-2.2621e+02	-3.6180e+02	-7.5830e+01	-1.9984e+02	2.3784e+02	-3.5683e+02	3.8180e+02	4.3437e+02	-2.2778e+02	8.1768e+01	-3.5892e+02	-6.6650e+02	7.3099e+02	5.1854e+02	2.3725e+02	2.3605e+02	5.6481e+02	-5.3310e+02	-1.4439e+02	-1.4037e+01	-7.2337e+02	-2.0529e+02	2.8181e+02	4.5210e+02	-9.4466e+01	1.1400e+02	3.6532e+02	-2.1486e+02	2.0716e+02	-3.5663e+02	-1.0924e+02	3.9502e+01	-3.4361e+02	1.1032e+02	-5.0013e+01	2.4384e+02	-9.5710e+01	-2.9484e+02	-1.9462e+02	-8.5404e+01	-2.5912e+02	7.9570e+01	-9.2356e+01	3.7852e+01	7.8298e+01	2.8277e+02	-2.4536e+02	3.7299e+02	1.8102e+02	-4.4080e+02	3.1533e+02	1.8253e+02	-5.3037e+02	1.9324e+02	2.0389e+02	8.4013e+01	-1.7386e+02	1.1533e+02	1.6014e+02	-2.5830e+02	1.0762e+02	2.6862e+02	-5.2740e+02	-1.0365e+02	-6.2897e+02	-4.8094e+02	-6.0396e+02	6.1861e+02	3.9189e+01	-2.6731e+02	-3.9572e+02	7.8333e+01	-3.6763e+02	2.7763e+02	3.3887e+01	-2.7386e+00	1.1193e+00	-1.6725e+02	3.6516e+02	-2.3260e+02	1.1086e+02	-4.5614e+02	-5.8078e+01	2.4954e+02	2.3677e+02	-1.6983e+02	-5.4922e+02	3.2813e+02	-7.6520e+01	8.2239e+01	-3.4073e+02	-3.6581e+02	-2.1534e+02	-3.4711e+02	2.1287e+02	-4.0240e+02	1.7617e+01	-9.7122e+01	-4.1540e+02	5.2094e+02	6.9130e+02	6.5632e+02	6.9524e+02	-3.4723e+02	2.7596e+02	3.7902e+02	4.5368e+02	-1.1872e+02	6.8538e+02	-3.0219e+02	-3.5998e+01	3.1588e+02	3.6677e+02	7.2063e+01	-7.2724e+02	-1.5028e+02	4.7087e+02	-6.5762e+01	-7.3514e+02	-5.3719e+02	-1.1445e+02	2.0893e+02	-6.2837e+02	-2.5106e+02
2.0000e+04	4.2184e+02	4.1582e+02	1.5524e+02	2.5091e+02	-4.8051e+02	5.5840e+02	6.1615e+02	8.9241e+02	1.6356e+02	-2.0421e+02	-1.2743e+03	-1.6588e+02	-6.1769e+02	8.2350e+01	-1.7425e+02	-6.0468e+02	-1.9992e+02	3.2683e+02	4.3572e+02	6.8832e+01	-7.0259e+02	6.4837e+02	7.2438e+02	-2.8607e+02	-2.5618e+02	8.3527e+02	8.2181e+02	-6.9283e+02	-2.0205e+02	-2.1678e+02	-2.5101e+02	2.1908e+02	2.2035e+02	2.9018e+02	5.8216e+02	-7.5620e+02	2.5744e+02	-1.0478e+03	-1.0364e+03	-1.8669e+02	5.0267e+02	3.7593e+02	-3.3008e+02	3.4909e+02	-5.8034e+02	3.8335e+02	3.7336e+02	1.5584e+03	5.6918e+02	-3.4133e+02	3.6916e+02	5.9518e+02	9.4164e+02	2.3378e+02	1.9839e+02	1.1286e+03	-2.2744e+02	-4.9543e+01	3.2231e+02	1.0421e+03	6.1277e+01	4.9191e+01	-2.5875e+02	-7.2109e+02	-2.0126e+02	-9.4923e+02	-2.6849e+02	4.3242e+02	3.4269e+02	1.0982e+03	-8.1044e+02	-9.1147e+02	1.3578e+02	9.7455e+02	-4.4857e+01	-1.6165e+02	2.4769e+02	-2.9094e+02	4.3572e+00	1.3141e+03	3.7226e+02	-1.7846e+02	8.7223e+01	7.7570e+01	8.8415e+02	-3.7519e+02	-8.9810e+02	-8.1435e+02	3.0269e+02	2.4134e+02	1.2754e+01	-1.1458e+02	3.3178e+02	-2.1684e+02	-5.5215e+02	6.6768e+01	-2.9104e+02	6.3102e+02	-2.9865e+02	-6.2743e+02	-3.0068e+02	9.1113e+02	2.8746e+02	-6.2981e+02	-5.9991e+02	1.4327e+02	-3.8028e+02	-3.8565e+02	-2.9703e+02	-8.5490e+02	-3.8012e+02	-2.0950e+02	-6.5389e+02	2.4223e+02	-2.5554e+02	-3.2697e+02	5.8120e+02	-1.8832e+02	-9.4762e+02	-3.4097e+02	6.7103e+02	2.0111e+02	4.3797e+02	-3.8591e+02	2.3756e+02	-3.9228e+01	3.0336e+02	1.4474e+01	4.4922e+02	-6.7529e+01	2.2658e+02	1.8955e+01	1.0167e+02	3.7205e+02	6.1253e+02	-6.3848e+02	1.7729e+02	3.6839e+02	-9.1995e+02	2.0234e+02	-2.8293e+02	1.2611e+02	1.1402e+02	-2.7947e+00	-7.6294e+02	7.7142e+02	-5.9006e+01	1.6063e+02	-1.0366e+03	-8.3438e+02	4.2536e+02	5.9779e+02	-1.0434e+02	9.2380e+02	1.3791e+02	2.9285e+02	1.2530e+02	6.2537e+02	5.1736e+02	-4.0326e+02	-2.5238e+02	-7.0699e+01	1.8360e+02	3.2384e+02	4.2691e+02	2.3538e+02	7.4626e+02	2.4869e+02	-1.0364e+03	-1.7801e+02	-2.4985e+00	5.2305e+02	2.1206e+02	-2.9505e+02	-2.4326e+02	7.1331e+01	5.8159e+02	2.4103e+02	-6.3614e+02	-4.2905e+02	2.5373e+02	-9.4051e+02	7.7427e+02	4.5665e+02	4.5414e+02	2.1999e+02	4.2716e+02	-3.9102e+02	-1.0138e+03	-4.2863e+02	7.6899e+01	-3.4678e+02	2.3215e+02	-1.8403e+02	-8.2139e+02	1.5494e+03	2.9945e+02	-2.0959e+02	5.6959e+02	-3.7328e+02
4.0000e+04	-1.3455e+03	2.7457e+02	1.4854e+02	1.8870e+02	9.9934e+01	1.1598e+02	-8.5859e+02	1.0154e+03	8.5940e+02	-4.6876e+02	-1.3495e+01	6.4600e+01	-3.4588e+02	-2.5528e+02	-3.6786e+02	7.3644e+02	9.7764e+01	8.2889e+02	-6.9029e+02	1.9463e+02	-4.7487e+02	-2.2718e+02	9.9185e+00	9.3322e+01	5.3172e+02	8.7060e+01	3.4156e+01	3.3873e+02	-2.4056e+02	-4.6710e+02	-2.3102e+02	-8.4042e+02	8.5315e+01	-4.0458e+02	3.2926e+02	-2.9815e+02	-3.2640e+02	-6.6988e+01	-4.8461e+02	-5.4690e+02	-3.1852e+02	-7.0958e+02	-3.0482e+02	2.0092e+02	1.1057e+02	-9.6900e+01	-3.5376e+02	3.4729e+02	9.0840e+01	-4.4050e+02	-4.5958e+02	3.7630e+02	-2.8942e+02	-5.9595e+01	-1.7636e+02	-7.0810e+02	6.7334e+02	9.3361e+02	2.7361e+02	1.5161e+02	-2.7309e+02	-4.3810e+01	3.2950e+02	6.1605e+02	-5.7196e+02	-4.9827e+02	-3.3630e+02	-8.2290e+02	-5.2941e+02	5.8452e+01	-5.9349e+02	-6.2440e+02	-4.6679e+02	2.7255e+02	6.9999e+01	1.0360e+02	-2.4933e+02	-6.5955e+02	-3.3856e+01	-2.2985e+02	-5.7611e+01	-5.3316e+02	2.3734e+02	2.1497e+02	-8.5270e+02	5.7917e+02	-5.5595e+02	-4.5955e+02	8.4063e+02	-9.9339e+01	-1.5799e+01	-1.0171e+01	3.8897e+02	-3.9729e+02	8.0640e+01	-1.4664e+02	-4.6245e+02	-2.1807e+02	-3.5971e+01	7.8795e+02	-2.8778e+02	6.5060e+02	-7.3458e+02	-2.6445e+02	-1.4295e+02	-2.2755e+02	-5.0307e+02	-2.7106e+02	-2.8870e+02	-3.7828e+02	1.6621e+02	-5.4664e+02	1.8331e+02	-8.6998e+02	-2.7264e+02	-6.1689e+02	-1.1006e+03	1.8054e+02	5.5654e+02	1.1230e+02	-5.6790e+02	8.4388e+02	-8.0180e+02	2.4638e+02	-9.3670e+02	-2.6423e+02	2.3781e+02	3.6638e+02	-3.6728e+02	6.4646e+02	-1.4039e+02	-6.4325e+02	-7.9213e+02	3.2865e+02	3.1296e+01	-1.6285e+02	-2.4036e+01	3.2293e+02	-1.3267e+03	6.2841e+00	-8.2675e+02	-2.1643e+02	-8.6333e+02	3.4828e+02	-2.6124e+02	-1.6138e+02	-6.8993e+02	-2.3053e+02	-5.8229e+02	1.3473e+02	2.4556e+02	-3.3912e+02	-2.6134e+02	5.1019e+02	-1.3279e+02	-2.8067e+02	5.3924e+01	-4.6769e+02	-3.1877e+01	-6.0834e+01	-6.5084e+00	-2.5815e+02	-8.3792e+02	4.5513e+02	4.6669e+02	-2.7849e+02	-6.2069e+02	-6.5562e+02	-4.0629e+02	-2.5552e+01	-3.2645e+01	-5.8269e+02	-1.5454e+02	-2.8311e+01	-1.1183e+03	4.2309e+02	1.7648e+02	5.9525e+02	5.5028e+02	9.5499e+01	9.7291e+01	4.3285e+02	2.7650e+02	-2.6871e+02	1.0021e+03	-6.4756e+02	-7.4574e+01	1.0155e+02	3.1610e+02	4.3772e+02	-5.7000e+02	-8.8360e+02	5.1068e+02	-6.0678e+02	-5.9705e+02	-9.4663e+02	-3.4433e+02	5.5012e+01	-1.4282e+03	-2.0383e+02
4.0000e+04	-5.6884e+02	1.0410e+03	6.7195e+02	3.6152e+02	-1.0968e+03	2.7149e+02	1.2793e+03	1.5498e+03	5.8342e+02	-7.1637e+02	-1.4791e+03	5.4671e+02	7.7410e+00	9.7474e+02	-3.6398e+02	-2.0858e+03	-7.4471e+02	3.5131e+02	3.0472e+02	-1.0566e+02	-1.2084e+03	9.9624e+02	4.4451e+02	3.9273e+02	-3.9341e+02	1.1759e+03	1.2267e+03	-1.8886e+03	-1.3692e+03	-1.2846e+03	-7.0160e+01	-7.0168e+02	-4.8349e+02	-4.1504e+02	7.1553e+02	4.2788e+02	2.2814e+02	-6.1862e+02	-1.6780e+03	-1.1007e+03	1.0591e+03	4.0619e+02	-7.3838e+02	6.1635e+02	-3.0404e+02	5.9040e+02	-9.0215e+02	1.8100e+03	-2.8682e+02	-1.2598e+02	5.3894e+02	1.0200e+03	2.2828e+03	9.4757e+02	-1.3120e+02	6.7908e+02	-3.7494e+02	7.5766e+02	-9.5328e+02	1.4580e+03	-5.2325e+02	-4.2051e+02	2.8801e+02	-4.0121e+02	4.8668e+01	-8.6786e+02	-1.1249e+03	8.8562e+02	5.0284e+02	-4.4737e+02	-9.9262e+02	-1.4628e+03	-2.5993e+02	1.1707e+03	-7.2062e+02	-3.2320e+02	5.6694e+02	1.0282e+03	-9.2781e+02	1.1448e+03	-1.7286e+01	7.5754e+02	6.2339e+02	-4.1019e+02	2.0908e+03	-7.2553e+02	-1.1572e+03	-7.1042e+01	7.0677e+02	1.2629e+03	-2.3580e+02	2.1568e+02	-2.1887e+02	9.8172e+02	-5.6095e+02	-5.2137e+02	-6.4282e+02	1.3288e+01	-3.9079e+02	2.2567e+02	-3.7021e+01	1.6660e+03	4.9006e+02	-5.6529e+02	-3.5895e+02	8.5085e+01	-7.1242e+02	-8.3255e+02	9.0997e+01	-1.0635e+03	-2.3641e+01	-1.6413e+02	-1.3564e+02	7.5783e+02	-3.4425e+02	2.1218e+02	-2.6330e+02	-3.8218e+02	-1.1076e+02	-9.4186e+02	-1.6947e+02	1.2231e+02	-5.6640e+02	-3.4476e+02	2.6660e+02	5.7422e+01	8.1479e+02	8.8762e+02	3.4190e+02	-6.1918e+02	1.1542e+03	-4.8207e+02	1.7022e+02	7.8474e+02	1.0153e+03	2.5703e+02	8.0772e+02	2.3396e+02	-1.0507e+03	4.4845e+02	1.5469e+01	4.6379e+02	3.0778e+02	-5.2179e+02	-1.3710e+03	3.2122e+02	-6.9461e+02	-4.2124e+02	-1.0830e+03	-1.5234e+03	1.5597e+03	-1.3267e+03	-9.7701e+02	1.6857e+03	1.3740e+03	-5.2513e+02	-4.4718e+02	9.6029e+02	8.0094e+02	3.1446e+02	4.6482e+02	-9.3365e+02	1.0575e+03	1.1704e+03	-2.5370e+02	-3.6157e+02	1.1176e+03	2.0095e+02	-1.8928e+03	-1.0679e+03	4.5930e+02	1.2124e+03	7.7627e+02	-7.2195e+02	5.6027e+02	1.0156e+03	6.0316e+02	1.8098e+03	-1.8368e+03	-4.8282e+02	-2.0023e+02	-1.6656e+03	4.8288e+02	7.1151e+02	2.3039e+02	1.2880e+03	4.0638e+01	-1.0968e+02	-5.1299e+02	-1.2002e+03	1.1532e+02	9.1872e+01	1.0538e+03	-1.0034e+03	-2.8754e+02	1.1819e+03	1.3165e+02	6.4947e+02	-1.0225e+02	-2.9234e+02
6.0000e+04	-1.6166e+03	1.1029e+03	4.8519e+02	-4.4253e+02	-4.7039e+02	-1.1680e+02	-1.0012e+03	2.3420e+03	1.0685e+03	-6.5646e+02	-9.8264e+01	-1.8425e+02	2.2649e+01	-4.0712e+02	-1.1436e+03	2.8904e+02	-1.3141e+02	8.2434e+02	-7.8039e+02	5.1514e+02	-3.2279e+02	-3.9679e+01	1.4670e+01	-4.6262e+01	3.5004e+02	5.6350e+02	-1.5378e+02	4.8875e+02	-1.2736e+02	-6.8000e+02	-1.8292e+02	-2.7540e+02	-1.3291e+02	-8.1851e+02	1.7255e+02	-1.7128e+02	-5.3089e+02	-6.2503e+02	-8.1712e+02	-5.2963e+02	-1.1024e+03	-8.4993e+02	1.8083e+02	-7.8916e+02	3.7073e+01	-2.9424e+02	-9.0072e+02	4.6993e+02	-1.0377e+01	-5.4110e+02	-3.3923e+02	5.8748e+02	-7.1747e+01	9.8829e+01	7.4967e+01	-8.5453e+02	5.1435e+02	8.7680e+02	2.8617e+02	7.6041e+02	9.7176e+01	-6.7757e+02	-1.0373e+02	5.7606e+02	-7.5783e+02	-3.5609e+02	-3.2071e+02	-4.8225e+02	-6.3971e+02	5.2202e+02	-2.1269e+02	-6.2558e+02	-3.3600e+02	6.6669e+02	1.3063e+02	4.3906e+02	-3.8964e+02	-7.7748e+01	8.2592e+02	2.5525e+02	-4.1698e+02	-7.9517e+02	-6.2896e+01	1.2822e+02	-9.5678e+02	4.6968e+02	-5.0448e+02	-6.4850e+02	5.4048e+02	-3.1701e+02	-4.5355e+02	-2.5434e+02	7.0383e+02	-2.4160e+02	6.8970e+02	9.6064e+01	-8.5206e+02	-6.8102e+02	-7.1921e+00	1.0376e+03	-6.2119e+02	2.1872e+02	-5.1104e+02	-2.8048e+02	-1.5784e+02	3.0723e+02	-6.9647e+02	-3.0512e+02	-7.5572e+02	-9.8441e+02	-5.4037e+02	-7.2241e+02	3.8515e+02	-3.2547e+02	3.0154e+02	-1.4410e+02	-7.4842e+02	3.1210e+02	3.1717e+02	-7.7158e+01	-5.4256e+02	6.1458e+02	-5.0049e+02	2.0260e+02	-1.0600e+03	2.0180e+01	1.9652e+02	6.8166e+02	-4.0002e+02	7.0457e+02	1.0089e+02	-8.6646e+02	-8.9633e+02	2.6917e+02	-4.9494e+02	-2.9275e+02	-4.4320e+01	1.1404e+03	-1.8311e+03	-4.2441e+02	-7.3014e+02	-4.2191e+02	-7.1987e+02	-2.7884e+01	-5.9577e+02	2.2181e+02	-6.9569e+02	7.2468e+01	-8.1768e+02	1.4259e+02	6.4603e+02	-4.4337e+02	-1.0252e+02	5.4697e+02	-4.1906e+02	8.1202e+01	-1.1647e+02	-2.2919e+02	-2.0853e+02	-4.0049e+02	-5.1703e+02	-3.5083e+02	-6.7460e+02	-5.2829e+01	3.1718e+02	-3.4463e+02	-5.9925e+02	-7.8741e+02	-3.1346e+02	-1.3300e+02	6.0258e+01	-3.3517e+02	-5.7096e+02	-4.9810e+01	-7.7591e+02	2.1590e+02	-4.6960e+02	5.8031e+02	4.5715e+02	5.8850e+02	1.5541e+02	4.6968e+02	3.5785e+02	-6.1364e+02	1.0503e+03	-1.3040e+03	-2.2334e+02	-4.5470e+01	4.1574e+02	8.0709e+02	4.0188e+01	-1.4542e+03	4.5378e+02	-2.3999e+02	-6.5887e+02	-2.2614e+02	-3.2276e+02	1.8327e+02	-1.8340e+03	-2.3748e+01
6.0000e+04	-3.0079e+02	7.0681e+02	1.0848e+03	3.9569e+02	-1.6531e+03	-2.3123e+02	1.2192e+03	7.1533e+02	6.4841e+02	1.7121e+02	-2.7693e+03	-1.1804e+03	5.2317e+02	1.3943e+03	-1.0532e+02	-1.3512e+03	-3.1467e+02	8.6063e+01	5.0852e+02	9.9623e+02	-8.7688e+02	1.2426e+03	7.9137e+02	5.4727e+02	-4.1741e+01	8.7537e+02	1.4818e+03	-1.0894e+03	-8.8465e+02	-1.1476e+03	-3.5476e+02	-1.5327e+03	3.6007e+02	-2.3442e+02	-3.6866e+02	9.6785e+00	1.2005e+03	-2.7382e+02	-1.3238e+03	-1.4585e+03	-5.5296e+01	7.5801e+02	-1.0617e+03	2.3773e+03	-1.3153e+02	1.6226e+03	-9.0837e+02	1.7966e+03	4.4936e+00	-5.1801e+02	1.0405e+03	1.3084e+03	8.7556e+02	1.5399e+03	1.5787e+02	1.7405e+02	-1.1603e+02	1.3407e+03	-4.1683e+02	1.6765e+03	8.9855e+01	-1.2775e+02	-1.3917e+02	-1.0836e+03	4.8318e+02	-1.5529e+03	-1.2389e+03	-1.1356e+02	1.1000e+02	-1.4532e+03	-8.2964e+02	-1.4908e+03	-3.8472e+02	2.0539e+03	-1.8109e+03	-7.1456e+02	1.3455e+03	4.5017e+02	-8.2634e+02	2.1740e+02	-6.4022e+02	1.8870e+03	1.8076e+03	1.1348e+03	2.1891e+03	-4.3381e+02	-5.6739e+02	1.7845e+02	9.3377e+02	1.1007e+03	-1.4087e+03	2.8013e+02	-8.6598e+02	9.3824e+02	1.3950e+02	-1.2566e+01	-1.3112e+03	7.3864e+02	-6.4965e+02	-4.2824e+00	1.3759e+01	1.9999e+03	2.4112e+02	-1.0382e+02	-1.6736e+03	8.4262e+02	-9.5544e+02	-8.1329e+02	8.4345e+02	-7.0917e+02	-2.4471e+01	-1.6657e+02	-2.3162e+02	1.1073e+03	-1.6977e+03	9.3175e+02	5.6501e+02	-5.3226e+02	-4.2798e+01	-5.3067e+02	-5.6691e+02	7.3591e+02	-7.2162e+02	-7.3118e+02	-2.8650e+02	8.7734e+02	3.0149e+02	3.0334e+02	2.3872e+02	1.2013e+02	1.5158e+03	-1.1431e+03	2.0008e+03	1.5732e+03	1.6247e+03	6.1414e+02	4.2758e+02	5.3014e+02	-6.5232e+02	2.8871e+02	-9.3338e+01	5.7479e+02	-2.0262e+02	-9.5303e+02	-1.8355e+03	3.5881e+01	-1.2548e+03	-1.6961e+02	-4.7743e+02	-1.6156e+03	6.7777e+02	-1.6600e+03	-6.7391e+02	1.2667e+03	1.9615e+03	-1.0270e+03	-5.8184e+02	1.1667e+03	8.1276e+02	8.7863e+02	3.4034e+02	-1.0282e+03	1.8391e+03	5.3128e+02	-8.1640e+01	-1.0622e+02	2.1363e+03	4.4879e+02	-1.5985e+03	-2.6877e+00	1.0019e+03	1.3972e+03	5.5120e+02	-5.0364e+02	1.0977e+03	-1.4230e+02	-3.4167e+02	2.9527e+03	-9.1667e+02	-9.7648e+02	-3.3993e+02	-2.1900e+03	1.2145e+03	3.7013e+02	-1.6209e+02	1.0373e+03	1.1411e+03	-2.0174e+02	-9.5819e+02	-1.6685e+03	1.2211e+03	-5.6292e+02	1.1011e+03	-2.2158e+03	-2.2701e+02	1.8815e+03	3.9503e+02	5.0607e+02	5.6726e+02	-8.6932e+02
8.0000e+04	-1.7432e+03	1.0628e+03	3.5411e+02	-3.9070e+01	-4.1814e+02	-6.5779e+02	-1.5968e+03	2.3877e+03	9.7868e+02	-3.7704e+02	3.6730e+02	1.3736e+02	-3.0226e+02	-1.0810e+03	-1.4246e+03	1.3058e+03	5.5032e+02	1.1469e+03	-1.1447e+03	5.0891e+02	-4.8387e+02	5.5059e+01	7.8105e+01	1.3635e+02	5.3677e+02	9.4780e+02	3.1448e+01	7.2711e+02	-7.1440e+02	-7.4823e+02	-9.0059e+01	1.9443e+00	3.3368e+02	-8.1330e+02	-2.7980e+02	7.4026e+02	-8.0540e+02	-7.0824e+02	-1.2758e+03	-3.4275e+02	-1.1258e+03	-6.6715e+02	6.8793e+02	-7.3747e+02	8.3456e+02	2.4635e+02	-1.0166e+03	7.0377e+02	-1.3639e+02	-1.9423e+02	-2.5839e+02	4.6722e+02	-1.7466e+02	3.0007e+02	-1.0887e+02	-7.1384e+02	4.4418e+02	4.5221e+02	3.0397e+02	5.6940e+02	3.9815e+02	-3.5103e+02	-9.6277e+02	5.9022e+02	-6.8911e+02	-7.8248e+02	-1.9094e+02	-1.4838e+02	-4.8224e+02	3.0639e+02	-1.2809e+02	-4.9980e+02	-7.8162e+02	1.1010e+03	-1.1580e+02	9.5888e+02	-4.0963e+02	-5.6717e+02	1.0432e+03	4.1847e+02	-8.4523e+01	-5.7382e+02	3.7192e+02	3.1246e+02	-8.4908e+02	7.5897e+02	-5.8035e+02	-3.9490e+02	-3.1896e+02	3.4292e+01	-5.3836e+02	-5.9883e+02	-8.8421e+01	-4.2450e+01	2.7060e+02	1.4030e+02	-1.5773e+03	-7.4982e+02	1.1956e+02	1.1460e+03	-1.1408e+03	3.9736e+01	-6.2711e+02	-1.0289e+03	2.2766e+02	-4.6410e+01	-1.0032e+03	-3.6020e+02	-1.2075e+03	-7.9384e+02	-3.6417e+02	-8.4551e+02	1.6321e+02	-4.2100e+00	3.2683e+02	-4.9820e+02	1.0693e+02	-1.5155e+02	2.4388e+02	4.0063e+02	-7.2324e+02	3.9593e+02	-4.7135e+02	-3.2004e+02	-1.0050e+03	3.9527e+02	2.6172e+02	1.3677e+03	-3.5451e+02	1.2354e+03	-4.0577e+00	-4.2681e+02	-4.4520e+02	-2.8957e+00	-4.1719e+02	-4.3259e+02	-1.6891e+02	1.2744e+03	-2.4331e+03	1.1462e+02	-1.5728e+03	-4.9023e+02	-8.6921e+02	-1.8420e+02	-5.3476e+02	-2.8598e+01	-5.8498e+02	-3.6331e+02	-1.3541e+03	3.5079e+02	6.7354e+02	-8.8449e+02	1.3369e+02	-4.8652e+02	-1.2727e+02	1.9555e+02	-8.2097e+02	-1.9570e+02	-7.3027e+02	2.2772e+02	-1.8348e+02	1.2164e+01	-4.5859e+02	-3.6456e+02	-8.8550e+01	-2.9940e+02	-9.2916e+02	-8.2023e+02	-4.5412e+02	-3.3484e+02	-1.5372e+02	-1.1519e+03	-7.6010e+02	-1.4834e+02	-1.0534e+03	-2.4960e+01	-5.8872e+02	4.7678e+02	2.0560e+01	5.7709e+02	4.4224e+02	8.1924e+02	2.1841e+02	-5.0329e+02	1.0171e+03	-1.3787e+03	-7.7968e+02	6.6513e+01	1.1670e+02	4.5368e+02	-1.9600e+02	-2.1056e+03	3.6974e+02	-1.1500e+02	-3.5716e+02	-6.1027e+01	-9.4261e+02	4.1771e+01	-2.1933e+03	-3.4334e+02
8.0000e+04	-1.4568e+02	-9.8800e+01	2.2742e+03	8.7127e+02	-1.5976e+03	-7.3433e+02	6.6780e+02	1.3894e+02	1.0342e+03	4.4377e+02	-2.9781e+03	-8.5910e+02	-5.1408e+02	1.3570e+03	-3.5148e+02	-2.0467e+03	-2.3733e+02	1.7385e+03	3.3118e+02	9.3936e+02	-1.0070e+03	1.6665e+03	7.1198e+02	6.9059e+02	3.9980e+01	1.7339e+03	1.0475e+03	4.3774e+02	-3.7665e+02	-1.6681e+03	-7.4054e+02	-1.9294e+03	3.6821e+02	1.8176e+02	-1.0593e+03	-9.2624e+01	1.4438e+03	9.8777e+02	-1.9135e+03	-1.0348e+03	3.6280e+02	9.4963e+02	-1.3636e+03	1.0917e+03	-1.2966e-01	7.2711e+02	1.8088e+02	1.7613e+03	-1.5615e+03	-6.6975e+01	1.3391e+03	1.5288e+03	9.6001e+02	1.0915e+03	-3.5561e+02	-8.1780e+02	4.3290e+02	1.5570e+03	-1.3687e+03	1.1449e+03	1.5211e+02	-5.9871e+01	6.3929e+01	-5.2402e+02	1.0962e+03	-7.6793e+02	-2.1311e+03	-3.9325e+02	-5.0124e+02	-1.0193e+03	2.0163e+02	-1.0739e+03	-9.3667e+02	2.0191e+03	-2.2455e+03	-9.1475e+02	1.3475e+03	1.9421e+02	-4.1738e+02	-2.9973e+02	-1.0822e+03	1.5237e+03	2.0056e+03	1.2139e+03	2.4163e+03	-9.1104e+02	-1.2352e+03	1.9232e+02	3.0565e+02	1.9991e+02	-1.7879e+03	1.1132e+03	-1.0963e+03	2.0458e+03	4.8644e+02	-5.9266e+02	-6.9542e+02	5.1216e+02	-1.2425e+03	1.3397e+02	3.8529e+02	1.6575e+03	-1.3752e+02	-6.9649e+02	-1.2717e+03	1.5683e+03	-7.5347e+01	-7.0033e+02	2.8071e+02	-6.5920e+02	-5.6008e+01	4.2429e+02	-4.2096e+02	1.4315e+03	-2.5378e+03	7.6053e+02	1.5750e+03	6.6530e+02	-5.9337e+02	-6.2028e+02	-2.4942e+02	9.2193e+02	1.5720e+02	-2.5376e+02	-1.1729e+03	7.0658e+02	-2.9164e+02	1.1096e+03	1.5208e+03	-1.4551e+03	1.7984e+03	-7.4794e+02	1.5627e+03	2.2466e+03	1.7308e+03	5.9917e+02	1.6539e+03	1.3934e+03	-1.5763e+03	2.7159e+01	-5.3938e+02	-3.7441e+02	-2.8421e+02	-9.4400e+02	-1.9542e+03	3.3266e+02	-8.1322e+02	-4.0758e+02	-1.2986e+03	-1.5093e+03	8.3273e+02	-1.3400e+03	-2.2782e+03	5.2702e+02	1.4987e+03	-1.7469e+03	-2.9669e+02	1.5546e+03	4.5152e+02	1.2722e+03	8.6834e+02	-1.2295e+03	1.9680e+03	4.9877e+02	-5.2443e+02	4.3003e+02	2.2060e+03	-2.4441e+02	-1.5698e+03	-7.2813e+02	5.0278e+02	1.1042e+03	-1.7116e+02	-2.1406e+02	1.3836e+03	-9.8416e+02	-3.3084e+02	2.1196e+03	-6.0877e+02	-1.0686e+02	2.1164e+02	-1.1909e+03	1.8407e+03	1.6947e+02	2.9148e+02	1.0025e+03	1.2797e+03	-1.5530e+02	-6.0643e+02	-1.9295e+03	5.3504e+02	-6.4030e+02	9.0771e+02	-1.8230e+03	-8.5847e+02	2.2774e+03	-1.2354e+02	4.0840e+02	4.2447e+02	-1.2125e+03
1.0000e+05	-1.2338e+03	6.9403e+02	8.5399e+01	-7.3988e+01	7.5400e+01	-1.1518e+03	-1.5519e+03	2.5532e+03	1.0701e+03	-9.2615e+02	5.7552e+02	-1.9114e+01	-8.9129e+02	-1.3068e+03	-1.2890e+03	1.2454e+03	6.3564e+02	1.1701e+03	-9.1310e+02	1.5284e+02	-7.4714e+01	-1.1468e+02	-6.6150e+02	1.8610e+02	6.1904e+02	4.1207e+02	1.8222e+02	6.1133e+02	-7.8715e+02	-9.1866e+02	-1.8259e+02	2.2378e+02	1.1536e+02	-7.4791e+02	-5.0937e+01	1.2353e+03	-4.0071e+02	-9.7753e+02	-1.0307e+03	1.1031e+02	-8.9337e+02	-1.2464e+03	9.9746e+01	-5.7079e+02	1.0144e+03	7.0393e+02	-1.1600e+03	8.0028e+02	-4.3406e+02	-6.8403e+01	-6.0196e+01	4.5278e+02	1.5858e+02	7.8192e+02	-4.5030e+01	-6.0029e+02	1.9698e+02	4.9878e+02	7.0366e+02	2.8001e+02	-7.1472e+00	2.6519e+02	-1.1484e+03	1.2101e+03	-3.5220e+02	-1.1286e+03	-2.7100e+02	-4.8509e+01	-3.3833e+02	3.1908e+02	-4.7513e+02	-8.0211e+02	-4.1569e+02	1.2210e+03	3.9815e+02	1.3292e+03	4.8731e+01	-7.3927e+02	6.6238e+02	-5.1890e+00	-9.2849e+02	-5.5989e+02	4.5576e+02	2.6143e+01	-7.5062e+02	6.8166e+02	-4.6521e+02	-2.7735e+02	-2.4184e+02	5.0642e+02	-5.4125e+02	-8.1480e+02	-1.1390e+02	3.8510e+01	-1.9565e+02	3.2937e+02	-1.6981e+03	-9.4940e+02	-7.4390e+02	4.2435e+02	-1.5809e+03	-4.0739e+02	-7.8141e+02	-6.9533e+02	6.1207e+02	-1.4963e+02	-8.8954e+02	-8.5884e+02	-8.9891e+02	-1.2035e+03	-3.3989e+02	-1.2015e+03	1.6344e+01	5.1631e+02	2.5913e+02	-5.4391e+02	2.7218e+02	-6.1024e+01	1.6580e+02	4.9097e+01	-3.9100e+02	5.8982e+02	-8.0360e+02	-4.1221e+02	-1.0835e+03	5.0156e+02	2.5171e+02	1.4476e+03	-3.9519e+02	1.5337e+03	1.9214e+02	1.9095e+02	-7.8812e+02	-2.3605e+01	-4.8567e+01	-2.8487e+02	3.3845e+02	8.6364e+02	-2.8867e+03	7.6345e+01	-1.6987e+03	-7.2687e+02	-1.2428e+03	-3.6993e+02	-6.2653e+02	-1.4488e+01	2.1975e+02	-1.0527e+02	-6.6868e+02	3.6025e+02	2.6904e+02	-1.0961e+03	5.1943e+02	-3.5530e+02	-5.0733e+02	-3.1362e+02	-4.0109e+02	-8.3264e+02	-5.4966e+02	7.3909e+02	-7.5340e+02	-5.7930e+01	-2.5899e+02	-4.1079e+02	-1.6491e+02	-1.9005e+02	-1.4716e+03	-7.4633e+02	-1.1820e+03	-5.2707e+02	3.2244e+02	-1.3681e+03	-5.3015e+02	-1.3399e+02	-9.0025e+02	-2.6005e+02	-8.5729e+02	6.3791e+02	3.4652e+02	7.4132e+02	2.5543e+01	4.6968e+02	-3.7267e+01	-8.7467e+02	9.0055e+02	-1.6269e+03	-1.0138e+03	5.9780e+01	-9.7781e+01	6.3967e+02	-7.3630e+02	-1.9216e+03	8.1612e+02	5.4457e+02	-1.3465e+02	2.4196e+02	-1.0657e+03	3.4501e+02	-2.4508e+03	9.3201e+00
1.0000e+05	-3.7757e+02	-1.4500e+03	2.2003e+03	1.4889e+03	-1.4328e+03	-1.2392e+03	1.1681e+02	5.4667e+02	8.7019e+02	-8.2596e+00	-3.1506e+03	-1.2307e+03	-3.9584e+02	8.9978e+02	3.1711e+02	-1.9280e+03	1.9561e+02	1.6131e+03	-1.9401e+02	3.2525e+02	-6.9361e+02	2.5388e+03	1.2759e+03	7.9989e+02	9.4297e+02	8.9064e+02	2.3725e+03	4.5853e+02	-2.8457e+02	-1.3767e+03	-5.4739e+01	-1.7576e+03	9.9088e+02	9.1706e+02	-5.5736e+02	3.2071e+02	3.3318e+02	3.8062e+02	-2.4730e+03	-1.9053e+03	-3.4049e+02	1.0909e+03	-2.3903e+03	1.8232e+03	5.4382e+02	7.9402e+02	-9.4988e+02	2.9650e+03	-1.1581e+03	-1.0887e+03	2.7690e+03	5.8297e+02	1.3425e+03	7.7369e+02	1.0550e+03	-1.9984e+03	-4.3280e+02	1.9432e+03	-1.8217e+03	9.1654e+02	3.1327e+02	-7.2126e+02	1.9878e+02	9.3335e+01	6.7314e+02	-8.3801e+02	-2.2730e+03	-1.8359e+01	3.1019e+01	-1.3422e+03	5.1730e+02	-2.2191e+03	-9.0252e+02	1.4998e+03	-2.6143e+03	-4.8697e+02	1.8292e+03	7.3118e+02	3.5750e+02	-1.0741e+03	-6.1035e+02	1.5022e+03	3.0052e+03	9.9846e+02	1.6392e+03	-2.1103e+03	-1.5743e+03	-2.5153e+02	-9.7831e+01	-5.4617e+02	-2.1530e+03	1.8438e+03	-1.1201e+03	1.3978e+03	8.6475e+02	-3.8693e+01	-8.8677e+02	1.3554e+03	-1.4436e+03	6.4951e+02	8.7154e+02	1.7772e+03	5.4312e+02	-2.3067e+02	-1.0203e+03	1.3372e+03	1.0491e+03	6.5596e+01	8.1512e+02	-1.2357e+03	8.3175e+02	1.2488e+03	-2.2962e+02	2.6305e+03	-2.6672e+03	4.1429e+02	4.3835e+02	1.1138e+03	-9.3059e+02	-2.9164e+01	-4.4366e+02	1.1844e+03	1.4230e+02	8.0201e+02	-1.1010e+03	2.1100e+03	3.2660e+02	1.2815e+03	1.8769e+03	-1.7793e+03	2.2842e+03	-3.4181e+02	1.2056e+03	2.7966e+03	1.3445e+03	1.2337e+03	1.2215e+03	1.7206e+03	-7.5778e+02	8.9392e+02	-7.6597e+02	-1.3252e+02	-1.0038e+03	-8.0036e+02	-1.7663e+03	4.2455e+02	-3.8474e+02	-7.9790e+02	-9.0238e+02	-1.7510e+03	1.3785e+03	-1.1565e+03	-2.9470e+03	9.2948e+01	1.0692e+03	-1.8161e+03	-5.9796e+02	2.1965e+03	1.9812e+02	7.9710e+02	8.2568e+02	-1.6555e+03	2.2069e+03	1.3281e+03	-3.9334e+02	4.5526e+02	2.5711e+03	-5.9898e+02	-1.5527e+03	-9.9077e+02	8.2327e+02	1.6378e+03	-8.6922e+02	-9.7769e+02	1.3288e+03	-8.7557e+02	-7.7674e+02	2.5335e+03	-8.1841e+02	-4.9148e+02	3.2436e+02	-1.8155e+03	1.0059e+03	9.1414e+02	-1.3464e+03	1.0543e+03	1.7428e+03	-5.7613e+02	-6.4795e+02	-2.4461e+03	6.4808e+02	1.9665e+02	7.6376e+02	-1.8242e+03	-9.4274e+02	2.5292e+03	-4.6394e+02	4.0540e+02	4.5328e+02	-1.4597e+03
1.2000e+05	-1.2554e+03	-2.3714e+00	-1.3056e+02	-1.4990e+02	3.6542e+02	-1.5358e+03	-1.6017e+03	2.6923e+03	5.8737e+02	-1.1178e+03	4.8548e+02	-2.3439e+02	-6.5235e+02	-1.9759e+03	-1.1665e+03	1.0570e+03	1.2817e+03	1.2216e+03	-3.8445e+02	4.0349e+00	1.0610e+02	8.7045e+01	-4.3832e+02	-2.8553e+02	6.2595e+02	-1.0802e+02	3.2618e+02	2.6157e+02	-1.4038e+03	-1.1448e+03	-6.3224e+02	7.7649e+02	7.5693e+01	-9.3636e+02	-7.1173e+02	1.2875e+03	-5.6195e+02	-2.5508e+02	-1.4905e+03	4.7870e+02	-4.3495e+02	-1.0110e+03	-2.0780e+02	-9.2299e+02	6.2858e+02	4.7345e+02	-1.6314e+03	7.8817e+02	-1.7757e+02	-5.2747e+01	-2.5672e+02	7.8145e+02	-1.3718e+02	1.0780e+03	2.2830e+02	-8.5752e+02	3.3541e+02	1.2397e+03	7.8258e+02	-8.9592e+01	-2.4951e+02	-1.0416e+01	-1.2894e+03	9.1512e+02	-5.2534e+02	-1.1644e+03	-3.3710e+02	4.4838e+01	-6.4471e+02	5.0963e+02	-7.4295e+01	-3.5447e+02	1.5015e+00	7.5465e+02	-5.5545e+01	1.1322e+03	7.8174e+02	-5.2785e+02	1.0070e+03	6.3815e+02	-1.0886e+03	-8.5096e+02	3.3279e+02	-2.2111e+02	-4.6587e+02	5.1505e+02	-9.2437e+02	-4.7305e+02	-6.2475e+02	4.5358e+02	-1.9064e+02	-1.0405e+03	1.9622e+02	1.2422e+01	-1.7386e+02	-7.7430e+00	-2.3914e+03	-5.5825e+02	-1.5493e+02	4.5732e+02	-1.3483e+03	-2.5424e+02	-8.8386e+02	-6.8584e+02	2.6347e+02	-1.8304e+02	-5.2695e+02	-1.4894e+03	-9.7227e+02	-1.5930e+03	-9.1261e+02	-1.0513e+03	1.6233e+02	8.8009e+02	-1.3487e+02	-2.0028e+02	2.8525e+02	-1.2049e+01	2.9920e+02	9.1137e+00	-3.0823e+02	8.3118e+02	-7.8498e+02	-2.3227e+02	-1.1970e+03	2.8411e+02	7.4864e+02	1.6781e+03	-5.2175e+02	1.9275e+03	4.5535e+02	5.3144e+02	-9.6952e+02	-4.9791e+02	-1.0662e+02	-5.2254e+01	1.9545e+02	9.8822e+02	-2.3985e+03	-1.1169e+02	-1.8515e+03	-1.5314e+03	-1.7700e+03	-1.2658e+03	-7.0235e+02	-3.1095e+02	-2.7363e+02	-2.4274e+02	-7.4238e+02	3.4859e+02	1.4685e+02	-9.6929e+02	4.2275e+02	-9.3232e+02	-8.9972e+02	-3.7285e+02	-1.7160e+02	-9.1685e+02	-5.1848e+02	2.3588e+02	-1.4202e+01	1.6380e+02	-4.9509e+02	-9.1784e+02	-2.1015e+02	1.2219e+02	-1.7446e+03	-9.8179e+02	-1.2458e+03	2.1616e+02	1.7816e+02	-1.4899e+03	-5.7360e+02	1.6912e+02	-6.4046e+02	-4.1417e+02	-9.8436e+02	5.0596e+02	7.3604e+02	7.5236e+01	-2.7129e+02	-9.2924e+01	-5.2278e+02	-2.4863e+02	6.1242e+02	-1.8257e+03	-1.2186e+03	-1.2255e+02	5.1100e+02	2.5175e+02	-1.8403e+02	-2.1147e+03	4.8777e+02	5.3472e+02	-3.9425e+02	3.8916e+02	-9.2028e+02	1.0347e+03	-2.0133e+03	-3.5468e+02
1.2000e+05	-3.9747e+02	-1.9011e+03	2.7976e+03	1.1345e+03	-1.2038e+03	2.6402e+02	-7.7901e+02	2.0547e+02	1.1059e+03	5.7098e+02	-3.8121e+03	-1.1695e+03	-5.4733e+02	-2.0607e+01	6.3078e+02	-8.8778e+02	4.2056e+02	1.1407e+03	-1.5650e+02	1.5562e+03	-8.5754e+01	3.0676e+03	1.8791e+03	1.0588e+03	1.5832e+03	4.2155e+02	2.1183e+03	8.4008e+02	4.4107e+02	-6.5347e+02	3.4980e+02	-2.0037e+03	1.7484e+03	8.6812e+02	-9.2811e+02	-2.8852e+02	-4.9913e+02	1.0215e+03	-2.4171e+03	-1.7072e+03	-4.7668e+02	1.6062e+01	-3.5892e+03	2.4522e+03	5.1172e+02	1.0966e+03	5.9707e+01	3.3252e+03	-5.9602e+02	-6.5509e+02	2.4965e+03	4.7110e+02	2.1676e+03	1.2040e+03	1.0479e+03	-9.9599e+02	-8.8089e+02	2.4178e+03	-1.1988e+03	2.0160e+03	1.4754e+02	-8.3703e+02	3.9288e+02	1.7137e+02	2.7471e+02	-1.0487e+03	-2.5769e+03	-3.4009e+02	-2.0853e+02	-1.5082e+03	7.7882e+02	-3.2788e+03	-7.8061e+02	1.1176e+03	-1.7852e+03	-3.1967e+02	2.1509e+03	-8.2958e+01	-2.2915e+02	-8.7159e+02	8.4571e+01	1.7648e+03	2.3931e+03	5.2537e+02	1.4850e+03	-2.4248e+03	-1.4976e+03	-7.3063e+02	-5.3207e+02	-3.6357e+02	-1.6233e+03	2.1233e+03	-1.6858e+03	4.5447e+02	1.6954e+02	3.5505e+02	-4.3079e+02	1.4373e+03	-1.8852e+03	5.5020e+02	7.5318e+02	1.5628e+03	-1.2024e+02	-1.7704e+02	-5.3659e+02	1.3270e+03	1.1772e+03	4.3495e+02	1.9048e+03	-1.5331e+03	1.0166e+03	4.6088e+02	-2.0901e+02	2.2867e+03	-3.0347e+03	1.8666e+03	9.8202e+02	2.2091e+03	-5.3542e+02	4.3305e+02	-9.7207e+02	9.3027e+02	-7.3716e+02	3.7359e+02	-3.0782e+02	2.4882e+03	1.3370e+03	1.3697e+03	1.9743e+03	-2.2395e+03	1.0298e+03	-1.0095e+03	1.2359e+03	3.2796e+03	1.0016e+03	2.2479e+03	1.9361e+02	2.5319e+03	7.3387e+02	6.2386e+02	-1.1371e+03	-6.2501e+02	-9.8477e+02	-1.5365e+03	-2.4191e+03	6.8216e+02	-3.8222e+02	-4.5029e+02	-1.5519e+03	-1.6574e+03	2.0242e+03	-1.0878e+03	-3.9046e+03	8.3530e+02	1.7764e+03	-2.2321e+03	3.2636e+01	2.8565e+03	2.2914e+02	1.1347e+03	7.8073e+02	-2.1236e+03	1.7060e+03	2.0143e+03	-8.4349e+02	1.0229e+03	2.0547e+03	1.3933e+02	-1.8165e+03	-4.4812e+02	2.4235e+02	1.7253e+03	-1.1004e+03	-2.2363e+03	1.6904e+03	-1.4042e+03	-1.3210e+03	3.4034e+03	-1.4640e+03	-7.7415e+02	1.2130e+03	-2.0713e+03	5.7550e+02	-5.8803e+02	-2.4709e+03	-3.4687e+01	1.0407e+03	3.6259e+02	-4.8323e+02	-2.0997e+03	3.5735e+02	5.0977e+02	1.2248e+03	-2.5083e+03	-1.2038e+03	1.6475e+03	-1.2091e+03	-4.1445e+02	9.4998e+02	-1.5622e+03
1.4000e+05	-1.1133e+03	5.0821e+02	-1.0817e+03	6.3753e+01	4.6092e+02	-1.9111e+03	-1.9111e+03	2.5544e+03	-3.8026e+02	-6.5453e+02	5.8509e+02	-2.0285e+02	-1.2850e+03	-1.8684e+03	-1.1841e+03	1.0487e+03	1.2802e+03	1.5995e+03	-4.5378e+02	5.9590e+01	1.1291e+02	3.8537e+02	-7.3507e+02	-1.1468e+02	5.5803e+01	-1.0044e+03	1.0454e+02	-1.4514e+02	-1.6010e+03	-9.5315e+02	-7.6387e+01	8.2061e+02	7.7876e+01	-7.4665e+02	-8.0630e+02	6.9244e+02	-5.7741e+02	-5.8982e+02	-1.0450e+03	1.5889e+02	-1.8822e+02	-7.3416e+02	-1.0116e+02	-1.1776e+03	7.9239e+02	-1.4981e+02	-1.6279e+03	6.6246e+02	-2.6868e+02	1.2157e+02	-2.4967e+02	8.0112e+02	-8.4719e+02	9.2595e+02	2.7847e+02	-4.0870e+02	-8.5700e+01	1.1742e+03	8.8673e+02	-5.5354e+02	-1.7322e+02	-8.8561e+01	-1.1532e+03	1.9570e+03	7.0642e+02	-8.8688e+02	-3.1051e+02	3.0884e+02	-7.9542e+02	3.5986e+02	-2.0856e+01	-5.6578e+02	-5.8124e+01	5.7912e+02	2.2013e+02	7.3779e+02	1.1192e+03	-7.6871e+02	1.1864e+03	6.6384e+02	-9.3663e+02	-1.0041e+03	6.3336e+02	9.8427e+01	-1.0424e+02	8.2953e+02	-7.3806e+02	-5.3923e+02	-7.8810e+02	8.9605e+02	-4.2406e+02	-7.8133e+02	4.8121e+02	-4.2603e+02	5.2571e+02	9.1478e+01	-2.7012e+03	-8.2887e+02	8.1481e+01	3.0332e+02	-1.8554e+03	-2.3262e+02	-4.6932e+02	-7.9786e+02	1.5382e+02	-2.8229e+02	-2.8324e+02	-1.5404e+03	-1.2592e+03	-1.0605e+03	-1.1380e+03	-9.0853e+02	4.1667e+02	7.8021e+02	-5.4459e+02	-8.5267e+02	5.9895e+01	-3.0285e+02	8.5666e+01	-4.0753e+02	2.8128e+02	8.7777e+02	-4.0327e+02	1.5745e+02	-1.3588e+03	3.5007e+02	8.7336e+02	2.0722e+03	-3.5494e+02	2.2341e+03	-6.7072e+01	4.1593e+01	-3.1579e+02	-5.0857e+02	3.6067e+02	-5.3336e+02	-4.6800e+02	6.8073e+02	-2.2148e+03	-3.2018e+02	-2.1729e+03	-1.8439e+03	-2.4029e+03	-1.8131e+03	-7.6298e+02	4.1082e+02	-5.1347e+02	-4.9147e+02	1.1694e+02	1.3570e+02	-6.2968e+01	-1.0282e+03	1.0595e+03	-1.0499e+03	-3.3975e+02	5.5821e+01	-2.1652e+02	-1.2860e+03	-1.9051e+02	-6.9447e+01	-6.3964e+02	2.9094e+02	-6.4358e+02	-1.2275e+03	-4.0782e+02	7.8196e+02	-1.8967e+03	-1.0974e+03	-1.2809e+03	4.5580e+02	-4.4087e+02	-1.8875e+03	-4.7289e+02	4.4453e+02	-9.4587e+02	-3.0163e+02	-6.2717e+02	2.0367e+02	8.2341e+02	-4.8038e+02	-3.0242e+02	-9.6032e+01	-5.5900e+02	-4.1699e+02	5.2803e+02	-2.3141e+03	-8.5010e+02	-4.0057e+02	3.1753e+02	4.8094e+02	-1.8872e+02	-2.9222e+03	6.3217e+02	8.9033e+02	-8.2457e+01	4.7441e+02	-9.1153e+02	9.7920e+02	-2.2104e+03	2.3103e+02
1.4000e+05	-7.0856e+02	-2.1802e+03	3.2304e+03	9.5356e+02	-4.2208e+02	1.0330e+03	2.0971e+02	2.1462e+02	3.8400e+02	1.4347e+02	-2.8683e+03	-1.4570e+03	-1.1134e+02	1.6576e+03	2.5475e+02	-2.0413e+03	9.1916e+02	8.5525e+02	-1.1142e+03	1.2859e+03	-1.2924e+02	3.0646e+03	2.5044e+03	9.5522e+02	1.0365e+03	7.4849e+02	3.1914e+03	8.9216e+02	-2.6450e+02	-9.4726e+02	-4.8066e+01	-1.7784e+03	2.3783e+03	2.5821e+02	-1.1043e+03	-7.4796e+02	1.2396e+01	1.1176e+03	-2.4545e+03	-1.0080e+03	-1.0930e+02	-1.3952e+02	-2.5340e+03	1.8383e+03	-3.2532e+01	1.1525e+03	-6.0795e+01	2.8869e+03	-1.1266e+03	-8.0373e+02	2.6350e+03	4.9256e+02	1.8972e+03	1.1285e+03	3.5131e+01	-5.7763e+02	-1.2246e+03	3.0005e+03	-1.3503e+03	2.8168e+03	-2.4133e+02	-1.9272e+02	8.7303e+02	9.2209e+02	-2.3789e+01	-4.6407e+02	-2.4059e+03	-1.0796e+03	-2.5819e+02	-2.5476e+03	8.0014e+02	-3.0151e+03	-4.7680e+02	1.8305e+03	-2.5474e+03	-1.2060e+03	1.5610e+03	-4.9459e+02	9.1598e+02	-5.7996e+02	-5.4675e+02	1.2182e+03	2.3224e+03	1.5619e+03	2.2981e+03	-1.6614e+03	-1.7688e+03	-1.3756e+03	-9.3834e+02	-5.7920e+02	-2.3348e+03	2.2636e+03	-2.4378e+03	4.4530e+02	4.5126e+02	3.1058e+02	1.5748e+02	1.7067e+03	-1.5722e+03	4.7591e+02	2.4589e+03	1.0027e+03	4.8276e+02	-2.9015e+02	5.9840e+02	1.3360e+03	3.9444e+02	1.3947e+03	1.7018e+03	-2.3947e+03	2.0855e+03	3.6113e+01	7.9595e+02	3.0946e+03	-2.8320e+03	2.3771e+03	1.6468e+03	1.9212e+03	8.8887e+01	-1.5860e+02	-1.9436e+02	4.4942e+02	-1.1010e+02	3.6220e+02	2.8048e+02	2.6121e+03	1.3677e+03	1.3244e+03	1.5905e+03	-1.6835e+03	7.9305e+02	-4.1183e+01	1.6542e+03	2.6065e+03	1.5349e+03	2.8873e+03	-5.2493e+02	2.8377e+03	3.4464e+02	4.8884e+01	-1.9055e+03	-8.3212e+02	-9.5099e+02	-1.5453e+03	-2.7686e+03	1.3282e+02	-3.4144e+02	2.9061e+01	-1.4463e+03	-2.0099e+03	1.8545e+03	-8.7533e+02	-4.3040e+03	1.4331e+03	2.8047e+03	-1.6884e+03	7.9730e+02	2.5234e+03	3.9201e+02	1.3219e+03	1.1428e+03	-2.6640e+03	2.1300e+03	1.9484e+03	-1.6000e+03	1.4925e+03	1.6011e+03	-6.2360e+02	-1.3856e+03	-1.0698e+03	5.3674e+02	2.2021e+03	-7.7137e+02	-2.8407e+03	2.7152e+03	-1.3343e+03	-2.1503e+03	3.2115e+03	-8.5770e+02	-3.5488e+02	2.6670e+03	-2.1248e+03	1.6674e+03	-3.1944e+02	-3.0754e+03	-5.6000e+02	1.0962e+03	7.6859e+02	-2.7588e+02	-1.9963e+03	8.0847e+02	8.0949e+02	1.3161e+03	-2.5276e+03	-2.0168e+03	1.4529e+03	-9.1541e+02	9.9506e+02	9.8087e+02	-1.1463e+03
1.6000e+05	-6.9398e+02	5.2986e+02	-9.2373e+02	3.8642e+02	1.3732e+02	-2.2931e+03	-1.8820e+03	2.4763e+03	7.7061e+01	-3.5746e+02	7.4223e+02	3.1152e+00	-1.1246e+03	-1.6716e+03	-1.4177e+03	1.0832e+03	1.0731e+03	1.6980e+03	1.9370e+02	-3.5192e+02	-5.8386e+01	1.3690e+03	-4.0496e+02	5.3515e+01	1.0222e+02	-9.7238e+02	8.2193e+02	8.2676e+01	-1.1091e+03	-9.6441e+02	1.2547e+02	1.1312e+03	-2.1293e+02	-4.1194e+02	-9.6169e+02	1.0182e+03	-4.2404e+02	-3.6846e+02	-1.1246e+03	-4.7552e+02	-1.4166e+02	-5.1320e+02	-5.0399e+02	-1.0518e+03	4.1918e+02	-6.0667e+02	-1.3872e+03	3.5385e+02	1.1804e+01	3.2508e+02	-5.7147e+02	7.2999e+02	-9.6661e+02	8.4161e+02	2.5027e+02	-6.6148e+02	-4.4609e+02	1.1571e+03	7.8336e+02	-5.4485e+02	-5.9386e+02	-8.3500e+01	-1.1388e+03	3.0628e+03	4.0645e+02	-7.8186e+02	-7.8075e+02	4.1723e+02	-8.4886e+02	4.9484e+02	-5.2409e+02	-8.0564e+02	-6.2781e+02	6.8225e+02	5.4558e+02	5.7298e+02	8.2072e+02	-8.1679e+02	1.4054e+03	7.2000e+02	-7.8371e+02	-7.9359e+02	5.5799e+02	-3.4342e+02	-3.7010e+02	9.4193e+02	-1.3964e+03	-2.5832e+02	-4.6207e+02	3.0919e+02	-2.4318e+02	-7.1033e+02	2.4012e+02	4.1074e+01	-4.3614e+01	-4.9791e+02	-2.4100e+03	-7.7330e+02	1.0077e+02	3.4115e+02	-2.5150e+03	-1.4764e+02	-9.7075e+02	-4.8131e+02	6.9507e+02	-3.0479e+02	-1.0842e+03	-1.1632e+03	-7.6264e+02	-1.6796e+03	-1.2708e+03	-6.1967e+02	1.1019e+03	6.9490e+02	-9.5240e+02	-2.6785e+02	7.8220e+02	-7.6846e+02	8.9636e+02	-2.8161e+02	2.9680e+02	9.2641e+02	1.1525e+02	3.5695e+02	-1.6141e+03	4.8451e+02	7.2176e+02	2.2891e+03	-2.6563e+02	2.6440e+03	1.7322e+02	4.2020e+02	4.0259e+02	-8.1987e+02	6.1852e+02	-6.6138e+02	-4.5734e+02	1.1678e+03	-2.2102e+03	2.0064e+02	-2.7212e+03	-1.7470e+03	-2.4704e+03	-1.0448e+03	-1.0775e+03	2.5026e+02	-1.1618e+03	-4.4396e+02	-3.0477e+01	6.1720e+02	2.0546e+02	-1.0087e+03	1.4616e+03	-1.3653e+03	-4.1927e+02	5.8197e+01	4.9117e+01	-6.5702e+02	1.2016e+02	5.6225e+01	-5.9809e+02	3.7065e+02	-3.8351e+02	-1.0977e+03	-2.0118e+02	1.0350e+03	-1.9202e+03	-9.5435e+02	-1.6708e+03	5.2044e+02	-4.5222e+02	-2.0794e+03	-5.5269e+02	5.8839e+02	-6.4985e+02	-9.8598e+02	-4.1600e+02	-5.0574e+01	1.0113e+03	-2.6102e+02	2.1678e+02	1.8959e+02	-6.7349e+02	-7.5396e+02	5.7681e+02	-2.3599e+03	-6.7221e+02	-7.1953e+01	8.1826e+02	-1.0810e+00	2.3592e+01	-2.9978e+03	7.5629e+02	8.6598e+02	-5.6747e+02	2.6162e+02	-1.1424e+03	3.6301e+02	-2.5109e+03	4.3384e+01
1.6000e+05	2.2957e+02	-1.7221e+03	3.3980e+03	-3.2876e+01	-9.5659e+01	2.1117e+03	7.0195e+01	-2.4859e+02	9.3946e+02	-8.3199e+01	-2.6878e+03	-1.0404e+03	-9.5876e+02	1.0785e+03	6.1573e+02	-1.8598e+03	1.0143e+03	7.4895e+02	-2.8775e+02	2.5510e+03	-3.0934e+00	2.4765e+03	2.9861e+03	5.2006e+02	1.4305e+03	1.8378e+03	3.2205e+03	1.5594e+03	2.5442e+02	-2.6664e+02	1.1090e+03	-1.7381e+03	1.3598e+03	-2.9298e+01	-1.0128e+03	-1.1903e+03	1.2152e+03	7.1944e+02	-3.5308e+03	-1.6304e+03	-2.4143e+02	-1.0669e+03	-1.5959e+03	2.0385e+03	8.3920e+02	7.7916e+02	-7.0291e+02	3.7320e+03	-1.4702e+03	-1.3205e+03	2.7332e+03	-1.8694e+02	1.9221e+03	1.7405e+03	5.0147e+02	-5.6866e+02	-1.1287e+03	3.2599e+03	-9.6499e+02	2.8469e+03	-1.4644e+03	-2.6416e+02	1.6944e+02	1.1425e+01	4.1209e+02	-4.0174e+02	-2.3110e+03	-6.8637e+02	-4.3828e+02	-3.2359e+03	2.8534e+02	-2.9232e+03	8.1689e+01	1.5921e+03	-2.3501e+03	1.0718e+01	1.9629e+03	-1.3602e+03	1.0285e+03	-6.7524e+02	-9.1397e+02	1.7629e+03	1.1422e+03	1.6528e+03	2.2554e+03	-2.0245e+03	-9.0640e+02	-9.9947e+02	-1.4509e+03	-5.0298e+02	-2.8420e+03	1.6223e+03	-1.9377e+03	1.1477e+02	3.9581e+02	7.4745e+02	3.2849e+02	1.7466e+03	-1.5661e+03	4.2190e+02	2.6010e+03	6.4574e+02	1.3320e+03	7.8784e+01	1.0471e+03	-1.4625e+02	8.6492e+02	1.2363e+03	1.2436e+03	-2.7247e+03	2.5375e+03	6.5993e+02	1.3595e+02	3.2034e+03	-3.0761e+03	2.4611e+03	3.8108e+01	1.5468e+03	1.5200e+03	6.1707e+02	-1.3480e+03	-1.9972e+02	3.6720e+02	-9.0813e+01	-3.5240e+02	2.3853e+03	1.2691e+03	7.0991e+02	1.4560e+03	-2.8604e+03	-2.2548e+02	-7.5505e+02	1.3596e+03	2.2613e+03	2.3652e+03	2.9303e+03	-1.6137e+03	3.5070e+03	8.9043e+02	-2.8830e+02	-1.2220e+03	-5.9640e+02	-2.3719e+01	-1.1891e+03	-2.3426e+03	-4.5170e+02	-7.8309e+02	-2.2418e+02	-1.8627e+03	-2.9380e+03	1.8086e+03	-1.4183e+03	-4.9699e+03	1.3521e+03	2.7942e+03	-1.2763e+03	1.0088e+03	2.1373e+03	2.0809e+02	2.2409e+03	9.0484e+02	-2.8518e+03	1.3955e+03	1.9404e+03	-2.0782e+03	2.0170e+03	1.5403e+03	-4.7474e+02	-2.6506e+03	-1.0998e+03	8.2922e+02	2.2653e+03	-9.4394e+02	-2.6969e+03	2.6701e+03	-1.2388e+03	-2.6163e+03	4.0225e+03	-1.2857e+03	-8.7185e+02	2.3495e+03	-1.4560e+03	1.7250e+03	-4.3883e+02	-3.3027e+03	-1.3013e+03	8.9635e+02	1.5646e+03	6.9749e+02	-1.3679e+03	7.5271e+02	5.3070e+02	6.8611e+02	-2.6776e+03	-9.6328e+02	2.2330e+03	-1.6182e+03	5.2354e+01	1.1631e+03	-9.5994e+02
1.8000e+05	-5.2670e+02	3.6718e+02	-1.0084e+03	3.3253e+02	-2.2943e+02	-2.4946e+03	-1.4155e+03	2.3518e+03	1.7885e+02	-5.5420e+02	5.6249e+02	-6.4866e+02	-1.3380e+03	-1.1356e+03	-2.5893e+03	9.0170e+02	3.5410e+02	1.3854e+03	-1.8779e+02	-7.3561e+02	-4.7365e+02	1.6975e+03	-8.3262e+01	6.7606e+02	2.1872e+02	-1.2765e+03	1.9598e+02	6.8490e+02	-1.5830e+03	-1.2613e+03	9.3163e+01	1.3601e+03	1.6487e+02	-1.0538e+02	-9.8082e+02	5.4443e+02	-7.9461e+02	-3.5315e+02	-1.7934e+03	-6.5473e+02	-6.3986e+02	-7.0719e+02	-1.5960e+02	-1.0072e+03	1.9848e+02	-3.9557e+02	-1.4508e+03	7.3885e+02	-1.3266e+02	5.3348e+02	-6.9106e+02	6.3721e+02	-1.2628e+03	1.0736e+03	3.1130e+00	-4.1526e+02	-3.4763e+02	6.5854e+02	1.0780e+02	-5.1717e+02	-1.4234e+02	-8.2552e+01	-1.7484e+02	3.6387e+03	1.9094e+02	-9.8588e+02	-8.7725e+02	5.9590e+02	-5.2690e+02	4.9549e+02	-6.6085e+02	-9.7785e+02	-8.9914e+02	8.9478e+02	2.5499e+02	3.2202e+02	5.0795e+02	-2.3803e+02	2.2999e+03	2.5116e+02	-7.3464e+02	-6.1881e+02	5.3688e+02	-4.4869e+02	-1.1364e+03	9.1504e+02	-1.0087e+03	-4.7837e+01	-1.0943e+03	-6.1297e+01	-8.6844e+02	-4.8658e+02	3.1065e+02	7.1186e+01	1.1673e+02	-3.7085e+02	-2.3818e+03	-8.8745e+01	3.5931e+02	4.4764e+02	-3.2943e+03	1.8689e+01	-5.2292e+02	-6.7849e+02	2.7850e+02	-9.0314e+02	-8.0259e+02	-1.7535e+03	-8.3934e+02	-1.8839e+03	-6.8718e+02	-6.6392e+02	1.3768e+03	7.0208e+02	-1.6135e+03	-5.0135e+02	1.1302e+03	-1.7783e+03	1.2921e+03	-6.5329e+02	4.1588e+02	6.8914e+02	-2.4937e+02	-1.1692e+01	-1.6023e+03	2.7338e+01	9.6861e+02	2.3396e+03	4.0796e+02	2.1151e+03	-4.1270e+01	-1.1933e+01	1.1602e+02	-6.3423e+02	5.3810e+02	-1.3457e+03	-1.3550e+02	1.1582e+03	-2.2450e+03	5.8301e+02	-2.9246e+03	-1.9994e+03	-2.7353e+03	-1.2164e+03	-1.0035e+03	5.7354e+02	-1.9053e+03	-7.8460e+02	4.5088e+02	7.6814e+02	-1.2496e+01	-1.3870e+03	1.5639e+03	-1.9427e+03	-4.7864e+02	1.3609e+02	-4.2093e+02	-1.4013e+03	-5.0513e+02	-6.6399e+02	-4.1768e+02	5.4809e+02	-1.9834e+02	-1.8374e+03	1.8555e+02	1.1414e+03	-2.2191e+03	-4.4642e+02	-1.7820e+03	4.1596e+02	-2.1081e+01	-2.5432e+03	-1.3306e+03	7.0449e+02	-9.1967e+02	-1.2849e+03	-5.5543e+02	1.7360e+02	5.8378e+02	-1.8898e+02	1.8065e+02	2.8556e+01	-6.2473e+02	-1.1222e+03	8.2333e+02	-3.0705e+03	-3.3814e+02	1.6820e+02	8.7148e+02	-4.9419e+01	-6.5138e+02	-3.6851e+03	5.0972e+02	3.5801e+02	1.7775e+02	7.7976e+02	-1.2115e+03	7.7682e+02	-2.9744e+03	1.2327e+02
1.8000e+05	4.3200e+02	-1.8865e+03	3.2150e+03	1.1345e+03	4.7871e+02	1.4151e+03	-2.9012e+02	-2.0815e+02	1.8685e+03	3.5154e+02	-2.1613e+03	-6.8178e+02	-1.6061e+03	2.7469e+03	6.0705e+02	-2.5139e+03	5.3189e+02	1.2232e+03	-1.5413e+03	2.2384e+03	9.7424e+02	2.2830e+03	2.9948e+03	6.3567e+02	1.2048e+03	1.5337e+03	3.4996e+03	2.5133e+03	3.6248e+01	7.2386e+02	1.8524e+03	-1.5312e+03	2.0331e+03	-5.1959e+02	-3.4953e+02	-1.5757e+03	1.8877e+02	5.8217e+02	-2.4402e+03	-1.0119e+03	1.1825e+02	-1.5307e+03	-2.5653e+03	1.8823e+03	-8.2950e+02	1.2710e+03	-6.8279e+02	3.1524e+03	-1.0618e+03	-1.7285e+03	1.2527e+03	-2.0919e+02	1.5026e+03	1.4242e+03	6.6253e+02	-7.3681e+02	-1.1279e+03	2.7570e+03	-1.0068e+03	3.5439e+03	-1.5369e+03	6.5577e+02	9.1353e+02	5.9470e+02	3.8521e+02	-6.0903e+02	-2.2721e+03	-1.1280e+03	1.2850e+02	-2.8985e+03	-2.1778e+02	-2.6638e+03	3.4526e+02	1.8124e+03	-3.1657e+03	7.8254e+02	1.9512e+03	-5.7227e+02	2.1658e+03	-1.4808e+03	-1.4200e+03	2.3168e+03	1.8211e+03	2.9441e+03	2.0587e+03	-2.1194e+03	-3.6410e+02	-5.1097e+02	-1.6972e+03	-1.0368e+03	-2.7742e+03	6.2757e+02	-1.7258e+03	1.2262e+03	1.1322e+03	6.4556e+02	-3.6548e+02	1.8630e+03	-1.4359e+03	2.0264e+02	1.7067e+03	8.1522e+02	2.2076e+03	4.7892e+02	1.8284e+03	-6.6663e+02	4.7972e+02	8.1674e+02	1.6430e+03	-3.1928e+03	2.6067e+03	2.9824e+02	7.5978e+02	3.0933e+03	-3.4492e+03	2.8604e+03	-1.5823e+02	1.2069e+03	1.2479e+03	2.5350e+02	-1.1886e+03	-5.9371e+02	2.1324e+02	-1.0067e+02	-1.0612e+03	2.7460e+03	4.4136e+02	1.2844e+02	8.7214e+02	-3.0329e+03	4.4571e+01	-3.3354e+02	1.3298e+03	1.9332e+03	2.5442e+03	2.5045e+03	-1.8957e+03	3.6904e+03	-7.6135e+01	-5.0301e+02	-1.1032e+03	1.7962e+02	-2.3026e+02	-1.1182e+03	-1.8074e+03	-9.8521e+02	-2.2384e+03	-2.6786e+02	-1.7746e+03	-2.7529e+03	3.0179e+03	-1.2291e+03	-4.0468e+03	2.0250e+02	3.5315e+03	-1.9368e+02	1.2853e+03	2.6021e+03	1.2688e+02	2.1776e+03	1.2534e+03	-3.5468e+03	1.1388e+03	2.0934e+03	-2.4759e+03	1.5039e+03	1.1447e+03	-5.5396e+02	-2.6383e+03	-1.8124e+03	-2.2609e+02	3.0373e+03	-2.1116e+03	-2.1633e+03	2.7663e+03	-2.0425e+03	-2.0560e+03	3.5303e+03	-1.2417e+03	-2.1081e+03	2.7763e+03	-1.3002e+03	6.2362e+02	4.3120e+01	-2.4508e+03	-1.3312e+03	3.1829e+02	2.1394e+03	9.5217e+02	-2.1778e+03	1.5574e+03	2.4291e+02	1.0557e+03	-1.6399e+03	-9.7332e+02	2.1902e+03	-1.6079e+03	1.0794e+03	1.6407e+03	-4.3367e+02
2.0000e+05	-7.0509e+02	1.6830e+01	-8.2833e+02	1.5006e+02	-1.2659e+03	-2.3855e+03	-1.7956e+03	2.2650e+03	-1.4466e+02	-6.7838e+02	1.8279e+02	-4.7703e+02	-2.8479e+02	-1.3247e+03	-2.4792e+03	9.5086e+02	3.0891e+02	1.3063e+03	-3.8221e+02	-6.6352e+02	-7.4665e+02	1.4236e+03	2.6410e+02	8.7013e+02	5.0532e+02	-9.9488e+02	3.0855e+02	5.3690e+02	-1.7696e+03	-6.9635e+02	-7.8227e+00	1.5031e+03	1.5155e+02	3.1330e+01	-1.5217e+03	1.0995e+03	-6.4757e+02	-6.4527e+01	-2.2666e+03	-1.2127e+03	-1.0313e+03	-7.8668e+02	-4.6629e+02	-1.4136e+03	1.6060e+01	-7.9394e+02	-1.6192e+03	9.4452e+02	-6.0171e+02	5.5640e+02	-5.3760e+02	5.4137e+02	-1.5323e+03	1.8177e+03	-3.4430e+02	-1.9980e+02	-8.1016e+02	5.4028e+02	1.1230e+02	3.9200e+01	-7.3154e+01	-3.7517e+02	-4.6699e+02	4.0953e+03	6.7540e+01	-1.5264e+03	-4.7741e+02	8.0296e+01	-3.8838e+01	1.5845e+02	-6.3692e+02	-9.8735e+02	-6.5104e+02	1.1487e+03	-3.3580e+02	6.1816e+02	4.6818e+02	-2.3030e+02	2.2553e+03	1.5161e+00	-6.7221e+02	-9.8181e+02	1.4794e+02	-9.1626e+02	-2.5144e+02	9.5213e+02	-1.1175e+03	1.2337e+01	-7.4691e+02	-8.3532e+02	-1.2532e+03	-1.1258e+03	9.2271e+01	1.1033e+02	-2.9302e+02	-3.0076e+02	-3.0673e+03	-1.7618e+02	8.7579e+02	4.5690e+02	-3.4326e+03	-1.5798e+02	3.4455e+00	-1.9747e+02	4.6852e+02	-7.8456e+02	-9.6118e+02	-1.8799e+03	-6.3530e+02	-1.9027e+03	-1.4271e+03	-6.8227e+02	1.5469e+03	6.5154e+02	-1.6948e+03	-6.4873e+02	1.4179e+03	-1.4258e+03	1.3005e+03	-1.4266e+03	4.3856e+02	8.7911e+02	-1.9955e+01	-5.2507e+02	-1.5395e+03	1.6809e+02	1.1485e+03	2.0607e+03	2.0210e+01	2.1626e+03	3.1222e+02	-1.5137e+01	1.3459e+02	-4.9529e+02	9.4627e+02	-1.5742e+03	-2.7967e+01	1.2751e+03	-2.4324e+03	-4.9394e+01	-2.9293e+03	-1.6924e+03	-2.8832e+03	-9.1751e+02	-9.9660e+02	6.3849e+02	-1.8947e+03	-1.2026e+03	5.2643e+02	8.4419e+02	2.9794e+02	-1.7609e+03	1.7575e+03	-1.7232e+03	-5.1610e+02	2.1548e+02	-2.6780e+02	-1.4721e+03	-8.5845e+02	-6.0220e+02	-4.6343e+02	9.8125e+01	-5.9310e+01	-1.6657e+03	-1.6030e+02	9.5332e+02	-1.7913e+03	-1.0353e+03	-1.9078e+03	6.9024e+02	-6.4144e+02	-2.3073e+03	-1.9935e+03	1.0910e+03	-4.8152e+02	-3.8270e+02	-8.6272e+02	4.7707e+02	1.9882e+02	-5.3961e+02	5.0134e+02	2.7401e+02	-6.6738e+02	-6.6877e+02	1.0342e+03	-3.1738e+03	-3.2196e+02	-5.3534e+02	5.9525e+02	-3.8357e+02	-1.1724e+03	-3.1498e+03	4.0250e+02	1.2766e+02	-1.9009e+01	1.1876e+03	-6.4462e+02	2.7107e+02	-2.8857e+03	-1.8424e+02
2.0000e+05	9.7202e+02	-2.2054e+03	2.7378e+03	2.2064e+03	3.6756e+02	1.4214e+03	6.5412e+02	6.2984e+02	1.7261e+03	3.2333e+02	-2.0499e+03	-1.7033e+03	-2.4759e+03	3.3744e+03	-1.8084e+00	-2.7415e+03	6.5445e+02	1.4940e+03	-1.3249e+03	2.0807e+03	8.6211e+02	2.8330e+03	2.5805e+03	4.8452e+02	1.7661e+03	2.0934e+03	3.1593e+03	2.4695e+03	1.4665e+03	1.7925e+03	1.7269e+03	-1.7227e+03	3.0960e+03	-1.0703e+03	-2.5929e+01	-1.4300e+02	-4.2333e+02	1.5700e+03	-2.4804e+03	-1.1043e+03	-4.1097e+02	-1.8144e+03	-1.6192e+03	1.7327e+03	-2.7522e+02	1.4214e+03	-1.2609e+03	3.5235e+03	-1.5007e+03	-1.6720e+03	1.9128e+03	-2.9517e+02	1.3347e+03	1.7536e+03	5.1528e+01	-9.9858e+02	-1.3200e+03	3.4580e+03	-7.9057e+02	4.0398e+03	-8.4643e+02	1.6376e+03	1.8115e+03	-1.0970e+01	1.8207e+03	-1.1983e+03	-2.9575e+03	-9.3977e+02	-6.7119e+00	-3.1702e+03	-7.5125e+02	-2.8206e+03	5.1091e+02	1.4255e+03	-4.0259e+03	1.8077e+03	2.4872e+03	-9.7292e+02	1.2918e+03	-1.5106e+03	-2.2406e+03	2.9862e+03	1.3586e+03	2.0470e+03	1.7981e+03	-2.2764e+03	-1.9090e+02	-1.0559e+02	-9.4736e+02	-4.9187e+02	-3.9695e+03	2.2597e+02	-1.8223e+03	1.0141e+03	2.1280e+03	1.0336e+03	-4.0761e+02	2.3611e+03	-2.4682e+03	-3.9653e+01	1.8781e+03	1.4806e+03	2.9591e+03	5.5333e+02	1.5489e+03	-1.1708e+03	1.4069e+03	1.1022e+03	1.1246e+03	-2.7922e+03	2.5373e+03	-7.2952e+02	4.5531e+02	3.4424e+03	-3.6343e+03	2.3134e+03	6.7361e+01	2.3908e+03	1.3220e+03	2.6583e+01	-1.5683e+03	-8.2002e+02	1.6360e+02	-6.3134e+02	-1.1565e+03	2.2518e+03	7.6745e+02	1.0316e+02	1.2283e+03	-2.3312e+03	-7.1559e+02	-3.5031e+02	1.1800e+03	2.6482e+03	2.4389e+03	3.0690e+03	-2.1206e+03	4.3471e+03	1.7823e+03	-9.8875e+02	-5.0182e+02	-4.2685e+02	2.9788e+02	-1.5670e+03	-2.0400e+03	8.5298e+01	-2.7046e+03	-1.0679e+03	-1.0718e+03	-2.2702e+03	2.9159e+03	-8.1573e+02	-3.2781e+03	3.1114e+02	4.2374e+03	2.8079e+02	1.3622e+03	1.5959e+03	3.4617e+01	2.0251e+03	4.8841e+02	-2.9676e+03	8.9842e+02	1.3523e+03	-2.6627e+03	7.8493e+02	1.2689e+03	-2.5394e+02	-3.1314e+03	-1.8986e+03	-5.6994e+02	3.2274e+03	-1.7430e+03	-1.5827e+03	2.4082e+03	-3.3141e+03	-3.0786e+03	3.4402e+03	-9.4527e+02	-2.0671e+03	4.4526e+03	-8.7338e+02	4.3658e+02	8.6029e+02	-2.5588e+03	-1.3172e+03	2.1608e+02	3.3661e+03	1.7268e+03	-7.0660e+02	1.2890e+03	-3.0608e+02	2.3399e+03	-7.2478e+02	-1.6905e+03	1.7183e+03	-2.2149e+03	1.6754e+03	8.3974e+02	-6.0728e+02
