2.0000e+05	8.9480e+04
2.0000e+05	8.9394e+04
2.0000e+05	8.9858e+04
2.0000e+05	8.9700e+04
2.0000e+05	9.0766e+04
2.0000e+05	9.1734e+04
2.0000e+05	9.1932e+04
2.0000e+05	9.2870e+04
2.0000e+05	9.4615e+04
2.0000e+05	9.5078e+04
2.0000e+05	9.6297e+04
2.0000e+05	9.7578e+04
2.0000e+05	9.8910e+04
2.0000e+05	1.0123e+05
2.0000e+05	1.0204e+05
2.0000e+05	1.0393e+05
2.0000e+05	1.0531e+05
2.0000e+05	1.0646e+05
2.0000e+05	1.0881e+05
2.0000e+05	1.0998e+05
2.0000e+05	1.1140e+05
2.0000e+05	1.1163e+05
2.0000e+05	1.1202e+05
2.0000e+05	1.1273e+05
2.0000e+05	1.1234e+05
2.0000e+05	1.1060e+05
2.0000e+05	1.1069e+05
2.0000e+05	1.1139e+05
2.0000e+05	1.1139e+05
2.0000e+05	1.1081e+05
2.0000e+05	1.1091e+05
2.0000e+05	1.1116e+05
2.0000e+05	1.1141e+05
2.0000e+05	1.1107e+05
2.0000e+05	1.1155e+05
2.0000e+05	1.1103e+05
2.0000e+05	1.1117e+05
2.0000e+05	1.1082e+05
2.0000e+05	1.1154e+05
2.0000e+05	1.1148e+05
2.0000e+05	1.1077e+05
2.0000e+05	1.1104e+05
2.0000e+05	1.1135e+05
2.0000e+05	1.1108e+05
2.0000e+05	1.1047e+05
2.0000e+05	1.1096e+05
2.0000e+05	1.1129e+05
2.0000e+05	1.1078e+05
2.0000e+05	1.1074e+05
2.0000e+05	1.1088e+05
2.0000e+05	1.1014e+05
2.0000e+05	1.1068e+05
2.0000e+05	1.1090e+05
2.0000e+05	1.1061e+05
2.0000e+05	1.1018e+05
2.0000e+05	1.0976e+05
2.0000e+05	1.1031e+05
2.0000e+05	1.1065e+05
2.0000e+05	1.0928e+05
2.0000e+05	1.0930e+05
2.0000e+05	1.1000e+05
2.0000e+05	1.0917e+05
2.0000e+05	1.0980e+05
2.0000e+05	1.0945e+05
2.0000e+05	1.0887e+05
2.0000e+05	1.0881e+05
2.0000e+05	1.0807e+05
2.0000e+05	1.0893e+05
2.0000e+05	1.0806e+05
2.0000e+05	1.0797e+05
2.0000e+05	1.0817e+05
2.0000e+05	1.0786e+05
2.0000e+05	1.0739e+05
2.0000e+05	1.0789e+05
2.0000e+05	1.0705e+05
2.0000e+05	1.0736e+05
2.0000e+05	1.0628e+05
2.0000e+05	1.0652e+05
2.0000e+05	1.0655e+05
2.0000e+05	1.0653e+05
2.0000e+05	1.0596e+05
2.0000e+05	1.0568e+05
2.0000e+05	1.0541e+05
2.0000e+05	1.0555e+05
2.0000e+05	1.0498e+05
2.0000e+05	1.0470e+05
2.0000e+05	1.0518e+05
2.0000e+05	1.0485e+05
2.0000e+05	1.0412e+05
2.0000e+05	1.0420e+05
2.0000e+05	1.0391e+05
2.0000e+05	1.0452e+05
2.0000e+05	1.0307e+05
2.0000e+05	1.0228e+05
2.0000e+05	1.0347e+05
2.0000e+05	1.0274e+05
2.0000e+05	1.0227e+05
2.0000e+05	1.0248e+05
2.0000e+05	1.0218e+05
2.0000e+05	1.0210e+05
2.0000e+05	1.0196e+05
2.0000e+05	1.0181e+05
2.0000e+05	1.0116e+05
2.0000e+05	1.0109e+05
2.0000e+05	1.0090e+05
2.0000e+05	1.0090e+05
2.0000e+05	1.0054e+05
2.0000e+05	1.0021e+05
2.0000e+05	9.9905e+04
2.0000e+05	9.9930e+04
2.0000e+05	1.0030e+05
2.0000e+05	9.9507e+04
2.0000e+05	9.9351e+04
2.0000e+05	9.8723e+04
2.0000e+05	9.8965e+04
2.0000e+05	9.8549e+04
2.0000e+05	9.8321e+04
2.0000e+05	9.8268e+04
2.0000e+05	9.8497e+04
2.0000e+05	9.7680e+04
2.0000e+05	9.7744e+04
2.0000e+05	9.7386e+04
2.0000e+05	9.7042e+04
2.0000e+05	9.6890e+04
2.0000e+05	9.7347e+04
2.0000e+05	9.6086e+04
2.0000e+05	9.6529e+04
2.0000e+05	9.5980e+04
2.0000e+05	9.5998e+04
2.0000e+05	9.6463e+04
2.0000e+05	9.5294e+04
2.0000e+05	9.5820e+04
2.0000e+05	9.5457e+04
2.0000e+05	9.5284e+04
2.0000e+05	9.5120e+04
2.0000e+05	9.5338e+04
2.0000e+05	9.4652e+04
2.0000e+05	9.5311e+04
2.0000e+05	9.4373e+04
2.0000e+05	9.3872e+04
2.0000e+05	9.4208e+04
2.0000e+05	9.4217e+04
2.0000e+05	9.3795e+04
2.0000e+05	9.3747e+04
2.0000e+05	9.3618e+04
2.0000e+05	9.3198e+04
2.0000e+05	9.3301e+04
2.0000e+05	9.2941e+04
2.0000e+05	9.3201e+04
2.0000e+05	9.3057e+04
2.0000e+05	9.2219e+04
2.0000e+05	9.2389e+04
2.0000e+05	9.2808e+04
2.0000e+05	9.2263e+04
2.0000e+05	9.2061e+04
2.0000e+05	9.2236e+04
2.0000e+05	9.2137e+04
2.0000e+05	9.2055e+04
2.0000e+05	9.1735e+04
2.0000e+05	9.1815e+04
2.0000e+05	9.1560e+04
2.0000e+05	9.1773e+04
2.0000e+05	9.0840e+04
2.0000e+05	9.1400e+04
2.0000e+05	9.1041e+04
2.0000e+05	9.1071e+04
2.0000e+05	9.0905e+04
2.0000e+05	9.0480e+04
2.0000e+05	9.0798e+04
2.0000e+05	9.0793e+04
2.0000e+05	9.0392e+04
2.0000e+05	9.0654e+04
2.0000e+05	9.0246e+04
2.0000e+05	9.0105e+04
2.0000e+05	9.0059e+04
2.0000e+05	9.0521e+04
2.0000e+05	9.0156e+04
2.0000e+05	9.0139e+04
2.0000e+05	8.9797e+04
2.0000e+05	9.0002e+04
2.0000e+05	8.9816e+04
2.0000e+05	8.9186e+04
2.0000e+05	9.0385e+04
2.0000e+05	9.0018e+04
2.0000e+05	8.9333e+04
2.0000e+05	9.0133e+04
2.0000e+05	8.9415e+04
2.0000e+05	8.9400e+04
2.0000e+05	8.9951e+04
2.0000e+05	8.9696e+04
2.0000e+05	8.9402e+04
2.0000e+05	8.9799e+04
2.0000e+05	8.9015e+04
2.0000e+05	8.9417e+04
2.0000e+05	8.8900e+04
2.0000e+05	9.0074e+04
2.0000e+05	8.8834e+04
2.0000e+05	8.9599e+04
2.0000e+05	8.9357e+04
2.0000e+05	8.9273e+04
