2.0000e+05	8.9089e+04
2.0000e+05	8.9073e+04
2.0000e+05	8.9848e+04
2.0000e+05	9.0288e+04
2.0000e+05	9.0904e+04
2.0000e+05	9.1383e+04
2.0000e+05	9.2264e+04
2.0000e+05	9.3333e+04
2.0000e+05	9.4119e+04
2.0000e+05	9.5519e+04
2.0000e+05	9.6137e+04
2.0000e+05	9.7701e+04
2.0000e+05	9.9712e+04
2.0000e+05	1.0122e+05
2.0000e+05	1.0237e+05
2.0000e+05	1.0370e+05
2.0000e+05	1.0550e+05
2.0000e+05	1.0681e+05
2.0000e+05	1.0811e+05
2.0000e+05	1.0987e+05
2.0000e+05	1.1036e+05
2.0000e+05	1.1210e+05
2.0000e+05	1.1258e+05
2.0000e+05	1.1251e+05
2.0000e+05	1.1216e+05
2.0000e+05	1.1097e+05
2.0000e+05	1.1106e+05
2.0000e+05	1.1067e+05
2.0000e+05	1.1152e+05
2.0000e+05	1.1088e+05
2.0000e+05	1.1140e+05
2.0000e+05	1.1083e+05
2.0000e+05	1.1176e+05
2.0000e+05	1.1078e+05
2.0000e+05	1.1180e+05
2.0000e+05	1.1127e+05
2.0000e+05	1.1103e+05
2.0000e+05	1.1042e+05
2.0000e+05	1.1171e+05
2.0000e+05	1.1110e+05
2.0000e+05	1.1131e+05
2.0000e+05	1.1099e+05
2.0000e+05	1.1082e+05
2.0000e+05	1.1126e+05
2.0000e+05	1.1157e+05
2.0000e+05	1.1083e+05
2.0000e+05	1.1034e+05
2.0000e+05	1.1088e+05
2.0000e+05	1.1060e+05
2.0000e+05	1.1111e+05
2.0000e+05	1.1049e+05
2.0000e+05	1.1081e+05
2.0000e+05	1.1041e+05
2.0000e+05	1.1031e+05
2.0000e+05	1.0998e+05
2.0000e+05	1.1002e+05
2.0000e+05	1.0992e+05
2.0000e+05	1.1042e+05
2.0000e+05	1.1007e+05
2.0000e+05	1.0970e+05
2.0000e+05	1.0931e+05
2.0000e+05	1.0944e+05
2.0000e+05	1.0942e+05
2.0000e+05	1.0830e+05
2.0000e+05	1.0896e+05
2.0000e+05	1.0846e+05
2.0000e+05	1.0884e+05
2.0000e+05	1.0895e+05
2.0000e+05	1.0889e+05
2.0000e+05	1.0764e+05
2.0000e+05	1.0785e+05
2.0000e+05	1.0785e+05
2.0000e+05	1.0803e+05
2.0000e+05	1.0756e+05
2.0000e+05	1.0719e+05
2.0000e+05	1.0691e+05
2.0000e+05	1.0672e+05
2.0000e+05	1.0633e+05
2.0000e+05	1.0651e+05
2.0000e+05	1.0590e+05
2.0000e+05	1.0714e+05
2.0000e+05	1.0587e+05
2.0000e+05	1.0565e+05
2.0000e+05	1.0548e+05
2.0000e+05	1.0449e+05
2.0000e+05	1.0505e+05
2.0000e+05	1.0438e+05
2.0000e+05	1.0446e+05
2.0000e+05	1.0456e+05
2.0000e+05	1.0447e+05
2.0000e+05	1.0412e+05
2.0000e+05	1.0341e+05
2.0000e+05	1.0321e+05
2.0000e+05	1.0319e+05
2.0000e+05	1.0330e+05
2.0000e+05	1.0272e+05
2.0000e+05	1.0281e+05
2.0000e+05	1.0215e+05
2.0000e+05	1.0175e+05
2.0000e+05	1.0194e+05
2.0000e+05	1.0182e+05
2.0000e+05	1.0151e+05
2.0000e+05	1.0091e+05
2.0000e+05	1.0090e+05
2.0000e+05	1.0096e+05
2.0000e+05	1.0078e+05
2.0000e+05	1.0078e+05
2.0000e+05	1.0038e+05
2.0000e+05	1.0003e+05
2.0000e+05	9.9557e+04
2.0000e+05	9.9989e+04
2.0000e+05	9.9629e+04
2.0000e+05	9.9124e+04
2.0000e+05	9.8878e+04
2.0000e+05	9.8840e+04
2.0000e+05	9.8529e+04
2.0000e+05	9.8288e+04
2.0000e+05	9.8337e+04
2.0000e+05	9.7863e+04
2.0000e+05	9.8061e+04
2.0000e+05	9.7832e+04
2.0000e+05	9.7839e+04
2.0000e+05	9.7309e+04
2.0000e+05	9.7060e+04
2.0000e+05	9.6723e+04
2.0000e+05	9.6816e+04
2.0000e+05	9.6519e+04
2.0000e+05	9.6588e+04
2.0000e+05	9.6310e+04
2.0000e+05	9.6166e+04
2.0000e+05	9.5370e+04
2.0000e+05	9.5786e+04
2.0000e+05	9.5593e+04
2.0000e+05	9.5426e+04
2.0000e+05	9.5032e+04
2.0000e+05	9.4955e+04
2.0000e+05	9.5213e+04
2.0000e+05	9.4611e+04
2.0000e+05	9.4267e+04
2.0000e+05	9.4237e+04
2.0000e+05	9.4358e+04
2.0000e+05	9.3957e+04
2.0000e+05	9.3725e+04
2.0000e+05	9.3634e+04
2.0000e+05	9.3320e+04
2.0000e+05	9.3331e+04
2.0000e+05	9.3733e+04
2.0000e+05	9.2877e+04
2.0000e+05	9.3163e+04
2.0000e+05	9.2646e+04
2.0000e+05	9.3342e+04
2.0000e+05	9.2949e+04
2.0000e+05	9.2627e+04
2.0000e+05	9.2335e+04
2.0000e+05	9.2256e+04
2.0000e+05	9.1624e+04
2.0000e+05	9.2219e+04
2.0000e+05	9.1867e+04
2.0000e+05	9.1472e+04
2.0000e+05	9.1411e+04
2.0000e+05	9.1198e+04
2.0000e+05	9.1137e+04
2.0000e+05	9.1715e+04
2.0000e+05	9.1253e+04
2.0000e+05	9.1382e+04
2.0000e+05	9.0975e+04
2.0000e+05	9.0702e+04
2.0000e+05	9.0944e+04
2.0000e+05	9.0865e+04
2.0000e+05	9.1107e+04
2.0000e+05	9.0518e+04
2.0000e+05	9.0176e+04
2.0000e+05	9.0170e+04
2.0000e+05	9.0506e+04
2.0000e+05	9.0406e+04
2.0000e+05	9.0065e+04
2.0000e+05	9.0344e+04
2.0000e+05	8.9752e+04
2.0000e+05	9.0042e+04
2.0000e+05	9.0145e+04
2.0000e+05	8.9730e+04
2.0000e+05	8.9819e+04
2.0000e+05	8.9568e+04
2.0000e+05	8.9290e+04
2.0000e+05	8.9617e+04
2.0000e+05	8.9678e+04
2.0000e+05	8.9606e+04
2.0000e+05	8.9169e+04
2.0000e+05	8.9503e+04
2.0000e+05	8.9456e+04
2.0000e+05	8.9574e+04
2.0000e+05	8.9498e+04
2.0000e+05	8.9286e+04
2.0000e+05	8.9963e+04
2.0000e+05	8.9361e+04
2.0000e+05	8.9466e+04
2.0000e+05	8.9407e+04
2.0000e+05	8.9491e+04
2.0000e+05	8.9183e+04
2.0000e+05	8.9365e+04
