2.0000e+05	8.9535e+04
2.0000e+05	8.9336e+04
2.0000e+05	8.9888e+04
2.0000e+05	9.0645e+04
2.0000e+05	9.0409e+04
2.0000e+05	9.1315e+04
2.0000e+05	9.2288e+04
2.0000e+05	9.2411e+04
2.0000e+05	9.3934e+04
2.0000e+05	9.5026e+04
2.0000e+05	9.7105e+04
2.0000e+05	9.7778e+04
2.0000e+05	9.9143e+04
2.0000e+05	1.0059e+05
2.0000e+05	1.0251e+05
2.0000e+05	1.0377e+05
2.0000e+05	1.0520e+05
2.0000e+05	1.0714e+05
2.0000e+05	1.0837e+05
2.0000e+05	1.0956e+05
2.0000e+05	1.1089e+05
2.0000e+05	1.1137e+05
2.0000e+05	1.1253e+05
2.0000e+05	1.1251e+05
2.0000e+05	1.1226e+05
2.0000e+05	1.1134e+05
2.0000e+05	1.1073e+05
2.0000e+05	1.1100e+05
2.0000e+05	1.1069e+05
2.0000e+05	1.1117e+05
2.0000e+05	1.1154e+05
2.0000e+05	1.1139e+05
2.0000e+05	1.1159e+05
2.0000e+05	1.1131e+05
2.0000e+05	1.1079e+05
2.0000e+05	1.1083e+05
2.0000e+05	1.1125e+05
2.0000e+05	1.1128e+05
2.0000e+05	1.1150e+05
2.0000e+05	1.1140e+05
2.0000e+05	1.1083e+05
2.0000e+05	1.1090e+05
2.0000e+05	1.1096e+05
2.0000e+05	1.1084e+05
2.0000e+05	1.1067e+05
2.0000e+05	1.1111e+05
2.0000e+05	1.1158e+05
2.0000e+05	1.1073e+05
2.0000e+05	1.1010e+05
2.0000e+05	1.1053e+05
2.0000e+05	1.1032e+05
2.0000e+05	1.1062e+05
2.0000e+05	1.1045e+05
2.0000e+05	1.1037e+05
2.0000e+05	1.1022e+05
2.0000e+05	1.1041e+05
2.0000e+05	1.0992e+05
2.0000e+05	1.0974e+05
2.0000e+05	1.0975e+05
2.0000e+05	1.0944e+05
2.0000e+05	1.0934e+05
2.0000e+05	1.0974e+05
2.0000e+05	1.0922e+05
2.0000e+05	1.0912e+05
2.0000e+05	1.0940e+05
2.0000e+05	1.0838e+05
2.0000e+05	1.0870e+05
2.0000e+05	1.0819e+05
2.0000e+05	1.0858e+05
2.0000e+05	1.0854e+05
2.0000e+05	1.0771e+05
2.0000e+05	1.0767e+05
2.0000e+05	1.0772e+05
2.0000e+05	1.0694e+05
2.0000e+05	1.0742e+05
2.0000e+05	1.0734e+05
2.0000e+05	1.0673e+05
2.0000e+05	1.0676e+05
2.0000e+05	1.0624e+05
2.0000e+05	1.0660e+05
2.0000e+05	1.0577e+05
2.0000e+05	1.0569e+05
2.0000e+05	1.0599e+05
2.0000e+05	1.0555e+05
2.0000e+05	1.0519e+05
2.0000e+05	1.0525e+05
2.0000e+05	1.0457e+05
2.0000e+05	1.0451e+05
2.0000e+05	1.0359e+05
2.0000e+05	1.0424e+05
2.0000e+05	1.0449e+05
2.0000e+05	1.0323e+05
2.0000e+05	1.0327e+05
2.0000e+05	1.0333e+05
2.0000e+05	1.0322e+05
2.0000e+05	1.0303e+05
2.0000e+05	1.0289e+05
2.0000e+05	1.0226e+05
2.0000e+05	1.0222e+05
2.0000e+05	1.0204e+05
2.0000e+05	1.0193e+05
2.0000e+05	1.0137e+05
2.0000e+05	1.0129e+05
2.0000e+05	1.0079e+05
2.0000e+05	1.0090e+05
2.0000e+05	1.0084e+05
2.0000e+05	1.0078e+05
2.0000e+05	1.0038e+05
2.0000e+05	9.9929e+04
2.0000e+05	1.0005e+05
2.0000e+05	9.9942e+04
2.0000e+05	9.9510e+04
2.0000e+05	9.9019e+04
2.0000e+05	9.9144e+04
2.0000e+05	9.8837e+04
2.0000e+05	9.8341e+04
2.0000e+05	9.8077e+04
2.0000e+05	9.8471e+04
2.0000e+05	9.8272e+04
2.0000e+05	9.7834e+04
2.0000e+05	9.7858e+04
2.0000e+05	9.7793e+04
2.0000e+05	9.7416e+04
2.0000e+05	9.7193e+04
2.0000e+05	9.6584e+04
2.0000e+05	9.6921e+04
2.0000e+05	9.6692e+04
2.0000e+05	9.6466e+04
2.0000e+05	9.6022e+04
2.0000e+05	9.6155e+04
2.0000e+05	9.6273e+04
2.0000e+05	9.6032e+04
2.0000e+05	9.4993e+04
2.0000e+05	9.4909e+04
2.0000e+05	9.5158e+04
2.0000e+05	9.5168e+04
2.0000e+05	9.4484e+04
2.0000e+05	9.4752e+04
2.0000e+05	9.4660e+04
2.0000e+05	9.4574e+04
2.0000e+05	9.4336e+04
2.0000e+05	9.4094e+04
2.0000e+05	9.3874e+04
2.0000e+05	9.3659e+04
2.0000e+05	9.3365e+04
2.0000e+05	9.3652e+04
2.0000e+05	9.3289e+04
2.0000e+05	9.2746e+04
2.0000e+05	9.2924e+04
2.0000e+05	9.2747e+04
2.0000e+05	9.2617e+04
2.0000e+05	9.3010e+04
2.0000e+05	9.2286e+04
2.0000e+05	9.2635e+04
2.0000e+05	9.2162e+04
2.0000e+05	9.1851e+04
2.0000e+05	9.2204e+04
2.0000e+05	9.2213e+04
2.0000e+05	9.1785e+04
2.0000e+05	9.1654e+04
2.0000e+05	9.1373e+04
2.0000e+05	9.1656e+04
2.0000e+05	9.1106e+04
2.0000e+05	9.1373e+04
2.0000e+05	9.1443e+04
2.0000e+05	9.0799e+04
2.0000e+05	9.0895e+04
2.0000e+05	9.0767e+04
2.0000e+05	9.0763e+04
2.0000e+05	9.0794e+04
2.0000e+05	9.1368e+04
2.0000e+05	9.0837e+04
2.0000e+05	9.0211e+04
2.0000e+05	8.9862e+04
2.0000e+05	9.0214e+04
2.0000e+05	9.0306e+04
2.0000e+05	8.9938e+04
2.0000e+05	8.9943e+04
2.0000e+05	9.0093e+04
2.0000e+05	8.9378e+04
2.0000e+05	9.0328e+04
2.0000e+05	9.0067e+04
2.0000e+05	8.9561e+04
2.0000e+05	8.9271e+04
2.0000e+05	9.0322e+04
2.0000e+05	8.9698e+04
2.0000e+05	8.9678e+04
2.0000e+05	8.9628e+04
2.0000e+05	8.9606e+04
2.0000e+05	8.9580e+04
2.0000e+05	8.9464e+04
2.0000e+05	8.9613e+04
2.0000e+05	8.9401e+04
2.0000e+05	8.9346e+04
2.0000e+05	8.9577e+04
2.0000e+05	8.9171e+04
2.0000e+05	8.9745e+04
2.0000e+05	8.9044e+04
2.0000e+05	8.8851e+04
2.0000e+05	8.8552e+04
