2.0000e+04	3.3216e+02	4.8165e+02	2.5265e+02	4.0079e+02	-6.5258e+00	2.1350e+02	-1.3950e+02	-1.8875e+02	-2.9959e+02	-3.9372e+02	-2.8905e+02	-2.1855e+02	4.0646e+02	-1.9158e+02	1.5545e+02	3.1748e+02	-1.7650e+02	-1.8831e+01	-2.1912e+02	1.0027e+02	4.3019e+01	2.4433e+02	-7.9534e+01	-5.0885e+02	1.7743e+02	-3.2780e+02	2.2004e+02	-3.9085e+02	3.9286e+02	-6.4371e+01	1.1240e+02	-2.4901e+02	-1.8193e+02	7.5418e+02	-1.4065e+02	-4.9018e+02	-1.4091e+02	9.2624e+01	9.4652e+01	2.6948e+02	-5.6529e+01	-3.7805e+02	5.9449e+01	9.0919e+01	-5.6654e+02	-1.6354e+01	-1.1655e+02	-5.7197e+01	8.6338e+01	-3.9070e+02	-2.3159e+02	4.7318e+02	-1.6404e+02	-1.0383e+02	-1.3924e+02	1.8491e+02	2.7979e+02	-1.6628e+02	7.9339e+02	5.1710e+02	-3.2300e+02	7.8483e+01	5.3526e+02	-9.1925e+01	-3.0280e+02	-1.1747e+02	1.3369e+02	-5.5135e+01	-5.1486e+02	-9.3692e+02	-8.3775e+01	-3.0176e+02	-2.5509e+02	5.2636e+02	1.2147e+01	1.4989e+02	1.1218e+02	5.9710e+02	-3.4420e+02	-3.9552e+02	3.2945e+02	8.6995e+01	4.3187e+01	-1.4859e+02	4.7551e+02	2.0664e+02	-2.0902e+02	-1.6616e+02	-3.0464e+02	2.3205e+02	-3.2015e+02	7.0753e+02	-7.5113e+00	-2.9321e+02	4.0039e+02	7.4988e+02	-2.0682e+02	2.4899e+02	-5.5050e+02	6.8520e+02	-1.1176e+02	3.5184e+01	-1.4007e+02	4.0091e+02	3.4011e+02	4.7618e+02	3.7986e+02	-3.2048e+02	2.6378e+02	-1.7402e+02	-2.6888e+02	3.6995e+02	-1.2103e+02	-7.0957e+01	6.9395e+01	2.3307e+02	-6.9361e+02	1.0318e+02	3.8635e+02	1.6597e+02	6.6486e+02	-1.7908e+00	-1.4267e+02	-5.4701e+02	1.3738e+02	-1.7340e+02	-9.5115e+00	3.7443e+02	-1.4919e+02	3.3437e+02	-4.6403e+02	4.1184e+02	-1.0188e+02	-2.6284e+02	7.1766e+02	4.5874e+02	2.1139e+02	-3.2141e+01	2.5553e+02	-9.3114e+02	3.2275e+02	-1.9828e+01	-1.5358e+02	-2.2252e+02	2.3758e+01	-1.0764e+02	-2.7619e+02	-8.5810e+02	-1.6094e+02	2.9561e+01	-3.9562e+02	1.3306e+01	1.4303e+02	-2.6657e+02	-8.1632e+02	-5.3203e+02	1.3972e+02	1.2687e+02	7.0488e+01	-3.9750e+02	1.6287e+02	2.2549e+02	4.2117e+02	2.5916e+02	1.3304e+02	-4.9052e+02	-3.7498e+02	3.9847e+02	-4.1267e+02	-4.2089e+02	-2.3238e+02	-1.8501e+02	7.6527e+02	-1.9670e+02	-5.2017e+02	6.4438e+02	2.1830e+02	7.0178e+01	-3.1621e+02	-8.2007e+01	-2.7865e+02	-3.3403e+01	5.7916e+02	-1.5609e+02	-1.9281e+02	2.7115e+02	2.5371e+02	3.6511e+02	7.6103e+01	-1.2162e+02	3.9990e+02	1.0826e+02	-4.7780e+02	-5.1214e+02	-1.7661e+02	-2.5764e+02	-1.9663e+02	-2.5974e+02	-3.6256e+02	-4.8941e+02
2.0000e+04	-6.4923e+02	-3.1859e+02	1.6354e+02	2.0624e+02	1.0409e+02	-3.1337e+02	1.3007e+02	9.2278e+01	8.7145e+02	8.6955e+02	-1.2710e+02	7.5615e+01	-4.0490e+02	1.2034e+03	-1.5307e+03	-1.1849e+03	-5.5472e+02	6.9318e+02	-3.7504e+02	-6.9384e+02	-1.7675e+01	-4.8620e+02	1.2755e+02	-1.6344e+02	-3.3546e+02	-3.8115e+02	-5.3230e+02	7.5311e+02	5.4955e+02	-6.4716e+02	-2.2636e+02	1.2070e+02	-5.1492e+01	-1.0063e+03	-5.8720e+02	2.8415e+02	-2.7985e+02	-3.3012e+02	-4.7928e+02	9.8633e+01	-3.8527e+02	-2.4014e+01	1.0398e+03	4.4982e+01	5.5064e+02	-5.5279e+02	2.4501e+02	-7.3128e+02	1.6611e+01	-4.4728e+01	6.8161e+01	1.0227e+02	-6.7424e+02	3.4469e+01	3.2597e+02	-8.9293e+02	-6.4415e+02	7.5235e+02	-1.8741e+02	1.9362e+02	7.9208e+02	-4.1253e+01	-1.1423e+03	7.2000e+02	-7.0088e+02	-2.1809e+01	2.5466e+02	7.4345e+02	-1.7956e+01	-2.8461e+01	-7.1389e+02	2.4407e+02	-5.8193e+02	1.3797e+02	-5.7151e+01	-6.8234e+02	4.4816e+02	1.0416e+02	-1.6142e+02	-2.6696e+01	2.9405e+02	3.0997e+02	-1.3142e+02	1.9744e+02	2.2916e+02	5.4587e+02	1.4386e+02	-9.5705e+01	3.3512e+02	3.4406e+02	1.0964e+02	1.8893e+02	-7.4869e+02	-1.0452e+03	-5.5214e+02	1.7966e+03	-4.9922e+02	-8.1249e+02	-3.6929e+02	-1.1343e+02	-3.8874e+01	-6.1738e+02	2.5807e+02	-2.1963e+02	5.3919e+02	-4.9406e+02	2.0343e+02	-9.6279e+01	2.0703e+02	-6.6071e+02	1.0008e+02	-1.6038e+02	3.2436e+02	5.1155e+02	2.0353e+02	1.4547e+01	1.5029e+03	-2.8430e+02	1.8104e+02	-2.4194e+02	-4.5476e+02	3.2086e+02	1.2286e+03	-7.8239e+02	-1.8245e+02	7.3883e+02	-5.3429e+02	5.0800e+02	-8.0413e+02	1.8735e+02	-1.1775e+03	5.4815e+02	-2.2522e+02	6.3228e+01	1.4227e+02	2.1414e+02	1.6131e+02	4.3050e+02	-1.4641e+02	-5.5512e+02	4.0046e+02	2.5531e+02	-1.2785e+03	5.1826e+02	-6.3255e+02	1.9459e+02	-3.8725e+02	-6.1276e+02	-1.7273e+02	-1.3691e+01	1.0335e+01	4.7250e+02	6.4227e+01	-3.3504e+02	1.0139e+02	7.3888e+01	-4.0947e+02	7.0730e+01	-9.5377e+02	1.1491e+02	-1.5543e+03	-3.7255e+01	-1.0373e+03	-1.0715e+03	-2.8742e+02	6.4253e+01	1.7924e+02	7.4256e+02	2.7327e+02	-9.3897e+02	4.4602e+02	1.1567e+03	-5.0596e+02	-1.6572e+02	-2.2780e+02	-4.7769e+02	-6.6558e+00	-2.6956e+01	-2.1529e+02	-4.4696e+02	6.6686e+02	9.4799e+01	7.9453e+02	-6.0288e+02	9.4546e+02	-1.5593e+02	5.3227e+02	-2.2773e+01	-3.0387e+02	2.6685e+02	7.3879e+02	5.0346e+02	-9.3853e+02	-2.5898e+02	4.5030e+02	-7.9685e+02	5.0037e+02	6.1533e+02	8.6970e+02	4.4473e+02
4.0000e+04	3.8419e+02	-5.2084e+02	1.0122e+02	5.0404e+02	4.0411e+02	-4.2478e+02	1.2817e+02	-3.1309e+02	-1.7349e+02	-1.7542e+03	-4.4794e+02	2.1968e+02	1.2796e+02	1.2080e+02	-4.7768e+00	3.1928e+02	-4.9939e+02	9.0935e+00	-4.1498e+02	-1.0465e+02	-5.0082e-01	-4.3496e+02	1.3003e+02	-5.6706e+02	2.6746e+02	2.2198e+02	1.0481e+03	-5.2707e+02	4.3119e+02	-8.3284e+01	-1.2367e+02	-5.7026e+02	-2.6473e+02	4.1075e+02	-5.1476e+02	-4.2350e+02	-3.1191e+02	6.0536e+00	2.7162e+02	2.0561e+01	-1.2960e+02	-5.1495e+02	1.0594e+02	-5.5247e+02	1.3776e+02	-3.3512e+02	4.6239e+02	-6.5974e+01	2.3344e+02	2.6383e+02	-7.9769e+02	-3.1422e+01	-9.6442e+02	1.6970e+02	-2.7441e+02	1.8088e+02	3.4444e+02	6.5218e+02	7.1457e+02	3.3746e+02	-6.4370e+02	-2.2624e+01	1.6134e+03	-2.5169e+02	-4.7392e+02	8.1488e+00	2.4385e+02	-2.5787e+02	-4.1126e+02	-8.5897e+02	-3.8031e+02	9.5129e+01	-3.9905e+02	5.7505e+02	1.3638e+02	-3.9097e+02	-1.1013e+02	7.4863e+02	1.3666e+02	-8.0906e+02	-2.9619e+02	-4.9499e+02	-4.5544e+02	-3.7684e+02	3.1928e+02	3.6703e+02	7.5364e+01	2.2710e+02	-4.8433e+02	4.0595e+02	9.4414e+01	1.0555e+03	-9.1285e+01	-6.2362e+02	1.3565e+02	1.3290e+03	2.5269e+01	-9.0484e+01	-9.5847e+02	7.2315e+02	6.4980e+01	1.6077e+02	2.9526e+02	3.9902e+02	-4.9112e+00	7.6503e+02	2.1542e+02	-1.0872e+03	-4.0289e+02	-8.2450e+02	-1.8359e+02	2.3750e+02	-2.8579e+02	-6.2191e+02	-5.2741e+02	-1.3457e+02	-5.6044e+02	-1.7209e+02	4.0736e+01	-6.2727e+02	8.4380e+02	2.1093e+02	-2.1668e+01	-5.5503e+02	2.3804e+02	-1.8381e+02	-8.3142e+02	5.3809e+02	-3.1966e+02	3.9317e+02	-2.5524e+02	5.9992e+02	-5.8834e+02	-7.2490e+02	1.6495e+02	2.6255e+02	5.5812e+02	3.4361e+02	7.2028e+00	-1.0318e+03	3.7012e+02	-1.9310e+02	2.4802e+02	-5.4720e+01	4.1220e+02	-2.9920e+02	-9.5293e+01	-1.3879e+03	-2.1286e+02	-4.0964e+02	-2.5106e+02	1.5889e+02	2.2181e+02	-5.4888e+02	-1.3367e+03	-9.7965e+02	-2.1683e+02	-2.8655e+01	2.9053e+02	-6.1254e+01	3.6702e+02	1.9852e+02	9.4174e+02	1.2524e+01	2.0993e+02	-3.1137e+01	-6.6274e+02	7.5538e+02	6.0242e+00	-1.6879e+02	-8.0837e+02	-2.3449e+02	1.4585e+03	-5.0294e+02	-1.5906e+02	2.9749e+02	4.2291e+01	-1.6153e+02	-5.7675e+01	-5.3854e+02	-4.5088e+02	-4.3193e+01	-4.0816e+01	-7.4772e+02	-9.0004e+02	2.9299e+02	5.2964e+02	-2.0385e+02	6.5229e+01	2.2326e+02	3.3038e+02	3.1969e+02	-4.8771e+02	-5.5351e+02	-3.6739e+02	-2.3409e+02	2.0412e+02	-2.8887e+02	-5.8639e+02	-4.8274e+02
4.0000e+04	-1.1445e+03	-1.0439e+03	-8.5434e+02	-4.3187e+02	3.2027e+02	5.0494e+02	-3.2099e+02	8.5873e+01	8.4458e+01	-2.7651e+02	-7.6051e+02	1.6493e+02	-1.3184e+03	8.0427e+02	-2.1054e+03	-1.0562e+03	-1.1633e+03	-1.1412e+02	-6.1919e+02	-1.0718e+02	6.4720e+02	-5.3079e+01	-5.2914e+01	3.1759e+02	1.3674e+02	3.7949e+02	-8.5934e+02	6.1470e+02	1.0137e+03	-1.2412e+03	-3.9731e+02	-4.2701e+02	1.8678e+02	-1.8482e+03	-5.3800e+02	3.2397e+02	-9.6261e+02	8.9095e+02	-6.3753e+02	8.9119e+02	2.6853e+02	-9.3531e+02	-7.0251e+02	2.8926e+02	4.1083e+02	-8.8698e+01	3.8540e+02	-6.2096e+02	6.7037e+02	-8.2932e+02	-5.9049e+02	-6.2326e+02	2.8113e+01	-9.2707e+02	6.1181e+02	1.7982e+02	-7.6584e+02	4.7167e+02	-2.5486e+02	-7.7270e+02	-1.4010e+02	8.6005e+00	-6.3898e+02	-5.2915e+00	-9.2820e+02	-3.5784e+01	-1.8605e+02	1.1225e+03	-1.5100e+02	4.7706e+02	8.8439e+01	-1.8858e+02	-5.8673e+02	-3.1376e+02	-3.7901e+02	8.1605e+02	4.6978e+02	-5.8011e+01	-2.5679e+02	-1.1281e+02	8.0792e+02	5.1068e+02	4.8598e+01	1.1858e+03	-5.6722e+02	3.9697e+02	1.9994e+02	-2.8881e+02	8.7488e+01	-7.3281e+02	2.5663e+02	-6.9591e+01	-1.1134e+02	-9.6975e+02	-3.5556e+02	1.6388e+03	-6.7991e+02	-1.5535e+03	4.8370e+00	-8.7765e+02	-8.6184e+02	-7.3452e+01	8.6880e+02	-5.0667e+01	1.6606e+03	2.7573e+02	1.1010e+02	-1.2578e+03	-5.1883e+02	-1.8773e+02	4.6786e+02	4.5423e+02	4.2668e+02	1.9972e+03	9.3653e+02	2.3616e+02	1.2400e+03	2.6016e+02	-4.0561e+02	1.3262e+02	2.5434e+00	4.4159e+02	1.4294e+03	-1.0439e+03	-2.4298e+02	3.7905e+02	-1.6316e+03	2.8622e+02	-2.7885e+02	5.0994e+02	-5.1779e+02	-3.6213e+02	1.9016e+02	1.6908e+02	1.5430e+03	-7.7614e+02	-4.5911e+02	3.3297e+02	3.0345e+02	-4.0940e+02	5.6124e+02	4.5264e+02	-1.3010e+03	-3.4042e+02	-9.9957e+02	3.6003e+01	-6.1275e+02	-1.0758e+03	-1.4022e+03	-2.3376e+02	-9.4310e+02	-5.5975e+02	-1.7214e+02	2.5337e+02	-3.5376e+02	7.4062e+02	8.8830e+00	-4.6125e+02	-1.1305e+03	-8.4700e+01	-2.5598e+03	-2.3456e+02	4.6607e+01	-9.6789e+02	-2.9564e+02	7.1025e+02	-1.4985e+03	1.0014e+03	5.6223e+02	-4.9606e+02	1.6974e+02	1.8410e+03	-1.6199e+02	5.5140e+02	-9.5286e+02	-1.9693e+02	-1.7959e+02	-3.6191e+01	-6.8329e+02	7.2390e+02	1.2412e+03	-4.5410e+01	1.2083e+03	-2.1486e+02	1.5999e+03	2.8893e+02	3.3049e+02	1.7741e+01	-6.2158e+02	3.7389e+02	3.0082e+02	-2.1166e+02	-1.1616e+03	-1.1903e+02	1.2752e+02	-8.4990e+02	6.8032e+02	-6.6324e+02	-9.5624e+02	5.8309e+02
6.0000e+04	8.4646e+01	-1.0820e+03	4.8194e+02	3.9205e+02	5.0111e+02	-2.3323e+02	8.3900e+02	-1.0875e+03	-4.4676e+00	-1.8435e+03	-1.7707e+02	-5.3454e+02	-4.1895e+01	-1.1714e+02	4.3368e+02	-3.3424e+01	-3.6028e+02	-1.3855e+02	-2.5436e+02	7.1316e+02	3.8133e+02	-4.0819e+02	9.8672e+01	-7.0321e+02	7.5440e+01	-1.5753e+02	2.3562e+02	-9.3602e+02	7.2449e+02	3.3272e+02	4.9767e+01	-6.7947e+02	2.4623e+02	3.6696e+02	-4.9421e+02	-6.4688e+02	1.3875e+02	-1.0719e+02	1.1335e+03	-6.2874e+01	-4.7608e+02	-2.5858e+02	-3.5404e+02	-4.1889e+02	-5.0102e+01	7.3609e+00	-1.0430e+01	-2.5383e+02	5.9245e+00	5.8954e+02	-1.0520e+03	3.9985e+02	-5.5475e+02	3.2698e+01	-5.2021e+02	3.9411e+02	3.8638e+02	7.4805e+02	1.0600e+03	1.9408e+02	-7.1876e+02	2.4226e+02	1.1159e+03	9.8066e+01	-1.1832e+01	-2.4357e+02	1.4985e+02	-5.3296e+02	-2.2950e+02	-1.8554e+03	-8.7981e+02	7.5186e+01	-7.6876e+02	-1.6120e+01	3.6522e+02	-9.0839e+02	-6.4902e+02	2.8941e+02	-1.9401e+02	-5.7523e+02	-5.6239e+00	-6.6424e+02	-5.8876e+02	-2.4229e+02	5.3557e+02	1.7237e+02	-3.7399e+02	-1.2232e+02	-3.4189e+02	5.8924e+02	-4.8738e+02	7.6862e+02	-1.8438e+02	-1.0955e+03	-1.7746e+02	1.2931e+03	-3.2408e+02	-6.2706e+02	-9.5810e+02	4.4261e+02	-4.3445e+02	6.2779e+02	-2.8708e+01	7.6493e+02	3.3044e+01	7.4429e+02	-2.7038e+02	-1.2504e+03	-7.3295e+01	-6.3984e+02	2.5742e+02	6.4298e+02	-3.7552e+02	-5.8085e+02	-8.2227e+02	2.1743e+02	-5.3420e+02	-6.7973e+02	2.6143e+02	-7.7817e+02	7.9776e+02	4.0981e+02	-8.0009e+01	-7.1560e+02	4.8279e+02	-6.9489e+02	-9.9508e+00	2.7648e+02	-3.0780e+02	-3.3982e+02	-5.5947e+02	7.0414e+02	-3.4773e+02	-6.0402e+02	7.8542e+01	2.8279e+02	4.1374e+02	4.6182e+02	2.0006e+02	-1.4078e+03	7.1436e+02	4.4417e+00	2.1240e+02	4.7293e+02	8.2254e+02	-3.2296e+01	-1.0970e+01	-1.6003e+03	-1.5654e+02	-8.9936e+02	-8.2352e+02	-4.7795e+02	1.3114e+02	-2.9643e+02	-1.3719e+03	-5.0111e+02	-7.2250e+02	-3.3553e+02	4.7377e+02	3.4418e+02	8.8419e+01	3.8537e+02	8.6104e+02	-5.5411e+02	8.1731e+02	2.0909e+02	-1.6108e+03	4.7752e+02	5.1294e+02	2.0734e+02	-7.2160e+02	-2.0282e+02	1.4249e+03	-6.2842e+02	-3.6314e+01	-3.6967e+01	-2.0344e+02	8.1847e+02	-1.2736e+01	-2.9654e+02	-8.8016e+02	-8.9212e+02	-2.4287e+02	-1.4654e+03	-1.1738e+03	-1.9453e+02	8.0058e+02	-4.6109e+02	4.6105e+01	2.7103e+02	3.6195e+02	5.6381e+02	-5.7170e+02	-1.1859e+03	-5.9992e+02	-2.2756e+02	3.1240e+02	-1.9675e+02	-1.3524e+03	-4.7548e+02
6.0000e+04	-1.0868e+03	2.3888e+02	-7.9720e+02	2.2258e+02	2.6481e+02	6.5701e+02	-7.9493e+02	-9.4084e+01	2.9040e+02	8.3110e+01	-2.3398e+02	1.0632e+03	-8.0100e+02	3.5983e+02	-2.0531e+03	-4.9701e+02	3.5565e+02	-1.4479e+02	-9.9618e+02	8.1011e+02	6.8883e+02	-1.5835e+02	-6.7732e+02	1.2793e+02	-8.5918e+02	-1.5410e+02	-9.5218e+02	6.6629e+02	4.6815e+02	-1.6905e+03	-7.2902e+02	1.3947e+01	1.3174e+03	-2.1393e+03	-5.1906e+01	6.3815e+02	-5.7677e+02	1.9911e+03	-1.4734e+02	6.6831e+02	6.7404e+02	-9.9064e+02	-8.4108e+02	5.7387e+02	1.1580e+02	5.4013e+02	4.1941e+02	-1.1685e+03	1.1347e+03	-8.0618e+02	-9.5583e+02	-7.7404e+02	1.4611e+01	-1.8247e+03	9.1761e+02	-2.3225e+01	1.0344e+02	1.9874e+02	-1.0992e+03	-1.1595e+03	-1.0632e+03	-2.1495e+02	-8.9681e+02	-2.8874e+02	-5.0035e+02	-7.7865e+01	4.2752e+02	1.0472e+03	-9.0808e+02	3.2262e+02	6.7828e+02	9.7205e+01	-1.0038e+03	-1.2932e+03	-5.6670e+02	1.8713e+03	1.0521e+03	-1.0454e+03	-7.2421e+02	1.1792e+03	1.6892e+03	1.1280e+03	-3.7733e+02	1.7698e+03	-7.6114e+02	1.2403e+03	3.8479e+02	-6.2657e+02	7.5520e+02	-7.6319e+02	1.3441e+02	1.3977e+03	-1.3827e+03	-8.3225e+02	-1.2122e+03	1.6953e+03	-2.0307e+03	-1.5553e+03	3.2355e+02	-4.8080e+02	-8.2098e+02	-3.9798e+02	1.4352e+03	-9.4681e+02	1.2643e+03	3.0844e+02	-5.1643e+02	-6.7876e+02	-5.9014e+02	-1.0818e+01	-1.7022e+02	-1.1328e+03	8.3248e+02	2.4665e+03	3.9426e+02	5.0477e+01	7.9655e+02	1.0052e+03	-7.0265e+02	1.5480e+02	3.2512e+02	3.3744e+02	1.5787e+03	-8.4171e+02	4.6839e+02	5.6605e+02	-1.6248e+03	6.7950e+02	-2.7145e+02	1.3176e+03	-1.8265e+03	-2.2510e+01	3.3589e+02	2.0047e+02	6.0097e+02	-7.8375e+02	1.1112e+02	-1.1071e+02	1.2915e+03	-1.8721e+02	-2.2379e+01	1.8467e+02	-1.9884e+03	-8.4765e+02	-1.5870e+03	-5.4451e+02	8.0850e+02	-1.0942e+03	-1.1895e+03	1.8900e+02	-1.7152e+03	1.7312e+02	-2.7833e+02	2.9212e+02	-3.9102e+02	1.1823e+03	-1.4479e+02	1.6285e+02	-1.4734e+03	3.5846e+02	-2.0007e+03	1.4948e+02	4.1793e+02	-6.1322e+01	-4.9953e+02	-6.0393e+00	-7.9377e+02	5.3432e+02	7.4769e+02	-7.7938e+02	6.4126e+01	2.1071e+03	6.6839e+02	4.2212e+02	-9.0108e+02	4.1096e+02	4.7921e+02	-9.8306e+02	-7.1403e+02	1.3775e+03	3.1522e+03	9.8894e+01	2.2158e+03	2.8076e+02	1.4131e+03	6.6393e+02	-2.0546e+02	-8.2969e+02	-3.0702e+02	1.1941e+03	1.2482e+03	-2.0295e+02	-1.2275e+03	5.7376e+01	-4.8144e+02	-1.7278e+03	4.6711e+02	5.7671e+02	4.5737e+02	-4.3782e+02
8.0000e+04	-5.9410e+01	-1.3188e+03	8.6070e+02	8.6855e+02	7.0059e+02	-3.3102e+02	1.6604e+03	-1.2613e+03	2.6913e+02	-2.3992e+03	3.1373e+02	-1.2847e+03	-5.7168e+02	-8.4650e+02	7.3112e+02	1.4578e+02	-4.5950e+02	4.1579e+02	-6.0031e+02	6.7192e+02	8.2491e+02	-8.7701e+02	-4.1850e+02	-8.4261e+02	3.4948e+02	-2.0074e+02	3.5866e+02	-4.4427e+02	1.5426e+03	7.0535e+02	8.4662e+01	-4.1908e+02	2.1575e+02	2.6037e+02	-9.7870e+02	-1.3968e+02	-6.1432e+02	4.8222e+01	9.4290e+02	7.0876e+02	-4.8315e+02	2.0030e+02	1.4632e+02	-3.0143e+01	-4.5056e+02	5.6426e+02	-2.1222e+02	-1.7315e+02	8.7401e+02	8.5321e+02	-6.5015e+02	5.3904e+02	-5.7626e+02	-2.8735e+02	-3.7481e+02	-3.7006e+02	5.1561e+02	3.8172e+02	1.5336e+03	4.9584e+01	-8.2892e+02	1.9322e+02	1.2262e+03	-3.8520e+02	-3.0868e+02	-6.1513e+02	2.3481e+02	-7.2515e+02	4.4318e+01	-1.6721e+03	-8.6825e+02	-6.4142e+02	-1.0615e+03	1.2950e+02	-5.7357e+01	-5.7777e+02	-8.8638e+02	4.2589e+02	-3.2158e+02	-4.2219e+02	-6.6725e+01	-8.1348e+02	-9.1150e+02	-3.6920e+02	7.5326e+02	4.2440e+01	-5.8037e+02	-3.4382e+02	-2.4120e+02	7.2882e+02	-3.0881e+02	5.8350e+02	-1.4985e+02	-1.3972e+03	-3.0006e+02	1.1617e+03	-5.2582e+01	-5.3054e+02	-9.9218e+02	2.6631e+02	-4.3146e+02	1.0873e+03	1.3733e+02	6.8198e+02	3.5921e+02	3.1101e+02	-2.7981e+02	-1.6148e+03	-3.7353e+02	-2.0906e+02	3.5066e+02	2.8021e+02	-3.0796e+02	4.3873e+02	-9.8817e+02	4.8961e+01	-2.9156e+02	-8.5044e+02	9.8441e+02	-3.2063e+02	5.8711e+02	5.7902e+02	-4.1941e+02	-9.7458e+02	-2.6050e+02	-1.3682e+03	1.7925e+01	3.7280e+02	-4.6978e+02	4.2711e+02	-8.1659e+02	1.9404e+02	-4.2879e+02	-6.5974e+02	-2.3570e+01	1.0909e+02	6.5316e+02	4.2106e+02	3.1938e+02	-1.6867e+03	8.3397e+02	3.0241e+01	1.6956e+02	5.2794e+02	1.1963e+03	-8.5667e+02	-1.2799e+02	-1.4255e+03	-2.7177e+02	-8.1614e+02	-4.7780e+02	-9.7579e+02	4.3404e+02	-4.2482e+02	-1.3134e+03	-3.1296e+02	-6.5061e+02	-5.3748e+01	2.8002e+02	1.1883e+02	-1.4568e+02	-2.0209e+02	8.6608e+02	-4.6659e+02	8.3363e+02	5.5067e+02	-1.7451e+03	3.0619e+01	5.5871e+02	4.6207e+02	-1.2756e+03	-6.0630e+02	1.4434e+03	-4.7005e+02	1.8156e+01	2.7604e+02	-1.3183e+02	6.4458e+02	4.0002e+02	-2.2137e+02	-1.7465e+03	-9.2291e+02	-5.6747e+02	-1.5048e+03	-1.4734e+03	2.3938e+01	7.8589e+02	-1.0224e+03	3.7475e+02	3.6676e+02	6.3482e+02	7.2970e+02	-1.1934e+03	-1.2868e+03	2.1946e+01	-1.9331e+02	1.1060e+03	-5.9895e+02	-1.5163e+03	-1.1632e+02
8.0000e+04	-1.9976e+03	-3.5749e+02	-2.2670e+02	9.9646e+02	2.8949e+02	8.4216e+02	-5.9863e+02	-9.5006e+02	1.3709e+03	8.5083e+02	8.0020e+02	6.1061e+02	-5.5973e+02	5.7492e+02	-2.9431e+03	-4.4852e+02	4.2248e+02	-5.3674e+02	-1.1116e+03	4.4240e+02	7.5825e+02	-5.2026e+02	-1.8496e+03	6.4304e+02	-2.0670e+02	-3.3778e+00	-7.7834e+02	9.9310e+02	-4.6396e+01	-2.0208e+03	-8.9072e+02	-7.6214e+01	6.7618e+02	-2.3502e+03	1.1266e+03	-9.6460e+02	2.5715e+01	3.0523e+03	7.8080e+01	8.3219e+02	1.4310e+03	-3.2227e+02	4.6214e+02	2.9106e+02	6.3672e+02	1.6418e+01	7.0999e+02	-1.5533e+03	-6.2286e+02	-7.1813e+02	-1.1283e+02	-1.2122e+03	8.5402e+02	-1.8683e+03	1.0341e+03	-4.4786e+02	-5.6634e+02	5.3913e+02	-9.7729e+02	-1.4765e+03	-8.3959e+02	2.5246e+02	-1.2617e+03	-8.8614e+01	1.1593e+02	3.7161e+02	1.4462e+03	1.6475e+03	-4.1991e+02	8.1583e+02	3.0619e+02	1.1340e+03	-1.0000e+03	-1.6041e+03	-2.2638e+02	1.9138e+03	1.7850e+03	-5.7180e+02	-6.6533e+02	1.5378e+03	2.0042e+03	1.6959e+03	-2.3459e+02	1.5110e+03	2.7408e+01	7.6036e+02	6.4925e+02	-1.1199e+03	8.7502e+02	-3.7944e+02	-3.0044e+02	1.0463e+03	-9.4754e+02	-8.1423e+02	-1.2243e+03	2.2423e+03	-2.1389e+03	-2.2194e+03	3.1084e+02	-1.2626e+03	8.9886e+00	-1.6437e+02	1.2550e+03	-4.6052e+02	5.2240e+02	5.8894e+02	-5.8850e+02	-5.0184e+02	-8.7912e+02	-3.3100e+02	-2.5341e+02	-2.2484e+03	2.0023e+03	2.4309e+03	-6.0335e+01	-8.9869e+01	8.8303e+02	1.5085e+03	-4.2056e+02	5.6854e+02	3.8503e+02	-7.0352e+02	2.3358e+03	-1.3386e+03	1.0151e+03	5.3505e+02	-3.1553e+03	4.9421e+02	7.8099e+02	1.5787e+03	-7.8886e+02	3.3958e+02	-6.0244e+02	8.2827e+02	2.3363e+02	-7.4950e+02	-6.7918e+02	-4.3230e+02	7.7297e+02	7.7819e+02	-2.0076e+01	4.7459e+02	-2.5899e+03	-1.5603e+02	-1.4064e+03	-8.3356e+02	7.0230e+02	-1.1403e+03	-9.0402e+02	8.3787e+02	-1.8700e+03	5.4560e+01	-8.1002e+02	2.1262e+03	1.0217e+03	1.3242e+03	-3.2432e+02	6.7491e+02	-1.7778e+03	6.9257e+02	-1.5530e+03	7.3976e+02	2.2860e+02	5.4060e+02	-8.7395e+02	-7.1502e+02	-7.4909e+02	1.4336e+03	8.1236e+02	-9.6754e+02	1.5686e+03	2.3579e+03	1.6823e+03	2.0369e+02	-8.2783e+02	3.9603e+02	9.5354e+02	-1.5387e+01	-1.8744e+02	6.8504e+02	2.4295e+03	8.3014e+01	2.4183e+03	4.3087e+02	5.4093e+02	5.1760e+02	-9.5015e+02	-3.6801e+02	-7.9125e+02	1.3502e+03	1.6663e+03	8.6013e+01	-1.4290e+03	7.8064e+02	3.8789e+02	-2.2936e+03	-1.4056e+02	8.5065e+02	5.6994e+02	-2.2552e+02
1.0000e+05	1.8410e+02	-1.1615e+03	-1.0301e+02	8.1740e+02	-1.4485e+02	-2.3990e+02	1.6278e+03	-2.1232e+03	2.0501e+02	-2.5027e+03	-2.2378e+02	-1.4457e+03	-1.9297e+02	-8.3731e+02	7.7637e+02	3.7697e+02	-6.6208e+02	6.2266e+02	-1.4599e+03	9.9228e+02	9.4565e+02	-4.6883e+02	-4.6797e+02	2.7106e+02	-5.8758e+02	4.5216e+01	4.4881e+02	-6.9711e+02	1.8577e+03	8.2348e+02	2.8914e+02	-7.8031e+02	1.5155e+02	-5.1666e+01	-1.2410e+03	-1.8419e+02	-3.8446e+02	1.7664e+02	8.3596e+02	3.6485e+02	-4.2477e+02	-1.5811e+02	8.0675e+01	-7.8398e+01	-4.9597e+02	6.6337e+02	-2.5341e+02	-8.3590e+02	1.4950e+03	6.2086e+02	-9.0359e+02	5.2525e+02	-3.6854e+02	4.9014e+01	-3.3307e+02	-6.0104e+01	5.2590e+02	-1.5601e+01	1.3895e+03	1.5211e+02	-7.3001e+02	3.2046e+02	1.0604e+03	-5.1523e+02	-5.4182e+02	-7.5517e+02	3.9517e+02	-5.1681e+02	-1.9582e+02	-1.6682e+03	-6.5231e+02	-7.8349e+02	-1.2052e+03	9.2304e+01	-3.6861e+02	-2.5370e+02	-5.9480e+02	3.3911e+02	1.5144e+02	3.7039e+01	-3.4732e+02	-8.3875e+02	-7.2993e+02	-5.6283e+01	7.9079e+02	2.5650e+02	-3.4973e+02	-1.8322e+02	-2.6411e+02	8.5629e+02	6.0686e+02	7.7664e+02	-2.8386e+02	-1.0585e+03	-8.0300e+02	9.8627e+02	-5.0911e+02	-4.4779e+01	-8.6563e+02	2.5207e+01	-4.9949e+02	7.3343e+02	6.3026e+02	6.0990e+02	4.9829e+02	-3.3255e+02	9.4522e+01	-1.5450e+03	-5.0374e+02	-9.5492e+02	7.5415e+02	4.0856e+02	-1.3761e+02	1.2023e+03	-7.4319e+02	6.4782e+02	4.7218e+00	-9.8971e+02	3.6867e+02	-8.1171e+02	4.2663e+02	5.8491e+02	-4.8212e+02	-1.2685e+03	-7.7244e+02	-1.1870e+03	-1.1394e+02	2.8629e+02	-7.3035e+02	7.0989e+02	-1.2601e+03	6.0595e+02	-1.2185e+03	-1.0371e+03	-1.7580e+01	-2.1752e+01	1.3786e+03	3.8453e+01	8.2371e+02	-1.6561e+03	2.4080e+02	4.1423e+02	2.3237e+02	1.1168e+03	1.0122e+03	-8.7179e+02	-4.9912e+02	-9.3350e+02	-5.9738e+02	-7.7051e+02	-7.8056e+02	-6.2332e+02	-4.7673e+01	-9.6991e+02	-1.3515e+03	-4.6200e+02	-8.1025e+02	-2.1571e+02	3.8878e+02	5.2662e+02	-4.7398e+02	-4.4645e+02	1.0755e+03	-8.2604e+02	5.6079e+02	-6.3843e+01	-1.5405e+03	1.4611e+02	5.6843e+02	1.6045e+02	-9.9390e+02	-1.1745e+03	1.4938e+03	-5.2400e+02	1.1765e+00	1.2835e+02	-2.1043e+02	8.2601e+02	8.5862e+01	-2.3697e+02	-1.1607e+03	-1.9498e+03	-8.7488e+02	-1.3215e+03	-1.2667e+03	-7.9268e+01	8.6534e+02	-1.1437e+03	6.6893e+02	5.3065e+02	4.3842e+02	5.4451e+02	-1.5901e+03	-1.3761e+03	3.0183e+02	-3.6603e+02	1.1473e+03	-7.8846e+01	-1.5637e+03	2.0945e+02
1.0000e+05	-2.3289e+03	-7.3614e+02	-7.1910e+02	7.9656e+02	5.9438e+02	1.7540e+02	-1.3543e+03	-1.2492e+03	1.9570e+03	9.7853e+02	1.0538e+03	5.4567e+02	-4.0653e+02	1.3471e+03	-3.1664e+03	-6.7872e+02	4.8883e+02	1.8916e+02	-2.5657e+02	-2.0647e+02	2.8937e+01	6.4272e+02	-2.1295e+03	2.5055e+02	-3.6133e+02	4.0653e+02	8.5977e+01	9.2648e+02	-3.2268e+02	-2.7167e+03	-1.0175e+03	-3.5520e+02	1.1058e+02	-2.0020e+03	1.0417e+03	-6.7535e+02	2.8233e+01	3.0526e+03	-6.3265e+02	1.6769e+01	2.0566e+03	-9.5541e+02	6.0248e+02	-3.8888e+02	1.3794e+03	-5.8239e+01	3.2466e+02	-2.0232e+03	-2.2301e+02	4.1647e+02	7.6848e+02	-2.0782e+03	1.2392e+03	-1.3159e+03	1.1604e+03	-1.0550e+03	-4.0039e+01	1.1927e+03	-1.1874e+02	2.3420e+02	-5.5943e+01	-1.3939e+02	-9.6647e+02	1.3599e+03	-4.9286e+02	-2.3522e+02	1.3168e+03	2.0810e+03	1.9111e+02	9.0721e+02	5.1247e+02	9.4791e+02	-1.6033e+03	-6.0239e+02	1.3234e+02	1.5532e+03	1.4224e+03	-1.1984e+03	-4.0061e+02	2.9169e+03	2.8284e+03	1.6962e+03	-4.8276e+02	2.4630e+03	-5.8725e+02	1.6507e+03	1.1982e+03	-1.4370e+03	1.6808e+03	-4.3890e+02	-2.7953e+02	1.0002e+03	-1.5836e+03	-1.5964e+02	-2.7303e+03	2.7087e+03	-1.4392e+03	-2.7017e+03	-1.2998e+02	-1.1874e+03	-9.4848e+02	7.3125e+02	2.1942e+03	9.2427e+01	8.5448e+02	1.2701e+03	-3.3875e+02	-2.6272e+02	-2.0060e+02	-7.6408e+02	-4.3330e+02	-4.0552e+03	2.8589e+03	2.5397e+03	1.6395e+02	-5.5670e+02	1.0862e+03	1.3345e+03	-2.6432e+02	7.5466e+02	9.0514e+02	-2.7951e+02	3.6708e+03	-1.8829e+03	1.0648e+03	5.0064e+02	-2.6171e+03	-1.0752e+02	7.3280e+02	8.9387e+02	-1.3794e+02	1.8926e+02	-9.5566e+02	1.0612e+03	-1.6157e+02	-8.9837e+02	-4.0522e+02	-2.5644e+02	1.3057e+03	7.4632e+02	4.0217e+02	5.5425e+02	-2.7545e+03	-8.8155e+02	-1.1045e+03	-1.3060e+03	8.5897e+02	-1.5063e+03	-7.9911e+02	5.6555e+02	-4.8136e+02	4.1406e+01	-9.1595e+02	2.1145e+03	1.9694e+03	1.8826e+03	-5.8460e+02	6.4863e+02	-7.5235e+02	1.1596e+03	-1.0111e+03	5.7605e+02	2.3603e+02	6.6525e+02	2.8084e+02	-1.8019e+03	-7.7525e+02	1.8576e+03	9.6484e+01	-1.1754e+03	7.1464e+02	2.8502e+03	1.9939e+03	5.7764e+02	-1.7104e+03	1.5745e+03	6.9938e+02	-2.4763e+02	-1.7057e+02	1.4543e+03	3.0570e+03	-4.4505e+02	2.7054e+03	5.1901e+02	1.8008e+03	3.3606e+02	7.6898e+02	-5.7891e+02	-1.0931e+03	1.9087e+03	1.9685e+03	-2.4186e+01	-1.8474e+03	1.6558e+03	9.3558e+02	-1.8172e+03	5.3287e+02	3.5742e+01	1.1838e+03	4.2971e+02
1.2000e+05	-1.9868e+01	-1.1171e+03	2.6705e+02	1.1889e+03	-3.0789e+02	-2.5834e+02	2.0382e+03	-2.5269e+03	2.7257e+02	-2.4895e+03	-4.5220e+02	-1.7140e+03	-6.6393e+02	-6.5267e+02	5.7066e+02	1.0986e+03	-6.4266e+02	4.3882e+02	-1.0904e+03	8.7639e+02	1.0721e+03	-2.3252e+02	-4.9793e+02	6.7328e+01	-9.3269e+02	1.4560e+02	4.0431e+02	-1.1418e+03	1.6957e+03	1.2458e+03	8.5508e+01	-1.2805e+03	-9.1165e+01	1.7448e+01	-1.1943e+03	3.8377e+01	-5.4993e+02	5.3134e+01	9.8962e+02	6.9778e+02	-4.5348e+02	-3.6931e+00	1.5403e+02	8.8704e+00	-2.6613e+02	2.6023e+02	-1.0103e+02	-8.0658e+01	1.5672e+03	4.7592e+02	-4.6628e+02	2.7398e+02	-1.0181e+03	4.1038e+01	-1.0340e+03	-2.9712e+02	2.8322e+02	-3.6057e+02	1.4734e+03	1.8427e+01	-7.3839e+02	3.2181e+02	8.4866e+02	-9.5877e+01	-2.8713e+02	-1.1749e+03	1.2542e+02	-2.6053e+02	2.4279e+02	-1.7139e+03	-1.0804e+03	-8.6625e+02	-1.9865e+03	9.3020e+01	-8.0753e+02	-3.5897e+02	-5.6177e+02	2.5473e+02	4.8250e+02	-3.8403e+02	-4.1297e+02	-8.3852e+02	-1.2802e+03	-2.1372e+02	5.6545e+02	-5.5898e+01	2.2497e+02	-1.2658e+02	-4.8066e+02	2.2212e+02	1.0554e+02	1.0776e+03	-1.7538e+02	-1.2729e+03	-9.8246e+02	6.6860e+02	-1.1136e+01	-5.1204e+02	-6.5685e+02	-1.4169e+01	-3.0399e+02	5.1100e+02	6.3374e+02	1.2576e+03	3.5549e+02	-7.0501e+02	6.8820e+02	-1.1714e+03	-9.3655e+02	-1.1392e+03	6.3871e+02	4.7597e+01	-8.5975e+00	1.6294e+03	-9.2470e+02	5.1193e+02	9.5774e+01	-1.2083e+03	8.0914e+01	-2.9177e+02	5.2141e+02	4.5888e+02	-3.2727e+02	-1.6575e+03	-1.6905e+02	-8.0623e+02	5.1684e+02	-1.5127e+02	-7.1471e+02	1.0529e+03	-8.0199e+02	3.6351e+02	-8.2421e+02	-1.0460e+03	-2.7303e+02	-1.4804e+02	5.9044e+02	-5.7218e+02	1.5433e+03	-1.4509e+03	6.4083e+02	6.7692e+02	7.0239e+02	1.1944e+03	8.6787e+02	-2.8274e+02	-2.7890e+02	-8.8468e+02	-1.2930e+02	-1.2013e+03	-6.4987e+02	-2.0004e+01	-1.6807e+02	-1.1889e+03	-1.2210e+03	-9.1985e+02	-1.3810e+03	3.2129e+02	3.2544e+02	1.0105e+03	-5.7446e+02	-3.5098e+02	1.4263e+03	-9.9456e+02	2.6555e+02	-2.6146e+02	-1.0298e+03	-1.2158e+02	7.4113e+02	-1.5211e+02	-9.6080e+02	-8.2953e+02	2.0147e+03	-1.2111e+03	1.4759e+02	-2.3396e+02	-1.9702e+02	1.0869e+03	4.6686e+02	-4.0326e+02	-1.4412e+03	-2.1051e+03	-1.2856e+02	-1.9962e+03	-1.3066e+03	-7.1121e+02	5.4385e+02	-1.3455e+03	1.0850e+03	1.0732e+03	2.5284e+02	4.2077e+02	-1.4293e+03	-9.2279e+02	4.6717e+02	-6.2160e+02	6.7741e+02	1.8308e+02	-1.6722e+03	2.7711e+02
1.2000e+05	-1.8046e+03	-3.4829e+02	-2.4322e+03	7.2417e+02	1.2112e+03	-6.9817e+02	-1.0828e+03	5.0757e+02	1.5274e+03	2.0444e+03	1.0149e+03	6.4269e+02	-9.9727e+01	2.4432e+03	-2.8768e+03	-2.7598e+02	8.3241e+02	-3.6026e+02	-3.9465e+02	-2.6209e+02	-4.9310e+02	-7.2108e+01	-1.5106e+03	4.9905e+02	-9.4729e+02	9.2809e+02	-2.2253e+01	9.9103e+02	-6.5082e+02	-3.8177e+03	-8.2748e+02	-9.7677e+02	-9.3736e+01	-2.9054e+03	1.0977e+03	6.6686e+02	5.3673e+01	3.0852e+03	-1.1986e+03	4.7940e+02	1.1539e+03	-1.2106e+03	3.0542e+02	-2.7739e+02	4.2922e+02	-1.8918e+02	7.3278e+02	-2.0426e+03	-3.7775e+02	9.7829e+02	6.7343e+02	-2.5287e+03	1.0422e+03	-6.5963e+02	4.3915e+02	-2.4606e+02	-9.3996e+02	1.1853e+03	-8.8570e+02	-5.8234e+02	-5.4700e+02	-5.0829e+02	-1.1294e+03	1.1420e+03	-6.5365e+02	-9.7353e+02	7.3813e+02	3.1118e+03	1.1239e+03	1.0235e+03	-3.1753e+02	2.2942e+02	-2.2182e+03	-6.5807e+02	2.6268e+02	5.8902e+02	1.4688e+03	-1.8169e+03	-9.3547e+02	3.0115e+03	3.0490e+03	1.1589e+03	-7.5444e+02	2.9916e+03	-3.5425e+02	1.6948e+03	1.1826e+03	-1.8980e+03	1.1976e+03	2.0197e+02	-8.8829e+02	6.1575e+02	-9.9072e+02	-3.0708e+02	-3.8635e+03	2.1992e+03	-6.8971e+02	-3.2472e+03	-9.9297e+02	-1.8744e+03	-1.4996e+03	1.3110e+03	2.1438e+03	1.6583e+01	5.5207e+02	1.0688e+03	-1.1976e+03	-1.1908e+02	-4.4625e+02	-7.5780e+02	-9.1174e+01	-4.8089e+03	3.4143e+03	2.0166e+03	7.1858e+02	1.6214e+02	1.2268e+03	1.6232e+03	-1.4672e+03	6.3209e+02	1.7550e+03	-3.7619e+02	4.5565e+03	-2.1150e+03	1.3742e+03	2.2655e+02	-3.5735e+03	3.9112e+01	3.0010e+02	9.3159e+02	-8.5129e+02	-2.6472e+02	-7.8585e+02	1.5923e+03	5.6734e+02	-7.1054e+02	3.1429e+02	-4.1100e+02	7.7071e+02	1.4169e+02	9.9267e+02	7.2033e+02	-2.2416e+03	-1.4532e+03	-1.2165e+03	-1.8319e+03	4.9319e+02	-1.9949e+03	8.2446e+01	9.8052e+02	-5.4574e+02	1.3403e+02	-1.5825e+03	2.1951e+03	2.5814e+03	1.1018e+03	-2.5789e+02	4.5799e+02	-1.0106e+03	1.8884e+03	-7.7292e+02	8.5232e+02	1.7577e+02	1.6995e+03	-2.9352e+02	-1.9470e+03	-1.0833e+03	1.2672e+03	-8.4284e+02	-1.6490e+03	6.2125e+02	3.0318e+03	2.4340e+03	-9.1360e+01	-1.5421e+03	1.6212e+03	4.3956e+02	3.6215e+02	-1.6049e+02	1.0189e+03	3.4363e+03	-1.3622e+03	2.3964e+03	2.1008e+02	2.0679e+03	4.8576e+02	6.4294e+02	-1.3057e+03	4.3939e+01	1.4202e+03	1.8669e+03	-1.9802e+02	-1.2353e+03	1.2000e+03	1.3398e+03	-2.6787e+03	1.2957e+03	-2.1147e+02	1.7640e+03	3.3777e+02
1.4000e+05	-5.0946e+02	-1.0635e+03	-3.1623e+02	1.0497e+03	-4.2262e+02	-7.6823e+01	2.4239e+03	-2.3931e+03	4.0883e+02	-2.6189e+03	-8.3337e+02	-1.5628e+03	-8.7375e+02	-8.8979e+02	9.4814e+02	6.8734e+02	-1.1052e+03	9.0814e+02	-6.0460e+02	1.1864e+03	1.2553e+03	-1.0364e+02	-5.9931e+02	-1.4999e+02	-8.0869e+02	5.5597e+02	5.7705e+02	-1.5297e+03	7.3702e+02	1.2047e+03	1.6856e+02	-1.3826e+03	-4.2017e+02	-1.0243e+02	-1.6629e+03	5.6800e+02	-3.9062e+02	-6.1086e+01	3.8489e+02	2.1079e+02	-4.1062e+02	6.2367e+02	2.7102e+02	-7.3182e+02	-3.6531e+02	-3.9330e+02	5.3439e+02	6.4945e+02	1.9466e+03	7.3981e+01	-8.3205e+02	4.9577e+02	-8.7202e+02	9.4690e+00	-1.0943e+03	-2.5798e+02	3.1285e+02	1.1920e+02	1.3987e+03	1.4177e+02	-5.5819e+02	-9.5971e+01	7.7503e+02	4.0727e+02	-8.0306e+01	-1.1348e+03	1.6447e+02	-3.0459e+00	9.5060e+01	-1.4936e+03	-1.0598e+03	-1.3401e+03	-1.7053e+03	-5.2401e+01	-6.1728e+02	-1.0202e+02	-6.6951e+02	2.7781e+02	4.4415e+02	-9.8286e+01	-2.6793e+02	-1.0305e+03	-1.5484e+03	-1.2090e+02	1.0712e+03	-3.3358e+02	3.5307e+02	-9.5823e+01	-7.9151e+02	-5.8865e+02	2.6287e+02	1.5524e+03	-3.3606e+02	-1.2055e+03	-1.5816e+03	8.3976e+02	5.3373e+01	-5.5744e+02	-6.8910e+02	6.8564e+02	-8.9953e+02	4.8412e+02	6.9936e+02	1.6544e+03	3.5152e+02	-4.7980e+02	8.2495e+02	-1.2944e+03	-1.2909e+03	-1.2498e+03	9.1140e+02	3.5706e+02	4.3485e+02	1.3375e+03	-1.3345e+03	-3.2599e+00	-2.3272e+02	-3.9940e+02	-3.3394e+02	-3.4437e+02	6.2583e+02	3.9914e+02	-9.8814e+01	-1.5164e+03	7.6467e+01	-7.1158e+02	3.7049e+02	-2.0536e+02	-1.1228e+03	8.9016e+01	-1.1516e+03	2.2017e+02	-2.8489e+02	-1.5011e+03	-4.4417e+02	-3.4280e+02	5.9095e+02	-1.1971e+03	1.9660e+03	-1.3042e+03	3.5431e+02	1.1197e+03	5.0222e+02	1.4061e+03	9.9826e+02	-4.7405e+02	4.1306e+02	-1.3485e+03	-4.9505e+02	-9.1695e+02	-6.5771e+02	-1.8804e+02	-2.9045e+02	-1.2606e+03	-6.9892e+02	-9.6069e+02	-9.6071e+02	5.4892e+02	4.0913e+02	1.2057e+03	-4.9080e+02	-1.7680e+01	1.6357e+03	-8.8943e+02	8.9882e+01	-6.3468e+01	-6.5067e+02	6.5105e+01	8.4702e+02	3.8608e+02	-8.3464e+02	-5.5217e+02	2.1984e+03	-1.0643e+03	1.7130e+01	1.3400e+01	4.9059e+01	1.2402e+03	6.8892e+02	-2.8236e+02	-1.2322e+03	-2.1029e+03	-8.2686e+02	-2.6508e+03	-1.4117e+03	-3.6625e+02	7.0873e+02	-1.3494e+03	8.9644e+02	1.4869e+03	5.5794e+01	6.2374e+02	-1.8238e+03	-1.0988e+03	6.5119e+02	-5.7013e+02	3.2255e+02	5.8610e+02	-1.8017e+03	-3.2200e+02
1.4000e+05	-1.2351e+03	-1.2411e+03	-1.7608e+03	7.8974e+02	-3.9641e+02	-1.8506e+03	-1.2100e+03	3.5373e+02	2.5631e+03	2.4489e+03	5.1003e+02	1.4471e+03	-8.8035e+02	1.6262e+03	-2.3289e+03	-3.3304e+02	1.3336e+03	4.5745e+02	1.0537e+03	-6.9554e+02	-2.3141e+02	-4.1272e+02	-1.1662e+03	6.8699e+02	-2.4114e+02	1.9194e+03	1.8675e+02	1.5279e+03	1.6756e+02	-3.0887e+03	-1.1672e+03	-8.8136e+02	7.5073e+02	-2.8378e+03	1.6009e+03	6.3020e+02	3.5021e+02	3.0225e+03	-1.1629e+03	1.1402e+03	1.7910e+03	-7.2729e+02	-2.3262e+02	-9.9162e+01	4.7528e+02	-1.0983e+02	1.9510e+03	-1.3338e+03	-1.0676e+03	1.0310e+03	1.6489e+02	-2.8277e+03	1.0697e+02	-1.9234e+03	9.4433e+02	2.3121e+02	-1.3291e+03	1.1106e+03	-3.6443e+02	-1.1846e+02	-8.4814e+02	-3.7222e+02	-1.5233e+03	1.2641e+02	2.4126e+02	-1.5159e+03	7.4666e+02	3.7480e+03	1.1517e+03	6.0072e+02	4.1398e+02	-7.9164e+02	-2.5578e+03	4.1040e+02	6.2485e+02	9.5936e+02	1.8780e+03	-1.5524e+03	-1.6873e+03	3.7775e+03	3.4097e+03	5.4764e+02	-1.1437e+02	2.5785e+03	-6.0598e+02	1.3572e+03	1.9355e+03	-2.4045e+03	6.3653e+02	-1.6195e+02	-2.6550e+03	-2.7158e+01	-4.6354e+02	-1.1941e+03	-4.0239e+03	2.6682e+03	-1.3329e+03	-2.9942e+03	-8.1054e+02	-1.5578e+03	-2.4746e+03	1.2449e+03	2.9081e+03	3.8105e+02	5.7377e+02	1.3216e+02	-2.4763e+03	-8.4221e+02	-1.2084e+03	-1.0666e+03	-2.1534e+02	-4.8426e+03	3.7991e+03	2.6272e+03	-1.8089e+02	3.3058e+02	8.2430e+02	7.9196e+02	-9.2225e+02	3.7273e+02	1.5765e+03	-1.7095e+02	4.4818e+03	-1.9977e+03	2.3244e+03	-9.0349e+02	-3.1141e+03	9.7006e+02	-4.3443e+02	8.6775e+02	-1.2671e+03	-4.8002e+02	-4.8416e+02	1.5535e+03	9.0350e+02	-1.0922e+03	2.8802e+01	3.0987e+02	7.6718e+02	-2.4159e+02	1.1865e+03	-4.2731e+02	-2.1072e+03	-1.9205e+03	-7.8948e+02	-1.7499e+03	1.0106e+03	-2.9061e+03	-2.2320e+02	1.1070e+02	6.3519e+01	1.0384e+03	-2.3872e+03	2.4820e+03	3.2284e+03	1.6977e+03	9.1755e+02	4.7910e+02	-1.0722e+03	1.9916e+03	-4.6165e+02	2.3135e+03	-9.3335e+02	1.7140e+03	-1.7260e+03	-2.7728e+03	-1.3321e+03	2.3308e+03	-1.0726e+03	-1.5958e+03	1.1067e+03	3.3291e+03	2.0391e+03	-5.6558e+02	-1.7290e+03	1.5181e+03	4.7902e+02	4.7107e+02	-4.6033e+00	7.8138e+02	3.3818e+03	-1.6007e+03	2.9111e+03	2.7531e+02	1.8184e+03	1.8140e+03	1.1231e+03	-1.5294e+03	-8.5228e+02	1.4545e+03	1.7458e+03	-8.5721e+02	-8.3089e+02	1.3077e+03	8.1112e+02	-1.2983e+03	1.0174e+03	-1.0487e+01	1.1950e+03	6.9607e+02
1.6000e+05	-1.0726e+03	-1.1164e+03	-3.7224e+02	7.2910e+02	-5.1562e+01	5.9478e+02	2.6266e+03	-2.0184e+03	-4.0376e+02	-2.1566e+03	-1.6104e+03	-9.2878e+02	-1.0852e+03	-1.3461e+03	8.2991e+02	4.3085e+02	-1.5206e+03	2.1080e+01	-3.0950e+02	8.5355e+02	1.0911e+03	-2.2348e+01	-3.8025e+02	-9.8726e+01	-5.9493e+02	6.7894e+02	7.8613e+02	-1.7143e+03	8.6764e+02	1.7093e+03	-1.0001e+02	-1.0196e+03	3.6882e+01	2.8700e+02	-2.0595e+03	6.3614e+02	3.3849e+02	-1.2233e+02	2.3054e+02	4.8730e+01	-3.5865e+02	4.0793e+02	6.9974e+02	-1.2752e+03	-2.0547e+02	-9.8281e+02	6.5315e+02	6.3002e+02	1.9235e+03	5.0697e+02	-3.5138e+02	2.3312e+01	-9.1382e+02	7.6263e+02	-1.0160e+03	-8.8395e+02	8.2417e+02	8.4679e+02	1.0860e+03	5.8408e+01	-5.0580e+02	-2.1632e+02	1.0981e+03	-1.0678e+02	-2.1857e+02	-1.1043e+03	3.3013e+02	-1.2287e+02	2.3271e+02	-1.9560e+03	-1.6688e+03	-1.3279e+03	-1.7987e+03	3.5243e+02	2.5766e+01	-6.7750e+01	-3.1502e+02	6.6980e+02	6.3599e+02	3.9332e+01	-5.7533e+02	-1.0432e+03	-1.1478e+03	4.8520e+01	1.1334e+03	-1.0928e+03	1.3348e+02	-2.6384e+02	-4.5235e+02	-4.5879e+02	6.0970e+02	2.0650e+03	-7.5278e+02	-1.4269e+03	-1.4233e+03	1.0872e+03	2.6160e+02	-3.4612e+02	-5.1916e+02	1.1543e+03	-5.1240e+02	3.0734e+02	3.9765e+02	1.6860e+03	3.5828e+02	-5.1489e+02	3.2381e+02	-1.3642e+03	-1.1255e+03	-1.0669e+03	9.7588e+02	6.2780e+02	5.0018e+02	1.7730e+03	-1.4774e+03	4.7594e+02	-3.6507e+02	-7.4441e+01	-9.0021e+02	-5.2402e+02	2.2132e+02	5.3203e+02	3.1415e+02	-1.3220e+03	-3.0603e+02	-5.4377e+02	5.8225e+02	-8.1667e+01	-9.3226e+02	-2.9704e+01	-1.0734e+03	6.5644e+02	4.2561e+02	-1.5954e+03	-9.3827e+02	2.1103e+02	3.1490e+02	-6.0477e+02	2.1176e+03	-1.4781e+03	9.0168e+02	2.2958e+03	3.5234e+02	1.5318e+03	1.0376e+03	-2.3640e+02	1.9130e+02	-1.5295e+03	-6.9456e+02	-8.9397e+02	-6.9329e+02	9.4082e+01	-1.1788e+01	-1.2905e+03	-3.3715e+02	-7.9191e+02	-8.5100e+02	6.1783e+02	5.8312e+02	1.0266e+03	-1.4124e+02	-4.0785e+02	2.3843e+03	-9.0850e+02	3.8675e+02	-9.1133e+01	-1.9535e+02	-2.5104e+02	1.2308e+02	-1.3801e+02	-6.3851e+02	-3.6786e+02	1.3526e+03	-1.2393e+03	3.3052e+02	3.2803e+02	-3.9504e+02	1.0690e+03	6.1382e+02	-4.1292e+02	-1.5453e+03	-1.6072e+03	-1.0624e+03	-2.9606e+03	-6.7406e+02	-4.9415e+02	9.3765e+02	-1.7683e+03	8.1128e+02	1.2057e+03	4.1938e+02	8.5872e+01	-1.5689e+03	-1.1966e+03	8.2940e+02	-8.3215e+02	1.0227e+03	7.7812e+02	-1.9015e+03	-4.3282e+02
1.6000e+05	-1.2778e+03	-2.1837e+03	-9.9843e+02	1.9097e+03	-1.0397e+03	-1.9992e+03	-7.0646e+02	1.8748e+01	1.9196e+03	2.9008e+03	3.9148e+02	1.5079e+03	-1.0123e+03	1.6917e+03	-2.9394e+03	-1.9632e+03	1.2908e+03	7.6872e+02	1.7810e+03	1.4787e+02	-1.5367e+02	-3.1523e+02	-7.1671e+02	7.6147e+02	3.7024e+02	2.1273e+03	-9.1133e+01	1.5531e+03	4.6738e+02	-2.5824e+03	-1.6714e+03	-8.0389e+02	1.5568e+03	-2.4481e+03	1.1370e+03	6.2805e+02	-4.6039e+02	3.4859e+03	-1.5406e+03	2.5115e+03	1.3112e+03	-5.7889e+02	-1.5915e+01	-2.7945e+02	-4.7636e+02	-1.3254e+02	2.2087e+03	-1.5610e+03	-7.7785e+02	2.2779e+03	2.6027e+02	-2.6740e+03	-3.4266e+02	-2.1143e+03	1.0760e+03	1.9793e+02	-1.7222e+03	1.2407e+03	2.0902e+02	-2.2028e+02	-1.0426e+03	1.7439e+02	-1.1058e+03	1.1370e+02	7.8660e+01	-2.6063e+03	1.8628e+03	4.3141e+03	6.3909e+02	3.0595e+02	-1.6626e+02	-1.4278e+03	-2.7773e+03	4.3748e+02	4.6241e+02	8.2852e+02	2.2379e+03	-1.9919e+03	-2.3640e+03	3.0047e+03	2.9937e+03	4.5264e+01	-2.6362e+02	2.9413e+03	-4.2431e+02	1.5604e+03	2.9335e+03	-2.3800e+03	-5.0875e+02	9.0767e+01	-2.9911e+03	-1.8942e+01	-1.1080e+03	-4.7364e+02	-3.5399e+03	3.1719e+03	-1.7700e+03	-3.4620e+03	-1.7799e+02	-1.3054e+03	-2.9783e+03	1.0616e+03	2.1186e+03	-4.0388e+02	-9.1288e+02	5.7686e+02	-1.5609e+03	-6.6509e+02	-1.5955e+03	-1.0163e+03	-3.9474e+02	-4.9921e+03	3.6481e+03	2.7809e+03	1.0865e+02	1.0584e+03	1.2828e+03	-3.2785e+02	3.8359e+02	-3.2999e+02	2.1626e+03	-1.0751e+02	4.1428e+03	-1.9826e+03	2.0172e+03	-9.2876e+02	-3.6640e+03	1.2073e+03	-7.1937e+02	1.0516e+03	-2.1954e+03	2.1481e+02	-1.6702e+03	6.7616e+02	1.2766e+03	-1.5017e+03	-1.4758e+02	-4.8420e+02	-3.2233e+02	-8.5756e+02	1.6686e+03	-8.1840e+01	-1.3640e+03	-5.0951e+02	-7.6185e+02	-1.9300e+03	1.1433e+03	-2.9968e+03	2.5759e+02	-1.8702e+02	-4.3631e+02	1.0681e+03	-2.8587e+03	2.6697e+03	2.8434e+03	1.4312e+03	4.7253e+02	-3.4785e+02	-9.6949e+02	1.1905e+03	-1.4403e+03	1.3573e+03	-2.8953e+02	1.4628e+03	-1.7724e+03	-2.5621e+03	-1.0448e+03	1.8798e+03	-1.2816e+03	-8.2930e+02	1.3086e+03	3.6641e+03	2.3189e+03	-1.6107e+03	-1.6690e+03	7.7681e+02	7.8600e+02	-5.4498e+02	3.1278e+01	9.2678e+02	2.7416e+03	-1.8041e+03	1.4592e+03	-8.5993e+02	2.0852e+03	1.7891e+03	1.0719e+03	-1.1803e+03	-2.5334e+02	1.7968e+03	1.6328e+03	-1.1559e+03	2.6855e+02	9.1064e+02	6.6065e+02	-1.6863e+03	1.3525e+03	1.2834e+02	2.1676e+03	1.1480e+02
1.8000e+05	-1.0163e+03	-1.6122e+03	-6.0684e+01	1.1165e+03	5.0541e+02	3.2584e+01	2.5770e+03	-1.9186e+03	-5.3865e+02	-2.1263e+03	-1.5168e+03	-7.2712e+02	-1.2485e+03	-1.5996e+03	5.3623e+02	4.9853e+02	-1.8413e+03	1.2863e+02	2.0284e+02	9.8824e+02	3.6976e+02	1.8576e+02	-5.7042e+02	-3.8481e+01	-4.2363e+02	-8.9999e+01	1.1673e+03	-1.4349e+03	7.8801e+02	1.9269e+03	-5.2333e+02	-1.1972e+03	-1.4819e+02	8.4302e+01	-2.0362e+03	7.2949e+02	7.1537e+02	3.5599e+02	-2.0871e+02	3.7999e+02	-3.4158e+01	8.2334e+02	1.1140e+03	-1.3659e+03	4.2797e+01	-1.3829e+03	5.6791e+02	2.8807e+02	2.0534e+03	7.5674e+02	-9.1743e+02	-1.3075e+02	-1.2646e+03	4.5743e+02	-5.3395e+02	-8.9208e+02	1.4189e+03	1.0050e+03	1.3260e+03	3.2786e+01	-3.9613e+02	-1.0553e+02	1.5204e+03	-3.7618e+01	-5.1207e+02	-1.0441e+03	1.1986e+02	-4.9158e+02	-2.8336e+02	-2.3806e+03	-1.3470e+03	-1.3530e+03	-2.1419e+03	5.7725e+02	-3.0450e+02	4.1471e+02	-3.8100e+02	3.6150e+02	5.5445e+02	1.6730e+02	-3.8035e+02	-1.3515e+03	-1.4924e+03	5.4076e+00	1.3111e+03	-9.4407e+02	6.6378e+02	-1.0120e+03	-2.8437e+02	1.3414e+02	7.6633e+02	2.4608e+03	-2.9572e+02	-1.0234e+03	-9.8255e+02	9.8298e+02	2.0085e+02	-3.5310e+02	-8.4282e+02	7.9154e+02	-5.0632e+02	1.0054e+03	3.5799e+02	1.7356e+03	6.5021e+02	-9.3062e+02	3.1240e+02	-1.7528e+03	-1.5861e+03	-1.0407e+03	4.7080e+02	2.7957e+02	6.6208e+02	1.3399e+03	-1.3425e+03	5.1049e+01	-5.9992e+02	-1.7439e+02	-6.2146e+02	-2.9184e+02	6.1012e+02	1.1677e+02	-1.6286e+02	-1.4004e+03	-2.7849e+02	-8.2991e+02	3.4115e+02	2.8471e+02	-9.5338e+02	-5.1798e+01	-1.2946e+03	5.0419e+02	3.7049e+02	-1.8732e+03	-9.7990e+02	6.1106e+02	1.0694e+03	-5.9032e+02	2.6108e+03	-1.3931e+03	1.0956e+03	2.1345e+03	2.4940e+02	1.3068e+03	1.4067e+03	-4.2875e+02	2.1633e+02	-1.9860e+03	-3.3417e+02	-1.1182e+03	-8.4291e+02	1.8813e+02	-3.7321e+02	-5.2187e+02	-5.1205e+02	-1.2977e+03	-1.4092e+03	9.4002e+02	5.3428e+02	1.5348e+03	4.0837e+02	-1.5108e+02	2.6465e+03	-5.9462e+02	4.0326e+02	9.1398e+01	-4.1961e+02	-4.4882e+02	-6.8897e+01	-6.3910e+02	-9.7086e+02	-8.8859e+02	1.6982e+03	-1.6141e+03	3.4608e+02	2.6390e+02	-3.9856e+02	1.0011e+03	1.6648e+03	-5.9328e+02	-1.4833e+03	-1.5444e+03	-8.8275e+02	-2.9570e+03	-9.4583e+02	-4.3650e+02	1.1945e+03	-1.6885e+03	9.8526e+02	1.4598e+03	2.1785e+02	-6.6403e+02	-1.4891e+03	-1.0328e+03	2.6105e+02	-5.1145e+02	1.2004e+03	8.9682e+02	-1.8502e+03	-7.0948e+02
1.8000e+05	-1.1275e+03	-2.1923e+03	5.0031e+01	3.1249e+03	-8.0124e+02	-1.6111e+03	-5.0489e+02	6.7815e+02	2.8904e+03	3.3761e+03	9.6920e+02	1.9686e+03	-1.3924e+03	5.5655e+02	-2.3614e+03	-1.7418e+03	7.4804e+02	6.8079e+02	1.6528e+03	-9.2028e+02	-5.9506e+02	-2.2517e+01	-2.4416e+02	-2.6949e+01	3.1357e+02	2.0482e+03	-4.3896e+02	1.8964e+03	8.5171e+02	-2.5679e+03	-1.1972e+03	-2.4306e+02	2.2158e+03	-2.3178e+03	6.4163e+02	1.2596e+03	-2.6732e+03	3.4822e+03	-2.0580e+03	2.3560e+03	1.1259e+03	-1.2740e+03	1.7624e+02	-6.4515e+02	2.7731e+02	-1.2407e+03	2.9832e+03	-2.7775e+03	-6.8193e+02	2.3906e+03	1.6585e+02	-1.5322e+03	-3.2234e+02	-1.9671e+03	6.7721e+02	-8.0206e+01	-8.6839e+02	1.5698e+03	8.0515e+02	2.6166e+02	-2.0299e+03	1.2982e+02	-1.7795e+03	-3.9530e+02	-7.7041e+02	-2.4818e+03	2.1978e+03	4.4277e+03	5.8302e+02	6.7111e+02	-4.5845e+01	-1.3263e+03	-3.0553e+03	-3.4459e+02	2.2555e+03	6.5617e+02	2.1214e+03	-1.5825e+03	-1.5157e+03	3.6749e+03	3.6717e+03	4.5775e+01	-9.8564e+02	3.0707e+03	4.6438e+02	1.8839e+03	2.7475e+03	-2.7528e+03	-6.3429e+02	8.0553e+01	-3.2286e+03	-1.0780e+03	-1.0095e+03	-5.8866e+02	-3.9063e+03	3.3825e+03	-1.2772e+03	-3.1793e+03	9.4125e+02	-1.0152e+03	-2.2006e+03	1.1877e+03	1.6207e+03	-4.4732e+02	-1.6868e+03	1.4507e+03	-7.7851e+02	-3.1884e+02	-1.3691e+03	-7.3048e+02	-3.7165e+02	-5.6668e+03	2.4599e+03	2.2206e+03	-7.8999e+01	6.7666e+02	2.2013e+03	-5.9495e+02	8.5993e+01	1.0888e+02	1.7659e+03	1.8410e+02	3.1419e+03	-9.9387e+02	1.9982e+03	-1.7230e+03	-3.1568e+03	1.0237e+03	2.8171e+02	5.0732e+02	-3.3184e+03	2.4870e+02	-2.1016e+03	1.1922e+03	1.8503e+03	-2.5827e+03	1.6309e+01	-6.0549e+02	-7.8217e+02	-9.1246e+02	2.5120e+03	-2.0880e+01	-2.0377e+03	5.1738e+01	-9.9723e+02	-2.1161e+03	9.3045e+02	-4.2129e+03	3.4389e+02	-1.1728e+03	-6.7969e+02	9.7368e+02	-3.5456e+03	2.7407e+03	2.3919e+03	1.7276e+03	5.8755e+02	8.5568e+02	-3.5413e+02	2.5962e+02	-1.2458e+03	1.4873e+03	6.7908e+02	1.6419e+03	-1.5750e+03	-3.0159e+03	-1.4590e+03	3.1578e+03	-1.6565e+03	-3.6147e+02	1.4626e+03	3.6162e+03	3.2071e+03	-2.1646e+03	-2.7528e+03	1.1604e+03	-2.0332e+02	1.8078e+02	1.5850e+02	1.3593e+03	1.7179e+03	-2.0158e+03	2.0163e+03	-7.5999e+02	1.9885e+03	2.3074e+03	1.6405e+03	-3.9430e+02	3.2580e+02	1.9467e+03	2.1413e+03	-1.7951e+03	-3.9571e+02	8.5667e+01	3.6706e+02	-1.4054e+03	1.3449e+03	7.2414e+02	1.7179e+03	3.5674e+02
2.0000e+05	-1.1825e+03	-1.2348e+03	1.9647e+02	1.5135e+03	1.7588e+02	-1.2431e+02	2.0286e+03	-2.0540e+03	-3.6344e+02	-2.2637e+03	-1.9659e+03	-7.9430e+02	-1.4480e+03	-1.5579e+03	-1.0934e+02	3.6236e+02	-1.6231e+03	6.7984e+02	1.1283e+02	6.2896e+02	1.4476e+00	7.9889e+02	8.6572e+00	-1.1859e+02	-7.1273e+02	3.5064e+02	9.8949e+02	-9.6385e+02	1.3276e+03	2.2058e+03	-5.0847e+02	-8.8817e+02	-1.1523e+02	-1.0118e+02	-1.7708e+03	5.2997e+02	9.6446e+02	1.1791e+03	1.1365e+02	-2.5944e+02	1.8047e+02	-8.4324e-01	1.6056e+03	-1.3300e+03	-2.7793e+02	-7.6892e+02	2.0879e+02	-3.3133e+02	2.2223e+03	5.6336e+02	-5.9916e+02	-3.9340e+02	-1.2930e+03	1.8625e+02	-2.4580e+02	-6.2217e+02	1.4757e+03	6.3729e+02	1.5110e+03	-1.3261e+02	-5.5080e+02	-2.8086e+02	1.3638e+03	-2.3241e+02	-3.3667e+02	-1.1696e+03	1.4335e+02	-6.5685e+02	3.1723e+02	-1.6204e+03	-8.2335e+02	-7.9246e+02	-2.2061e+03	5.2365e+02	-6.1129e+02	3.2573e+02	-5.4178e+02	1.4256e+02	8.8646e+02	-6.2055e+01	-3.5453e+02	-1.4706e+03	-1.2839e+03	4.6386e+02	1.7172e+03	-5.8389e+02	9.5840e+02	-1.1954e+03	-6.6273e+02	5.3232e+02	8.1261e+02	3.1935e+03	-5.5920e+02	-7.1835e+02	-7.6721e+02	8.7867e+02	7.6717e+02	-2.2881e+02	-6.2197e+02	7.6089e+02	-9.2246e+02	6.0413e+02	-1.0002e+02	1.8281e+03	6.3391e+02	-5.8813e+02	1.0136e+02	-1.5352e+03	-1.7770e+03	-9.8299e+02	3.6092e+02	3.7311e+02	4.5555e+00	9.8754e+02	-1.4042e+03	9.2361e+01	-6.2856e+02	-2.6294e+02	-1.1136e+03	-2.8550e+02	4.0803e+02	-1.3038e+02	-3.7423e+02	-1.8005e+03	-4.6930e+02	-1.1744e+03	5.1571e+02	4.6707e+02	-1.4308e+03	4.0533e+02	-1.4939e+03	6.2147e+02	5.0696e+02	-2.0028e+03	-7.8712e+02	7.9924e+02	5.7736e+02	-6.7775e+02	2.3219e+03	-1.2404e+03	1.8753e+03	1.9550e+03	2.9553e+02	1.2132e+03	1.0383e+03	-6.4746e+02	-3.3722e+02	-1.9329e+03	-3.2951e+02	-1.1417e+03	-7.0709e+02	4.0086e+02	-4.5687e+02	-3.7695e+02	-1.1260e+03	-2.4977e+03	-2.2282e+03	1.3256e+03	4.5582e+02	1.3789e+03	1.3161e+02	-2.0656e+02	3.0176e+03	-7.5101e+02	9.7579e+02	3.9621e+02	-8.4047e+02	-7.0020e+01	-1.4023e+02	-1.2137e+03	-1.5666e+03	-5.5160e+02	2.1245e+03	-1.6172e+03	1.5904e+02	-2.5485e+02	-9.5780e+02	5.8096e+02	8.1605e+02	-3.0274e+02	-1.9370e+03	-1.9485e+03	-8.9671e+02	-3.0426e+03	-8.3936e+02	-5.2109e+02	6.9029e+02	-1.3994e+03	1.2273e+03	1.2708e+03	3.5858e+02	-6.7692e+02	-1.5010e+03	-6.3070e+02	3.3676e+02	-1.9575e+02	1.1780e+03	1.1199e+03	-1.9113e+03	-9.5819e+02
2.0000e+05	-6.3678e+02	-2.8148e+03	-5.6924e+02	2.9834e+03	-1.0984e+03	-2.2368e+03	-7.7869e+02	1.2212e+03	3.7581e+03	3.9907e+03	9.1307e+02	2.5539e+03	-1.2382e+03	1.8160e+02	-2.7146e+03	-1.5444e+03	2.5060e+02	1.8633e+02	8.1941e+02	-3.5659e+02	-9.4524e+02	3.0909e+02	-3.2192e+02	4.8854e+02	-2.3694e+02	1.9907e+03	-3.9434e+02	6.4502e+02	1.0081e+03	-2.4895e+03	-3.1597e+02	-2.8515e+02	1.6330e+03	-2.5744e+03	2.2991e+02	1.4766e+03	-2.6012e+03	4.3117e+03	-1.6085e+03	2.4985e+03	4.3848e+01	-1.0942e+03	-4.8075e+02	-1.6410e+03	6.8081e+02	-6.3447e+02	2.9313e+03	-3.2901e+03	-1.2217e+03	2.7882e+03	-2.3572e+02	-1.1517e+03	5.1285e+02	-9.7964e+02	1.1342e+03	1.7720e+02	-3.2666e+02	1.8762e+03	1.2293e+03	8.2238e+02	-1.4837e+03	3.7493e+02	-1.5457e+03	-6.6689e+02	-1.9755e+01	-2.8682e+03	1.5748e+03	5.0194e+03	7.6153e+02	2.2433e+02	2.2369e+02	-1.7150e+03	-2.8624e+03	4.9635e+02	2.0636e+03	3.6541e+02	1.8017e+03	-3.0649e+02	2.8295e+01	3.2609e+03	3.7566e+03	1.0902e+02	-1.3755e+03	2.4150e+03	-4.7509e+02	1.4680e+03	2.6271e+03	-2.0998e+03	-7.4482e+02	2.3045e+02	-3.8918e+03	-1.5312e+03	-3.3870e+02	-2.3802e+02	-3.9533e+03	3.2957e+03	-2.0659e+03	-2.8054e+03	-7.6090e+01	-1.2262e+03	-1.7623e+03	7.5030e+02	3.1944e+02	-1.3325e+03	-1.8730e+03	2.7279e+03	-9.1027e+02	1.0980e+02	-1.9826e+03	-1.8333e+03	9.1538e+00	-5.2482e+03	2.6112e+03	1.9280e+03	2.9408e+02	-5.1811e+02	2.0945e+03	3.9595e+02	-2.6958e+01	-4.4731e+01	2.7202e+03	1.8275e+02	3.4534e+03	-1.8585e+02	1.9667e+03	-1.9382e+03	-3.1948e+03	2.5010e+03	-6.8273e+02	-2.4361e+02	-2.9226e+03	2.7361e+02	-1.9876e+03	1.4266e+03	2.1606e+03	-2.4179e+03	1.9598e+02	-1.4865e+02	-2.9909e+02	-2.4366e+03	1.6987e+03	-2.4133e+02	-7.3934e+02	-2.7032e+02	-7.8432e+02	-1.8955e+03	2.2059e+02	-4.3364e+03	1.3501e+02	-1.5362e+03	-4.8664e+02	2.1018e+03	-3.9690e+03	3.8808e+03	2.7439e+03	9.8346e+02	7.9379e+02	-6.8176e+02	6.8361e+02	6.6542e+02	-1.3227e+03	1.6100e+03	4.1491e+02	2.3618e+03	-1.2543e+03	-2.4392e+03	-1.9143e+03	3.0293e+03	-1.4403e+03	-1.5304e+03	1.1523e+03	3.3046e+03	4.4405e+03	-1.7312e+03	-2.0210e+03	7.6326e+02	-1.4925e+03	5.2298e+02	1.4155e+03	1.1038e+03	1.3712e+03	-1.7256e+03	3.5899e+03	-4.8700e+02	2.2527e+03	1.7198e+03	1.5941e+03	-1.9276e+02	3.7061e+02	1.4147e+03	2.3890e+03	-2.3972e+03	1.3846e+02	-4.2276e+01	3.8938e+02	-8.4420e+02	1.6130e+03	1.3607e+02	1.9332e+03	9.8629e+02
