2.0000e+04	-5.4353e+02	-3.6365e+02	3.1884e+02	4.4342e+02	-2.5826e+02	4.3135e+02	-4.0841e+02	3.0520e+02	-7.2456e+01	-2.6163e+02	-1.6624e+02	1.9272e+02	3.9447e+01	-2.4670e+02	5.1835e+02	7.9272e+01	1.0833e+02	6.0400e+02	-4.2560e+02	2.1519e+02	4.8392e+02	1.7366e+02	-9.9848e+01	6.7102e+02	3.3333e+01	3.1125e+02	-4.2516e+01	-1.5204e+02	4.4833e+01	-2.2256e+02	-6.1725e+02	-3.3328e+02	5.6545e+02	3.8672e+00	3.7197e+02	-1.8971e+02	-2.2199e+02	-8.4923e+02	-3.1136e+02	-2.1594e+02	2.5675e+02	-4.4400e+02	5.9606e+02	7.6641e+01	-5.3667e+02	6.2142e+02	8.0103e+02	3.5846e+02	-2.8459e+02	-3.5257e+02	-4.1717e+02	5.7779e+01	-3.4997e+02	-8.1354e+02	-2.0477e+02	-5.4073e+02	1.5900e+02	1.7058e+02	2.0823e+02	-4.2692e+02	-3.5018e+02	1.0393e+01	-3.5040e+02	3.5587e+02	2.2656e+02	-3.1472e+02	-3.6352e+02	4.0516e+02	2.2126e+02	6.0708e+02	-2.6223e+02	4.0807e+02	7.6094e+01	-7.6403e+01	-2.7349e+02	-4.6017e+02	-6.8385e+02	-3.4755e+02	3.3182e+02	-4.7956e+02	1.8294e+02	1.2436e+02	5.3782e+01	-2.0294e+02	-5.5215e+02	6.8708e+01	5.4627e+01	4.6134e+02	-1.6249e+02	3.2305e+02	-2.8418e+02	5.7889e+02	2.6818e+02	-3.6042e+02	-1.7485e+02	6.4848e+01	-6.9358e+02	2.4983e+01	-2.1616e+02	4.2692e+01	-1.8549e+02	2.2000e+02	-2.9642e+02	1.7588e+02	1.9589e+02	-1.0427e+02	4.6745e+02	4.3810e+02	1.7526e+02	-3.9246e+02	2.7707e+02	-7.0606e+01	5.2288e+01	2.6502e+02	-4.8737e+02	-2.4421e+02	4.2717e+02	-3.4126e+02	-3.8476e+02	-2.7563e+02	-4.1574e+01	-2.7863e+02	-1.1351e+02	-4.9455e+02	5.3045e+02	3.8504e+00	-6.4277e+02	-4.9631e+02	-5.6604e+02	-1.1562e+02	-8.6777e+01	6.7373e+01	1.0423e+00	5.0867e+01	-4.7818e+01	3.4666e+01	3.9011e+02	-8.4027e+01	2.5124e+02	-2.6338e+02	-6.1538e+01	2.1951e+01	-4.0496e+02	-4.6096e+02	-1.6131e+02	5.1384e+02	4.8984e+02	-8.5455e+02	-7.4046e+01	-1.0129e+02	-7.8003e+01	1.5509e+02	-1.0506e+03	5.7760e+00	1.5958e+02	6.3279e+02	4.4905e+02	6.0404e+02	-2.1896e+02	4.4354e+02	-1.3962e+02	-5.6809e+02	-5.4667e+02	-3.3929e+01	3.1582e+02	2.1828e+02	1.4384e+02	-2.3247e+02	-4.3516e+01	-1.3205e+02	4.5329e+02	-2.2601e+02	-8.7686e+01	3.4340e+02	1.5931e+02	4.2928e+01	-2.6181e+02	1.1906e+02	-5.0819e+02	4.0903e+02	2.5327e-01	-7.7330e+02	-5.8891e+01	-3.4949e+02	-2.1425e+02	2.9746e+02	1.1998e+01	-1.4575e+02	-1.6750e+02	-1.8511e+02	-4.7925e+02	1.1917e+02	-5.5790e+02	1.0215e+02	5.3597e+02	1.6852e+02	-1.5624e+02	1.3604e+01	1.5180e+02	-2.4766e+02
2.0000e+04	1.5679e+03	-4.9721e+02	-8.8106e+02	8.8024e+02	-3.4745e+02	1.8358e+02	-4.2616e+01	3.0391e+02	3.6909e+02	-5.5923e+01	-1.9420e+02	4.4983e+02	-2.1829e+02	9.0514e+02	-4.1920e+00	-8.2503e+01	-1.1954e+02	-6.8949e+02	2.9701e+02	-4.6469e+02	-2.5427e+01	5.5879e+01	3.2349e+02	-1.1852e+03	4.4647e+01	6.0350e+01	2.4004e+02	-1.4767e+02	3.5429e+02	-1.6636e+02	-1.7160e+02	-5.5182e+02	-5.3706e+02	-6.2358e+02	4.5968e+02	-1.4425e+03	-8.9433e+02	-1.6094e+02	-1.3221e+03	-3.3739e+02	-3.3393e+02	3.0388e+02	-8.7486e+02	1.2996e+02	-7.0790e+02	1.6302e+02	4.3076e+02	-7.9076e+02	-3.8287e+02	5.5079e+02	-1.1764e+03	9.6620e+02	1.2303e+03	1.0828e+01	-8.7957e+02	-4.7367e+02	4.6179e+02	-3.4059e+02	6.9178e+02	-1.6293e+02	-3.1270e+00	-1.1967e+02	-3.2937e+02	9.2763e+02	1.4340e+02	-4.7591e+02	-6.0799e+02	5.3060e+02	3.0115e+02	1.3705e+02	4.5632e+02	-3.8740e+02	4.6059e+01	-1.2619e+02	-2.0940e+02	1.2471e+02	-5.7616e+02	3.0704e+02	-4.5910e+02	-7.0170e+02	-3.8743e+02	-6.0050e+02	5.6525e+02	-5.1516e+02	1.2237e+03	-2.8805e+02	-1.0221e+02	-5.2409e+02	-2.5701e+02	-1.9434e+02	7.5169e+02	5.3120e+02	-9.7971e+01	-3.6285e+02	-1.0534e+02	-5.2420e+02	-4.9379e+02	1.6659e+02	-4.1614e+02	7.6171e+02	-6.6896e+02	-1.4332e+03	-1.2521e+02	1.9880e+02	-7.3118e+01	2.3195e+02	-7.3697e+02	1.2311e+02	-1.2649e+03	-1.0668e+03	-4.4046e+02	-4.3686e+02	-7.7494e+01	3.9163e+01	-3.5539e+02	2.5163e+02	-4.1913e+01	-6.1604e-02	-1.8347e+02	-2.2957e+01	-4.2085e+01	3.3068e+02	-6.3535e+02	-2.4310e+02	-2.3195e+02	4.6586e+01	2.9651e+02	1.3519e+03	7.4062e+01	1.5449e+02	1.5046e+02	8.8480e+02	-5.1278e+02	-3.6381e+02	-6.1536e+02	-3.1710e+02	1.4604e+02	-2.2060e+01	4.3803e+02	8.9061e+01	-3.2952e+02	-5.1469e+01	-2.3655e+02	8.1115e+02	-4.4257e+02	-7.3343e+01	-3.7582e+02	2.8107e+02	-9.5504e+01	-1.1027e+03	-5.3531e+02	3.5652e+02	5.4302e+02	3.9213e+02	-3.6682e+02	2.3693e+02	-2.7081e+02	-4.0153e+02	1.1429e+03	-1.1045e+03	4.1867e+01	2.1802e+02	4.9377e+02	3.7640e+02	2.0941e+02	-7.9914e+02	-2.0350e+02	-8.9981e+02	1.1904e+02	7.3624e+02	-2.1831e+02	-4.6051e+01	-1.8841e+02	-6.2385e+01	5.4937e+02	-7.7850e+01	3.9088e+02	1.3502e+02	-6.3867e+02	5.1614e+02	6.7097e+01	4.7066e+02	-8.6211e+02	-1.0494e+02	4.1626e+02	1.5371e+02	-5.9137e+01	-4.6661e+02	-6.2084e+02	-8.3768e+02	3.5298e+02	-8.1139e+01	6.4963e+02	1.2606e+02	8.7997e+02	-3.0516e+02	1.0310e+02	-3.7662e+02	3.4407e+02	-1.1843e+02
4.0000e+04	-2.7662e+02	-4.8685e+02	3.9537e+02	8.0367e+02	-2.1065e+02	3.4918e+02	1.9862e+02	1.2120e+02	1.6599e+02	-2.6672e+02	-3.4513e+01	1.5449e+02	-5.1511e+01	-2.8185e+02	6.7216e+02	-4.9015e+01	1.0810e+02	6.3101e+02	-2.2776e+02	3.5784e+02	6.0411e+02	3.8033e+02	4.4419e+02	3.3860e+02	-7.1210e+01	7.1086e+02	4.2675e+02	3.8746e+02	-7.1283e+02	-6.0248e+02	-4.7591e+02	-9.4232e+01	3.0944e+02	-2.3418e+02	8.9133e+02	-7.2758e+02	1.7724e+01	-7.1206e+02	-1.2523e+02	-5.7455e+02	1.0890e+02	-4.5260e+02	3.3451e+02	2.4690e+02	-2.4652e+02	1.8866e+02	7.8887e+02	9.2085e+02	-4.6906e+01	1.0822e+02	-5.7954e+02	-1.1753e+02	-1.0440e+02	-1.7733e+02	-6.5351e+01	-1.7568e+02	3.8944e+02	1.6332e+01	3.8095e+02	5.4021e+02	-4.6374e+02	8.6662e+01	-7.1902e+02	2.8257e+02	1.1721e+02	-4.5015e+02	-3.0467e+02	-2.0242e+02	7.7082e+02	6.7301e+02	-3.8666e+02	5.3687e+02	5.7581e+02	-3.1442e+02	-5.3980e+02	-7.3725e+02	-4.6174e+02	-8.1404e+02	-3.5742e+02	-2.8160e+02	-3.4847e+02	2.7314e+02	3.3028e+02	4.7256e+01	-3.4766e+02	6.6099e+02	8.9807e+01	3.4599e+02	4.6456e+02	3.7329e+02	-7.2352e+01	2.9256e+02	2.6461e+02	-5.2745e+02	-1.3672e+02	9.2843e+01	-4.5497e+02	6.5718e+02	-7.4204e+01	-2.6984e+02	-3.5097e+02	2.5671e+02	-5.3287e+02	1.6730e+02	6.1234e+02	-1.9394e+02	4.6297e+02	3.8628e+02	2.5431e+02	-6.2614e+02	4.2504e+02	1.4577e+01	-3.1360e+02	7.6665e+02	-6.3275e+02	-6.3773e+01	8.9597e+02	-5.5870e+02	-1.6474e+02	-4.4467e+02	2.2182e+02	1.7061e+02	2.7470e+01	-5.7553e+02	6.7254e+02	-2.1624e+02	-3.3085e+02	-1.2845e+03	-2.2678e+02	-4.6493e+02	3.1153e+02	3.2201e+02	7.5336e+01	6.8730e+02	-9.0089e+02	5.5342e+01	1.1506e+02	8.0169e+01	3.4824e+02	-6.8401e+02	8.5324e+01	1.1049e+02	-7.4748e+01	-9.4773e+02	-5.9583e+02	2.9648e+02	5.1171e+02	-8.7992e+02	-4.2108e+02	2.9614e+01	-2.6880e+02	-3.9043e+02	-1.0963e+03	-3.3890e+02	4.5335e+02	1.2659e+03	9.3622e+02	1.2846e+03	-3.5946e+02	6.5246e+02	-4.7922e+02	-1.0615e+03	-2.0421e+02	-4.3178e+02	5.1781e+02	-2.1723e+02	-4.4766e+02	-1.3248e+02	9.2823e+01	-2.3769e+02	5.7591e+02	4.7416e+02	-1.7178e+02	5.7857e+02	2.9860e+01	1.5003e+02	6.7412e+01	3.5122e+02	-9.3958e+02	4.0328e+02	5.7682e+01	-6.9378e+02	9.2054e+02	-8.5317e+01	-7.6296e+02	9.0892e+02	-4.2196e+02	6.9248e+01	-2.4754e+02	-7.0362e+02	-8.6333e+02	6.1582e+01	-8.1255e+02	7.5090e-01	1.2124e+03	6.4611e+02	6.5014e+01	-3.6609e+02	3.2938e+02	-1.6395e+02
4.0000e+04	2.4091e+03	-7.7689e+02	-9.3978e+02	8.3805e+02	1.2964e+02	-3.9695e+02	4.3412e+02	3.9703e+02	1.1333e+03	-7.0262e+02	2.3518e+02	1.1391e+03	2.0992e+02	1.0699e+03	-6.8949e+01	-7.6869e+01	-4.3688e+02	-7.8385e+02	-6.9391e+02	-1.8572e+02	2.9805e+02	5.2933e+02	2.2633e+02	-1.3275e+03	3.1422e+02	2.9094e+02	-8.3557e+01	1.8171e+02	-1.9960e+02	1.0979e+02	-1.1091e+02	-6.9789e+02	7.1227e+02	-3.7337e+02	6.1999e+02	-1.9834e+03	-2.6686e+02	-1.0906e+03	-5.6530e+02	-1.6387e+02	1.9684e+02	6.1953e+02	-1.0036e+03	-1.9197e+02	-6.5057e+02	-1.1949e+02	7.0263e+02	-1.4547e+02	-3.4911e+02	-1.7571e+02	-1.7876e+03	4.9225e+02	1.0333e+03	-9.0142e+01	-4.8542e+02	-8.1212e+02	1.0540e+03	-2.7238e+02	4.7597e+02	6.5894e+02	1.3650e+03	-2.1218e+00	6.6628e+02	1.4976e+03	-3.0522e+02	2.8962e+02	-4.1218e+02	4.3872e+02	-1.9147e+02	7.7722e+01	1.1553e+03	-4.5886e+02	7.2752e+02	-4.0782e+02	-1.9982e+02	-7.5628e+01	-1.0920e+03	8.5068e+00	-9.3045e+02	-9.3229e+02	-3.1898e+02	5.4144e+02	1.2337e+03	-1.5362e+03	1.6242e+03	-4.4677e+02	-1.3354e+03	8.0993e+00	-9.7089e+02	-4.4885e+02	3.5786e+02	1.0124e+03	1.0792e+02	-5.1613e+02	-9.1029e+00	-8.1066e+01	-5.2331e+02	8.0652e+02	-8.8755e+02	1.3332e+03	2.7406e+02	-1.5115e+03	5.6167e+02	-2.4970e+02	1.3408e+01	3.1264e+02	-4.0289e+02	3.3163e+02	-1.3138e+03	-1.2811e+03	-4.9363e+02	-3.0261e+02	-1.2783e+03	-7.4614e+02	-4.1500e+02	-4.8698e+02	4.1935e+02	9.5181e+01	1.9793e+02	4.3038e+02	4.2091e-01	4.5845e+01	-1.4387e+03	2.1461e+01	2.8768e+02	4.6709e+01	7.5844e+02	7.5261e+01	5.0980e+02	8.4069e+02	5.1287e+02	2.5989e+02	3.1225e+00	5.8547e+02	-1.3096e+03	9.5142e+02	-2.4576e+01	8.0431e+02	-3.2005e+02	7.5051e+02	-4.5173e+02	-1.2510e+02	5.0496e+02	4.9053e+02	-3.3873e+02	-5.9460e+02	-6.0559e+02	-9.5077e+01	-9.0443e+02	-1.5823e+03	-2.5002e+02	1.5700e+02	4.1298e+01	9.8457e+02	5.4421e+02	-1.4171e+02	-4.5833e+02	-9.8846e+02	-2.5718e+02	-5.2938e+02	-3.7724e+02	1.5175e+02	1.2254e+03	-6.3616e+01	1.0008e+03	-2.9174e+02	3.6694e+02	-1.0394e+03	5.5392e+02	9.2215e+02	-1.5568e+02	7.6190e+01	6.7790e+02	-4.2125e+02	3.5514e+02	3.3646e+02	3.3880e+02	-1.1081e+02	-9.8497e+02	4.2844e+02	-2.7213e+02	-2.2108e+02	-1.0972e+03	-6.6933e+02	7.3271e+02	9.8271e+02	1.0208e+02	-1.3163e+03	-1.4342e+03	-1.0109e+03	-2.8968e+02	3.9729e+02	8.5544e+02	1.5313e+03	1.3595e+03	-5.2068e+02	2.5646e+00	-1.4750e+03	3.8655e+02	8.5354e+02
6.0000e+04	7.4955e+01	-1.2132e+03	-4.3475e+01	1.4081e+02	-8.0113e+02	-4.5029e+01	3.3032e+01	-3.0455e+02	-1.7172e+02	-7.6254e+01	-3.9558e+02	-2.5727e+02	7.0423e+01	2.8585e+02	7.1201e+02	-7.2808e+01	7.4732e+01	8.8432e+02	-1.0367e+02	1.7179e+01	8.2177e+02	9.2372e+02	4.2576e+02	1.4308e+03	-1.6682e+02	7.7774e+00	4.0907e+02	1.5639e+02	-7.8036e+02	-8.7816e+02	-8.8359e+02	-3.6557e+02	1.3041e+02	-3.8310e+02	1.3898e+03	-1.1163e+03	2.0637e+02	-6.5983e+02	-5.9895e+02	-1.0370e+03	5.0145e+02	-9.0707e+02	3.2245e+02	1.2820e+02	-5.8458e+02	3.2811e+02	8.2089e+02	1.0054e+03	-5.0169e+02	5.0264e+02	-6.0709e+02	-4.9515e+01	-1.4930e+02	-1.7248e+02	1.5128e+02	-1.3060e+02	1.3668e+02	-4.2214e+01	4.7185e+02	9.3064e+01	-8.3855e+02	1.5033e+02	-7.7224e+02	3.3912e+02	3.2406e+02	-5.9527e+01	-2.5199e+02	1.9456e+02	5.5977e+02	6.2485e+02	7.4558e+01	1.0773e+03	1.2621e+03	-3.1131e+02	-5.2961e+02	-7.2680e+02	-5.4419e+02	-1.0218e+03	-6.1736e+02	-4.0938e+02	-5.3353e+02	1.9568e+02	-1.2696e+02	2.9203e+02	-6.9109e+02	5.7348e+02	5.2495e+01	1.6200e+02	8.4127e+02	2.8858e+02	-1.3038e+03	-5.0479e+01	1.7581e+02	-2.2085e+02	-6.8579e+02	2.2853e+02	-5.0385e+02	8.8638e+02	1.3471e+02	-4.9187e+02	-4.3047e+02	3.8599e+02	-4.4962e+02	9.9746e+02	5.5171e+02	2.8249e+02	3.6548e+02	7.7237e+02	-2.4737e+02	-9.9324e+02	8.9799e+02	4.8802e+02	-9.2680e+02	1.6592e+03	-5.3408e+02	2.6694e+02	6.8118e+02	2.6373e+02	-2.3932e+02	-7.0919e+02	7.9984e+02	1.9019e+02	2.4176e+02	-6.9672e+02	3.9106e+02	-9.7677e+01	-1.0373e+03	-1.0980e+03	-1.8982e+02	-8.2650e+02	3.6243e+02	3.1325e+02	-6.8295e+02	2.0227e+02	-7.4624e+02	-4.8425e+02	1.9854e+02	-1.5344e+02	7.0540e+02	-1.2458e+03	4.1239e+02	3.7584e+02	7.5748e+02	-9.6513e+02	-1.0222e+03	-3.4076e+02	7.8248e+02	-6.1657e+02	8.9001e+01	2.4108e+02	-6.5807e+02	1.7155e+02	-1.0443e+03	-9.2240e+01	6.6591e+01	9.4766e+02	1.5830e+03	8.9846e+02	-2.1901e+02	1.1073e+03	-9.1730e+01	-9.6834e+02	7.3339e+02	-2.3948e+02	7.3691e+02	-4.4867e+01	-3.6614e+02	1.1109e+02	-4.9582e+02	3.4897e+02	5.7495e+02	3.5051e+02	-1.5397e+02	4.1635e+02	-2.2598e+02	-3.9726e+02	-4.1022e+02	5.8599e+00	-1.1811e+03	8.2695e+01	8.4086e+02	-6.4901e+02	5.8101e+02	-6.0513e+02	-6.9667e+02	1.0435e+03	1.8318e+02	2.1229e+01	-3.4949e+02	-9.7451e+02	-1.0042e+03	4.2556e+02	-7.4732e+02	3.0693e+02	5.2895e+02	7.9804e+02	4.5437e+02	1.4359e+01	2.8736e+02	-3.0982e+02
6.0000e+04	1.8082e+03	-7.2715e+02	-1.2611e+03	7.6042e+02	-1.6548e+02	-1.1384e+03	-1.0249e+02	2.6500e+03	1.0066e+03	-1.2062e+03	-2.3590e+02	1.4711e+03	-3.2738e+02	1.0516e+03	-8.8711e+02	-4.7739e+02	-1.0595e+03	6.7417e-02	-8.0958e+02	7.6393e+02	-2.4969e+02	9.8312e+02	-2.8800e+02	-1.5577e+03	-4.4308e+01	1.9590e+03	1.2987e+02	-4.8984e+02	5.5287e+02	-1.1628e+02	6.4325e+02	-4.1480e+02	1.1719e+03	-1.2583e+03	2.2733e+03	-1.6625e+03	-3.6780e+02	-2.1522e+02	-8.7277e+02	5.4417e+02	-1.3798e+02	1.8020e+03	-1.9442e+03	-2.8222e+02	-7.2257e+01	7.7712e+02	1.2185e+03	-2.4374e+02	-5.7909e+02	8.0999e+02	-2.8665e+02	-3.8552e+01	-3.5796e+02	5.9000e+02	-1.1660e+02	-1.6091e+03	9.3379e+02	2.9260e+02	6.9612e+02	3.5735e+02	1.5287e+03	8.3242e+02	1.7769e+03	-1.8757e+02	6.0623e+02	5.7354e+02	-5.2392e+02	5.4285e+02	-6.0172e+02	1.0153e+02	1.2621e+03	-3.7008e+02	5.8178e+02	-7.3068e+02	2.3912e+02	-8.6333e+02	-7.8630e+02	6.9983e+02	-7.4735e+02	-1.8620e+03	-1.0574e+02	2.2227e+02	1.7548e+03	-1.3876e+03	2.4457e+03	-1.0291e+02	-2.0267e+03	2.4822e+01	-9.8225e+02	5.8418e+02	-2.4200e+02	7.9331e+02	6.0905e+02	-4.4271e+02	8.5547e+00	9.5421e+02	-5.8640e+02	9.4876e+02	2.6041e+02	3.1844e+02	4.1262e+02	-2.2912e+03	8.4171e+02	7.3847e+01	-7.6617e+02	-6.8430e+02	-6.5552e+02	-1.6143e+03	-2.5901e+03	-1.8241e+03	-3.7666e+02	-1.1971e+03	-7.2604e+02	-1.2216e+03	6.9124e+02	-1.2365e+02	9.4421e+02	4.7988e+02	7.1295e+02	5.9963e+02	7.8159e+02	6.7343e+02	-1.8139e+03	-3.0322e+02	-2.2097e+02	-2.0366e+02	6.6225e+02	2.7694e+02	3.0522e+02	5.3803e+02	8.7174e+02	1.3517e+03	8.2555e+02	4.8249e+02	-1.2291e+03	1.1348e+03	-1.0476e+03	5.8930e+02	-8.0184e+01	4.5173e+02	2.8298e+02	9.0386e+01	1.2326e+03	1.2279e+02	1.4586e+02	3.1775e+02	3.8533e+02	5.0588e+02	-1.4426e+03	-1.4266e+03	-7.8590e+02	-2.9386e+01	-4.4526e+02	7.9422e+02	-1.8868e+02	2.4450e+02	-3.6830e+02	-2.0363e+03	-5.3464e+02	-8.7483e+01	7.5039e+02	-3.4254e+01	2.4388e+03	-7.6053e+02	5.7254e+02	-1.1364e+03	4.5986e+01	-1.7286e+03	1.9812e+03	-1.6383e+02	2.5566e+02	-2.5150e+02	9.9942e+02	-4.9484e+01	1.0106e+02	8.1815e+01	5.5300e+02	1.3977e+02	-1.3685e+03	2.3535e+02	1.9625e+02	-1.7361e+03	-9.4362e+02	-4.9953e+01	6.7872e+02	1.5144e+02	-4.7630e+02	-1.3346e+03	-1.2179e+02	-1.5115e+02	9.5730e+01	1.1563e+03	7.2800e+01	1.7672e+03	1.3209e+03	-1.2721e+03	-8.7350e+02	-1.5820e+03	5.0581e+02	4.5653e+02
8.0000e+04	2.2316e+02	-1.7561e+03	1.7757e+02	2.4258e+02	-1.0712e+03	-3.8418e+00	9.2482e+02	-2.4114e+02	-8.1734e+02	1.0714e+02	1.1943e+02	-6.6838e+02	-5.3081e+02	3.4932e+00	4.8489e+02	5.0547e-01	7.8214e+01	4.4636e+02	1.9828e+02	3.3173e+02	3.9267e+02	9.5774e+02	-2.6297e+02	1.5324e+03	-2.1133e+02	2.5317e+02	5.2345e+02	9.0348e+01	-8.0105e+02	-5.9642e+02	-9.1864e+02	-2.7133e+02	-2.5124e+02	-7.9446e+02	1.5182e+03	-9.8829e+02	9.2405e+02	-8.4074e+02	-1.1865e+03	-1.0738e+03	4.6777e+02	-1.2304e+03	4.3440e+01	-2.5952e+02	-1.7231e+03	4.6840e+02	6.8294e+02	8.8970e+02	-1.0268e+03	6.1875e+02	-1.2294e+03	3.6227e+02	-7.7959e+02	-4.0648e+02	9.7518e+01	-3.0612e+02	6.2449e+01	1.2114e+02	5.4215e+02	1.9897e+02	-1.0150e+03	9.5096e+01	-1.2040e+03	1.7867e+02	-4.2760e+02	8.1942e+01	4.0299e+02	8.7145e+02	4.2762e+02	8.8564e+02	-2.3166e+00	4.7285e+02	1.3905e+03	-6.1554e+02	-6.8650e+02	-1.0251e+03	-6.0284e+02	-1.1235e+03	-9.3268e+02	-4.4009e+02	2.3793e+02	1.6116e+02	-1.8315e+02	2.3648e+02	-8.1546e+02	-6.0490e+01	-8.5843e+01	-2.0231e+02	5.3694e+02	4.5263e+02	-1.3140e+03	-5.0881e+01	3.4692e+02	6.1786e+01	-6.6241e+02	-4.1097e+02	5.1506e+02	1.1311e+03	-8.7066e+01	-5.6899e+02	-6.3235e+02	4.8335e+02	-4.5350e+02	9.3573e+02	2.8763e+02	2.8728e+01	-1.2438e+02	9.3963e+02	-9.9216e+02	-1.2894e+03	4.5770e+02	8.2265e+02	-1.3650e+03	1.1545e+03	-1.1634e+03	1.3569e+02	1.0037e+03	-3.6236e+02	-6.1360e+02	-1.0020e+03	5.7539e+01	7.5135e+02	8.0717e+02	-1.1512e+03	5.5125e+02	3.1523e+02	-1.4560e+03	-8.2780e+02	-4.2127e+02	-7.9357e+02	1.0425e+03	6.9800e+02	-3.0288e+02	6.8362e+01	-7.3333e+02	-5.5339e+00	-3.1650e+01	-5.7090e+02	-1.2403e+02	-9.1507e+02	7.2065e+02	9.7173e+02	1.2887e+03	-3.8989e+02	-1.1270e+03	-1.7808e+02	4.3821e+02	-1.1989e+03	8.6773e+01	2.7905e+02	-7.8297e+02	6.9293e+02	-1.4948e+03	4.2150e+02	7.6608e+02	8.5092e+02	2.0545e+03	8.7498e+02	1.3211e+02	8.7967e+02	-6.7342e+02	-9.0952e+02	3.8618e+02	-3.0092e+02	1.5915e+03	-3.2355e+02	-1.5944e+02	5.5521e+02	-3.0993e+02	7.2175e+02	3.8032e+02	-1.2253e+02	-6.8063e+02	3.9461e+02	-5.0515e+02	-9.7086e+02	-6.7864e+02	-4.8437e+02	-1.1939e+03	-5.2980e+00	8.9471e+02	-4.9681e+02	8.8314e+02	-9.8730e+02	-5.6021e+02	9.6836e+02	1.2353e+02	3.3683e+02	-6.5450e+02	-1.6085e+03	-1.5732e+03	2.9831e+02	-8.0424e+02	1.0726e+03	4.8458e+02	7.7093e+02	8.6723e+02	8.1754e+01	2.5854e+02	-2.6388e+02
8.0000e+04	3.3675e+03	-6.3447e+02	-1.9085e+03	1.4932e+03	2.5079e+02	-1.7099e+03	-3.7725e+02	2.7831e+03	5.1545e+02	-2.1586e+03	-1.2957e+03	2.0794e+03	9.6747e+01	8.6350e+02	-1.9793e+03	3.6978e+02	-4.5603e+02	1.8773e+02	-1.1248e+03	1.2001e+03	5.5870e+02	6.0695e+02	-5.1194e+02	-1.4558e+03	-5.9491e+01	2.0651e+03	-8.1628e+02	1.5601e+02	8.5875e+02	-7.7132e+02	9.7241e+02	-6.0630e+01	1.8233e+03	-1.7465e+03	2.2272e+03	-1.9370e+03	-1.2814e+03	-6.0916e+02	-1.5763e+03	7.0258e+01	-1.1412e+03	2.3117e+03	-2.5899e+03	-3.6929e+02	3.9871e+02	1.1540e+03	9.9345e+02	-1.0370e+03	1.1088e+02	1.7400e+02	1.7774e+01	-2.9960e+02	-1.0122e+03	1.0930e+03	-8.9301e+02	-2.4714e+03	1.9304e+03	-7.4993e+02	6.4931e+02	1.3156e+03	1.1747e+03	-3.8829e+02	5.3683e+02	1.6864e+02	8.4082e+02	7.6958e+02	-7.9913e+02	8.3539e+02	-5.2556e+02	8.3646e+02	1.8135e+03	-8.1561e+02	9.8525e+02	-1.0192e+03	6.1022e+02	-1.7325e+03	-8.9771e+02	6.4393e+02	-1.3155e+03	-2.6218e+03	7.6280e+02	-1.4096e+02	1.5171e+03	-1.8092e+03	2.7041e+03	-4.1364e+02	-1.4664e+03	4.5543e+02	-1.5198e+03	1.8672e+02	1.6039e+01	9.9673e+02	-1.2629e+03	2.2453e+02	-8.9622e+02	5.3312e+02	-1.3644e+03	9.5888e+02	-6.9634e+02	6.1643e+02	1.7257e+02	-2.1882e+03	5.1944e+02	-3.4662e+02	-9.3282e+02	-7.3188e+02	7.4266e+01	-1.5117e+03	-2.4149e+03	-3.5259e+03	-6.8605e+01	-6.4258e+02	-6.8956e+02	-1.1520e+03	1.4208e+03	7.5672e+01	1.2101e+03	2.3132e+02	8.2987e+02	8.9549e+01	1.9609e+03	3.2363e+02	-1.0784e+03	-1.1856e+02	2.4818e+02	-5.8000e+02	2.0679e+02	7.4405e+01	5.5307e+01	1.8872e+03	1.4181e+03	1.8918e+03	3.6030e+02	3.5755e+02	-4.7989e+02	1.9222e+02	-1.0355e+03	3.2895e+02	-2.7043e+02	2.2268e+02	4.9852e+02	7.7228e+02	1.2788e+03	4.1044e+02	1.0997e+03	1.9487e+02	3.3278e+01	3.6845e+02	-1.6308e+03	-1.0082e+03	-6.6500e+02	3.5794e+01	3.1497e+02	1.0929e+03	-6.9789e+02	2.2709e+02	-1.0872e+03	-2.8675e+03	-3.3781e+02	5.6921e+02	1.6794e+02	8.3902e+02	3.3167e+03	-1.3831e+03	1.3042e+03	-1.8815e+03	-4.9554e+02	-1.9170e+03	5.1140e+02	-6.0070e+02	3.8262e+02	5.7331e+02	1.1602e+03	-1.9888e+02	3.4376e+02	7.7761e+02	2.2826e+02	-4.7269e+02	-1.8363e+03	-5.9565e+02	5.9673e+02	-1.6702e+03	1.7976e+02	4.2460e+02	5.0230e+02	-5.6191e+02	-7.2427e+02	-1.4227e+03	-3.5574e+02	1.8506e+02	5.8683e+02	2.3723e+03	4.7652e+02	1.3034e+03	1.1620e+03	-1.4143e+03	-1.3088e+03	-1.6033e+03	6.6882e+02	9.9957e+01
1.0000e+05	9.9684e+02	-1.7698e+03	1.9611e+02	8.3950e+01	-8.3598e+02	-5.2868e+02	1.3822e+03	-8.7127e+02	-1.3776e+03	4.1178e+02	-1.3076e+02	-4.4743e+02	-1.5679e+02	3.2958e+01	4.3030e+02	-5.2937e+01	-6.6931e+02	2.7830e+02	2.7758e+02	1.0359e+03	8.3719e+02	4.9414e+02	-2.4788e+02	1.8973e+03	-7.4386e+02	-4.1400e+02	8.3427e+02	5.0857e+02	-2.3853e+02	1.5402e+02	-1.1012e+03	-3.7590e+02	-1.8156e+02	-1.2483e+03	1.6981e+03	-1.0478e+03	1.2789e+03	-6.8926e+02	-8.4774e+02	-1.1325e+03	8.3573e+02	-1.4083e+03	-1.3439e+02	-3.6352e+02	-2.1190e+03	3.1566e+02	9.7307e+02	9.4053e+02	-1.6208e+03	5.0326e+02	-9.4119e+02	-8.2678e+01	-5.1502e+02	-2.1979e+02	3.2706e+02	-6.1053e+02	1.0300e+03	9.4064e+00	7.2291e+01	5.8919e+02	-1.2013e+03	4.5659e+02	-1.3889e+03	1.1612e+02	-3.2844e+02	-1.9984e+02	7.7873e+02	4.3039e+02	1.6509e+02	1.0748e+03	4.2064e+02	6.2928e+02	1.2571e+03	-1.1820e+03	-1.1021e+03	-1.1490e+03	-6.5815e+02	-7.3943e+02	-8.5180e+02	-9.6353e+02	2.8069e+02	4.1929e+02	-3.0758e+02	1.2742e+02	-1.1490e+03	3.1682e+02	-3.7261e+00	6.0785e+00	-2.9291e+02	1.7046e+02	-1.3225e+03	-1.8180e+01	3.8030e+02	-9.3331e+01	-7.0173e+02	9.2590e-01	3.9019e+02	7.9440e+02	1.1983e+01	-1.3203e+02	-7.6521e+02	1.6298e+02	-5.0292e+02	1.7025e+03	6.9744e+02	-1.1312e+02	-8.6371e+01	1.2084e+03	-7.2397e+02	-1.5653e+03	2.9960e+02	8.0629e+02	-1.7249e+03	1.3021e+03	-1.0256e+03	1.7487e+02	8.7599e+02	-2.8278e+02	6.7446e+02	-8.8325e+02	2.6487e+02	1.2719e+03	5.0979e+02	-1.5945e+03	3.3258e+02	6.1597e+02	-5.2317e+02	-8.6922e+02	-1.8924e+02	-8.6560e+02	6.4451e+02	3.9149e+02	-7.8296e+02	-2.4448e+02	-5.5187e+02	2.9961e+02	-3.8623e+02	-2.5213e+02	2.5897e+02	-9.1776e+02	1.0054e+03	1.2698e+03	1.0358e+03	-4.0032e+02	-1.3524e+03	1.4671e+02	8.6161e+02	-1.4775e+03	3.4033e+02	5.1787e+02	-9.9524e+02	3.7326e+02	-1.6974e+03	4.8420e+02	8.7513e+02	1.5268e+03	2.3053e+03	1.4378e+03	1.6110e+02	7.5171e+02	-1.4771e+02	-6.8535e+02	5.7062e+02	-2.6881e+02	1.7717e+03	2.6498e+02	-1.9196e+02	9.6800e+02	-5.3875e+02	1.3056e+03	2.0140e+02	3.0266e+02	-1.1950e+03	3.0792e+02	-1.5741e+02	-1.0012e+03	-5.0582e+02	-7.0389e+02	-1.3838e+03	-6.8819e+02	1.1355e+03	-1.0529e+03	1.1181e+03	-1.4666e+03	-3.6727e+02	1.1316e+03	6.8015e+02	3.5314e+02	-9.0369e+02	-1.9844e+03	-1.8906e+03	7.5441e+02	-1.3863e+03	1.2479e+03	2.7180e+02	3.9537e+02	1.0501e+03	6.5664e+02	7.0273e+01	-2.4902e+02
1.0000e+05	3.7497e+03	-1.4635e+03	-1.4575e+03	1.5005e+03	3.2728e+02	-2.7251e+03	-3.2067e+02	2.9926e+03	1.1180e+03	-2.0803e+03	-1.5295e+03	2.3216e+03	7.9496e+02	4.5076e+02	-2.6804e+03	1.1571e+03	-1.2050e+02	-3.8965e+02	-3.7211e+02	6.5573e+02	8.6153e+02	-3.1341e+00	-7.3413e+01	-9.9292e+02	9.5896e+02	1.6058e+03	-3.0605e+02	-8.6498e+01	1.0192e+03	-1.2636e+02	-4.7353e+02	5.5900e+02	1.5734e+03	-1.7485e+03	1.4105e+03	-3.4886e+03	-2.0761e+03	-3.5066e+02	-6.8712e+02	9.2126e+02	-1.2996e+03	2.7332e+03	-1.7865e+03	-1.7155e+03	5.1661e+02	5.9555e+02	1.4853e+03	-4.0785e+02	-2.5693e+01	5.4428e+02	-1.4195e+00	1.1778e+02	-1.1626e+03	1.3287e+03	-1.7397e+02	-3.4921e+03	2.6733e+03	-1.3462e+03	2.1626e+02	8.7528e+02	-5.6395e+02	1.0573e+03	1.4594e+03	-8.9012e+02	4.2114e+02	6.7222e+02	-1.6147e+03	1.4816e+03	-7.7812e+02	-4.3006e+01	2.9772e+03	-1.5411e+03	6.1241e+02	-4.3345e+02	1.5836e+02	-2.3887e+03	-1.1591e+03	-4.9574e+02	-2.1710e+03	-2.8920e+03	1.1909e+03	1.3032e+03	7.4829e+02	-1.3179e+03	2.6785e+03	-1.0737e+03	-7.6228e+02	9.6140e+02	-5.0334e+02	3.0935e+01	-1.3339e+02	1.5963e+02	-1.1441e+03	-3.6627e+01	-2.0968e+02	6.3220e+02	-1.7375e+03	8.9162e+02	-2.5589e+02	4.6385e+02	2.9217e+02	-2.9032e+03	5.8267e+02	1.6492e+02	-1.2317e+03	-8.7597e+00	6.9968e+02	-1.3742e+03	-2.0764e+03	-3.7899e+03	-2.4169e+01	-1.2363e+03	-9.6089e+02	-2.1280e+03	9.9448e+02	1.3338e+02	9.1731e+02	5.3558e+02	9.4348e+02	2.8037e+02	7.2926e+02	9.6211e+02	-1.3057e+03	1.1632e+02	2.1222e+02	-2.0317e+02	3.0430e+02	-7.7598e+02	7.2797e+02	2.8049e+03	1.0421e+03	2.4443e+03	1.3411e+02	2.7269e+02	-2.3970e+01	4.4790e+02	-1.6680e+03	4.1542e+02	-6.4853e+02	9.5208e+02	6.2181e+02	7.4625e+02	1.3615e+03	6.1944e+02	-2.9514e+01	6.8669e+02	-3.1658e+02	-4.6168e+01	-1.6857e+03	-1.5005e+03	-1.2135e+03	7.2184e+02	3.0700e+02	9.5484e+01	-1.2120e+03	-1.0998e+01	-1.0083e+03	-2.5427e+03	5.5053e+02	1.4392e+03	6.5136e+01	5.3946e+01	3.0763e+03	-1.5356e+03	1.2097e+03	-1.3397e+03	-6.3206e+01	-3.0628e+03	7.5216e+02	-8.0359e+02	7.7966e+02	1.0035e+03	9.2605e+02	-4.8724e+02	-4.3810e+02	6.2936e+02	-1.8420e+02	-1.7676e+03	-2.5296e+03	-5.5835e+02	7.0422e+02	-2.7001e+03	-6.8157e+01	2.6741e+02	8.2628e+02	-4.1839e+02	-7.4460e+02	-1.5483e+03	-5.8518e+01	7.3785e+02	1.0366e+03	1.3435e+03	6.4042e+02	8.3697e+02	1.6925e+03	-1.3647e+03	-1.6310e+03	-7.9847e+02	1.1799e+03	-1.8689e+02
1.2000e+05	1.0579e+03	-1.7629e+03	1.5004e+02	-4.1110e+02	-1.4464e+03	-6.6899e+02	1.1949e+03	-7.9430e+02	-1.5673e+03	6.2730e+02	-4.2199e+02	-1.1932e+02	1.9709e+02	1.2166e+02	4.5151e+02	2.1285e+02	-1.3135e+03	4.5245e+02	7.4194e+02	1.0218e+03	6.0825e+02	2.3707e+02	-4.1198e+02	1.9338e+03	-6.4615e+02	-6.5047e+02	4.4795e+02	7.4342e+02	-1.7360e+02	6.0451e+02	-8.1248e+02	-8.3133e+02	-2.6251e+02	-8.6251e+02	1.7240e+03	-1.2726e+03	1.7006e+03	-8.4282e+02	-8.5731e+02	-7.1512e+02	5.9650e+02	-2.3640e+03	2.7277e+02	1.3610e+02	-1.9070e+03	4.4713e+02	6.8502e+02	2.0965e+02	-1.4935e+03	6.3487e+02	-1.1179e+03	2.1038e+02	-1.6144e+02	-1.9306e+02	8.8601e+01	-2.9379e+02	7.1983e+02	4.5078e+01	5.5791e+02	4.2726e+02	-1.2270e+03	5.5333e+01	-1.5975e+03	3.1873e+02	-7.3756e+02	-2.8658e+02	4.2079e+02	9.3651e+02	2.8891e+02	1.5335e+03	3.1779e+02	4.1906e+02	1.1644e+03	-9.4444e+02	-1.0651e+03	-1.4153e+03	-4.9762e+02	-9.7646e+02	-1.6709e+02	-9.2361e+02	2.0015e+02	8.0255e+02	-4.5908e+02	5.8709e+02	-1.1995e+03	6.0080e+02	2.9094e+02	8.7274e+01	-3.1678e+02	1.9493e+02	-1.0260e+03	6.1441e+01	1.5446e+02	-2.3217e+02	-9.1686e+02	-2.0529e+02	4.5852e+02	1.1435e+03	-1.0354e+02	-4.8932e+02	-1.9700e+02	5.0723e+02	-8.1187e+02	1.3118e+03	7.3002e+02	-1.6811e+02	-2.9557e+02	1.6308e+03	-1.0857e+03	-1.6663e+03	-2.9360e+02	1.3708e+03	-1.8201e+03	1.5388e+03	-1.4130e+03	5.6847e+02	1.2370e+03	-7.2620e+02	1.0488e+03	-1.5949e+03	2.6320e+02	9.9809e+02	-1.2756e+02	-7.4754e+02	3.9967e+02	4.1105e+02	-3.9192e+02	-8.4471e+02	2.6210e+01	-2.8388e+02	5.3239e+02	7.2779e+01	-8.1429e+02	-4.9521e+01	-8.0529e+02	2.8138e+02	3.7483e+02	1.9569e+02	7.2655e+02	-7.6290e+02	9.0669e+02	1.5507e+03	1.0731e+03	-1.4191e+02	-1.9679e+03	-5.2311e+01	1.2738e+03	-1.4432e+03	5.0105e+02	9.0935e+02	-7.2851e+02	7.2540e+02	-1.5589e+03	6.3685e+02	9.0671e+02	1.4990e+03	2.4260e+03	1.5455e+03	1.1785e+02	7.4728e+02	-6.2947e+01	-5.2470e+02	6.6386e+02	-5.0108e+02	1.2122e+03	8.8407e+02	-5.6394e+00	9.7386e+02	-2.7054e+02	1.3106e+03	4.8688e+02	3.4750e+01	-1.7615e+03	1.0372e+03	-3.1152e+02	-1.2898e+03	-6.4316e+02	-6.3460e+02	-1.5145e+03	-9.5508e+02	4.4235e+02	-1.3933e+03	7.9685e+02	-1.4985e+03	-4.5395e+02	9.7639e+02	2.3313e+02	4.5928e+01	-9.1573e+02	-2.2799e+03	-1.4874e+03	6.4241e+02	-1.7017e+03	6.0363e+02	-2.6973e+01	2.8822e+02	7.8787e+02	1.4196e+03	-1.4554e+02	3.8231e+01
1.2000e+05	2.6389e+03	-6.5309e+02	-1.4061e+03	2.0949e+03	-4.8119e+02	-2.9124e+03	-4.1670e+02	2.1698e+03	9.2624e+02	-1.2066e+03	-1.7338e+03	3.3144e+03	1.2804e+03	-1.6227e+02	-2.4760e+03	1.5482e+03	-3.9918e+02	-3.7550e+02	-1.1646e+03	1.1452e+03	1.0658e+03	-8.3676e+02	-7.7947e+02	-1.1866e+03	1.0958e+03	1.4515e+03	-1.1980e+03	8.0017e+01	1.4582e+03	-1.3242e+03	-4.9218e+02	-6.6984e+02	4.2525e+02	-1.4888e+03	1.8880e+03	-3.3229e+03	-1.9170e+03	3.6459e+02	7.9772e+02	1.4884e+03	-1.7821e+03	2.6942e+03	-2.0214e+03	-2.3070e+03	7.6102e+02	1.1929e+03	8.5694e+02	-5.3138e+02	1.5858e+02	8.8582e+02	2.1508e+02	-7.2544e+02	-1.7873e+03	9.9442e+02	-8.6385e+02	-2.2222e+03	3.8675e+03	-1.8347e+03	3.3208e+02	1.0442e+03	-7.5697e+02	1.5658e+03	6.2631e+02	-6.4972e+02	4.8511e+02	2.3774e+02	-1.7020e+03	1.4282e+03	-1.7830e+02	4.1585e+02	2.5091e+03	-1.7885e+03	1.5904e+03	-4.2662e+02	5.4127e+02	-2.7232e+03	-1.6325e+03	-6.1535e+01	-2.3394e+03	-4.7712e+03	9.1273e+02	1.1356e+03	-3.3086e+01	-3.9573e+01	2.8972e+03	-1.9664e+03	-1.4603e+01	8.6025e+02	-6.3641e+02	1.5330e+02	5.3100e+02	-1.1994e+03	-1.1494e+03	6.8405e+02	-1.0598e+01	-2.3457e+02	-1.9257e+03	7.2791e+02	-1.9592e+02	2.2226e+01	-7.1028e+02	-2.9521e+03	3.2660e+02	-3.4125e+02	-7.5228e+02	9.2036e+02	2.2538e+02	-1.3804e+03	-1.0568e+03	-3.7706e+03	4.3013e+02	-2.3785e+03	-1.0693e+03	-1.9889e+03	1.0642e+03	7.2569e+02	5.2204e+02	1.0065e+03	9.0514e+02	1.1922e+02	-8.2802e+01	1.1240e+03	-2.0529e+03	-3.0909e+02	3.7680e+02	-4.6636e+02	5.4700e+02	-9.8975e+02	1.3712e+03	1.6374e+03	-2.9988e+01	2.1240e+03	1.3199e+03	6.8885e+02	-4.5204e+02	-1.5234e+02	-1.1778e+03	-1.8346e+02	4.1924e+02	9.1780e+02	1.6671e+03	6.2402e+02	9.5427e+02	-3.8926e+02	5.6142e+01	7.2917e+02	-7.2525e+02	3.2746e+02	-2.5081e+03	-2.6884e+03	-1.0610e+03	1.3363e+03	8.6301e+02	1.3658e+02	-2.1778e+03	1.7124e+02	-1.3116e+02	-2.1453e+03	1.4012e+03	2.1533e+03	-3.0362e+02	-9.5062e+02	3.5916e+03	-1.7493e+03	6.8824e+02	-8.7562e+02	-1.1301e+03	-4.0985e+03	9.3121e+02	-3.6557e+02	1.4175e+03	1.5025e+03	6.6099e+01	-8.4047e+02	-8.4904e+02	-7.1631e+02	-5.8453e+02	-2.4361e+03	-3.4198e+03	-7.5013e+02	1.3503e+03	-2.0026e+03	6.0337e+02	-2.5783e+01	1.3420e+03	-6.3120e+02	-1.6127e+03	-8.0200e+02	-1.9802e+02	2.0813e+03	1.5567e+03	2.2387e+03	-8.3238e+01	8.5915e+02	1.7326e+03	-1.7513e+03	-1.3384e+03	-3.3962e+02	1.1816e+03	-1.0243e+03
1.4000e+05	9.1660e+02	-2.0716e+03	4.0017e+02	-8.9390e+02	-1.8350e+03	-8.9857e+02	1.6144e+03	-1.2429e+03	-1.0468e+03	5.5509e+02	-7.6025e+02	-1.5747e+02	6.3725e+02	2.6367e+02	9.3223e+02	6.7081e+02	-1.3752e+03	5.8345e+02	7.3724e+02	1.2805e+03	9.3224e+02	4.9650e+02	-2.3616e+02	2.2613e+03	-8.7775e+02	-5.7269e+02	6.3610e+02	9.8811e+02	-4.0708e+02	6.8179e+02	-6.5689e+02	-9.6020e+02	3.4138e+01	-6.6517e+02	1.5087e+03	-1.6035e+03	6.5513e+02	-2.3204e+02	-4.5523e+02	-6.7627e+02	6.4416e+02	-2.4521e+03	2.1694e+02	6.6669e+02	-1.6410e+03	1.7623e+02	1.1684e+03	1.7180e+02	-1.8126e+03	5.5861e+02	-1.0420e+03	9.1560e+02	3.1971e+02	2.3161e+02	4.0379e+02	6.7118e+01	7.4430e+02	4.2424e+02	-8.1459e+01	1.3195e+03	-8.2366e+02	6.0887e+02	-1.7505e+03	4.5627e+02	-1.0270e+03	-5.5298e+02	7.8259e+02	6.6040e+02	3.8245e+02	1.2696e+03	2.5679e+02	6.7159e+02	8.9659e+02	-9.7246e+02	-9.2617e+02	-2.2516e+03	-8.1904e+02	-8.2060e+02	-4.8919e+02	-4.4290e+02	8.1850e+02	1.2816e+03	1.1100e+02	4.9213e+02	-7.8034e+02	3.2930e+02	5.9890e+02	1.2684e+02	-5.3958e+02	8.5447e+01	-1.0337e+03	3.2695e+02	5.4143e+02	-2.5215e+02	-1.4638e+03	-1.3805e+02	6.8479e+02	1.6352e+03	-1.0777e+02	-1.2898e+03	-2.3748e+02	4.5892e+02	-1.1167e+03	9.8535e+02	1.0481e+03	5.3594e+02	-2.9216e+02	1.2912e+03	-8.6259e+02	-2.1720e+03	-2.1236e+02	1.3175e+03	-1.4862e+03	1.3814e+03	-9.0546e+02	9.5478e+02	1.0013e+03	-1.0029e+03	1.0062e+03	-1.1579e+03	5.8371e+02	2.8360e+02	-3.2669e+02	-6.1576e+02	9.3518e+01	9.1884e+02	-5.0195e+02	-1.2423e+03	2.2025e+02	-1.2677e+02	6.1575e+02	5.0736e+01	-1.5454e+03	-2.6562e+02	-7.6739e+02	5.2462e+02	4.2938e+02	1.5516e+02	8.0825e+02	-9.7656e+02	6.2169e+02	1.8960e+03	1.2889e+03	-2.1298e+02	-2.0805e+03	-7.9060e+02	6.6803e+02	-1.4284e+03	5.4816e+02	5.2785e+02	-6.4652e+02	9.0656e+02	-1.8303e+03	2.0590e+02	5.7998e+02	1.5193e+03	2.6030e+03	1.8713e+03	2.5692e+02	8.9989e+02	-1.8705e+02	-8.8665e+02	1.1359e+03	-4.3789e+02	1.5741e+03	5.9568e+02	4.7819e+02	7.8609e+02	-4.6397e+02	1.0101e+03	5.8477e+02	-1.5508e+02	-2.3825e+03	1.2223e+03	-3.8668e+02	-1.9284e+03	-6.5721e+02	-7.5412e+02	-1.5481e+03	-1.2736e+03	6.1359e+02	-1.1211e+03	7.9560e+02	-1.5394e+03	-6.4026e+01	1.0104e+03	3.9727e+02	7.6645e+02	-5.1862e+02	-2.6865e+03	-9.9366e+02	1.0691e+03	-2.0781e+03	4.8793e+02	5.7472e+01	9.2072e+02	2.0182e+02	1.3857e+03	1.6255e+02	-4.5248e+01
1.4000e+05	2.8617e+03	-1.8535e+02	-1.7894e+03	2.4728e+03	-7.6333e+02	-2.7697e+03	-2.0053e+02	2.0492e+03	9.7498e+02	-1.7878e+03	-8.1052e+02	3.4349e+03	8.1766e+02	-1.4820e+01	-3.0493e+03	1.1057e+03	-2.0856e+02	-4.0606e+02	-2.0778e+03	7.4249e+02	3.7699e+02	-8.1731e+02	-1.3488e+03	-1.7775e+02	1.3375e+03	9.8078e+02	-1.0723e+03	2.0198e+01	1.2431e+03	-3.9557e+02	1.9443e+03	-1.1554e+03	5.8361e+02	-1.0109e+03	2.0850e+03	-3.0081e+03	-9.0805e+02	-2.0889e+02	8.4088e+02	1.2177e+03	-1.7983e+03	3.4084e+03	-1.6801e+03	-2.0430e+03	-1.9096e+02	2.0836e+03	5.6121e+01	-9.7229e+02	9.4500e+02	9.4226e+02	2.3236e+02	-1.0986e+03	-2.1350e+03	4.7638e+02	-9.9462e+02	-2.9551e+03	3.1299e+03	2.5512e+02	1.8349e+02	1.5804e+03	-1.5847e+02	1.5478e+03	1.1427e+03	-2.1513e+02	2.4372e+03	1.4612e+03	-1.1424e+03	1.5817e+03	1.1988e+02	3.1890e+02	1.7571e+03	-2.0727e+03	2.3833e+03	-3.3465e+02	3.7153e+02	-2.8212e+03	-5.2416e+02	-4.6726e+02	-2.3873e+03	-4.9347e+03	2.2610e+02	9.4720e+02	-8.2969e+02	-1.1181e+03	2.8207e+03	-1.6223e+03	-5.4930e+02	7.2552e+02	4.7215e+02	4.2387e+02	-5.4354e+02	-9.8679e+02	-1.2872e+03	5.8956e+02	5.4078e+02	-1.3822e+03	-9.0489e+02	2.0138e+03	1.3700e+02	1.3717e+03	-1.1651e+03	-2.9072e+03	7.9736e+02	-1.2388e+03	-1.0846e+03	9.1147e+02	3.2431e+02	-1.8881e+03	6.6534e+02	-2.9327e+03	3.3729e+02	-2.7922e+03	-6.2692e+02	-2.4354e+03	1.7993e+03	2.3779e+02	2.1680e+03	4.5219e+02	3.6208e+02	2.6686e+02	-1.8595e+02	1.5589e+03	-3.4421e+03	-3.5038e+02	-2.8591e+02	-6.5112e+02	6.9751e+02	-1.0507e+03	1.2796e+03	1.5556e+03	-9.4705e+01	2.1805e+03	1.9218e+03	6.0279e+02	-2.7586e+02	2.9082e+02	-1.1202e+03	1.6451e+01	-3.3007e+01	9.0339e+02	2.0969e+03	7.5236e+02	1.3230e+03	-1.0559e+03	4.3967e+01	8.0424e+02	-1.7688e+03	7.8932e+01	-2.7940e+03	-3.6492e+03	-2.9002e+03	1.4077e+03	6.0961e+00	1.0931e+02	-2.1700e+03	6.8110e+02	-1.0377e+02	-1.7448e+03	1.7724e+03	2.0434e+03	-9.8848e+02	-4.1743e+02	3.1618e+03	-1.9572e+03	4.1223e+02	-1.6548e+03	-1.5678e+03	-3.5989e+03	3.8709e+02	3.3660e+02	1.0290e+03	1.1137e+03	1.0821e+02	-1.4506e+03	-4.8681e+02	-2.6542e+02	-7.9274e+02	-2.9584e+03	-2.4428e+03	-1.0505e+03	1.2071e+03	-2.2195e+03	1.4140e+03	1.3888e+03	1.5280e+03	-1.4804e+03	-5.8222e+02	-1.0250e+03	-2.4723e+01	1.8071e+03	1.8947e+03	2.5952e+03	-1.2246e+02	7.9075e+02	1.5007e+03	-1.6494e+03	-8.1997e+02	-3.6417e+01	8.4852e+02	-1.6501e+03
1.6000e+05	4.1086e+02	-1.7421e+03	5.0071e+02	-5.1209e+02	-1.9410e+03	-8.8274e+02	1.7688e+03	-1.4295e+03	-9.2291e+02	6.3092e+02	-2.5758e+02	-3.9444e+01	7.1674e+02	4.9140e+02	7.4765e+02	7.3774e+02	-1.2238e+03	7.8973e+02	8.7818e+02	1.3150e+03	6.9249e+02	6.9139e+02	-1.0706e+03	2.0692e+03	-7.0808e+02	-5.6339e+02	1.0644e+03	6.7284e+02	-7.1284e+00	-3.3199e+01	-4.9127e+02	-1.5797e+03	2.1542e+02	-5.8610e+02	1.9838e+03	-1.5840e+03	6.1425e+02	-7.4027e+02	-6.0776e+02	-6.9826e+02	2.7343e+02	-2.5175e+03	3.1437e+00	9.8433e+02	-1.4851e+03	7.2472e+02	1.1748e+03	3.4505e+02	-1.8104e+03	5.6596e+02	-1.2995e+03	1.7837e+03	4.7945e+02	7.1559e+02	8.1155e+02	-6.0926e+02	6.2538e+02	-1.6292e+02	1.6600e+02	1.1399e+03	-4.1846e+02	1.2680e+03	-1.8224e+03	-5.6145e+01	-8.3994e+02	-4.6950e+02	7.1845e+01	8.7506e+02	7.5395e+02	1.5618e+03	-9.1075e+01	1.2673e+03	5.5150e+02	-7.3254e+02	-3.6590e+02	-2.8940e+03	-9.6124e+02	-7.5595e+02	-6.1599e+02	2.5481e+02	1.2450e+03	1.8116e+03	-1.2765e+02	4.7222e+02	-6.0457e+02	2.7113e+02	1.0913e+03	2.1281e+02	-2.8490e+02	5.6295e+02	-1.2028e+03	2.4832e+02	-5.6997e+01	-6.9095e+02	-1.2654e+03	-6.0781e+01	7.5101e+02	2.0199e+03	-1.6198e+02	-1.0717e+03	-4.1812e+02	7.6161e+02	-1.6359e+03	4.7067e+02	6.7356e+02	5.1998e+02	-3.0315e+02	1.6969e+03	-7.6500e+02	-2.5261e+03	-6.9125e+02	1.3971e+03	-1.6070e+03	1.0154e+03	-1.1993e+03	1.0302e+03	9.7866e+02	-1.6854e+03	9.5242e+02	-1.1327e+03	6.8707e+02	9.8103e+02	-4.4738e+02	-2.2404e+02	5.4004e+02	1.3927e+03	-4.8682e+02	-1.7525e+03	5.2196e+02	-4.5935e+01	7.8418e+02	-6.4878e+02	-1.6637e+03	-3.5050e+02	-1.6208e+03	2.8817e+02	3.1527e+02	2.5885e+02	1.3117e+02	-3.3653e+02	5.6311e+02	1.6967e+03	1.0107e+03	-8.1870e+01	-2.5548e+03	-2.9981e+01	4.1555e+02	-1.8172e+03	3.2867e+02	9.6558e+02	-5.4031e+02	1.6938e+03	-1.6858e+03	6.7524e+02	6.0950e+02	1.3950e+03	2.6315e+03	1.8833e+03	6.1398e+02	1.0564e+03	-2.1115e+02	-1.0898e+03	9.2703e+02	-7.5140e+02	1.2030e+03	1.0407e+03	4.2742e+02	4.4787e+02	-5.6176e+02	5.9728e+02	2.0868e+02	-1.0010e+03	-2.1853e+03	1.1119e+03	-7.6216e+02	-2.2519e+03	-9.3994e+02	-1.0831e+03	-1.5048e+03	-8.3771e+02	5.9367e+02	-8.9169e+02	1.1282e+03	-1.2898e+03	4.3093e+01	7.8187e+02	-4.6937e+01	1.1244e+03	-3.7518e+02	-2.3504e+03	-8.4994e+02	1.9289e+03	-2.6118e+03	3.9412e+02	-6.3279e+01	1.1747e+03	-2.4054e+02	1.4588e+03	-1.3976e+02	-1.3705e+02
1.6000e+05	3.6332e+03	-1.3541e+03	-1.3697e+03	3.1616e+03	-6.0316e+02	-2.9961e+03	-1.4026e+03	1.7082e+03	1.4136e+03	-2.3910e+03	-1.1937e+02	3.3097e+03	8.7260e+02	-2.4476e+02	-2.7914e+03	4.9819e+02	-1.3657e+03	7.2928e+01	-2.1466e+03	1.1872e+03	4.7472e+01	-1.6698e+03	-2.2017e+03	-4.7055e+02	1.7548e+03	6.4552e+02	-1.9774e+03	-1.8640e+02	1.1814e+03	-4.6749e+02	1.2211e+03	-1.5801e+03	-1.0473e+03	-1.2577e+03	2.2601e+03	-3.5879e+03	2.0417e+02	-2.4038e+02	6.1247e+02	4.9133e+02	-2.3158e+03	3.9077e+03	-2.7577e+03	-2.0741e+03	-8.2625e+02	2.3863e+03	-3.6576e+02	-1.2228e+03	1.3752e+03	1.5155e+03	-4.2197e+02	-1.7870e+03	-2.1053e+03	1.1150e+03	-2.0782e+03	-4.2320e+03	2.7544e+03	5.5832e+02	-1.2175e+03	8.6749e+02	7.2440e+02	8.7055e+02	2.0128e+03	7.6178e+02	2.1231e+03	1.1560e+03	-1.2000e+03	2.3034e+03	6.0228e+02	6.5943e+02	1.6102e+03	-1.5528e+03	2.9038e+03	-1.5800e+02	4.1489e+02	-3.5377e+03	-1.3502e+03	-4.3962e+02	-1.7695e+03	-5.4286e+03	-2.8990e+02	1.2340e+03	-6.5146e+02	-7.5132e+02	3.7388e+03	-1.8842e+03	-8.2131e+02	-1.0741e+02	5.1132e+02	1.2920e+03	-8.5206e+02	-1.9048e+03	-1.0873e+03	2.9735e+02	7.5168e+02	-1.5124e+03	-1.5951e+03	1.9636e+03	1.0492e+03	1.3163e+03	-8.2832e+02	-3.4212e+03	3.4358e+02	1.0708e+02	-1.8656e+03	7.4741e+02	6.7033e+01	-1.8417e+03	6.1872e+02	-2.5950e+03	2.7213e+02	-1.8474e+03	-6.3212e+02	-4.0140e+03	1.5481e+03	1.7017e+03	1.2109e+03	-1.7344e+02	4.7917e+02	-1.1109e+02	-1.1659e+02	1.4366e+03	-2.3525e+03	-6.5622e+02	2.2404e+02	-3.1714e+02	1.7127e+02	-9.8565e+02	5.8946e+02	1.8080e+03	-1.0410e+03	2.4306e+03	1.8772e+03	6.5059e+02	-6.1292e+02	-5.7002e+02	-1.7662e+03	-8.6713e+02	1.3315e+02	9.6711e+02	8.4769e+02	4.8574e+02	2.8322e+03	-1.4834e+03	4.0118e+02	1.6590e+03	-2.6963e+03	8.7766e+02	-2.4248e+03	-3.3754e+03	-3.6540e+03	1.3363e+03	3.6339e+02	3.6424e+02	-1.8508e+03	-2.6915e+02	3.8029e+02	-1.9426e+03	2.0381e+03	1.5441e+03	-7.6770e+02	-8.7194e+02	3.6020e+03	-2.2933e+03	1.5585e+03	-2.4210e+03	-2.3400e+03	-3.0185e+03	1.5208e+03	1.3701e+03	1.7515e+03	2.3650e+03	7.7308e+02	-8.9041e+02	-4.1036e+02	-4.8001e+02	-1.2128e+03	-4.0034e+03	-2.1477e+03	-8.0689e+02	8.0518e+02	-1.7702e+03	1.1540e+03	9.7879e+02	7.1025e+02	-2.1315e+03	-6.6863e+02	5.7739e+00	2.2681e+02	1.5826e+03	1.3672e+03	3.3138e+03	-5.8047e+02	5.0833e+02	1.6688e+03	-2.2054e+03	-1.2915e+03	-1.4110e+02	-2.8324e+02	-1.2594e+03
1.8000e+05	4.4647e+02	-1.5090e+03	3.5636e+02	-3.8472e+02	-2.1577e+03	-1.5070e+03	1.6748e+03	-8.7806e+02	-1.0245e+03	1.0018e+03	-8.4659e+02	-4.8883e+01	1.1225e+03	6.0874e+01	2.9030e+02	6.2052e+02	-3.9440e+02	1.9231e+02	9.0486e+02	1.8784e+03	7.6504e+01	7.8479e+02	-6.3619e+02	1.1968e+03	-1.3004e+03	-8.1051e+02	9.0645e+02	1.1343e+03	2.0720e+02	-2.0904e+02	-2.6326e+02	-1.7420e+03	1.7160e+02	-6.2859e+02	1.9379e+03	-1.7675e+03	1.0807e+03	-1.2145e+03	-8.9935e+02	-3.0200e+02	3.7037e+02	-2.6354e+03	2.3735e+01	4.6402e+02	-1.5429e+03	1.0784e+03	1.0190e+03	3.5989e+02	-2.4117e+03	6.6362e+02	-1.4076e+03	1.5398e+03	5.2966e+02	2.9554e+01	8.8124e+02	-4.3118e+02	8.2687e+02	5.8089e+02	1.5325e+02	1.4881e+03	-5.1182e+02	1.3988e+03	-1.7995e+03	-1.3307e+02	-1.0183e+03	-1.1481e+03	1.5488e+02	1.8585e+02	5.4793e+02	9.6773e+02	-1.5741e+02	1.2132e+03	3.9483e+02	-4.9341e+02	1.5882e+02	-2.9322e+03	-8.1010e+02	-9.0336e+02	-1.1486e+03	2.0307e+02	9.3585e+02	1.3196e+03	-1.4736e+02	-1.5831e+02	-1.3156e+03	2.4114e+02	1.4199e+03	1.3644e+02	-5.1331e+02	5.0339e+02	-1.6713e+03	3.2528e+02	1.5840e+02	-7.2427e+02	-1.3183e+03	-2.0872e+02	1.0287e+03	1.9614e+03	2.4018e+02	-1.8809e+03	-1.0482e+03	9.6682e+02	-1.4483e+03	3.8021e+02	4.0675e+02	6.6720e+02	-4.2882e+02	1.5339e+03	-7.1250e+02	-2.7230e+03	-8.6999e+02	1.2355e+03	-1.8285e+03	1.0427e+03	-1.2293e+03	9.1252e+02	1.2682e+03	-2.1511e+03	7.1278e+02	-9.5164e+02	8.2956e+02	4.8581e+02	-4.3129e+02	-1.6990e+02	4.0252e+02	1.1865e+03	-3.8498e+02	-2.3753e+03	3.8664e+02	5.4468e+01	5.1180e+02	-1.5618e+03	-1.8015e+03	-3.4108e+02	-1.7947e+03	8.6001e+01	-1.5780e+02	2.3663e+02	-9.6243e+01	-3.2754e+02	5.7958e+02	2.2767e+03	8.9432e+02	7.1036e+00	-2.3550e+03	-5.5189e+01	1.9296e+02	-2.2772e+03	-2.5890e+02	7.1961e+02	-1.0732e+03	2.2069e+03	-1.7622e+03	1.1061e+03	7.7244e+02	1.1061e+03	2.9234e+03	1.5948e+03	4.3691e+02	1.0759e+03	1.8814e+02	-3.6868e+02	4.3465e+02	-3.7880e+02	1.0765e+03	1.2690e+03	7.8074e+02	-1.1605e+02	1.1417e+02	5.4437e+01	-2.4132e+02	-1.4080e+03	-2.4200e+03	4.6611e+02	-6.0719e+02	-1.6564e+03	-7.4348e+02	-8.8590e+02	-2.3123e+03	-8.0277e+02	7.5444e+02	-6.5141e+02	1.3527e+03	-1.5070e+03	-3.0774e+02	5.9799e+02	-4.3477e+02	1.0655e+03	-7.9651e+02	-2.6341e+03	-6.0289e+02	1.9228e+03	-2.7329e+03	8.1480e+02	3.4329e+02	7.7749e+02	-4.8306e+02	1.3145e+03	-1.0473e+03	-6.4218e+02
1.8000e+05	2.7722e+03	-9.0807e+02	-1.6352e+03	2.8277e+03	-2.3078e+02	-2.8617e+03	-1.3515e+03	1.7475e+03	1.3827e+03	-1.8049e+03	-3.4598e+02	3.3063e+03	1.8675e+03	-1.1047e+03	-2.4534e+03	-3.7826e+02	-2.3808e+03	9.0116e+02	-2.1828e+03	2.4149e+02	6.4224e+02	-1.2160e+03	-1.5754e+03	-4.7320e+01	2.1780e+03	7.8804e+02	-1.9119e+03	1.3593e+02	1.3079e+03	-9.6907e+02	5.9827e+02	-2.5891e+03	-8.4563e+02	-1.9638e+03	1.5140e+03	-3.7818e+03	8.7719e+02	-2.2949e+02	2.9613e+02	6.6955e+02	-1.9622e+03	4.1368e+03	-3.0747e+03	-2.0704e+03	-9.3928e+02	2.0024e+03	-5.1263e+02	-1.1508e+03	1.2277e+03	1.5843e+03	5.6324e+02	-1.0569e+03	-1.1643e+03	1.3935e+03	-7.9471e+02	-4.4115e+03	3.2698e+03	9.7399e+02	-1.7862e+03	5.2917e+02	1.2059e+03	7.4433e+02	1.4793e+03	1.6243e+03	2.5881e+03	2.0177e+03	-1.6477e+03	2.9712e+03	5.1984e+02	2.1160e+02	1.8653e+03	-1.2893e+03	2.6489e+03	-1.6035e+02	4.5908e+02	-2.6421e+03	-1.9717e+03	-5.4298e+02	-1.6879e+03	-5.6055e+03	-1.1267e+03	9.9326e+02	-2.0004e+03	-1.3616e+03	3.8337e+03	-2.4702e+03	-8.7495e+02	-5.0040e+02	1.8208e+02	8.1908e+02	-5.5409e+02	-2.4228e+03	-4.1173e+02	-5.1234e+02	3.3468e+02	-1.3992e+03	-2.4434e+03	1.5553e+03	8.0575e+02	1.8138e+03	9.8859e+01	-2.9607e+03	1.3562e+03	-1.1811e+03	-8.8146e+02	1.1508e+03	5.8486e+02	-2.3493e+03	8.7460e+02	-2.5767e+03	9.9425e+02	-1.7919e+03	-1.2642e+03	-3.8718e+03	1.5910e+03	1.6757e+03	1.2941e+03	-1.5201e+03	3.5458e+02	-2.4013e+02	-3.0915e+02	1.5761e+03	-2.0555e+03	8.2799e+02	2.1159e+02	-1.0935e+02	7.6680e+01	-1.7492e+02	-2.6886e+02	2.4237e+03	-5.6618e+02	2.7504e+03	2.9826e+03	4.9395e+02	-7.1278e+02	-9.4769e+02	-1.6448e+03	-6.1543e+01	-1.2791e+03	1.3067e+03	1.2998e+03	1.1992e+03	2.1672e+03	-2.0093e+03	9.5745e+01	8.3026e+02	-2.9025e+03	1.6524e+02	-2.7339e+03	-2.8662e+03	-5.6211e+03	1.2195e+03	5.3101e+02	-1.8287e+02	-2.3968e+03	1.3515e+02	-5.0357e+02	-2.3222e+03	1.6108e+03	2.6122e+03	-4.1501e+02	-6.6729e+02	3.7703e+03	-2.9107e+03	1.5244e+03	-2.6924e+03	-3.4985e+03	-2.8715e+03	2.0300e+03	2.5531e+03	2.2245e+03	1.3761e+03	9.5820e+02	6.9133e+01	-4.4926e+02	-1.7330e+03	-1.5927e+03	-4.0751e+03	-2.8749e+03	-1.3418e+03	1.3792e+03	-1.7903e+03	7.1138e+02	1.8991e+03	7.8678e+02	-1.9948e+03	-3.2106e+02	-2.1388e+02	1.1149e+02	1.7157e+03	1.3627e+03	3.1804e+03	-4.0960e+02	-2.9618e+02	1.7850e+03	-2.0973e+03	-8.0110e+02	1.0578e+03	-7.0536e+02	-1.4124e+03
2.0000e+05	5.1982e+02	-1.4130e+03	5.3190e+02	-3.1992e+02	-2.1270e+03	-8.2753e+02	1.4614e+03	-7.2886e+02	-1.0490e+03	8.7692e+02	-1.1453e+03	-5.7221e+01	1.0701e+03	-3.7628e+01	-5.2834e+02	3.1767e+02	-2.5605e+02	6.3900e+02	1.1619e+03	1.8934e+03	2.6929e+02	5.1074e+02	-5.2969e+02	1.0826e+03	-1.0453e+03	-6.2374e+02	6.4434e+02	1.5881e+03	3.5970e+02	-3.8729e+02	1.4842e+02	-1.9650e+03	-3.0130e+02	-2.8785e+02	1.7887e+03	-1.4447e+03	1.5103e+03	-1.4882e+03	-4.7193e+02	-5.1011e+02	6.7039e+01	-2.2802e+03	-4.4163e+02	3.0956e+02	-1.6272e+03	1.2332e+03	7.5281e+02	5.2596e+02	-1.9642e+03	3.0461e+02	-2.0897e+03	1.9175e+03	4.2667e+02	2.2012e+02	7.7901e+02	-6.5354e+02	7.9449e+02	6.8888e+02	-6.6966e+02	8.7948e+02	-1.9769e+01	1.3231e+03	-1.9444e+03	-2.4760e+02	-8.9191e+02	-9.9478e+02	-1.2076e+01	1.5537e+02	4.1398e+02	7.0171e+02	8.4564e+01	7.5821e+02	2.0125e+02	-3.8541e+02	-1.3220e+02	-2.4913e+03	-9.9758e+02	-1.0642e+03	-1.1399e+03	-1.6389e+02	6.0150e+02	1.2834e+03	-3.0034e+02	-2.2700e+02	-1.0088e+03	3.8189e+02	1.2592e+03	5.2580e+02	-8.0210e+02	5.5386e+02	-1.8256e+03	-3.2262e+02	5.4206e+01	-4.2626e+02	-1.5056e+03	-5.3600e+02	1.2605e+03	1.8362e+03	9.2949e+01	-2.1138e+03	-1.2236e+03	1.1049e+03	-1.5093e+03	5.6241e+02	4.9785e+02	1.0244e+03	-4.4770e+02	1.9298e+03	-9.4688e+02	-2.7163e+03	-8.5503e+02	2.1617e+02	-2.1266e+03	9.7798e+02	-1.4844e+03	1.3050e+03	1.2573e+03	-1.5827e+03	5.5412e+02	-1.5037e+03	5.9546e+02	-1.7677e+02	-9.0439e+02	-9.7180e+00	5.0808e+02	1.0066e+03	-4.9238e+02	-2.1320e+03	1.7756e+02	1.3485e+02	3.9245e+02	-1.3071e+03	-1.3448e+03	2.0124e+02	-1.5553e+03	4.7905e+02	-1.8604e+02	3.9209e+02	9.2081e+01	-3.1027e+02	7.6362e+02	2.1359e+03	6.4723e+02	4.2310e+02	-2.3966e+03	-6.4385e+01	9.9690e+01	-2.1794e+03	-6.1784e+02	1.1746e+02	-1.3955e+03	2.1018e+03	-2.5232e+03	8.4062e+02	6.0721e+02	1.0841e+03	3.3504e+03	1.3920e+03	-3.6796e+02	1.4926e+03	2.3769e+02	-1.0743e+03	1.9468e+02	-7.8223e+02	1.5223e+03	1.1903e+03	4.3850e+02	4.7667e+02	-4.7993e+02	2.2278e+02	-4.1453e+02	-1.6006e+03	-2.5864e+03	1.0945e+03	-9.2352e+02	-2.0933e+03	-2.6044e+02	-1.1293e+03	-2.5466e+03	-5.4499e+02	7.2996e+02	-3.2199e+02	7.6085e+02	-1.4950e+03	-6.0046e+02	5.7165e+02	2.7651e+02	1.1615e+03	-8.2314e+02	-2.7584e+03	-7.0010e+02	1.8585e+03	-2.1672e+03	1.4882e+03	2.4684e+02	5.2788e+02	-5.8251e+02	6.5694e+02	-7.9161e+02	-1.5186e+02
2.0000e+05	2.4798e+03	-1.8410e+02	-1.0581e+03	2.5293e+03	-5.0272e+02	-1.8430e+03	-1.7662e+03	1.9595e+03	1.6013e+03	-1.9435e+03	-1.0569e+03	2.5667e+03	2.2208e+03	-6.2066e+02	-2.0605e+03	-5.0586e+02	-2.0801e+03	9.5062e+02	-2.9293e+03	3.1115e+02	5.6485e+02	-8.4541e+02	-8.9597e+02	1.3818e+02	1.8979e+03	5.0595e+02	-2.1757e+03	-3.2993e+02	2.2583e+03	-1.0901e+03	2.4608e+02	-2.4738e+03	-1.3674e+03	-2.6333e+03	1.4831e+03	-3.1936e+03	1.1803e+03	-1.9267e+02	9.5405e+02	1.0774e+02	-2.2972e+03	4.1984e+03	-4.3211e+03	-2.0306e+03	-1.8068e+02	1.7664e+03	-3.2604e+02	-7.7492e+02	1.2065e+03	1.7144e+03	4.8456e+02	-1.7335e+02	-1.6200e+03	1.6469e+03	-2.5020e+01	-4.1150e+03	3.3276e+03	4.3312e+02	-2.1032e+03	-1.4056e+02	1.3591e+03	1.0660e+03	9.4530e+02	1.5494e+03	2.3051e+03	1.8356e+03	-1.4309e+03	2.3934e+03	1.0577e+02	1.0360e+03	1.9492e+03	-1.4425e+03	2.7444e+03	-4.7171e+02	3.7661e+02	-2.5198e+03	-1.6213e+03	6.1596e+02	-1.5828e+03	-5.7810e+03	-1.2267e+03	8.3396e+02	-2.0842e+03	-1.5672e+03	3.9801e+03	-3.0838e+03	-2.4663e+03	1.7603e+02	-5.1894e+02	1.4150e+03	-1.7737e+02	-2.5771e+03	-1.1715e+03	-1.4214e+03	1.9354e+03	-5.1021e+02	-2.2079e+03	2.6728e+03	7.8536e+02	1.7712e+03	-3.0378e+02	-2.4360e+03	8.1840e+02	-6.2805e+02	-1.0754e+03	1.3102e+03	9.6155e+02	-2.1548e+03	2.3487e+03	-2.3097e+03	7.6969e+02	-2.0897e+03	-2.6820e+02	-3.9940e+03	2.0013e+03	1.7638e+03	1.9460e+02	-7.4217e+02	-4.7893e+02	-2.9972e+02	-6.2255e+01	1.5433e+03	-2.0309e+03	3.3123e+02	-1.0018e+02	-2.4689e+02	3.3483e+01	7.1048e+02	3.4740e+02	2.8178e+03	2.5009e+02	3.8880e+03	2.4828e+03	5.8317e+02	-1.5781e+03	-8.3230e+02	-1.8335e+03	6.2674e+02	-9.2691e+02	1.4676e+03	3.3570e+02	1.3112e+03	2.5505e+03	-2.3871e+03	-3.8089e+02	-1.8850e+02	-3.1504e+03	5.1710e+01	-2.7783e+03	-2.5792e+03	-5.1425e+03	8.2283e+02	1.4365e+03	-2.7763e+02	-2.4475e+03	-4.4653e+02	-2.4992e+02	-2.0185e+03	1.3667e+03	1.7771e+03	-5.0478e+02	-1.7347e+03	4.5776e+03	-2.8587e+03	1.5183e+03	-2.4784e+03	-3.6627e+03	-3.3262e+03	1.4936e+03	3.5081e+03	2.4129e+03	1.0176e+03	-4.4188e+02	-2.6523e+02	-3.2340e+02	-1.7557e+03	-7.5640e+02	-4.4821e+03	-2.5044e+03	-1.6123e+03	7.5894e+02	-1.2844e+03	1.5657e+03	2.1529e+03	-2.2643e+02	-2.1693e+03	7.5254e+02	1.5635e+02	8.1572e+01	1.4872e+03	1.9971e+03	3.2140e+03	-1.1378e+03	-9.0680e+02	1.2501e+03	-2.5119e+03	-1.7605e+03	-1.1325e+02	-9.8960e+02	-2.0968e+03
