2.0000e+04	-4.1576e+02	-4.7685e+02	-3.3981e+02	3.3812e+02	-5.9445e+02	-5.1749e+02	-8.8871e+01	-4.1593e+02	1.2790e+02	2.5319e+02	2.0787e+02	8.9774e+01	1.7143e+02	7.6100e+02	6.4750e+02	-3.8486e+02	-1.6103e+02	2.1698e+01	-4.7984e+02	1.1536e+02	3.7231e+02	2.8141e+02	8.4581e+01	3.3364e+01	-6.7680e+02	1.3619e+02	4.2185e+02	2.5022e+02	2.0872e+02	3.7105e+02	1.1710e+02	3.2439e+01	2.1171e+02	-3.2399e+02	-3.5046e+02	5.1525e+02	-1.8308e+02	2.4902e+02	6.6773e+02	4.7545e+02	1.5520e+02	-2.7381e+02	-2.6471e+02	1.4967e+02	4.5839e+01	-3.6175e+02	-4.6050e+01	-4.3156e+02	2.5548e+02	-4.5292e+02	-3.8749e+02	1.7248e+02	-1.1903e+03	-3.0439e+02	-1.9609e+02	1.2066e+02	7.1417e+02	-8.8131e+01	1.0519e+02	-3.9001e+01	-4.4911e+02	1.9588e+02	5.7441e+02	-5.2718e+02	1.9383e+02	-4.8131e+02	-1.3721e+02	1.0018e+02	1.5104e+02	-3.2549e+02	-8.1976e+01	-2.5650e+02	-8.1004e+01	-4.2641e+02	1.0531e+01	-8.6216e+02	-1.6891e+02	4.7209e+01	1.1054e+02	-2.0628e+02	5.5145e+02	1.6076e+02	-7.2786e+02	-6.4782e+01	1.0468e+02	-2.1004e+02	-4.2949e+02	9.1053e+02	1.1289e+02	1.3519e+02	-5.2479e+02	-1.7069e+02	-4.0140e+02	-4.2390e+02	-3.9126e+02	1.9169e+02	-2.4085e+02	5.7887e+02	-5.4861e+02	-3.2594e+02	-7.9584e+01	-4.6387e+01	1.7861e+02	1.2753e+02	-1.6154e+02	1.5798e+02	3.1161e+02	-2.0836e+01	1.8211e+02	5.8442e+02	1.0706e+02	1.5896e+02	-9.8987e+01	1.7858e+01	1.8860e+02	4.7614e+02	2.6832e+02	-1.1402e+02	6.0537e+01	4.0138e+01	5.9470e+02	-1.2708e+02	-2.7680e+02	1.2441e+02	2.2566e+02	3.2154e+02	-4.6980e+02	-2.9674e+01	-1.3414e+02	-5.3017e+02	6.5075e+00	5.2512e+01	4.0851e+02	-1.1768e+02	2.7471e+02	3.2646e+02	-9.4381e+01	-5.0316e+02	2.0394e+02	-3.2627e+02	4.0352e+02	6.3406e+02	1.2675e+02	-1.5368e+02	3.3953e+02	-2.3338e+02	-1.1675e+02	3.5102e+02	3.9207e+02	1.1263e+02	2.3654e+01	3.9211e+02	2.9343e+02	2.7754e+02	-2.1992e+02	4.1813e+02	-1.9872e+02	6.1232e+02	-4.5070e+02	8.7667e+01	1.0315e+03	3.8678e+02	8.1520e+02	3.8522e+02	2.1246e+02	3.4174e+02	-4.2297e+02	8.4843e+01	-5.2755e+02	2.6601e+02	-4.6945e+02	-2.3155e+01	-8.7962e+01	-1.0070e+03	-4.7345e+02	3.0163e+02	8.0453e+01	4.0777e+02	-2.5691e+02	2.0941e+02	-2.7068e+02	1.0197e+02	-3.0368e+02	-2.8872e+02	-1.2968e+02	2.0554e+02	1.0747e+02	4.6690e+02	9.5025e+01	-3.7181e+02	7.5611e+02	5.6668e+02	6.4848e+01	-1.5111e+02	5.6123e+02	-2.2257e+02	1.5714e+02	5.8641e+02	7.0664e+02	1.0478e+02
2.0000e+04	-9.5953e+02	1.0989e+03	-2.7498e+02	3.4881e+02	-2.0524e+02	-3.0256e+02	-2.9951e+02	-1.8273e+03	-4.1458e+02	-5.8586e+02	-3.5300e+02	1.2651e+03	-5.6574e+02	-1.6527e+02	-4.2008e+02	3.0951e+01	-2.1071e+02	5.6698e+02	-4.5145e+02	-6.4986e+02	-4.1162e+02	2.1319e+02	-7.3358e+02	2.3324e+02	-6.4581e+02	2.4479e+02	3.4255e+02	6.6441e+02	-9.0045e+01	-3.3653e+02	4.8719e+02	-8.8038e+00	-5.3574e+02	-6.9229e+02	2.2328e+02	2.6415e+02	2.6147e+01	-8.4149e+02	1.5057e+03	-4.9955e+02	-2.8779e+02	-9.8322e+02	-6.8491e+02	-3.3329e+02	5.9422e+02	5.2778e+02	-4.6164e+02	-2.8318e+02	9.2031e+02	5.2976e+02	-9.5045e+01	4.7055e+02	5.1071e+02	5.8718e+02	-3.6941e+02	5.4535e+02	-1.2982e+03	-3.9028e+02	-2.3846e+02	-2.1659e+02	8.0218e+02	-3.7896e+02	-5.4218e+02	-2.3299e+02	-2.9178e+02	4.6469e+00	-5.1085e+02	-8.1007e+02	-3.0358e+02	-4.7145e+02	-1.4472e+02	6.0239e+02	6.7626e+02	-7.8037e+02	-2.9494e+02	9.9983e+02	1.6394e+02	2.6879e+02	3.8699e+02	-9.6548e+01	-6.2940e+02	-1.0132e+02	6.4448e+01	2.4270e+02	-2.8226e+02	-7.1267e+02	-9.3643e+02	-3.0370e+02	1.7024e+02	-9.1730e+02	-9.2662e+01	5.8176e+02	-5.8609e+02	8.3794e+02	9.3787e+02	2.6838e+02	-4.8111e+02	-7.5916e+01	6.4374e+02	9.3555e+02	-9.4270e+02	-5.4029e+02	3.0913e+02	1.3710e+03	-7.4664e+02	-1.3152e+02	3.8995e+01	-7.3575e+01	-3.0107e+02	7.6730e+02	-2.6292e+02	6.8702e+02	-7.3417e+00	1.0546e+03	3.3942e+02	3.2703e+02	1.9988e+02	-5.5912e+02	-6.2934e+01	-1.0594e+02	-2.5535e+02	-8.5300e+01	5.1802e+02	-1.0372e+03	-4.5924e+02	-3.1084e+02	-4.5861e+02	4.8982e+02	3.1355e+02	1.7347e+02	3.6899e+02	9.2857e+00	-8.4310e+02	-3.6054e+02	1.6316e+03	-2.1280e+02	-7.2038e+02	6.8139e+01	-4.0134e+02	-5.1617e+01	2.6491e+02	-4.4669e+02	2.9687e+02	-4.5408e+02	5.9949e+02	3.8921e+01	-6.2737e+02	-5.0112e+02	-5.8315e+02	-8.8251e+02	3.9288e+02	-3.6793e+02	-3.8882e+02	5.9644e+02	-1.0647e+03	1.5870e+01	1.4428e+02	1.1286e+03	-8.3727e+02	-3.0612e+02	-9.6022e+02	3.9996e+02	-2.6381e+02	-6.7885e+02	8.7472e+02	3.0755e+02	-1.1117e+03	4.3197e+02	-1.1235e+02	-6.1625e+02	2.7786e+02	2.8220e+02	-8.5723e+02	3.4512e+02	1.0303e+03	1.6416e+02	-3.8036e+02	-5.1425e+01	-2.4484e+02	-8.6535e+02	8.0244e+02	2.7969e+02	7.7090e+02	-3.0803e+02	-1.0216e+03	-7.3753e+01	2.4605e+01	-1.5099e+02	2.4794e+02	1.2922e+03	1.0340e+02	-1.5185e+03	-2.2746e+02	7.5314e+01	4.9515e+02	1.3355e+03	-1.0456e+03	3.5489e+02	-3.5683e+01	-4.3125e+02
4.0000e+04	-1.1859e+03	-7.1762e+02	-9.1510e+02	4.8245e+02	-7.9847e+02	-4.6125e+02	3.3965e+02	-6.5473e+02	5.9551e+01	4.7703e+02	1.3575e+02	2.2415e+01	-1.1478e+02	1.4275e+03	7.7845e+02	-4.5799e+02	9.8610e+01	4.7614e+02	-2.4858e+02	1.0789e+02	6.9331e+02	5.6304e+02	6.7431e+02	-1.7436e+01	-6.5986e+02	6.3894e+01	5.5206e+02	1.1580e+02	2.0081e+02	-3.3006e+02	3.6179e+02	-3.0957e+02	6.1626e+02	-7.9196e+02	-5.1439e+02	3.3909e+02	3.1256e+02	-2.1201e+02	-1.3512e+02	9.1126e+02	8.0869e+02	-1.6523e+02	1.6452e+02	-5.0779e+02	1.7811e+02	-2.5861e+02	-3.6369e+02	-4.7948e+02	1.7692e+02	-7.8701e+02	-1.7956e+02	6.6989e+02	-1.7178e+03	3.3559e+02	1.2370e+02	1.7646e+02	8.4617e+02	4.4056e+01	3.1823e+02	-5.2282e+02	-1.7605e+03	-5.4455e+00	6.4417e+02	3.5141e+02	7.7782e+02	-7.4995e+02	1.6317e+02	-6.7274e+02	-1.2039e+02	-2.7090e+02	-4.0914e+02	2.3824e+02	2.6556e+02	-3.5236e+02	3.0113e+02	-8.4239e+02	1.5180e+02	6.5951e+02	1.0691e+02	-4.0066e+02	6.0495e+02	5.0967e+02	-6.9606e+02	-2.5154e+02	5.3248e+02	2.7504e+02	-2.7961e+02	9.7055e+02	-2.5240e+02	-2.7262e+02	-5.0906e+02	-1.6362e+02	-4.8718e+02	-5.2964e+02	2.3672e+02	7.9798e+00	-2.7646e+02	1.3218e+03	-1.0945e+02	2.2206e+02	-2.4272e+02	-2.6193e+02	1.1372e+02	-1.9569e+02	2.5712e+02	-4.6032e+01	2.8743e+02	-1.9593e+02	5.7403e+02	4.2679e+02	1.8029e+02	6.1682e+01	-6.5610e+01	2.1473e+02	2.8324e+01	1.0672e+03	7.8176e+02	-1.8012e+02	-6.9850e+01	4.6497e+02	4.4734e+02	-2.7274e+02	-6.0089e+01	1.5695e+02	7.1996e+01	2.7355e+02	-1.5567e+02	4.4598e+02	-3.0561e+02	-7.7075e+02	-6.0779e+02	4.5231e+02	6.2940e+02	-4.9440e+02	-4.1941e+01	9.3295e+02	-5.4288e+02	-6.2732e+02	-1.5638e+02	-9.7230e+01	8.8958e+02	7.8249e+02	-1.1844e+01	1.4806e+02	5.7641e+02	-4.6385e+02	9.2263e+01	-8.0694e+01	2.5571e+02	3.2958e+02	-2.3829e+01	-1.4840e+02	6.6892e+02	4.9498e+00	-4.1688e+02	4.5327e+02	-1.5259e+02	9.3936e+02	-1.7877e+02	4.1552e+02	6.0272e+02	6.1898e+02	4.5832e+02	4.9249e+02	-6.6072e+02	-1.5961e+02	-3.3064e+02	7.2338e+02	-5.2677e+02	2.4518e+02	-4.3156e+02	-4.1108e+01	3.9516e+01	-1.2566e+03	-3.0935e+02	2.5019e+02	1.9242e+02	5.2053e+02	-4.9970e+02	5.5759e+02	-7.5186e+02	3.5224e+02	1.8491e+02	-9.4720e+01	1.8350e+02	-2.3256e+02	1.8823e+02	8.2191e+02	1.5497e+02	-3.9261e+02	9.3168e+02	5.5482e+02	3.8140e+02	-2.4807e+02	2.5422e+02	-7.4950e+01	4.3704e+01	7.5633e+02	5.1599e+02	-2.1302e+02
4.0000e+04	-8.3812e+01	1.6353e+03	1.1686e+02	9.1356e+02	-1.3536e+03	-8.0899e+02	-3.7033e+02	-1.5757e+03	-8.9401e+02	-1.0494e+03	-4.3165e+02	1.7133e+03	-5.5206e+02	-1.8808e+02	4.1894e+02	1.8047e+01	4.6267e+02	9.9137e+01	-1.6471e+02	-6.8454e+02	-1.2591e+03	5.0165e+02	-1.1013e+03	4.8677e+02	-9.6979e+02	-4.3999e+02	-2.8139e+02	-5.3837e+02	7.2875e+02	-1.5572e+03	1.8494e+03	-2.4213e+02	-6.6374e+02	-2.1089e+03	-1.3622e+02	1.0536e+02	-7.1223e+02	-1.4178e+03	9.7264e+02	8.0153e+01	-1.0223e+03	-1.2865e+03	-1.3440e+02	8.4275e+02	6.1465e+02	3.1662e+02	-7.3623e+02	-4.3098e+02	1.7325e+02	7.7758e+02	-2.9154e+02	1.5652e+03	-8.7142e+01	1.5004e+02	6.8718e+01	-8.1452e+01	-1.2909e+03	-5.7864e+02	3.4069e+02	8.8106e+02	2.3560e+02	6.4854e+02	-8.2778e+01	-4.6691e+02	-3.9978e+02	8.3224e+02	-9.6985e+02	-6.5504e+02	1.2977e+01	-1.1431e+03	6.5313e+01	5.1800e+02	9.9061e+02	-4.9288e+02	-9.5293e+02	8.2200e+02	9.0686e+02	6.2425e+02	9.9310e+02	8.4339e+02	-1.6491e+03	-9.7574e+02	-3.8598e+02	-6.6549e+02	3.5740e+02	-9.1348e+02	-1.2040e+03	-1.6615e+03	9.0307e+02	-1.4786e+03	-8.0053e+02	7.5938e+02	-7.2304e+02	5.3880e+02	1.3856e+03	8.1623e+02	-6.5389e+02	-1.0582e+03	1.4566e+03	1.0316e+03	1.6810e+02	-7.8537e+01	-3.6156e+02	1.7421e+03	-2.6312e+02	1.3296e+02	-9.5202e+02	-9.5773e+02	-2.3861e+02	6.6929e+02	-1.6461e+01	4.8598e+02	-4.6138e+02	-5.8338e+02	-4.5899e+02	9.0911e+02	1.4453e+02	-1.2906e+03	-4.2621e+02	-7.2040e+02	7.9027e+02	-1.3936e+02	1.8355e+03	-1.2424e+03	-8.5251e+02	-3.6155e+02	1.0555e+02	1.4327e+03	8.2574e+02	8.8863e+01	6.9298e+02	4.4701e+02	-2.2153e+02	-6.1687e+01	8.6268e+02	-9.7953e+01	-4.7086e+02	-3.9145e+02	1.9772e+02	-3.0816e+02	-3.7667e+01	-7.8724e+02	-8.8970e+02	-1.4866e+03	-1.2529e+03	1.2850e+03	-1.0462e+03	-1.6213e+02	-1.1364e+03	-1.3513e+03	9.1395e+02	7.1998e+02	1.3066e+02	-2.1164e+02	-5.6044e+02	9.8331e+02	-5.8091e+02	2.8831e+02	-1.0698e+03	2.6282e+02	-1.1058e+03	4.6614e+02	-3.4397e+02	-3.6304e+02	9.6700e+02	-3.5324e+01	-1.3071e+03	1.6894e+02	-9.2441e+02	-1.6239e+01	-6.0197e+02	4.4403e+02	-1.8008e+03	-9.8998e+01	6.6772e+02	8.7047e+02	-6.1206e+02	-6.9726e+02	-8.2049e+02	-6.7077e+02	1.7862e+03	7.3637e+02	9.1591e+02	-1.2495e+02	-3.1700e+01	-4.3560e+02	2.4833e+02	-7.3035e+02	2.8790e+02	1.5751e+03	1.9162e+02	-3.1872e+03	-1.6328e+02	-6.9853e+02	9.9609e+01	1.5110e+03	-1.0612e+03	-1.7147e+02	-2.6322e+02	-1.0333e+03
6.0000e+04	-1.1403e+03	-9.4011e+02	-5.9622e+02	7.7444e+02	-3.8340e+02	-5.7175e+02	7.6380e+02	-6.8460e+02	5.9553e+02	8.2192e+02	5.9899e+02	5.7265e+02	-1.0397e+03	1.3380e+03	9.0270e+02	-6.4257e+02	2.1068e+02	7.1435e+02	-4.7618e+01	1.3800e+02	3.1245e+02	7.0614e+02	1.0824e+03	-3.8986e+01	-9.9891e+02	1.2631e+02	1.8748e+02	3.8999e+02	3.6605e+02	-1.1393e+03	5.2590e+02	-4.1607e+02	5.9665e+02	-5.1122e+02	-1.3934e+03	-2.5037e+02	2.0621e+02	-5.1452e+02	-9.4183e+02	7.1789e+02	2.9780e+02	-2.2562e+02	6.0526e+02	-3.6329e+02	4.9680e+02	-5.0739e+02	-5.4019e+02	-8.4203e+02	5.6662e+01	-8.0246e+02	1.3036e+02	6.7960e+02	-1.7263e+03	3.7240e+02	9.6985e+01	-1.4100e+01	1.1756e+03	6.3584e+02	3.3723e+02	-7.2726e+02	-1.7871e+03	4.7700e+01	7.1721e+02	2.7939e+02	1.4768e+03	-9.9744e+02	4.0790e+02	-9.9673e+02	-6.4827e+01	-2.4347e+02	-3.3779e+02	1.4053e+02	1.4497e+02	-4.4593e+02	-2.4361e+02	-7.1257e+02	-7.3160e+01	5.5534e+02	2.6766e+01	-1.8785e+02	7.9103e+02	1.0937e+03	-6.6503e+02	-8.4002e+02	1.2143e+03	-2.0000e+02	-1.7971e+02	3.2104e+02	-5.3407e+02	-6.0967e+01	-8.6000e+02	1.3229e+02	-6.4129e+01	-4.2013e+02	7.1368e+02	-4.4189e+01	-6.6347e+02	1.4366e+03	3.5312e+02	6.5890e+01	-2.4437e+02	3.1115e+02	3.7135e+02	1.3907e+02	-4.6588e+01	-8.3789e+02	2.4516e+02	6.3038e+00	7.1845e+02	9.6515e+02	3.5529e+02	-3.2151e+01	-4.7921e+02	-3.0221e+02	1.0004e+02	1.4020e+03	9.3544e+02	-1.5913e+02	-6.3527e+02	4.9777e+02	4.8212e+02	-6.4623e+02	-2.8304e+02	-1.7381e+02	1.7531e+02	6.8282e+02	2.1512e+02	7.7883e+02	-2.9611e+02	-8.2393e+02	-3.8906e+02	5.1076e+02	1.2116e+02	-1.0226e+03	2.7198e+02	6.9510e+02	-3.5237e+02	-8.9081e+02	4.5436e+00	-4.3117e+01	4.4913e+02	1.0179e+03	-4.1997e+02	3.5418e+02	-1.2527e+02	-7.7908e+02	4.2699e+01	-6.6064e+02	2.8739e+02	-5.1440e+02	-1.1719e+02	-1.3536e+02	1.2795e+03	-3.1927e+01	-1.1012e+03	6.3503e+02	-6.1236e+02	3.1175e+02	-4.9193e+02	3.6622e+02	4.7100e+02	2.6069e+02	3.5660e+02	9.2771e+02	-5.3901e+02	2.3813e+02	-9.5699e+02	2.4829e+02	-5.5825e+02	-3.6659e+02	-8.8690e+02	1.0859e+02	-1.3438e+01	-8.6503e+02	-3.2779e+02	6.1078e+02	2.1357e+02	9.1397e+02	-2.4181e+02	1.0205e+02	-1.0802e+03	-4.0928e+02	3.0346e+02	-4.6360e+01	5.0909e+02	-1.4073e+03	-3.9157e+02	7.7376e+02	3.2395e+01	-6.5729e+02	6.0728e+02	-1.0781e+02	3.0867e+02	-4.2159e+02	2.4050e+02	-4.2921e+02	2.9545e+02	9.4478e+02	2.2602e+02	6.3771e+01
6.0000e+04	-1.3183e+03	2.0726e+03	6.0958e+02	1.7593e+03	-1.2725e+03	-1.5858e+03	8.3300e+01	-3.8365e+02	-3.8901e+01	-4.1979e+02	-2.2764e+02	1.2575e+03	-1.0419e+03	-3.4419e+02	5.3389e+02	3.8388e+02	1.3484e+03	4.6661e+00	8.7276e+02	-1.0905e+03	-1.3318e+03	6.0585e+02	-1.0775e+03	1.0160e+03	-1.6149e+03	-2.9213e+01	-3.4456e+02	-6.7276e+02	1.1807e+03	-1.7926e+03	1.8546e+03	4.9175e+02	-3.7758e+02	-1.0825e+03	-7.0727e+02	-2.4519e+02	-1.2577e+03	-1.6648e+03	1.4672e+03	1.5429e+02	-1.2568e+03	-1.3337e+03	-5.1284e+02	1.5469e+03	5.8400e+02	1.6636e+02	-2.5481e+02	-2.0849e+02	7.5550e+02	-2.8423e+02	-1.0545e+02	2.2764e+03	4.5892e+02	1.4454e+03	-8.0522e+02	-1.9714e+03	-9.5426e+02	-1.2756e+03	-4.5579e+02	4.2210e+02	1.0507e+03	7.2611e+02	5.7753e+02	-8.0355e+02	-5.5060e+01	1.1625e+03	-1.2848e+03	-1.3795e+03	-1.7050e+02	-2.1979e+03	1.1930e+03	-4.0618e+02	2.0635e+03	-1.2252e+03	-9.5212e+02	1.5138e+03	8.7081e+02	1.3800e+03	7.5730e+02	1.3539e+03	-1.3238e+03	-1.0318e+03	4.4523e+02	-5.4285e+02	6.6773e+02	-1.0980e+03	-2.0156e+03	-1.4211e+03	6.3074e+02	-2.2124e+03	-3.0499e+02	7.7207e+02	-2.3525e+02	7.8560e+02	1.0167e+03	2.0958e+02	-3.9008e+02	-1.1450e+03	7.1550e+02	1.6848e+02	4.1229e+02	-2.5668e+02	-5.8345e+01	1.0980e+03	-2.5291e+02	-7.8453e+02	-5.6876e+02	-1.0227e+03	1.0553e+03	9.5598e+02	1.9197e+03	8.3870e+02	-8.2162e+02	-4.5312e+01	-7.3858e+02	8.6875e+02	-3.7248e+02	-8.0641e+02	-5.1599e+02	-6.1996e+02	8.4267e+02	-2.5434e+02	2.1033e+03	-4.8202e+02	-1.0951e+03	-1.4258e+02	3.7927e+02	1.7932e+03	2.7098e+02	-4.9459e+01	1.1044e+03	6.9058e+02	2.6588e+02	-6.9754e+02	1.1846e+03	-3.4307e+02	-3.4604e+02	-9.8715e+02	8.6826e+01	-1.0127e+03	5.7940e+02	-7.1552e+02	-1.8112e+03	-5.0523e+02	-2.5011e+02	1.7217e+03	-1.3472e+03	-3.4453e+02	-5.8422e+02	-1.3258e+03	1.8709e+02	7.9648e+02	-4.5691e+02	-1.1714e+03	-1.2042e+03	1.2763e+03	-7.7168e+02	4.0820e+02	-6.1437e+02	-8.6299e+02	-1.2406e+03	4.2354e+02	2.1996e+02	-1.7340e+02	7.4696e+02	7.5896e+01	-9.8284e+02	4.0304e+02	-9.8993e+02	1.9454e+02	2.6816e+02	7.2679e+02	-2.1443e+03	-5.7044e+02	1.4714e+03	8.7924e+02	1.7936e+02	5.0614e+02	-4.3669e+02	-4.1813e+02	1.8672e+03	6.0653e+02	-1.5138e+02	-1.5611e+02	6.3637e+01	4.3132e+02	-6.0365e+00	-1.9961e+03	6.9582e+02	1.6367e+03	4.3503e+02	-3.9524e+03	-2.6006e+01	2.0903e+02	-4.2650e+02	2.2426e+03	-1.0317e+03	-1.2415e+03	-1.2933e+03	-7.4054e+02
8.0000e+04	-1.4072e+03	-1.2478e+03	-1.1235e+03	7.5063e+02	-8.3075e+01	-1.7856e+01	5.6464e+02	-4.9035e+02	8.3180e+02	1.4839e+03	4.2963e+02	6.1936e+02	-7.6243e+02	8.7397e+02	1.3799e+03	-9.7325e+02	-3.4629e+01	9.6520e+02	1.3248e+02	4.4163e+02	5.1193e+02	7.4129e+02	1.4563e+03	1.1412e+02	-1.4462e+03	1.3272e+02	1.9289e+02	1.5866e+02	1.3930e+01	-1.2938e+03	3.7338e+02	-2.6550e+02	3.9117e+02	-5.5056e+02	-1.5159e+03	-6.1671e+02	-6.4076e+02	-4.5040e+02	-6.1317e+02	1.8130e+02	-1.8690e+02	-7.1754e+02	8.6068e+02	1.3765e+02	4.3521e+02	-4.8831e+02	-1.1077e+03	-1.0603e+03	1.5858e+02	-6.4024e+02	-1.1880e+02	7.9111e+02	-1.8490e+03	2.2433e+02	4.0561e+02	1.0243e+02	1.3819e+03	9.7852e+02	1.7204e+02	-4.3651e+02	-1.1895e+03	3.3693e+02	6.6962e+02	2.2339e+02	1.4521e+03	-1.3214e+03	8.3807e+02	-7.0965e+02	-8.9363e+00	-9.2385e+01	-7.5938e+02	-6.5262e-01	-5.6321e+01	-7.9346e+01	-2.4184e+02	-1.0015e+03	8.9841e+01	9.3659e+02	-3.6584e+02	5.6502e+01	1.3107e+03	1.1042e+03	-5.4755e+02	-9.2068e+02	7.2387e+02	-2.7563e+02	-1.2240e+02	3.9951e+02	-9.0406e+02	-1.6882e+02	-1.2218e+03	3.3395e+02	1.2115e+02	-3.1321e+02	1.0014e+02	-2.2015e+02	-5.6530e+02	1.9820e+03	6.3432e+02	2.7496e+02	-4.0906e+02	5.0666e+02	5.1800e+02	1.1892e+01	6.4241e+02	-8.3719e+02	-2.0038e+01	-6.0949e+02	5.1200e+02	1.4825e+03	3.3895e+02	-1.7819e+02	-4.1291e+02	-4.2373e+02	5.9636e+02	1.1209e+03	1.0566e+03	1.8306e+02	-9.7217e+02	5.8435e+02	3.6829e+02	-1.0650e+03	-3.1903e+02	2.0795e+02	2.2047e+02	6.6776e+02	1.7108e+02	4.9012e+02	1.9750e+02	-7.7390e+02	4.5227e+01	9.4610e+02	3.4020e+02	-1.1798e+03	2.5718e+02	9.4776e+01	-9.0559e+01	-9.0521e+02	-4.2169e+02	1.3051e+02	4.4210e+02	6.7035e+02	-4.3730e+02	2.0969e+02	-6.3370e+02	-7.5283e+02	-3.7388e+01	-1.0645e+03	-1.0068e+02	-1.2741e+02	-4.1789e+02	5.7719e+00	1.6925e+03	-3.3208e+02	-1.5499e+03	8.0920e+02	-7.0772e+02	3.1401e+02	-8.5478e+02	1.0258e+03	9.3348e+02	2.6167e+01	-3.8453e+01	1.1006e+03	-1.0253e+03	2.7703e+01	-1.5533e+03	-9.8900e+02	-2.4492e+02	-2.4015e+01	-1.7193e+03	2.9240e+01	-6.0235e+00	-1.0557e+03	-2.3150e+02	1.1874e+03	1.9644e+01	5.1663e+02	-1.0453e+02	4.9879e+02	-1.0499e+03	-4.8589e+02	9.2645e+02	-3.3938e+02	6.7094e+02	-6.5365e+02	-1.5824e+02	4.1605e+02	-3.2620e+02	-4.3038e+02	3.7294e+02	2.5514e+02	-6.5343e+00	-6.6958e+02	-3.6277e+02	-2.7228e+02	4.4988e+01	1.3800e+03	1.4453e+02	3.5758e+01
8.0000e+04	-5.3077e+02	1.2510e+03	1.2917e+03	1.5223e+03	-4.6313e+02	-1.1093e+03	1.2433e+03	3.0159e+02	1.3204e+02	1.2388e+02	5.9801e+02	1.0392e+03	-2.5236e+02	8.8941e+01	4.7555e+02	9.0063e+01	1.2529e+03	-1.8559e+02	7.2454e+02	-1.0760e+03	-1.0091e+03	1.0265e+03	-1.4181e+03	1.4318e+03	-1.2643e+03	-1.8554e+02	-1.4932e+03	2.1638e+02	1.3922e+03	-1.8111e+03	1.6437e+03	5.1375e+02	3.4632e+02	-1.4887e+03	-3.3232e+02	-4.8618e+02	-1.0833e+03	-1.2858e+03	1.2999e+03	1.9256e+02	-9.8702e+02	-1.4902e+03	1.8864e+02	2.1297e+03	1.4452e+02	-6.2093e+02	2.4866e+02	-8.4960e+02	1.6635e+03	-9.3766e+02	-9.6444e+02	2.6564e+03	1.6979e+02	8.8247e+02	-5.3754e+02	-1.8501e+03	-1.2310e+03	-1.4770e+03	-4.8544e+02	5.1009e+02	1.9004e+03	9.4232e+02	9.1175e+02	-4.5000e+02	1.1632e+02	1.2920e+03	-1.9248e+03	-9.0973e+02	-6.7399e+02	-6.1780e+02	2.3518e+03	2.1644e+02	2.0069e+03	-1.5103e+03	-1.0460e+02	1.2462e+03	1.4948e+03	1.6298e+03	1.3436e+03	1.4669e+03	-9.3081e+02	-1.9415e+03	3.1499e+01	-1.1881e+03	3.5406e+02	-1.6482e+03	-1.8410e+03	-1.3668e+03	7.2722e+02	-2.5945e+03	-4.0519e+01	3.4085e+02	-2.9678e+02	7.8568e+02	9.0816e+02	3.4506e+02	7.0692e+01	-1.4397e+03	9.2502e+02	8.0484e+02	6.2915e+02	7.2383e+01	-1.0798e+03	-7.2691e+02	-7.6975e+01	-1.9376e+03	-9.1547e+02	9.2934e+01	2.8596e+02	6.3789e+02	2.1075e+03	1.0287e+03	-3.9589e+02	2.1260e+02	-4.9370e+02	1.2430e+03	1.5478e+02	-1.8624e+03	-4.9400e+02	-1.1952e+03	1.1654e+03	-9.1406e+02	1.7011e+03	7.7985e+01	1.4709e+02	7.3114e+02	8.4889e+01	2.8354e+03	1.1411e+03	-2.0228e+01	1.5742e+03	-2.1282e+02	-3.1694e+02	-9.2054e+02	1.4806e+03	1.8551e+02	-5.5033e+02	-7.1920e+02	1.9595e+02	-5.2500e+02	2.8269e+02	-6.7196e+02	-1.0883e+03	-1.2025e+03	-5.8452e+02	1.5997e+03	-1.2295e+03	4.1404e+02	-1.3988e+03	-6.0748e+02	4.1012e+02	8.0333e+02	3.1497e+01	-7.5996e+02	-1.3824e+03	1.8366e+03	-6.5510e+02	1.6923e+02	-1.1037e+03	-7.2459e+02	-6.6485e+02	1.6674e+03	6.6752e+02	-9.8377e+02	7.3093e+02	3.2565e+02	-2.1389e+02	8.2252e+02	-1.6783e+03	-2.2614e+02	3.0008e+02	1.3933e+03	-1.7710e+03	-6.8083e+01	2.0481e+03	1.3054e+03	-8.5707e+02	2.0124e+03	-8.5863e+02	-7.1891e+02	1.6861e+03	-3.7697e+01	-3.9382e+02	8.3654e+02	4.7899e+02	3.1430e+02	-6.1868e+01	-1.9906e+03	7.7298e+02	1.7132e+03	2.5495e+02	-3.3898e+03	7.8455e+02	3.7859e+02	-4.4232e+01	2.6686e+03	-4.9352e+02	-4.9688e+02	-1.9408e+03	-4.9206e+02
1.0000e+05	-1.4860e+03	-1.3469e+03	-7.4159e+02	5.7011e+02	-3.2489e+02	-3.2183e+02	9.5218e+02	-5.4855e+01	7.4756e+02	1.5543e+03	3.4118e+02	5.2816e+02	-1.0762e+03	5.2367e+02	1.2200e+03	-1.1622e+03	-7.3341e+01	9.8996e+02	4.6120e+02	1.7247e+02	5.4615e+02	1.3846e+03	1.6048e+03	-1.3691e+02	-1.3009e+03	6.1862e+00	3.7237e+02	-1.1411e+02	-9.9745e+01	-1.7560e+03	1.4625e+01	5.2947e+02	5.3947e+02	-7.5561e+02	-1.5110e+03	-8.3461e+02	-1.2923e+03	-5.1416e+02	-1.3287e+03	-3.1111e+01	-5.2771e+01	-3.9924e+02	7.7620e+02	5.7695e+01	2.2841e+02	-5.0156e+02	-1.1935e+03	-1.1742e+03	9.2966e+01	-1.4322e+03	-4.2696e+02	8.1568e+02	-1.9946e+03	2.8316e+02	1.5899e+02	4.0187e+02	1.3311e+03	6.8513e+02	2.1533e+02	-9.2337e+02	-1.0171e+03	2.8703e+02	8.8569e+02	9.9223e+00	1.0937e+03	-1.4068e+03	3.2950e+02	-9.4666e+02	5.9162e+02	-1.3245e+01	-6.5883e+02	-1.5380e+02	-4.5312e+01	-5.5971e+02	-7.1110e+02	-9.1362e+02	-3.1425e+02	8.1959e+02	-4.5755e+02	-2.1626e+02	1.8290e+03	8.1449e+02	-6.5498e+02	-8.0595e+02	2.2568e+02	-4.0347e+02	3.0878e+02	-1.5257e+02	-1.3491e+03	-2.6331e+01	-1.1475e+03	2.4503e+02	-1.2603e+01	-4.8453e+02	2.5219e+02	5.5382e+01	-4.7232e+02	1.8933e+03	1.0408e+03	6.6854e+02	-2.5782e+02	3.0195e+02	8.2093e+02	1.0834e+02	4.8563e+02	-8.3485e+02	1.1404e+02	-3.3031e+02	6.1001e+02	1.2504e+03	2.5452e+02	1.8252e+02	-2.3548e+02	-6.2576e+02	5.4151e+02	8.9592e+02	9.8919e+02	2.0475e+02	-8.2798e+02	5.6967e+02	1.7864e+02	-9.2329e+02	-6.8576e+02	3.6655e+02	7.9840e+01	3.9385e+02	-2.1386e+02	8.3910e+02	1.2913e+02	-8.3478e+00	1.2727e+01	1.5580e+03	1.1165e+02	-1.3288e+03	3.1193e+02	-2.7216e+02	-1.1062e+02	-5.0441e+02	-1.2698e+02	1.4941e+02	-7.6037e+01	1.1037e+03	-5.3542e+02	9.3536e+01	-1.3352e+03	-6.6477e+02	-1.0199e+02	-1.4691e+03	-2.3269e+02	-1.4576e+02	-8.1061e+02	1.3199e+02	1.7288e+03	-4.6626e+02	-1.7386e+03	5.8395e+02	-9.0197e+02	1.6821e+02	-8.9743e+02	9.1267e+02	1.0409e+03	1.6423e+02	-2.2193e+02	1.1082e+03	-9.5616e+02	3.8694e+02	-1.9484e+03	-1.1174e+03	1.1600e+01	-2.5240e+02	-1.6670e+03	4.7399e+02	3.3257e+02	-1.7239e+03	3.3202e+02	8.8366e+02	1.0692e+02	6.7442e+02	-3.0824e+02	4.3273e+02	-1.3687e+03	-5.1708e+02	1.9549e+02	-3.8929e+02	4.5623e+02	-6.8259e+02	-8.4045e+01	4.7824e+02	-3.3455e+02	-4.3364e+02	-6.1524e+02	-5.5200e+01	2.1900e+02	-9.4737e+02	-8.4046e+02	-7.6100e+02	5.5106e+01	9.5314e+02	8.7699e+02	3.8068e+02
1.0000e+05	-4.9055e+01	1.3775e+03	1.3375e+03	1.8477e+03	-5.6588e+02	-9.6814e+02	2.3947e+03	5.5550e+02	-2.0489e+02	3.4461e+02	-4.8955e+01	3.8749e+02	4.7348e+02	-8.1443e+01	7.5216e+02	-9.2999e+02	1.3419e+03	5.1049e+02	1.8797e+02	-1.6602e+03	-3.1769e+01	1.7010e+03	-3.3122e+02	8.4887e+02	-2.2112e+03	-3.1819e+02	-2.5721e+03	-2.9736e+01	1.6198e+03	-1.7184e+03	1.0382e+03	9.5714e+02	1.2588e+03	-8.6546e+02	-2.0253e+02	6.6712e+02	-4.4824e+02	-1.0569e+01	1.4125e+03	2.6271e+02	-1.5801e+03	-2.5358e+03	-6.8104e+02	2.3124e+03	2.0370e+02	-9.2554e+02	2.8325e+02	-5.7793e+02	1.3708e+03	-1.3790e+03	-1.0562e+03	3.3728e+03	8.8168e+02	7.0793e+02	-2.6355e+02	-2.6942e+03	-1.1739e+03	-1.6730e+03	-4.5023e+02	2.0788e+02	1.1655e+03	6.8766e+02	1.3844e+03	-4.6338e+02	4.0945e+02	7.7976e+02	-2.0802e+03	-1.0414e+03	-1.4240e+02	-5.3556e+02	2.9018e+03	-7.1634e+02	1.3616e+03	-1.8629e+02	2.8886e+01	1.5221e+03	1.2799e+03	1.9901e+03	7.6053e+02	1.1049e+03	-6.0338e+02	-2.3607e+03	-1.6324e+02	-1.8715e+03	2.2283e+02	-1.7994e+03	-1.5668e+03	-1.5215e+03	2.4492e+02	-2.8621e+03	-1.0535e+03	-6.0139e+02	-1.6153e+03	-6.7286e+00	1.0645e+03	5.0498e+02	8.5085e+01	-1.8797e+03	7.7350e+02	2.1774e+03	1.2468e+03	5.6704e+00	-2.9125e+02	-1.7783e+03	-9.1467e+02	-2.1113e+03	-8.6823e+02	-1.4859e+02	1.0964e+02	4.9467e+02	1.9097e+03	2.9446e+02	7.5048e+02	1.3186e+02	-1.3501e+02	8.4407e+02	-9.6565e+02	-2.8101e+03	1.2452e+02	-1.7393e+03	1.3160e+03	-1.1008e+03	7.4764e+02	-1.6399e+02	7.7848e+02	5.8472e+02	1.2778e+02	2.9420e+03	1.8930e+03	7.2320e+01	1.5304e+03	-4.1875e+02	-6.8310e+02	-9.4754e+02	1.8004e+02	6.9928e+02	-1.3517e+03	-1.8254e+03	8.1485e+02	-6.0715e+02	5.9563e+02	-1.2732e+03	-7.3298e+02	-1.2972e+03	-5.2283e+01	1.2221e+03	-2.3610e+03	6.9231e+02	-1.4852e+03	-1.4037e+02	6.6844e+02	6.0035e+02	5.7326e+02	-1.4553e+03	-1.1661e+03	1.8284e+03	-1.4927e+02	-1.0689e+03	-9.4638e+02	1.4018e+02	-5.0335e+02	2.0897e+03	6.6382e+02	-3.5893e+02	7.5612e+02	4.4731e+02	-1.1977e+03	1.8698e+03	-1.5475e+03	-2.5960e+02	2.2292e+02	1.8497e+03	-8.2485e+02	-3.9692e+02	2.1186e+03	1.7048e+03	1.0576e+02	1.9664e+03	-1.4288e+03	-4.9291e+02	3.1326e+03	-5.4632e+00	-1.6805e+03	1.5372e+02	-2.3322e+02	-2.9976e+01	3.8767e+02	-2.6244e+03	9.9112e+02	1.1042e+03	8.6087e+02	-2.9123e+03	9.0498e+02	-6.8993e+02	-3.1185e+02	3.8093e+03	-1.9359e+02	-3.2872e+02	-2.8340e+03	-6.9678e+02
1.2000e+05	-1.3060e+03	-1.6236e+03	-7.1986e+02	4.5975e+02	-3.3583e+02	3.5262e+02	1.2655e+03	-1.2373e+02	4.6925e+02	1.2592e+03	1.0060e+03	7.2565e+02	-1.1547e+03	1.9869e+02	7.3176e+02	-9.4666e+02	-1.2325e+02	3.2825e+02	7.4797e+02	5.3396e+02	1.0857e+03	1.2827e+03	1.3748e+03	6.0406e+01	-7.1374e+02	-4.9741e+02	6.3853e+02	-4.7365e+02	-2.5392e+02	-1.4193e+03	-1.6725e+02	4.1749e+02	1.0831e+03	-6.8841e+02	-1.6374e+03	-4.4847e+02	-7.3994e+02	-3.7601e+02	-4.5824e+02	4.0854e+02	4.1038e+02	-9.4828e+02	6.1282e+02	-1.4438e+00	5.0252e+02	-4.5630e+02	-1.6674e+03	-1.4868e+03	3.0202e+01	-1.6843e+03	-4.8504e+02	6.8922e+02	-2.3006e+03	1.2062e+02	5.6132e+02	3.0865e+02	1.6843e+03	7.3595e+02	1.9317e+02	-1.1686e+03	-1.1321e+03	-5.9364e+02	6.8093e+02	-1.8523e+02	1.3909e+03	-4.4633e+02	4.3241e+02	-1.2430e+03	1.2311e+03	7.5009e+02	-6.0160e+02	-2.7980e+02	1.9618e+02	-4.1178e+02	-9.5276e+02	-1.1812e+03	-3.1121e+02	3.8956e+02	-6.9513e+02	3.1257e+02	1.9814e+03	4.9780e+02	-6.4483e+02	-1.2276e+03	-3.4443e+02	-3.3784e+02	2.7533e+02	-7.4465e+02	-1.7459e+03	1.6311e+02	-5.4193e+02	-6.6450e+01	-3.2772e+02	-8.2946e+02	-6.1808e+01	-2.4487e+01	-4.6749e+01	1.6641e+03	8.6737e+02	6.3455e+02	-4.5913e+02	-5.7020e+01	8.6313e+02	-3.8512e+01	1.1790e+03	-1.0508e+03	-7.2533e+02	-9.5696e+01	3.4091e+02	8.6073e+02	-1.5520e+01	8.1121e+02	-3.0780e+02	-8.7951e+02	2.0815e+02	1.4969e+03	1.3477e+03	-7.2835e+01	-1.0695e+03	9.2133e+02	5.5143e+02	-1.6442e+03	-1.1782e+03	3.7868e+02	-1.5052e+01	3.5498e+02	-1.8299e+02	4.9772e+02	9.1628e+02	-2.4730e+01	-2.5009e+00	1.9174e+03	2.1464e+02	-9.7455e+02	-8.0201e+01	-3.6712e+01	9.2148e+01	-2.1071e+02	-3.9836e+02	1.1829e+02	-1.4183e+02	2.4119e+02	6.9127e+01	-4.7246e+01	-1.2005e+03	-7.6539e+02	4.3892e+02	-1.8665e+03	-4.4537e+02	-6.3693e+02	-7.2841e+02	-2.1317e+02	1.8326e+03	-3.9474e+02	-2.3901e+03	3.5729e+02	-1.1219e+03	4.7889e+02	-1.6962e+03	3.5615e+02	9.9981e+02	-9.0498e+01	2.9939e+02	2.0607e+03	-9.1655e+02	-8.9217e+01	-2.1411e+03	-7.6650e+02	4.6663e+02	1.0639e+02	-1.3335e+03	2.2302e+02	8.1920e+02	-1.7047e+03	-2.5326e+01	8.5603e+02	-1.9256e+02	1.0658e+03	-9.3273e+01	2.6736e+02	-1.5487e+03	-7.3310e+01	1.0998e+03	-9.6890e+02	3.1742e+02	-7.8436e+02	-1.5316e+02	1.2807e+03	-3.6169e+02	-6.1613e+02	-8.9682e+02	-6.5886e+01	-4.0716e+00	-9.4234e+02	-1.0712e+03	-9.5730e+02	-2.0504e+02	5.6516e+02	3.5972e+02	4.6923e+02
1.2000e+05	-8.5725e+02	1.7210e+03	9.5990e+02	2.3747e+03	-4.5269e+02	-2.6135e+03	1.7989e+03	1.2324e+02	3.0114e+02	6.6454e+02	8.6157e+02	2.7050e+02	1.7178e+02	-9.1130e+01	1.1218e+02	4.2763e+02	1.6622e+03	6.0449e+02	-1.9063e+02	-1.4757e+03	-1.3232e+02	2.3438e+03	3.0596e+01	6.5009e+01	-1.3533e+03	-2.7386e+01	-2.2528e+03	-7.8398e+02	1.5440e+03	-1.2362e+03	6.7992e+02	1.0335e+03	2.1036e+03	-1.1010e+03	-6.9939e+02	3.5082e+02	3.5405e+02	-5.8014e+01	1.4941e+03	7.0165e+02	-1.9355e+03	-2.7473e+03	-2.3170e+01	1.6052e+03	4.6655e+01	-2.4611e+02	4.9053e+01	-1.2284e+02	1.6835e+03	-9.9686e+02	-1.2415e+03	5.0088e+03	1.3108e+03	1.5474e+02	-2.7347e+02	-2.8205e+03	-1.2745e+03	-1.2385e+03	-1.0047e+03	3.7025e+02	1.3280e+03	1.0888e+03	1.7363e+03	6.1345e+02	-3.0254e+02	1.2438e+03	-1.6487e+03	-1.8121e+03	3.7681e+02	-4.0844e+02	2.5207e+03	-6.8189e+02	8.4334e+01	-2.1122e+02	-9.1525e+01	1.8665e+03	1.7840e+03	2.4606e+03	1.1639e+03	8.3103e+02	-1.0565e+03	-3.1761e+03	-1.5623e+02	-1.2137e+03	6.5488e+02	-8.4876e+02	-1.2226e+03	-1.3895e+03	1.0006e+03	-2.8357e+03	-1.9759e+03	-5.5058e+02	-1.5600e+03	-1.9073e+02	5.3779e+02	1.2949e+03	8.0574e+02	-2.2293e+03	1.5867e+03	1.6760e+03	-1.9375e+01	1.3668e+02	-4.1139e+02	-2.4694e+03	-9.4356e+02	-3.0049e+03	5.7237e+02	7.2691e+02	-1.0748e+02	1.4511e+02	1.4451e+03	-2.3160e+02	1.8477e+02	1.0991e+03	-1.1010e+03	7.6214e+02	-7.5965e+02	-3.0739e+03	5.4083e+02	-2.2551e+03	2.4031e+03	-9.7158e+02	4.8281e+02	2.4214e+01	1.3522e+03	8.2506e+02	4.7538e+02	2.5174e+03	2.1364e+03	2.0830e+02	1.5712e+03	-2.6873e+02	-5.0467e+02	-1.0865e+03	4.9911e+02	8.9975e+02	-6.2843e+02	-3.9302e+02	6.0021e+02	-8.7385e+02	7.2415e+02	-1.4245e+03	-4.1690e+02	-1.9744e+03	1.6845e+03	1.9354e+03	-1.7092e+03	7.4392e+02	-1.9313e+03	-9.3671e+02	3.3917e+02	1.3341e+03	-4.1104e+02	-1.5882e+03	-6.1763e+02	5.5365e+02	1.6420e+02	-9.2517e+02	-1.4024e+03	-2.0955e+02	2.2102e+01	2.5351e+03	-1.3255e+02	-3.9910e+02	7.5361e+02	-3.7594e+02	-2.3798e+03	2.6411e+03	-2.9547e+02	-1.2517e+03	7.6624e+02	2.6971e+03	-9.2200e+02	-1.8693e+03	1.9348e+03	2.3045e+03	8.7035e+02	1.7859e+03	-2.2108e+03	2.5259e+02	2.2673e+03	-7.2740e+02	-1.7706e+03	-2.9737e+02	-1.4495e+03	-1.3217e+02	-6.3663e+02	-2.3189e+03	1.4005e+03	9.8768e+02	8.6175e+02	-3.6987e+03	3.2735e+02	-1.6792e+02	2.5388e+02	3.7744e+03	-6.6867e+02	-3.3869e+02	-2.9368e+03	-1.7357e+02
1.4000e+05	-1.3234e+03	-1.3018e+03	-1.1204e+03	6.4127e+02	-3.1612e+02	-1.8153e+02	1.1184e+03	-5.0261e+02	-5.0104e+01	1.3155e+03	8.9602e+02	1.0424e+03	-7.7155e+02	-9.0118e+01	6.5785e+02	-7.3176e+02	-6.4110e+02	1.1828e+02	1.6104e+03	6.1590e+02	1.5095e+03	1.2391e+03	1.3407e+03	-9.7512e+01	-1.0247e+03	-1.6139e+02	3.2229e+02	-5.1634e+02	-3.4425e+02	-1.6538e+03	7.4605e+01	4.0685e+02	9.2979e+02	-6.5636e+02	-1.2939e+03	-8.6989e+02	-1.0408e+03	1.6677e+02	-6.4082e+02	-1.0711e+02	-1.1209e+00	-8.5923e+02	-2.6545e+02	-9.1074e+02	1.4858e+02	-5.2649e+02	-1.6763e+03	-1.9819e+03	-2.8669e+02	-1.8957e+03	-5.7805e+02	6.8101e+02	-2.7195e+03	-3.5769e+02	3.6831e+02	-3.5838e+02	1.3468e+03	1.0653e+03	2.7115e+02	-9.1914e+02	-1.0749e+03	-6.8365e+01	1.2816e+02	-2.1924e+02	1.0589e+03	-4.7884e+02	1.8924e+02	-1.3635e+03	1.2244e+03	1.0834e+03	-3.0870e+02	-8.6194e+02	-2.0648e+02	-1.3487e+02	-1.4295e+03	-1.0765e+03	-4.2208e+02	-4.0012e+01	-8.7561e+02	8.1646e+02	2.3043e+03	8.0697e+02	1.0449e+02	-1.2218e+03	-1.1083e+02	-5.4302e+01	1.3384e+02	-1.4343e+03	-1.5485e+03	4.8832e+02	-8.9338e+02	4.4747e+02	2.8115e+02	-1.5299e+03	-1.4667e+02	4.6161e+02	1.8618e+02	1.8918e+03	8.5426e+02	9.9448e+02	-1.0529e+03	-7.8618e+01	1.0375e+02	1.8534e+02	1.2233e+03	-1.2497e+03	-7.4178e+02	-5.6884e+02	3.2675e+02	1.4816e+03	7.7899e+02	8.5700e+02	-8.4119e+01	-1.0474e+03	1.9981e+02	1.4568e+03	1.1310e+03	1.0497e+02	-4.4629e+02	1.2283e+03	2.6688e+02	-1.5242e+03	-1.4971e+03	1.2937e+02	-3.4888e+02	6.0387e+01	-3.7824e+02	4.6987e+02	3.4810e+02	-1.4881e+00	5.3572e+01	1.9447e+03	-5.5385e+02	-7.4609e+02	2.3869e+02	-4.7838e+02	4.5354e+02	-5.2542e+02	-3.1896e+02	2.4639e+02	-1.0925e+02	3.0992e+01	-3.6190e+02	3.2728e+02	-1.4527e+03	-8.0830e+02	1.6740e+02	-1.4430e+03	3.2532e+01	-1.0211e+03	-3.2357e+02	9.4641e+01	1.8419e+03	-5.4802e+02	-2.3456e+03	7.2520e+02	-1.0026e+03	7.5504e+02	-1.8787e+03	2.9087e+02	1.3508e+03	-2.1581e+01	9.2088e+01	1.9089e+03	-9.2904e+02	-2.7061e+02	-1.9118e+03	-9.2858e+02	8.4344e+02	-1.6425e+02	-1.6214e+03	3.1251e+02	4.7970e+02	-1.6628e+03	-8.9234e+00	6.1990e+02	-2.0635e+02	1.0120e+03	2.8401e+02	2.4435e+02	-2.0660e+03	6.2351e+01	1.3387e+03	-1.4829e+03	7.4190e+02	-7.6583e+02	2.4292e+02	9.7091e+02	-7.2560e+02	-1.7996e+02	-8.2274e+02	-4.4603e+02	-1.9993e+02	-8.6665e+02	-1.0373e+03	-1.3046e+03	-1.2361e+03	5.9045e+02	2.6773e+02	6.1852e+02
1.4000e+05	-4.3235e+02	2.0606e+03	6.8006e+02	2.2646e+03	8.9691e+01	-3.7920e+03	1.7427e+03	-1.2051e+03	2.5283e+03	-1.2273e+02	2.1640e+03	-1.6185e+02	-3.0786e+02	-9.3844e+02	-2.6240e+02	1.5827e+02	4.4717e+02	2.5305e+02	3.5630e+02	-1.1865e+03	4.2250e+02	2.1262e+03	2.7052e+02	-4.8356e+01	-1.7675e+03	-2.9929e+02	-1.3967e+03	-1.3655e+03	1.2176e+03	-2.0723e+03	-2.7096e+02	9.7259e+02	9.1564e+02	-1.7015e+03	-3.8741e+02	-2.0766e+02	1.2751e+03	-1.0300e+02	1.9983e+03	1.4400e+03	-2.9448e+03	-3.2972e+03	-7.7468e+02	4.7431e+02	5.3541e+01	4.7649e+02	-4.5067e+02	-3.8112e+02	1.8581e+03	-1.0433e+03	-1.2641e+03	5.3045e+03	1.4420e+03	2.9671e+02	-6.5043e+01	-2.6329e+03	-2.3673e+03	-1.2674e+03	-7.1226e+02	1.7087e+03	1.0523e+03	1.4839e+03	1.0822e+03	3.2211e+02	-1.2671e+03	1.2297e+03	-2.9908e+03	-2.1395e+03	5.4917e+02	-1.0066e+03	3.4518e+03	-1.6428e+03	-1.9350e+02	-8.9950e+02	-1.7230e+03	-6.1638e+01	1.3313e+03	2.8040e+03	1.2588e+03	5.3302e+02	-1.2436e+03	-2.1054e+03	-1.3050e+03	-9.9667e+02	6.7086e+02	-3.7950e+02	-1.4779e+03	-1.8610e+03	8.4501e+02	-3.1101e+03	-1.0023e+03	-1.9126e+03	-1.6459e+03	-6.2397e+01	-5.1941e+01	1.8231e+03	1.1945e+03	-2.2042e+03	1.0562e+03	1.8627e+03	3.7837e+02	-9.0099e+02	-5.0757e+02	-2.4481e+03	-1.1837e+03	-3.4511e+03	-9.2973e+02	-1.5093e+01	2.5654e+01	3.1304e+02	1.6643e+03	3.2417e+01	-1.3803e+02	9.0891e+02	-2.1482e+03	2.4429e+03	-1.6635e+03	-3.2966e+03	9.3478e+02	-2.9900e+03	1.8594e+03	-8.2722e+02	7.2185e+02	-1.5328e+02	1.2884e+03	1.7124e+03	9.0778e+02	2.6779e+03	1.8752e+03	5.3003e+02	2.0617e+03	-1.6513e+03	-1.9869e+02	-1.1470e+03	-2.8208e+02	1.1705e+03	-1.0165e+03	-1.0393e+03	-4.0652e+02	-1.3116e+03	9.2928e+02	-9.8170e+02	-2.4470e+03	-1.8086e+03	2.2183e+03	1.2032e+03	-1.9735e+03	2.8700e+02	-1.7748e+03	-1.2608e+03	-3.6336e+02	1.4319e+03	5.2561e+02	-1.1235e+03	-4.5040e+02	-1.8764e+02	8.8696e+02	-8.4144e+02	-1.6257e+03	1.0280e+01	2.0685e+02	2.6148e+03	1.2752e+02	-4.7233e+02	2.5295e+02	-5.6036e+02	-2.5227e+03	1.0211e+03	-2.3097e+01	-1.0428e+03	1.2297e+03	2.6893e+03	-4.7564e+02	-1.7880e+03	2.6129e+03	2.7097e+03	1.0143e+03	1.9511e+03	-2.2141e+03	3.7179e+02	2.3991e+03	-2.5713e+02	-2.0914e+03	3.8997e+01	-1.6640e+03	2.7729e+02	-8.0749e+02	-2.0505e+03	2.3624e+03	1.0490e+03	-4.3134e+02	-4.1067e+03	1.3847e+03	-1.2553e+01	1.0182e+03	3.0595e+03	1.8005e+01	-3.7298e+02	-2.6549e+03	-1.1424e+03
1.6000e+05	-1.7331e+03	-1.4278e+03	-9.1628e+02	3.6207e+02	-4.0066e+02	2.8968e+01	1.0560e+03	-6.8070e+02	-2.3264e+02	9.5642e+02	1.3944e+03	1.8330e+03	-1.1332e+03	6.9943e+02	8.7818e+02	-1.3735e+03	-7.1005e+02	2.0389e+02	1.7142e+03	1.1444e+02	1.4913e+03	1.0481e+03	9.6190e+02	-6.6565e+02	-1.2105e+03	1.9498e+02	3.4782e+02	2.5432e+02	-3.3015e+02	-1.7329e+03	3.1733e+01	1.2791e+03	7.8258e+02	-6.0784e+02	-1.1166e+03	-9.6600e+02	-1.3607e+03	1.4236e+02	-4.3114e+02	-3.2673e+02	-7.5783e+02	-1.1773e+03	4.2325e+01	-8.7581e+01	-1.8662e+02	-1.4344e+03	-2.1533e+03	-2.3153e+03	-4.1204e+02	-1.5130e+03	-8.2592e+02	4.7910e+02	-3.0817e+03	-3.7411e+02	2.9506e+02	-1.2044e+02	1.6671e+03	9.3322e+02	8.6389e+01	-3.4489e+02	-8.0368e+02	-4.4144e+00	2.9354e-01	-4.3880e+02	1.4121e+03	-7.7070e+02	-2.6074e+02	-1.4979e+03	1.3433e+03	1.1296e+03	-2.5110e+01	-9.5128e+02	2.2024e+02	-6.2118e+02	-1.6159e+03	-8.7237e+02	-6.2685e+02	4.3718e+01	-1.4486e+03	6.3844e+02	2.3508e+03	9.8483e+02	-1.9497e+02	-1.5801e+03	2.3785e+01	9.2058e+02	6.6361e+02	-1.4717e+03	-1.5681e+03	-5.3090e+01	-1.1605e+03	9.6323e+02	-2.0897e+01	-7.9997e+02	-3.2324e+02	1.3310e+03	3.3916e+02	2.5938e+03	5.2044e+02	1.3964e+03	-1.5893e+03	-4.7999e+02	5.9367e+01	4.9510e+02	1.1027e+03	-1.1185e+03	-9.0607e+02	-1.0285e+03	7.9143e+02	1.6037e+03	1.3848e+03	8.7588e+02	1.2191e+02	-1.2584e+03	2.5606e+02	1.1632e+03	1.6957e+03	-1.7722e+02	-1.4238e+02	8.5341e+02	-1.6204e+02	-1.9747e+03	-1.1584e+03	4.7008e+02	-2.4042e+02	-3.5346e+02	-3.8808e+02	1.1274e+03	1.2653e+03	6.5892e+02	8.6459e+01	1.9141e+03	-8.8716e+02	-1.2074e+03	-5.0670e+02	-1.1422e+03	3.3808e+02	-3.1699e+02	-1.0197e+02	4.8711e+01	-3.3043e+02	2.0773e+00	-4.7878e+02	1.4517e+02	-2.0268e+03	-1.7247e+03	4.8436e+02	-1.5022e+03	1.2186e+02	-9.1645e+02	9.3375e+01	5.7171e+02	1.9894e+03	-8.7393e+02	-3.0753e+03	5.5578e+01	-8.0117e+02	6.4847e+02	-1.8089e+03	-3.3328e+02	1.3440e+03	5.4289e+02	8.5339e+02	2.5814e+03	-8.8213e+02	1.3854e+02	-2.4291e+03	-1.1540e+03	1.3175e+03	1.3994e+01	-1.8806e+03	3.2374e+01	5.1908e+02	-1.4769e+03	3.8124e+02	4.2368e+02	-5.8007e+02	1.3566e+03	5.6059e+02	3.3625e+02	-2.0502e+03	-4.7617e+02	2.1269e+03	-1.3031e+03	1.3765e+03	-2.8729e+02	1.1615e+02	6.2101e+02	-1.1692e+03	-7.3675e+01	-5.7567e+02	-3.7307e+02	-1.8451e+02	-1.0350e+03	-6.0628e+02	-1.1072e+03	-2.0073e+03	6.7389e+02	6.9005e+02	1.1595e+03
1.6000e+05	-3.3107e+02	2.1365e+03	3.9478e+02	2.7228e+03	1.1923e+03	-4.2944e+03	2.4947e+03	-1.9232e+03	3.7228e+03	-1.0903e+03	1.2564e+03	4.2744e+02	-4.2245e+02	-5.4966e+02	1.8813e+02	2.8271e+02	1.6821e+02	2.7927e+02	1.4000e+03	-2.3646e+02	1.0119e+03	2.5739e+03	5.5452e+02	1.9346e+03	-2.3545e+03	-7.3358e+02	-1.5911e+03	-1.7025e+03	1.5001e+03	-1.9172e+03	-7.5506e+02	1.8485e+03	2.6560e+02	-6.4209e+02	-4.5688e+02	-3.0957e+02	1.3003e+03	7.2960e+00	2.8836e+03	9.7191e+02	-2.4198e+03	-3.2210e+03	-4.2023e+02	7.9036e+02	7.6109e+02	4.1618e+02	-6.5218e+02	-5.8782e+02	1.7946e+03	-1.1179e+03	-1.3976e+03	5.2885e+03	1.7389e+03	7.1057e+02	7.9223e+01	-2.8263e+03	-3.0988e+03	-7.1447e+02	-8.0673e+02	2.4204e+03	1.2991e+03	4.3633e+02	1.1652e+03	-4.6006e+02	-1.5960e+03	2.4247e+03	-3.7592e+03	-2.6077e+03	1.5831e+03	-1.3385e+03	3.8248e+03	-9.6576e+02	1.7525e+02	-1.2540e+03	-3.3616e+03	3.2019e+02	8.4757e+02	2.7015e+03	1.6525e+03	9.3550e+02	-1.6417e+03	-1.1009e+03	-1.6561e+03	-2.3725e+03	6.2579e+02	-4.8114e+02	-6.7204e+02	-2.6940e+03	4.4482e+02	-3.5312e+03	-8.7131e+02	-1.5071e+03	-2.2487e+03	-5.0470e+02	-5.3925e+02	1.8018e+03	4.0148e+02	-1.5578e+03	1.7743e+03	1.8715e+03	1.2268e+03	-3.0319e+02	-1.4417e+03	-1.1938e+03	-2.1512e+03	-3.1198e+03	-5.9203e+01	1.2411e+03	-5.6815e+01	-6.5844e+02	8.9593e+02	-8.8223e+02	1.2318e+02	7.4146e+02	-3.5222e+03	1.7712e+03	-2.5532e+03	-3.7947e+03	1.1321e+03	-3.5065e+03	2.1427e+03	-8.1462e+02	1.5483e+02	-1.4976e+03	1.5912e+03	1.3717e+03	1.0066e+03	3.0084e+03	1.9265e+03	2.3830e+02	2.3958e+03	-2.0748e+03	-1.4269e+02	-1.1164e+03	-1.3040e+03	1.9902e+02	-7.3647e+02	-1.0183e+03	4.7717e+02	-1.6295e+03	1.2092e+03	-4.1113e+02	-1.2226e+03	-2.3476e+03	2.1892e+03	6.0901e+02	-2.4658e+03	-3.9745e+02	-1.5777e+03	-1.2057e+03	-1.2413e+02	2.5889e+03	4.6038e+02	-1.0017e+03	-5.7772e+02	1.5483e+03	-8.1391e+01	-1.1278e+03	-1.1393e+03	-1.6132e+03	5.8412e+02	2.0923e+03	-6.8562e+01	-1.5152e+02	9.6630e+02	-5.6418e+02	-2.0177e+03	1.4443e+03	-3.4769e+01	-1.4262e+03	1.0545e+03	2.6631e+03	-7.0456e+02	-1.3265e+03	2.2555e+03	1.6529e+03	1.5104e+03	1.2278e+03	-2.6717e+03	5.9483e+02	1.4590e+03	-1.4487e+02	-2.4588e+03	1.1282e+03	-9.8287e+02	6.1467e+02	5.2274e+02	-6.4391e+02	2.2129e+03	1.2296e+03	-3.1134e+01	-3.5932e+03	2.5018e+03	1.3535e+03	8.8379e+02	4.0425e+03	-7.8253e+01	-5.1440e+02	-3.2798e+03	5.8580e+02
1.8000e+05	-2.1537e+03	-2.2153e+03	-9.7214e+02	5.1383e+02	-2.8353e+02	2.3398e+01	1.2490e+03	9.2215e+01	-1.9447e+02	5.7020e+02	9.9647e+02	1.3188e+03	-1.2272e+03	4.8034e+02	1.4961e+03	-1.0967e+03	-1.4835e+02	3.7425e+02	1.9045e+03	5.8734e+02	7.0974e+02	8.4284e+02	1.0580e+03	-5.7347e+01	-1.4129e+03	4.0713e+02	1.0116e+02	3.5181e+02	-7.0696e+02	-1.6377e+03	-7.2317e+02	9.2797e+02	6.6832e+02	-1.0509e+03	-7.0258e+02	-1.3938e+03	-1.9305e+03	2.2159e+02	-4.3564e+02	-1.5680e+00	-1.2306e+03	-1.5045e+03	2.4985e+02	1.6148e+02	-4.6603e+02	-1.3217e+03	-2.2838e+03	-2.0794e+03	-5.6854e+02	-1.3024e+03	-3.4942e+02	-1.4162e+02	-3.4348e+03	-9.3493e+02	7.1786e+02	-2.8446e+01	1.6602e+03	1.0646e+03	1.2544e+02	-5.3289e+01	-6.2023e+02	-6.9785e+01	3.8806e+02	-7.1533e+02	1.1002e+03	-1.0086e+03	-5.1742e+02	-1.7800e+03	5.8889e+02	7.2449e+02	-6.4722e+02	-9.0811e+02	5.9782e+01	-3.8526e+02	-1.2930e+03	-9.2480e+02	-3.3070e+02	1.1885e+02	-1.1578e+03	6.0020e+02	2.6389e+03	8.1888e+02	-2.3183e+02	-1.2510e+03	-2.4905e+02	3.3598e+02	8.5673e+02	-1.0980e+03	-1.7071e+03	7.3389e+01	-1.2041e+03	9.6798e+02	2.1500e+02	-1.0443e+03	3.1456e+02	1.5638e+03	6.1552e+02	2.4174e+03	3.0769e+01	1.8191e+03	-2.0892e+03	-7.4469e+02	-2.0645e+02	8.5732e+02	8.9074e+02	-3.3924e+02	-5.5068e+02	-1.3923e+03	5.1824e+02	1.9560e+03	1.7260e+03	1.0178e+03	1.4551e+02	-1.4665e+03	-4.5020e+01	6.2825e+02	1.2904e+03	4.6956e+02	-2.3501e+02	3.7071e+02	-5.4971e+02	-1.5437e+03	-8.6860e+02	4.6952e+02	3.1513e+02	-2.5547e+02	-4.3257e+02	8.1865e+02	1.1620e+03	1.4398e+02	5.0913e+02	1.9554e+03	-6.8180e+02	-1.4511e+03	-6.0139e+02	-1.5606e+03	2.5255e+02	-2.8818e+02	-2.0853e+02	-5.3106e+01	-4.3532e+02	-2.8918e+02	-1.3656e+03	4.0255e+02	-2.5508e+03	-1.5640e+03	1.0940e+03	-2.4202e+03	-5.8456e+01	-1.5727e+03	-2.4703e+02	6.6142e+02	2.2814e+03	-1.2344e+03	-2.8425e+03	-3.3113e+01	-7.1039e+02	-1.0675e+02	-1.1708e+03	-5.9992e+02	1.6477e+03	4.2267e+02	1.2376e+03	2.8686e+03	-1.3979e+03	-2.3709e+02	-2.6612e+03	-5.1983e+02	1.1558e+03	4.5515e+02	-1.6869e+03	-3.1611e+02	7.6456e+02	-1.2430e+03	8.2017e+02	2.3950e+02	-7.7987e+02	9.7585e+02	4.6745e+02	5.7970e+02	-1.3699e+03	-2.3462e+02	1.7529e+03	-1.1246e+03	1.3246e+03	-1.1766e+03	3.2328e+02	3.5098e+02	-1.1904e+03	-1.4822e+02	-1.2979e+02	-4.0009e+02	-5.4494e+02	-3.1332e+02	-7.7555e+02	-1.8060e+03	-1.2156e+03	5.8575e+02	8.1510e+02	9.3366e+02
1.8000e+05	8.0948e+01	2.1319e+03	-7.1955e+01	1.8308e+03	1.0488e+03	-4.0385e+03	2.3146e+03	-1.8829e+03	3.5603e+03	-1.2906e+03	2.5254e+03	2.9156e+02	-1.0750e+03	-5.2337e+02	2.6394e+02	-5.4475e+01	-1.3124e+03	7.8035e+02	1.9323e+03	-7.5521e+02	8.5117e+02	2.0139e+03	6.6824e+02	2.2752e+03	-2.9621e+03	-9.1819e+02	-1.4323e+03	-1.2930e+03	9.7788e+02	-1.7701e+03	-1.3853e+02	1.9091e+03	8.4573e+02	-6.1284e+02	-1.1284e+03	2.6585e+02	1.4375e+03	8.1445e+02	2.8739e+03	9.1955e+01	-2.4899e+03	-4.1244e+03	-8.9835e+02	1.0287e+03	1.4095e+03	-1.7482e+02	-1.1150e+03	-2.6674e+02	1.7453e+03	-1.5716e+03	-2.1396e+03	6.1301e+03	1.1948e+03	1.0845e+02	-1.4765e+03	-2.8922e+03	-3.0440e+03	-8.4018e+02	-5.3350e+02	2.8759e+03	6.3998e+02	1.1104e+03	1.1249e+03	-1.0377e+03	-2.3474e+03	2.7083e+03	-3.6814e+03	-2.1327e+03	7.5993e+02	-2.6247e+03	2.9843e+03	-7.5308e+02	5.1483e+02	-1.3039e+03	-3.5122e+03	1.0653e+03	1.8374e+02	2.7637e+03	1.8881e+03	3.0770e+02	-1.7403e+03	-1.8849e+03	-4.4183e+02	-2.0267e+03	1.0184e+03	-1.1134e+03	-5.2191e+02	-1.9611e+03	1.3138e+02	-3.1826e+03	-2.5552e+02	-1.0219e+03	-2.0697e+03	-9.9848e+02	-2.3177e+02	2.3038e+03	2.4623e+02	-2.1197e+03	1.4540e+03	2.9437e+03	9.2097e+02	-4.6106e+02	-1.0721e+03	1.1166e+02	-1.3893e+03	-3.1511e+03	-4.9135e+01	1.0558e+03	1.8573e+02	-3.1234e+02	1.6896e+03	-1.6118e+03	5.2592e+02	1.9222e+03	-4.1296e+03	2.1229e+03	-2.5367e+03	-3.6961e+03	2.1397e+03	-3.1305e+03	1.7933e+03	-1.3131e+03	-9.1198e+01	-1.0604e+03	1.5532e+03	4.6530e+02	7.6877e+02	2.4185e+03	2.1128e+03	3.9715e+02	1.5074e+03	-2.8988e+03	7.8754e+02	-8.9715e+01	-7.4795e+01	1.2904e+02	-9.9786e+02	-1.2709e+03	4.4848e+02	-2.0119e+03	1.0513e+03	6.0008e+02	-1.1505e+03	-1.8987e+03	1.6825e+03	-8.9660e+00	-3.0547e+03	-7.2845e+02	-6.5453e+02	-9.4491e+02	-4.8378e+02	2.6933e+03	-1.2989e+01	-1.7370e+03	-4.3771e+02	1.9606e+03	-3.2046e+02	-4.8417e+02	-1.1608e+03	-2.1196e+03	4.1273e+02	1.9469e+03	7.0721e+02	1.6814e+02	9.7760e+02	7.3662e+02	-1.5898e+03	1.9106e+03	3.3884e+02	-8.2685e+02	-7.8920e+01	2.2624e+03	-2.8106e+02	-1.2182e+02	2.0450e+03	1.1197e+03	2.4783e+03	3.8115e+02	-1.3578e+03	8.5591e+02	3.2120e+03	-3.0255e+02	-2.8527e+03	9.0651e+02	-5.7181e+02	1.0983e+03	1.3401e+03	5.4026e+01	3.3338e+03	1.9877e+03	1.1547e+02	-2.5117e+03	1.6285e+03	1.2373e+03	1.7940e+03	3.7411e+03	-8.5542e+02	-9.9954e+02	-3.8999e+03	5.3203e+02
2.0000e+05	-1.4561e+03	-2.4422e+03	-7.1720e+02	4.2977e+01	2.0536e+02	6.4183e+02	1.0267e+03	4.1907e+02	-5.6689e+02	1.0899e+03	1.0660e+03	1.4014e+03	-9.2364e+02	8.5122e+00	1.1891e+03	-3.7008e+02	-2.5586e+02	-6.1660e+01	2.0269e+03	7.8284e+02	8.3773e+02	1.3856e+03	5.2581e+02	1.9061e+01	-2.1048e+03	8.5362e+02	1.9656e+02	1.7410e+02	-5.2198e+02	-1.1725e+03	-4.2303e+02	1.0041e+03	5.2007e+02	-1.2839e+03	-1.2500e+03	-1.3007e+03	-2.0342e+03	7.1633e+02	1.3757e+02	3.0186e+01	-1.7754e+03	-1.5788e+03	1.0568e+03	-1.1801e+02	5.4723e+02	-9.7714e+02	-1.4264e+03	-2.5092e+03	-4.8895e+02	-2.1042e+03	-9.8134e+01	-1.1348e+02	-3.7783e+03	-1.2292e+03	8.0050e+02	3.6364e+02	1.6416e+03	1.0654e+03	2.4911e+02	-5.3212e+02	-3.1899e+02	7.6062e+00	3.2288e+02	-4.8041e+01	1.6164e+03	-1.0960e+03	-4.6438e+02	-1.9400e+03	6.8447e+02	6.6424e+02	-7.4439e+02	-9.3939e+02	2.2578e+02	-2.3387e+01	-1.2240e+03	-1.1539e+03	-1.0232e+01	-6.7501e+02	-7.5750e+02	1.3634e+03	1.8747e+03	1.7987e+02	-1.0037e+02	-9.6261e+02	6.5865e+01	3.5717e+02	9.0451e+02	-1.4648e+03	-1.8182e+03	1.5113e+02	-1.5660e+03	8.4370e+02	2.4645e+02	-1.2596e+03	3.6367e+02	1.2303e+03	3.6952e+02	2.3756e+03	-3.9571e+02	1.6522e+03	-1.7484e+03	-1.3019e+03	-5.9777e+02	6.9251e+02	7.0800e+02	9.3531e+00	2.4193e+02	-1.5789e+03	1.1397e+02	2.0502e+03	1.5980e+03	7.8691e+02	2.2122e+02	-1.2080e+03	-3.7811e+02	1.2445e+03	1.4356e+03	7.5088e+02	-1.3271e+02	9.4721e+02	-2.3014e+02	-1.5875e+03	-6.7811e+02	2.2544e+02	-1.4766e+02	-1.5283e+02	-1.5420e+02	6.7409e+02	1.2457e+03	5.1776e+02	2.1383e+02	1.3510e+03	-4.8452e+02	-1.4277e+03	-5.4025e+02	-1.4887e+03	3.4657e+02	-6.7970e+02	3.0273e+02	-3.6685e+02	-3.2948e+02	-3.7826e+02	-1.1667e+03	4.1029e+02	-2.8760e+03	-1.0190e+03	1.4562e+03	-2.0436e+03	-2.1962e+02	-2.0831e+03	2.1738e+02	6.0563e+02	1.7704e+03	-1.1319e+03	-2.9614e+03	-7.5973e+02	-4.7112e+02	-1.1182e+02	-1.5064e+03	-4.4444e+02	2.0145e+03	6.1887e+02	1.2162e+03	2.8404e+03	-1.9411e+03	2.0352e+01	-3.0072e+03	-5.6519e+02	1.2548e+03	-1.7905e+01	-1.5921e+03	-9.1725e+02	1.0278e+03	-1.0882e+03	5.9384e+02	6.0257e+02	-1.2016e+03	1.2034e+03	2.9743e+02	8.3089e+02	-1.2757e+03	-4.2044e+01	1.8199e+03	-5.2132e+02	1.9023e+03	-1.0909e+03	-1.8365e+02	1.0671e+03	-1.8325e+03	-3.3900e+02	-3.4527e+02	2.8406e+02	-9.5725e+01	-9.1526e+02	-6.7636e+02	-2.0299e+03	-1.1973e+03	7.0642e+02	7.8661e+02	1.1076e+03
2.0000e+05	1.2541e+03	2.5909e+03	-4.6118e+02	2.3620e+03	6.2066e+02	-4.9286e+03	3.1441e+03	-2.2012e+03	3.8189e+03	-1.7168e+03	2.1950e+03	4.5589e+02	-4.4170e+02	-2.9472e+02	6.8689e+02	5.4646e+02	-6.1304e+02	-7.5827e+01	1.1937e+03	-2.5837e+02	7.8188e+02	2.0441e+03	6.2127e+02	2.1838e+03	-3.1713e+03	-7.6254e+02	-2.0524e+03	-1.5680e+03	1.4048e+03	-1.9163e+03	4.3894e+02	1.7396e+03	5.0499e+02	-2.3692e+02	-1.2625e+03	4.6350e+02	2.7006e+03	7.8346e+02	2.2894e+03	-4.6957e+02	-2.2651e+03	-3.5156e+03	-1.9646e+03	1.8753e+03	1.7755e+03	-8.2750e+02	-2.7899e+02	-8.6961e+02	1.4675e+03	-1.5328e+03	-2.1684e+03	7.2115e+03	1.0346e+03	-3.1375e+02	-2.3925e+03	-3.7829e+03	-3.6667e+03	-7.1072e+02	-1.3670e+02	2.4835e+03	-5.1145e+02	2.6577e+02	1.5911e+03	-7.8951e+02	-2.6224e+03	2.3898e+03	-4.0956e+03	-2.5683e+03	1.1028e+03	-3.1578e+03	3.6012e+03	-4.3655e+02	6.3287e+02	-1.9358e+03	-3.3078e+03	2.0083e+03	-2.6668e+02	3.3333e+03	1.8477e+03	-2.9608e+02	-2.7168e+03	-6.8423e+02	-4.0932e+02	-2.1124e+03	6.3317e+02	-5.5159e+02	-2.9056e+02	-1.0729e+03	-4.4187e+01	-4.0395e+03	1.2796e+02	2.5024e+02	-2.6398e+03	-1.5800e+03	1.1738e+02	2.3802e+03	1.3466e+03	-2.4416e+03	5.0294e+02	1.9773e+03	1.6117e+03	-2.9602e+02	4.9552e+02	1.1179e+03	-1.7096e+03	-3.5767e+03	-1.9370e+02	2.7098e+02	4.2924e+02	-9.0997e+02	1.8297e+03	-1.5853e+03	8.1941e+01	2.6860e+03	-4.0811e+03	1.8347e+03	-2.7266e+03	-3.2595e+03	2.3799e+03	-3.4941e+03	1.6679e+03	-1.4341e+03	-7.6810e+01	-8.9715e+02	7.5955e+02	3.1425e+02	2.1964e+02	1.1443e+03	1.6609e+03	1.9946e+02	1.9934e+03	-3.1264e+03	4.9674e+02	-5.5898e+02	8.8038e+01	3.8370e+01	-8.7740e+02	-7.5499e+02	7.3408e+02	-1.7788e+03	1.3677e+03	6.4306e+02	-2.4159e+03	-2.2294e+03	2.0285e+03	-2.1015e+02	-2.3490e+03	-9.1710e+02	-1.8576e+03	-1.0786e+03	-1.0601e+03	3.6415e+03	-1.9032e+02	-1.0646e+03	-8.8818e+02	2.2964e+03	-1.0629e+03	-8.1893e+01	-1.2710e+03	-2.5950e+03	1.0610e+03	1.2779e+03	9.6295e+02	1.0119e+03	2.8594e+02	8.1358e+02	-1.8298e+03	1.7896e+03	6.5587e+02	-1.8235e+03	1.7277e+02	2.3214e+03	-1.1260e+03	-3.6943e+02	1.1990e+03	4.9302e+02	1.8867e+03	3.4048e+02	-2.4255e+03	1.0270e+03	2.7238e+03	-9.1211e+02	-2.7895e+03	6.1812e+02	-1.8549e+03	7.2592e+02	1.5671e+03	7.3635e+02	2.4818e+03	2.2298e+03	1.1049e+03	-1.3633e+03	1.0158e+03	8.2280e+02	2.3087e+03	3.7051e+03	-7.3573e+02	3.2219e+01	-4.3080e+03	-2.0157e+02
