2.0000e+04	1.7201e+02	-2.5715e+02	6.9427e+01	-1.3791e+02	-8.0974e+01	-2.6570e+01	-3.6577e+02	3.6299e+02	-3.8401e+02	2.7130e+02	-2.5770e+02	-6.8091e+01	-7.2035e+02	-1.1320e+02	3.7757e+02	-3.3796e+02	1.4868e+02	8.0347e+02	-1.6005e+02	2.4710e+01	-5.1250e+02	-6.3467e+02	-3.2802e+02	-3.1948e+02	4.0159e+02	2.3991e+02	-4.7200e+02	1.0330e+03	-5.6622e+02	1.6526e+02	4.6557e+02	-3.3667e+02	-1.5952e+02	-6.3388e+00	-4.1652e+02	5.5667e+02	1.3483e+02	-3.1205e+02	9.7500e+01	2.7115e+01	-2.0373e+02	-1.0371e+02	-3.2342e+02	-1.2967e+02	-3.8818e+02	-1.6893e+01	-5.9963e+02	-3.5086e+02	-3.9718e+02	-3.2932e+00	-1.5321e+02	2.2976e+02	-4.5185e+02	-6.6183e+02	4.5290e+02	3.4193e+02	1.0104e+02	-2.1377e+02	-4.2765e+02	1.0406e+02	-5.9649e+00	-4.2358e+01	4.9030e+02	-7.0857e+02	3.3394e+02	4.1606e+01	1.7822e+02	-7.5149e+01	-2.1955e+02	-5.3253e+02	1.1192e+02	-3.3687e+02	2.3689e+02	-1.4528e+02	2.6155e+02	1.9916e+02	2.6350e+00	1.6476e+02	-3.3904e+02	-7.7282e+02	-3.2282e+02	-4.5905e+02	5.1925e+02	3.8305e+02	3.7550e+02	6.6101e+02	-1.5022e+02	1.6535e+02	-1.1027e+03	-2.4764e+02	8.0656e+01	1.1900e+02	-2.7631e+02	2.4547e+02	8.5187e+02	8.5902e+01	-5.5674e+02	-7.6401e+01	7.2290e+02	-1.7884e+02	3.6457e+02	1.9948e+02	-2.8920e+02	1.6412e+02	-3.6429e+01	4.3027e+02	5.0775e+02	1.9160e+02	-2.8493e+02	-4.2384e+02	-1.5853e+02	-4.1534e+02	-2.6150e+02	1.3679e+02	5.5077e+01	-5.8551e+02	-8.8396e+01	-8.1877e+00	5.1422e+02	-2.8091e+02	-2.0668e+02	4.3161e+02	-5.0600e+02	-2.5272e+01	1.1535e+02	3.1521e-01	2.6564e+02	9.4507e+01	-2.9559e+02	-1.8342e+02	3.6095e+02	8.6503e+02	-1.2733e+02	4.5572e+02	-3.3656e+02	7.8592e+01	-9.4550e+01	2.7752e+02	4.7627e+02	1.2543e+02	1.7123e+02	-4.1087e+02	-1.2354e+02	-1.9678e+02	-2.3927e+02	-2.1037e+02	-3.2753e+02	-2.5756e+02	-3.2969e+02	-3.9643e+02	2.7126e+02	-2.9289e+01	4.2277e+02	3.8310e+02	2.9612e+02	-9.3629e+02	-1.8644e+01	-1.0696e+02	-5.4423e+02	-2.0531e+02	-4.5554e+02	2.2903e+02	4.0025e+01	1.8466e+02	2.5385e+02	8.1213e+02	-1.9432e+02	-1.6093e+02	-2.6636e+02	2.7828e+02	5.5417e+02	-7.3115e+02	4.7601e+02	4.2943e+02	-4.8225e+02	6.9028e+01	1.3810e+02	6.1734e+02	-1.4444e+02	-3.5195e+02	1.2315e+02	-2.7154e+02	1.4008e+02	-4.9573e+02	8.7579e+02	1.0890e+02	-4.4879e+01	4.3392e+02	9.6781e+01	2.6588e+01	-4.1933e+01	2.1611e+02	2.8350e+02	3.2312e+02	8.4926e+02	1.0714e+02	-2.3528e+02	5.4084e+01	1.9941e+02	4.3336e+02
2.0000e+04	-7.1282e+01	4.6790e+02	1.2952e+03	4.0782e+01	-1.1910e+03	-5.0025e+02	3.5100e+02	2.4499e+02	-1.6476e+03	-2.5047e+02	-4.2475e+02	1.3524e+02	2.0705e+02	-1.1535e+02	2.1392e+02	2.5378e+02	-3.3912e+02	-5.2803e+02	5.8954e+02	-5.6024e+02	3.6571e+02	-3.1273e+02	7.1479e+02	-4.4630e+02	1.0738e+03	-4.4971e+02	5.2762e+02	-6.8006e+02	-7.3564e+02	1.1688e+03	2.1509e+02	-7.0590e+02	-1.0298e+03	-1.1365e+02	-4.6226e+02	-5.9606e+02	2.0396e+02	-6.2256e+02	3.4240e+02	6.8718e+02	-1.6643e+02	7.8119e+01	6.7393e+02	-1.6581e+02	-1.0562e+02	-2.3249e+02	-1.8286e+02	-9.3180e+02	-3.7189e+01	1.1899e+02	2.4465e+02	-5.1975e+02	4.1464e+02	-3.3322e+02	6.0551e+02	-3.8062e+02	-6.6449e+02	-1.8089e+02	8.5287e+01	4.3502e+01	-4.8718e+01	-1.3698e+02	3.5826e+02	3.1288e+01	-8.8007e+01	-1.0045e+03	-9.9523e+02	7.4375e+01	7.4009e+02	3.9135e+02	3.7343e+02	6.2622e+01	4.5838e+02	7.9817e+02	3.4636e+02	2.6534e+02	1.1495e+02	-1.2222e+03	-8.5526e+01	-1.3312e+02	-8.2374e+01	-3.7618e+02	-3.3836e+02	5.8352e+02	8.7289e+02	-7.9587e+02	1.2813e+02	-1.6206e+02	-1.3583e+03	-1.0395e+03	-3.1286e+02	-2.9057e+02	8.1399e+02	-1.7341e+02	3.4536e+02	-5.2640e+02	4.4269e+02	5.4257e+02	7.4673e+02	4.0502e+02	8.4674e+02	7.3550e+01	-6.2139e+01	1.6817e+02	-1.8644e+02	-4.9057e+02	-2.0328e+02	-3.2740e+02	-8.7449e+02	3.8223e+02	9.9176e+02	5.9000e+02	-1.6605e+02	5.0496e+01	-5.4063e+02	8.0634e+02	7.1524e+02	-6.2818e+02	1.2213e+03	-6.5164e+01	-2.3789e+02	5.2791e+02	-6.3517e+02	2.0210e+02	-2.4832e+02	-2.3474e+02	-3.3081e+02	-5.8222e+02	-3.0165e+02	3.6332e+01	-7.8358e+02	-2.8789e+02	-8.6972e+02	2.0101e+02	3.8265e+02	7.5357e+02	-1.2078e+03	-4.9020e+02	-3.5577e+02	-2.6792e+02	2.5995e+02	-8.4987e+01	-3.2404e+02	-4.5023e+02	-4.7030e+02	-9.2985e+02	-2.4045e+02	5.4970e+02	2.7980e+02	-4.6265e+02	-1.9159e+02	-7.4204e+02	-8.2790e+01	-1.2288e+03	7.9565e+02	-3.2479e+02	4.6358e+02	-1.6459e+02	-5.1310e+02	5.4168e+02	6.8985e+02	-4.8253e+02	3.7813e+02	-4.4398e+02	-8.8770e+02	5.4564e+02	-1.0905e+03	-9.5735e+02	7.9579e+02	-1.4835e+03	1.0044e+02	-1.1068e+03	-1.1003e+03	1.8579e+02	1.2234e+03	1.8589e+02	-2.7884e+02	1.7322e+03	1.3038e+02	-3.2560e+02	-8.9082e+02	-1.2213e+03	1.9081e+02	-1.2516e+02	-2.1947e+02	1.0901e+02	8.1396e+02	-3.0942e+02	1.5699e+03	4.4048e+01	-4.6371e+02	-9.9715e+02	-8.1464e+01	-6.2992e+02	3.0929e+02	5.9180e+02	-4.9845e+02	5.7415e+02	6.9852e+01	3.1498e+02
4.0000e+04	1.7252e+02	-5.3705e+02	-1.2690e+02	-1.0628e+02	-1.8999e+02	-3.3380e+02	-5.7234e+02	8.6276e+02	-9.0376e+02	3.3263e+02	-9.3897e+02	-3.0550e+01	-1.3430e+03	-3.5557e+02	8.2823e+02	-5.4833e+02	2.0099e+02	7.6121e+02	1.2237e+02	-2.0140e+02	-5.3948e+02	-7.8466e+02	-3.4124e+02	-6.7126e+02	7.0645e+02	2.0927e+02	-5.0960e+01	3.6059e+02	-1.2096e+02	2.4748e+01	6.5045e+02	-5.8923e+02	-1.2416e+02	-2.0466e+02	-6.2466e+02	1.1566e+03	-2.7824e+01	-6.1118e+02	-1.8697e+02	-5.7133e+02	-7.9121e+02	1.4491e+02	1.8993e+01	3.1098e+01	-2.5885e+02	-2.6529e+02	-1.6608e+02	-7.6494e+02	-3.7916e+02	7.5105e+01	-5.6431e+02	6.0588e+02	-8.9902e+02	-6.4812e+02	6.9762e+02	3.8318e+02	7.8233e+01	2.5781e+02	4.0093e+02	1.6797e+02	2.7912e+02	1.6318e+02	4.3422e+02	-1.1046e+02	5.4600e+02	-2.3102e+02	4.4207e+02	-3.1447e+02	-4.2170e+02	-8.3670e+02	1.7189e+02	-3.0634e+02	-8.0833e+01	-2.4071e+02	-1.5498e+02	3.7080e+02	7.0405e+02	2.9921e+02	-2.7256e+02	-1.1395e+03	-3.1551e+02	-8.1361e+01	1.1506e+03	6.9332e+02	8.6088e+02	4.1075e+02	-3.0348e+01	4.7551e+02	-6.5812e+02	-5.1415e+02	-2.2151e+02	2.7039e+01	-1.2168e+02	5.2360e+02	1.5839e+03	3.8550e+02	-2.5640e+02	-2.0709e+02	8.0650e+02	3.9725e+02	5.6538e+02	4.2842e+02	6.4104e+01	7.2024e+01	-1.4829e+02	6.9273e+02	-3.8915e+02	8.1760e+02	-6.8412e+02	1.2336e+02	4.2543e+02	-6.6708e+02	-4.5025e+02	-2.2041e+02	3.7170e+02	-3.9476e+02	2.5345e+02	8.0945e+02	7.3373e+02	-1.5817e+02	3.6037e+02	4.6193e+02	-4.1005e+02	-1.2228e+02	1.1189e+02	1.0378e+03	6.0763e+01	-2.8339e+02	3.3705e+02	-1.7050e+01	1.6755e+02	6.2029e+02	-6.2953e+02	5.3345e+02	-3.6449e+02	-3.6789e+01	-2.8440e+02	4.8346e+02	2.7714e+02	6.0856e+02	3.7178e+02	-6.4946e+01	-8.4384e+01	-6.2660e+02	-2.8727e+02	-1.4342e+02	-1.9871e+02	8.8087e+01	-5.2553e+02	-9.5874e+02	2.2583e+02	-4.5243e+02	6.9939e+02	5.3279e+02	-3.9763e+02	-1.4148e+03	2.9579e+02	-3.0838e+02	-8.8223e+02	-2.8843e+02	-5.4650e+02	3.2415e+02	3.8865e+02	-5.8449e+02	5.5505e+02	7.1475e+02	1.0616e+02	-1.7485e+02	3.6994e+02	2.7347e+02	6.9388e+02	-7.1093e+02	9.1269e+02	8.6045e+02	-5.8545e+01	4.0880e+02	-2.1891e+02	3.3473e+02	-8.7607e+02	-7.2269e+01	-1.1671e+02	4.2385e+02	-6.3708e+01	-5.0380e+02	3.0698e+02	2.5156e+02	7.0074e+01	3.8280e+02	-2.5241e+02	2.1926e+02	-1.6077e+02	1.1831e+02	6.8488e+02	5.3735e+02	3.8444e+02	3.3850e+02	-1.7238e+02	2.8622e+02	2.2768e+02	3.8403e+02
4.0000e+04	-1.0731e+03	9.9453e+02	1.5330e+03	-6.1514e+02	-1.6230e+03	7.6507e+02	-2.7762e+02	6.5278e+02	-1.8394e+03	8.9384e+01	-1.1118e+03	3.0170e+02	-7.5493e+02	1.1394e+02	1.2187e+03	8.8057e+02	-4.5554e+02	-1.9560e+02	8.5919e+01	-5.4890e+00	4.7768e+02	4.7750e+02	1.3975e+03	-4.5557e+02	1.5347e+03	-3.7723e+02	1.0897e+03	-1.5554e+03	-9.0935e+02	6.8565e+02	6.9262e+02	-8.7036e+02	-1.4815e+03	2.6964e+02	-1.3382e+02	-7.5971e+02	7.1469e+02	-1.9331e+03	1.3300e+02	1.1651e+03	-8.5031e+02	4.0823e+02	-6.3733e+02	-1.7233e+02	6.6857e+02	-6.5529e+02	2.4588e+02	-1.3540e+03	-3.7999e+02	8.3858e+02	3.8527e+02	-1.1953e+03	-1.3331e+02	-1.0286e+03	1.4067e+03	-1.4618e+03	3.3161e+02	-1.1605e+03	-1.8126e+02	4.4323e+02	1.9160e+02	-3.8130e+02	1.6981e+02	7.2436e+01	-5.3660e+02	-5.8255e+02	-1.4871e+03	3.8303e+02	7.1132e+02	-5.7755e+01	1.0197e+03	1.1459e+03	3.3300e+02	1.0232e+03	4.2088e+02	1.7521e+03	-7.0121e+02	-1.1923e+03	6.7154e+02	2.6353e+01	1.1160e+02	-6.7429e+02	-1.5405e+02	7.0477e+02	3.9221e+02	-6.6235e+02	3.6968e+02	-4.1783e+00	-9.7130e+02	5.6340e+02	-7.5771e+02	-7.4110e+02	2.5907e+03	6.3796e+02	9.1400e+02	-1.4861e+03	4.2576e+02	-1.6934e+02	1.4533e+03	-3.9687e+02	1.8511e+03	1.3527e+03	5.6481e+02	3.6749e+02	-1.1479e+01	-2.4611e+02	1.2078e+03	-5.7677e+02	-1.2639e+03	3.3147e+02	6.7601e+02	6.2284e+02	-7.7043e+02	7.5364e+02	-6.7672e+02	7.3028e+02	1.3903e+03	-7.0984e+02	8.6261e+02	-2.2962e+01	-6.2609e+02	1.6568e+02	-3.1446e+02	-1.6112e+02	-3.2019e+02	1.2009e+02	-2.4984e+02	-1.4779e+03	-2.7068e+02	9.3162e+02	1.4192e+01	-2.9369e+02	-1.4117e+03	-1.1799e+03	-3.9676e+02	1.7188e+03	-4.1006e+02	-7.0648e+02	-1.8986e+02	-4.6119e+02	6.0187e+02	4.6153e+02	-1.3049e+02	-1.9260e+02	-1.5824e+02	-1.3675e+03	-1.2845e+02	6.8212e+02	6.1356e+02	7.6478e+01	-1.8581e+02	-5.9661e+02	-1.0668e+03	-2.0500e+03	1.2964e+03	-1.3589e+03	5.7613e+02	7.7993e+01	-2.0315e+02	2.0202e+02	8.0132e+02	-1.0693e+02	5.3328e+02	-5.5016e+02	-5.6801e+02	1.7225e+03	-1.1266e+03	-1.1662e+03	3.3685e+02	-1.8252e+03	7.5822e+02	-2.9263e+02	-1.7674e+03	5.0763e+02	1.1438e+03	-4.4470e+02	-2.4754e+02	8.6984e+02	-4.3603e+01	-7.2144e+02	-1.1327e+03	-1.4467e+03	-8.6992e+02	-7.2893e+02	1.4453e+02	-6.5443e+02	7.3851e+02	-1.0363e+03	6.5505e+01	-1.2104e+02	-1.1585e+03	-1.6603e+03	1.9045e+02	5.1301e+02	-2.1166e+02	-2.4768e+02	-7.2866e+01	6.4413e+02	7.9028e+02	6.5302e+02
6.0000e+04	9.7680e+02	-5.2529e+02	-1.2916e+02	-2.0009e+02	-2.1244e+02	-7.6763e+02	-1.1835e+03	1.0915e+03	-1.2837e+03	4.9968e+02	-9.5002e+02	3.9733e+00	-1.5348e+03	-6.0991e+02	9.7188e+02	-6.9071e+02	2.5697e+02	1.0180e+03	-5.0985e+02	-4.5398e+02	-1.3723e+02	-6.1204e+02	-4.9514e+02	-6.3121e+02	6.6406e+02	1.7798e+02	2.1898e+02	1.1910e+02	8.8462e-01	9.1554e+01	5.0597e+02	-4.3645e+02	3.8464e+02	3.4154e+01	-1.7694e+02	1.6723e+03	1.9111e+01	-1.1052e+03	1.1389e+02	-6.1374e+02	-2.3027e+02	-2.7337e+02	2.5342e+02	1.8045e+01	-2.7718e+02	-9.5014e+01	-6.7190e+02	-4.9276e+02	-6.3528e+02	1.0146e+02	-6.3920e+01	9.9519e+02	-7.2841e+02	-5.9295e+02	8.9306e+02	9.8882e+02	3.9012e+02	2.8172e+02	9.0725e+02	6.0125e+02	1.0504e+02	8.8022e+02	1.1321e+02	-1.6720e+02	4.9889e+02	-7.3464e+01	1.5701e+02	7.9942e+01	-1.8326e+02	-3.3735e+02	1.7081e+02	3.6440e+02	2.0461e+02	1.5265e+02	4.0404e+01	3.6547e+01	1.1610e+03	8.3167e+02	-9.6517e+01	-1.4483e+03	3.7757e+02	6.6532e+01	1.5385e+03	6.1485e+02	6.8434e+02	1.0868e+03	4.3754e+02	7.0749e+02	-6.3300e+02	-5.4615e+02	-8.0557e+02	-2.0443e+02	1.3050e+02	6.2871e+02	1.5726e+03	9.5749e+02	8.7516e+01	-2.6367e+02	1.2210e+03	5.3910e+02	3.1978e+02	2.2167e+02	1.3125e+02	6.9256e+01	-1.0145e+02	1.1011e+03	-4.8966e+02	7.9350e+02	-1.0014e+03	2.8102e+02	6.8669e+02	-2.7832e+02	-3.8962e+02	2.4828e+01	2.0913e+02	-2.2169e+02	3.9736e+02	2.1281e+02	1.1202e+03	-3.7052e+02	5.2077e+02	7.8262e+02	-7.0113e+02	2.2345e+02	-1.8227e+02	8.2271e+02	3.4393e+02	-3.9534e+02	3.0814e+02	6.1252e+01	-7.9127e+01	7.2187e+02	-7.8955e+02	6.9767e+02	3.1471e+01	-1.6068e+02	-1.0484e+02	1.1829e+02	-5.6424e+01	9.5102e+01	7.5150e+02	-1.4706e+02	7.1151e+01	-8.5878e+02	-1.4796e+02	2.8348e+01	-3.2089e+02	-2.9081e+01	-4.7713e+02	-6.7469e+02	7.9395e+01	1.5979e+02	1.0558e+03	3.4723e+02	-1.6262e+02	-1.4470e+03	4.3697e+02	-6.5955e+01	-1.1705e+03	-9.9724e+02	-7.2782e+02	1.1345e+03	3.6163e+02	-5.3341e+02	5.7444e+02	1.3305e+03	-2.1487e+02	1.5861e+02	2.4173e+02	-4.1418e+01	1.1625e+03	-7.3718e+02	7.3583e+02	1.1688e+03	-1.6361e+02	3.4800e+02	-1.0549e+02	7.7190e+02	-9.3243e+02	7.3110e+01	-7.7329e+01	3.2629e+02	8.8354e+01	-7.9840e+02	5.5361e+02	4.9154e+02	6.5847e+02	5.5936e+02	5.3162e+01	2.1542e+02	4.0166e+02	1.4049e+02	7.1336e+02	3.0374e+02	1.2557e+01	8.8083e+02	-1.6809e+02	7.8985e+02	8.7396e+02	4.2137e+02
6.0000e+04	-9.3201e+01	1.1397e+03	1.7608e+03	-6.7475e+02	-1.4310e+03	9.0532e+02	7.2093e+01	1.0283e+03	-1.1914e+03	6.2833e+02	-7.9169e+02	5.8615e+02	3.0569e+02	4.9835e+02	1.4592e+03	1.5078e+03	-9.3674e+01	-2.1163e+03	4.0091e+02	-5.5652e+02	1.3155e+03	1.2370e+03	1.2408e+03	-4.5195e+02	2.3978e+03	-7.1568e+01	1.4436e+03	-1.6795e+03	-2.1463e+02	3.3426e+02	-4.8087e+02	-1.0024e+03	-1.5782e+03	-3.8090e+02	-3.6889e+02	-8.6556e+02	-8.0316e+00	-6.6058e+02	-6.7617e+02	8.3853e+02	-1.1263e+03	7.1171e+02	-4.2700e+01	-1.3547e+02	-5.6466e+02	6.5194e+01	-9.7551e+02	-9.6774e+02	-4.9820e+02	6.1856e+02	-7.8789e+02	-7.6784e+02	-8.1077e+02	-1.2266e+03	1.2957e+03	-1.9208e+03	-1.0764e+02	-1.7779e+03	-7.8616e+02	-8.2533e+02	6.5049e+02	-5.2926e+02	-1.3472e+02	-4.4418e+02	-5.1240e+02	-1.0259e+03	-1.1139e+03	4.2413e+02	3.3170e+02	-3.5398e+02	-3.0396e+01	2.5518e+02	-2.3226e+02	1.3330e+03	6.6734e+02	1.0982e+03	6.9464e+01	-2.0464e+03	6.3183e+02	4.0448e+02	-4.2379e+02	-1.1110e+03	-8.6399e+02	-3.5144e+02	2.3371e+02	-1.4474e+03	9.5399e+01	2.3692e+02	-1.0826e+03	8.5674e+02	-3.3056e+02	-1.9467e+01	3.9562e+03	2.1630e+03	3.0632e+01	-6.7423e+02	6.8238e+02	1.2385e+01	1.3261e+03	1.1789e+02	1.5982e+03	1.5006e+03	5.0519e+02	-7.9217e+02	2.1316e+02	-3.6094e+02	9.1163e+02	1.4935e+02	-1.6332e+03	-4.5063e+02	1.4310e+03	-1.4751e+00	-5.9322e+02	6.0914e+02	-1.1684e+03	-3.2898e+02	1.4720e+03	-1.0048e+03	-2.3767e+01	7.2247e+02	-1.1576e+03	9.0460e+02	9.9032e+01	-8.0107e+02	1.7906e+02	1.4273e+03	-6.3393e+02	-1.2726e+03	-1.6081e+03	9.0289e+02	8.4243e+01	2.7487e+02	-1.1540e+03	-1.3486e+03	-9.9607e+02	2.2659e+03	-2.2587e+02	-1.0335e+03	6.7073e+02	6.1764e+01	7.3700e+02	2.1080e+02	-5.8826e+02	-3.5758e+02	-2.6297e+02	-3.0495e+02	3.5197e+01	8.4870e+01	2.7376e+02	5.0934e+02	1.1242e+02	-5.0422e+02	-1.6089e+03	-1.9434e+03	-1.6720e+02	-1.3319e+03	6.6421e+01	5.8077e+02	-5.1515e+02	-1.0777e+01	2.4107e+03	-5.6558e+02	7.7147e+02	-4.5065e+02	-7.1367e+02	4.7449e+02	-6.5935e+02	-4.2293e+02	-5.6852e+02	-1.4852e+03	5.9084e+02	-1.7633e+02	-1.8101e+03	1.5196e+03	2.6339e+03	3.6522e+01	7.6353e+02	7.4060e+02	-1.3839e+02	-6.5914e+02	-9.5250e+02	-2.4902e+03	-2.1658e+03	-1.1876e+02	1.9844e+02	1.0517e+02	1.6910e+03	-7.3694e+02	-5.3887e+02	3.8904e+02	-3.0655e+02	-1.7754e+03	-1.4746e+01	1.8770e+03	-3.3203e+02	-4.0007e+02	-1.3509e+02	8.6420e+02	1.1427e+03	-1.2174e+02
8.0000e+04	2.3787e+02	-7.3181e+02	5.4383e+02	9.8828e+01	-5.6334e+02	-6.7558e+02	-5.8557e+02	1.5764e+03	-1.5021e+03	3.6150e+02	-9.3004e+02	1.2995e+02	-2.1083e+03	-6.1453e+02	5.9694e+02	-9.5442e+02	4.0347e+02	8.7250e+02	-1.0712e+03	-5.3144e+02	-8.9010e+01	-8.3048e+02	-4.0626e+02	-1.0947e+03	7.6297e+02	3.3124e+01	5.1469e+02	1.0723e+02	-5.5263e+01	-7.6556e+00	8.8558e+02	-6.7190e+02	3.9569e+02	3.7994e+02	-1.8747e+02	1.0117e+03	-1.3650e+02	-1.3521e+03	-1.7932e+02	-8.2173e+02	-1.3569e+02	-3.0913e+02	9.9031e+01	-6.1882e+00	-4.3972e+02	-8.6198e+01	-5.6121e+02	-5.3688e+02	-6.2013e+02	-5.1635e+02	1.0867e+02	1.0771e+03	-8.7693e+02	-5.1292e+02	8.6436e+02	9.6053e+02	-3.8291e+01	-1.2820e+01	9.9166e+02	6.8039e+02	-3.2368e+02	8.4494e+02	1.2670e+02	3.8555e+02	7.5612e+02	-1.5647e+02	4.8969e+02	8.9030e+01	-2.5407e+02	2.0500e+02	3.3689e+01	-1.1177e+02	1.8809e+02	5.0926e+02	-3.4633e+02	4.8414e+02	9.0336e+02	3.5269e+02	-2.1368e+01	-1.5681e+03	1.3766e+01	3.3122e+02	1.3930e+03	5.9523e+02	5.9284e+02	1.3758e+03	7.8293e+02	1.1705e+02	-7.3561e+02	-4.9505e+02	-1.3020e+03	-4.7648e+01	2.4086e+02	8.4363e+02	1.2585e+03	7.0928e+02	-1.4854e+02	-4.1494e+02	1.2064e+03	-2.2994e+02	1.2953e+02	3.7662e+02	-1.1018e+02	7.4829e+02	5.3274e+02	4.0495e+02	-1.0905e+03	1.1189e+02	-5.4641e+02	-2.1131e+02	7.0086e+02	-2.8580e+02	-7.3064e+02	-1.0838e+02	4.2482e+02	-4.3501e+02	7.7843e+02	-6.1412e+01	1.1226e+03	-1.9866e+02	-1.2871e+01	4.5996e+02	-9.3157e+02	6.9004e+02	-4.9556e+02	6.9836e+02	1.8318e+02	-8.5263e+02	-1.7206e+02	3.7243e+02	-6.6909e+02	9.2668e+02	-3.1948e+02	5.2249e+02	3.0740e+01	-1.3690e+02	-2.8284e+02	3.9656e+02	2.9504e+02	2.2251e+02	5.5578e+02	-3.1357e+02	-6.6778e+02	-7.8375e+02	-6.1002e+01	1.5919e+02	-4.3531e+02	-2.8436e+01	3.5170e+02	-1.2394e+03	9.5971e+01	3.6831e+02	1.2339e+03	-2.1452e+02	-7.0057e+02	-1.1367e+03	4.7535e+02	-2.4172e+02	-1.5904e+03	-9.7631e+02	-1.3078e+02	1.1619e+03	4.6510e+02	-1.3528e+02	8.7541e+02	3.4460e+02	2.1664e+02	-2.0226e+02	-3.2691e+01	-2.8970e+02	1.4546e+03	-7.7920e+02	1.1343e+03	1.2746e+03	-8.9785e-01	1.2436e+03	-6.3795e+01	4.5313e+02	-5.7824e+02	-4.1360e+02	-3.2657e+02	-2.9695e+02	2.4017e+02	-5.7514e+02	4.9173e+02	3.1771e+01	5.2408e+02	5.4934e+02	-1.1840e+03	1.1635e+02	9.0422e+02	8.1407e+01	8.9798e+02	9.4570e+02	4.6241e+02	1.0359e+03	4.5081e+02	5.5701e+02	8.1463e+02	4.1153e+02
8.0000e+04	-3.9315e+02	1.4462e+03	2.0940e+03	-2.2111e+02	-1.9390e+03	2.1837e+02	-5.9497e+02	1.6313e+03	-1.1548e+03	8.4879e+02	-7.6751e+02	5.2000e+02	5.7818e+02	1.4114e+02	1.1195e+03	1.5463e+03	4.6175e+02	-1.6233e+03	-4.9509e+01	-1.0740e+03	1.2627e+03	-4.7094e+01	5.3834e+01	-1.8787e+03	2.7374e+03	1.1234e+03	1.7399e+03	-2.3725e+03	3.0660e+02	3.1144e+02	-5.7486e+02	-8.9304e+02	-1.3391e+03	-2.6373e+02	-1.0488e+03	-9.4098e+02	1.7498e+01	-8.8123e+02	-1.0781e+03	5.6919e+02	-1.5769e+03	-2.8986e+02	7.3191e+02	-8.5291e+01	-4.1289e+02	1.1195e+03	-1.6322e+03	-1.1456e+03	8.8336e+02	1.4131e+02	-1.2055e+03	-1.1895e+03	-5.9312e+02	-1.2583e+03	1.6653e+03	-2.0901e+03	2.7889e+02	-1.0867e+03	-4.9962e+02	-1.6237e+03	3.1665e+02	-9.5933e+02	4.2593e+02	-5.6282e+02	-9.2424e+02	-8.3920e+02	-1.3180e+03	1.6879e+02	-5.4518e+02	-5.9516e+02	-3.4497e+01	4.3479e+02	-1.3180e+03	1.4225e+03	9.6419e+02	1.3893e+03	-6.1853e+02	-1.3789e+03	-2.7880e+01	1.4802e+03	-1.4883e+03	-1.1118e+03	-1.1542e+03	8.4538e+01	1.5550e+02	-2.1916e+03	1.4531e+03	6.9241e+02	-2.1755e+03	1.2245e+03	1.8866e+02	2.9414e+01	3.4670e+03	1.9146e+03	-3.6380e+02	-2.9611e+01	1.5372e+03	7.2511e+02	-8.5947e+02	1.8649e+02	1.0216e+03	1.0033e+03	1.4057e+03	2.1159e+02	7.5522e+02	-5.9993e+02	1.7483e+03	5.8617e+02	-1.3441e+03	-1.5063e+03	1.5309e+03	-5.1805e+02	-9.5945e+02	1.4188e+03	-7.1954e+02	-1.7034e+01	2.2007e+02	-2.2160e+03	-4.7444e+02	-7.0742e+01	-9.1998e+02	7.9051e+02	5.1873e+02	-9.6948e+02	3.0255e+01	2.1675e+03	2.6073e+02	-1.2559e+03	-2.3384e+03	1.1677e+03	2.4478e+02	-7.9803e+02	-8.5138e+02	-1.3460e+03	-1.4705e+03	2.3404e+03	5.3978e+02	-1.8824e+03	1.1418e+03	-9.1111e+02	1.1508e+03	9.9684e+01	-4.9398e+02	-1.6942e+02	8.3129e+01	-4.1536e+02	7.6911e+02	4.0945e+02	6.9737e+02	1.9552e+02	-1.3483e+01	-8.2577e+02	-2.1184e+03	-1.6399e+03	3.8366e+02	-1.7657e+03	3.8012e+02	7.7141e+01	-2.3277e+01	-4.1045e+02	2.5751e+03	-6.7584e+02	1.3630e+03	8.1968e+02	-9.0634e+02	1.5103e+03	-6.3033e+02	1.8834e+02	4.3136e+02	-1.8205e+03	8.7545e+02	-7.6084e+01	-1.4888e+03	1.7935e+03	3.0516e+03	8.2239e+02	1.3305e+03	1.5832e+03	-1.8322e+02	-4.3744e+02	-8.4233e+02	-3.0453e+03	-3.0022e+03	-3.3823e+02	3.2673e+02	-5.0310e+02	1.7837e+03	-5.5275e+02	-3.1658e+01	1.6374e+03	3.7066e+02	-2.2982e+03	1.0675e+03	2.8933e+03	-9.8639e+02	-6.6510e+02	9.0915e+02	7.2417e+02	1.7350e+03	-1.0113e+02
1.0000e+05	2.8643e+02	-7.6582e+02	5.2287e+02	3.8237e+02	-5.7797e+02	-1.3364e+03	-8.7512e+02	1.3844e+03	-1.3436e+03	6.7530e+02	-1.1646e+03	-1.0062e+03	-1.3236e+03	-9.1234e+02	6.8705e+02	-1.2024e+03	2.4067e+02	8.6380e+02	-6.1133e+02	-1.3678e+03	1.7575e+02	-8.1508e+02	1.5035e+02	-1.0784e+03	5.6436e+02	-4.9863e+01	4.7019e+02	-3.4419e+02	1.9023e+02	-3.7061e+02	1.3509e+03	-7.4537e+02	-4.7641e+02	5.9536e+02	-3.2875e+02	1.2127e+03	-4.8540e+02	-1.3181e+03	-7.4095e+02	-1.8001e+03	4.2660e+02	-1.1147e+02	1.5142e+02	1.6751e+02	-5.2326e+02	6.5336e+01	-2.2237e+02	-6.5370e+02	-4.3986e+02	-8.1685e+02	-1.1213e+01	2.4586e+02	-5.4380e+02	1.5198e+02	9.5594e+02	6.9219e+02	-7.7976e+01	6.9015e+00	6.8584e+02	8.5743e+02	6.5141e+02	3.7888e+02	1.2003e+01	6.9907e+02	8.8451e+02	-2.6744e+02	2.2023e+01	4.2998e+01	4.3138e+01	-2.5455e+02	6.3552e+02	4.9486e+02	8.6454e+02	8.1680e+02	-4.9813e+02	1.1006e+03	8.9329e+02	-9.9096e+00	-5.0599e+01	-1.1652e+03	3.0334e+02	5.7336e+02	1.8941e+03	2.1903e+02	8.5945e+02	1.5420e+03	4.6944e+02	-1.0297e+02	-1.5906e+03	-1.0610e+02	-1.3882e+03	-5.0290e+02	-3.0206e+01	5.9672e+02	1.5163e+03	2.6092e+02	-6.8445e+02	-3.3407e+02	1.1533e+03	1.9586e+02	3.5331e+02	4.0463e+02	-2.3472e+02	1.1336e+03	5.2916e+02	1.4601e+02	-1.4798e+03	5.7246e+01	-3.2408e+02	-6.5585e+02	4.8499e+02	4.5699e+01	-5.9114e+02	-3.7189e+02	3.6714e+01	-2.7258e+02	8.2939e+02	3.4601e+02	1.0251e+03	3.5879e+02	1.2586e+02	8.4876e+02	-1.3029e+03	6.7369e+02	-6.1127e+02	9.4931e+02	-3.6294e+02	-1.0110e+03	1.8569e+02	7.1393e+02	-8.7287e+02	3.3686e+02	3.8211e+02	4.8075e+02	6.7238e+01	2.3455e+02	9.3209e-01	1.7617e+02	-1.6292e+00	-1.6021e+02	5.2343e+02	1.4974e+02	-1.2325e+03	1.1782e+02	4.3615e+02	-1.8085e+01	-4.7884e+02	1.1578e+02	1.0576e+02	-8.4503e+02	1.7291e+02	5.1278e+02	7.8062e+02	-5.0363e+02	-7.0802e+02	-8.6103e+02	3.1006e+02	3.2318e+01	-1.8604e+03	-1.5292e+03	-1.6446e+02	1.3144e+03	5.8265e+02	-1.6294e+01	9.9517e+02	-2.2532e+02	-9.0103e+01	-5.2337e+02	1.7779e+02	-5.1563e+02	1.5859e+03	-7.5395e+02	8.2442e+02	6.6590e+02	5.4412e+01	7.8213e+02	-6.5909e+02	8.9184e+02	-3.8218e+02	-5.9552e+02	-5.8278e+02	1.9266e+01	-2.4839e+02	-8.9557e+02	6.2109e+01	-2.2620e+02	-8.2842e-02	9.2261e+02	-1.1702e+03	-4.2193e+02	9.3849e+02	-2.0696e+02	7.0449e+02	1.2121e+03	2.9512e+02	8.9037e+02	6.5122e+02	-4.1445e+01	8.2033e+02	5.0782e+02
1.0000e+05	-2.2210e+02	7.7136e+02	2.2060e+03	1.2538e+03	-9.7342e+02	8.1492e+02	-1.1382e+03	1.0470e+03	-1.4528e+03	1.8495e+03	-3.0304e+02	6.2342e+02	3.8034e+02	1.2824e+02	1.4971e+03	1.7279e+03	5.3541e+02	-1.7112e+03	-2.0227e+02	-8.6686e+02	2.4852e+02	-7.2788e+02	-1.3267e+02	-8.8853e+02	1.4535e+03	1.5876e+03	1.7909e+03	-1.8912e+03	1.6305e+03	3.7886e+02	-4.8021e+02	-1.1815e+03	-1.2392e+03	-6.6601e+02	-1.5012e+03	-8.2343e+02	9.3019e+02	-2.8565e+02	-3.7808e+02	1.0179e+03	-1.3531e+03	-1.1104e+03	1.3245e+03	4.1306e+01	-1.3614e+03	1.1494e+03	-6.1658e+02	-1.1786e+03	2.3456e+02	1.9956e+02	-1.6466e+03	-1.4667e+03	-1.3084e+03	-1.6000e+03	1.7961e+03	-1.5791e+03	-7.5844e+02	-2.2364e+03	-1.2601e+03	-1.2352e+03	8.3190e+02	-1.1101e+03	1.8893e+02	-1.0278e+03	-6.9551e+02	-1.5164e+03	-1.1843e+03	4.1073e+02	-9.3609e+02	-4.0206e+02	-7.3385e+02	2.7501e+01	-2.2827e+03	1.8237e+03	2.5647e+03	2.0255e+03	-4.5580e+01	-9.9362e+02	-6.5147e+01	2.0653e+03	-1.5211e+03	-1.5958e+03	-8.2456e+02	-1.5546e+02	4.2575e+02	-2.8988e+03	2.0649e+03	4.0439e+02	-2.1435e+03	1.7713e+03	-1.3708e+02	2.6060e+02	3.6881e+03	1.4910e+03	-6.7239e+02	1.3703e+03	1.7469e+03	7.8814e+02	-1.5502e+03	7.2882e+01	1.3949e+03	1.3340e+03	1.1835e+03	5.8690e+02	-4.3489e+02	-3.9484e+02	8.5003e+02	5.1786e+01	-1.0846e+03	-2.0234e+03	2.7118e+03	-9.2061e+02	-1.7417e+03	1.9189e+03	-6.2209e+02	-3.8647e+02	-6.8832e+02	-2.6628e+03	-3.8604e+02	1.5949e+02	-5.2199e+02	1.5638e+02	5.2257e+02	-1.1268e+03	3.9365e+01	3.0777e+03	1.0891e+03	-7.4937e+02	-2.3574e+03	-2.3398e+02	2.1037e+02	-1.5383e+03	-7.0397e+02	-1.3960e+03	-1.6466e+03	2.9536e+03	5.9374e+02	-2.5771e+03	9.3410e+02	5.1043e+02	1.7449e+03	-1.1233e+02	4.3885e+02	-5.8054e+01	3.8550e+02	-7.5484e+02	6.7147e+02	5.5441e+02	6.5501e+02	3.6043e+02	-8.8405e+01	-8.4207e+01	-2.4068e+03	-1.0495e+03	2.3594e+02	-8.0104e+02	-7.3239e+02	-1.2882e+02	-5.6444e+01	-8.1079e+02	2.0427e+03	-1.4293e+03	1.1259e+03	1.6223e+03	-2.3400e+02	1.7637e+03	-1.5369e+03	9.9330e+02	-3.3822e-01	-2.8462e+03	1.0747e+03	5.7279e+02	-7.2729e+02	1.7575e+03	2.4308e+03	6.6739e+01	7.6178e+02	1.7588e+03	-1.4128e+02	-1.0695e+03	-7.6070e+02	-2.5950e+03	-3.2053e+03	-3.0800e+02	-1.9348e+02	-4.7517e+01	1.1029e+03	-6.8717e+02	-1.2896e+02	1.8439e+03	-1.3508e+02	-2.7734e+03	1.5010e+03	2.3659e+03	-1.4467e+03	-4.1322e+02	1.3265e+03	-7.8963e+02	2.4935e+03	-4.2785e+02
1.2000e+05	1.0351e+03	-1.0036e+03	3.2065e+02	4.3938e+02	3.8813e+02	-1.5387e+03	-1.0235e+03	9.9088e+02	-1.6952e+03	2.8017e+02	-8.0321e+02	-4.5001e+02	-8.5721e+02	-6.0417e+02	6.2866e+02	-1.3911e+03	-1.1972e+02	3.1052e+02	-4.5658e+02	-1.4610e+03	4.4308e+01	-4.8932e+02	-3.9711e+02	-1.1289e+03	6.7391e+02	1.9734e+02	2.7084e+02	-9.9693e+01	4.3357e+02	-3.3502e+02	1.5370e+03	-1.2148e+03	-1.0022e+03	2.7894e+02	-5.1301e+02	4.4942e+02	-8.1610e+02	-1.1858e+03	-9.6146e+02	-2.0069e+03	5.0517e+02	5.5223e+02	-4.4051e+02	-2.2656e+01	-6.9425e+02	-1.4341e+01	-3.6445e+02	-5.5752e+02	-6.3522e+02	-2.0040e+03	-3.0683e+02	2.0611e+02	2.7087e+01	5.3905e+02	1.5240e+03	7.7285e+02	-4.6803e+02	-2.1060e+02	4.7765e+02	1.4140e+03	3.3253e+02	7.1538e+02	-4.7551e+02	8.7233e+02	7.0183e+02	2.0578e+02	-4.6403e+02	-6.8940e+01	-1.1428e+02	2.4218e+02	1.6333e+02	8.7516e+02	1.3418e+03	4.5304e+02	-7.1479e+02	1.4427e+03	6.6408e+02	3.9016e+02	1.9555e+02	-1.3348e+03	9.3562e+01	1.0881e+03	2.4754e+03	-1.2083e+02	1.2527e+03	1.7245e+03	3.6106e+02	2.8775e+02	-1.4180e+03	-6.8481e+02	-1.8072e+03	-5.0768e+02	-1.5159e+01	6.5142e+02	1.3099e+03	9.4248e+02	-2.6286e+02	1.7856e+02	1.3575e+03	3.1255e+02	4.3156e+02	1.7072e+02	-7.8527e+02	1.0435e+03	7.6472e+02	1.3700e+02	-1.2320e+03	7.8190e+02	-6.1952e+02	-7.9642e+02	4.2308e+01	-4.9954e+02	-1.7828e+02	-1.4244e+02	5.0825e+02	-9.1656e+02	1.1993e+03	4.7985e+02	1.5564e+03	5.9040e+02	6.0327e+02	9.3674e+02	-1.0245e+03	6.8375e+02	-1.8969e+02	6.9949e+02	-1.2562e+03	-8.7500e+02	1.9310e+02	3.3225e+02	-1.1809e+03	5.1657e+02	1.2981e+02	-1.1208e+02	-4.2620e+01	4.1250e+02	3.5810e+02	9.8013e+01	8.9814e+01	-3.9666e+02	5.1284e+02	5.9653e+02	-9.6431e+02	-1.9418e+02	8.5917e+02	2.6477e+02	-6.3021e+02	-4.6236e+02	-6.5837e+02	-7.6444e+02	-3.6435e+02	8.2212e+02	3.7563e+02	-4.9092e+02	-8.4450e+02	-9.4174e+02	6.7997e+02	5.2799e+01	-1.9360e+03	-1.2777e+03	-6.2459e+02	1.2172e+03	1.0742e+03	3.9437e+02	5.7345e+02	-4.8008e+02	5.3199e+02	-4.1656e+02	2.7709e+02	-4.5976e+02	2.0132e+03	-8.8703e+02	8.5232e+02	5.5004e+02	-9.0862e+01	7.3472e+02	-9.2741e+02	1.1241e+03	-1.5554e+02	-5.9287e+02	-5.5019e+02	-1.2851e+02	1.6480e+02	-7.8667e+02	1.0502e+03	-4.9383e+02	1.2106e+02	8.7182e+02	-1.0278e+03	-4.6782e+02	3.9970e+02	-7.9842e+02	2.7668e+02	9.6594e+02	6.0199e+02	1.4713e+03	6.7122e+02	3.9146e+02	1.0130e+03	3.9729e+02
1.2000e+05	-5.8536e+02	3.5598e+02	2.9546e+03	1.5625e+03	-2.0219e+02	3.1478e+02	-1.3270e+03	7.3328e+02	-7.2565e+02	2.2062e+03	-1.3504e+03	7.3943e+02	6.2806e+02	-2.0274e+02	1.1010e+03	1.1571e+03	2.1202e+01	-8.7693e+02	3.2626e+02	-5.3022e+02	-3.0977e+02	-1.0470e+03	3.5905e+02	-1.5023e+03	5.0324e+02	2.3273e+03	1.4436e+03	-3.1648e+03	1.8230e+03	-9.8898e+01	-5.9450e+02	-1.7504e+03	-3.6603e+02	-1.6117e+03	-1.7833e+03	-1.6370e+03	2.0845e+03	-4.3521e+02	-9.1294e+01	1.4500e+02	-2.5554e+03	-2.2367e+02	8.3826e+02	1.3633e+02	-1.7004e+03	1.3605e+03	-1.1708e+03	-8.6072e+02	-1.0487e+03	7.4232e+02	-1.2715e+03	-2.4756e+03	-1.8561e+03	-2.5603e+03	1.2006e+03	-8.1413e+02	-1.2821e+02	-2.6857e+03	-1.0607e+03	-2.4987e+03	9.4358e+02	-7.1329e+02	1.8787e+02	-1.5710e+03	-6.1114e+02	-1.5232e+03	-5.2315e+02	9.4619e+02	-1.4473e+03	1.4470e+03	-5.7667e+02	9.8881e+01	-1.8133e+03	2.4853e+03	3.0056e+03	1.7900e+03	2.3574e+02	-5.1294e+02	3.9875e+02	1.8808e+03	-1.7070e+03	-1.8870e+03	-1.2130e+03	-2.3171e+02	8.5218e+01	-1.8012e+03	2.6463e+03	-2.8861e+02	-1.6894e+03	9.3171e+02	1.4673e+03	-5.7658e+02	2.7265e+03	2.0528e+03	-8.6766e+02	1.0484e+03	2.0627e+03	1.4790e+02	-1.5676e+03	3.9861e+01	1.5672e+03	1.6499e+03	3.3335e+02	-3.6999e+02	-3.8674e+02	1.7597e+02	1.9842e+03	8.1904e+01	-1.5370e+03	-2.5010e+03	2.4050e+03	9.9450e+00	-1.8532e+03	1.8818e+03	-1.1032e+03	-3.0335e+02	-7.6675e+02	-2.6897e+03	4.2339e+02	6.1187e+02	1.5431e+02	-1.5095e+02	4.0938e+02	-3.1582e+02	1.2145e+02	2.7040e+03	1.9854e+03	-8.0085e+02	-3.2151e+03	-1.3023e+03	1.1662e+03	-2.3602e+03	-6.9966e+02	-1.0360e+03	-2.4233e+03	2.6973e+03	7.6196e+02	-3.3438e+03	8.7724e+02	1.4425e+03	2.4591e+03	6.4525e+02	-1.9025e+02	-1.1686e+03	7.7817e+02	-1.1619e+03	3.7346e+02	1.1475e+02	9.4661e+02	-5.7596e+02	4.5080e+01	-4.1834e+01	-1.9695e+03	-2.5118e+03	8.5589e+02	-1.0272e+03	-1.0697e+03	-7.3935e+01	4.7077e+02	4.3604e+02	1.9872e+03	-1.3812e+03	1.5152e+03	1.6582e+03	1.4897e+03	4.7076e+02	-1.9982e+03	1.0213e+03	-2.7486e+01	-2.4217e+03	1.1724e+03	-8.4481e+01	-7.0931e+01	9.5013e+02	3.3173e+03	5.1857e+02	1.1197e+03	1.0548e+03	1.9072e+03	-1.3356e+03	-6.2237e+02	-2.1798e+03	-2.7891e+03	7.9980e+02	5.7583e+02	-5.7990e+02	5.7302e+02	-8.0841e+02	-1.2541e+03	2.3282e+03	7.2393e+02	-3.2337e+03	8.9679e+02	3.2302e+03	-2.2219e+03	-2.6193e+02	1.9835e+03	-1.3410e+03	2.0633e+03	-1.4582e+03
1.4000e+05	8.5006e+02	-3.9121e+02	3.5016e+02	5.1728e+02	5.9543e+02	-1.1334e+03	-9.0175e+02	1.2593e+03	-2.5647e+03	4.1104e+01	-8.4282e+02	-8.7808e+02	-5.5386e+02	-8.5997e+02	7.0342e+01	-1.5198e+03	-1.5022e+02	-3.2132e+02	-5.8237e+02	-1.4353e+03	6.6667e+02	-4.9195e+02	-2.9613e+02	-1.3198e+03	2.9851e+02	2.3819e+02	7.5380e+02	-1.0538e+03	6.5929e+02	-4.2945e+02	9.7196e+02	-1.3386e+03	-1.4193e+03	5.0107e+02	-1.0160e+03	4.2843e+02	-1.2301e+03	-1.1340e+03	-1.2013e+03	-1.7132e+03	5.4736e+02	5.2403e+02	7.3215e+01	-2.5000e+02	-5.6249e+02	1.9456e+02	5.7955e+01	-5.2202e+02	-3.6781e+02	-1.9848e+03	-3.7323e+02	-5.3398e+00	2.1011e+02	6.0456e+02	1.4702e+03	4.9792e+02	-7.8741e+02	6.8198e+02	5.7808e+02	1.7821e+03	3.2532e+02	2.1525e+02	-2.2788e+02	9.5279e+02	5.5605e+02	-1.3462e+02	-8.2808e+02	1.7282e+02	-2.4677e+02	-2.5306e+02	5.1854e+01	8.9934e+02	1.4648e+03	1.9227e+02	-3.4663e+02	2.1455e+03	1.1265e+02	2.7591e+02	2.4173e+02	-1.4333e+03	4.7241e+02	1.7065e+03	2.1279e+03	-6.7185e+01	8.6691e+02	2.0803e+03	-1.8233e+02	5.3747e+02	-8.3168e+02	-9.0775e+02	-2.0482e+03	-1.8122e+02	3.4884e+02	9.0861e+02	1.2749e+03	7.0391e+02	-1.0198e+03	2.1230e+02	1.0291e+03	3.7845e+02	9.4528e+02	3.7152e+02	-9.5966e+02	7.1867e+02	1.2953e+03	1.2985e+01	-9.2666e+02	3.0376e+02	-9.5796e+02	-4.4949e+02	-2.4502e+02	3.0485e+01	-3.6851e+02	-1.0175e+01	1.4528e+02	-8.9766e+02	1.4752e+03	9.8012e+02	1.6958e+03	4.6068e+02	3.7352e+02	1.2239e+03	-1.9319e+03	4.0593e+02	2.8712e+01	4.3895e+02	-1.6158e+03	-1.1137e+03	3.5636e+02	3.0453e+00	-5.0875e+02	5.9276e+02	-5.1127e+02	-8.7888e+02	-5.3043e+02	7.0423e+02	4.4098e+02	-2.8068e+02	2.5220e+02	-5.7204e+02	7.9499e+02	5.7782e+02	-4.6823e+02	9.5975e+01	4.6568e+02	4.4719e+02	8.6176e+01	-4.0278e+02	-7.7557e+02	-1.2315e+03	-3.1163e+02	8.5742e+02	3.7412e+02	-2.8978e+02	-9.9538e+02	-9.7886e+02	4.1193e+02	4.1128e+02	-1.9588e+03	-2.3228e+03	-7.3568e+02	7.7407e+02	9.5953e+02	7.2196e+02	1.0115e+03	-7.0762e+02	-2.3754e+02	-2.7725e+02	-4.5612e+02	-5.6879e+02	1.8174e+03	-1.8094e+03	7.8122e+02	6.8155e+02	-4.6341e+02	1.1925e+03	-1.0269e+03	1.0229e+03	-6.9171e+02	-8.5484e+02	-7.5638e+02	2.7226e+01	5.0918e+02	-1.7081e+02	1.1831e+03	-2.9654e+02	5.3544e+02	9.9331e+02	-1.0317e+03	-1.3294e+02	5.3059e+02	-8.6563e+02	3.8541e+02	7.5650e+02	4.5631e+02	1.9303e+03	4.3399e+02	2.9445e+02	6.6341e+02	7.9054e+02
1.4000e+05	-1.1296e+03	6.0906e+02	2.1166e+03	8.9583e+02	-4.5861e+02	8.7081e+02	-1.2861e+03	3.0131e+02	-9.2297e+02	1.8674e+03	-9.5669e+02	-1.4152e+02	8.7411e+02	-6.0760e+01	1.1167e+03	5.6660e+02	6.7528e+02	-1.3860e+03	9.0372e+02	-1.3908e+03	5.9855e+02	-1.1350e+03	-1.7383e+02	-1.1312e+03	1.2512e+03	2.8629e+03	1.4808e+03	-4.0676e+03	2.3813e+03	4.5746e+02	-3.0825e+02	-1.2130e+03	4.1446e+02	-9.5875e+02	-1.3282e+03	-1.8552e+03	1.7722e+03	6.7434e+02	-2.7950e+01	-6.2042e+02	-1.9965e+03	4.5440e+02	8.6898e+02	2.5936e+02	-1.7236e+03	2.5343e+03	-8.3761e+02	-6.3918e+02	2.3332e+02	1.3101e+03	-1.7211e+03	-3.2694e+03	-1.5098e+03	-1.6430e+03	1.6537e+03	-1.7498e+03	1.2633e+02	-2.9007e+03	-1.9378e+03	-2.9932e+03	9.6632e+02	-9.5806e+02	-1.3208e+02	-1.0293e+03	-1.5832e+03	-9.2638e+02	-1.2312e+03	1.7629e+03	-5.3184e+02	3.8778e+02	-4.8371e+02	2.3132e+02	-1.5071e+03	3.2996e+03	3.6237e+03	1.8547e+03	4.0246e+02	-7.7309e+02	-7.6958e+02	1.8447e+03	-2.5045e+03	-1.8132e+03	-9.3501e+02	2.7031e+02	3.9233e+02	-1.5027e+03	3.1203e+03	5.5379e+02	-2.2924e+03	5.3710e+02	1.4547e+03	-6.5493e+02	2.7185e+03	2.5311e+03	-1.3196e+03	1.4072e+03	2.7694e+03	-1.1520e+02	-1.6159e+03	1.2578e+03	8.7328e+02	1.7246e+03	-1.9668e+02	-1.9375e+02	-7.3236e+02	8.7528e+02	2.1838e+03	4.0692e+02	-1.0759e+03	-2.4688e+03	2.9003e+03	1.3143e+02	-1.3747e+03	2.0731e+03	-1.6745e+03	-5.3627e+02	6.6214e+02	-2.6076e+03	2.4432e+02	1.1187e+03	6.3446e+02	-7.2602e+02	2.6520e+02	-1.1709e+03	1.9815e+02	2.4662e+03	1.8970e+03	-2.4204e+02	-3.8594e+03	-1.0084e+03	9.5236e+02	-9.0368e+02	-8.8270e+02	-7.9880e+02	-3.5782e+03	1.7000e+03	-5.4266e+02	-3.4763e+03	7.2628e+02	1.9912e+03	2.1267e+03	2.5018e+02	1.3162e+03	-6.9015e+02	6.6318e+02	-1.0513e+03	1.2538e+03	1.7014e+02	5.2367e+02	-1.2697e+03	-3.2731e+02	2.5805e+01	-2.1358e+03	-2.1014e+03	9.8191e+02	-8.4947e+02	-1.5645e+03	6.3618e+01	3.4315e+02	-2.6987e+02	2.1040e+03	-1.1321e+03	1.1215e+03	1.5862e+03	1.4722e+03	3.8062e+02	-1.4240e+03	5.0588e+02	5.8834e+02	-1.0251e+03	9.3980e+02	-4.9611e+02	4.2125e+02	1.4562e+03	3.6563e+03	1.2967e+02	3.5707e+02	9.4143e+02	2.8154e+03	-9.0684e+02	-3.0817e+02	-2.2022e+03	-3.2453e+03	7.7230e+02	-1.2872e+02	-6.3393e+01	-2.8183e+01	-1.9670e+03	-1.4399e+03	2.5564e+03	5.1819e+02	-2.2119e+03	3.4322e+02	3.4608e+03	-1.0563e+03	-1.4353e+02	1.8651e+03	-8.8233e+02	1.1568e+03	-1.2447e+03
1.6000e+05	5.5858e+02	-4.5239e+02	5.2413e+02	4.0028e+02	1.7668e+02	-9.8716e+02	-1.3333e+03	1.5507e+03	-1.7230e+03	-4.0781e+02	-1.2233e+03	-9.5233e+02	-8.4732e+02	-1.1908e+03	4.4960e+02	-1.7458e+03	-1.1292e+03	-1.1452e+02	-8.7156e+02	-1.5085e+03	5.2098e+02	-2.7022e+02	-8.6127e+02	-1.8184e+03	-3.4719e+02	1.8302e+01	7.3835e+02	-1.1709e+03	8.1395e+02	-4.7824e+02	5.0071e+02	-7.5815e+02	-1.5242e+03	8.2864e+02	-1.3937e+03	6.2763e+02	-1.4380e+03	-1.1179e+03	-1.1783e+03	-2.0842e+03	-2.3915e+02	5.7753e+02	-1.6738e+02	-3.5215e+02	-5.2556e+02	9.1332e+01	-1.1636e+02	-1.6031e+01	-4.7959e+02	-1.7818e+03	-1.9923e+02	-4.7577e+02	4.0120e+02	1.1595e+03	1.4296e+03	-3.7370e+01	-8.3191e+02	4.9804e+02	7.8129e+02	1.4158e+03	2.5803e+02	1.9812e+02	-5.7607e+01	8.7316e+02	6.1777e+02	5.1044e+02	-7.1251e+02	-4.8220e+02	-1.1517e+02	-7.6003e+02	3.2036e+02	2.2214e+02	1.1571e+03	2.7592e+02	-4.7323e+02	2.6558e+03	-1.4356e+02	1.7998e+02	2.0746e+02	-1.1362e+03	2.8536e+02	1.4225e+03	1.9655e+03	7.2638e+01	9.5447e+02	2.0355e+03	-1.0372e+03	3.8153e+02	-8.9561e+02	-1.1010e+03	-1.3541e+03	-1.5360e+02	9.6187e+01	5.8180e+02	1.2100e+03	5.9187e+02	-3.5230e+02	2.6154e+02	9.4747e+02	3.4920e+02	7.1964e+02	8.9983e+02	-1.0565e+03	-7.8032e+01	1.5939e+03	-1.0272e+02	-6.8218e+02	-6.6818e+01	-8.2619e+02	-6.2108e+02	-3.7122e+02	-8.5184e+02	-5.1420e+02	-2.9963e+02	-1.8491e+02	-7.6524e+02	1.0994e+03	3.7519e+02	1.8998e+03	3.8347e+02	4.5615e+02	1.6226e+03	-2.4913e+03	3.6892e+02	-3.4380e+02	7.3228e+02	-1.7482e+03	-6.0459e+02	5.4540e+02	-5.0099e+02	-1.4637e+02	7.8748e+02	-4.9343e+02	-1.0769e+03	-5.6448e+02	1.6925e+02	6.2486e+02	-1.9222e+02	3.8373e+02	-1.1993e+03	1.2830e+02	9.3988e+02	-3.4980e+02	-5.1674e+02	6.4464e+02	3.1504e+02	-4.6863e+02	1.9044e+02	-1.2082e+03	-1.3289e+03	-6.1861e+02	3.5662e+02	4.6550e+02	2.2358e+02	-5.8411e+02	-1.1230e+03	5.9731e+02	9.4099e+02	-1.5742e+03	-2.1723e+03	-8.2573e+02	6.7371e+02	1.1855e+03	8.4643e+02	8.3492e+02	-1.4239e+02	1.7129e+02	6.0360e+01	-4.8472e+02	-7.1019e+02	1.6050e+03	-1.6577e+03	7.1582e+02	6.5340e+02	1.3913e+02	1.6403e+03	-1.4855e+03	6.9543e+02	-5.5704e+02	-8.3807e+02	-1.3633e+03	1.7685e+02	6.4942e+02	-2.4287e+02	9.3775e+02	2.3131e+02	6.3685e+02	1.0236e+03	-1.1842e+03	1.0420e+02	4.2690e+02	-1.0280e+03	2.6031e+02	5.1264e+02	2.3376e+02	1.7525e+03	-2.5516e+01	-2.8219e+02	1.2763e+03	1.0637e+03
1.6000e+05	-7.4699e+02	1.5398e+03	2.2749e+03	9.2757e+02	9.7423e+02	1.1891e+03	-8.3526e+02	1.3813e+03	-4.5622e+02	1.3880e+03	-3.5648e+02	5.2795e+02	1.1906e+03	-1.0974e+03	1.6444e+03	6.0252e+02	5.5547e+02	-2.8534e+03	7.2537e+02	-1.1364e+03	8.6659e+02	-1.4629e+03	-9.6341e+01	-1.3542e+03	6.1025e+02	2.2306e+03	4.7582e+02	-2.6727e+03	1.5782e+03	3.9244e+02	4.3538e+02	-1.6425e+03	1.1105e+03	-8.4071e+02	-2.5106e+03	-1.3766e+03	1.0749e+03	5.9356e+02	-5.4642e+02	-1.7268e+03	-2.5480e+03	5.5491e+02	9.5533e+02	-1.7345e+02	-1.2662e+03	1.9517e+03	-1.1150e+03	5.7065e+02	6.0987e+02	1.4348e+03	-1.1989e+03	-3.7432e+03	-6.1017e+02	-9.3624e+02	1.6594e+03	-1.9019e+03	-2.6200e+02	-3.0871e+03	-3.0821e+03	-3.0765e+03	9.8785e+02	1.3443e+02	-1.1704e+03	-4.3615e+02	-9.7241e+02	-1.0198e+03	-1.6851e+03	2.2421e+03	-4.2444e+02	1.5675e+02	-1.2864e+03	3.6373e+02	-2.1617e+03	3.6950e+03	3.2056e+03	2.8525e+03	2.4065e+02	1.4346e+02	-5.1737e+02	2.6955e+03	-3.6346e+03	-1.5225e+03	-6.0631e+02	-7.4944e+01	6.7294e+02	-7.8224e+02	4.4421e+03	4.1573e+02	-2.6270e+03	1.1690e+02	1.4381e+03	-3.8395e+02	3.0885e+03	2.7582e+03	-1.9433e+03	1.2744e+03	2.3093e+03	4.0836e+02	-2.3308e+03	2.1742e+03	2.7621e+02	1.8190e+03	-9.0863e+02	-4.8618e+02	4.7335e+02	7.2927e+02	1.1893e+03	-1.6692e+02	-1.6775e+03	-2.3665e+03	2.4745e+03	1.1803e+03	-1.7102e+03	2.5781e+03	-1.8242e+03	9.9529e+02	3.5256e+02	-2.7676e+03	1.0502e+03	2.8942e+02	4.7219e+02	-3.5089e+02	-2.2859e+02	-1.6524e+03	5.4051e+01	3.6458e+03	3.0039e+03	-8.4670e+02	-3.9071e+03	-7.9290e+02	1.3459e+03	-6.3169e+02	-1.0971e+03	-8.9954e+02	-3.7217e+03	1.4458e+03	3.8706e+01	-4.0986e+03	7.4787e+02	2.0881e+03	2.7736e+03	5.5921e+02	1.8908e+03	-7.1141e+02	5.7394e+02	-1.0918e+03	9.7750e+02	-4.5662e+02	-1.2205e+02	-1.2477e+03	-3.4248e+02	-3.1729e+02	-3.1056e+03	-2.3249e+03	8.4576e+02	-9.2994e+02	-1.3398e+03	-6.1375e+02	-1.7791e+02	-7.0936e+02	1.8299e+03	-1.4040e+03	9.9961e+02	1.0873e+03	2.5279e+03	1.3888e+02	-2.0206e+03	4.1847e+02	8.3959e+02	-6.4529e+02	4.9550e+02	1.5461e+02	1.5810e+03	1.5650e+03	3.7565e+03	3.2818e+02	5.5646e+02	1.7227e+03	2.2064e+03	-7.3764e+02	-8.5867e+01	-1.3980e+03	-2.2600e+03	1.1917e+03	-1.3482e+02	-3.8661e+01	-7.2062e+02	-2.6675e+03	-7.1503e+02	2.0790e+03	8.0603e+02	-2.5442e+03	1.2104e+03	4.2914e+03	-3.8771e+02	1.0773e+03	2.4135e+03	-5.6347e+02	6.9233e+02	-1.1592e+03
1.8000e+05	6.2814e+02	-1.2246e+03	4.0501e+02	2.3625e+02	9.3654e+01	-1.2525e+03	-1.0592e+03	1.9278e+03	-1.1239e+03	3.0888e+02	-1.4711e+03	-1.4621e+03	-7.0737e+02	-1.3928e+03	-3.2370e+02	-1.8237e+03	-6.9174e+02	-7.2145e+02	-9.2380e+02	-1.1861e+03	6.4145e+02	-2.1854e+02	-1.1605e+03	-2.3340e+03	-6.9035e+02	8.0015e+02	2.9160e+02	-1.4444e+03	8.2316e+02	-4.9235e+02	-1.3627e+02	-8.6861e+02	-1.4336e+03	9.8180e+02	-1.3313e+03	7.6423e+02	-1.6133e+03	-8.7696e+02	-1.1558e+03	-2.3110e+03	-3.2808e+02	6.1489e+02	-5.0305e+02	-5.4360e+02	-3.0501e+02	-2.8022e+02	-5.3178e+01	2.8219e+02	-6.4508e+02	-1.3722e+03	-5.2303e+02	-5.8271e+02	6.8666e+02	1.1317e+03	1.7571e+03	-5.7568e+01	-6.5479e+02	3.0008e+02	1.0700e+03	1.1448e+03	1.1150e+02	6.1260e+02	1.1239e+02	1.3727e+03	5.4409e+02	1.0193e+03	-1.0005e+03	3.7901e+02	1.9700e+02	-1.2801e+03	8.7745e+02	8.0919e+02	2.8636e+02	-2.4837e+02	-5.8025e+02	2.4041e+03	-9.4025e+01	4.2049e+02	2.4779e+02	-1.3862e+03	1.2509e+02	1.3656e+03	2.0931e+03	1.9301e+02	9.3393e+02	1.7873e+03	-6.9869e+02	-2.2715e+02	-2.0027e+01	-1.6467e+03	-1.3870e+03	-7.1972e+02	4.4657e+02	3.1257e+02	1.6150e+03	3.6940e+02	-4.4915e+02	9.2045e+00	5.2894e+02	7.5955e+02	2.8349e+01	1.2869e+03	-1.5597e+03	-5.9530e+02	1.7912e+03	-2.3921e+02	-8.6723e+02	-7.4991e+01	-8.2883e+02	-1.1300e+03	-1.0009e+03	-1.0545e+03	-5.9076e+02	-7.4483e+02	-4.9374e+02	-8.0653e+02	8.4156e+02	-2.2204e+01	1.5594e+03	6.9155e+02	1.1242e+03	1.3604e+03	-2.1592e+03	2.2029e+02	-1.3518e+02	2.9562e+02	-1.8055e+03	-7.2213e+02	1.0057e+03	-5.5613e+02	-5.3738e+02	6.5987e+02	-7.1479e+02	-1.3482e+03	-7.2276e+02	-4.6594e+02	6.2084e+02	-4.5815e+02	7.7196e+02	-6.8922e+02	1.3991e+02	1.3277e+03	-8.5152e+02	-1.0349e+03	8.0804e+02	9.0662e+02	-1.5978e+02	5.6810e+02	-1.7581e+03	-7.8336e+02	-7.9872e+02	3.6782e+02	6.4236e+02	2.5062e+02	-6.1414e+02	-4.2427e+02	3.7124e+02	1.0476e+03	-1.5183e+03	-2.2757e+03	-1.1562e+03	4.0380e+02	1.9509e+03	8.8365e+02	4.3839e+02	-6.0412e+02	4.6936e+02	-2.2140e+02	-8.6081e+02	-3.0856e+02	1.4079e+03	-1.5043e+03	4.8750e+02	4.2479e+02	6.1066e+02	2.0668e+03	-1.5824e+03	4.9535e+02	-5.9620e+02	-3.8780e+02	-1.8971e+03	1.6580e+02	5.2886e+02	-6.0800e+02	1.0280e+03	4.4545e+02	8.5582e+02	1.2656e+03	-1.0402e+03	2.8821e+02	6.8547e+02	-1.3660e+03	5.6226e+02	8.8702e+02	8.6058e+02	2.2902e+03	-6.6095e+02	-4.5923e+02	1.3680e+03	1.1213e+03
1.8000e+05	-8.1525e+02	1.4235e+03	1.9014e+03	2.9311e+02	1.6223e+02	6.5517e+02	-7.3690e+02	1.5601e+03	-7.8272e+02	9.8276e+02	4.1228e+01	2.2979e+02	1.7695e+03	-1.5767e+03	1.2605e+03	6.3213e+02	-2.1928e+02	-4.1611e+03	1.9744e+03	-4.1305e+02	1.6667e+03	-1.8628e+03	-2.7682e+02	-1.7341e+03	3.0853e+02	1.9361e+03	4.3383e+02	-2.1467e+03	6.0213e+02	3.7394e+02	1.0233e+03	-2.0305e+03	7.3618e+02	-1.8607e+03	-2.9007e+03	-1.1749e+03	2.2304e+03	9.2344e+02	-3.8241e+02	-1.4149e+03	-3.5380e+03	-3.2794e+02	7.4367e+02	-7.6780e+02	-1.1697e+03	1.8856e+03	-1.1955e+03	5.0599e+02	6.9132e+02	1.7379e+03	-6.5636e+02	-3.1719e+03	-1.4315e+03	-3.8234e+02	1.3861e+03	-2.5422e+03	-1.4943e+03	-3.0475e+03	-4.0241e+03	-2.4850e+03	3.6819e+02	-4.1047e+02	-3.2618e+02	-3.9803e+02	-1.3882e+03	-2.7753e+02	-2.0683e+03	1.3955e+03	-5.8416e+02	-1.2717e+02	-1.1543e+03	8.1538e+02	-2.2405e+03	3.2721e+03	2.4737e+03	3.8757e+03	-1.4483e+03	-7.1493e+02	2.2015e+02	3.1903e+03	-3.9996e+03	-2.2748e+03	-6.7071e+02	-3.5970e+02	8.5398e+02	-3.1076e+02	3.6876e+03	3.4610e+02	-3.2013e+03	-6.0172e+02	1.2582e+03	-1.1898e+03	3.5764e+03	2.2609e+03	-1.7099e+03	5.4706e+02	2.1875e+03	3.3852e+02	-2.5504e+03	2.8041e+03	5.1206e+02	1.8029e+03	-1.6840e+03	-5.3370e+02	6.5136e+02	7.9880e+02	1.0536e+03	-2.6826e+02	-1.5075e+03	-2.3349e+03	2.8941e+03	-1.1734e+02	-1.7352e+03	3.8834e+03	-1.8629e+03	1.2885e+03	1.1142e+03	-2.8174e+03	1.0792e+03	-9.4885e+02	1.0940e+03	1.3663e+00	-1.0880e+02	-1.5225e+03	3.5215e+02	3.3595e+03	2.3728e+03	-1.0377e+03	-3.8763e+03	-1.0507e+03	1.1610e+03	-4.0497e+02	-1.2431e+03	-1.5473e+03	-3.6198e+03	1.7981e+03	4.1787e+02	-4.6705e+03	9.2718e+02	1.8322e+03	3.3400e+03	3.0819e+02	2.8948e+03	-8.5639e+02	1.1207e+02	-1.2197e+03	1.1159e+03	-7.6907e+02	6.5946e+02	-6.6456e+02	6.5141e+01	2.7226e+02	-2.9973e+03	-2.4854e+03	1.1538e+03	-3.6265e+02	-1.9865e+03	-1.2678e+03	7.3410e+01	-1.9048e+02	2.6202e+03	-2.6757e+03	7.1112e+02	1.0514e+03	2.0664e+03	-1.9972e+02	-1.8217e+03	1.5328e+03	2.2908e+02	-6.7661e+02	5.5158e+02	-1.2590e+02	2.0289e+03	9.9115e+02	4.0874e+03	1.9753e+01	1.0172e+03	1.0382e+03	1.3973e+03	4.1487e+02	4.6289e+00	-1.1974e+03	-1.3330e+03	2.1207e+02	-9.6744e+02	5.5216e+02	-1.2109e+03	-2.5493e+03	-8.2724e+02	1.8324e+03	1.2963e+03	-1.8357e+03	1.0813e+03	4.2232e+03	1.4562e+02	1.1040e+03	2.5255e+03	-3.4193e+02	1.1891e+02	-1.4564e+03
2.0000e+05	1.0072e+03	-1.2788e+03	2.5332e+02	5.6274e+01	-6.6900e+02	-1.5407e+03	-9.4974e+02	2.0658e+03	-3.3637e+02	1.9749e+02	-1.5810e+03	-1.6116e+03	-6.5090e+02	-1.6255e+03	-7.1719e+02	-2.0922e+03	-1.0811e+03	-1.5648e+02	-1.0669e+03	-1.6947e+03	6.5887e+02	-6.2414e+02	-1.9980e+03	-2.0544e+03	-9.1113e+02	7.7170e+02	3.6028e+02	-1.8060e+03	8.9626e+02	-3.2107e+02	2.6629e+02	-6.8952e+02	-1.0395e+03	1.3693e+03	-1.4276e+03	4.1154e+02	-1.3258e+03	-1.1594e+03	-1.9438e+03	-2.0287e+03	-8.1931e+01	4.6175e+02	-5.7727e+02	-6.7278e+02	1.0703e+02	-3.7781e+02	-4.9827e+02	4.9229e+02	-7.4209e+02	-1.5471e+03	-6.4119e+02	-1.1563e+03	3.4372e+02	1.5923e+03	1.7223e+03	2.6259e+02	-1.0902e+03	4.0990e+02	7.1416e+02	5.6185e+02	4.0563e+02	5.6886e+02	-5.6169e+01	1.6642e+03	2.5049e+02	7.1264e+02	-8.8907e+02	3.8996e+02	-3.9913e+02	-1.5262e+03	3.3135e+02	8.8018e+02	-1.7280e+02	-9.8370e+02	-9.9891e+02	2.0501e+03	-5.9009e+02	6.9060e+01	5.7003e+02	-1.1379e+03	3.8393e+02	1.5499e+03	2.2594e+03	2.9073e+02	1.0695e+03	1.4861e+03	-6.5918e+02	-4.2229e+02	3.8363e+02	-1.5043e+03	-1.3932e+03	-9.9887e+02	4.1810e+02	2.9161e+02	1.5191e+03	-1.0795e+02	-6.3180e+02	6.1686e+01	6.1458e+02	5.3773e+02	-6.7713e+02	1.2631e+03	-1.6718e+03	-3.1879e+02	1.8149e+03	1.2543e+00	-6.4937e+02	-2.5900e+02	-1.0564e+03	-1.0243e+03	-1.4229e+03	-1.2388e+03	-6.3346e+02	-9.7773e+02	-5.4416e+02	-8.6052e+02	4.5983e+02	-2.6001e+02	1.1640e+03	3.5685e+02	7.8805e+02	2.0088e+03	-2.4903e+03	4.2029e+02	-2.8459e+01	2.5412e+02	-2.2554e+03	-1.1354e+03	1.0128e+03	-5.1483e+02	-5.2303e+02	7.0402e+02	-6.3579e+02	-1.0842e+03	-6.0173e+02	-2.4175e+02	5.1109e+02	-4.5035e+02	1.0252e+03	-1.4377e+03	-4.2220e+02	1.5013e+03	-1.1565e+03	-1.2826e+03	7.3195e+02	4.2185e+02	3.1053e+02	8.0390e+02	-2.1292e+03	-1.1483e+03	-1.3822e+03	6.5520e+02	5.6110e+02	2.1215e+02	-1.5779e+03	-2.2858e+02	6.4373e+02	9.8750e+02	-1.5994e+03	-2.6785e+03	-1.0687e+03	1.3770e+03	2.3563e+03	5.4852e+02	1.1019e+02	-3.2548e+02	6.3124e+02	-2.9169e+02	-7.7029e+02	-1.0248e+01	1.4595e+03	-1.2143e+03	7.5858e+01	4.0661e+02	8.7579e+02	1.5323e+03	-1.8268e+03	7.7142e+02	2.8633e+02	-3.6714e+02	-1.8280e+03	-2.7946e+01	7.7450e+02	-5.4035e+02	8.7868e+02	5.6495e+01	1.1011e+03	2.1291e+03	-8.3326e+02	1.8495e+02	8.8880e+02	-1.4437e+03	3.7170e+02	4.7933e+02	5.8609e+02	2.3109e+03	-5.3912e+02	-3.6813e+02	1.1117e+03	1.0622e+03
2.0000e+05	-2.7077e+02	1.3502e+03	2.0027e+03	8.6475e+02	-4.7061e+02	7.9015e+02	-1.4005e+03	2.4278e+03	-8.5868e+02	1.0717e+02	-4.5252e+01	3.4389e+02	1.8543e+03	-2.5173e+03	1.3670e+03	2.3594e+02	-2.6819e+02	-4.8175e+03	3.2715e+03	3.1404e+01	1.2851e+03	-1.2032e+03	-1.0042e+03	-1.7043e+03	4.1324e+02	1.9323e+03	5.8426e+02	-3.1555e+03	1.0977e+03	-8.1726e+01	1.6560e+03	-2.2673e+03	1.7015e+03	-2.2752e+03	-2.7265e+03	-1.0706e+03	1.9023e+03	1.6386e+03	-5.5714e+02	-1.8121e+03	-3.2693e+03	1.7961e+02	5.3123e+02	-1.0999e+03	-7.6384e+02	1.9393e+03	-1.3682e+03	1.0767e+03	4.5994e+02	6.7862e+02	-5.4501e+02	-4.3200e+03	-1.0319e+03	4.3967e+02	2.0408e+03	-1.8554e+03	-1.9788e+03	-2.8304e+03	-3.7273e+03	-3.4563e+03	-4.4554e+02	-1.0463e+03	-8.5360e+02	-1.4146e+03	-1.1429e+03	7.6918e+02	-2.7139e+03	1.2212e+03	-8.7814e+02	-1.3506e+03	-1.0782e+03	5.8732e+02	-1.8582e+03	1.8843e+03	1.6630e+03	4.6841e+03	-2.2249e+03	-1.8024e+03	1.6172e+03	3.3088e+03	-4.3267e+03	-2.1039e+03	2.9135e+02	-3.7216e+01	-7.4136e+02	-5.7070e+02	2.9233e+03	-3.2112e+02	-3.6477e+03	-2.5660e+02	1.2144e+03	-1.1538e+03	3.3497e+03	2.2226e+03	-1.5000e+03	5.3243e+02	1.8685e+03	1.5481e+02	-1.8603e+03	2.8905e+03	5.0257e+02	1.8545e+03	-2.3738e+03	-1.9011e+03	-5.8769e+00	8.0185e+02	1.7013e+03	2.8306e+02	-5.3497e+02	-3.0144e+03	2.3143e+03	2.7224e+02	-2.0643e+03	4.2137e+03	-1.7065e+03	1.9465e+03	1.2636e+03	-2.5703e+03	1.1279e+03	-1.1661e+03	1.2839e+03	-2.7395e+01	-1.0109e+03	-1.5428e+03	1.0020e+03	3.1284e+03	2.7131e+03	-1.6086e+03	-4.3337e+03	-9.5767e+02	1.9389e+03	-1.0990e+03	1.3056e+02	-1.1842e+03	-3.7550e+03	1.8338e+03	9.2248e+02	-4.6709e+03	4.2294e+02	2.1898e+03	3.4405e+03	3.1505e+02	3.0386e+03	-1.0227e+03	7.4730e+02	-1.1270e+03	1.8189e+03	-1.3814e+02	7.4093e+02	-5.9865e+02	8.9993e+01	1.3946e+03	-3.4970e+03	-2.2816e+03	1.3046e+03	-2.9301e+02	-2.6842e+03	-1.9967e+03	3.8299e+02	-4.9761e+02	3.1275e+03	-3.4052e+03	6.4099e+02	1.3896e+03	2.0235e+03	1.4778e+03	-1.4460e+03	1.1633e+03	-3.7464e+02	-6.8751e+02	4.3938e+02	-8.7631e+02	2.6344e+03	7.2720e+02	2.8582e+03	-9.1919e+02	1.3443e+03	1.5560e+03	1.6908e+03	1.1685e+03	-2.5776e+02	-9.3069e+02	-1.3089e+03	2.0699e+02	-1.0887e+03	5.1024e+02	-4.9649e+02	-2.9279e+03	-9.0038e+02	1.0991e+03	7.4132e+02	-2.9141e+03	9.2437e+02	4.0591e+03	-1.9190e+02	6.4529e+02	2.6926e+03	-9.9751e+02	9.3220e+02	-2.3631e+03
