20000.0002	-0.906781
20000.0002	-0.625077
20000.0002	-0.461638
20000.0002	0.422812
20000.0002	-1.05495
20000.0002	0.285847
20000.0002	-0.51888
20000.0002	-0.934037
20000.0002	-0.694675
20000.0002	-0.393716
20000.0002	-1.45662
20000.0002	-0.943834
20000.0002	-1.65021
20000.0002	-0.377075
20000.0002	-0.807683
20000.0002	0.0425557
20000.0002	-0.619478
20000.0002	-0.911934
20000.0002	-0.741544
20000.0002	-0.350252
20000.0002	-0.785575
20000.0002	-1.66922
20000.0002	-1.44104
20000.0002	-0.706565
20000.0002	-2.19214
20000.0002	-1.18281
20000.0002	-1.7734
20000.0002	-1.27132
20000.0002	-1.65408
20000.0002	-1.88253
20000.0002	-1.73627
20000.0002	-1.61798
20000.0002	-1.71677
20000.0002	-2.14688
20000.0002	-2.41817
20000.0002	-1.9651
20000.0002	-2.6712
20000.0002	-2.21516
20000.0002	-3.0115
20000.0002	-2.43847
20000.0002	-2.831
20000.0002	-2.42741
20000.0002	-2.8019
20000.0002	-2.41896
20000.0002	-2.42817
20000.0002	-3.46776
20000.0002	-2.77719
20000.0002	-4.18905
20000.0002	-3.80865
20000.0002	-3.20007
20000.0002	-4.24831
20000.0002	-4.77374
20000.0002	-4.80629
20000.0002	-4.46941
20000.0002	-5.00702
20000.0002	-4.71493
20000.0002	-4.10462
20000.0002	-5.77121
20000.0002	-4.91963
20000.0002	-5.31896
20000.0002	-6.15127
20000.0002	-5.72942
20000.0002	-6.24947
20000.0002	-6.14515
20000.0002	-6.55642
20000.0002	-7.11123
20000.0002	-6.15713
20000.0002	-8.12238
20000.0002	-8.35143
20000.0002	-7.87824
20000.0002	-7.87432
20000.0002	-8.90055
20000.0002	-9.31191
20000.0002	-8.40223
20000.0002	-8.34335
20000.0002	-8.48702
20000.0002	-9.07762
20000.0002	-9.2426
20000.0002	-8.65688
20000.0002	-8.34378
20000.0002	-8.70643
20000.0002	-8.83583
20000.0002	-8.69446
20000.0002	-8.72025
20000.0002	-8.57619
20000.0002	-8.73835
20000.0002	-9.3272
20000.0002	-8.46956
20000.0002	-8.28238
20000.0002	-7.0958
20000.0002	-8.67894
20000.0002	-6.60924
20000.0002	-6.38882
20000.0002	-5.90921
20000.0002	-5.92352
20000.0002	-6.11254
20000.0002	-5.40479
20000.0002	-5.23942
20000.0002	-4.07989
20000.0002	-3.36613
20000.0002	-3.38341
20000.0002	-3.31889
20000.0002	-3.02673
20000.0002	-2.78733
20000.0002	-3.20404
20000.0002	-3.46861
20000.0002	-2.31215
20000.0002	-1.65649
20000.0002	-1.74442
20000.0002	-1.39858
20000.0002	-1.86928
20000.0002	-2.43592
20000.0002	-1.46424
20000.0002	-1.21107
20000.0002	-1.46921
20000.0002	-1.55806
20000.0002	-0.774582
20000.0002	-0.912826
20000.0002	-0.953125
20000.0002	-0.752632
20000.0002	-1.05447
20000.0002	-1.04724
20000.0002	-0.846831
20000.0002	-0.92495
20000.0002	-1.02492
20000.0002	-0.333512
20000.0002	-0.740768
20000.0002	-1.02185
20000.0002	-0.704919
20000.0002	-0.126409
20000.0002	0.0364821
20000.0002	-0.35158
20000.0002	-0.757135
20000.0002	-0.923721
20000.0002	-0.502724
20000.0002	-0.260956
20000.0002	0.153538
20000.0002	-0.460618
20000.0002	-0.313867
20000.0002	-0.308281
20000.0002	-0.462071
20000.0002	-0.29403
20000.0002	-0.320417
20000.0002	-0.862576
20000.0002	-0.0064431
20000.0002	0.0130966
20000.0002	-0.414693
20000.0002	-0.569429
20000.0002	0.472268
20000.0002	-0.652974
20000.0002	0.182855
20000.0002	0.520499
20000.0002	-0.21177
20000.0002	-0.177613
20000.0002	0.0734038
20000.0002	0.26391
20000.0002	-0.0424272
20000.0002	-0.641874
20000.0002	0.189184
20000.0002	-0.623052
20000.0002	-0.182472
20000.0002	-0.29045
20000.0002	-0.226844
20000.0002	0.269778
20000.0002	-0.146297
20000.0002	-0.29909
20000.0002	0.00519571
20000.0002	0.258021
20000.0002	0.441504
20000.0002	-0.0446518
20000.0002	-0.242262
20000.0002	-0.636062
20000.0002	0.0395728
20000.0002	-0.31897
20000.0002	0.733439
20000.0002	-0.342975
20000.0002	0.822685
20000.0002	0.373006
20000.0002	0.300407
20000.0002	0.49748
20000.0002	0.0556497
20000.0002	0.195708
20000.0002	0.233662
20000.0002	-0.00968318
20000.0002	-0.122297
20000.0002	-0.0931732
20000.0002	0.540382
20000.0002	0.225039
20000.0002	-0.0668494
20000.0002	0.540972
20000.0002	0.241898
20000.0002	1.11959
20000.0002	0.112421
20000.0002	0.13241
20000.0002	0.0423818
20000.0002	0.5143
20000.0002	0.183708
20000.0002	0.146743
20000.0002	1.21056
20000.0002	0.823398
20000.0002	1.07968
20000.0002	1.50041
20000.0002	0.720548
20000.0002	1.64612
20000.0002	0.563461
20000.0002	0.332366
20000.0002	0.596291
20000.0002	0.39371
20000.0002	0.378541
20000.0002	1.54735
20000.0002	0.976666
20000.0002	1.23131
20000.0002	1.36421
20000.0002	0.728849
20000.0002	1.50834
20000.0002	2.1023
20000.0002	1.64633
20000.0002	1.91289
20000.0002	2.64794
20000.0002	1.87724
20000.0002	1.54405
20000.0002	1.52583
20000.0002	2.3277
20000.0002	1.61323
20000.0002	2.77266
20000.0002	3.12962
20000.0002	2.47501
20000.0002	2.7775
20000.0002	2.59335
20000.0002	2.48046
20000.0002	3.55116
20000.0002	2.0752
20000.0002	2.99352
20000.0002	2.46572
20000.0002	2.28642
20000.0002	2.58716
20000.0002	2.7842
20000.0002	3.12261
20000.0002	3.10145
20000.0002	2.75556
20000.0002	3.79244
20000.0002	3.54354
20000.0002	3.85234
20000.0002	3.76364
20000.0002	2.71609
20000.0002	4.42772
20000.0002	2.33207
20000.0002	3.09116
20000.0002	2.7564
20000.0002	3.93677
20000.0002	3.90163
20000.0002	3.32687
20000.0002	4.13291
20000.0002	4.51406
20000.0002	3.893
20000.0002	5.48992
20000.0002	4.81986
20000.0002	3.13394
20000.0002	3.1905
20000.0002	3.62811
20000.0002	4.35028
20000.0002	3.88503
20000.0002	4.09985
20000.0002	3.66921
20000.0002	4.46229
20000.0002	2.57689
20000.0002	3.52454
20000.0002	4.00581
20000.0002	3.88102
20000.0002	3.65341
20000.0002	3.52361
20000.0002	3.39363
20000.0002	3.65358
20000.0002	3.49607
20000.0002	3.55419
20000.0002	3.27646
20000.0002	4.30682
20000.0002	4.71978
20000.0002	4.23115
20000.0002	3.75803
20000.0002	3.82551
20000.0002	3.17647
20000.0002	4.06454
20000.0002	2.99242
20000.0002	3.39601
20000.0002	3.15851
20000.0002	3.62965
20000.0002	1.83848
20000.0002	3.53252
20000.0002	2.61516
20000.0002	3.69637
20000.0002	3.21442
20000.0002	3.32929
20000.0002	3.33879
20000.0002	4.10425
20000.0002	2.28108
20000.0002	2.374
20000.0002	2.21824
20000.0002	2.2897
20000.0002	3.32802
20000.0002	3.71368
20000.0002	3.49891
20000.0002	2.8154
20000.0002	3.20616
20000.0002	3.34094
20000.0002	2.81969
20000.0002	2.0171
20000.0002	2.88722
20000.0002	1.55977
20000.0002	2.67882
20000.0002	2.51068
20000.0002	2.901
20000.0002	2.79837
20000.0002	2.30278
20000.0002	3.20335
20000.0002	2.85842
20000.0002	2.97745
20000.0002	2.0311
20000.0002	2.63218
20000.0002	2.02944
20000.0002	2.56366
20000.0002	2.16337
20000.0002	1.80615
20000.0002	1.50318
20000.0002	2.66242
20000.0002	0.709196
20000.0002	1.77788
20000.0002	2.24105
20000.0002	2.53781
20000.0002	2.11525
20000.0002	3.20626
20000.0002	2.14487
20000.0002	2.10271
20000.0002	1.93843
20000.0002	2.28129
20000.0002	2.03892
20000.0002	0.988797
20000.0002	1.70249
20000.0002	0.884482
20000.0002	1.7275
20000.0002	2.13923
20000.0002	1.45297
20000.0002	1.76778
20000.0002	1.72943
20000.0002	1.81079
20000.0002	1.90996
20000.0002	1.28387
20000.0002	1.79744
20000.0002	1.04345
20000.0002	0.92876
20000.0002	1.67849
20000.0002	1.30616
20000.0002	1.48763
20000.0002	0.386775
20000.0002	1.17718
20000.0002	1.12243
20000.0002	1.92156
20000.0002	0.801075
20000.0002	1.61728
20000.0002	1.29101
20000.0002	1.94172
20000.0002	1.17537
20000.0002	1.11393
20000.0002	1.50376
20000.0002	1.06555
20000.0002	1.24038
20000.0002	1.33737
20000.0002	0.996342
20000.0002	0.787387
20000.0002	0.770661
20000.0002	1.38225
20000.0002	0.759825
20000.0002	0.936816
20000.0002	1.43204
20000.0002	0.85562
20000.0002	0.850142
20000.0002	1.21478
20000.0002	0.325915
20000.0002	1.07192
20000.0002	2.3542
20000.0002	1.26608
20000.0002	1.54449
20000.0002	0.493157
20000.0002	0.01947
20000.0002	0.649074
20000.0002	0.855276
20000.0002	0.97458
20000.0002	1.23634
20000.0002	1.08884
20000.0002	0.309359
20000.0002	0.0403759
20000.0002	0.521445
20000.0002	0.427707
20000.0002	0.308829
20000.0002	1.23385
20000.0002	1.29728
20000.0002	0.917743
20000.0002	0.436552
20000.0002	0.686677
20000.0002	0.922617
20000.0002	-0.0955113
20000.0002	0.838019
20000.0002	1.41679
20000.0002	-0.130385
20000.0002	0.831245
20000.0002	1.24458
20000.0002	1.15173
20000.0002	0.585542
20000.0002	0.42993
20000.0002	0.634391
20000.0002	0.146994
20000.0002	1.05905
20000.0002	-0.190581
20000.0002	0.161756
20000.0002	0.845696
20000.0002	0.667975
20000.0002	0.604203
20000.0002	0.584803
20000.0002	0.522029
20000.0002	0.724992
20000.0002	0.396425
20000.0002	0.161279
20000.0002	0.746964
20000.0002	0.89733
20000.0002	0.211803
20000.0002	0.933097
20000.0002	1.15538
20000.0002	0.787006
20000.0002	0.305539
20000.0002	-0.351438
20000.0002	-0.152261
20000.0002	0.362258
20000.0002	-0.0947186
20000.0002	0.0302888
20000.0002	0.654653
20000.0002	0.538873
20000.0002	-0.023762
20000.0002	0.0854069
20000.0002	0.458291
20000.0002	0.87847
20000.0002	0.877959
20000.0002	0.440919
20000.0002	0.447971
20000.0002	0.815474
20000.0002	0.594174
20000.0002	0.0963903
20000.0002	-0.238087
20000.0002	0.774965
20000.0002	-0.672822
20000.0002	0.158383
20000.0002	0.205908
20000.0002	0.256874
20000.0002	0.180133
20000.0002	0.483202
20000.0002	0.169083
20000.0002	0.229154
20000.0002	0.0364757
20000.0002	-0.156402
20000.0002	0.664693
20000.0002	0.410941
20000.0002	0.851066
20000.0002	0.615821
20000.0002	0.0572786
20000.0002	0.165706
20000.0002	0.658797
20000.0002	-0.22149
20000.0002	0.235162
20000.0002	-0.29392
20000.0002	-0.155315
20000.0002	0.0490165
20000.0002	0.230198
20000.0002	0.804578
20000.0002	-0.149487
20000.0002	-0.101911
20000.0002	0.417701
20000.0002	0.363802
20000.0002	-0.335327
20000.0002	0.302121
20000.0002	0.418612
20000.0002	0.322381
20000.0002	-0.239133
20000.0002	0.0892106
20000.0002	-0.429868
20000.0002	0.295544
20000.0002	-0.517684
20000.0002	0.00714985
20000.0002	0.437993
20000.0002	-0.397368
20000.0002	0.384297
20000.0002	0.38089
20000.0002	0.533852
20000.0002	-0.124175
20000.0002	0.197375
20000.0002	0.484457
20000.0002	-0.445871
20000.0002	0.614491
20000.0002	-0.242913
20000.0002	-0.14533
20000.0002	0.147685
20000.0002	0.208529
20000.0002	0.183723
20000.0002	0.615244
20000.0002	0.279651
20000.0002	-0.558569
20000.0002	-0.555879
20000.0002	-0.400435
20000.0002	-0.00920005
20000.0002	0.848921
20000.0002	-0.035739
20000.0002	0.150611
20000.0002	0.43885
20000.0002	-0.166431
20000.0002	-0.534173
20000.0002	-0.0101814
20000.0002	0.0223947
20000.0002	0.120369
20000.0002	0.0413916
20000.0002	-0.295577
20000.0002	-0.355614
20000.0002	0.38011
20000.0002	-0.476064
20000.0002	0.591496
20000.0002	0.149895
20000.0002	-0.398724
20000.0002	-0.190219
20000.0002	-0.174984
20000.0002	0.573488
20000.0002	0.404193
20000.0002	-0.0706157
20000.0002	0.202681
20000.0002	-0.533968
20000.0002	-0.478539
20000.0002	0.184821
20000.0002	0.890101
20000.0002	0.116347
20000.0002	-0.295954
20000.0002	-0.415434
20000.0002	-0.473005
20000.0002	-0.0934551
20000.0002	0.250614
20000.0002	0.275319
20000.0002	0.389403
20000.0002	0.283095
20000.0002	0.0561524
20000.0002	-0.234184
20000.0002	-0.145077
20000.0002	0.0478537
20000.0002	-0.66563
20000.0002	-0.312016
20000.0002	0.769023
20000.0002	-0.332782
20000.0002	0.0432484
20000.0002	0.137134
20000.0002	0.102571
20000.0002	-0.453206
20000.0002	-0.136251
20000.0002	-0.588177
20000.0002	0.225402
20000.0002	-0.432854
20000.0002	0.403646
20000.0002	0.103247
20000.0002	-0.347182
20000.0002	0.0112933
20000.0002	-0.0727684
20000.0002	-0.22405
20000.0002	0.154725
20000.0002	0.0137799
20000.0002	-0.122051
20000.0002	-0.14512
20000.0002	0.0826042
20000.0002	-1.0301
20000.0002	0.139349
20000.0002	-0.0204017
20000.0002	0.408281
20000.0002	-0.00619956
20000.0002	0.34213
20000.0002	0.347433
20000.0002	0.257852
20000.0002	-0.188308
20000.0002	-0.482839
20000.0002	-0.212439
20000.0002	-0.208866
20000.0002	-0.331969
20000.0002	-0.284843
20000.0002	-0.19952
20000.0002	-0.434105
20000.0002	-0.0541449
20000.0002	-0.432785
20000.0002	-0.579311
20000.0002	-0.169583
20000.0002	0.0704375
20000.0002	-0.273251
20000.0002	-0.343227
20000.0002	0.00503111
20000.0002	0.745546
20000.0002	-0.999256
20000.0002	-0.418485
20000.0002	-0.0981395
20000.0002	-1.081
20000.0002	-0.130543
20000.0002	-0.650304
20000.0002	0.190555
20000.0002	0.13069
20000.0002	-0.18038
20000.0002	-0.00585987
20000.0002	-0.279907
20000.0002	-0.196393
20000.0002	0.322062
20000.0002	-0.0248437
20000.0002	-0.329545
20000.0002	-0.0624777
20000.0002	0.394927
20000.0002	0.250902
20000.0002	0.113735
20000.0002	-0.220902
20000.0002	-0.405742
20000.0002	0.156402
20000.0002	0.592699
20000.0002	-0.439559
20000.0002	0.251278
20000.0002	0.0756389
20000.0002	0.379678
20000.0002	-0.47801
20000.0002	-0.0867189
20000.0002	0.0835292
20000.0002	-0.417455
20000.0002	-0.101448
20000.0002	0.137227
20000.0002	0.0858775
20000.0002	-0.431226
20000.0002	0.295796
20000.0002	-0.0527705
20000.0002	-0.436161
20000.0002	0.163426
20000.0002	0.142646
20000.0002	0.955896
20000.0002	0.343792
20000.0002	0.192466
20000.0002	-0.341839
20000.0002	-0.0485931
20000.0002	-0.831359
20000.0002	-0.177654
20000.0002	-0.286108
20000.0002	-0.0966716
20000.0002	-0.185346
20000.0002	0.257483
20000.0002	0.0135478
20000.0002	0.36255
20000.0002	0.50011
20000.0002	0.228676
20000.0002	-0.209721
20000.0002	-0.0866763
20000.0002	-0.0919284
20000.0002	-0.244377
20000.0002	-0.133279
20000.0002	-0.0706125
20000.0002	0.179248
20000.0002	0.21839
20000.0002	-0.159832
20000.0002	0.55651
20000.0002	-0.890939
20000.0002	0.123576
20000.0002	0.441471
20000.0002	-0.625899
20000.0002	-0.445831
20000.0002	0.627724
20000.0002	0.248948
20000.0002	0.588762
20000.0002	-0.789018
20000.0002	0.256657
20000.0002	0.21862
20000.0002	0.0554981
20000.0002	-0.0716296
20000.0002	-0.675646
20000.0002	0.277732
20000.0002	0.476792
20000.0002	0.165525
20000.0002	0.293502
20000.0002	0.185802
20000.0002	-0.0748539
20000.0002	-0.474478
20000.0002	-0.472259
20000.0002	-0.456513
20000.0002	0.805693
20000.0002	0.235323
20000.0002	0.0673192
20000.0002	-0.624777
20000.0002	-0.444081
20000.0002	0.975959
20000.0002	-0.010289
20000.0002	0.3839
20000.0002	-0.40688
20000.0002	-0.474214
20000.0002	0.56548
20000.0002	-0.0654192
20000.0002	-0.0686205
20000.0002	0.179131
20000.0002	0.321366
20000.0002	0.718217
20000.0002	-1.20673
20000.0002	-0.78327
20000.0002	-0.0688792
20000.0002	-0.23823
20000.0002	0.899913
20000.0002	-0.462407
20000.0002	-0.542197
20000.0002	0.409022
20000.0002	-0.126857
20000.0002	0.431899
20000.0002	-0.100535
20000.0002	-0.0511797
20000.0002	-0.00352446
20000.0002	-0.12751
20000.0002	0.333871
20000.0002	0.333116
20000.0002	-0.305921
20000.0002	0.00305232
20000.0002	0.270365
20000.0002	-0.00375404
20000.0002	-0.0452936
20000.0002	0.107067
20000.0002	0.111044
20000.0002	0.154602
20000.0002	-0.667904
20000.0002	-0.133612
20000.0002	0.151587
20000.0002	-0.362591
20000.0002	0.128658
20000.0002	-0.24757
20000.0002	-0.55306
20000.0002	0.881265
20000.0002	-0.50242
20000.0002	0.148835
20000.0002	0.161537
20000.0002	0.559767
20000.0002	0.0132905
20000.0002	-0.368384
20000.0002	-0.443399
20000.0002	-0.182741
20000.0002	0.481393
20000.0002	0.33826
20000.0002	-0.491959
20000.0002	0.644253
20000.0002	-0.304891
20000.0002	-1.13637
20000.0002	0.0989669
20000.0002	0.00941003
20000.0002	0.418997
20000.0002	0.337666
20000.0002	0.390013
20000.0002	-0.365304
20000.0002	0.550589
20000.0002	0.0529205
20000.0002	-0.131335
20000.0002	0.358518
20000.0002	0.15665
20000.0002	0.107915
20000.0002	-0.257042
20000.0002	0.310147
20000.0002	-0.462018
20000.0002	-0.813449
20000.0002	0.118184
20000.0002	-0.537317
20000.0002	0.657639
20000.0002	0.173495
20000.0002	0.791533
20000.0002	0.617978
20000.0002	-0.245649
20000.0002	-0.195309
20000.0002	-0.30432
20000.0002	-0.768966
20000.0002	-0.0824738
20000.0002	0.206713
20000.0002	0.126198
20000.0002	0.248352
20000.0002	-0.316626
20000.0002	-0.466677
20000.0002	-0.234509
20000.0002	0.442149
20000.0002	0.821353
20000.0002	-0.408174
20000.0002	-0.754123
20000.0002	0.118513
20000.0002	0.0132986
20000.0002	-0.420884
20000.0002	0.588287
20000.0002	-0.101468
20000.0002	-0.45457
20000.0002	0.415108
20000.0002	-0.108999
20000.0002	0.753089
20000.0002	0.654387
20000.0002	0.239548
20000.0002	-0.477694
20000.0002	-0.307765
20000.0002	-0.390228
20000.0002	-0.228455
20000.0002	0.221603
20000.0002	0.118329
20000.0002	0.200887
20000.0002	0.501444
20000.0002	-0.309005
20000.0002	-0.905657
20000.0002	-0.793129
20000.0002	0.219851
20000.0002	0.109303
20000.0002	0.553065
20000.0002	0.218015
20000.0002	0.376477
20000.0002	0.628906
20000.0002	-0.468985
20000.0002	-0.658149
20000.0002	-0.0511908
20000.0002	-0.0806231
20000.0002	0.172987
20000.0002	0.69887
20000.0002	0.0372195
20000.0002	-0.094733
20000.0002	-0.338399
20000.0002	0.481195
20000.0002	-0.72437
20000.0002	0.10165
20000.0002	-0.124313
20000.0002	0.533065
20000.0002	0.0719665
20000.0002	0.47916
20000.0002	-1.0297
20000.0002	0.44635
20000.0002	0.114639
20000.0002	-0.545796
20000.0002	0.192645
20000.0002	-0.705455
20000.0002	0.707394
20000.0002	0.613306
20000.0002	-0.749195
20000.0002	0.230966
20000.0002	0.25996
20000.0002	-0.76634
20000.0002	-0.24312
20000.0002	-0.528737
20000.0002	0.5264
20000.0002	-0.0721504
20000.0002	-0.160403
20000.0002	1.32308
20000.0002	-0.137611
20000.0002	-0.109308
20000.0002	-0.267125
20000.0002	0.737752
20000.0002	-0.433052
20000.0002	-0.0207228
20000.0002	-0.700278
20000.0002	0.1767
20000.0002	-0.424821
20000.0002	0.549042
20000.0002	-0.892387
20000.0002	0.847898
20000.0002	0.495764
20000.0002	0.515308
20000.0002	-0.807088
20000.0002	0.493495
20000.0002	-0.0689442
20000.0002	0.547696
20000.0002	0.0944399
20000.0002	-0.673609
20000.0002	-0.0179008
20000.0002	-0.224646
20000.0002	-0.81494
20000.0002	0.16991
20000.0002	0.617679
20000.0002	0.773888
20000.0002	-0.304885
20000.0002	-0.235738
20000.0002	-0.953913
20000.0002	-0.292406
20000.0002	0.159439
20000.0002	0.1685
20000.0002	0.265879
20000.0002	0.243385
20000.0002	-0.218507
20000.0002	-0.208914
20000.0002	0.248369
20000.0002	0.0952482
20000.0002	-0.0916265
20000.0002	0.140598
20000.0002	-0.11186
20000.0002	0.157079
20000.0002	-0.344504
20000.0002	0.134516
20000.0002	0.674965
20000.0002	0.0584469
20000.0002	0.198322
20000.0002	-0.461625
20000.0002	-0.307076
20000.0002	-0.817083
20000.0002	0.793485
20000.0002	0.0248899
20000.0002	-0.329875
20000.0002	-0.0715067
20000.0002	0.45461
20000.0002	1.15062
20000.0002	0.260469
20000.0002	-1.0513
20000.0002	0.468444
20000.0002	-0.251209
20000.0002	-0.185246
20000.0002	-0.171906
20000.0002	0.731232
20000.0002	0.164627
20000.0002	-0.522639
20000.0002	-0.3834
20000.0002	-0.00271967
20000.0002	0.181922
20000.0002	0.312026
20000.0002	0.0493342
20000.0002	0.513722
20000.0002	-0.193272
20000.0002	-0.590189
20000.0002	-0.800119
20000.0002	-0.0661147
20000.0002	-0.0208808
20000.0002	-0.0663789
20000.0002	0.336178
20000.0002	-0.441458
20000.0002	0.485159
20000.0002	0.107813
20000.0002	-0.450235
20000.0002	0.325012
20000.0002	1.15317
20000.0002	-0.243446
20000.0002	-0.856019
20000.0002	-0.0839005
20000.0002	0.133178
20000.0002	-0.66424
20000.0002	0.256492
20000.0002	0.526048
20000.0002	0.806927
20000.0002	-0.767112
20000.0002	0.433654
20000.0002	0.61874
20000.0002	-1.17206
20000.0002	0.300462
20000.0002	0.0629903
20000.0002	-0.320991
20000.0002	0.621908
20000.0002	-1.1624
20000.0002	0.0812972
20000.0002	0.196245
20000.0002	0.138439
20000.0002	0.677753
20000.0002	-0.732374
20000.0002	0.446637
20000.0002	-0.0791159
20000.0002	0.0084037
20000.0002	-0.0392059
20000.0002	-0.259876
20000.0002	0.401497
20000.0002	-1.0421
20000.0002	0.230096
20000.0002	0.547724
20000.0002	0.0227911
20000.0002	0.0503974
20000.0002	-0.226416
20000.0002	0.334461
20000.0002	-0.0539965
20000.0002	-0.0304061
20000.0002	-0.39098
20000.0002	0.242379
20000.0002	0.276117
20000.0002	0.272213
20000.0002	-1.02268
20000.0002	-0.197808
20000.0002	-0.0122444
20000.0002	1.06792
20000.0002	-0.30547
20000.0002	-0.249575
20000.0002	0.287429
20000.0002	-0.645638
20000.0002	-0.59549
20000.0002	0.635013
20000.0002	0.431104
20000.0002	-0.209169
20000.0002	-0.586556
20000.0002	0.469444
20000.0002	0.0176694
20000.0002	0.628564
20000.0002	-0.347832
20000.0002	0.0786458
20000.0002	0.436306
20000.0002	0.368413
20000.0002	-0.119704
20000.0002	-0.237302
20000.0002	-0.444256
20000.0002	-0.109281
20000.0002	0.268946
20000.0002	-0.160023
20000.0002	-0.166203
20000.0002	-0.113386
20000.0002	-0.289555
20000.0002	0.0474492
20000.0002	0.0777537
20000.0002	0.0697504
20000.0002	-0.332566
20000.0002	0.446698
20000.0002	-0.339148
20000.0002	0.415482
20000.0002	-0.0419862
20000.0002	0.00990774
20000.0002	0.242394
20000.0002	-0.526424
20000.0002	0.0169349
20000.0002	-0.08325
20000.0002	-0.235941
20000.0002	0.67632
20000.0002	-0.0730298
20000.0002	-0.798925
20000.0002	0.421064
20000.0002	0.4666
20000.0002	0.368945
20000.0002	-0.0362652
20000.0002	-0.342806
20000.0002	0.149655
20000.0002	0.147028
20000.0002	0.406851
20000.0002	-0.297771
20000.0002	-0.215662
20000.0002	-0.166359
20000.0002	0.548523
20000.0002	-0.501692
20000.0002	0.36315
20000.0002	-0.16695
20000.0002	0.203207
20000.0002	-0.00289837
20000.0002	0.128259
20000.0002	-0.414169
20000.0002	-0.425972
20000.0002	0.175466
20000.0002	0.125148
20000.0002	-0.471413
20000.0002	-0.347217
20000.0002	0.809133
20000.0002	0.0844648
20000.0002	0.0663812
20000.0002	0.405906
20000.0002	-0.393545
20000.0002	-0.413641
20000.0002	0.487294
20000.0002	0.185702
20000.0002	0.428595
20000.0002	-0.457088
20000.0002	-0.539396
20000.0002	0.0358246
20000.0002	-0.128811
20000.0002	-0.180846
20000.0002	0.155628
20000.0002	-0.223297
20000.0002	0.126394
20000.0002	-0.260961
20000.0002	0.387459
20000.0002	-0.154935
20000.0002	0.699435
20000.0002	-0.127948
20000.0002	-0.298826
20000.0002	0.271997
20000.0002	-0.175872
20000.0002	-0.181571
20000.0002	0.350136
20000.0002	-0.0741732
20000.0002	0.727772
20000.0002	-0.283102
20000.0002	-0.259434
20000.0002	0.00882365
20000.0002	0.106523
20000.0002	-0.191448
20000.0002	0.166341
20000.0002	0.253799
20000.0002	-0.123143
20000.0002	0.193094
20000.0002	-0.366649
20000.0002	-0.185014
20000.0002	-0.12325
20000.0002	-0.00555087
20000.0002	-0.119715
20000.0002	0.121789
20000.0002	-0.285487
20000.0002	0.547575
20000.0002	0.194551
20000.0002	-0.264208
20000.0002	0.00921404
20000.0002	0.305914
20000.0002	-0.0627213
20000.0002	-0.077958
20000.0002	-0.626951
20000.0002	0.30213
20000.0002	-0.11384
20000.0002	-0.200887
20000.0002	0.365226
20000.0002	0.114467
20000.0002	-0.0446742
20000.0002	-0.376928
20000.0002	0.0076312
20000.0002	0.277136
20000.0002	0.289292
20000.0002	-0.554485
20000.0002	0.360782
20000.0002	0.071584
20000.0002	0.103697
20000.0002	-0.260549
20000.0002	0.304133
20000.0002	-0.840922
20000.0002	-0.0380005
20000.0002	0.102626
20000.0002	0.0884542
20000.0002	0.194114
20000.0002	0.412284
20000.0002	0.111698
20000.0002	-0.261638
20000.0002	0.262771
20000.0002	-0.542969
20000.0002	0.457518
20000.0002	-0.0383058
20000.0002	0.462857
20000.0002	-0.291139
20000.0002	0.0080802
20000.0002	-0.0704924
20000.0002	-0.508164
20000.0002	0.0705703
20000.0002	-0.029771
20000.0002	0.500728
20000.0002	-0.0632371
20000.0002	-0.206613
20000.0002	-0.0219422
20000.0002	-0.627124
20000.0002	0.179488
20000.0002	0.119217
20000.0002	0.890454
20000.0002	-0.693286
20000.0002	-0.119547
20000.0002	-0.0152285
20000.0002	-0.0453295
20000.0002	0.194018
20000.0002	0.207913
20000.0002	-0.373202
20000.0002	-0.0271952
20000.0002	0.257406
20000.0002	-0.105023
20000.0002	0.0744874
20000.0002	0.100807
20000.0002	0.188804
20000.0002	0.406478
20000.0002	-0.144112
20000.0002	-0.163449
20000.0002	0.147409
20000.0002	-0.213487
20000.0002	-0.130969
20000.0002	0.0788914
20000.0002	-0.0694369
20000.0002	-0.361933
20000.0002	-0.189945
20000.0002	-0.196192
20000.0002	0.487245
20000.0002	0.0428927
20000.0002	0.0711173
20000.0002	0.384873
20000.0002	-0.167491
20000.0002	-0.0704263
20000.0002	-0.473852
20000.0002	0.00466605
20000.0002	0.154573
20000.0002	0.107073
20000.0002	-0.244269
20000.0002	-0.229925
20000.0002	-0.000205589
20000.0002	0.0797034
20000.0002	0.567168
20000.0002	-0.000709879
20000.0002	-0.0953126
20000.0002	0.0101901
20000.0002	-0.315074
20000.0002	-0.0148015
20000.0002	-0.0270769
20000.0002	-0.00683241
20000.0002	-0.0179058
20000.0002	0.199147
20000.0002	0.128984
20000.0002	-0.19964
20000.0002	-0.22846
20000.0002	0.346758
20000.0002	-0.113136
20000.0002	0.0108281
20000.0002	-0.618651
20000.0002	0.075017
20000.0002	0.503648
20000.0002	-0.0422373
20000.0002	0.916919
20000.0002	0.0280715
20000.0002	-0.472769
20000.0002	-0.439225
20000.0002	0.679071
20000.0002	0.0355014
20000.0002	0.174746
20000.0002	0.171407
20000.0002	0.0696776
20000.0002	-0.219653
20000.0002	-0.0847128
20000.0002	0.204398
20000.0002	0.0502675
20000.0002	-0.0471031
20000.0002	-0.0438165
20000.0002	-0.0425891
20000.0002	0.10888
20000.0002	-0.0249482
20000.0002	-0.149225
20000.0002	-0.0549516
20000.0002	-0.110925
20000.0002	-0.0307765
20000.0002	-0.0147862
20000.0002	0.0771928
20000.0002	-0.0868732
20000.0002	-0.0275463
20000.0002	-0.0114042
20000.0002	-0.0455667
20000.0002	-0.0655625
20000.0002	0.22548
20000.0002	0.0254709
20000.0002	0.0221303
20000.0002	-0.10426
20000.0002	0.123137
20000.0002	0.0368834
20000.0002	0.285177
20000.0002	0.271125
20000.0002	-0.0705881
20000.0002	0.09314
20000.0002	-0.137908
20000.0002	-0.0217883
20000.0002	0.0492796
20000.0002	0.209561
20000.0002	-0.0445426
20000.0002	-0.0896788
20000.0002	0.0891403
20000.0002	-0.0897328
20000.0002	-0.0818522
20000.0002	0.0302332
20000.0002	-0.0127033
20000.0002	0.0687939
20000.0002	-0.0711648
20000.0002	0.110043
20000.0002	0.0126279
20000.0002	-0.0178082
20000.0002	-0.0403804
20000.0002	-0.0363213
20000.0002	0.113809
20000.0002	-0.0120113
20000.0002	-0.0113605
20000.0002	0.0560044
20000.0002	-0.00135915
20000.0002	-0.048627
20000.0002	-0.135559
20000.0002	0.226701
20000.0002	-0.0886613
20000.0002	-0.105269
20000.0002	0.00875688
20000.0002	0.0222819
20000.0002	0.0819114
20000.0002	0.117646
20000.0002	-0.070948
20000.0002	-0.16506
20000.0002	0.0677264
20000.0002	-0.0603945
20000.0002	0.015301
20000.0002	0.171405
20000.0002	-0.101134
20000.0002	0.21063
20000.0002	-0.0195967
20000.0002	0.0776026
20000.0002	0.042998
20000.0002	-0.105238
20000.0002	0.0793229
20000.0002	0.0110043
20000.0002	0.121384
20000.0002	0.089664
20000.0002	0.0495438
20000.0002	-0.140003
20000.0002	-0.0709348
20000.0002	-0.0274805
20000.0002	-0.0231324
20000.0002	0.0963387
20000.0002	-0.023483
20000.0002	-0.0992526
20000.0002	-0.0558595
20000.0002	0.139332
20000.0002	0.121743
20000.0002	-0.0058371
20000.0002	-0.0728518
20000.0002	0.0525683
20000.0002	-0.0661404
20000.0002	-0.0258534
20000.0002	-0.00980394
20000.0002	0.0259781
20000.0002	0.00879007
20000.0002	0.0181902
20000.0002	0.0526793
20000.0002	-0.0882147
20000.0002	0.0572793
20000.0002	0.0857173
20000.0002	-0.0322335
20000.0002	-0.0252093
20000.0002	0.0131296
20000.0002	-0.108844
20000.0002	0.00502807
20000.0002	0.0280167
20000.0002	-0.052304
20000.0002	0.0147484
20000.0002	-0.00579559
20000.0002	0.000400244
20000.0002	-0.0898941
20000.0002	-0.00991448
20000.0002	-0.0200639
20000.0002	0.0301307
20000.0002	-0.0493223
20000.0002	0.0345155
20000.0002	0.000559701
20000.0002	0.0115456
20000.0002	0.0816852
20000.0002	-0.00770194
20000.0002	0.00763116
20000.0002	0.0170239
20000.0002	-0.00781483
20000.0002	0.00924007
20000.0002	-0.0127917
20000.0002	-0.0341179
20000.0002	0.0418358
20000.0002	-0.0188583
20000.0002	-0.0110271
20000.0002	0.00208518
20000.0002	0.0619594
20000.0002	-0.022188
20000.0002	-0.03773
20000.0002	0.0196317
20000.0002	0.0750893
20000.0002	0.00516845
20000.0002	0.0424733
20000.0002	0.051281
20000.0002	-0.0691608
20000.0002	-0.0789667
20000.0002	-0.0269576
20000.0002	-0.103673
20000.0002	0.0746405
20000.0002	0.0327267
20000.0002	0.057385
20000.0002	-0.000966094
20000.0002	-0.02546
20000.0002	0.0404613
20000.0002	-0.0269239
20000.0002	-0.0353955
20000.0002	-0.0793195
20000.0002	-0.0424132
20000.0002	-0.0747581
20000.0002	0.0121208
20000.0002	-0.0815417
20000.0002	0.0518605
20000.0002	0.00722818
20000.0002	-0.0482556
20000.0002	0.0780715
20000.0002	-0.0669672
20000.0002	-0.0223305
20000.0002	-0.0256496
20000.0002	-0.0495499
20000.0002	0.0659514
20000.0002	0.00813996
20000.0002	-0.0296869
20000.0002	0.015273
20000.0002	0.114728
20000.0002	-0.00096943
20000.0002	0.0331114
20000.0002	-0.0449193
20000.0002	-0.0163864
20000.0002	0.0615444
20000.0002	0.0518387
20000.0002	-0.0191566
20000.0002	-0.0183488
20000.0002	0.0742715
20000.0002	-0.00906494
20000.0002	-0.0125989
20000.0002	0.00795119
20000.0002	-0.00719251
20000.0002	0.0105456
20000.0002	0.134636
20000.0002	0.0902576
20000.0002	0.0226619
20000.0002	-0.0487715
20000.0002	-0.0423921
20000.0002	-0.0331156
20000.0002	0.0133426
20000.0002	-0.0112541
20000.0002	-0.0338901
20000.0002	0.00665998
20000.0002	-0.00305636
20000.0002	0.0281008
20000.0002	0.05136
20000.0002	-0.0704866
20000.0002	-0.099625
20000.0002	-0.0351763
20000.0002	0.0177229
20000.0002	-0.122142
20000.0002	-0.061941
20000.0002	0.00736092
20000.0002	-0.0248477
20000.0002	-0.0638762
20000.0002	0.0165915
20000.0002	-0.00566394
20000.0002	-0.0183947
20000.0002	-0.0278842
20000.0002	-0.0283699
20000.0002	0.037274
20000.0002	0.0426766
20000.0002	-0.0972403
20000.0002	0.0231081
20000.0002	0.0193843
20000.0002	0.11935
20000.0002	-0.144783
20000.0002	-0.0419449
20000.0002	-0.00305489
20000.0002	0.0155342
20000.0002	0.024175
20000.0002	-0.0589768
20000.0002	0.126675
20000.0002	0.00607634
20000.0002	0.0680548
20000.0002	-0.051171
20000.0002	-0.0287718
20000.0002	0.155639
20000.0002	-0.0913195
20000.0002	-0.0215088
20000.0002	-0.111181
20000.0002	0.0315984
20000.0002	-0.096186
20000.0002	0.0324873
20000.0002	-0.0277686
20000.0002	0.0450676
20000.0002	0.00227543
20000.0002	0.10601
20000.0002	-0.0382686
20000.0002	-0.0765135
20000.0002	-0.00235178
20000.0002	-0.0747358
20000.0002	-0.0192665
20000.0002	-0.0796774
20000.0002	-0.080995
20000.0002	-0.00395416
20000.0002	-0.130118
20000.0002	0.044351
20000.0002	0.145988
20000.0002	0.0344099
20000.0002	-0.077308
20000.0002	-0.103138
20000.0002	0.0363548
20000.0002	-0.0248989
20000.0002	-0.0200918
20000.0002	0.11167
20000.0002	-0.133968
20000.0002	0.0503252
20000.0002	0.0421841
20000.0002	0.00418706
20000.0002	0.00699963
20000.0002	0.0148306
20000.0002	0.200835
20000.0002	0.126371
20000.0002	0.0755886
20000.0002	-0.0379892
20000.0002	0.0383294
20000.0002	0.0962818
20000.0002	0.035056
20000.0002	0.100762
20000.0002	0.0650106
20000.0002	-0.0863538
20000.0002	0.0205118
20000.0002	-0.026565
20000.0002	0.0998209
20000.0002	-0.0468843
20000.0002	-0.0236584
20000.0002	-0.0471683
20000.0002	-0.0598399
20000.0002	-0.0863143
20000.0002	-0.044377
20000.0002	0.0109252
20000.0002	-0.0381652
20000.0002	0.0319696
20000.0002	0.050191
20000.0002	0.148288
20000.0002	-0.00492736
20000.0002	-0.187427
20000.0002	-0.015207
20000.0002	0.0563591
20000.0002	0.071948
20000.0002	-0.0375063
20000.0002	0.130433
20000.0002	-0.0709041
20000.0002	-0.0768854
20000.0002	-0.243896
20000.0002	-0.0398487
20000.0002	-0.143191
20000.0002	-0.175629
20000.0002	0.20944
20000.0002	-0.0248775
20000.0002	0.0430125
20000.0002	-0.101703
20000.0002	0.166394
20000.0002	-0.0206951
20000.0002	0.168404
20000.0002	-0.0856403
20000.0002	-0.0443671
20000.0002	-0.266103
20000.0002	0.00768988
20000.0002	0.0143783
20000.0002	-0.225521
20000.0002	-0.0229645
20000.0002	0.208387
20000.0002	0.0572954
20000.0002	-0.0758506
20000.0002	-0.0172358
20000.0002	0.0123405
20000.0002	0.0138091
20000.0002	-0.0546532
20000.0002	0.0207257
20000.0002	0.0537074
20000.0002	0.0853825
20000.0002	-0.147242
20000.0002	0.106
20000.0002	-0.0186405
20000.0002	-0.117155
20000.0002	-0.0938952
20000.0002	-0.0683528
20000.0002	-0.0572182
20000.0002	0.00429482
20000.0002	-0.0196539
20000.0002	0.248485
20000.0002	0.124636
20000.0002	0.150271
20000.0002	0.168174
20000.0002	0.00321612
20000.0002	-0.15035
20000.0002	0.00149122
20000.0002	-0.0799522
20000.0002	-0.0878399
20000.0002	0.13819
20000.0002	0.0325882
20000.0002	0.0456778
20000.0002	0.0316936
20000.0002	-0.141439
20000.0002	-0.0188104
20000.0002	0.206079
20000.0002	0.0864937
20000.0002	0.0129305
20000.0002	0.0222074
20000.0002	-0.116962
20000.0002	0.140917
20000.0002	0.0791215
20000.0002	0.0990887
20000.0002	-0.071356
20000.0002	0.0412733
20000.0002	-0.0373655
20000.0002	0.0488636
20000.0002	0.0887749
20000.0002	-0.00354119
20000.0002	0.0221704
20000.0002	-0.0758978
20000.0002	0.219559
20000.0002	-0.0803857
20000.0002	-0.00798332
20000.0002	0.0193252
20000.0002	-0.220825
20000.0002	-0.0253389
20000.0002	-0.138691
20000.0002	-0.0880013
20000.0002	-0.00378238
20000.0002	0.0605121
20000.0002	-0.0734347
20000.0002	-0.0242687
20000.0002	-0.031087
20000.0002	0.0301328
20000.0002	0.0735351
20000.0002	0.175665
20000.0002	-0.114248
20000.0002	-0.0147275
20000.0002	-0.0734696
20000.0002	0.132928
20000.0002	0.0796182
20000.0002	-0.0990725
20000.0002	-0.0736207
20000.0002	-0.00409113
20000.0002	0.0278722
20000.0002	-0.0537619
20000.0002	0.0092154
20000.0002	-0.00364592
20000.0002	-0.0146408
20000.0002	0.0614075
20000.0002	-0.169345
20000.0002	-0.129759
20000.0002	0.107659
20000.0002	0.154044
20000.0002	-0.114084
20000.0002	-0.100156
20000.0002	-0.00419948
20000.0002	0.0697405
20000.0002	0.0792581
20000.0002	-0.0665452
20000.0002	0.0783533
20000.0002	-0.027613
20000.0002	0.0839156
20000.0002	0.13701
20000.0002	0.225947
20000.0002	0.0390052
20000.0002	0.35213
20000.0002	-0.0730517
20000.0002	-0.103236
20000.0002	0.0203252
20000.0002	-0.0379995
20000.0002	-0.260952
20000.0002	0.0819526
20000.0002	-0.0150047
20000.0002	-0.347231
20000.0002	-0.0188498
20000.0002	-0.0192184
20000.0002	-0.0161619
20000.0002	-0.0327543
20000.0002	-0.0861806
20000.0002	-0.0396183
20000.0002	0.0618367
20000.0002	-0.021465
20000.0002	0.030015
20000.0002	0.211888
20000.0002	-0.0154641
20000.0002	-0.0618838
20000.0002	0.0974077
20000.0002	0.093487
20000.0002	-0.0708322
20000.0002	-0.0535613
20000.0002	-0.0661659
20000.0002	0.100047
20000.0002	-0.12246
20000.0002	0.0271882
20000.0002	0.124125
20000.0002	-0.0545741
20000.0002	-0.0111243
20000.0002	-0.113045
20000.0002	-0.0637973
20000.0002	0.118701
20000.0002	0.113244
20000.0002	0.0336351
20000.0002	0.0446616
20000.0002	0.103516
20000.0002	0.089593
20000.0002	-0.147019
20000.0002	-0.115237
20000.0002	0.225586
20000.0002	0.0876214
20000.0002	-0.0922773
20000.0002	-0.199112
20000.0002	0.00619823
20000.0002	-0.0871775
20000.0002	0.00458146
20000.0002	0.0301408
20000.0002	-0.0188572
20000.0002	-0.0671842
20000.0002	-0.0504676
20000.0002	-0.068005
20000.0002	0.0817767
20000.0002	-0.0238255
20000.0002	0.149609
20000.0002	-0.121687
20000.0002	-0.183709
20000.0002	-0.0833304
20000.0002	-0.0830599
20000.0002	0.112931
20000.0002	-0.028044
20000.0002	-0.192015
20000.0002	-0.0549165
20000.0002	-0.139134
20000.0002	0.159925
20000.0002	0.0722587
20000.0002	0.047267
20000.0002	0.0746512
20000.0002	-0.0242806
20000.0002	-0.106911
20000.0002	0.141233
20000.0002	-0.118533
20000.0002	0.0922502
20000.0002	0.189202
20000.0002	-0.0578303
20000.0002	-0.0220893
20000.0002	-0.0790239
20000.0002	-0.124861
20000.0002	0.125032
20000.0002	0.165406
20000.0002	0.0285142
20000.0002	-0.219084
20000.0002	-0.00250217
20000.0002	-0.157747
20000.0002	-0.113102
20000.0002	-0.00954085
20000.0002	0.0217064
20000.0002	-0.229485
20000.0002	0.0826854
20000.0002	0.185598
20000.0002	0.138325
20000.0002	0.0995415
20000.0002	0.0924001
20000.0002	0.112069
20000.0002	0.0059322
20000.0002	0.085436
20000.0002	0.0809415
20000.0002	-0.205893
20000.0002	-0.0493158
20000.0002	0.0573974
20000.0002	-0.199897
20000.0002	0.0511559
20000.0002	-0.0889791
20000.0002	-0.158423
20000.0002	-0.0622808
20000.0002	0.0332155
20000.0002	0.0568748
20000.0002	-0.0898353
20000.0002	0.145562
20000.0002	-0.0223885
20000.0002	-0.233219
20000.0002	0.17238
20000.0002	0.0267268
20000.0002	0.108309
20000.0002	0.15971
20000.0002	0.00967553
20000.0002	-0.118448
20000.0002	-0.0256406
20000.0002	0.0475193
20000.0002	0.0465983
20000.0002	0.180121
20000.0002	-0.0313796
20000.0002	-0.0786478
20000.0002	0.0748526
20000.0002	0.124991
20000.0002	-0.00142597
20000.0002	0.0984456
20000.0002	-0.0814516
20000.0002	0.0749307
20000.0002	0.081637
20000.0002	-0.014799
20000.0002	0.0127923
20000.0002	-0.199085
20000.0002	0.147511
20000.0002	0.192927
20000.0002	0.00448599
20000.0002	0.0981715
20000.0002	0.149584
20000.0002	0.00517943
20000.0002	-0.0109354
20000.0002	-0.0687811
20000.0002	0.113904
20000.0002	-0.205694
20000.0002	-0.0417152
20000.0002	0.226047
20000.0002	-0.0951576
20000.0002	0.233025
20000.0002	-0.109882
20000.0002	0.144814
20000.0002	0.0273015
20000.0002	-0.258692
20000.0002	-0.221713
20000.0002	0.150628
20000.0002	0.172559
20000.0002	-0.0858396
20000.0002	-0.0630824
20000.0002	-0.0195221
20000.0002	-0.256068
20000.0002	0.123726
20000.0002	0.134012
20000.0002	0.0151763
20000.0002	0.0175705
20000.0002	0.0155183
20000.0002	-0.0220169
20000.0002	-0.00672906
20000.0002	-0.104468
20000.0002	0.0612963
20000.0002	0.260395
20000.0002	-0.219151
20000.0002	0.0281141
20000.0002	0.0278337
20000.0002	-0.0267942
20000.0002	-0.0532195
20000.0002	0.0148416
20000.0002	0.0961317
20000.0002	-0.0697396
20000.0002	0.0948312
20000.0002	-0.0813036
20000.0002	0.163474
20000.0002	-0.0820785
20000.0002	-0.0024931
20000.0002	0.014362
20000.0002	-0.0737697
20000.0002	0.124819
20000.0002	0.172847
20000.0002	-0.00511071
20000.0002	-0.0672407
20000.0002	0.0632128
20000.0002	0.118138
20000.0002	0.0714078
20000.0002	-0.140326
20000.0002	-0.0902156
20000.0002	-0.0435275
20000.0002	-0.0962687
20000.0002	-0.0121269
20000.0002	0.0208649
20000.0002	-0.0979785
20000.0002	0.0141004
20000.0002	-0.0167198
20000.0002	0.0574932
20000.0002	0.0346954
20000.0002	-0.0898802
20000.0002	-0.0706108
20000.0002	0.115034
20000.0002	0.119635
20000.0002	-0.0386958
20000.0002	-0.0219244
20000.0002	-0.0512982
20000.0002	0.170161
20000.0002	-0.0103662
20000.0002	0.0172928
20000.0002	0.0208153
20000.0002	-0.0774906
20000.0002	0.231164
20000.0002	-0.189437
20000.0002	-0.0473691
20000.0002	0.0134089
20000.0002	-0.0702845
20000.0002	-0.0593262
20000.0002	-0.205374
20000.0002	-0.00374556
20000.0002	0.108775
20000.0002	0.0890736
20000.0002	-0.0670114
20000.0002	-0.0965729
20000.0002	-0.0998973
20000.0002	0.015331
20000.0002	-0.166783
20000.0002	0.134886
20000.0002	0.0087045
20000.0002	-0.0334875
20000.0002	-0.0335026
20000.0002	0.0500933
20000.0002	-0.00323563
20000.0002	-0.0217943
20000.0002	-0.0356198
20000.0002	-0.0386423
20000.0002	0.125307
20000.0002	-0.106878
20000.0002	-0.0544555
20000.0002	-0.0152123
20000.0002	-0.0678358
20000.0002	0.127253
20000.0002	-0.107587
20000.0002	-0.0805316
20000.0002	0.213931
20000.0002	0.13128
20000.0002	-0.14637
20000.0002	-0.16825
20000.0002	-0.0154936
20000.0002	-0.134456
20000.0002	-0.0436775
20000.0002	0.151391
20000.0002	-0.049719
20000.0002	-0.00194092
20000.0002	-0.0911326
20000.0002	-0.0550554
20000.0002	0.134539
20000.0002	0.102562
20000.0002	0.115441
20000.0002	-0.0123875
20000.0002	-0.0329983
20000.0002	-0.077411
20000.0002	0.0568756
20000.0002	0.102292
20000.0002	0.00497586
20000.0002	-0.0797812
20000.0002	-0.0316259
20000.0002	-0.0586609
20000.0002	-0.0503979
20000.0002	-0.163068
20000.0002	-0.0187571
20000.0002	0.0839823
20000.0002	-0.0802848
20000.0002	0.0420324
20000.0002	0.0907427
20000.0002	0.0571951
20000.0002	-0.00180465
20000.0002	0.0883268
20000.0002	-0.159251
20000.0002	-0.0593261
20000.0002	-0.0375527
20000.0002	0.0125345
20000.0002	0.0488986
20000.0002	-0.0492334
20000.0002	-0.0700569
20000.0002	-0.0300142
20000.0002	0.0334732
20000.0002	-0.0300079
20000.0002	-0.0495635
20000.0002	0.0239103
20000.0002	-0.0623635
20000.0002	-0.00946479
20000.0002	0.103286
20000.0002	-0.0420315
20000.0002	0.105879
20000.0002	-0.0334917
20000.0002	-0.0215768
20000.0002	-0.0407332
20000.0002	-0.0768983
20000.0002	-0.034864
20000.0002	0.0220858
20000.0002	0.0392787
20000.0002	0.0140173
20000.0002	0.0212766
20000.0002	-0.0728335
20000.0002	-0.0173497
20000.0002	0.0630504
20000.0002	-0.00837211
20000.0002	-0.0115655
20000.0002	-0.00437888
20000.0002	0.0543417
20000.0002	0.0211654
20000.0002	-0.0273738
20000.0002	-0.0102045
20000.0002	-0.00907196
20000.0002	-0.0361077
20000.0002	0.0246527
20000.0002	-0.0618118
20000.0002	0.0261951
20000.0002	-0.0163013
20000.0002	0.0103675
20000.0002	0.00492721
20000.0002	-0.0559777
20000.0002	0.0227018
20000.0002	-0.036277
20000.0002	0.052396
20000.0002	0.0385618
20000.0002	0.0578354
20000.0002	-0.106716
20000.0002	0.00422159
20000.0002	0.0129768
20000.0002	-0.00557336
20000.0002	0.0204497
20000.0002	-0.0150042
20000.0002	0.0349871
20000.0002	-0.0167508
20000.0002	0.0499213
20000.0002	-0.0502841
20000.0002	-0.0293442
20000.0002	0.0473986
20000.0002	-0.0788872
20000.0002	-0.0165943
20000.0002	-0.0275677
20000.0002	-0.0256656
20000.0002	-0.0907561
20000.0002	-0.110274
20000.0002	0.056291
20000.0002	-0.17311
20000.0002	-0.0668921
20000.0002	-0.0376612
20000.0002	-0.0282799
20000.0002	0.0348614
20000.0002	0.0242449
20000.0002	-0.030695
20000.0002	-0.0466568
20000.0002	0.0791884
20000.0002	-0.0391471
20000.0002	-0.0878617
20000.0002	-0.0709314
20000.0002	-0.0127438
20000.0002	-0.0466731
20000.0002	-0.00431807
20000.0002	0.0267165
20000.0002	0.100383
20000.0002	0.0680102
20000.0002	0.0190521
20000.0002	0.0116195
20000.0002	-0.0432512
20000.0002	0.0492538
20000.0002	0.0921424
20000.0002	-0.00900836
20000.0002	-0.0838517
20000.0002	0.0521898
20000.0002	-0.00657884
20000.0002	-0.0204066
20000.0002	0.0819994
20000.0002	0.0317153
20000.0002	-0.00958273
20000.0002	0.00135546
20000.0002	0.000474737
20000.0002	0.00119715
20000.0002	-0.118138
20000.0002	0.0676742
20000.0002	0.0171495
20000.0002	0.0035509
20000.0002	-0.0411286
20000.0002	0.0313761
20000.0002	0.0389113
20000.0002	0.021183
20000.0002	0.061823
20000.0002	-0.0398262
20000.0002	0.10106
20000.0002	-0.0262558
20000.0002	-0.0480449
20000.0002	-0.0222967
20000.0002	0.134626
20000.0002	0.0560641
20000.0002	0.00556008
20000.0002	-0.0610203
20000.0002	-0.0248932
20000.0002	0.020428
20000.0002	-0.0113692
20000.0002	-0.0211155
20000.0002	0.0682888
20000.0002	0.00474259
20000.0002	-0.0665586
20000.0002	-0.0841054
20000.0002	-0.0336364
20000.0002	0.0142462
20000.0002	0.0675856
20000.0002	-0.0298915
20000.0002	-0.0134661
20000.0002	0.00336014
20000.0002	-0.0156382
20000.0002	-0.0124088
20000.0002	-0.0315414
20000.0002	-0.0871207
20000.0002	0.00842819
20000.0002	0.00590942
20000.0002	-0.125694
20000.0002	0.0226672
20000.0002	0.00465119
20000.0002	-0.0814325
20000.0002	0.0454054
20000.0002	0.00945261
20000.0002	0.0518053
20000.0002	-0.119105
20000.0002	0.052344
20000.0002	-0.0734159
20000.0002	0.0378265
20000.0002	-0.00695256
20000.0002	-0.120808
20000.0002	-0.0789751
20000.0002	0.0220544
20000.0002	-0.0918222
20000.0002	-0.00579148
20000.0002	0.190952
20000.0002	0.0176997
20000.0002	-0.135114
20000.0002	-0.00330631
20000.0002	-0.0524493
20000.0002	-0.100459
20000.0002	-0.100179
20000.0002	-0.136033
20000.0002	-0.103685
20000.0002	0.0287189
20000.0002	-0.0331081
20000.0002	0.0311228
20000.0002	-0.0405135
20000.0002	-0.069453
20000.0002	0.000853896
20000.0002	0.0472625
20000.0002	-0.102147
20000.0002	0.18153
20000.0002	0.0073398
20000.0002	0.15414
20000.0002	-0.0966337
20000.0002	-0.188583
20000.0002	0.0767552
20000.0002	0.0775089
20000.0002	0.0252824
20000.0002	-0.0228733
20000.0002	-0.192221
20000.0002	0.15011
20000.0002	0.0637932
20000.0002	-0.103603
20000.0002	0.0501706
20000.0002	-0.0706473
20000.0002	-0.0879731
20000.0002	-0.175737
20000.0002	0.0562021
20000.0002	-0.0747146
20000.0002	-0.17199
20000.0002	-0.0386349
20000.0002	-0.0213472
20000.0002	0.00252155
20000.0002	0.101716
20000.0002	0.246354
20000.0002	-0.00448854
20000.0002	-0.238688
20000.0002	-0.110777
20000.0002	-0.066844
20000.0002	0.00118093
20000.0002	0.0321524
20000.0002	0.0540745
20000.0002	0.0256823
20000.0002	0.139408
20000.0002	-0.148155
20000.0002	-0.0654121
20000.0002	-0.0082714
20000.0002	-0.0116079
20000.0002	-0.023896
20000.0002	0.100397
20000.0002	-0.0523857
20000.0002	0.273985
20000.0002	0.032912
20000.0002	0.0687855
20000.0002	0.101414
20000.0002	-0.000466918
20000.0002	0.0469073
20000.0002	-0.397863
20000.0002	-0.00826569
20000.0002	-0.197766
20000.0002	0.128887
20000.0002	-0.121716
20000.0002	0.0191835
20000.0002	-0.058032
20000.0002	-0.120629
20000.0002	0.0119084
20000.0002	0.118403
20000.0002	0.0711704
20000.0002	0.227086
20000.0002	0.154629
20000.0002	-0.0617433
20000.0002	-0.0899474
20000.0002	0.00366898
20000.0002	0.0482968
20000.0002	0.0609103
20000.0002	0.0297362
20000.0002	-0.0440468
20000.0002	-0.0380314
20000.0002	-0.18344
20000.0002	-0.0199798
20000.0002	0.206494
20000.0002	-0.0408801
20000.0002	0.165757
20000.0002	0.00495116
20000.0002	-0.00479039
20000.0002	-0.208078
20000.0002	0.0941013
20000.0002	0.0359026
20000.0002	0.0277652
20000.0002	0.134541
20000.0002	0.0942144
20000.0002	-0.0365892
20000.0002	-0.129988
20000.0002	-0.166437
20000.0002	0.0130325
20000.0002	-0.0157929
20000.0002	-0.213453
20000.0002	-0.0152835
20000.0002	-0.22486
20000.0002	-0.0130206
20000.0002	0.0238265
20000.0002	0.107205
20000.0002	0.285827
20000.0002	-0.0616543
20000.0002	0.0440496
20000.0002	-0.211981
20000.0002	-0.064182
20000.0002	0.0029072
20000.0002	-0.151718
20000.0002	-0.00314578
20000.0002	-0.0343908
20000.0002	0.0105615
20000.0002	0.206962
20000.0002	-0.0157982
20000.0002	0.12759
20000.0002	-0.00925002
20000.0002	-0.0671217
20000.0002	0.0548122
20000.0002	-0.0566893
20000.0002	-0.0756358
20000.0002	-0.175256
20000.0002	-0.159975
20000.0002	-0.102065
20000.0002	0.0972516
20000.0002	0.0140922
20000.0002	0.0269242
20000.0002	-0.198296
20000.0002	-0.0183815
20000.0002	-0.136989
20000.0002	-0.0339137
20000.0002	-0.209789
20000.0002	-0.14546
20000.0002	-0.0762238
20000.0002	0.175215
20000.0002	0.146451
20000.0002	-0.0327254
20000.0002	-0.131314
20000.0002	0.17042
20000.0002	-0.0830677
20000.0002	0.271883
20000.0002	-0.0864999
20000.0002	-0.0342031
20000.0002	-0.00809331
20000.0002	-0.0480798
20000.0002	-0.0576871
20000.0002	-0.0529827
20000.0002	0.141434
20000.0002	0.102817
20000.0002	-0.139492
20000.0002	-0.192721
20000.0002	-0.0137613
20000.0002	0.0687772
20000.0002	-0.0325911
20000.0002	-0.193384
20000.0002	-0.0112982
20000.0002	-0.386107
20000.0002	-0.0285519
20000.0002	0.0458106
20000.0002	0.039095
20000.0002	0.14729
20000.0002	0.00834023
20000.0002	0.0278732
20000.0002	-0.031807
20000.0002	-0.158884
20000.0002	0.0521973
20000.0002	-0.14961
20000.0002	0.0920474
20000.0002	-0.111661
20000.0002	-0.0689492
20000.0002	0.0868421
20000.0002	-0.158758
20000.0002	0.0424955
20000.0002	-0.100103
20000.0002	0.128972
20000.0002	-0.0782233
20000.0002	0.212453
20000.0002	-0.0329312
20000.0002	-0.00727468
20000.0002	-0.0317931
20000.0002	0.0616868
20000.0002	0.103563
20000.0002	0.094941
20000.0002	0.178832
20000.0002	-0.0150786
20000.0002	0.0627793
20000.0002	0.00143746
20000.0002	0.0672578
20000.0002	-0.11104
20000.0002	0.0118155
20000.0002	0.189204
20000.0002	-0.219253
20000.0002	-0.156885
20000.0002	0.079155
20000.0002	-0.0646676
20000.0002	0.17626
20000.0002	-0.198851
20000.0002	-0.0285038
20000.0002	-0.0477199
20000.0002	0.23732
20000.0002	-0.0142335
20000.0002	0.0512476
20000.0002	-0.0298924
20000.0002	-0.0641487
20000.0002	-0.0620396
20000.0002	0.20662
20000.0002	0.089426
20000.0002	-0.0324431
20000.0002	0.168844
20000.0002	0.0780511
20000.0002	0.191586
20000.0002	-0.0782845
20000.0002	0.0445492
20000.0002	-0.123678
20000.0002	-0.145322
20000.0002	0.0557763
20000.0002	0.0277721
20000.0002	0.092808
20000.0002	-0.0272424
20000.0002	-0.276867
20000.0002	0.106745
20000.0002	-0.154224
20000.0002	-0.00992996
20000.0002	0.154407
20000.0002	0.038951
20000.0002	-0.216862
20000.0002	-0.0953831
20000.0002	-0.0309205
20000.0002	0.00212722
20000.0002	0.0814273
20000.0002	0.00160011
20000.0002	0.0364855
20000.0002	0.0223108
20000.0002	-0.123639
20000.0002	-0.218482
20000.0002	-0.0861759
20000.0002	-0.0233212
20000.0002	0.0155452
20000.0002	0.0333125
20000.0002	0.0627281
20000.0002	-0.0411903
20000.0002	-0.050766
20000.0002	-0.0847456
20000.0002	0.0287564
20000.0002	0.10318
20000.0002	0.144887
20000.0002	-0.114955
20000.0002	0.0955392
20000.0002	-0.0995372
20000.0002	-0.113444
20000.0002	-0.164068
20000.0002	0.238653
20000.0002	0.160123
20000.0002	0.187036
20000.0002	0.063783
20000.0002	-0.160399
20000.0002	0.0807633
20000.0002	-0.249172
20000.0002	-0.0852828
20000.0002	0.0938203
20000.0002	0.0235
20000.0002	-0.0429353
20000.0002	-0.0751344
20000.0002	0.0758353
20000.0002	-0.123881
20000.0002	-0.0121144
20000.0002	-0.00306204
20000.0002	0.0135045
20000.0002	-0.019702
20000.0002	0.00956558
20000.0002	-0.0716054
20000.0002	-0.177469
20000.0002	-0.0868971
20000.0002	-0.0596148
20000.0002	0.0420783
20000.0002	-0.0562856
20000.0002	0.145196
20000.0002	-0.00492817
20000.0002	0.0553506
20000.0002	0.268692
20000.0002	0.0465778
20000.0002	0.0292501
20000.0002	0.253592
20000.0002	0.0180912
20000.0002	-0.0473263
20000.0002	0.0805552
20000.0002	-0.00624469
20000.0002	0.215883
20000.0002	-0.278719
20000.0002	0.0310971
20000.0002	0.0759457
20000.0002	-0.125661
20000.0002	-0.0769072
20000.0002	0.0970511
20000.0002	-0.0716962
20000.0002	-0.123839
20000.0002	0.00209678
20000.0002	-0.088922
20000.0002	-0.00345731
20000.0002	0.0217225
20000.0002	-0.0284169
20000.0002	0.296388
20000.0002	-0.00987771
20000.0002	0.0592057
20000.0002	-0.126007
20000.0002	-0.0190881
20000.0002	0.233664
20000.0002	0.0292168
20000.0002	-0.280546
20000.0002	-0.0953479
20000.0002	-0.00988179
20000.0002	0.0160165
20000.0002	0.0956424
20000.0002	-0.235666
20000.0002	0.0940824
20000.0002	-0.0121974
20000.0002	0.123625
20000.0002	0.123194
20000.0002	0.0683809
20000.0002	-0.0365878
20000.0002	0.0708728
20000.0002	-0.137083
20000.0002	-0.0398725
20000.0002	0.0312181
20000.0002	0.0399184
20000.0002	0.202189
20000.0002	0.118775
20000.0002	-0.049259
20000.0002	-0.00180778
20000.0002	0.111565
20000.0002	0.0787224
20000.0002	0.10764
20000.0002	-0.130653
20000.0002	-0.147763
20000.0002	-0.0628738
20000.0002	0.038561
20000.0002	0.163462
20000.0002	-0.0566246
20000.0002	-0.0235595
20000.0002	-0.0782886
20000.0002	-0.150263
20000.0002	-0.0350478
20000.0002	-0.156365
