20000.0002	12453
20000.0002	12663
20000.0002	13059
20000.0002	13061
20000.0002	12860
20000.0002	13004
20000.0002	12991
20000.0002	12970
20000.0002	13084
20000.0002	13107
20000.0002	13023
20000.0002	13161
20000.0002	13282
20000.0002	13321
20000.0002	13281
20000.0002	13512
20000.0002	13575
20000.0002	13843
20000.0002	13853
20000.0002	14133
20000.0002	14158
20000.0002	14102
20000.0002	14086
20000.0002	14448
20000.0002	14659
20000.0002	14662
20000.0002	14672
20000.0002	14698
20000.0002	15257
20000.0002	15131
20000.0002	15407
20000.0002	15338
20000.0002	15550
20000.0002	15796
20000.0002	15623
20000.0002	15958
20000.0002	16390
20000.0002	16477
20000.0002	16646
20000.0002	16776
20000.0002	17071
20000.0002	17304
20000.0002	17494
20000.0002	17974
20000.0002	18257
20000.0002	18216
20000.0002	18380
20000.0002	18889
20000.0002	19205
20000.0002	19266
20000.0002	19578
20000.0002	19790
20000.0002	20229
20000.0002	20494
20000.0002	20801
20000.0002	21055
20000.0002	21375
20000.0002	21537
20000.0002	22271
20000.0002	22726
20000.0002	23076
20000.0002	23182
20000.0002	23637
20000.0002	23869
20000.0002	24393
20000.0002	24822
20000.0002	25110
20000.0002	25972
20000.0002	25938
20000.0002	26737
20000.0002	26658
20000.0002	27641
20000.0002	28206
20000.0002	28337
20000.0002	28949
20000.0002	29213
20000.0002	29952
20000.0002	30289
20000.0002	30847
20000.0002	30971
20000.0002	31925
20000.0002	31899
20000.0002	32675
20000.0002	32755
20000.0002	33376
20000.0002	33912
20000.0002	34024
20000.0002	34394
20000.0002	34915
20000.0002	35204
20000.0002	35477
20000.0002	36279
20000.0002	36244
20000.0002	36302
20000.0002	36470
20000.0002	37044
20000.0002	37007
20000.0002	37059
20000.0002	37577
20000.0002	37425
20000.0002	37630
20000.0002	38088
20000.0002	37727
20000.0002	37933
20000.0002	38149
20000.0002	38231
20000.0002	38689
20000.0002	38370
20000.0002	38339
20000.0002	38177
20000.0002	38718
20000.0002	38496
20000.0002	38843
20000.0002	38757
20000.0002	38992
20000.0002	39032
20000.0002	38887
20000.0002	38840
20000.0002	39188
20000.0002	38771
20000.0002	38869
20000.0002	38734
20000.0002	39190
20000.0002	39327
20000.0002	39455
20000.0002	39147
20000.0002	39404
20000.0002	39159
20000.0002	39247
20000.0002	39084
20000.0002	39002
20000.0002	39185
20000.0002	39541
20000.0002	39435
20000.0002	39283
20000.0002	39519
20000.0002	39791
20000.0002	39218
20000.0002	39107
20000.0002	39246
20000.0002	39376
20000.0002	39907
20000.0002	38897
20000.0002	39601
20000.0002	39504
20000.0002	39398
20000.0002	39421
20000.0002	39341
20000.0002	39534
20000.0002	39384
20000.0002	39462
20000.0002	39486
20000.0002	39608
20000.0002	39725
20000.0002	39481
20000.0002	39206
20000.0002	39580
20000.0002	39505
20000.0002	39601
20000.0002	39450
20000.0002	39571
20000.0002	39513
20000.0002	39501
20000.0002	39135
20000.0002	39629
20000.0002	39365
20000.0002	39600
20000.0002	39732
20000.0002	39364
20000.0002	39491
20000.0002	39342
20000.0002	39468
20000.0002	39863
20000.0002	39742
20000.0002	39491
20000.0002	39401
20000.0002	39679
20000.0002	39279
20000.0002	39218
20000.0002	39426
20000.0002	39593
20000.0002	39782
20000.0002	39610
20000.0002	39361
20000.0002	39245
20000.0002	39563
20000.0002	39438
20000.0002	39438
20000.0002	39471
20000.0002	39495
20000.0002	39399
20000.0002	39526
20000.0002	39443
20000.0002	39142
20000.0002	39805
20000.0002	38950
20000.0002	39306
20000.0002	39351
20000.0002	39251
20000.0002	39640
20000.0002	39628
20000.0002	38997
20000.0002	39325
20000.0002	38951
20000.0002	39377
20000.0002	38996
20000.0002	39362
20000.0002	39119
20000.0002	38769
20000.0002	39186
20000.0002	39212
20000.0002	38791
20000.0002	38869
20000.0002	38803
20000.0002	38682
20000.0002	38900
20000.0002	38784
20000.0002	38257
20000.0002	38841
20000.0002	38488
20000.0002	38368
20000.0002	38491
20000.0002	37928
20000.0002	38013
20000.0002	38290
20000.0002	37813
20000.0002	37958
20000.0002	37680
20000.0002	38004
20000.0002	37826
20000.0002	37281
20000.0002	37324
20000.0002	37254
20000.0002	37132
20000.0002	37324
20000.0002	37138
20000.0002	36730
20000.0002	36613
20000.0002	36162
20000.0002	36685
20000.0002	36068
20000.0002	35991
20000.0002	36073
20000.0002	35844
20000.0002	35789
20000.0002	35280
20000.0002	35833
20000.0002	35197
20000.0002	35089
20000.0002	34789
20000.0002	34858
20000.0002	34674
20000.0002	34607
20000.0002	34257
20000.0002	34344
20000.0002	33756
20000.0002	33715
20000.0002	33768
20000.0002	33054
20000.0002	33165
20000.0002	33185
20000.0002	32758
20000.0002	32832
20000.0002	32651
20000.0002	32197
20000.0002	32050
20000.0002	31996
20000.0002	31831
20000.0002	31583
20000.0002	31449
20000.0002	31072
20000.0002	31143
20000.0002	30876
20000.0002	30917
20000.0002	30302
20000.0002	30853
20000.0002	30063
20000.0002	30014
20000.0002	29785
20000.0002	29838
20000.0002	29036
20000.0002	29472
20000.0002	28956
20000.0002	28464
20000.0002	28670
20000.0002	28419
20000.0002	28412
20000.0002	28230
20000.0002	27910
20000.0002	28084
20000.0002	27551
20000.0002	27063
20000.0002	26859
20000.0002	27224
20000.0002	27047
20000.0002	26607
20000.0002	26707
20000.0002	26505
20000.0002	26247
20000.0002	26058
20000.0002	26172
20000.0002	25495
20000.0002	25624
20000.0002	25333
20000.0002	25092
20000.0002	24837
20000.0002	24905
20000.0002	24759
20000.0002	24558
20000.0002	24370
20000.0002	24341
20000.0002	23988
20000.0002	23712
20000.0002	23838
20000.0002	23615
20000.0002	23689
20000.0002	23249
20000.0002	23120
20000.0002	22945
20000.0002	22989
20000.0002	22875
20000.0002	22602
20000.0002	22473
20000.0002	22398
20000.0002	22036
20000.0002	22235
20000.0002	21785
20000.0002	21961
20000.0002	21644
20000.0002	21782
20000.0002	21315
20000.0002	21252
20000.0002	21208
20000.0002	21069
20000.0002	20867
20000.0002	20916
20000.0002	20739
20000.0002	20612
20000.0002	20389
20000.0002	20093
20000.0002	20156
20000.0002	20023
20000.0002	19855
20000.0002	19888
20000.0002	19750
20000.0002	19325
20000.0002	19458
20000.0002	19281
20000.0002	19175
20000.0002	18965
20000.0002	18904
20000.0002	18894
20000.0002	18803
20000.0002	18794
20000.0002	18713
20000.0002	18300
20000.0002	18283
20000.0002	18517
20000.0002	18024
20000.0002	17974
20000.0002	18105
20000.0002	18090
20000.0002	17571
20000.0002	17783
20000.0002	17487
20000.0002	17425
20000.0002	17382
20000.0002	17357
20000.0002	17296
20000.0002	17226
20000.0002	17291
20000.0002	16999
20000.0002	16806
20000.0002	16707
20000.0002	16878
20000.0002	16805
20000.0002	16469
20000.0002	16378
20000.0002	16341
20000.0002	16301
20000.0002	16514
20000.0002	15999
20000.0002	16264
20000.0002	16175
20000.0002	16056
20000.0002	15867
20000.0002	15746
20000.0002	16044
20000.0002	15561
20000.0002	15600
20000.0002	15687
20000.0002	15576
20000.0002	15388
20000.0002	15172
20000.0002	15434
20000.0002	15420
20000.0002	15155
20000.0002	15144
20000.0002	14935
20000.0002	15116
20000.0002	14896
20000.0002	14953
20000.0002	14777
20000.0002	14789
20000.0002	14700
20000.0002	14568
20000.0002	14564
20000.0002	14362
20000.0002	14299
20000.0002	14461
20000.0002	14557
20000.0002	14470
20000.0002	14284
20000.0002	14232
20000.0002	14233
20000.0002	14085
20000.0002	14178
20000.0002	14119
20000.0002	13902
20000.0002	13874
20000.0002	13813
20000.0002	13971
20000.0002	13684
20000.0002	13752
20000.0002	13328
20000.0002	13841
20000.0002	13813
20000.0002	13437
20000.0002	13482
20000.0002	13359
20000.0002	13530
20000.0002	13747
20000.0002	13399
20000.0002	13437
20000.0002	13325
20000.0002	13406
20000.0002	13137
20000.0002	13255
20000.0002	13147
20000.0002	13145
20000.0002	13162
20000.0002	13306
20000.0002	13027
20000.0002	13040
20000.0002	13111
20000.0002	12865
20000.0002	12849
20000.0002	12878
20000.0002	12875
20000.0002	12775
20000.0002	12893
20000.0002	12739
20000.0002	12857
20000.0002	12771
20000.0002	12699
20000.0002	12407
20000.0002	12688
20000.0002	12538
20000.0002	12559
20000.0002	12605
20000.0002	12390
20000.0002	12552
20000.0002	12493
20000.0002	12504
20000.0002	12519
20000.0002	12343
20000.0002	12435
20000.0002	12427
20000.0002	12562
20000.0002	12292
20000.0002	12302
20000.0002	12536
20000.0002	12287
20000.0002	12186
20000.0002	12213
20000.0002	12341
20000.0002	12260
20000.0002	12029
20000.0002	12319
20000.0002	12134
20000.0002	12206
20000.0002	12182
20000.0002	12102
20000.0002	12182
20000.0002	11923
20000.0002	12076
20000.0002	12098
20000.0002	12287
20000.0002	12136
20000.0002	12067
20000.0002	12082
20000.0002	12154
20000.0002	12160
20000.0002	12230
20000.0002	12033
20000.0002	11966
20000.0002	12023
20000.0002	11742
20000.0002	11924
20000.0002	12097
20000.0002	12175
20000.0002	12016
20000.0002	12043
20000.0002	12092
20000.0002	12142
20000.0002	11895
20000.0002	12107
20000.0002	11896
20000.0002	12006
20000.0002	12012
20000.0002	12064
20000.0002	12079
20000.0002	11987
20000.0002	12097
20000.0002	11999
20000.0002	12017
20000.0002	12260
20000.0002	11957
20000.0002	11933
20000.0002	11861
20000.0002	12070
20000.0002	11874
20000.0002	12050
20000.0002	11929
20000.0002	11930
20000.0002	11946
20000.0002	12076
20000.0002	12051
20000.0002	12036
20000.0002	11821
20000.0002	11757
20000.0002	11806
20000.0002	12047
20000.0002	12086
20000.0002	12006
20000.0002	11931
20000.0002	11944
20000.0002	11864
20000.0002	12134
20000.0002	12129
20000.0002	12007
20000.0002	12084
20000.0002	11942
20000.0002	11974
20000.0002	12071
20000.0002	11976
20000.0002	11883
20000.0002	12001
20000.0002	11916
20000.0002	12015
20000.0002	12146
20000.0002	12127
20000.0002	12042
20000.0002	12004
20000.0002	11951
20000.0002	11979
20000.0002	12224
20000.0002	11972
20000.0002	12163
20000.0002	12124
20000.0002	11977
20000.0002	12291
20000.0002	11848
20000.0002	12159
20000.0002	12122
20000.0002	12265
20000.0002	12151
20000.0002	12121
20000.0002	12306
20000.0002	12175
20000.0002	12161
20000.0002	12040
20000.0002	12194
20000.0002	12183
20000.0002	12061
20000.0002	12224
20000.0002	12218
20000.0002	12283
20000.0002	11991
20000.0002	12371
20000.0002	12139
20000.0002	12358
20000.0002	12453
20000.0002	12280
20000.0002	12406
20000.0002	12263
20000.0002	12224
20000.0002	12368
20000.0002	12404
20000.0002	12526
20000.0002	12433
20000.0002	12455
20000.0002	12357
20000.0002	12261
20000.0002	12366
20000.0002	12638
20000.0002	12605
20000.0002	12562
20000.0002	12334
20000.0002	12390
